449 491 472
320 174 145
334 54 283
373 436 147
1 422 478
68 128 89
506 23 305
343 367 272
230 98 316
239 205 369
504 507 325
227 195 93
344 61 186
175 140 10
18 54 482
457 4 188
195 468 487
218 301 132
505 12 240
225 248 493
134 386 269
39 334 332
416 259 438
333 302 424
352 170 270
137 97 119
176 122 496
92 72 201
247 74 82
397 154 25
116 249 441
358 191 162
492 143 170
148 77 409
334 424 200
248 167 364
197 209 445
439 193 332
289 10 448
127 416 435
506 142 503
409 169 119
19 207 354
17 367 433
177 398 95
129 278 35
58 57 80
502 25 84
397 54 13
406 0 412
422 72 253
181 240 37
161 307 409
378 348 329
40 131 84
66 304 2
47 28 213
266 105 493
279 298 186
243 359 229
306 90 315
489 135 418
405 244 55
99 182 319
81 267 415
291 437 5
484 148 43
189 444 55
59 462 173
123 287 91
248 205 443
91 157 351
275 28 384
382 471 305
107 67 8
27 471 510
126 453 407
504 462 131
139 457 3
100 460 355
58 234 441
157 423 373
5 40 357
95 241 247
487 89 450
414 357 43
511 218 34
306 91 349
497 253 264
161 43 327
52 113 140
427 364 209
135 370 55
282 459 87
493 29 507
453 299 90
59 291 300
348 76 477
79 353 462
130 317 371
254 161 83
323 106 184
225 104 446
131 270 19
409 461 314
98 365 318
298 248 442
193 146 102
374 394 492
84 25 204
221 122 175
37 10 347
211 419 512
328 430 326
135 370 399
296 354 124
461 321 185
449 380 14
441 32 72
457 142 334
180 262 157
227 479 409
375 184 458
156 139 142
52 82 293
178 269 273
65 380 83
29 212 16
216 130 166
165 330 91
475 332 363
60 414 121
205 469 279
335 353 193
107 473 247
199 17 254
51 259 316
423 103 503
151 71 237
247 334 39
451 263 92
467 390 249
56 201 109
185 98 67
474 167 40
455 471 322
197 25 56
341 146 500
76 186 502
250 494 366
308 111 31
121 18 15
252 237 410
443 245 330
157 4 381
299 51 287
430 175 365
416 480 86
437 273 428
431 215 454
105 59 84
84 463 457
140 494 383
278 26 305
376 124 207
220 6 218
410 430 151
167 235 198
355 240 419
203 50 129
90 341 203
454 357 512
504 452 188
443 243 420
1 244 166
200 143 273
9 390 307
197 257 29
391 468 317
511 321 446
264 388 99
222 379 233
88 316 85
507 77 11
489 95 463
81 243 265
448 470 353
335 279 89
447 502 331
478 265 138
211 191 87
46 12 136
102 82 451
346 369 34
293 383 203
12 383 397
395 21 299
324 416 402
37 389 35
271 266 33
336 24 491
76 307 307
370 29 477
99 408 182
253 451 473
510 27 269
210 293 478
227 102 358
456 241 481
370 100 296
440 6 155
404 356 125
240 17 252
327 398 377
141 481 450
396 219 428
262 101 442
327 120 468
240 373 233
345 387 381
164 256 395
165 175 418
382 125 208
323 12 271
237 331 246
318 141 397
456 63 356
490 252 73
288 502 93
505 341 78
152 84 372
417 59 97
309 376 382
445 252 179
12 98 381
176 223 85
359 93 194
342 344 97
214 320 425
282 225 126
268 270 362
56 150 174
411 233 365
76 50 269
300 153 66
403 431 304
253 343 434
81 494 379
461 20 472
97 193 150
301 271 69
18 251 10
78 17 75
260 255 269
93 104 415
57 249 447
79 32 26
39 419 365
30 254 17
433 407 274
198 377 128
66 407 17
367 86 55
386 434 278
410 75 400
135 124 4
311 169 122
224 87 366
164 512 192
157 61 19
370 41 143
300 6 416
183 188 59
102 17 405
62 244 348
492 265 262
266 507 72
388 446 223
107 282 166
80 105 107
430 443 128
22 133 477
381 186 409
79 25 236
99 166 443
82 167 445
403 124 316
481 384 67
385 96 140
98 431 150
382 438 140
47 188 245
223 141 424
14 216 430
247 422 5
151 18 88
454 56 121
124 459 340
7 289 103
160 463 259
282 369 159
145 404 217
130 30 464
473 43 168
59 76 9
362 23 195
350 498 212
5 130 443
0 479 142
163 471 154
156 255 471
153 388 215
223 223 129
382 137 305
283 440 49
26 96 470
99 307 499
411 286 60
200 183 225
320 67 155
261 412 146
411 231 17
446 333 85
327 307 160
34 129 400
409 350 465
82 442 502
383 297 371
82 177 436
140 44 470
218 426 99
495 72 66
354 101 306
455 207 48
475 78 393
455 106 496
182 269 477
48 90 145
25 407 116
125 195 91
12 386 251
420 32 394
178 196 349
184 435 410
427 205 260
110 482 218
220 512 175
350 390 436
44 367 24
294 310 162
62 339 350
114 117 358
190 64 356
77 122 228
243 53 155
267 423 426
335 402 137
54 483 332
132 327 359
360 68 420
349 70 188
127 16 338
19 500 474
80 203 303
234 11 246
374 72 258
303 8 285
198 457 271
65 43 52
475 93 177
217 411 150
121 427 347
461 32 222
304 182 272
144 104 143
158 299 192
30 8 263
48 259 449
377 432 327
17 216 358
189 217 248
102 52 85
357 259 111
228 242 476
511 348 296
46 319 146
422 204 71
201 398 45
332 183 114
489 261 114
338 396 271
1 434 487
213 389 90
324 143 491
484 495 368
379 156 183
215 392 4
512 353 225
244 45 46
460 82 438
105 242 184
296 449 444
359 468 301
229 412 342
257 92 183
164 371 394
233 181 471
79 402 115
69 450 62
262 286 67
366 484 65
385 12 390
412 446 13
32 356 494
150 275 229
289 389 295
262 289 266
364 210 279
139 430 511
501 93 453
302 395 437
492 312 214
235 458 180
19 98 389
390 250 186
348 100 130
150 468 251
472 49 136
340 477 214
148 12 122
352 48 138
78 390 246
500 319 64
263 309 107
165 438 82
19 350 148
176 375 458
111 419 159
460 90 90
2 297 221
237 351 423
363 440 259
42 104 400
124 338 417
475 53 202
387 221 264
308 32 463
317 93 405
46 375 472
463 477 85
225 496 118
113 203 112
66 21 52
37 133 88
260 239 368
488 425 489
486 274 388
337 8 273
288 231 344
286 161 505
147 86 97
234 400 266
322 448 355
361 9 205
470 491 491
147 54 199
422 276 10
212 174 405
351 167 201
22 317 133
299 244 401
324 179 135
336 81 447
54 20 374
114 187 264
487 468 407
291 67 236
74 273 138
477 288 408
427 416 226
464 379 133
266 12 148
399 402 195
219 189 508
141 411 337
449 24 42
419 231 126
108 361 63
253 260 205
40 319 460
114 206 231
451 510 507
3 178 122
140 288 469
206 259 359
465 149 310
131 289 88
149 476 253
360 106 213
460 475 494
210 391 396
123 125 419
214 208 314
456 340 476
308 225 288
351 165 347
281 81 253
138 425 402
235 358 171
275 142 500
121 54 456
191 331 154
363 286 147
454 28 200
479 217 307
276 210 277
370 219 50
108 202 133
470 462 221
287 475 371
508 186 59
384 352 51
96 132 10
55 436 284
146 419 413
44 498 244
407 443 147
45 179 501
113 505 70
206 484 62
29 250 423
86 456 408
505 121 322
438 50 37
42 55 241
344 170 67
191 347 27
376 184 275
283 392 374
166 460 372
235 167 295
180 31 282
242 238 142
32 277 51
237 500 111
458 403 312
426 50 323
354 403 64
509 100 388
332 124 318
428 239 90
285 65 242
67 338 1
164 145 172
389 83 276
461 175 242
385 109 432
70 298 374
303 455 106
195 102 482
477 483 314
379 318 486
15 158 228
248 508 321
261 451 205
97 169 370
349 506 501
390 423 40
33 456 367
469 172 186
237 91 244
428 130 232
73 475 308
229 441 64
245 112 494
230 283 487
33 65 255
201 83 155
282 476 55
435 440 425
257 418 409
370 196 152
40 347 490
487 417 241
456 404 430
287 173 269
47 351 487
502 129 317
200 110 396
447 282 406
169 380 187
220 30 63
181 186 454
259 272 185
99 324 98
277 327 267
80 221 488
1 421 491
57 1 167
312 273 250
95 97 147
359 358 511
462 100 108
31 292 248
345 26 266
139 344 292
274 15 487
71 26 387
189 126 327
362 317 489
323 452 124
306 91 30
442 11 60
479 338 309
80 302 501
298 144 126
189 52 445
115 473 231
104 219 332
331 285 9
473 331 29
510 481 495
72 271 147
371 219 228
337 435 101
47 40 253
328 169 392
42 219 470
68 11 467
133 188 310
246 367 85
44 326 219
410 396 143
425 17 200
31 346 109
340 164 309
216 199 277
234 242 371
347 487 454
6 11 500
281 351 426
209 260 245
155 9 302
275 34 343
430 339 72
270 286 380
282 424 458
63 388 401
60 229 432
308 302 12
239 274 151
461 137 186
156 69 494
293 23 485
398 217 469
172 347 252
356 123 26
170 38 41
120 308 376
301 184 447
130 403 95
119 455 382
145 290 79
302 30 229
469 327 320
24 46 248
161 488 434
396 475 128
70 149 261
400 365 258
276 502 141
169 52 467
408 43 437
368 326 499
0 59 308
346 457 28
462 27 300
86 238 136
117 121 217
3 281 1
122 460 434
182 493 512
375 140 368
310 213 109
13 65 106
385 324 426
107 168 75
8 50 381
242 92 479
213 157 507
480 82 108
222 491 209
393 197 266
175 48 155
317 142 181
462 399 354
350 216 224
276 415 96
342 503 152
214 36 285
239 470 229
290 368 60
368 282 484
180 129 15
216 327 72
492 354 479
61 471 179
492 421 282
267 207 165
387 269 70
194 434 70
131 295 7
46 60 46
25 301 160
63 185 286
194 115 200
47 142 97
117 134 107
385 128 279
45 506 318
222 423 211
509 453 137
107 92 139
241 235 385
265 83 238
176 209 42
187 504 18
317 499 34
236 285 384
435 471 472
357 180 290
69 195 296
248 424 511
254 180 406
494 63 168
150 340 433
271 287 222
394 325 388
274 191 153
158 256 24
386 222 84
240 506 440
162 452 163
161 478 44
97 64 227
145 369 305
492 326 315
194 87 113
365 162 506
208 190 172
395 345 415
168 9 364
275 511 425
464 375 460
286 144 180
357 163 206
0 491 353
318 148 118
259 474 42
360 407 372
75 303 161
465 85 338
146 102 111
227 400 329
136 225 480
408 292 339
276 37 63
415 314 365
494 337 409
268 69 443
454 434 193
265 32 86
54 130 217
290 446 319
19 330 237
214 274 35
138 168 316
144 234 118
139 505 132
379 335 97
15 170 481
131 195 476
88 260 249
202 509 73
488 254 123
318 273 235
458 441 411
284 184 105
428 256 360
245 131 354
349 21 308
88 347 324
17 109 53
59 328 30
354 511 99
265 150 460
277 409 176
111 20 115
498 190 146
276 275 287
358 264 270
382 277 502
334 320 71
241 332 233
72 467 294
38 22 141
387 367 371
363 269 271
355 95 95
356 28 89
85 432 428
2 242 45
80 399 130
207 218 264
167 119 234
402 399 4
286 281 414
181 350 75
296 53 305
50 172 113
506 165 35
487 44 386
455 474 456
356 509 7
91 476 345
287 451 473
344 191 232
447 504 18
172 122 174
106 75 19
50 349 358
12 486 111
419 78 304
48 264 472
284 160 86
432 246 354
484 478 187
333 460 331
479 51 141
423 58 239
10 25 492
224 424 227
392 70 210
5 465 489
293 171 225
373 100 200
124 220 467
424 178 273
384 162 171
202 187 334
129 319 236
60 276 305
205 276 214
25 471 129
378 438 149
497 447 69
204 474 116
78 129 342
37 20 179
365 504 123
386 131 214
74 270 280
386 403 420
369 168 202
296 330 316
355 108 338
312 315 175
252 114 27
153 90 18
196 63 27
33 498 405
260 448 64
477 455 506
58 464 6
50 491 215
280 119 512
49 146 111
477 288 164
501 91 217
373 308 58
348 125 162
376 336 323
209 280 491
500 84 10
337 304 73
500 124 174
77 128 501
230 21 498
408 85 48
16 62 317
149 126 456
7 118 438
111 114 471
188 485 107
106 57 330
166 55 23
134 204 252
496 445 180
343 371 312
191 237 430
500 374 283
211 278 11
53 507 33
479 404 90
98 76 333
331 296 154
206 44 230
69 275 86
120 185 120
489 36 266
120 205 349
203 397 404
345 379 39
242 448 184
369 505 26
112 55 476
296 301 279
352 436 112
152 415 218
450 307 59
194 256 512
123 418 388
108 317 471
88 291 172
462 291 224
209 167 334
18 205 394
345 145 116
120 348 45
182 208 104
181 450 493
481 336 265
444 222 277
172 216 7
456 114 360
75 62 127
440 394 428
334 194 230
225 91 345
83 175 456
418 461 177
433 315 250
285 397 124
510 20 187
502 379 495
487 180 318
57 64 507
131 205 21
155 100 167
424 511 57
106 316 184
329 371 233
163 296 504
414 389 143
508 164 312
101 269 352
369 129 468
34 390 86
173 213 224
200 266 502
356 248 14
442 7 262
92 73 111
414 417 354
94 180 297
251 388 115
511 360 496
406 459 332
328 474 126
105 471 34
475 23 398
452 434 430
402 347 140
391 356 60
136 95 70
505 244 201
234 302 283
96 350 177
308 78 101
238 239 54
420 261 390
35 64 98
43 418 404
460 66 408
165 214 73
128 35 336
119 44 208
98 1 447
87 7 419
210 223 334
69 478 56
336 74 397
181 394 222
488 216 64
447 12 353
84 93 403
189 114 466
138 401 340
264 453 258
61 380 329
275 368 475
403 465 157
206 306 309
68 351 211
318 405 310
306 429 186
356 427 465
429 412 69
200 391 177
303 207 337
277 410 136
260 433 98
491 171 353
104 43 183
245 181 360
457 442 187
450 425 34
435 233 363
450 467 477
191 312 350
166 367 334
144 127 64
289 144 41
235 354 248
402 510 245
203 489 236
370 427 304
302 148 126
498 492 310
401 102 64
30 495 433
164 12 480
264 336 22
184 312 205
488 417 312
327 346 449
14 180 236
417 217 432
366 508 331
67 309 405
448 461 109
500 362 104
484 94 173
97 311 356
166 335 292
347 472 169
215 362 80
371 212 480
452 14 192
300 72 72
75 398 288
34 327 247
500 343 239
53 275 236
140 262 78
337 61 178
344 457 378
19 143 366
121 446 413
254 41 67
307 388 308
27 426 200
144 73 442
423 363 238
341 13 217
446 478 482
421 149 21
290 395 101
326 502 312
296 175 238
450 135 170
0 430 283
464 415 30
422 322 350
179 222 27
54 502 405
441 82 475
37 508 313
418 347 73
184 471 112
435 452 30
368 382 190
347 502 464
279 249 277
489 454 450
179 158 383
469 281 505
493 93 446
161 55 408
369 435 234
380 30 329
356 308 27
96 84 458
39 164 116
77 406 196
203 231 148
43 247 478
71 320 473
15 161 246
335 258 154
494 417 487
504 111 48
283 109 440
473 60 257
256 489 409
244 356 109
459 53 145
290 93 386
380 423 303
24 362 336
153 111 19
190 252 339
126 283 176
282 29 241
449 181 459
73 33 323
1 343 497
491 397 446
277 249 53
332 96 436
119 476 460
293 26 393
304 344 378
282 460 426
259 249 189
88 285 339
479 270 440
461 448 355
101 194 278
86 116 177
422 243 374
225 47 111
277 7 4
343 13 440
385 306 146
249 486 293
219 244 41
258 512 140
391 460 289
46 287 105
211 420 137
509 181 329
355 469 113
332 59 343
292 158 186
249 139 235
120 500 70
115 251 465
215 498 141
382 447 384
207 284 375
402 326 318
276 63 292
421 170 163
490 36 301
300 286 393
446 393 506
374 57 93
357 487 458
200 217 3
470 431 471
114 113 257
462 202 397
499 5 50
469 387 80
145 443 192
193 92 106
426 177 421
497 504 160
345 382 64
441 375 69
329 176 458
490 1 212
232 372 405
72 38 427
506 14 30
383 508 403
18 269 252
477 211 493
304 356 104
249 230 0
397 239 415
505 271 63
301 307 301
464 469 484
52 172 227
511 36 315
44 76 352
380 359 215
220 315 95
512 281 507
388 60 321
281 492 256
6 305 286
211 132 460
483 97 270
65 98 354
300 429 380
395 7 263
222 147 53
335 210 273
121 409 426
379 431 136
257 166 160
167 278 304
47 26 203
364 126 39
443 4 53
495 441 178
250 51 427
287 34 467
403 327 470
175 107 306
320 434 500
22 235 251
134 108 309
302 184 418
391 471 258
382 214 229
185 417 225
493 51 348
201 220 283
35 398 346
507 332 183
432 281 509
38 232 26
322 103 471
194 216 181
152 382 3
131 94 133
28 93 65
239 39 180
53 477 456
234 403 258
82 502 445
434 392 415
359 40 411
125 171 202
20 449 278
91 114 202
174 377 361
330 237 512
291 238 186
270 21 505
102 165 498
283 177 497
392 78 323
470 466 486
53 165 107
285 357 51
421 263 373
110 371 369
156 44 487
500 2 491
166 159 202
19 481 369
428 12 134
297 294 63
370 56 383
499 58 121
293 202 405
120 235 143
256 424 144
10 473 325
493 247 183
8 21 237
226 217 271
192 479 126
301 14 491
441 30 3
371 343 309
36 373 38
190 398 400
409 412 32
406 479 34
217 365 62
370 419 123
393 45 459
387 410 6
390 128 80
13 106 203
184 177 29
367 49 311
114 463 119
262 352 205
128 47 308
465 385 93
101 314 240
36 40 507
357 316 429
273 102 418
383 473 79
111 182 244
439 434 481
146 254 38
418 469 133
146 79 389
186 128 254
84 35 491
86 342 103
256 479 342
477 417 448
309 494 55
195 209 201
225 440 18
267 387 93
57 417 111
27 255 273
261 59 184
24 341 405
291 194 2
415 18 323
364 454 484
44 467 118
175 314 125
512 484 258
404 162 401
240 363 355
374 15 465
339 420 169
311 320 253
235 38 163
349 429 323
136 49 431
45 340 167
290 66 252
480 344 175
32 15 281
453 251 468
304 20 49
258 46 481
488 437 490
110 5 96
402 334 208
210 284 138
12 431 500
37 329 492
491 54 410
505 98 450
506 45 374
456 416 4
27 87 440
330 39 143
478 23 370
129 321 226
71 132 157
242 369 97
226 184 480
398 503 454
258 429 487
126 84 360
452 385 153
475 12 416
255 425 315
180 224 392
217 194 251
390 119 207
364 397 33
218 121 376
295 46 17
8 510 279
387 9 110
73 339 480
424 486 193
475 4 23
415 59 373
475 329 36
292 182 125
136 139 61
71 324 191
191 36 27
218 481 477
509 460 386
61 81 43
225 7 494
405 192 477
356 22 422
311 308 165
493 486 183
21 182 63
336 311 492
354 496 417
273 460 496
111 191 396
27 278 39
502 248 407
209 8 424
362 35 484
276 10 90
56 74 340
354 30 219
158 492 223
315 77 142
30 168 145
198 89 175
226 360 92
303 147 287
242 155 179
455 245 511
352 11 316
336 230 493
30 7 141
34 459 450
497 129 55
299 248 397
300 483 47
306 468 289
457 439 78
27 283 39
336 41 297
329 151 133
269 75 312
416 234 498
440 274 350
458 478 320
381 80 170
175 379 249
20 95 245
153 35 21
188 372 204
448 40 76
372 243 140
504 15 189
363 360 282
477 427 506
376 79 230
490 160 34
393 341 320
328 83 278
377 289 451
412 66 79
176 427 150
204 103 298
39 374 419
400 82 468
449 455 169
149 233 123
29 400 478
264 105 407
345 156 97
450 373 312
225 415 206
290 320 83
259 491 46
2 448 125
347 312 290
415 73 501
493 173 453
469 486 369
254 384 333
52 341 137
273 225 89
288 77 383
249 122 178
343 445 494
56 199 361
321 469 353
401 278 123
463 457 493
377 338 17
143 5 312
215 226 440
349 141 473
281 105 166
240 450 65
203 506 305
118 25 93
249 256 345
259 231 508
365 140 294
218 0 102
373 283 202
344 511 360
58 95 206
476 457 294
42 263 182
307 127 249
165 31 432
207 466 0
60 86 151
443 263 350
438 345 424
291 495 406
99 118 419
512 302 50
384 252 159
287 52 190
504 215 159
388 18 446
346 323 438
178 2 269
219 229 144
489 468 473
485 80 216
402 283 47
328 449 430
7 49 46
387 282 203
457 191 257
309 117 161
219 124 89
434 30 307
461 244 53
408 221 397
321 300 32
468 493 259
107 111 410
232 71 70
360 35 296
490 473 12
34 467 388
409 196 62
346 304 119
464 495 88
413 320 36
477 429 326
207 195 114
218 341 374
278 203 95
242 75 156
115 123 445
55 177 129
104 108 190
286 219 238
494 299 375
313 31 336
93 94 267
29 227 387
143 252 117
452 351 144
9 125 438
189 58 348
325 219 477
95 190 291
37 418 202
115 201 461
397 214 411
23 27 344
483 224 262
198 129 416
198 463 294
170 47 300
337 409 118
10 484 154
428 189 16
302 39 171
327 311 396
240 189 85
159 214 14
349 180 21
93 225 438
274 362 201
198 468 4
116 74 335
273 494 71
488 103 433
207 91 447
473 407 278
488 83 396
35 250 349
414 189 271
160 204 408
80 364 306
284 102 381
137 427 455
456 443 391
214 63 271
286 229 310
199 276 326
117 265 54
216 470 239
398 337 226
260 245 341
46 477 347
512 68 0
322 403 112
293 303 106
123 305 393
79 53 290
503 473 366
306 203 315
259 371 287
321 35 13
458 110 249
180 112 331
362 156 432
464 423 461
334 178 213
108 95 210
65 299 7
57 422 495
389 105 422
246 83 34
367 357 427
122 77 493
289 50 43
61 479 244
230 67 134
247 277 493
98 15 290
176 192 450
258 251 113
420 260 440
32 227 89
241 203 438
503 482 224
277 61 368
367 184 22
148 466 76
336 465 54
214 24 494
321 206 492
319 347 291
238 238 68
286 220 411
14 137 347
118 118 506
228 121 395
410 390 249
290 429 341
239 253 400
279 143 318
310 76 24
41 254 167
65 290 461
415 137 275
209 11 368
228 108 180
174 196 340
374 337 403
184 102 380
311 96 327
428 228 76
295 131 3
38 184 455
223 261 79
169 349 211
213 345 121
275 419 221
338 290 117
368 399 165
381 493 414
93 279 162
477 455 305
329 153 474
177 214 134
120 497 134
428 443 206
390 103 407
26 367 334
189 139 175
159 14 248
167 279 457
204 107 445
439 36 181
44 62 460
220 29 35
53 219 481
117 43 367
43 3 466
195 187 221
399 218 220
377 72 408
34 317 237
229 72 418
125 456 147
330 70 186
505 91 196
52 110 283
337 292 145
355 418 340
166 437 58
85 239 328
302 433 506
130 228 241
375 456 479
298 152 156
241 21 139
15 294 507
245 392 87
268 213 360
407 39 111
115 408 351
229 131 459
139 313 145
76 327 121
481 139 450
507 207 95
44 164 285
361 186 409
104 267 27
154 475 36
335 380 104
324 103 242
466 84 48
198 454 188
175 149 302
236 385 379
494 32 272
206 272 104
337 370 53
446 418 317
67 76 475
437 339 482
414 85 123
234 501 171
112 252 504
152 294 323
371 40 464
98 238 140
451 16 44
58 438 467
57 465 392
444 162 24
444 335 303
89 58 225
361 12 193
249 78 224
221 37 190
364 182 396
442 432 52
376 297 36
183 310 468
57 451 405
97 447 236
354 301 139
186 6 504
457 485 55
464 244 419
414 280 218
47 322 325
328 148 481
496 354 231
75 71 77
264 129 479
142 405 233
138 431 206
21 432 495
223 403 14
428 423 137
131 441 412
72 193 31
160 298 97
145 478 160
473 370 199
363 447 401
314 290 104
91 266 382
332 508 45
393 391 122
171 34 182
301 42 388
184 495 357
489 480 365
189 482 144
291 395 277
84 198 6
438 64 235
228 181 154
415 155 372
288 352 404
420 39 141
55 406 192
501 376 195
445 436 477
450 87 168
385 296 497
415 99 486
351 490 361
357 52 186
88 278 248
482 191 276
9 241 158
511 73 136
74 467 221
227 456 169
99 397 10
260 315 431
226 401 285
375 128 54
64 291 92
41 314 465
107 69 415
337 126 48
8 481 277
441 491 476
278 9 395
63 511 165
500 276 226
509 410 212
502 261 33
216 352 357
401 468 164
194 111 153
440 25 165
61 493 247
228 396 399
76 106 404
178 356 273
290 471 107
81 19 499
310 421 367
27 290 291
279 64 278
59 279 30
490 389 461
319 140 162
505 12 38
145 390 101
315 494 486
163 56 444
47 166 339
364 115 473
152 422 456
189 505 445
379 375 348
307 455 36
162 28 242
339 305 62
259 106 11
31 81 427
442 176 362
1 498 370
305 118 176
489 492 235
171 122 70
267 99 492
429 337 452
313 192 116
486 79 350
10 114 422
162 366 423
503 448 426
366 398 81
126 17 212
215 216 45
168 188 264
49 77 391
490 245 381
99 304 436
339 445 233
82 19 385
260 48 3
422 450 509
312 328 360
458 178 38
66 63 362
63 10 43
358 469 383
48 483 212
177 228 64
404 189 320
156 0 13
410 117 438
367 360 472
39 255 437
60 322 4
507 298 230
318 471 96
312 265 509
164 83 59
421 28 349
88 217 468
340 444 193
300 329 189
338 300 251
307 112 462
265 428 435
447 47 104
186 331 416
355 206 361
344 79 228
280 210 58
151 487 270
451 199 506
280 56 44
86 79 352
358 121 398
364 237 205
283 161 490
107 88 482
218 494 28
167 306 194
259 490 123
394 158 289
188 158 461
218 476 483
467 479 446
475 211 248
294 216 489
305 199 370
328 475 380
191 334 364
397 145 462
315 150 503
106 86 511
457 167 240
171 153 473
246 112 309
410 178 462
63 291 441
365 125 134
186 471 411
392 317 251
40 457 96
218 390 322
429 266 96
375 402 304
303 74 338
114 175 373
454 192 391
273 345 317
124 348 101
131 126 510
246 79 509
234 217 157
44 42 139
385 37 350
235 103 493
504 477 120
458 266 467
42 97 105
365 284 20
375 442 317
94 332 6
142 105 465
170 208 241
58 256 471
399 96 206
211 410 67
37 273 454
391 334 509
63 223 295
484 83 368
50 256 80
26 304 90
189 381 276
448 418 152
166 199 210
235 227 60
226 31 458
399 278 466
473 405 66
256 378 87
152 392 458
440 476 110
145 52 250
378 462 62
236 140 454
281 90 69
452 226 506
419 214 303
479 169 408
190 279 149
46 70 448
323 96 167
301 315 430
111 284 164
62 130 292
55 469 482
273 401 246
504 247 495
452 74 475
258 318 223
408 490 33
410 299 440
161 306 18
318 277 439
456 375 357
477 147 224
200 239 123
307 272 453
391 226 468
242 166 29
242 240 353
272 34 243
463 161 170
496 249 319
165 177 486
392 359 367
274 435 503
203 398 470
86 332 18
306 205 202
217 439 327
80 148 313
383 130 114
152 127 409
178 338 47
12 447 74
272 147 154
434 258 119
270 480 1
435 224 151
197 381 490
200 407 144
105 263 191
202 430 275
111 346 284
9 316 479
33 438 434
124 386 123
426 61 449
382 82 78
180 127 266
271 391 429
203 179 302
378 399 301
314 190 160
412 139 327
218 272 98
257 70 125
199 91 495
219 388 470
127 98 448
500 459 201
212 222 345
248 438 40
222 271 170
111 169 409
486 435 416
119 456 51
324 151 13
461 342 152
370 198 340
185 174 342
269 86 467
168 225 117
174 461 116
2 263 93
350 211 508
62 407 205
384 469 240
235 297 501
112 39 349
353 483 59
60 113 167
453 46 56
57 463 213
111 163 358
145 269 391
36 125 450
505 284 66
334 387 461
71 339 205
240 485 449
413 353 89
222 366 199
140 370 399
461 207 29
182 62 333
355 353 353
345 214 389
305 409 108
210 61 369
385 169 16
205 208 111
61 261 319
280 128 322
260 342 21
256 7 114
101 124 494
286 299 433
165 335 181
337 224 444
211 188 491
214 383 322
369 261 255
352 208 381
313 245 254
140 279 210
7 70 218
385 49 271
222 191 39
303 186 511
161 248 335
135 98 173
24 269 204
124 464 257
224 408 331
280 215 327
53 249 92
341 176 450
196 127 127
421 450 57
440 286 320
431 93 457
190 105 294
412 168 94
373 425 401
448 504 417
2 162 364
314 157 367
173 477 481
269 382 275
246 171 89
345 201 420
453 224 167
337 488 342
370 182 2
196 171 110
388 188 403
61 416 283
354 303 22
423 36 234
425 2 483
310 468 403
248 30 427
486 334 46
74 201 84
496 443 464
499 134 299
156 295 339
258 139 326
104 307 287
262 155 244
269 161 130
401 78 427
471 418 246
433 512 253
437 140 183
11 295 194
351 64 105
485 37 443
288 61 138
439 46 487
287 230 298
343 235 95
136 355 296
355 14 373
182 16 303
296 416 182
286 357 189
412 456 203
401 452 277
389 11 434
352 376 38
138 188 143
374 91 512
248 423 399
69 316 354
75 261 141
471 53 164
431 242 511
59 197 24
203 157 304
30 431 245
410 423 243
505 472 22
448 181 409
147 316 463
9 235 103
503 137 106
301 340 365
251 15 482
393 12 305
81 65 257
401 310 249
317 400 508
104 14 110
311 51 211
181 84 9
319 310 187
125 306 342
496 21 268
169 389 331
511 3 430
406 369 96
479 417 187
136 306 203
8 145 265
465 324 148
442 341 135
29 435 474
85 4 222
145 221 258
158 43 267
481 309 158
117 373 83
370 103 137
143 358 236
133 228 48
169 3 336
345 65 314
283 85 481
318 426 434
73 49 144
217 369 184
497 277 223
190 90 119
269 65 414
446 248 0
507 9 286
379 8 139
362 180 43
260 7 53
74 215 335
238 147 272
118 329 469
508 387 17
411 37 53
317 97 335
160 203 235
192 322 441
196 46 437
22 65 416
177 190 140
84 483 481
50 255 422
124 58 483
146 358 72
155 244 417
323 345 417
151 155 42
127 429 55
476 173 340
202 308 489
301 213 249
66 321 163
277 476 345
129 196 228
257 318 441
460 454 385
159 231 242
225 347 391
490 439 350
120 433 244
277 210 361
391 367 270
437 445 393
77 309 219
119 109 445
1 287 498
461 402 281
147 475 199
87 207 5
137 29 127
150 301 230
252 226 141
70 469 299
64 317 38
175 66 32
493 342 37
504 446 12
339 314 455
109 240 139
17 475 229
15 384 129
192 465 238
454 142 216
157 90 457
266 98 58
77 324 93
375 469 192
432 223 360
192 80 404
336 31 368
162 416 89
155 432 91
375 267 306
504 221 272
230 447 55
494 135 491
28 500 187
114 167 199
175 316 155
266 500 333
286 272 122
150 138 83
507 458 235
476 217 396
328 502 485
331 441 255
129 40 255
480 148 264
420 61 504
11 414 452
227 184 44
12 4 473
52 427 408
300 53 406
37 176 459
57 222 407
371 175 405
32 325 442
0 341 454
139 425 76
220 369 22
402 413 106
127 407 99
508 20 93
323 191 146
204 502 105
327 130 500
77 28 379
239 302 383
212 294 159
475 11 216
341 134 67
69 348 213
121 504 68
461 306 468
187 486 320
213 313 421
229 254 24
167 184 44
398 276 258
146 348 383
3 112 9
25 311 498
140 75 217
137 67 269
104 505 3
11 188 438
512 79 447
358 459 400
262 415 324
496 454 78
331 423 91
462 148 50
5 268 259
220 487 197
295 438 138
303 319 37
370 294 386
155 79 221
456 417 87
62 72 331
416 124 117
245 296 398
181 58 166
11 291 333
382 309 112
426 462 352
254 293 9
368 64 191
224 48 33
91 103 124
17 479 470
328 319 154
56 191 506
160 488 336
436 46 458
58 394 123
137 126 16
242 102 510
93 150 57
110 266 147
387 507 28
349 386 176
327 48 496
268 462 286
179 277 98
324 215 381
118 47 444
418 461 212
62 392 297
281 255 203
125 357 29
64 348 462
64 20 379
304 259 277
486 6 150
326 267 440
166 432 142
127 374 304
431 236 297
220 130 341
479 385 192
508 4 48
315 104 349
202 175 288
194 31 196
345 21 50
42 200 174
323 197 369
402 423 23
453 380 505
472 322 331
113 15 220
348 44 437
102 399 40
379 156 410
364 193 512
233 193 248
428 220 66
126 319 434
35 248 459
231 187 32
305 300 15
226 217 112
480 64 43
381 265 95
241 323 376
483 11 364
95 29 81
397 15 68
0 489 120
345 240 5
358 503 153
42 300 145
481 374 299
272 50 369
436 91 255
61 117 420
447 284 289
446 287 235
254 49 227
126 313 107
260 264 153
169 369 401
129 156 406
442 120 451
66 408 310
423 201 122
284 25 349
398 99 490
395 366 1
380 469 119
51 506 241
305 65 236
148 509 124
97 394 96
482 387 219
460 391 431
375 321 308
148 300 26
101 222 262
212 178 246
338 79 218
53 47 509
190 96 127
490 356 176
45 343 41
373 13 103
472 508 206
389 421 230
230 150 198
201 272 11
274 325 259
187 303 138
223 183 35
438 348 361
60 374 190
423 326 246
359 496 335
379 394 178
157 198 465
358 494 485
477 257 132
142 423 203
483 138 267
246 102 233
444 191 269
285 454 83
275 240 173
271 153 99
412 25 460
236 343 371
113 356 359
240 207 91
41 149 423
109 467 343
72 241 272
392 428 236
242 70 238
405 71 65
363 109 198
145 353 261
307 302 422
247 146 171
267 332 214
253 185 153
290 27 181
322 475 305
148 412 407
175 385 248
57 27 502
501 34 266
236 313 483
274 500 29
248 436 233
390 337 281
261 139 225
64 294 174
138 94 355
338 49 450
36 447 403
28 477 42
87 188 413
337 346 315
56 400 277
225 89 134
28 380 265
219 256 386
349 240 135
35 368 374
224 106 335
289 443 186
220 498 321
284 57 235
506 14 162
246 334 247
368 74 429
86 374 252
254 22 185
231 222 394
19 232 174
24 412 288
103 367 150
74 30 295
464 124 249
512 480 123
453 17 234
56 209 480
428 349 248
349 263 364
182 182 350
39 280 412
323 336 202
238 447 417
196 390 241
96 323 281
227 276 475
420 325 46
0 216 407
90 443 135
332 58 305
423 60 215
320 127 374
335 83 319
376 474 269
444 133 165
432 470 446
280 169 19
202 29 170
73 324 455
110 168 205
92 84 337
290 379 340
429 196 326
228 348 295
10 439 436
446 92 266
141 133 453
152 144 502
380 317 58
502 23 159
371 89 225
33 425 30
153 112 17
342 367 376
38 60 112
387 512 299
157 410 346
342 149 358
253 116 9
307 173 242
427 10 194
41 52 299
397 68 201
387 22 324
136 470 161
495 435 325
145 128 34
302 176 122
217 398 34
317 337 342
120 424 411
464 230 62
308 193 233
222 44 37
296 346 439
311 167 3
374 294 282
47 329 351
1 417 388
72 401 133
427 253 17
348 461 240
174 137 280
22 413 455
328 74 58
424 367 373
208 88 402
467 93 469
296 437 163
302 179 311
233 59 378
446 343 488
31 217 365
467 305 295
401 15 88
423 101 202
369 7 374
106 239 2
508 192 197
60 447 73
44 507 510
137 232 224
29 154 86
127 155 28
392 118 253
242 434 442
357 134 46
62 154 393
100 264 146
30 505 445
356 101 77
61 221 334
38 2 428
402 74 129
35 89 201
48 193 32
319 410 92
245 216 347
140 157 232
268 415 169
494 299 443
169 251 479
158 109 80
382 408 232
485 145 133
441 251 311
142 249 84
464 321 463
214 150 240
491 169 128
38 291 201
175 185 120
423 28 181
184 393 357
455 65 160
203 240 369
217 231 192
106 250 315
367 44 161
325 21 50
147 492 239
125 209 307
477 185 81
329 306 328
452 56 470
381 177 201
431 82 311
354 412 133
83 404 95
257 166 400
111 11 284
230 141 223
465 74 133
403 133 512
88 511 355
57 121 173
464 135 342
224 97 270
97 140 334
277 79 329
449 30 391
367 282 281
147 43 300
38 303 5
390 338 414
111 314 485
34 109 58
415 284 204
203 450 326
34 291 510
403 250 358
250 189 320
385 415 94
499 480 10
71 321 501
82 262 348
314 487 383
206 359 452
197 497 365
231 405 246
101 345 71
429 234 195
424 400 135
39 339 322
42 220 256
67 383 203
282 2 209
427 488 32
135 291 406
41 87 396
50 84 390
482 317 439
308 205 380
3 440 489
443 146 225
85 60 238
370 328 275
14 135 236
25 83 126
64 178 287
340 339 333
410 275 6
292 395 21
335 452 297
482 398 480
352 100 135
290 491 188
192 420 265
452 338 233
81 111 213
267 414 372
159 25 206
182 508 118
109 258 13
93 65 407
129 21 98
332 496 185
308 429 462
300 469 287
411 218 340
0 494 322
315 15 24
507 175 290
152 259 146
146 483 348
81 24 447
133 448 77
254 149 488
194 69 219
220 341 72
306 255 341
353 166 273
97 395 320
1 134 38
414 384 505
184 54 26
409 67 46
283 221 350
375 235 230
468 44 235
70 66 24
28 209 304
434 231 255
483 293 508
24 132 141
246 213 31
30 238 152
174 339 72
6 98 187
40 252 286
259 506 494
150 49 260
391 101 24
347 462 252
141 413 266
143 239 11
203 280 214
205 355 195
381 3 507
193 422 31
456 488 244
319 72 19
247 54 502
496 81 127
455 323 249
43 383 481
233 474 469
197 181 422
115 12 204
317 174 169
205 181 263
122 405 409
46 486 510
430 9 272
228 86 11
176 14 18
261 114 372
360 115 301
260 342 347
373 99 164
198 153 400
501 154 414
300 127 196
11 503 405
418 489 51
50 79 419
155 270 480
87 334 411
367 320 358
343 129 306
87 36 353
14 373 446
299 46 452
78 157 123
413 182 278
109 276 9
201 359 297
55 26 256
442 232 140
350 60 282
480 451 389
421 398 314
146 375 313
224 421 57
506 230 126
306 505 392
209 415 87
348 297 402
418 488 101
301 477 177
291 139 11
73 197 243
496 420 148
99 347 408
180 105 363
269 468 352
345 108 509
298 173 67
5 57 302
270 109 298
436 152 374
275 130 299
24 76 4
137 56 368
198 271 209
424 194 113
333 180 4
31 132 421
122 61 492
205 124 9
511 21 11
24 124 42
120 177 76
377 60 421
420 357 277
179 402 367
119 347 152
314 0 31
426 89 510
395 187 460
468 480 28
116 297 201
473 496 39
361 431 98
501 208 302
245 109 26
209 365 3
102 70 363
159 344 269
215 179 239
4 49 339
333 315 66
175 197 465
194 341 440
201 489 182
272 94 289
48 340 112
440 458 25
121 216 460
1 380 302
484 35 136
371 236 95
506 401 238
92 9 16
399 298 84
76 144 217
472 120 422
96 496 213
159 88 307
268 319 127
27 90 230
302 154 216
167 459 92
87 144 32
424 446 213
378 341 445
320 488 428
240 108 232
421 180 103
213 247 374
317 286 32
404 372 83
491 207 458
300 230 486
158 456 261
219 418 407
410 148 258
91 410 220
42 12 385
165 436 492
385 60 37
289 336 171
121 504 325
27 195 59
228 443 145
62 104 85
503 193 430
320 59 502
371 79 143
239 373 3
354 233 280
111 129 337
56 92 7
498 83 444
455 353 382
228 426 396
197 110 212
253 271 296
165 243 0
431 167 42
406 13 14
410 189 398
345 187 117
477 280 278
233 235 269
105 363 388
196 459 27
91 190 360
417 32 58
501 142 167
306 431 326
169 140 353
510 147 348
74 334 324
184 352 245
168 505 89
39 165 397
138 47 266
258 26 0
373 357 394
372 185 195
111 24 409
98 416 48
434 441 94
63 51 248
245 208 274
18 50 272
27 478 322
481 33 444
437 346 196
26 45 380
38 246 37
36 62 458
477 340 211
146 398 482
306 344 259
91 152 271
458 478 234
200 475 175
411 98 329
398 484 103
364 282 19
214 77 317
23 268 351
170 184 100
232 99 279
410 379 240
109 128 369
465 105 287
406 199 155
278 103 0
180 161 69
135 387 333
383 454 420
316 303 53
424 374 511
40 463 121
124 182 281
471 461 373
452 460 488
245 448 444
153 180 214
373 292 208
90 305 79
284 239 279
55 264 288
332 453 15
319 288 255
437 131 216
234 134 76
475 141 126
324 415 263
225 509 263
482 192 21
492 115 305
455 61 343
153 379 443
231 450 508
379 77 68
169 271 303
380 367 44
477 147 209
508 108 335
274 425 440
2 416 69
248 145 22
4 496 80
66 216 511
444 471 162
136 297 206
183 187 468
193 258 337
289 325 341
159 432 223
162 267 259
44 193 341
507 247 332
384 508 64
344 470 386
345 297 112
282 28 326
200 73 122
15 406 494
266 15 37
331 232 294
354 466 440
76 487 497
288 247 383
412 321 330
51 492 198
202 125 232
500 264 41
69 469 445
170 289 346
264 318 112
253 449 30
469 333 157
253 133 471
208 200 260
367 315 496
25 165 403
137 145 28
186 277 39
260 68 453
495 193 267
115 290 232
278 84 319
26 305 263
257 109 507
369 233 288
329 41 107
427 334 379
282 169 504
435 311 205
339 154 456
281 367 95
116 384 341
3 464 195
334 377 412
170 50 165
153 502 345
381 81 52
504 107 331
403 477 201
61 495 240
69 147 403
33 499 300
267 285 161
10 261 107
134 237 99
284 251 105
15 7 284
71 232 436
93 70 240
386 51 109
354 483 143
380 418 118
351 103 130
230 339 389
292 48 140
336 487 19
436 387 379
398 124 479
39 298 76
131 191 93
166 177 392
148 183 304
373 250 109
84 99 137
271 166 194
362 238 165
49 486 223
318 469 396
332 196 503
387 232 369
224 425 28
241 190 24
138 324 415
132 298 20
456 88 0
164 99 506
340 368 294
440 209 123
330 291 34
298 115 486
79 16 404
406 343 292
29 322 225
158 264 468
428 111 234
281 33 77
29 187 144
214 242 53
189 107 14
57 188 293
63 134 120
169 313 112
240 435 63
71 291 211
84 66 100
269 128 210
183 117 122
22 464 490
427 451 455
443 442 482
444 379 372
325 345 31
280 66 67
396 63 498
219 147 45
105 102 452
46 88 322
249 467 407
455 484 253
339 103 191
162 174 448
99 4 323
25 328 8
105 293 382
288 157 31
383 408 400
325 118 205
467 370 420
431 241 99
216 220 401
219 202 484
45 435 453
53 469 105
244 486 274
65 94 465
412 92 368
405 152 419
247 464 126
61 200 47
111 259 437
61 248 88
399 0 36
315 62 154
446 99 281
90 360 502
399 250 72
396 84 413
477 273 433
168 228 244
264 370 469
249 422 459
141 195 188
226 3 28
189 96 39
165 117 436
86 473 41
508 212 196
237 330 67
121 162 288
257 391 419
43 263 213
119 512 121
121 224 288
263 147 77
1 345 250
299 31 456
75 5 60
225 169 186
169 273 114
449 196 95
98 183 469
38 319 261
33 301 429
210 398 65
212 105 502
454 354 139
164 89 4
412 249 320
42 101 262
384 506 284
306 12 493
296 510 491
104 155 122
118 428 448
246 331 30
251 2 222
283 246 161
344 201 266
511 40 293
216 82 315
117 13 379
10 222 277
130 22 117
51 47 306
455 161 306
442 37 482
44 409 403
339 32 106
371 132 282
472 90 166
240 255 288
278 367 323
338 423 43
320 178 122
275 302 217
68 500 312
392 111 71
138 63 97
343 33 103
155 101 259
272 43 472
277 386 495
166 66 467
300 410 44
100 34 386
417 49 491
233 188 290
84 35 8
426 155 475
499 248 448
112 334 320
136 309 202
470 167 179
35 247 345
275 409 367
112 73 115
330 290 83
26 401 475
353 300 253
117 236 490
150 457 70
95 467 290
0 331 86
151 328 241
286 507 60
59 157 256
150 21 180
159 285 231
227 336 270
217 283 365
239 50 417
448 507 385
499 190 151
243 326 392
252 331 255
364 9 371
63 160 468
264 271 150
511 413 348
56 222 280
490 424 275
224 145 277
372 509 327
324 314 120
142 208 472
9 280 161
69 46 272
15 237 216
431 360 452
400 407 122
447 29 351
45 367 37
309 390 17
433 69 432
103 112 244
277 134 305
339 473 328
313 498 24
140 357 421
207 211 96
370 441 269
236 238 37
202 398 14
346 155 366
93 374 38
447 76 496
161 13 30
367 47 186
455 511 489
290 145 100
379 304 511
82 281 505
151 356 184
255 482 5
260 245 348
254 500 123
127 292 334
350 454 207
390 46 172
317 335 165
120 257 84
332 141 150
150 286 342
377 328 200
75 8 108
218 79 83
432 182 304
263 291 494
394 392 400
112 458 94
443 9 414
400 248 294
209 334 451
264 88 279
284 80 441
305 269 213
341 387 282
120 261 350
104 473 439
80 190 402
353 344 483
175 15 43
359 139 172
29 488 158
307 213 307
21 444 256
407 65 34
155 245 233
16 367 148
455 341 436
173 85 379
500 319 57
69 308 479
444 487 117
203 69 318
31 82 444
246 122 375
211 508 483
435 391 429
452 349 502
19 392 460
229 173 89
314 193 334
409 84 113
185 70 341
294 91 427
338 433 49
236 103 51
53 81 441
121 370 131
328 217 138
79 62 473
386 11 262
385 312 196
223 353 491
157 296 439
233 391 54
243 283 1
191 163 393
39 175 57
426 159 211
133 219 324
219 311 444
221 169 459
467 420 506
302 471 393
419 286 385
359 3 244
158 80 8
282 331 373
456 40 193
234 440 230
462 421 366
291 451 368
184 290 353
289 321 315
389 218 370
22 298 367
2 196 280
312 400 123
258 445 456
218 29 278
110 192 490
443 258 263
225 268 163
273 60 487
64 291 98
29 25 172
224 294 52
321 285 469
506 369 300
348 186 479
448 163 453
258 425 278
381 331 229
9 64 39
80 110 393
51 363 174
32 80 370
228 8 10
232 62 452
390 152 166
458 314 370
310 281 93
153 31 389
63 358 222
53 182 99
137 314 326
347 56 499
182 32 310
223 69 319
152 169 107
502 272 301
490 240 89
273 469 391
54 293 161
414 60 284
32 43 467
404 288 164
163 90 299
226 164 506
188 468 79
14 111 334
404 61 287
380 511 14
106 186 79
261 477 357
301 410 349
212 457 487
70 66 490
310 34 368
1 293 337
404 74 66
10 215 30
313 41 393
248 221 91
27 106 437
208 402 33
301 266 21
29 272 156
298 501 377
241 17 89
418 175 320
235 54 136
170 10 339
156 486 100
261 477 471
186 5 225
172 385 317
274 2 25
316 244 264
389 90 20
362 416 57
71 492 131
230 140 353
372 163 7
165 345 21
157 300 175
236 450 48
442 168 391
369 293 307
310 372 155
352 270 308
185 73 460
105 508 203
491 12 438
394 178 246
369 117 388
161 58 279
253 358 449
472 401 393
91 477 205
243 250 490
487 119 77
265 315 92
456 7 480
315 150 165
424 335 397
468 25 24
470 11 410
37 404 319
346 226 133
238 201 428
300 230 211
346 42 1
192 347 366
369 11 232
467 52 98
444 200 512
149 498 491
72 187 121
51 146 55
229 20 283
468 31 300
299 243 156
470 442 268
414 311 211
416 339 275
5 293 156
373 352 473
449 280 19
468 179 234
505 209 192
29 119 279
99 155 286
19 226 142
324 16 392
272 208 447
371 505 13
107 304 346
138 478 487
311 238 90
334 478 60
192 94 468
43 190 451
358 421 348
278 381 401
191 475 11
490 1 44
121 444 204
71 483 156
64 149 425
45 357 273
37 411 482
459 434 496
11 162 352
2 319 80
112 238 215
444 20 299
73 123 215
403 77 373
53 439 505
380 380 33
381 275 255
128 350 68
366 316 359
135 87 263
474 25 261
286 198 98
187 79 53
180 279 44
311 217 193
44 256 158
242 86 73
280 507 462
481 41 405
433 398 428
246 494 263
110 38 390
130 459 206
295 339 153
198 465 222
270 315 234
262 303 250
284 120 280
115 114 1
455 148 18
461 248 187
225 387 181
496 241 494
44 246 231
146 411 175
303 445 232
226 10 434
510 365 395
449 319 502
336 124 313
184 142 244
257 258 327
244 492 371
512 468 404
420 348 308
242 477 354
165 507 229
366 246 512
119 338 101
129 420 41
119 265 62
227 501 64
478 472 27
91 246 235
427 316 275
34 278 49
27 208 97
280 367 318
495 386 264
277 127 20
449 350 344
495 495 262
204 473 441
361 5 412
61 265 463
446 415 286
282 135 250
285 332 227
350 349 305
205 160 291
395 154 106
349 132 120
205 502 85
378 474 444
169 490 446
381 141 183
133 100 328
239 399 470
56 339 224
163 225 171
185 99 396
453 67 338
370 309 507
184 275 210
275 501 193
429 109 135
232 16 257
86 118 229
77 423 507
510 230 457
57 379 456
383 456 508
290 205 261
370 114 427
79 103 21
59 123 71
208 132 243
454 254 123
186 227 501
65 121 192
263 167 36
140 356 335
45 244 320
423 416 336
154 171 194
385 388 378
88 429 416
11 326 453
193 46 230
30 345 203
306 147 140
236 199 421
212 287 282
169 252 412
198 469 455
138 20 79
378 165 0
400 189 2
385 399 430
310 471 98
229 508 73
98 45 120
329 15 375
64 177 9
198 399 306
209 221 62
277 33 85
366 156 256
256 176 168
243 371 150
237 506 509
76 347 60
508 279 291
296 150 48
11 42 122
273 125 508
158 251 460
441 435 335
285 216 466
332 167 350
417 407 293
268 171 132
349 161 56
436 169 461
336 338 395
233 389 192
356 30 312
56 126 29
240 281 180
355 455 214
490 104 150
201 225 249
216 48 144
160 9 147
14 269 111
450 450 265
417 118 207
354 277 1
505 487 435
498 426 119
365 25 96
458 350 379
16 344 334
106 207 225
2 396 179
437 194 158
285 367 43
359 398 409
95 6 485
325 273 245
218 83 332
442 129 51
431 138 263
376 194 471
396 190 427
79 324 316
190 118 10
377 39 98
192 325 117
117 478 378
440 423 183
387 58 105
494 230 357
474 53 134
128 363 452
5 364 260
195 371 373
211 48 177
404 0 191
217 429 146
402 264 157
362 165 398
308 412 289
57 188 7
285 466 502
254 162 511
110 175 494
349 233 151
8 410 24
353 146 10
105 306 486
214 410 430
405 55 459
153 92 121
251 210 285
157 474 176
26 202 117
210 322 47
13 207 332
327 423 225
141 415 170
451 7 54
31 313 96
363 438 430
189 331 384
238 142 339
5 160 484
327 305 436
283 151 22
206 336 123
289 420 62
459 449 279
60 497 306
117 126 497
512 54 201
161 21 300
192 445 193
24 170 369
96 497 507
165 295 118
13 376 497
54 308 262
413 283 277
289 316 157
201 356 197
335 89 471
235 487 156
264 24 293
18 451 104
18 4 363
61 408 293
205 211 467
296 354 84
285 448 327
333 220 254
482 496 289
45 487 274
163 196 297
438 2 140
375 275 86
21 450 359
348 65 34
506 342 484
160 43 469
468 48 337
121 18 332
4 358 114
85 64 367
63 35 499
239 434 474
31 252 229
361 81 53
158 209 81
220 430 123
471 258 351
248 207 14
216 474 440
481 275 39
358 290 129
406 412 84
482 439 464
377 203 507
22 84 46
292 367 493
342 103 459
294 425 116
153 91 201
340 100 8
210 8 239
341 51 220
314 108 496
229 354 159
497 271 291
124 282 487
178 397 89
81 258 196
102 258 324
166 47 422
285 377 249
462 224 309
346 99 364
447 214 244
55 261 180
255 162 387
452 350 95
218 116 506
177 470 401
475 45 414
430 174 191
311 438 192
31 20 376
456 504 251
262 288 119
9 313 150
193 369 505
184 90 83
196 384 94
130 76 421
410 62 191
345 218 95
22 406 114
184 268 347
490 86 88
222 169 156
59 430 297
510 334 114
410 128 195
433 144 424
24 155 1
171 385 453
302 184 374
39 512 238
198 132 512
400 239 228
352 159 207
371 365 500
128 408 405
179 72 342
349 101 112
135 313 208
219 319 405
326 127 108
114 22 283
150 331 11
268 237 179
198 418 264
376 334 407
434 57 155
506 212 113
316 382 128
400 436 434
175 401 8
84 28 427
208 107 39
114 318 377
24 394 310
494 149 348
120 475 300
364 314 133
86 502 173
166 25 357
438 440 54
56 478 27
43 105 116
340 303 482
252 309 453
76 244 93
53 214 414
403 274 475
152 148 282
425 453 63
3 360 220
18 502 487
480 99 77
493 385 320
370 132 249
424 301 172
318 275 390
50 421 32
223 292 155
182 42 293
212 108 196
399 485 61
145 61 194
92 11 217
42 101 330
109 175 509
54 350 356
254 94 336
219 493 252
145 397 246
169 143 445
392 156 122
165 408 105
110 39 191
98 300 300
39 143 166
296 90 201
115 448 303
344 324 457
14 214 79
274 390 400
388 144 479
301 291 389
64 12 143
426 145 221
494 296 447
276 461 106
396 122 238
322 62 287
433 31 172
165 486 32
339 117 67
384 367 123
238 19 312
51 490 479
157 185 390
7 90 216
397 131 161
379 473 471
493 117 24
146 245 471
397 451 117
100 323 189
126 28 348
478 294 456
457 343 512
112 243 348
36 58 405
166 94 430
434 245 200
194 80 461
327 256 493
460 349 329
42 416 382
32 278 115
135 276 395
433 206 263
48 22 30
502 46 365
427 84 398
93 20 434
106 7 223
300 93 378
407 33 478
17 157 439
415 287 20
220 44 183
147 456 462
344 168 487
117 253 416
120 175 9
304 487 91
218 95 164
56 349 328
13 9 101
346 80 485
73 446 165
362 428 322
445 409 215
54 363 347
306 178 508
206 89 230
173 36 245
436 336 25
328 322 290
108 127 215
384 410 191
9 465 367
370 55 368
143 35 341
457 342 14
316 323 304
334 46 248
13 282 73
146 287 382
202 363 498
245 490 351
300 257 503
364 310 425
11 440 69
114 329 291
367 297 460
320 462 399
505 426 464
370 279 300
437 321 412
489 190 359
417 363 398
235 325 383
440 426 196
379 367 456
246 342 157
298 189 323
399 336 311
430 264 310
99 89 305
425 489 503
108 398 14
342 350 154
398 175 49
478 150 243
103 359 208
238 306 93
38 502 284
165 388 84
168 230 61
327 479 79
335 269 27
264 105 431
394 318 25
468 112 392
300 414 234
91 176 338
429 123 350
497 87 408
67 54 306
20 406 443
135 94 171
501 163 108
0 450 164
238 326 164
512 133 66
441 152 178
83 107 487
87 257 332
377 28 423
179 336 117
405 336 397
82 264 341
435 204 154
391 163 310
377 333 459
297 230 72
37 292 164
392 196 65
36 337 334
448 43 385
102 434 209
176 228 282
272 467 121
111 77 131
118 23 112
457 190 478
314 414 402
139 55 86
505 63 33
503 336 51
200 8 377
15 109 181
337 414 215
309 123 464
103 496 220
438 29 49
214 155 173
42 330 400
182 288 190
431 396 99
313 180 149
20 152 109
319 423 202
322 92 89
18 117 254
58 230 75
471 356 510
501 442 163
473 387 493
395 479 160
58 378 84
107 288 429
410 443 140
256 103 185
19 15 182
101 385 506
317 116 407
366 208 326
230 19 195
31 115 420
160 507 0
250 314 79
207 331 497
60 6 255
244 246 405
142 337 145
410 48 26
41 253 260
224 29 477
208 246 497
154 362 430
496 424 84
360 140 494
84 159 190
242 48 121
395 95 136
495 358 61
427 150 399
212 85 232
117 41 175
403 248 403
189 502 91
4 291 229
367 361 215
487 359 122
448 328 480
506 67 175
425 370 376
401 307 400
28 275 352
483 353 136
491 299 415
293 237 481
315 463 341
122 142 188
263 287 80
52 241 297
8 118 431
325 331 220
310 28 269
27 67 468
378 4 408
78 499 325
464 294 202
360 352 328
412 400 128
122 461 442
82 149 456
197 183 255
173 364 164
185 470 355
13 310 192
78 417 261
252 169 89
37 339 461
473 89 203
168 238 456
169 310 52
1 91 348
69 475 305
77 261 159
7 141 459
429 53 423
59 143 204
326 148 467
377 107 469
365 460 115
430 330 379
477 212 405
494 22 225
491 403 302
501 99 85
340 123 147
482 67 416
30 393 63
55 30 508
268 215 41
491 411 502
432 382 271
419 383 129
221 289 198
178 129 198
482 163 103
329 217 19
14 202 45
28 236 490
13 341 93
353 465 356
34 230 167
371 330 80
464 214 242
275 16 141
229 294 385
261 89 401
26 83 280
18 286 79
328 208 141
298 91 289
335 504 446
150 277 367
202 414 457
482 49 461
202 271 18
192 496 426
446 391 149
218 401 501
225 374 500
167 426 470
78 470 298
431 327 386
94 102 509
87 182 341
273 117 370
358 323 90
376 245 89
487 202 244
209 93 76
370 43 159
244 318 224
124 128 324
71 242 446
343 152 94
417 307 306
297 193 395
358 487 118
218 219 77
33 140 8
435 470 297
419 88 37
254 92 73
148 215 245
321 393 185
57 441 360
270 469 100
443 382 287
417 180 357
290 115 198
100 332 336
21 430 197
512 338 493
278 263 452
413 339 423
124 432 237
261 269 38
125 470 126
295 41 317
236 60 147
431 28 313
48 222 473
294 347 17
235 234 267
344 452 216
384 417 295
511 12 452
170 396 120
387 442 115
209 3 424
5 1 49
270 449 95
33 154 174
329 92 428
126 502 233
446 2 56
112 2 56
476 81 453
160 443 162
252 24 197
87 505 15
119 335 493
482 157 111
211 45 274
62 305 489
371 361 40
306 158 331
34 283 236
184 425 389
433 64 286
183 228 323
86 87 481
247 45 345
498 82 160
130 252 476
4 57 80
55 415 193
257 133 488
381 341 349
129 319 490
413 141 302
235 308 297
432 240 428
94 422 278
190 220 503
450 30 284
328 318 115
471 268 203
352 506 289
333 388 490
488 380 230
315 16 7
402 68 255
34 123 499
507 103 100
167 437 453
407 196 343
188 422 297
16 254 286
381 313 322
269 493 39
217 131 133
178 466 65
14 21 467
141 291 248
98 390 232
339 283 67
315 372 172
200 167 338
311 141 308
255 150 507
56 390 250
118 363 148
68 263 509
129 227 238
89 157 139
459 77 338
277 59 461
512 479 55
67 228 480
443 489 380
52 313 385
485 8 309
7 78 314
373 229 83
152 1 493
2 88 265
343 174 5
416 370 423
491 294 412
196 157 262
133 126 198
269 281 507
8 120 25
218 30 48
455 164 454
435 91 49
205 184 146
35 389 120
257 137 450
93 50 279
41 470 234
316 205 259
196 486 100
258 399 50
288 231 97
509 362 304
396 38 250
80 209 311
420 478 452
504 240 301
6 197 248
478 253 433
430 265 486
247 11 312
65 88 325
121 477 27
183 492 166
393 479 448
27 379 127
239 398 114
254 169 436
357 511 80
64 221 191
97 117 484
95 397 60
415 50 51
372 453 162
104 209 245
156 317 88
360 190 38
277 318 288
228 452 164
218 98 55
504 492 356
400 81 101
182 490 110
24 429 446
238 365 459
495 203 275
35 404 95
427 392 379
50 180 302
12 206 474
123 78 63
140 212 269
362 446 154
319 389 22
108 191 125
488 23 81
48 61 232
142 441 55
326 146 103
411 419 147
339 509 351
141 187 176
12 306 130
25 439 130
76 499 81
104 446 254
261 151 47
189 420 329
187 77 348
383 248 510
310 244 504
69 104 466
195 428 413
450 48 19
505 286 88
154 334 272
46 472 111
277 403 477
440 503 284
245 487 221
435 123 438
56 326 170
260 62 469
240 255 138
62 57 349
14 282 15
281 371 386
235 361 394
323 16 424
447 359 168
321 167 234
86 411 189
110 219 196
58 357 6
471 415 106
219 313 446
270 443 409
206 238 353
210 449 43
277 268 476
84 438 344
66 376 426
447 286 287
32 365 380
250 286 418
349 273 494
213 425 435
476 132 473
368 155 309
436 479 30
78 297 56
125 270 69
365 440 97
170 452 86
232 224 470
395 268 218
317 463 281
96 62 371
33 500 309
29 349 196
495 136 305
31 113 200
484 109 370
367 241 262
94 145 191
321 155 244
185 161 342
148 319 291
197 185 180
425 345 447
261 37 425
491 72 401
19 351 168
322 176 23
459 425 206
340 110 264
22 8 361
146 261 370
254 152 439
16 429 180
369 284 397
351 183 99
263 479 253
507 287 249
90 220 82
185 66 263
388 174 196
85 382 167
336 73 371
324 118 314
507 153 11
19 362 154
96 27 505
18 237 498
294 402 34
425 27 122
153 442 281
286 143 312
101 79 9
432 321 390
0 408 72
300 477 184
57 486 417
217 216 16
104 204 187
441 436 317
418 501 25
445 172 458
278 275 72
163 271 212
207 389 465
89 236 32
491 325 348
166 401 159
10 15 421
423 425 112
352 462 16
476 204 63
449 68 317
297 144 221
335 136 134
473 218 347
353 294 79
144 510 263
173 492 154
168 314 166
487 216 424
277 47 368
299 321 56
176 28 363
12 1 248
308 118 433
220 416 125
120 97 431
409 357 428
71 221 470
289 36 223
244 281 201
150 397 434
100 296 274
202 146 447
287 353 220
494 282 31
317 431 7
192 327 473
225 33 407
292 228 271
80 462 274
470 52 63
421 438 433
40 223 130
511 190 282
349 390 238
231 340 433
107 272 454
349 343 104
139 165 228
411 182 113
330 258 245
470 363 250
471 326 92
429 106 397
502 423 391
150 2 336
65 215 176
28 371 430
272 347 306
457 264 309
466 511 281
124 296 211
396 446 342
362 508 397
275 52 271
223 391 432
431 415 505
98 37 248
250 7 94
19 332 375
504 199 327
155 438 507
162 152 170
51 418 331
107 241 175
286 124 212
148 428 434
51 191 171
430 197 108
261 57 136
388 216 55
71 451 404
333 266 294
315 163 149
291 286 410
421 165 412
447 337 84
417 316 181
46 387 279
339 95 307
302 124 376
508 290 257
52 137 289
468 177 62
204 234 388
3 228 492
320 105 155
434 334 29
142 392 300
265 49 68
397 500 7
274 15 205
293 454 354
388 216 81
6 119 333
201 468 262
74 235 99
120 249 193
357 391 80
354 402 498
224 211 180
432 214 213
220 6 272
477 387 45
77 83 197
77 105 51
1 249 247
222 13 201
233 213 309
216 92 13
51 237 108
320 42 492
136 321 417
204 206 330
108 317 206
209 344 278
439 343 471
62 461 426
209 378 224
82 270 129
166 373 503
30 152 450
456 489 283
49 102 131
417 324 469
67 452 64
274 495 465
56 369 6
63 75 352
104 17 50
24 257 105
220 387 113
429 220 436
275 191 188
475 120 405
286 412 87
98 316 315
88 216 341
221 376 37
275 503 130
236 373 139
99 168 406
139 140 260
26 280 163
467 222 236
31 215 264
356 388 27
36 483 285
259 334 384
486 200 397
43 381 42
416 338 430
171 46 180
56 270 234
427 140 404
324 438 78
55 313 229
35 245 102
454 56 228
101 198 416
363 345 280
443 322 156
294 287 193
417 317 485
357 6 433
328 243 172
158 18 394
370 2 237
33 267 120
3 489 60
286 61 87
117 244 57
305 443 81
318 86 84
442 498 47
293 40 279
179 379 8
215 377 503
356 496 479
80 457 30
41 398 442
302 384 288
379 505 127
107 87 209
343 35 257
261 380 467
14 48 172
135 441 72
124 300 266
64 271 137
230 34 48
362 45 385
6 397 216
204 56 394
369 347 346
44 330 321
404 319 203
300 222 137
93 201 294
90 71 389
493 118 510
381 430 237
326 150 248
164 54 488
354 79 47
71 458 258
252 254 53
126 373 487
88 29 172
309 119 9
392 271 66
319 262 328
209 55 150
219 365 473
445 484 363
251 76 147
422 98 476
377 487 103
444 336 458
94 397 203
302 233 169
453 147 96
310 51 366
242 14 101
484 8 56
433 359 296
462 421 86
215 223 486
253 57 340
343 487 109
207 4 395
440 447 412
150 99 71
276 493 232
59 495 58
276 457 165
271 106 292
271 511 28
511 28 108
418 394 209
350 164 96
300 44 210
183 4 262
378 246 99
419 384 107
187 107 228
22 267 462
322 297 349
119 92 113
102 441 35
436 337 432
262 459 485
304 105 205
433 192 498
226 18 319
57 250 458
213 479 433
33 303 246
53 222 135
81 317 351
108 503 378
382 148 269
269 162 54
154 244 362
455 237 215
85 197 444
127 397 439
265 379 83
85 9 236
109 91 274
466 394 411
20 8 319
232 143 114
435 178 421
159 213 302
482 95 360
80 240 415
381 95 240
270 349 56
505 481 211
416 473 427
183 445 206
57 80 185
239 326 101
89 326 273
70 59 43
282 492 45
221 214 215
376 277 453
391 41 386
32 428 6
271 308 403
30 316 488
164 47 508
179 110 275
313 370 351
472 171 142
0 402 119
319 442 357
444 409 345
129 92 511
21 57 507
81 431 380
182 487 37
6 398 262
479 206 164
501 164 171
416 181 456
144 265 140
212 197 330
83 251 112
372 139 165
74 433 242
174 314 63
327 401 147
445 430 58
165 55 195
406 43 371
287 410 494
98 477 204
494 501 380
273 366 253
287 40 453
165 61 80
197 450 309
124 230 76
79 184 153
490 437 0
310 257 469
432 201 148
344 98 119
198 62 297
24 378 357
326 79 331
285 270 435
254 86 12
72 104 399
364 33 25
295 198 473
164 436 511
72 84 66
418 507 201
439 39 501
249 113 62
401 396 213
269 161 284
139 164 4
42 310 381
439 7 398
397 362 44
282 466 202
489 275 376
209 0 94
447 367 134
372 264 326
214 354 460
294 303 156
279 267 111
310 57 2
450 305 63
443 447 418
286 231 310
171 260 206
72 336 371
375 109 37
91 196 137
325 318 232
26 488 295
468 237 470
298 216 364
86 436 60
298 65 207
472 252 172
320 509 128
312 323 352
477 196 92
250 363 47
281 279 217
48 68 429
449 206 315
74 423 314
303 197 485
368 470 143
478 46 63
334 51 382
192 68 422
85 242 230
468 389 133
270 134 198
36 490 369
116 400 235
76 19 408
109 300 377
180 502 142
230 289 99
306 104 25
380 243 69
57 458 341
404 167 199
130 112 237
322 405 431
441 166 222
478 393 90
222 68 238
21 373 425
149 184 24
69 100 499
371 115 177
466 91 143
80 468 246
235 240 136
95 151 2
419 367 433
21 468 456
350 454 341
71 471 179
325 465 436
210 494 374
476 8 138
267 458 374
316 483 160
299 84 466
454 216 261
75 441 226
352 345 492
274 53 485
266 9 440
205 488 228
93 220 415
285 304 111
79 92 424
265 7 148
352 186 130
131 373 142
477 52 371
505 228 495
98 473 230
410 475 67
320 118 512
185 221 120
399 169 459
259 104 4
323 149 250
281 236 452
144 279 465
330 254 442
12 39 174
196 197 337
181 352 377
3 181 33
502 386 232
437 99 445
129 187 42
7 446 388
267 268 481
481 460 157
279 105 184
124 112 356
297 196 410
101 324 72
236 471 102
436 326 306
60 423 194
322 27 274
198 331 220
478 134 13
181 269 301
77 165 335
334 109 434
64 238 217
336 448 136
90 47 457
358 468 446
30 154 210
10 284 315
374 324 364
508 507 85
234 238 347
37 307 420
54 66 68
447 37 333
52 399 46
140 394 71
444 466 120
1 160 336
303 362 214
242 78 413
242 503 21
460 441 499
263 192 250
242 225 471
22 75 227
79 37 283
482 223 237
41 84 96
326 423 43
261 45 387
47 196 128
406 457 419
305 186 410
425 284 164
221 342 46
468 133 468
217 507 269
433 181 260
310 218 42
8 456 374
88 412 341
32 222 232
437 464 371
482 277 27
138 190 105
245 461 212
331 292 45
255 397 177
433 297 243
479 221 357
253 192 457
366 106 149
270 460 295
477 416 93
157 316 479
3 152 5
303 270 256
207 153 131
488 66 244
240 66 376
7 280 159
441 60 20
217 370 49
443 507 96
439 67 474
318 158 214
64 176 38
263 179 262
363 413 429
391 389 57
277 20 331
119 230 349
217 90 421
358 151 416
86 495 126
320 193 18
216 480 446
493 277 421
450 391 307
328 190 492
3 160 340
390 134 93
359 376 202
334 199 261
292 412 164
10 229 115
127 213 49
208 254 433
193 133 503
243 38 167
210 104 76
367 172 210
6 59 79
467 406 290
467 310 347
92 150 382
358 130 283
459 511 386
98 39 32
234 10 111
482 488 100
318 316 363
202 72 354
367 130 468
269 483 72
344 409 448
167 467 468
126 502 212
429 496 224
444 370 339
260 96 373
324 201 470
454 300 319
66 219 107
390 52 224
323 488 276
186 180 268
80 328 85
413 255 79
412 433 31
217 455 1
101 263 394
263 204 410
60 312 365
268 360 14
352 306 455
239 435 374
123 264 504
486 312 63
442 387 59
381 166 249
284 154 381
495 25 150
246 16 422
322 109 133
407 491 95
282 273 397
175 414 208
249 483 104
208 299 414
158 300 157
90 420 52
450 384 439
353 20 427
108 145 138
361 36 86
506 203 449
145 444 150
369 288 48
37 63 188
151 328 460
44 283 254
309 97 200
179 166 360
212 480 335
512 442 302
103 214 369
330 151 162
277 447 175
465 42 149
351 107 84
216 224 420
59 52 107
375 147 110
409 369 103
142 424 53
218 209 451
497 59 83
53 187 420
177 22 16
117 417 447
390 365 342
407 253 405
477 120 510
384 458 302
148 292 112
397 260 512
32 6 228
500 329 159
169 254 32
84 257 134
15 425 388
392 202 420
222 450 333
218 446 270
363 398 18
15 328 230
206 113 255
232 275 417
474 486 4
78 197 89
121 89 122
444 443 308
210 133 384
202 426 51
27 28 113
165 244 61
460 23 373
72 324 277
431 335 212
409 202 232
320 37 207
326 453 161
122 499 215
257 345 151
312 342 379
349 127 388
394 115 317
468 151 442
280 151 243
344 185 419
239 198 310
63 115 187
354 360 407
333 356 387
490 128 375
442 112 228
101 283 280
101 343 332
158 348 136
255 405 116
243 217 27
454 135 171
303 462 97
100 34 16
91 282 245
105 264 376
85 473 383
317 396 322
253 503 376
108 376 170
325 180 117
407 167 395
75 287 97
499 339 410
108 381 357
164 76 346
400 375 445
115 204 48
99 194 154
465 241 322
129 15 9
109 172 29
320 496 330
149 262 368
389 241 22
491 70 333
93 250 280
326 461 192
181 246 326
301 509 446
509 280 43
200 35 371
427 296 450
154 67 5
66 418 223
120 507 110
389 133 185
397 245 212
196 45 148
201 254 362
321 261 108
367 346 459
150 438 389
210 125 492
238 94 338
76 186 11
444 47 442
470 89 494
298 276 301
179 59 366
319 434 308
293 508 249
319 262 373
402 462 128
120 355 153
97 220 464
246 83 490
371 500 174
46 442 421
98 271 117
191 496 164
234 484 440
197 380 179
75 213 382
248 278 25
95 339 374
21 140 288
261 444 87
375 128 405
115 388 496
196 489 176
111 238 199
299 201 405
428 430 247
425 27 24
128 251 28
339 323 479
84 388 138
488 168 435
111 25 269
451 23 34
132 241 327
457 500 285
78 3 231
363 32 133
421 491 220
464 6 257
191 248 205
390 392 317
265 123 406
35 316 206
26 315 235
269 59 309
19 115 352
95 507 66
291 251 99
107 289 131
97 451 325
498 114 322
449 315 406
439 442 55
124 12 431
224 451 412
416 270 163
434 288 406
440 217 11
503 434 475
423 231 244
384 396 302
440 114 409
147 318 190
473 212 205
220 183 362
144 125 407
162 509 347
154 309 80
116 482 284
286 114 408
131 216 137
318 286 355
140 462 283
262 97 178
215 327 18
164 353 443
439 31 286
331 349 274
508 505 4
166 224 148
40 219 273
44 85 511
478 56 471
362 65 134
186 222 275
148 450 220
20 213 400
109 74 343
235 483 335
340 476 42
98 389 507
226 31 292
153 65 262
119 395 480
173 401 490
223 1 180
417 95 412
194 352 58
296 31 199
426 411 2
254 64 371
190 263 314
210 171 290
250 309 470
403 448 470
125 280 153
365 300 209
228 104 385
84 41 324
0 351 486
386 89 157
345 495 102
244 312 140
301 500 285
84 25 72
447 44 414
269 434 144
66 84 86
281 81 142
471 326 255
131 240 104
147 401 31
374 267 317
391 440 48
336 121 413
488 221 482
457 368 511
8 114 179
510 41 189
12 504 509
301 242 404
179 315 50
116 269 67
161 341 162
280 300 272
297 292 65
182 74 392
85 191 231
261 145 412
310 321 105
274 163 362
82 41 430
17 400 63
258 472 301
270 73 2
137 313 20
227 457 25
137 37 259
95 99 164
319 280 512
487 458 37
113 200 293
129 324 111
469 417 332
386 193 233
438 208 77
418 435 395
372 508 332
364 241 371
174 355 129
342 428 289
160 88 249
122 130 99
54 40 341
345 247 16
201 316 365
478 146 82
375 328 226
151 457 467
222 270 36
351 439 379
508 26 58
440 331 457
379 96 142
403 256 258
344 426 27
120 67 258
146 214 464
254 448 82
86 261 336
48 282 24
48 391 13
180 207 127
115 241 58
460 381 4
400 428 304
446 34 369
62 501 215
117 6 424
426 486 158
116 372 352
316 405 65
114 313 378
327 146 305
91 214 301
503 190 92
80 115 436
19 430 0
232 433 223
167 59 505
389 511 186
136 62 296
330 233 20
305 371 277
5 347 367
183 190 159
497 468 180
128 336 48
432 200 125
505 16 469
191 221 429
225 138 134
152 377 173
413 110 247
489 161 193
487 148 369
411 488 55
325 102 35
511 261 485
2 217 359
453 267 409
128 125 400
396 195 192
222 467 388
54 172 100
190 1 125
460 322 502
92 64 101
92 392 188
279 304 396
247 431 324
355 316 77
132 454 274
208 424 234
461 362 445
273 51 381
510 440 262
498 453 105
315 121 99
206 157 342
166 273 184
59 15 498
133 369 250
56 372 250
23 53 5
318 238 426
498 45 346
138 8 280
501 442 293
176 310 407
115 37 272
201 350 362
64 30 275
455 509 19
259 143 364
148 437 83
138 469 212
117 124 30
251 220 300
90 330 50
58 122 332
107 296 310
478 341 356
295 330 10
112 380 158
175 460 54
472 288 216
168 105 19
195 39 148
254 76 105
363 375 302
377 415 147
113 163 232
419 454 48
63 178 447
15 262 333
71 42 509
487 268 139
151 327 183
462 41 361
255 80 148
384 28 431
414 270 270
218 296 467
122 101 409
89 472 346
263 456 497
373 319 157
264 443 60
64 228 168
460 348 283
40 55 78
472 216 77
221 103 344
495 102 412
84 456 20
226 496 82
166 234 220
54 179 326
409 496 431
447 389 495
222 217 25
176 447 33
216 228 446
179 189 280
437 464 116
7 112 502
386 448 468
362 243 147
349 58 309
494 473 326
100 334 367
207 326 417
24 6 506
108 453 194
273 347 392
340 438 96
359 68 149
281 326 466
349 200 95
272 95 383
293 16 473
258 386 492
170 282 322
342 306 118
299 9 212
217 214 85
108 463 85
458 247 308
191 355 436
411 232 59
331 346 133
149 307 194
274 370 350
231 443 363
92 438 143
47 159 480
325 264 181
211 64 285
31 314 103
443 243 452
310 195 304
95 511 462
275 193 66
385 311 135
107 16 437
104 427 301
507 102 316
254 106 64
178 286 368
55 243 48
20 139 122
209 288 412
461 14 38
455 259 441
404 192 209
307 96 492
124 234 306
410 455 171
450 180 289
121 397 441
301 463 335
431 299 445
232 115 435
79 248 33
458 208 447
27 388 231
403 417 510
289 328 179
272 187 39
279 292 190
412 396 491
502 80 192
460 78 485
15 254 462
90 414 163
151 234 48
462 110 225
210 181 316
226 83 327
508 150 246
274 12 181
253 439 351
66 84 93
297 412 342
347 225 133
405 133 263
414 51 120
189 9 108
510 50 1
502 50 15
244 384 312
204 49 111
21 176 310
67 74 152
358 260 203
440 403 412
95 473 374
196 366 357
103 327 241
256 361 23
315 284 330
109 255 244
354 116 228
282 498 373
463 380 242
142 180 452
259 207 286
121 101 57
505 337 301
24 386 355
168 148 83
239 333 359
41 235 93
456 211 478
376 310 105
3 307 507
74 332 139
479 243 395
91 396 412
312 306 357
16 111 27
20 141 468
326 491 184
190 472 12
180 483 116
469 338 247
47 303 38
191 259 377
407 354 384
397 118 445
190 380 122
475 87 43
51 73 164
134 23 85
96 211 405
325 503 330
78 344 296
290 118 189
68 216 97
135 420 491
354 343 197
40 202 296
325 112 330
305 364 483
391 384 333
124 18 110
225 212 111
101 267 283
407 400 233
44 463 24
181 461 154
89 381 75
98 230 408
147 277 411
33 67 39
465 225 172
465 205 73
44 42 370
458 25 165
393 370 95
101 50 238
441 455 265
245 284 199
97 54 391
478 418 1
100 36 246
70 94 122
254 345 187
475 436 11
42 222 183
382 487 280
21 455 165
352 339 206
427 177 389
445 287 239
271 439 147
63 188 107
468 357 96
85 451 154
381 85 337
163 316 142
127 501 417
148 467 63
459 473 466
393 485 449
257 7 140
331 124 227
312 512 231
62 318 220
132 94 16
424 275 267
215 446 231
337 248 354
163 193 397
111 481 310
323 95 204
283 43 298
156 189 275
486 471 311
456 44 422
405 194 251
78 262 404
119 419 395
447 219 352
416 356 411
135 448 52
234 347 99
317 284 29
273 20 380
41 397 183
211 281 274
353 313 500
406 209 169
57 176 74
126 440 387
379 347 238
200 397 79
207 482 353
510 259 236
344 400 367
79 173 443
483 204 211
236 358 30
45 115 130
216 447 368
72 128 353
210 142 189
157 192 1
440 356 261
368 3 509
26 215 119
221 109 357
397 451 354
74 427 252
203 335 505
166 412 342
101 235 57
331 334 435
63 267 238
258 279 152
137 249 230
308 440 50
407 57 146
92 35 264
289 204 425
193 193 238
369 14 171
369 493 511
242 104 375
215 301 70
4 428 11
473 510 94
232 113 59
91 22 205
351 73 447
3 292 62
34 80 161
124 118 42
472 26 335
29 367 180
10 324 334
237 177 334
308 33 260
114 220 279
223 13 482
65 52 503
368 154 478
226 266 286
393 354 236
507 142 49
136 80 352
166 62 350
282 416 290
314 154 390
478 81 481
290 170 334
461 157 424
495 291 100
310 218 273
327 111 412
44 161 258
281 436 242
347 114 115
28 304 108
420 334 86
102 122 494
255 223 107
297 391 75
136 282 443
32 419 500
477 462 196
452 332 274
503 266 380
360 82 123
257 199 298
251 236 128
67 285 341
443 438 210
261 460 166
134 315 104
235 62 77
113 201 62
275 360 261
316 372 119
217 486 9
244 53 450
77 128 475
119 30 273
316 11 98
468 411 350
26 359 469
266 91 78
15 242 475
146 201 402
131 263 314
107 13 358
174 450 464
162 509 133
248 456 147
227 203 135
450 499 184
183 354 178
321 128 40
64 57 336
435 437 182
499 310 237
67 149 112
324 149 336
357 98 354
401 302 283
316 479 47
495 63 4
399 325 18
331 90 405
121 55 320
247 485 18
481 123 144
92 279 404
334 32 265
341 150 417
446 427 209
264 99 230
73 19 133
219 174 473
107 445 209
288 233 433
52 292 255
22 256 193
185 485 220
445 368 230
60 63 235
222 462 412
450 209 84
199 177 503
400 374 163
379 88 434
113 475 52
272 207 230
495 33 75
73 274 34
125 274 507
55 34 359
9 87 497
403 145 186
502 20 241
9 71 435
61 388 62
103 170 155
20 442 137
130 436 438
361 411 140
61 342 142
147 479 3
342 272 464
299 87 217
175 61 15
260 492 447
373 146 189
97 385 258
477 133 299
503 235 418
426 108 50
383 3 112
368 27 93
394 416 469
47 458 177
330 307 361
25 71 249
77 106 411
113 88 138
504 213 171
262 206 52
140 34 280
330 18 86
193 476 84
92 270 146
498 33 333
486 43 285
50 227 166
421 269 215
5 423 461
411 463 117
165 213 14
351 450 392
18 357 104
439 295 240
201 484 411
250 157 349
442 204 175
121 72 278
302 236 213
14 407 483
171 197 455
142 77 396
340 283 354
212 156 398
440 428 278
250 14 373
371 51 41
368 42 100
241 366 198
140 388 352
237 118 60
17 38 343
135 276 80
389 349 470
222 179 388
128 209 342
215 448 83
92 42 170
267 285 346
196 295 427
491 506 256
301 296 149
297 92 309
390 34 267
235 81 372
6 266 106
299 190 39
307 76 446
429 182 500
217 208 49
511 295 60
120 320 478
416 71 82
321 112 237
264 439 145
240 350 93
316 33 167
270 293 190
85 444 493
493 215 138
103 4 234
497 469 203
380 88 112
460 435 435
