256
256 0 0 0 0 0 135 145 120 266 250 39 6185 4214 4487 304 6036 5198 9451 9945 6550 8665 5072 7357 1847 1373 712 7399 368 9976 7937 7929 4847 4986 7574 7112 8574 2893 5001 1332 2713 5405 3965 8688 2159 9229 7796 2552 5169 797 3641 
257 0 0 120 0 0 135 145 258 266 250 39 5594 5165 2337 2696 191 6600 3076 7817 5118 7319 337 1345 5676 3906 8016 5973 4059 2746 4122 3904 6555 7426 2766 5797 3522 3927 9054 4998 353 3607 2868 6128 4906 1417 665 5931 4072 4091 576 
258 0 145 0 0 0 135 249 104 266 250 39 4918 2235 7793 7302 9228 8466 9050 1225 5216 1741 2613 4956 8482 6778 7150 8881 4959 6388 3141 5593 9908 6333 8025 3352 2346 5426 7639 5757 3418 3910 7006 7968 1603 339 5656 3057 4603 4664 5363 
259 0 145 104 0 0 135 249 258 266 250 39 4069 7635 451 1093 908 3483 2791 7014 8094 6662 517 4872 5313 9369 1261 3099 8751 5213 8553 174 4574 8285 4101 4604 1237 9914 6734 3260 9454 4893 6522 490 3553 5015 3573 4309 1292 2682 3238 
260 135 0 0 0 0 257 122 111 266 250 39 9284 3179 5228 8584 3361 9069 2161 3101 6866 868 269 6903 895 1592 2571 4329 6215 7158 5796 4850 5591 8741 9214 4739 5064 3635 2620 8786 3298 3434 9476 8293 8581 3210 7196 1166 6101 5631 5635 
261 135 0 111 0 0 257 122 258 266 250 39 8346 1131 6696 747 6167 7713 1597 8643 3672 4722 4234 577 8667 7214 9104 8779 2076 110 4659 2505 3893 2372 715 4614 7178 9051 2904 165 8005 4752 3628 8859 7540 3973 364 6924 1946 212 135 
262 135 122 0 0 0 257 249 118 266 250 39 6347 1159 8638 9668 6373 9606 3785 3084 8076 3029 1973 7788 51 7618 8765 725 5985 1199 6886 8992 1939 1368 5170 9866 7371 6197 3782 5654 190 6095 3334 4141 2460 9639 2390 4779 9168 2027 777 
263 135 122 118 0 0 257 249 258 266 250 39 7306 7037 5839 9603 7595 9943 123 6362 1758 1915 9349 8539 7616 553 8247 7622 1227 3170 8521 7939 2634 7029 1254 1938 8550 2969 9572 4794 5540 2599 3320 1145 7359 5789 2626 3560 8039 380 9255 
264 0 0 0 0 250 125 121 154 266 512 39 3548 9834 2820 74 2308 829 3614 256 9251 7141 6029 3388 8560 8569 3792 1496 4245 4636 8465 4251 8136 6184 5066 46 160 5360 3107 1921 5136 6053 3228 9272 8170 7508 1401 3914 2186 1479 9082 
265 0 0 154 0 250 125 121 258 266 512 39 8051 5800 5391 2036 8535 2653 7780 1129 5370 6749 1013 8246 5186 5123 9252 3619 7920 7093 1239 8646 1473 986 56 3894 7805 6576 4385 5894 4775 283 5704 2693 3061 3267 8127 5709 4564 7563 1161 
266 0 121 0 0 250 125 249 129 266 512 39 2595 5240 7861 7496 3667 6344 5500 7170 9774 2731 811 9810 5845 1379 3615 7260 686 2830 8264 7064 4473 54 2600 7485 2081 5467 6952 7773 1248 5087 4617 9439 8132 5870 6617 3103 3185 4383 1521 
267 0 121 129 0 250 125 249 258 266 512 39 6839 4765 9863 7249 249 2744 7023 7279 8079 5532 7809 2507 2374 9398 8586 7790 4453 4358 6429 8231 8418 6319 7384 9877 4151 7947 7286 4976 772 6015 6125 7655 3683 6065 1036 6493 291 4613 6018 
268 125 0 0 0 250 257 129 117 266 512 39 9935 3696 5919 1110 5510 6346 1418 7142 3155 9777 3279 2241 2564 7605 9352 3314 8808 3340 3532 4368 7816 5966 6076 591 974 9622 4204 5844 6342 3825 295 1500 7017 7551 8946 460 1470 2060 3195 
269 125 0 117 0 250 257 129 258 266 512 39 9122 5468 1677 8060 5233 5523 8458 354 1519 9001 8275 5063 8394 8933 1394 1453 8880 9227 3239 6585 6516 1750 4081 7763 1718 7094 4169 3796 2709 7349 8876 9430 814 4910 2465 8444 8120 5161 3606 
270 125 129 0 0 250 257 249 134 266 512 39 5771 933 6580 6305 9937 6041 9657 6218 7424 7881 2073 5619 7365 979 4016 1850 1613 7301 2977 8843 9628 7724 100 2268 7314 235 2095 3072 6220 929 5018 1516 2629 6505 9767 1436 5031 4296 5454 
271 125 129 134 0 250 257 249 258 266 512 40 2238 542 8045 1095 6904 5448 9022 7110 128 9912 4569 9813 3599 4064 8657 1650 6570 9788 3154 5770 7066 9355 1660 8823 2649 9587 2220 5784 8383 6710 2847 2223 3616 9474 4218 2428 896 4136 9244 2175 
272 0 0 0 266 0 131 129 131 512 254 39 9105 5487 2900 3220 4328 8082 3948 7121 2829 6861 8489 7322 5651 3169 7038 5357 8971 1733 4270 2395 7091 5 7085 1466 5626 981 5470 7956 7837 684 279 962 4052 4755 7553 9746 6747 8409 8577 
273 0 0 131 266 0 131 129 258 512 254 39 6295 7776 1229 9242 722 6544 600 8927 8064 7919 8600 598 4693 858 7324 1522 4611 4450 2612 8908 3976 678 8654 7470 2174 7671 744 5278 6106 5996 1265 534 2932 4519 625 7977 2795 2156 5419 
274 0 129 0 266 0 131 249 115 512 254 39 3838 9378 5029 1756 3643 8511 9081 947 2144 6565 7905 8334 2871 5607 5040 7798 9381 8931 4172 8865 9708 9093 6257 3484 2891 7351 6998 4073 9922 2109 9211 5682 3576 716 2151 717 876 819 5059 
275 0 129 115 266 0 131 249 258 512 254 39 492 9271 9052 8575 9190 4310 8426 1709 3498 7527 8440 9607 7696 6920 8428 241 4553 5713 400 8322 7623 4421 2264 5266 6159 2537 4980 3520 2863 8856 9134 8130 1185 562 6409 1098 4346 7059 8336 
276 131 0 0 266 0 257 130 119 512 254 39 8627 265 7822 8220 9310 4616 5143 2550 9625 2773 2843 2733 867 1370 1656 3156 3863 6361 1860 1021 1059 7770 1507 3536 4217 4830 9178 28 8224 4565 4859 6339 8268 7338 8495 6568 9934 9839 25 
277 131 0 119 266 0 257 130 258 512 254 39 2189 6165 4102 3723 3009 6625 2431 2236 169 6478 6835 6500 7392 374 5511 6307 1321 9431 3963 948 9731 2535 828 7340 8157 8513 1231 5338 7567 7833 4254 8582 2726 2325 3188 2875 4106 3798 9335 
278 131 130 0 266 0 257 249 120 512 254 39 9415 1180 2906 2753 8949 1548 9644 4492 4912 7507 5195 1281 2743 2441 3274 1136 2305 3117 2181 3100 8616 272 3645 8672 9313 984 4213 8238 5569 7437 7933 7341 11 3272 3404 2100 5690 7686 4946 
279 131 130 120 266 0 257 249 258 512 254 39 5425 7134 9220 1645 8796 5863 4917 2137 6691 3833 9633 9888 8425 749 4390 1397 4457 8630 7092 7293 8117 1303 9438 6086 958 4545 9538 7015 2616 8295 8271 6236 1926 8834 8300 8107 2384 3671 7951 
280 0 0 0 266 254 123 127 130 512 512 39 8197 151 2861 8828 2738 6966 5664 6872 8670 5698 4792 6072 8915 6629 4612 452 792 9475 9765 2664 8602 4379 1230 9195 252 5534 381 6466 9789 8214 3297 9673 3873 3654 5710 8090 935 7216 6265 
281 0 0 130 266 254 123 127 258 512 512 39 5767 4051 4630 5886 5933 1916 6238 90 805 6724 9727 5637 8568 7625 7910 3380 4715 8861 9156 4953 4107 4082 4789 6239 27 1205 1280 109 8131 8870 4690 1588 2707 2071 2379 3952 1715 5151 8227 
282 0 127 0 266 254 123 249 120 512 512 39 8153 3713 3961 522 127 9716 7531 7509 3426 4500 7532 2939 9521 9357 5212 5780 4678 6875 6763 9383 7223 6288 6501 8999 3143 453 5164 7203 3876 3399 6169 5720 6470 142 9116 8877 3726 5774 6119 
283 0 127 120 266 254 123 249 258 512 512 39 6988 5004 4539 6641 677 2245 2742 1393 7356 4833 5911 1772 7163 6567 5942 4176 9560 4247 4571 9087 7915 9365 7924 4493 6530 6026 8321 6331 6889 5380 5515 9524 9816 2695 9324 2809 4363 83 1214 
284 123 0 0 266 254 257 108 134 512 512 39 8608 9384 8983 5215 3392 2772 4842 1852 5733 869 2336 657 398 4697 7001 146 8888 8635 6788 143 7683 8337 8399 5677 4055 8225 7445 4730 5512 5689 762 5073 6792 7379 6273 9147 429 9445 2492 
285 123 0 134 266 254 257 108 258 512 512 39 3436 7697 9162 3673 6743 4719 693 3047 2330 9608 4028 3707 1627 3957 8251 4086 4823 3891 6357 465 8194 1834 6476 9688 2310 1717 3440 2407 3972 906 2452 138 1817 570 8221 1651 7153 5404 2273 
286 123 108 0 266 254 257 249 118 512 512 39 4853 8073 2827 2556 13 5946 703 2344 9965 2993 6406 5544 1074 9530 6840 2601 6279 2388 8481 9435 2213 5801 7869 2277 1835 9132 5060 2959 1825 4832 1547 7621 3428 2952 6918 107 5830 2056 8540 
287 123 108 118 266 254 257 249 258 512 512 40 6514 6687 3109 1970 2083 312 2206 1491 4332 5322 2472 1793 3648 8234 9809 2470 6898 4607 7347 9205 9158 6656 3624 8997 4326 167 2437 9523 5282 6837 7490 9575 318 3018 2202 8347 1674 3151 1355 1297 
288 0 0 258 0 0 132 101 404 270 257 39 6403 3181 8008 5495 8446 6830 2559 7245 6561 4778 8628 1115 5351 3895 904 1553 5867 6482 2848 5406 6757 3934 7320 4146 6758 1876 7807 82 1846 3759 1658 5701 4446 7414 3541 5707 7008 6256 3093 
289 0 0 404 0 0 132 101 512 270 257 39 2712 4898 2929 7660 1820 7180 6212 5384 7478 4522 5296 6802 5588 3328 8374 9124 192 510 9764 302 1659 3410 628 2278 1702 1880 6345 7276 9446 840 5906 5809 946 4163 9483 2430 5324 4807 7692 
290 0 101 258 0 0 132 249 413 270 257 39 668 2427 6260 2944 2463 8719 1958 9065 3102 4705 9221 5600 6880 5636 63 6652 618 3003 857 5971 8615 8434 7382 3518 5288 8072 2590 1057 3747 6058 7118 3389 2924 5464 3028 5678 2282 2525 2489 
291 0 101 413 0 0 132 249 512 270 257 39 4783 6582 4666 501 2404 5142 2825 5439 3429 7711 3955 30 5764 4772 1520 4628 3507 4135 2387 6961 846 3249 7049 6979 781 9782 281 7897 5579 4173 6317 1244 4482 527 148 8593 8160 4198 7510 
292 132 0 258 0 0 257 157 359 270 257 39 5390 3212 4325 9996 2176 2311 3374 2580 541 5581 6807 5444 6914 3412 2660 2145 1212 6284 1898 9154 3924 3192 9356 4761 8953 8634 2182 9364 4735 3980 7067 4267 1531 4397 9014 352 3870 207 6233 
293 132 0 359 0 0 257 157 512 270 257 39 6766 2812 9960 1626 5226 230 8650 3329 4058 3323 1617 588 6532 6733 9282 5107 6407 9268 1062 1653 7144 8619 1940 3456 3941 996 3506 9658 9460 4096 2154 9744 2725 4710 1610 26 6143 5442 2345 
294 132 157 258 0 0 257 249 383 270 257 39 3026 2768 1836 4238 9342 9675 9494 8282 5327 8462 6228 1221 8284 9783 3219 9015 5501 9713 4615 629 6325 6213 6275 8982 4816 925 6854 8633 6948 6453 2517 9038 1974 1014 9280 6842 9971 2877 1085 
295 132 157 383 0 0 257 249 512 270 257 39 723 4591 3926 1354 3351 8970 9723 3132 5857 1561 2211 221 3631 2765 3475 899 6606 4356 9845 1600 5649 592 5024 1885 8988 3761 4997 383 8384 1347 764 3133 1978 6935 6885 3618 5897 689 9558 
296 0 0 258 0 257 131 115 391 270 512 39 9551 4321 243 6523 9480 4182 4999 2510 9858 4006 7084 9892 3775 3415 985 1389 5330 5967 1537 111 1187 6483 5859 1350 7584 3777 8611 7032 6424 473 3820 6812 2294 2360 234 1841 3217 7628 1837 
297 0 0 391 0 257 131 115 512 270 512 39 8571 6183 273 6001 6524 1782 2205 2783 1830 5431 3862 1174 4885 3951 6176 5909 9316 7647 2354 6174 987 8273 9890 2940 9563 1655 6888 915 4266 4034 6374 5484 6790 9586 3778 4808 5519 9519 1895 
298 0 115 258 0 257 131 249 373 270 512 39 7339 185 9322 8813 3496 3371 3497 9804 2697 4589 1932 731 4124 964 5437 7887 8882 9972 9891 9266 9835 3728 4601 2656 4991 2899 1811 5054 4644 6421 1615 351 7452 1455 2091 8831 2955 565 1909 
299 0 115 373 0 257 131 249 512 270 512 39 6114 2605 1383 9631 5329 3053 2411 4935 8954 7103 8525 1483 7374 7024 8732 293 1550 6534 80 4208 255 7274 9315 7299 2281 5665 4236 6542 7916 1096 1657 3736 8266 3232 4288 8249 6921 8110 9528 
300 131 0 258 0 257 257 102 392 270 512 39 2749 7186 4474 3529 7610 2925 1490 2655 9695 7058 3461 2953 3485 7076 7098 6116 8424 9408 6479 8 3327 3403 9198 89 5622 8945 3690 5239 3437 8612 3337 3847 7055 2485 267 5343 7022 5033 5379 
301 131 0 392 0 257 257 102 512 270 512 39 8924 4673 5957 3600 4534 1088 33 4993 7983 9581 3243 7396 6858 9325 9938 2107 1477 9095 9941 9174 1556 8554 8014 671 3773 9007 688 559 1252 5251 8742 652 2760 6826 9739 3088 6939 4800 7167 
302 131 102 258 0 257 257 249 353 270 512 39 9617 813 2912 7179 7659 175 5741 636 5547 3879 7327 3724 8216 7305 9855 7654 1432 9545 2006 9651 776 6725 6767 6771 608 9033 6414 9106 989 5805 9302 6806 3735 1628 2025 5536 2615 342 3447 
303 131 102 353 0 257 257 249 512 270 512 40 6485 3813 5970 2506 8147 9596 4092 733 5308 1987 152 1539 7577 7350 5453 9676 7566 5606 4467 1461 6876 4529 9260 2850 6249 7318 6008 3025 9748 6816 8000 6992 2065 1918 574 4097 2545 3815 483 3715 
304 0 0 258 270 0 128 114 374 512 268 39 9403 376 5787 1526 7680 3259 5851 9332 4335 1327 3852 8099 1599 6623 9821 8711 4026 6473 1285 4318 889 3119 7846 3124 8795 2538 361 9999 9312 8716 4635 7662 8342 1196 8771 2845 3391 9741 7571 
305 0 0 374 270 0 128 114 512 512 268 39 2938 8601 6528 423 4706 2688 6850 2687 6111 442 995 1797 3938 7169 1506 5932 988 4503 2610 8017 1341 1954 7762 6358 7521 3137 4400 4298 315 3344 7290 14 1298 2826 1594 1800 4913 5549 4481 
306 0 114 258 270 0 128 249 387 512 268 39 5824 9075 6942 474 4652 8656 9647 5323 7751 3194 1128 1688 6726 1533 8504 8398 7561 5394 5685 8590 9360 4377 4343 1985 4207 7948 8024 274 8780 3937 910 379 2039 2915 9285 7526 5130 6390 7133 
307 0 114 387 270 0 128 249 512 512 268 39 1527 7925 9661 324 7241 4648 9135 5696 2019 3877 4087 2461 3514 4125 328 1530 284 285 9136 939 7498 2856 1535 6706 5250 6796 1862 3173 4524 627 8363 4378 6956 4592 3716 6609 886 3896 7044 
308 128 0 258 270 0 257 127 370 512 268 39 8053 4749 8766 4609 7454 4258 4801 5936 2087 7652 4838 3745 642 8789 8370 1215 7352 7027 9710 8112 6762 7982 8894 7182 3596 8914 4552 7831 9123 938 6328 6287 9327 6508 5775 4518 751 7576 8930 
309 128 0 370 270 0 257 127 512 512 268 39 1358 2588 7404 4700 4737 2255 7444 9717 6034 1664 5046 3807 4892 9932 9654 1323 7516 1810 616 9215 890 8707 1925 6529 1031 5808 5238 9358 4320 9334 2012 9687 8709 887 3177 8594 6977 1914 1913 
310 128 127 258 270 0 257 249 362 512 268 39 4649 8158 8702 6936 5090 8200 2197 2933 6296 8591 3254 9824 7942 7176 5345 3589 540 8973 5838 7518 4781 3074 502 5621 8101 2669 4265 3354 7992 7908 6770 4620 849 2075 9019 4455 4426 4770 5307 
311 128 127 362 270 0 257 249 512 512 268 39 6829 9 2633 7547 637 6240 8405 9089 5737 5959 9287 292 9333 3901 36 9326 3123 7046 2544 8731 4144 6434 1683 1194 2998 406 3931 3257 5887 1897 7265 6543 6934 8844 8226 5062 4279 7329 3413 
312 0 0 258 270 268 121 122 381 512 512 39 5274 9200 5493 2934 9803 4776 5953 1668 2648 3059 6856 1578 6469 124 7590 2816 8873 6887 3196 674 8307 4350 8001 894 2327 5503 7538 8858 8013 9485 4413 2034 2788 5905 4465 6375 6593 3193 687 
313 0 0 381 270 268 121 122 512 512 512 39 2886 607 8857 6675 4843 6729 9422 6427 254 8496 4937 891 3341 6405 2231 2723 6237 3118 6627 7602 4978 7438 1092 6672 8250 4128 892 4359 3688 3422 7560 5829 9129 639 2477 1616 5556 1288 7025 
314 0 122 258 270 268 121 249 382 512 512 39 8747 2170 7913 9006 5807 3252 6140 9869 714 5261 8938 9761 363 2739 7589 9693 3622 7832 6709 5541 1672 2609 2196 4974 4023 4199 7727 6324 3226 5045 71 5769 42 5462 7328 7976 9367 5069 5258 
315 0 122 382 270 268 121 249 512 512 512 39 7949 9690 6117 926 8084 3312 8456 8480 7769 648 3060 2313 6689 307 5517 2041 9362 1634 6557 6096 4149 8449 9203 6286 5856 5850 8794 4314 2514 780 596 3375 6702 2061 3743 2340 6823 6255 2995 
316 121 0 258 270 268 257 104 385 512 512 39 5335 6867 1566 5490 699 5334 3890 1541 9486 2130 9062 2866 6254 3402 4349 1460 6723 2950 5878 2050 3898 5210 8431 5815 6504 5814 5076 5244 9561 2821 8887 2054 5980 7360 5961 5792 1630 154 5350 
317 121 0 385 270 268 257 104 512 512 512 39 1296 3397 8187 6031 8265 9660 8760 2584 5527 8457 6965 3827 9098 1386 4244 1209 3939 6051 3556 8031 2204 102 2014 5849 3393 8987 2250 6340 3215 329 8920 9072 2209 9224 1374 1726 7797 9642 6035 
318 121 104 258 270 268 257 249 350 512 512 39 6775 6225 2004 6549 9305 4380 9967 1266 2965 7778 4049 2371 3165 3161 8557 3767 1696 6395 2639 5185 7227 5223 5276 9643 1584 2497 4954 7434 4303 8640 2367 5482 7679 8890 9805 2016 4984 5951 8212 
319 121 104 350 270 268 257 249 512 512 512 40 2919 789 4964 5127 8698 35 8682 6432 7285 5167 7865 3073 2778 6451 6103 7522 467 5135 7289 3157 9539 9404 1604 70 7211 5546 5140 8884 1948 5956 9047 3356 5420 2447 4443 4734 19 7398 4305 3842 
320 0 249 0 0 0 146 345 105 258 241 39 9800 9241 55 1856 251 8588 1982 7477 6080 1690 5270 1294 7455 2240 1408 2433 7923 7395 4439 8061 7175 5375 2678 8325 3071 662 4183 3519 3293 907 3235 8647 7749 69 4174 6068 1299 4637 7963 
321 0 249 105 0 0 146 345 251 258 241 39 7488 9772 3945 1450 1684 5939 6937 713 1642 1623 3812 3933 6819 2839 6471 6209 2169 2044 4621 2997 3849 8730 9337 2230 9745 8830 6650 3095 7113 3780 4663 3033 4660 1287 8825 6404 603 782 3167 
322 0 345 0 0 0 146 512 148 258 241 39 8134 78 2312 8506 8925 5538 9898 3718 969 2381 4657 6703 7674 4988 5139 4676 6844 6973 2992 4489 7836 9984 6014 2178 660 1904 5948 3758 8815 3776 338 9396 9822 6186 7128 3446 1646 4940 4307 
323 0 345 148 0 0 146 512 251 258 241 39 6134 289 5722 6063 7229 3316 5715 7575 3390 7362 3684 5753 9394 8097 4969 6518 3017 6810 1061 8564 4726 2683 2450 1736 7993 7500 874 3079 6804 4300 4336 8959 2180 9997 6010 1596 2226 134 4306 
324 146 249 0 0 0 257 391 136 258 241 39 1966 5317 2287 5643 739 536 6666 177 3187 8976 139 7900 7940 3381 4713 3349 9114 7604 9021 8703 2727 7052 4089 6800 1943 7283 1189 2352 8543 8583 7839 7271 5149 8756 3171 8118 3739 7879 5193 
325 146 249 136 0 0 257 391 251 258 241 39 9750 1334 4412 7542 650 120 3801 7842 2296 6913 8445 4031 4514 6910 8651 3450 5521 3665 5575 7034 3754 2047 4526 1033 488 4869 9875 6054 2822 7102 8146 2237 7888 6144 3236 7412 2521 2502 2476 
326 146 391 0 0 0 257 512 120 258 241 39 8121 3861 9348 7594 4994 6315 1881 6064 2757 5364 3921 3430 2566 4810 8483 743 9128 3451 5508 5539 5498 8163 2923 2257 2870 44 6190 330 4338 6869 3438 4967 7421 7210 4355 5194 5668 450 4242 
327 146 391 120 0 0 257 512 251 258 241 39 7757 9336 8381 7651 1140 1148 4900 1995 5862 1431 8028 4502 5255 4367 1775 1705 6737 3554 5021 7704 3746 6748 691 6895 6439 5019 5328 5892 4408 5441 3001 8294 3566 9099 2248 6348 8472 426 8528 
328 0 249 0 0 241 140 371 134 258 512 39 8603 552 3125 2793 7300 258 9441 8570 6951 2358 7257 6267 7611 5450 8862 6077 8026 6245 3527 4440 4966 2971 1934 1935 7725 3732 5207 8902 1139 5827 7277 8951 2854 9977 5254 1685 3342 6364 5154 
329 0 249 134 0 241 140 371 251 258 512 39 7898 477 8078 2141 2606 622 3321 435 2509 3823 2834 4480 3432 3491 3535 8739 4461 9590 923 2484 6004 1112 1996 4139 9514 9910 6558 8770 4558 6538 1344 850 1663 5642 7694 7957 4764 6637 7764 
330 0 371 0 0 241 140 512 131 258 512 39 6343 4255 261 9540 5693 7733 3872 4686 7648 4756 8301 8549 5115 8018 4632 3990 4694 2994 4393 4375 2422 9894 8763 3135 9829 831 9347 3830 7069 1313 9689 9543 2964 131 1444 853 2247 4392 9246 
331 0 371 131 0 241 140 512 251 258 512 39 778 2577 7255 5578 6676 9981 1543 2562 8156 4476 5204 9291 5929 706 203 2263 9164 4271 1094 3512 4826 3542 7474 5499 2038 7901 9567 2885 4062 5229 8748 4943 9143 4230 3841 2419 9574 431 5486 
332 140 249 0 0 241 257 387 117 258 512 39 8233 2897 2844 9698 4683 4190 8180 2304 5259 6447 5766 775 7487 5412 3030 8402 5008 1988 5374 9662 9197 5340 8523 2210 6246 8622 2624 1395 5991 6133 4901 5750 8089 7835 6761 4638 6635 8450 1528 
333 140 249 117 0 241 257 387 251 258 512 39 8339 3749 6461 5674 7149 9000 1314 9467 8798 7194 8125 8738 5355 2721 3889 9270 5376 2018 8990 5455 3668 3551 8287 5711 8669 375 7882 1419 8088 1636 4971 6805 4206 7677 6472 181 803 9103 224 
334 140 387 0 0 241 257 512 105 258 512 39 6032 1552 396 294 6109 9791 1738 1304 7707 5389 9171 387 7546 67 4386 2801 5726 3105 8420 3571 573 4297 7427 710 3233 1608 8984 5760 7644 6105 5421 8802 5938 392 4109 7981 6944 1808 3903 
335 140 387 105 0 241 257 512 251 258 512 40 893 8152 4371 1079 2028 2710 9886 3783 4521 7716 8901 2892 7095 370 5694 3756 1743 742 7735 2946 346 1008 2852 913 1695 2321 2234 6563 1441 4788 311 301 992 1391 4934 5476 2677 3900 7282 9911 
336 0 249 0 258 0 120 359 139 512 267 39 9248 9149 4422 6199 2711 4414 8652 5423 9032 6574 7083 1804 5903 5670 6685 7815 928 9206 543 7791 8166 3651 3570 5799 3984 7312 6355 5091 1780 9458 8907 9684 594 3379 8442 298 5582 3674 5660 
337 0 249 139 258 0 120 359 251 512 267 39 8866 2400 5249 9212 3408 2218 1957 7005 278 7074 1475 950 7333 1369 5891 2121 4448 8165 8978 170 3629 4012 1003 3106 2299 6989 6369 631 439 3598 4110 6648 5286 1053 9183 8219 5645 1051 1770 
338 0 359 0 258 0 120 512 123 512 267 39 7739 4797 6990 5794 6314 348 6997 3888 1271 6099 6756 6651 5900 990 4877 6893 5910 408 487 4162 7523 1146 2597 5695 4078 5570 957 6878 6620 7579 7994 8396 9672 407 8706 2397 7756 9947 2343 
339 0 359 123 258 0 120 512 251 512 267 39 8708 9343 5912 9776 5507 8501 1787 8817 7868 8470 4922 7043 4420 2443 1762 3045 8686 7381 3457 2031 8606 5888 1849 5430 4699 345 6957 3881 9479 6441 8524 6926 2246 8177 1724 4819 2146 4916 9578 
340 120 249 0 258 0 257 402 104 512 267 39 3350 6602 711 2334 9253 3853 2438 7953 6736 103 3086 8629 7120 4883 5036 9887 92 8853 9083 1275 4820 5793 4989 9113 2745 817 8397 9261 1635 5968 5310 630 1679 3804 4013 1346 6836 4790 5843 
341 120 249 104 258 0 257 402 251 512 267 39 1105 6412 5395 4037 3698 1637 7591 2440 4815 3649 5348 2265 5114 3377 4137 9449 5257 8395 7537 8243 6630 5305 7534 7183 1882 3224 8891 6783 4498 3240 6272 9067 6131 6821 641 2922 6281 4299 1416 
342 120 402 0 258 0 257 512 120 512 267 39 4088 1478 5094 6400 8400 7253 5848 2914 4351 9964 3083 2017 7853 6618 5749 7376 2214 2261 9320 1671 529 7502 1464 1929 2300 3640 2724 5972 6277 4442 2258 8855 2289 7786 7936 2292 9751 544 9048 
343 120 402 120 258 0 257 512 251 512 267 39 3288 6987 5861 9177 2364 1262 6899 1665 6982 4513 309 7045 4352 3730 5265 3725 9535 9005 5111 720 5081 918 8806 3544 1219 841 9173 9830 3364 7710 5735 4249 2481 7896 9040 7890 9533 9721 6158 
344 0 249 0 258 267 124 380 143 512 512 39 679 2661 4634 1924 1589 7536 793 8202 3264 3277 8841 1384 3575 5502 1569 7035 126 182 2029 2252 8049 3568 1912 5981 3056 634 8143 4817 4675 9797 4354 4626 4391 9734 5291 469 4696 5915 8934 
345 0 249 143 258 267 124 380 251 512 512 39 385 2347 9239 7840 9885 9847 4148 5034 3258 7145 760 9144 4650 4044 7262 1324 4410 9232 977 5803 9452 3805 2628 2077 6945 5285 7224 3163 6559 5732 3398 5160 9656 4262 774 5782 5199 8678 6337 
346 0 380 0 258 267 124 512 127 512 512 39 5440 873 1776 5424 4008 2549 902 198 3158 7714 2488 2930 7439 2021 6794 4741 4360 8002 5385 6698 5289 9881 528 1989 8714 3302 2646 8475 6252 5230 1306 4405 8885 1283 4804 4333 3164 5048 7921 
347 0 380 127 258 267 124 512 251 512 512 39 812 2526 5272 308 7403 8993 9525 3513 437 5618 4030 3967 3869 68 4468 7400 8012 5471 7131 5557 4226 1534 3464 4048 2865 5177 6859 7909 1774 4930 9323 617 8814 5609 4897 3052 525 7927 1795 
348 124 249 0 258 267 257 377 128 512 512 39 901 7472 7116 5388 3449 2426 5153 8886 45 4645 3533 3727 9465 4145 7387 3160 704 8278 6787 8963 9605 1054 1046 496 4364 9283 129 6967 1742 2010 7700 1699 2408 9700 3104 9426 9682 6815 260 
349 124 249 128 258 267 257 377 251 512 512 39 6569 5402 6972 17 4647 8087 5724 4093 1953 511 4002 6517 508 6397 5865 2063 3285 9588 5483 2187 4066 8917 2755 6104 4168 5964 5706 7643 3603 2070 7803 2754 852 414 59 7617 218 1023 5485 
350 124 377 0 258 267 257 512 97 512 512 39 1228 5916 3286 9303 3510 5667 3275 9423 5879 726 7903 8842 3023 5545 1691 9565 8128 3569 4427 9555 5168 3176 7557 783 9111 2286 9108 3414 434 6417 8311 4015 9915 3592 2804 6070 6334 3826 7873 
351 124 377 97 258 267 257 512 251 512 512 40 5112 6673 965 856 6350 7236 2001 8515 2421 3140 1267 4232 9402 9010 1754 3709 5121 7743 4253 8573 8313 422 9949 590 6433 9058 1165 268 8417 7389 4625 8897 700 7413 6062 1735 1025 1570 2638 6653 
352 0 249 251 0 0 138 360 391 253 246 39 6126 6697 4528 5172 5691 7573 2747 2114 6834 2973 6107 96 8237 7486 9760 6694 2635 4981 4643 8254 1730 8753 3964 5192 4225 5840 8832 3502 7723 7960 955 2140 358 7378 5447 5554 4870 5435 6161 
353 0 249 391 0 0 138 360 512 253 246 39 8505 5095 3946 6946 6664 5745 9686 6248 7970 8768 64 3960 4619 4985 530 9630 7750 6002 6201 7139 8292 8547 1900 9057 9840 7932 6728 1624 2359 98 1147 6379 922 833 1362 7667 5352 1116 5659 
354 0 360 251 0 0 138 512 383 253 246 39 340 2504 7768 2078 4140 8526 4811 9853 1071 523 8965 8044 3760 8315 2356 2857 2365 1562 572 2413 8211 1077 3473 2730 2935 7209 1573 4220 257 1255 1822 6219 9904 9595 4767 9218 3944 6038 5201 
355 0 360 383 0 0 138 512 512 253 246 39 9368 8567 6827 8432 7433 647 7088 8609 1723 76 2568 5662 1058 9801 4624 9591 7614 39 2542 4134 4687 7755 2789 3186 2581 1232 3610 161 5585 448 8487 2173 2763 2207 1959 3882 8416 3608 2598 
356 138 249 251 0 0 257 396 377 253 246 39 7979 655 3247 9702 125 7463 7096 1044 6327 6391 2905 4276 1204 7926 745 9957 1002 6897 9969 6289 7462 2066 9882 9328 3621 2999 2112 3295 9527 5965 1791 494 1240 5494 1892 3242 5592 1517 5671 
357 138 249 377 0 0 257 396 512 253 246 39 4955 2295 2307 7304 2040 9056 2048 1796 52 8182 9980 440 238 6278 4542 246 7062 5572 2851 4424 3875 3839 9771 4862 6310 5526 8020 6268 1994 1598 4090 7281 6791 959 4684 8701 952 6607 920 
358 138 396 251 0 0 257 512 389 253 246 39 8139 299 4512 3540 3855 461 5010 7632 3136 7336 132 9497 7730 5315 1778 7555 6950 8057 8509 7917 8565 563 6313 6383 484 7673 997 403 3565 8203 4138 7988 3562 81 7330 9016 6573 6907 5237 
359 138 396 389 0 0 257 512 512 253 246 39 6000 2903 8788 1272 3816 9648 7451 2475 7543 5895 4401 8548 2520 9923 9491 9529 4191 4573 666 7367 3786 8145 2603 6655 214 4188 6229 204 8939 8332 8867 6163 930 6717 6863 8572 418 9500 6603 
360 0 249 251 0 246 111 385 369 253 512 39 1177 5890 5922 2320 4095 8625 3751 8725 6182 1307 7497 6583 6674 7146 861 9100 8937 1998 8829 5680 7448 3695 4702 2921 9978 4035 21 2331 5518 5422 1109 1125 9826 6127 3970 8173 9346 3370 1251 
361 0 249 369 0 246 111 385 512 253 512 39 7754 9819 7914 2496 6204 4566 5200 8717 1747 3126 7717 195 6498 7858 7824 1433 6118 3175 4554 3142 1855 9968 8151 2284 8928 3627 8021 6188 1927 1097 9424 8906 4799 582 413 3750 2309 614 3147 
362 0 385 251 0 246 111 512 367 253 512 39 9163 4712 7818 7729 4536 6259 4278 2102 4014 1050 2508 3234 4874 6752 4196 4147 3742 4447 5738 3865 9115 4887 8253 8532 2718 1263 9194 6983 357 7669 6495 6678 4904 824 79 2652 6431 8721 3978 
363 0 385 367 0 246 111 512 512 253 512 39 6780 4896 9814 4809 8252 1510 4960 2576 8507 1712 4578 982 2781 870 9504 7866 3311 8137 4027 2607 1234 4372 1402 9602 3333 7272 2338 8639 4 3925 3516 391 5994 1737 3524 3748 5333 5372 2770 
364 111 249 251 0 246 257 379 392 253 512 39 9382 4695 9899 3241 8368 1798 6323 8660 3632 9620 7966 6968 2794 2987 6150 9390 8610 3223 9929 1707 6667 3400 7765 2163 8816 8613 6730 7695 3478 7848 6668 99 6269 6938 3985 6562 3734 4180 3246 
365 111 249 392 0 246 257 379 512 253 512 39 1577 4416 405 7741 8905 114 2686 5492 7475 9730 8455 6781 5318 2984 3462 3305 2675 3704 1652 5124 7613 1722 2198 6462 9986 2523 336 5987 206 7685 4714 2216 8404 882 6330 4256 2033 8723 4627 
366 111 379 251 0 246 257 512 402 253 512 39 4602 2705 7801 5158 8956 6597 9699 4292 9388 3644 6545 7829 6123 6604 2666 1984 763 2079 2960 1449 5331 7105 3044 5309 371 7061 5761 6671 9906 2676 2833 5768 539 3699 5758 7758 500 6818 507 
367 111 379 402 0 246 257 512 512 253 512 40 6616 3120 6739 580 1104 343 5297 8208 7466 7752 9176 3721 9293 6376 5913 9281 2968 3594 5050 2045 1120 9680 9372 7877 1981 7148 5336 9225 2942 3330 3421 7079 7222 6455 5264 4193 3650 7160 6071 4846 
368 0 249 251 253 0 133 357 374 512 249 39 9837 9779 4791 5221 6738 2522 8617 4293 1193 9974 8685 7181 3905 851 9061 8314 5858 136 2681 791 3682 3289 3424 6632 9351 350 2951 4766 2575 6535 9738 9031 8623 1043 2459 5097 6023 557 5260 
369 0 249 374 253 0 133 357 512 512 249 39 658 4316 6663 4065 9719 2785 6751 9080 443 4079 2386 1839 7800 7668 9447 4543 2285 1930 6448 7199 5617 7967 7719 4269 3325 2663 3720 586 8819 4259 4274 1336 9110 9201 1706 5101 3284 1678 6511 
370 0 357 251 253 0 133 512 387 512 249 39 8546 3318 7615 6731 3705 9020 4585 5311 4654 8467 9747 6177 804 6520 2239 9873 7075 3908 176 6349 6196 2890 4130 999 4570 297 6513 5528 1682 5433 756 5209 8050 568 6170 6964 247 4432 9961 
371 0 357 387 253 0 133 512 512 512 249 39 2913 921 9017 7779 3199 6526 531 9406 1740 9204 5725 4491 8724 9652 9024 1201 1030 43 680 5603 6613 5144 4920 9025 5944 7812 8980 8562 362 3230 7859 7078 5955 597 6852 1335 7335 4083 75 
372 133 249 251 253 0 257 388 379 512 249 39 7785 3002 20 2846 7889 4404 1936 4622 6079 8840 5811 3203 6933 2128 8141 4973 8185 9387 3441 7208 6711 1111 8386 1467 3021 9353 3367 1317 8712 7308 5655 5234 4187 5218 4466 6092 3706 1150 1697 
373 133 249 379 253 0 257 388 512 512 249 39 7950 3999 2494 9434 8981 6714 1620 7468 3850 5113 3085 4433 3271 1831 5975 6418 6341 3348 5832 436 9184 2150 4951 3096 2013 4720 7544 4533 5028 2479 9003 8822 6919 6025 9946 6579 6891 3986 8305 
374 133 388 251 253 0 257 512 389 512 249 39 6011 1233 2980 7198 1873 8032 8190 7806 6454 8411 1135 1465 6198 7954 8105 2302 4396 5157 7009 2341 7596 7072 5779 3048 7844 2554 5625 9233 6020 1752 2631 8533 149 9300 7902 4924 5203 162 4263 
375 133 388 389 253 0 257 512 512 512 249 39 8679 2139 911 2883 121 5950 1902 7568 9865 8726 9427 7641 9571 5256 3582 7459 4290 8179 8035 5411 5080 4195 3597 8093 9416 8962 2093 1886 16 5337 3482 5683 2887 7129 6884 6044 4568 2985 112 
376 0 249 251 253 249 120 365 366 512 512 39 7385 5125 9815 3174 3035 3515 9955 9512 5191 7127 6214 1802 3991 9879 8184 201 5504 9311 8869 9425 105 2057 3806 4046 5804 4039 6571 2673 1559 3310 4117 8500 6594 3897 6042 830 8335 7684 7529 
377 0 249 366 253 249 120 365 512 512 512 39 9461 9063 7886 4899 3864 4854 7489 6235 8932 8746 5881 1309 1039 9276 2811 2518 6450 2208 9186 7042 7775 9034 377 2536 8979 4762 489 4142 4753 3584 7481 1781 5854 1999 2232 316 2672 4308 2667 
378 0 365 251 253 249 120 512 382 512 512 39 5777 4394 2493 6610 3766 1784 2491 1238 7726 1360 8782 8195 9544 7820 3834 3054 5589 7156 3208 8245 719 5292 9405 1649 5014 2462 4429 7874 1222 5653 7432 4839 6825 3770 6069 5640 5013 6874 661 
379 0 365 382 253 249 120 512 512 512 512 39 9319 5155 5746 2487 1075 8356 7054 2279 6801 3626 6586 5253 4911 4430 810 2000 9411 6113 8494 3020 2276 3134 1711 6857 9175 7999 8142 1437 2691 843 3110 8696 3010 1590 3014 5833 8474 326 6027 
380 120 249 251 253 249 257 372 405 512 512 39 7823 6135 2468 5754 7980 976 4456 605 2541 9444 6546 8689 5344 6784 5566 7202 1568 7187 1020 3831 8812 1019 7715 5641 5408 9296 8818 2458 7388 2393 9854 728 3066 2224 220 2329 9778 2410 1173 
381 120 249 405 253 249 257 372 512 512 512 39 5697 6172 3633 5595 7972 1869 5162 5555 2303 9066 4098 735 5061 6928 2203 8355 3355 9583 4373 3656 493 5346 310 2619 2784 9827 9286 575 3803 3465 3347 7645 6465 8338 6266 3824 5778 5904 6900 
382 120 372 251 253 249 257 512 389 512 512 39 3899 497 2882 2752 367 7484 5475 1997 7552 9973 4485 6719 7137 1540 6496 4595 3867 4831 5634 2800 1353 2499 1905 8919 5473 8046 2165 6682 5128 8534 1300 2722 3987 5577 5100 8916 7287 5466 6503 
383 120 372 389 253 249 257 512 512 512 512 40 8030 7483 3846 2769 8735 524 6380 9294 9678 6865 4562 4763 4527 4435 4773 741 1814 9807 1564 3634 1813 6489 9012 1944 3153 3958 5860 4499 2764 7010 6515 3779 1371 8412 3503 7394 4194 732 9492 681 
384 257 0 0 0 0 383 139 133 244 249 39 6943 1842 1132 6311 8733 9484 7031 6773 2719 7048 7998 9846 3011 7473 2604 7280 6521 7259 2582 2251 2986 7016 8762 7261 3646 7495 809 6396 4071 5852 9979 5963 2122 5998 1986 8447 5837 3065 5279 
385 257 0 133 0 0 383 139 256 244 249 39 1901 6922 2124 8837 5560 9150 3145 4205 2636 880 8423 1463 6647 9102 7847 8210 101 7959 7087 3907 4598 4759 9487 8826 222 4525 6013 5730 8459 8443 2420 4674 551 6481 8913 3360 9635 8290 7661 
386 257 139 0 0 0 383 255 125 244 249 39 3636 2398 6217 960 7411 2534 1549 1607 8288 3738 9832 8362 4365 7852 9593 3653 4769 3662 6512 244 7377 3166 4319 6326 1518 4747 1439 4340 8133 2456 7941 3282 7184 4387 9141 6970 388 7345 1367 
387 257 139 125 0 0 383 255 256 244 249 39 1027 9559 4939 9510 3661 471 9077 581 3487 7620 1203 2008 3189 31 694 3595 9060 3534 9718 7597 9988 5039 2869 4508 7326 5901 7332 9671 7258 4419 7342 1069 7292 5183 4709 2217 4949 2069 3647 
388 383 0 0 0 0 512 108 121 244 249 39 8558 9982 9414 3444 1364 2750 5269 9288 8331 4056 7369 9585 485 6509 3511 7361 8752 888 4063 5925 7200 2037 4731 8171 612 9963 1029 9546 5902 9436 6871 9145 6822 5141 3701 602 690 5926 1259 
389 383 0 121 0 0 512 108 256 244 249 39 8391 7039 2611 2650 8280 3703 427 838 4915 8433 6316 5133 5353 8922 4268 8217 734 1042 4114 369 1654 7892 8740 8150 7783 1928 842 878 4665 7944 5908 7825 9798 5032 9691 7213 6598 7505 2403 
390 383 108 0 0 0 512 255 126 244 249 39 6564 9985 1544 2055 2578 29 8086 6916 6351 7904 1426 820 9926 8427 144 2907 2319 7480 1502 4577 5573 1511 993 8067 6057 5896 8632 9836 550 6156 9167 2876 8260 7759 9870 9503 41 9187 8453 
391 383 108 126 0 0 512 255 256 244 249 39 8375 8075 7810 3605 9838 798 4836 1993 2957 1485 7375 5756 1976 5907 3818 3836 7871 975 8704 7520 6868 5765 7355 4608 860 2249 1661 1969 571 4651 5000 4178 4011 5302 5456 6234 1583 2511 5744 
392 257 0 0 0 249 376 128 103 244 512 39 2926 5387 4865 9401 8259 4286 3797 4716 1582 1359 2759 3579 1622 4902 4844 3771 5866 6207 9011 4711 1783 6716 2373 1779 6007 766 3922 6153 1949 1049 3098 2608 6502 1388 8199 5927 3680 6779 3211 
393 257 0 103 0 249 376 128 256 244 512 39 6251 6721 3851 3848 9107 4576 2179 1392 5361 6301 4160 8529 4593 7217 6394 6283 5316 7363 4963 7701 2335 236 2467 7226 5739 3129 6847 4748 6911 498 5918 8727 5646 5885 2500 476 1975 1476 1325 
394 257 128 0 0 249 376 255 120 244 512 39 2099 8693 3719 9795 2022 8403 5407 4462 6638 3127 6669 1022 5012 9634 4395 7122 8460 8713 8204 8538 2298 2815 8680 7140 4043 9857 9665 8781 1451 3504 7346 4209 3829 2859 4470 7593 9088 2910 3591 
395 257 128 120 0 249 376 255 256 244 512 39 3206 2565 615 9267 3474 4509 2495 3343 3630 4184 8069 8676 3717 9399 1990 7499 8561 3078 2767 8556 4672 2455 1242 1124 863 7402 1878 7296 6750 8377 1587 9541 696 9027 1523 9120 2557 9726 4454 
396 376 0 0 0 249 512 111 121 244 512 39 8380 1269 5875 183 2828 48 8994 9696 4402 4094 5275 7834 533 2888 5596 1807 1163 4250 7675 2466 6722 7851 2396 118 6484 3883 6591 47 4159 9499 2290 3697 4370 1868 7663 8040 1361 3336 296 
397 376 0 121 0 249 512 111 256 244 512 39 8291 2761 1773 2193 8909 1761 1106 7266 8359 5106 6581 3857 210 6949 2501 2142 5702 1794 7492 1765 8348 1415 6082 8201 943 15 1422 8484 3708 6445 1493 8958 3097 8085 839 18 7021 50 4287 
398 376 111 0 0 249 512 255 146 244 512 39 2191 3637 6416 4972 8365 8631 8871 2049 9820 8140 9026 7370 8441 520 6985 7653 8683 4045 4903 6398 386 3148 227 9076 7493 3406 2088 7491 4029 4575 2823 7737 3617 3090 2978 9469 5995 5880 8063 
399 376 111 146 0 249 512 255 256 244 512 40 7855 8378 8162 8604 4812 6087 3394 2917 2097 1070 848 5196 5934 4879 3225 1264 2120 7018 424 5457 6017 4475 6491 3940 8413 5306 7600 2976 9181 9939 5190 5174 8576 1896 555 3811 5623 8744 2602 2740 
400 257 0 0 244 0 380 128 143 512 257 39 2958 6179 9849 1819 9576 3442 656 150 6130 5460 4871 1206 1595 1875 1329 3781 262 9400 3115 4596 5855 9234 5134 771 5119 5937 4677 9522 6426 808 8508 5481 3038 7252 5826 5326 3067 5416 270 
401 257 0 143 244 0 380 128 256 512 257 39 2896 8485 5025 6488 9482 9905 1499 5992 1823 1055 5624 404 1308 12 3280 1769 9341 305 5341 9363 463 8598 5175 3108 2160 5568 2429 1390 3799 7517 2548 663 7564 1425 8498 5989 1113 9599 506 
402 257 128 0 244 0 380 255 134 512 257 39 1310 2573 1633 4322 6024 4171 5445 4164 6596 6633 5935 7928 5586 6809 9118 7987 834 4202 8850 8923 5562 2127 3531 5290 8720 9462 3075 683 6075 8892 5137 9490 927 757 266 9704 239 2116 6917 
403 257 128 134 244 0 380 255 256 512 257 39 9784 1421 8349 7100 4068 4580 738 1676 5131 1806 6548 708 9666 4727 7011 7407 6595 4895 7068 6410 7880 1983 2357 3844 8196 7965 6003 2483 7875 9199 2736 826 6088 9621 2115 6154 3885 7443 3764 
404 380 0 0 244 0 512 111 90 512 257 39 7188 5632 9216 9290 883 2908 9304 5633 5035 8241 6553 9685 1175 3144 4216 5675 1710 6100 7358 2734 2369 1101 7418 4331 1207 2200 3731 2916 4537 1420 2003 4384 9264 3832 2592 7708 9701 8694 438 
405 380 0 90 244 0 512 111 256 512 257 39 9513 8757 8124 3062 4484 1704 1256 6203 3768 6870 3670 2362 8102 3202 303 3920 3291 8309 5371 3828 8059 9496 7850 633 2560 4143 6151 2528 6149 8379 6993 7081 4157 8585 9737 2513 7961 4784 6969 
406 380 111 0 244 0 512 255 154 512 257 39 9667 4479 6601 321 1066 5219 1713 6551 1845 7237 6646 8135 7996 3691 4506 4032 2385 3209 1632 5535 9958 5409 8319 740 5438 4728 7799 4546 8864 2328 3902 784 2802 8006 9279 2796 7821 9564 4040 
407 380 111 154 244 0 512 255 256 512 257 39 8736 8700 9456 7689 32 885 5952 8848 9975 5231 3550 2679 3159 2596 9166 4905 7789 9534 1356 3676 5598 8364 5232 4771 4908 8518 9188 2692 3843 1218 3918 9208 8218 6224 3459 1888 6264 5104 7699 
408 257 0 0 244 257 383 121 140 512 512 39 9292 3477 4948 6452 6162 8167 6463 611 2835 5962 2637 6811 3049 2195 7746 6147 4680 8351 1157 978 2434 6848 3200 9478 7166 9806 4837 2011 9317 6642 8849 425 7637 5108 2703 9463 8536 430 5729 
409 257 0 140 244 257 383 121 256 512 512 39 4179 1342 4938 481 7364 319 2777 1955 9880 5790 1545 6191 4914 2473 7161 1666 360 5681 1486 3122 1716 4224 845 5126 4878 8360 2684 7787 1064 7288 9552 1871 7273 3479 724 7964 1693 3983 7548 
410 257 121 0 244 257 383 255 147 512 512 39 2824 3448 2808 5049 9498 9375 7634 3620 6370 5612 5982 2194 8376 6735 516 1118 1872 6230 535 6846 8081 4750 9589 3058 787 1601 1828 9457 5205 7297 1410 5628 6005 4704 8847 6894 1 2291 5551 
411 257 121 147 244 257 383 255 256 512 512 39 7572 3294 9299 3469 4818 6329 8304 3315 9374 9600 8176 3854 754 395 1144 4640 5921 3077 2928 6061 2780 468 2643 755 6413 164 5065 3476 4572 5954 844 623 937 8429 2570 9683 3586 4996 8783 
412 383 0 0 244 257 512 131 120 512 512 39 3087 1574 9611 8941 9732 3930 3471 7204 8729 3319 6665 2391 9297 1694 4361 7471 1403 5414 6845 8071 4890 8392 331 3425 6892 3466 1430 1279 5988 7774 231 3480 4289 4745 1681 6138 6393 5630 7533 
413 383 0 120 244 257 512 131 256 512 512 39 7989 2858 4103 9321 4925 9219 288 9712 5786 2547 2632 3928 6352 2630 5615 1048 3363 2558 1667 513 3744 2593 444 7718 7744 1172 2297 372 6297 5088 5620 7528 2104 2737 9412 1757 7864 4342 6016 
414 383 131 0 244 257 512 255 127 512 512 39 8390 7646 5300 7911 3549 6955 2981 8645 7938 86 66 333 4010 5813 9705 62 4590 2569 5700 5398 7373 4600 2640 8968 4882 5055 3172 1687 3131 4170 2152 3590 8367 4257 3858 2414 5451 486 6336 
415 383 131 127 244 257 512 255 256 512 512 40 2627 9230 2622 7174 4803 3245 3685 1487 1153 2532 9924 4813 9714 5699 9240 4033 6299 233 6700 651 569 9664 3495 5465 7108 9959 2989 7930 3353 6368 3915 8207 6477 9421 5397 3494 6436 4203 6039 9254 
416 257 0 256 0 0 389 115 388 256 248 39 9920 6332 3345 4464 4127 223 4185 9785 3757 2817 2775 818 5978 1282 3666 2183 8671 4233 3034 6208 6043 7582 3008 2657 1090 5044 865 643 2370 7041 6049 3810 3423 3979 2774 3642 5478 7165 6679 
417 257 0 388 0 0 389 115 512 256 248 39 9594 1786 991 7070 4181 1438 2190 9537 9917 359 2831 1376 6684 4036 8769 7482 5117 5524 5899 6468 7430 9626 5983 38 8675 4829 3794 446 9793 1226 5564 653 606 200 3183 2350 2895 2814 2138 
418 257 115 256 0 0 389 255 383 256 248 39 4337 9536 5041 3443 9592 8555 515 2898 7397 5650 504 3037 1469 8222 7642 3317 635 8900 1580 7943 2058 8240 8361 3335 5819 1009 9983 2728 1572 8522 458 6877 2735 6768 2227 5383 6755 7111 3015 
419 257 115 383 0 0 389 255 512 256 248 39 9247 626 6621 1404 9207 6909 7465 4084 8388 1689 5883 8911 8109 8497 9223 6905 8942 2082 8644 4950 9142 3042 795 6210 9127 7690 956 5077 1644 5810 3959 9655 1879 5053 7761 1245 3791 2030 1241 
420 389 0 256 0 0 512 124 360 256 248 39 1103 9868 1198 9557 2543 205 1195 2771 6654 9796 2192 4264 8100 7190 676 3486 2155 1501 6817 4235 1186 5590 4507 5293 546 6947 5802 3601 761 9101 8437 5489 7264 4024 1829 8827 7119 934 6475 
421 389 0 360 0 0 512 124 512 256 248 39 4782 9090 1343 5171 4021 970 264 7291 4025 6851 3303 5743 8098 9770 9812 7206 7317 672 1853 5241 2002 8797 4241 419 2086 2342 7447 8385 9314 7740 3070 7269 1767 2125 335 9995 9172 4707 2836 
422 389 124 256 0 0 512 255 389 256 248 39 1498 3947 9085 8058 2451 9573 2453 1560 2260 932 8860 9455 3304 7386 9638 4041 2623 954 7682 945 9468 5214 119 6155 2215 9970 5747 835 8879 2254 7307 8357 8175 3369 1759 8407 7985 6438 5717 
423 389 124 389 0 0 512 255 512 256 248 39 6645 8229 5661 4656 8387 6420 4108 4156 5146 1385 2149 1536 9096 1181 7525 5820 7845 3694 1037 4639 6247 6832 3385 159 7235 6486 4496 1114 9137 6460 5009 3221 5657 208 2262 7688 7670 8944 2651 
424 257 0 256 0 248 381 123 401 256 512 39 9502 6881 604 4970 2797 366 3919 155 1152 1508 5740 332 1411 6975 8052 8330 4840 6797 1908 6660 87 7907 6941 8316 6271 9193 4729 4516 1606 2256 4200 7720 5563 1258 1452 3460 1877 8824 8281 
425 257 0 401 0 248 381 123 512 256 512 39 2280 4129 9043 7309 1290 8129 6474 4975 1102 6527 2486 8113 8164 1866 1318 7867 202 6639 6622 1330 7678 3966 3378 7767 9874 1826 6335 8503 8899 3800 8034 6012 7154 7958 1243 3036 2756 9876 875 
426 257 123 256 0 248 381 255 383 256 512 39 3612 8126 8637 24 4535 1200 6384 537 7559 1083 5070 4852 8722 7624 3012 7401 2819 8329 9466 5584 4437 9185 549 4085 9170 8186 5871 3659 5736 7428 1680 3276 2092 454 682 2375 2529 2690 7705 
427 257 123 383 0 248 381 255 512 256 512 39 8168 4211 1719 225 6578 470 5263 5267 1260 9139 9112 2382 5006 6211 5047 5184 168 2096 5488 106 8838 2064 4334 1171 5085 7666 8080 1047 1731 6971 4272 7838 1400 459 748 9231 1468 3655 2074 
428 381 0 256 0 248 512 133 394 256 512 39 9952 909 3409 7687 3191 5923 3521 1154 6303 4317 8372 7969 286 587 1191 1311 8596 2947 7811 8106 7794 3050 2990 6458 1861 9674 9059 9909 2394 6285 8277 5429 4451 4941 7423 7344 9646 548 341 
429 381 0 394 0 248 512 133 512 256 512 39 4855 6765 4460 9210 4641 6304 3472 5339 6320 5358 6028 8653 7457 4150 7101 7706 4409 399 2901 5673 1488 2314 84 6146 2412 2457 184 9841 9998 5818 2105 5242 3278 3116 137 6777 2275 9735 6322 
430 381 133 256 0 248 512 255 368 256 512 39 4929 1538 88 4768 847 6419 6282 5602 1884 2720 8542 8912 7071 4275 2842 313 3197 514 7549 6999 3809 9549 4886 9903 3180 3435 2540 2009 1141 8883 2654 6081 7416 1012 7601 3702 3997 156 9008 
431 381 133 368 0 248 512 255 512 256 512 40 8159 2818 8083 6908 6132 6643 2101 8552 6803 6976 8011 5924 1728 9359 8297 5156 4780 4277 215 8258 7612 6644 1447 4330 3609 3663 1972 1328 654 4875 3912 8663 1178 1961 1412 4760 7827 1950 4398 1398 
432 257 0 256 256 0 385 118 388 512 255 39 4691 365 5882 7197 457 1428 9295 2 9629 2853 8517 4743 9659 209 4586 5287 4478 1399 2530 7515 1631 2201 1525 7147 6902 2415 1917 9138 2402 3248 2129 5084 2594 6795 1563 72 7057 1107 1751 
433 257 0 388 256 0 385 118 512 512 255 39 3499 3427 1121 6378 8579 6760 5312 7771 4417 4459 3613 4248 2503 1119 4933 1133 216 5798 2790 3168 4312 1708 4928 1210 2026 4153 3755 1812 2184 1387 4932 57 3401 9152 9146 7117 8775 5773 4945 
434 257 118 256 256 0 385 255 405 512 255 39 7583 4452 3190 7891 253 7608 373 9044 6879 417 2972 9495 3201 1396 4304 1567 4868 2587 4486 3559 8787 4003 2113 7030 2024 5497 7115 5401 5105 2353 2068 9900 7619 2052 9042 5817 3711 8964 2283 
435 257 118 405 256 0 385 255 512 512 255 39 7449 7130 5284 282 9274 5096 4965 1614 9109 5788 8950 8589 7195 3500 8776 8193 122 7425 8283 217 3693 1462 7152 1734 8468 4120 393 6300 6499 1611 6067 9236 8043 3081 1894 9273 6695 2383 3567 
436 385 0 256 256 0 512 114 398 512 255 39 5281 3530 2478 5979 2164 8206 2072 1698 554 8774 8754 4280 3416 6754 196 832 7952 2644 9064 4987 5940 8068 4311 9391 2983 994 9897 7353 6693 9160 1365 8666 821 4796 411 8985 334 8597 3950 
437 385 0 398 256 0 512 114 512 512 255 39 6321 6841 5304 6366 9679 9263 1591 9148 2117 556 1555 2135 3458 9039 2123 7626 2936 9930 8777 8242 6849 1434 8312 2585 5325 248 5038 1076 4723 3198 5616 1253 9859 7107 8502 4849 1446 7766 9786 
438 385 114 256 256 0 512 255 382 512 255 39 5011 7519 692 7270 3032 1771 2792 8705 8091 4540 6253 8138 9259 8642 7073 9694 2366 2111 8188 8898 7123 7143 1851 4567 153 37 3004 8668 4510 4223 5023 2668 1821 8161 242 3082 5189 1838 9762 
439 385 114 382 256 0 512 255 512 512 255 39 8839 8785 9030 9071 1503 4105 6701 1316 4661 1952 9131 7991 2779 61 3139 173 1167 3837 5273 7007 5608 3222 5583 9766 8761 7173 1893 6022 7736 4053 9987 5368 7494 3552 4942 7244 5984 40 7435 
440 257 0 256 256 255 389 113 387 512 512 39 5806 9862 4561 9649 1803 3306 4682 7935 1409 8369 163 2527 790 5552 60 8236 8232 7467 2561 7343 5686 5723 1143 7212 9202 5872 8366 7193 7232 6006 4477 7215 6399 3953 5752 4891 4698 9883 5003 
441 257 0 387 256 255 389 113 512 512 512 39 7239 5877 447 1662 8469 6446 1236 3583 5823 271 8477 3338 4019 4671 2380 3307 769 472 3031 7894 6614 8805 9966 6206 4411 3213 6786 97 9927 6954 9895 8019 7535 9773 7703 1268 4618 5599 6705 
442 257 113 256 256 255 389 255 413 512 512 39 5057 445 585 7106 5822 2729 6624 718 3547 730 6371 2126 9338 3268 5436 2787 1621 8302 6552 2080 4261 8033 8333 7702 505 3287 2555 1870 4876 1890 3840 4587 7784 5180 7975 2647 5373 5381 5367 
443 257 113 413 256 255 389 255 512 512 512 39 6408 1216 1585 4520 5889 7693 7250 8479 4952 7372 659 6084 6467 4061 3658 4152 4845 8624 1532 3384 4888 8274 3092 2881 7731 1889 6584 4100 6066 8995 8745 509 147 2293 9371 6262 3040 4399 3971 
444 389 0 256 256 255 512 132 391 512 512 39 9257 961 6195 9516 3146 9520 5941 5319 2956 9817 6 2982 6490 7056 5181 532 1246 9377 8410 5220 3774 1220 3263 9548 7053 226 5522 6683 3949 3138 1933 7219 4824 3523 1339 8986 4047 9878 8373 
445 389 0 391 256 255 512 132 512 512 512 39 2658 1558 4550 8767 8621 3538 1648 983 1337 49 5537 3149 3817 1352 4161 2864 9470 2166 3266 8104 4958 1087 1338 4252 8172 1277 3722 4189 5452 2642 1962 3954 3468 9637 2416 3218 7051 94 5147 
446 389 132 256 256 255 512 255 395 512 512 39 2884 7556 344 7578 9842 3692 5629 2274 6831 9092 1625 4374 9306 6381 4345 1951 3299 4449 5571 495 7878 1977 7393 2717 4291 2920 3866 7238 6122 6243 7248 9180 1017 5458 1130 6915 1910 3452 5206 
447 389 132 395 256 255 512 255 512 512 512 40 2270 1162 2909 7284 6487 9440 7354 4582 4515 9889 2894 8235 7738 4347 9577 5182 6171 5120 1686 6820 8476 4814 2880 4947 2837 1899 8451 4436 6746 1375 6680 7192 6636 8023 6953 8209 9392 1874 2143 3481 
448 257 255 0 0 0 379 384 141 252 267 39 6686 5506 5098 2389 4237 1459 7431 7870 6108 3431 1091 8929 3091 4231 912 3686 9298 4517 4785 8320 1169 409 1442 3229 3769 9715 3396 6974 1692 5658 433 382 8893 5847 7781 6506 8989 6097 6294 
449 257 255 141 0 0 379 384 253 252 267 39 5977 6187 2339 3454 6045 6318 1377 8298 7945 6098 6360 5611 8821 7294 8531 6772 58 8662 1864 5613 5993 4669 7912 6037 3296 9278 1284 7676 2970 9547 2471 4126 3587 8341 951 7587 4547 6575 3546 
450 257 384 0 0 0 379 512 112 252 267 39 65 823 7012 3501 4505 7136 3068 6707 4653 7734 4483 4295 758 6978 4339 9752 1609 3237 3505 3740 8691 5078 9933 6745 8103 8514 4642 3962 2614 1305 228 4246 5197 2841 794 4221 9991 1067 1575 
451 257 384 112 0 0 379 512 253 252 267 39 1142 6440 1276 942 4646 8003 9289 9157 2322 5914 8674 4889 320 4821 5514 9189 8519 7782 4381 9808 8863 9799 796 6178 2714 1005 34 4857 4070 9079 306 4239 7316 9418 6055 8918 1840 4541 8415 
452 379 255 0 0 0 512 396 122 252 267 39 9722 8169 6202 9045 3493 3956 6120 7099 6759 6387 6572 2988 8648 4856 4610 6423 1494 1484 9570 8664 1182 7019 8308 229 9140 1164 8343 6720 140 779 4067 4751 2332 7295 389 8009 8692 1991 4112 
453 379 255 122 0 0 512 396 253 252 267 39 8119 4894 189 972 6727 4668 3024 9743 8966 5152 5298 3411 9395 6566 9758 2368 8263 1744 6009 8327 4131 4746 2941 1188 6168 9609 7503 4285 6428 5762 5812 5718 2954 9501 5022 9925 6152 2762 6435 
454 379 396 0 0 0 512 512 100 252 267 39 6298 6306 1340 5163 6083 8255 412 3417 7656 8318 8038 7026 2685 8279 1016 8759 4681 5516 3871 949 9953 9884 8527 7080 1007 9419 6250 7077 449 7609 9518 903 9554 8851 2670 5109 7233 9386 5074 
455 379 396 100 0 0 512 512 253 252 267 39 2806 7712 9097 7303 2418 9867 9489 7201 2512 6386 8977 632 4388 1168 2996 9055 9037 5864 1363 8149 3051 4848 2133 2435 4463 8473 3969 7420 8878 8267 7872 1824 6658 6776 7263 2118 9410 5268 3821 
456 257 255 0 0 267 378 382 121 252 512 39 7638 8695 1032 9235 3114 8401 2878 1504 193 2136 6991 6996 8764 9556 1249 9413 7849 6782 701 7004 1818 1257 2849 802 4497 884 8419 4123 4177 187 3467 7530 1179 8673 4864 1639 5567 3822 9269 
457 257 255 121 0 267 378 382 253 252 512 39 9913 7802 3859 6960 1725 7218 512 8183 3250 5178 2409 3753 7753 323 9417 3292 866 5580 9161 8047 593 9848 1081 9182 9856 1471 5056 8614 5716 4884 3207 4530 7311 9453 7631 5410 7097 6718 1865 
458 257 382 0 0 267 378 512 103 252 512 39 6860 6587 7033 5159 7440 4382 3270 914 6661 2480 8448 8192 1357 5332 1748 1443 9433 9196 314 6541 5785 7251 6276 2035 1947 871 410 7207 8599 4017 7171 1833 1858 5559 697 4441 1011 180 4724 
459 257 382 103 0 267 378 512 253 252 512 39 3917 1799 6612 8289 917 4154 610 8545 9091 1010 1137 670 5359 6611 9584 8592 7565 5176 4742 1319 8974 5252 2807 4219 2704 3819 2253 9409 9775 6659 564 6626 6040 8022 9632 5731 3555 4022 7220 
460 378 255 0 0 267 512 390 89 252 512 39 6931 5427 8096 7268 466 8998 3981 5876 9851 6385 3974 3525 1790 8350 1366 6136 7205 7856 7607 6280 3324 7132 8875 5103 5986 973 4104 6425 4717 1170 6649 8836 7918 7189 7857 5092 322 4403 9636 
461 378 255 89 0 267 512 390 253 252 512 39 95 2392 8389 5138 1041 7513 6293 1457 211 4167 3178 9663 2171 6507 9428 9918 1351 877 4418 7962 9179 6744 8310 4282 1497 9505 1333 91 3489 5173 5943 4444 6365 1732 8895 1052 5949 7986 141 
462 378 390 0 0 267 512 512 97 252 512 39 6110 7419 5321 4597 1509 827 7934 2148 2376 9209 1273 6046 2840 9094 8846 5366 6742 2782 7151 1727 5459 2084 8512 1942 7334 4944 855 7732 1407 1291 3789 4733 1513 4909 2931 5037 9226 6078 9871 
463 378 390 97 0 267 512 512 253 252 512 40 2948 8430 6443 4504 8123 5548 3932 1919 4689 5248 4133 77 1739 721 526 854 1001 8092 4075 8048 1435 5601 897 5868 9954 8510 836 4000 2015 8286 9340 9582 1789 2872 5280 479 8607 6338 1024 9794 
464 257 255 0 252 0 385 389 111 512 267 39 7721 619 649 1922 9018 9844 199 7512 1721 7086 8122 4260 8070 9385 521 8478 2962 6180 2546 9013 4301 250 6232 9755 4201 9515 7114 7368 8010 9256 7777 9488 4544 5382 1576 7636 5235 8270 4936 
465 257 255 111 252 0 385 389 253 512 267 39 3022 4281 3256 6713 3923 2867 3868 7893 9380 1669 1134 3543 905 4009 3055 349 2349 7028 6302 7476 9653 3346 5684 7592 2519 8537 3308 4111 9130 1963 6677 6048 3545 785 5759 8178 8491 9389 8580 
466 257 389 0 252 0 385 512 128 512 267 39 6192 1992 4532 8393 7417 3265 6525 675 4744 3205 5002 3216 5874 3339 578 1302 8835 5531 3005 8947 7971 7995 4357 4679 9802 8037 3639 624 5354 6741 8784 9125 558 2053 8015 3795 3064 4050 4880 
467 257 389 128 252 0 385 512 253 512 267 39 8205 7410 9703 356 6437 290 3063 7664 5719 4927 4362 2586 1640 7172 8697 2446 8303 4490 6605 2498 3977 5222 1863 7390 7453 3290 7760 3669 428 4060 8728 8257 8213 8790 4740 2621 8773 1960 2751 
468 385 255 0 252 0 512 386 143 512 267 39 2417 8793 2699 7747 6231 4020 8230 620 6444 3019 5225 6442 8345 432 287 9936 644 8559 7672 2879 9068 2862 9729 2167 5721 5821 6962 6073 6367 8551 8737 9645 6030 4860 6560 2172 4118 5520 9728 
469 385 255 143 252 0 512 386 253 512 267 39 1529 8618 5898 7630 9754 1326 7157 4584 1223 116 6883 8687 8115 8490 8328 2665 3041 7562 7550 9604 6459 5509 2188 924 397 9650 8811 5893 1857 4957 8903 1063 2444 6882 2157 6312 4548 941 1903 
470 385 386 0 252 0 512 512 122 512 267 39 5708 5342 8854 7792 5712 7883 5496 2855 4495 3572 2838 9618 1072 1080 9907 5093 5393 8269 9993 5295 4313 5043 3892 3880 6480 9757 2317 157 5795 7460 9119 5480 2288 6732 1945 8155 4243 4990 8358 
471 385 386 122 252 0 512 512 253 512 267 39 3262 280 6533 6657 2810 4192 7162 1937 4962 4077 8111 8750 940 3700 6715 6940 5443 2168 1015 7808 172 9962 9277 6292 8066 1647 5884 4786 2355 4851 9901 2436 7047 6608 2945 7633 9769 583 2758 
472 257 255 0 252 267 390 388 112 512 512 39 3677 7627 6173 6519 2949 2059 2103 6753 9916 7020 7469 4018 5751 8845 2323 6372 5020 5122 1700 6389 879 8904 8065 6422 5378 709 5474 4511 4774 3762 6986 8042 9258 3043 237 1746 7804 7063 3007 
473 257 255 112 252 267 390 388 253 512 512 39 1512 2267 115 3788 5574 5587 5783 1099 9509 6056 4863 5530 300 2889 4302 6139 2162 2132 7826 133 8516 1551 194 5638 5349 8520 4992 8215 736 7321 3387 4873 9507 6356 9329 3689 3808 599 7884 
474 257 388 0 252 267 390 512 134 512 512 39 1278 8734 2974 2700 5418 2348 727 1816 567 4793 1405 8436 9443 3445 547 5434 9373 1554 276 5831 4662 4605 2454 5262 93 2318 9009 8463 4736 8116 1542 4212 3372 1883 859 9640 968 2645 8223 
475 257 388 134 252 267 390 512 253 512 512 39 4977 1202 8276 5990 3 8198 698 2399 5058 5842 1045 2617 7504 6628 9471 5132 6449 2131 5666 9850 6531 3604 9711 6227 7899 6932 1638 277 3729 7922 6554 1089 4708 2579 9928 2032 5825 5246 9420 
476 390 255 0 252 267 512 380 100 512 512 39 8636 6261 7185 117 6194 6510 5017 4594 4531 7524 6309 1514 2242 3787 85 2524 2108 4057 7406 919 317 4866 5102 2042 7984 6896 6901 1078 4583 5828 9597 2046 9818 4549 6799 5703 3814 1906 9736 
477 390 255 100 252 267 512 380 253 512 512 39 6708 7256 8454 3835 8801 8074 2449 480 6590 9931 2023 9345 3710 2177 8749 5007 7974 3886 2432 9833 8239 1763 2937 9004 7135 4703 8943 421 8326 1729 1571 1788 2706 2406 5869 5648 5669 2515 4472 
478 390 380 0 252 267 512 512 132 512 512 39 4834 815 6699 2671 2243 2199 4438 1964 1274 8910 9919 8800 9078 8889 1720 4822 7997 9768 6670 7841 9084 9641 4099 4983 2326 5027 1286 6494 6925 4423 1040 3326 5945 9046 3679 1749 9217 667 8382 
479 390 380 132 252 267 512 512 253 512 512 40 1295 2680 7973 4080 953 8471 166 9753 8807 5432 9344 1792 1208 5449 1378 770 482 5834 9350 5997 5841 8324 9579 8114 2423 518 1605 5082 8174 5692 7278 2269 2464 9301 2860 9517 2147 1618 9950 2119 
480 257 255 253 0 0 379 371 360 250 266 39 3231 6793 4828 8095 9598 9902 7599 7 7588 2574 1423 1581 8144 3975 3089 9677 9393 3453 3455 1270 8718 3204 7013 4861 3561 4132 2641 8244 7168 5644 6093 8896 9864 3000 9126 7436 5663 2786 1844 
481 257 255 360 0 0 379 371 512 250 266 39 7657 5188 1155 5472 4469 7545 1629 4798 5187 8055 9566 7002 1289 2062 5781 9159 1489 2572 1967 2221 9472 8605 5099 4001 7310 5561 3382 6808 1000 4428 5687 702 561 609 4931 7814 8323 3602 1859 
482 257 371 253 0 0 379 512 356 250 266 39 8041 8154 7415 2979 8352 6492 390 8272 9473 5089 6090 5446 6927 4445 9811 8952 2716 9872 415 5386 1026 6021 5245 8414 6353 7090 3968 1322 5400 9036 7742 6059 1619 8544 2219 3420 6193 4599 8422 
483 257 371 356 0 0 379 512 512 250 266 39 6692 3227 3366 9823 2708 538 7581 1197 7843 4054 3687 6102 6263 355 3733 7598 2991 5224 4979 5079 6631 8029 8799 4633 8935 3439 9569 4406 9681 1312 1809 7228 108 1454 3214 1213 1980 1673 6864 
484 379 255 253 0 0 512 384 406 250 266 39 8991 3526 4588 2306 669 5772 275 7580 931 5835 2405 6222 4732 3383 6115 4341 613 4005 8792 9450 6690 8317 5083 9361 8587 5505 1968 8620 2442 4858 3681 4155 737 3557 4038 6833 6855 9616 5299 
485 379 255 406 0 0 512 384 512 250 266 39 8421 768 4324 8077 158 6089 4757 3322 5116 1126 1965 7586 4458 3916 9669 5227 1827 3261 6769 6148 1920 4631 9238 6774 7383 3878 705 1703 3772 9151 1766 9237 3332 7570 2377 8461 2741 2963 5150 
486 379 384 253 0 0 512 512 391 250 266 39 8778 1315 8936 3488 6052 9192 5714 4557 3182 3585 8488 2553 7990 9759 9041 5129 5428 245 1643 73 5742 145 9542 7242 5396 967 3623 7554 7745 2333 1579 6205 9222 2966 4315 9508 8062 6981 7325 
487 379 384 391 0 0 512 512 512 250 266 39 4551 2229 3563 4738 5639 1235 9442 9843 8189 579 971 5999 6958 6959 1301 9989 1348 3111 9697 3929 7267 7177 6556 7828 1184 1100 7234 5614 499 621 8969 5543 8743 9213 7191 491 1843 9825 7331 
488 257 255 253 0 266 369 372 355 250 512 39 2975 5030 7748 2439 2943 9354 7348 416 9601 800 807 5377 7461 6930 6740 2361 916 8755 6592 6457 1445 1612 4579 6223 3982 3588 4555 6244 6640 7442 6789 4718 8354 2567 8228 6456 4802 2051 6121 
489 257 255 355 0 266 369 372 512 250 512 39 5930 2516 2153 9370 7906 5247 1122 9249 645 6258 4655 3664 8872 8371 6688 2805 9308 8804 2469 23 3989 7159 3737 8148 9948 8967 9309 6145 9448 1035 2244 3909 5236 7429 9990 7819 3313 8493 601 
490 257 372 253 0 266 369 512 383 250 512 39 998 7230 6241 7060 9550 3386 8256 6359 5356 2351 3712 1406 7569 2474 9787 6074 5202 2918 6242 837 8758 1670 2539 4121 5627 9153 9506 3419 9366 8499 1768 6164 5647 6862 1056 8595 219 232 2674 
491 257 372 383 0 266 369 512 512 250 512 39 8715 3407 2803 3080 6980 3911 8306 3509 1745 6995 9724 8677 3162 9029 7514 4907 2185 1867 4923 347 6166 3013 8699 401 7501 638 3373 2715 3537 825 6308 9086 5565 9610 9944 8406 8852 9740 9250 
492 369 255 253 0 266 512 387 388 250 512 39 2067 5417 2228 8004 3574 2832 9568 5533 4222 7603 6094 384 6984 6536 746 5365 5086 1427 2085 664 881 53 3943 9627 5145 3580 7649 1073 9073 9614 6599 806 4115 7313 3039 6189 2902 6411 456 
493 369 255 388 0 266 512 387 512 250 512 39 7955 9121 5208 9262 2662 6291 3130 5051 1481 6588 8541 5477 2873 5211 3935 5415 6813 2625 1941 7722 1211 4623 3492 4113 7863 4670 5461 4348 2589 4227 4076 966 6539 7585 1086 1224 4074 7366 171 
494 369 387 253 0 266 512 512 380 250 512 39 8036 8940 2531 9379 6681 1557 263 707 4629 8191 5067 1474 8791 2007 5148 5303 1108 6200 9531 6141 5166 7082 1923 5283 8948 4559 3251 8056 8181 9265 7164 1753 3365 394 1448 9035 3625 4376 4827 
495 369 387 380 0 266 512 512 512 250 512 40 3244 6764 1565 3463 8530 3301 1176 475 7728 6124 9511 2090 5005 9074 936 3539 9725 7405 3593 1117 8408 6906 6216 5727 5347 7441 5301 1785 1018 1675 3281 3517 9117 9992 8439 4007 3357 872 6712 6382 
496 257 255 253 250 0 398 400 394 512 247 39 9613 9245 595 2094 2694 9481 2482 799 4366 8659 9670 3995 898 1911 3577 4294 8007 7876 4701 2776 7380 1815 4754 4273 5576 4881 5314 240 5075 9429 327 3362 2551 213 9940 9307 4415 5558 2927 
497 257 255 394 250 0 398 400 512 512 247 39 1546 5110 6923 1760 4581 3046 750 8809 8975 685 640 2005 6497 4841 8655 6828 9994 1429 1971 4795 2043 4692 4835 5969 7408 4961 7479 1380 7337 4434 3300 8661 3845 801 7698 3283 9956 6091 5392 
498 257 400 253 250 0 398 512 383 512 247 39 4471 6430 1192 1217 3273 6912 9243 6798 9053 5026 9756 7036 402 1907 1004 378 3269 5679 1038 2266 2445 4921 7225 7862 4389 1456 5776 462 9861 1472 8926 6619 519 759 4926 3433 5413 1891 1848 
499 257 400 383 250 0 398 512 512 512 247 39 1149 3006 3358 6060 3993 2315 2089 197 2106 4425 2961 862 9749 2874 1495 8957 9169 7658 9339 9275 9331 5728 1158 6047 1082 8684 8262 4685 9790 2448 4758 1349 2748 1382 5529 9318 566 7391 3611 
500 398 255 253 250 0 512 387 379 512 247 39 5362 7558 3376 3578 7323 8435 5734 8710 4166 6226 9165 5873 6589 4431 3652 3094 2401 9526 5652 3564 4004 1440 1151 6392 3016 2378 765 7854 7650 9852 9464 788 130 8626 767 3395 2583 1524 3069 
501 398 255 379 250 0 512 387 512 512 247 39 5836 4197 4488 7946 3470 3998 4116 5294 9623 6142 478 9828 6402 5748 3996 4229 8681 4658 9742 2689 2618 5605 179 7931 4725 8874 753 503 6577 9553 9562 5469 3558 8658 2732 1190 6175 7450 5369 
502 398 387 253 250 0 512 512 395 512 247 39 3121 7243 3581 3675 5705 7040 2134 2233 4407 3660 9002 7860 6537 8961 1028 545 104 2799 560 1701 4494 1414 6963 5553 188 7446 3657 9792 5853 2225 9692 186 695 4721 7772 8299 2222 1372 5399 
503 398 387 395 250 0 512 512 512 512 247 39 786 9707 8563 7456 1832 6994 584 5542 4538 3860 3678 1084 6401 6540 6890 9133 9330 1805 3790 8344 6019 1160 6085 1492 1764 2702 9893 3112 1065 1247 8955 455 464 1458 6464 8261 7065 1156 5610 
504 257 255 253 250 247 377 366 375 512 512 39 1320 9951 6824 5846 7089 6547 5320 4667 2659 7003 8921 6033 7221 5243 1183 2259 2425 8438 9580 9706 3368 2490 864 6290 2698 7606 8054 5974 8868 6160 5958 3528 8353 4982 8803 7422 7409 9155 9028 
505 257 255 375 250 247 377 366 512 512 512 39 5179 2324 8820 3913 3887 8972 8027 8340 7155 3856 7124 9733 816 2212 8641 9049 1593 1956 1777 2363 6363 9860 7665 4228 4042 3992 5917 8960 1854 5271 3874 9376 9624 3942 3027 673 5755 3988 4327 
506 257 366 253 250 247 377 512 366 512 512 39 2272 7640 441 6129 7126 1755 3309 4688 5403 4283 5816 6415 2701 6853 6838 5513 1060 1068 7795 773 2316 6181 113 3255 3763 8833 5217 7138 5604 2098 3508 2813 4175 7681 4805 7298 9459 7895 7050 
507 257 366 366 250 247 377 512 512 512 512 39 5763 1801 8492 6270 7885 5947 4560 7125 8464 1482 8772 1381 752 1123 5042 9023 420 7506 4186 5920 646 9942 1006 7629 3152 6157 2271 4284 3184 6873 3793 4825 7464 4606 3714 6354 9619 2158 5791 
508 377 255 253 250 247 512 384 388 512 512 39 9780 5525 8486 3490 9763 3752 2911 900 3802 2591 3405 1714 6377 4968 4210 4556 9191 7246 6050 7247 9921 7539 9612 5068 4501 1480 1413 8690 3784 7315 6929 9493 1979 3113 1250 9397 5672 3359 8996 
509 377 255 388 250 247 512 384 512 512 512 39 7000 980 7275 9070 8108 7813 589 6785 5463 9896 9831 4119 4323 4523 8452 3150 4919 22 8566 7978 1602 5597 9720 9432 7830 8578 325 2301 7231 6704 6112 6843 944 7240 9532 6615 1931 3936 8248 
510 377 384 253 250 247 512 512 386 512 512 39 5976 1505 5479 8296 6814 259 3253 5960 3741 6634 5277 1138 3765 5491 4240 4215 7511 4158 5052 7254 7109 1034 178 3884 10 2563 1515 9437 5688 9615 6221 4806 963 1127 4369 9709 5016 6137 5071 
511 377 384 386 250 247 512 512 512 512 512 40 8810 2798 3128 4777 1641 9477 2020 4867 4787 7458 3331 6274 3638 2424 7104 9781 2533 1887 4353 4344 822 9407 1586 3994 2110 7541 5550 5928 0 729 1293 7691 7709 2967 1331 4995 8649 4165 4563 1424 
