64
64 0 0 0 0 0 129 264 259 268 248 93 5927 3940 1365 2767 3354 4111 5388 1720 2017 4400 1998 5256 3765 5587 4899 4898 1105 2176 3864 592 1936 585 2485 1304 5433 4843 5661 5361 3771 3361 3618 2100 3409 1741 3442 2084 1996 4239 726 3703 2852 4910 4925 1617 1844 505 5436 4566 2530 126 1099 2900 1005 1107 2994 1986 5915 444 454 2093 477 1031 2766 4369 2562 2591 517 406 3021 3903 1340 231 4476 5843 1552 5475 1152 5266 2851 3 3644 1754 5699 2135 1980 1324 4543 4961 661 5719 1403 1177 3594 
65 129 0 0 0 0 253 264 259 268 248 94 1947 4188 1098 1164 2610 702 4128 4643 198 1355 1314 436 1171 2779 1426 3324 5803 3529 3419 5414 4077 1977 5609 3143 4249 3502 2833 5650 2618 4804 1234 579 603 238 4680 3032 5734 4467 2184 983 548 5752 880 1485 5709 21 4091 1088 5499 2434 3154 135 2109 2086 2964 105 246 4931 5131 2374 1595 2040 2657 350 1080 1950 460 1850 615 3398 982 5283 2148 2052 2848 5465 451 3038 665 2728 5058 634 1603 2269 5986 5151 5555 4901 1479 3933 3319 376 5748 967 
66 0 0 0 0 248 128 264 259 268 512 94 3950 1108 1615 4331 5172 5271 3841 3900 1116 5730 1677 5022 20 5472 5736 2882 2022 4871 861 2180 5668 1487 4024 5002 4447 239 3937 5766 5765 2776 2960 5014 1540 2244 3366 1621 2877 349 4039 1769 2990 1556 926 5129 5298 3583 254 4955 1544 4216 4483 2330 531 3914 5045 1915 4262 4038 4702 2586 2590 1689 5746 5883 5076 2612 3016 2094 5540 4105 2927 4088 1405 4795 2684 4996 3854 5977 3026 3343 1845 4155 3356 3794 1941 4062 3090 4655 22 4474 3067 3177 3817 2835 
67 128 0 0 0 248 253 264 259 268 512 94 267 5975 3077 1938 5482 5594 3295 1062 3251 2006 4311 1070 5791 4373 1553 2698 4449 587 500 752 3137 5739 149 1315 4044 981 3120 1246 5137 212 3955 3085 3920 5777 2465 326 3967 2314 3883 1824 3338 1433 2635 1703 1765 1993 761 205 5066 3269 4537 4950 3784 899 1651 5181 1402 3082 5604 2344 1369 3370 5409 2011 2328 4404 2245 4185 5838 3870 5923 5665 2786 3980 5071 1561 3262 5906 4328 4667 3323 1912 5717 2217 4318 2123 362 1793 3499 2745 5130 4025 739 795 
68 0 0 0 268 0 121 264 259 512 223 93 5320 5695 3812 1905 4021 5138 5689 627 2881 2112 5935 220 745 1744 5368 5944 421 1826 3488 5658 3215 2884 1362 5157 938 1920 4023 1887 5999 2000 3364 5726 1622 4362 9 1593 3053 4016 5063 1951 3327 5524 5954 5585 2003 146 5357 2228 2159 2831 838 2234 4028 966 5870 5662 2772 232 5556 2860 4747 3932 2288 2694 4143 1430 3036 1319 3966 5743 941 2509 1756 137 5036 1860 3429 927 3247 5212 4525 832 1578 3347 4618 5210 3141 968 5982 1847 99 4011 656 
69 121 0 0 268 0 253 264 259 512 223 94 3540 1050 4600 5184 3729 4754 2309 3588 2114 1469 5162 1974 1178 4017 3972 5229 1817 4531 3928 3956 1858 4815 3702 5669 5769 2913 1034 619 2659 5642 1444 1398 4385 4228 4648 4714 5364 2195 3930 3121 759 867 913 2855 103 4365 4705 3014 4549 2892 2376 3015 5213 5030 3309 4661 3789 3593 991 4904 2008 3614 5607 5823 226 869 1652 6 3770 3144 4148 256 431 4642 2695 5416 61 3386 1791 1573 1527 1674 2171 42 1566 244 5399 2923 4821 3989 5547 368 3996 2431 
70 0 0 0 268 223 139 264 259 512 512 94 501 547 1837 1891 150 929 4681 1173 2102 2778 2563 5500 5960 3493 54 5660 3518 2673 3009 4452 3998 2839 5303 3069 369 4831 472 4168 5523 5794 5046 969 1907 3424 5716 4507 57 4502 2091 4538 4022 3968 1343 2704 3971 5334 5167 1987 2315 3353 4557 5997 5407 3039 1963 206 4887 5908 4805 1127 2110 2170 5636 589 4270 208 4861 2308 5871 2346 1170 2644 2225 270 2873 5788 2740 560 3893 4716 2944 5978 309 2569 4558 1163 1926 4829 3087 3497 2272 540 1247 2494 
71 139 0 0 268 223 253 264 259 512 512 94 51 4302 1962 1838 495 3293 1425 4051 4802 4274 2535 2637 5762 3448 1020 1422 4468 2221 1197 1788 4733 59 2876 2841 5626 3057 1662 2202 4798 447 3691 3109 814 2957 485 2663 3951 5201 1569 2034 2419 2988 5438 5450 4757 1819 67 1417 951 1728 3458 1929 1857 5537 1502 4943 1691 5599 2460 784 3798 402 1463 508 1305 2098 2350 3211 3119 3988 358 4084 695 1132 5495 3604 5385 3457 594 2056 722 2453 3721 1219 2451 785 4414 3150 3159 4818 4916 3866 4518 4976 
72 0 0 259 0 0 114 264 512 252 255 93 2550 4376 3355 3659 915 3647 5576 3317 223 199 4177 5485 5938 2546 2854 2121 112 4147 329 4186 5861 4454 410 2440 507 3654 5656 3509 1653 4381 1771 5957 5102 5149 1455 5448 3346 4060 2267 550 5684 5275 4499 3826 3853 1416 3869 3422 815 2127 2253 2255 734 3066 4774 401 1249 5490 5026 366 3807 2930 56 4493 895 3062 1385 1731 4372 3800 2265 1800 4817 973 1584 4572 4834 5074 4830 1972 1904 1018 2753 4040 1205 4823 4099 5663 5220 760 5337 4204 2444 
73 114 0 259 0 0 253 264 512 252 255 94 4811 3532 2492 1894 588 3923 5031 3441 3012 1220 4664 3385 1811 5516 1781 3948 1021 3851 922 4235 1805 4847 3435 3743 5687 1543 4252 5810 261 3146 1694 3621 4941 324 5223 3258 2045 4412 5241 5888 2681 1237 3220 3292 5306 4377 5962 4224 233 2820 2519 1048 5680 1676 2427 3482 537 488 3708 2139 2 40 4481 2834 2718 2792 450 1029 1030 2430 5216 3189 4989 729 4322 1618 4405 5281 214 1162 2667 4323 3342 3465 3463 4265 5277 3650 4378 5119 1671 5163 5508 4236 
74 0 0 259 0 255 133 264 512 252 512 94 1794 4796 4251 3374 5952 1853 3777 3891 4651 727 2096 2053 4959 4382 1531 3597 3633 3839 617 3810 5898 871 5362 659 1633 4097 2141 5539 5384 3349 3711 5041 4374 1563 1224 2068 5326 4291 1848 1172 3901 2613 806 5147 4951 3302 1762 10 3582 3477 452 1071 5282 3073 2910 2614 4343 4356 3566 747 5713 4790 4984 2652 404 663 3581 1241 5052 5880 4570 1515 2165 3648 1036 2404 4266 697 3102 5232 3616 1501 5804 2624 1250 4767 546 1914 4457 2762 995 3576 3168 5825 
75 133 0 259 0 255 253 264 512 252 512 94 554 2327 1124 961 4118 2522 3514 5831 486 2385 312 3282 4229 5833 5958 5272 4279 872 4395 4260 4985 4841 1875 1275 4026 3760 4928 139 1726 2226 4134 3505 2508 2097 3896 3767 1799 1464 5821 3890 1186 3359 796 3427 800 3766 2030 5350 4258 4419 2066 2592 3115 4030 4264 2748 5434 1687 5188 3635 5866 3093 4393 3874 3526 2054 2504 878 5727 84 5393 2730 3216 3484 1966 3700 4865 5410 5087 776 3253 4162 2521 351 3275 4421 4388 5574 2361 5346 4749 1495 1598 2842 
76 0 0 259 252 0 126 264 512 512 239 93 683 5050 3495 5641 4970 1211 5666 2813 5566 4700 4498 1991 3697 3138 4556 1292 158 3170 5963 1389 5801 2571 2626 1768 1835 1525 5371 959 5924 706 4668 1761 4263 1667 3733 2168 4571 3682 5751 249 5443 866 2276 4913 4334 5279 3265 1383 2630 2484 3011 5527 4584 2555 3788 2457 4289 3630 2448 1779 3333 4113 723 5504 2459 5270 1524 3408 283 4748 1606 5024 4946 3459 620 1881 5897 2803 2853 4199 935 2031 3416 5820 3622 4059 2662 5582 5494 4505 4658 4869 511 
77 126 0 259 252 0 253 264 512 512 239 94 4366 296 4213 1599 4156 1713 1877 79 5691 2752 1290 3538 2305 3994 3010 2238 1297 2142 5638 1225 109 1637 5061 4999 2173 2581 3192 4853 5702 2539 1825 3300 2727 4433 4553 5441 2722 4418 4669 1388 2671 5468 940 5203 4852 5400 4809 2967 1189 2206 570 2518 1557 5053 4529 810 3780 3774 5859 4791 4896 328 2050 3821 3104 5554 171 3507 1445 1828 1200 672 4524 5049 387 3983 4450 618 4501 3025 3094 1006 5531 3205 2012 778 1137 701 3790 4562 5775 3627 4132 5633 
78 0 0 259 252 239 132 264 512 512 512 94 3779 3486 4217 1739 5398 3190 4391 1668 5864 1141 3632 5104 2987 200 4929 2299 5646 3877 391 4707 3162 2973 1087 144 640 789 3535 5733 3938 3764 5868 3728 3824 4713 5541 4595 5763 2942 3357 4708 2209 3573 1242 185 4856 3941 3388 5365 396 4630 2436 1161 4288 974 891 5417 3095 405 2948 5391 5932 3611 5545 1261 5175 1918 1209 5243 4122 731 224 1587 2095 3140 165 2442 2920 3935 607 5380 426 3426 3719 1795 422 4610 5770 5905 2290 4245 1628 1101 5155 3469 
79 132 0 259 252 239 253 264 512 512 512 94 415 572 1180 5343 1366 498 3490 3219 2182 1350 5914 5214 3019 1784 4833 1767 2081 274 151 756 3209 1190 4029 399 1266 3489 1820 5180 5879 779 2977 5988 4512 2286 1719 916 1604 5544 4773 3653 5107 911 174 5624 3642 817 2360 2157 764 353 4797 4231 2975 181 5625 4895 3186 5124 2906 2055 5849 3613 2101 2423 611 2938 5553 3975 4298 5760 610 2991 1150 2651 3132 1477 2845 4593 1750 1191 2414 2686 1518 1570 724 4054 161 5454 5222 5234 1128 5510 5060 3776 
80 0 264 0 0 0 125 512 248 264 249 93 4194 3873 4129 2891 3985 3335 217 4496 934 211 2711 4201 3437 2230 1054 909 4063 2199 804 3781 719 153 5211 4541 4301 1065 552 2426 1626 852 1852 749 1613 3439 1335 2477 2578 3063 3944 1732 2416 2897 4563 4523 4652 2029 5802 2474 3196 2999 1490 1368 5392 5156 2542 4742 4627 237 5592 978 5950 2425 1970 1939 5570 5925 2921 2764 5244 310 1012 3318 222 5936 4142 4146 3718 4367 5070 5164 4124 5826 5782 1245 1221 4550 298 744 5686 3992 5583 5690 1168 
81 125 264 0 0 0 253 512 248 264 249 94 5827 3101 2950 3245 1612 440 1605 3405 3264 373 3195 3714 2811 1140 5968 1289 77 5563 5028 5423 1204 1227 3288 3443 1786 5992 2257 3953 3052 250 1685 1709 799 5671 2683 821 5652 3230 4982 803 3806 1663 3330 3234 4885 2587 1429 3003 4145 119 3546 971 1969 912 4119 4922 4859 4639 4839 4218 5759 4202 5239 3550 4689 2281 3476 1935 4629 4101 2702 4190 828 4333 689 215 604 3639 2334 4979 3897 3401 2061 1291 340 4957 643 2185 1467 2869 2227 3007 2896 4919 
82 0 264 0 0 249 118 512 248 264 512 94 4972 448 4907 4867 580 4141 2422 5679 1528 5221 4732 1772 5231 265 4737 3250 1782 1367 2649 5339 2051 1896 3701 471 2602 1656 3756 2311 3464 932 5918 638 3749 3848 5707 5290 4709 1302 1258 5200 2997 1312 1884 3397 4780 1181 2865 1090 264 4464 1009 5768 4659 5402 4309 480 2377 2395 3814 257 1420 2557 2567 2263 1269 854 5951 5395 2965 122 605 2020 3963 1683 2002 2690 5710 2682 177 4759 2734 1792 577 5505 123 4296 3842 5781 5603 563 1923 3072 1136 325 
83 118 264 0 0 249 253 512 248 264 512 94 3987 5491 4535 5480 5645 543 5987 4314 3868 2502 2707 3716 730 4456 2296 4526 1351 1619 3273 1640 16 1353 3679 1560 1655 4182 963 667 4335 700 445 5088 5224 3202 2807 1263 2575 63 3657 4103 1317 2117 5489 275 3237 3674 5845 5846 2735 4966 1707 449 4390 4013 386 4775 4728 2083 2915 4893 651 4995 2947 825 4671 5855 1931 2816 3704 1548 5204 3310 4043 2840 3454 2482 4736 960 1118 2445 2458 5750 992 3391 4808 2476 902 31 5143 499 5674 5091 2488 4210 
84 0 264 0 264 0 131 512 248 512 243 93 4389 3420 1358 2063 4406 5463 2042 5011 4032 1834 571 4173 2672 1483 5133 4268 2940 1460 3118 4614 5610 5073 5254 5018 1142 5876 5296 2525 2204 1764 3527 3403 2325 5832 2279 4324 4100 5154 5920 2556 2005 356 87 2670 5565 3562 1259 317 612 751 1066 5280 1742 4826 2009 3470 3997 1873 4444 642 3619 434 202 2691 3271 3876 4174 2062 3592 5875 2089 1159 5258 1882 5507 3181 949 3071 987 3180 664 2932 2243 5865 3394 304 4915 91 2696 3730 2978 5688 1757 
85 131 264 0 264 0 253 512 248 512 243 94 2074 288 5353 1638 4434 5579 2349 1008 1650 173 3191 5552 777 2796 1702 4295 2313 786 1049 4953 5856 497 2248 2645 4760 5165 829 5631 741 2773 2507 4665 4776 439 4484 5867 2650 850 4837 4096 1623 2125 1510 2277 882 2498 1202 4348 4890 1763 2746 4912 4965 1283 4768 629 1869 4005 5564 1508 4136 4347 5035 4583 5383 1639 946 1585 3838 5934 1079 5421 4458 1185 3658 4574 888 5132 4064 2765 5886 5928 1967 1807 2868 3918 3783 2410 5693 2134 1932 1285 3820 1017 
86 0 264 0 264 243 129 512 248 512 512 94 4305 4599 3421 3665 3029 2551 885 2223 2607 5722 4001 338 269 4261 905 4432 4534 2757 1400 4662 3481 286 2388 5839 1688 2998 748 5004 418 3977 5754 3830 3539 4290 2574 235 159 3585 1529 5199 178 2642 4098 106 986 5374 2692 5 3278 5378 2870 5435 3978 4241 1125 348 5095 616 1094 4906 4163 4209 5352 284 456 5511 1432 4842 1441 5863 4325 5064 1083 4219 5601 1522 5589 4286 3043 3316 419 4626 1195 4672 2857 930 2952 308 5408 5086 4379 4816 4171 1533 
87 129 264 0 264 243 253 512 248 512 512 94 2514 586 2929 716 5675 3519 2489 3472 2322 4638 2627 5109 996 225 4857 3673 3894 2189 2844 4066 2925 4647 2867 2357 3736 3491 1060 5007 2399 1330 1616 4003 4072 4008 5260 3307 147 1407 2622 5299 4092 4455 2812 1670 1588 3000 1684 2789 3655 3024 2918 4631 528 3445 4071 2264 1267 2175 4206 3598 1447 303 1092 551 2716 1010 2342 3561 3231 510 679 5854 2829 5605 4827 1075 247 631 2131 4992 4337 5301 2503 2992 1636 2104 5099 4876 1780 874 1431 2725 5135 4342 
88 0 264 248 0 0 116 512 512 254 253 93 677 3287 1027 1906 4329 1589 5190 4109 5304 5773 4678 5643 3475 4056 1504 3451 5404 4530 2329 1028 5696 1816 2523 2162 1183 3417 474 3871 116 1716 2526 3336 1214 3787 299 3922 2588 5207 4282 4586 0 2895 4666 1229 5623 2709 5797 919 1063 4793 2823 4047 2472 614 481 5892 3939 3494 669 2982 5812 4312 5089 5021 4862 1097 4448 1 5584 5345 975 2911 4649 2777 2912 2411 3078 1917 1723 4248 3217 5325 4442 463 5117 5620 5657 4634 3542 703 2984 1783 4189 
89 116 264 248 0 0 253 512 512 254 253 94 1775 2600 2183 5824 754 3533 1166 1328 293 140 5753 5023 3117 1193 1871 2151 4657 3337 2625 743 476 4422 2035 2491 464 5526 1158 3436 4114 3684 2818 908 4585 2158 3690 896 3555 4968 3239 4554 102 4439 292 1943 2937 1387 5476 2163 3845 5667 3600 5033 2538 3761 4942 4761 3549 4431 1594 5557 516 684 437 5134 2203 2390 4883 5470 5776 623 2191 4762 1953 5126 1798 2874 1473 3589 4528 4519 4361 1999 3444 3579 5338 3334 5293 2979 5937 1307 2421 4576 5724 279 
90 0 264 248 0 253 123 512 512 254 512 94 5268 768 2809 1521 948 5069 3738 5227 1061 72 2916 2433 5259 4938 5251 746 3399 4877 1537 5110 3610 3751 3105 2699 1581 3238 3906 590 3511 4510 4731 691 3636 2172 5295 2129 4227 2534 1338 2878 4730 5141 2961 4214 75 5616 2726 1925 4624 5372 2552 4517 5882 5197 879 5532 5578 1984 5738 2966 2559 1037 1643 2405 1879 4203 3512 3068 1520 2496 1217 5955 3912 5248 892 3687 5894 1156 1196 567 4848 1749 3917 4167 1759 1210 4169 4506 183 1293 3020 5389 5891 2814 
91 123 264 248 0 253 253 512 512 254 512 94 4048 3949 1494 4191 2455 3257 4244 5302 2049 1386 985 2926 1047 3326 4969 5324 4612 962 3670 2075 1410 4947 1199 3198 1708 3297 5449 1192 5588 66 2558 2036 470 3860 5432 285 921 5415 1041 3313 4725 4278 4788 3050 5424 4892 2278 297 3797 1076 5363 4426 3818 4272 1751 4466 184 2800 1316 1264 5701 3934 2438 4276 2802 5956 1144 4726 2480 824 5098 4723 1572 5245 3515 2863 4832 245 1154 1614 5756 783 4152 5451 1823 4693 994 997 143 676 5377 581 5729 78 
92 0 264 248 254 0 112 512 512 512 237 93 4491 3103 1424 2190 3331 1182 5425 5218 4423 1600 4891 167 4387 4007 859 3013 2306 5627 4615 5900 807 2689 5237 3844 4846 2815 5010 2415 2946 5152 3428 5542 4086 4921 2024 2153 4619 2124 2939 4873 281 3453 5869 12 5322 3002 371 3745 2294 5877 3990 2321 3696 4673 5993 1352 4676 4410 5837 2666 496 5247 771 2033 2564 2019 4772 933 5148 2701 4292 2316 1056 2749 1327 390 3954 2825 1169 3695 4987 5819 1102 3744 2971 3079 4487 2424 5597 1546 3862 1046 3601 
93 112 264 248 254 0 253 512 512 512 237 94 3569 591 1188 3263 55 4536 2370 1461 1230 5747 277 2478 5572 561 4945 2337 5989 2010 698 5447 5189 3984 435 2270 2428 221 424 5757 194 5319 2914 3857 3961 5535 3393 4436 172 4095 3865 3829 4015 1994 1001 5741 4711 1026 1299 512 4719 2949 2266 1421 5122 4429 1111 3395 3226 4425 339 2583 3261 219 3383 4034 4727 4653 4825 1535 984 2256 2268 1787 1281 5635 2146 2239 2890 1808 4055 1596 3212 1664 1789 1760 5573 242 4717 5309 3827 1785 5496 228 3675 2335 
94 0 264 248 254 237 100 512 512 512 512 94 5397 5933 2817 1475 907 4380 4807 2862 4135 4359 2059 4353 4033 5043 86 5562 3620 5185 83 2187 388 2301 4053 1550 4819 1174 1208 33 3693 345 2685 2907 5431 4441 259 5697 2655 3037 4588 2014 5613 5538 3847 3926 3328 1649 1143 630 2678 4081 1058 3432 2714 606 1476 993 5959 5617 5473 367 1818 2687 1930 3060 2446 3284 5411 1517 4548 576 2688 3344 39 3207 3974 5848 600 5966 1965 4180 4738 3952 1277 4479 2103 2352 3148 5072 3187 1577 4150 5799 4149 755 
95 100 264 248 254 237 253 512 512 512 512 94 3098 3022 2832 1669 718 1336 4920 4949 5881 3241 176 2398 2358 5100 3976 4401 4656 2072 3750 3819 4144 4956 2319 1968 4050 48 4255 735 5497 4939 234 5101 1597 980 2608 3210 5774 4243 4923 3414 5125 3599 2754 5369 5405 3643 3468 4954 4552 5034 4125 473 5430 2218 5488 5520 635 4514 1384 108 5917 901 4010 5895 2032 3174 4187 5464 1776 3059 2513 836 1564 2252 920 1908 1084 844 2974 3111 1982 4967 341 1625 4753 5376 5995 2516 1539 865 4488 5818 4394 2986 
96 253 0 0 0 0 378 253 250 257 231 93 2719 2553 289 3254 3628 1371 4159 3772 4297 2490 3065 3775 148 2880 5051 5973 5700 3692 4875 3201 3624 5136 5822 3054 2639 5948 668 5057 1562 2130 681 4267 5161 322 4504 3993 3134 2332 1233 4247 2343 5225 375 4257 3958 1113 2366 3688 227 2229 5067 65 2312 2160 4435 4259 1630 4503 2621 1474 5461 4640 519 455 318 2136 5439 1003 3672 674 4998 3151 3431 4386 5912 129 1937 2047 5844 493 564 5731 4850 1766 3430 5481 196 2801 3803 145 218 5708 1257 
97 378 0 0 0 0 512 253 250 257 231 94 5342 4812 5340 5930 155 4902 3368 2976 2273 657 1382 601 3312 4087 3605 1711 4960 240 2721 4184 3381 4319 5677 5375 5732 4935 1746 4009 4909 5456 4398 2827 4685 2435 5115 3525 3294 2369 3404 347 5673 1997 5893 5094 990 2026 1364 2646 400 3929 1973 1712 2432 2980 4844 1418 4172 1151 1803 4889 428 4 5593 3122 3411 682 2885 562 692 1379 5379 5420 1412 300 1334 894 4307 3308 2152 2118 4878 3455 2143 1693 4473 1734 2242 5637 4740 5183 794 5318 3575 3946 
98 253 0 0 0 231 377 253 250 257 512 94 4603 2520 3661 2219 2505 363 2007 1095 5396 5278 3320 1841 998 5249 4670 1004 4281 3471 1758 3167 4411 3905 3304 2210 230 389 826 5793 1489 2111 2609 3352 4320 1119 5195 1453 5841 772 5075 3667 4616 3943 5885 3802 1743 3554 1976 2548 5264 2067 1120 2463 2617 5292 3910 5744 553 1909 3828 2409 4781 2909 1392 4280 1100 5602 4958 3762 3402 395 2441 737 5019 1381 5941 2394 2783 2493 2200 5145 3097 3791 5344 886 3669 4338 514 5349 432 2250 956 1721 4396 2798 
99 377 0 0 0 231 512 253 250 257 512 94 4579 2738 478 136 2529 632 3382 720 3415 2943 3571 1117 4908 5715 1592 1686 4459 5097 1889 5176 4710 2371 3034 639 3274 2985 162 4287 2132 862 5289 3286 3193 3785 3885 1602 115 62 5964 4461 3580 5469 3379 5961 45 1538 5085 1778 4226 1565 5816 943 857 1223 1081 2323 4107 1830 2736 5153 1948 1571 5160 4139 1665 2527 1321 2573 3831 1148 2302 2664 11 3089 3360 1129 5634 1903 1378 319 36 910 4729 2402 2393 4140 842 721 3339 4917 1218 3487 3724 1055 
100 253 0 0 257 0 389 253 250 512 256 93 728 937 5159 4304 1738 1696 2791 5455 459 775 5529 3957 5648 3715 2771 2680 5228 2743 3228 3425 2280 4469 5446 4110 3030 2387 5513 3786 1077 4082 2261 3895 2565 504 5013 4644 3962 3296 782 3835 4597 1868 5370 1301 4254 5910 280 3548 2847 3754 1773 3909 1409 4918 2212 3373 5596 1895 3534 2220 5171 3314 4075 4864 5305 4368 5796 3513 4880 5911 4181 2108 5466 1752 3161 4706 3552 4326 4724 4838 2826 1024 117 5723 1093 654 1300 4515 2282 1509 1582 2222 1038 
101 389 0 0 257 0 512 253 250 512 256 94 818 1519 549 5902 900 2904 3565 1276 5233 5515 625 95 2194 1346 182 3184 1526 3305 4494 2875 4696 673 4617 5785 847 2338 5611 3858 2291 3709 809 3498 5059 4701 5471 1333 3340 3074 5025 2934 5896 142 5721 931 3727 2140 3492 5890 5193 715 5786 4052 2747 1280 5406 3631 2437 1661 1774 678 5694 1675 2549 131 4178 4222 3329 4598 1446 2076 127 427 5457 4350 5039 3233 156 4735 4722 4299 4810 1843 1893 305 2382 5591 5037 5857 3222 1644 5913 1867 2935 5047 
102 253 0 0 257 256 388 253 250 512 512 94 4654 1736 295 1399 2367 2413 3959 3748 290 1790 195 4316 1921 3590 331 2560 3737 466 2580 5458 1231 2824 3523 4073 1427 4230 2781 1810 999 2744 3171 2620 1072 111 5173 1206 5664 5359 3100 2122 2320 4179 3204 3947 374 3123 1511 1855 2570 660 4198 2755 1971 4223 2345 258 5926 2310 3739 1459 1112 4250 1851 3172 4897 5543 624 710 2945 3131 4042 5606 2893 2145 1806 4565 3182 3666 1015 4511 4888 1248 4212 4674 5755 3837 2888 685 3461 1482 4193 3689 1646 3270 
103 388 0 0 257 256 512 253 250 512 512 94 5571 3899 2064 3387 5226 4478 5267 5517 1268 4577 1833 3506 188 3908 4012 633 408 1797 3303 27 3474 1632 2924 2641 4375 397 2271 3332 5860 5198 1408 4269 788 2665 5166 675 5590 3299 1032 420 4822 302 4471 494 1375 1347 5208 3911 316 3705 1423 1240 4632 2259 1496 5811 4315 5285 3981 1975 1228 2724 3557 5887 1924 2917 3175 5348 686 3242 539 5217 2397 1718 3880 955 4628 3166 207 2208 827 3698 4936 2541 1611 2750 3017 3516 3031 5649 4521 2236 2850 5728 
104 253 0 250 0 0 381 253 512 272 262 93 1679 5273 4606 1313 2636 2584 1133 3960 3136 4882 1601 2658 1465 3564 3603 2260 3886 7 306 3919 4611 2775 5358 717 377 3503 3267 1481 81 28 2631 2804 1864 647 5114 1298 976 4430 5437 3139 1450 3544 3927 4900 4031 5983 5460 4402 972 5783 2251 4568 3717 191 4345 2417 3969 1279 5150 5640 2297 186 5113 3371 3823 1044 733 461 3188 4470 5186 5806 1251 175 3662 490 5815 1733 4926 3856 1286 5187 1846 2540 1207 2120 417 1812 4739 5939 5874 526 1344 
105 381 0 250 0 0 512 253 512 272 262 94 2359 583 3213 2931 2133 3731 3522 3178 4462 1448 4300 5749 1737 1995 4756 3942 4360 758 482 4993 4744 3755 3680 1690 70 3392 342 4233 3742 3577 3048 5090 2475 5528 5503 2675 2070 4777 3108 5452 3898 85 5550 180 3882 1265 5287 958 1493 2677 5711 694 5996 769 2723 294 5330 96 1672 5994 3396 1390 4564 3142 88 4792 1804 1404 4495 4158 4397 74 2197 953 433 3080 2368 465 446 2788 1147 2454 597 3664 1311 3651 1019 4766 2703 14 3214 2232 4866 5308 
106 253 0 250 0 262 394 253 512 272 512 94 2188 863 2919 2705 3163 2461 2113 950 2901 4750 337 2858 2071 2300 3634 1910 835 1610 4990 4698 392 4560 1187 5341 1122 1673 3663 4046 5235 4014 766 216 5428 3099 89 4569 3473 1647 530 3646 1082 5261 4590 705 5921 816 5567 5310 1607 1411 4704 645 5704 282 5453 3044 382 3232 4594 3545 1899 5000 3200 1870 2201 5647 262 4712 287 4453 1342 5316 5922 1360 4285 3236 4207 5008 1256 1271 5174 4175 243 4293 3096 2138 384 688 2537 2391 3889 41 3083 5761 
107 394 0 250 0 262 512 253 512 272 512 94 3345 2164 1574 2676 4752 4089 4814 2347 5335 5530 4465 5561 534 4944 1149 2215 4682 1458 536 875 4743 1730 1624 813 3365 740 5654 4460 5985 381 2150 2544 5969 1814 736 3510 4592 3586 1542 5946 2883 1176 3112 3861 1045 2254 2774 4771 73 5903 5685 201 1722 1253 2898 4679 5767 4349 4646 3979 479 1554 5907 1109 5615 3149 3107 3521 525 1341 2996 2715 1213 2742 5323 2733 2619 2632 5745 4751 5878 708 5284 2633 823 2378 5847 5779 1254 5498 2073 442 2579 128 
108 253 0 250 272 0 396 253 512 512 263 93 830 988 2246 3732 2872 4675 37 2604 2769 793 4234 4153 5742 3804 5206 2363 3602 509 3678 1551 3681 1053 4545 30 187 671 34 602 4688 1641 5373 3285 5737 3153 307 1320 1296 3563 989 3501 2859 5901 2500 584 5581 1434 914 5442 413 1438 1747 2326 4879 1468 5651 5440 2179 3699 5740 204 5595 1332 5080 538 248 1167 327 4492 80 4500 5062 1660 2717 1013 5828 3536 2028 189 2969 1262 5834 3406 2466 1391 3133 1329 2092 5422 524 4020 532 4769 4884 
109 396 0 250 272 0 512 253 512 512 263 94 193 3707 1740 559 5474 3158 4694 5814 5817 3423 5205 4905 4868 1989 1146 3092 4836 944 3272 5418 1956 5683 709 757 3671 670 3924 2593 3887 357 2561 3218 2090 2025 484 568 4117 628 3556 5006 2389 2836 3799 1503 4215 2585 1710 163 1480 3227 1451 3156 5387 3543 5105 5016 2207 1955 4068 1506 3965 132 3617 1883 2126 599 5836 3623 1725 5720 4317 1534 2603 5040 5311 3157 4035 1885 2524 60 4623 4339 5479 1678 1558 3005 1815 4246 4794 1591 4486 1042 3027 1559 
110 253 0 250 272 263 389 253 512 512 512 94 3520 3531 1130 1498 3608 1437 2830 5274 2262 3836 1952 2037 4440 4635 3358 1308 4765 125 1175 924 4620 2648 5020 3440 4106 2739 4746 1755 121 5403 5191 2790 5077 2615 1911 360 3298 5784 1854 4116 3446 3759 2962 2015 2993 3369 798 5971 2554 5307 4546 2169 923 2928 1705 4828 4363 2902 1374 3084 1345 1414 2041 314 2443 5426 5735 3389 4166 4428 4783 1472 3547 1898 3995 2536 5790 3147 1698 1946 1022 2149 5703 1238 4542 1724 3046 114 5559 453 4370 3834 5807 5005 
111 389 0 250 272 263 512 253 512 512 512 94 558 1659 1401 5714 1934 2429 1516 3964 1484 3686 2099 5366 489 4567 3045 5712 4489 1288 3246 2235 2181 1827 273 4986 2758 1695 712 3840 3656 2936 5144 1033 5367 3570 1866 3322 5412 2295 1576 1620 4952 1648 5242 1014 839 3676 1243 2021 3606 2284 4074 5586 335 520 5772 3363 3129 965 4138 3725 2566 372 3197 3248 1913 332 2365 2981 5015 5600 2933 5467 1927 483 1377 1051 5209 2846 4803 2511 5083 5536 5619 1872 94 3462 2078 1532 5121 3081 4070 1068 2495 2348 
112 253 253 0 0 0 371 512 260 276 239 93 69 4112 5792 457 1471 2795 2674 4102 4294 1586 3380 3740 5630 5808 5618 1466 1232 203 5764 1888 4383 4555 4820 5355 1040 3629 2241 1978 527 2576 1337 2596 323 2449 278 2956 423 699 3945 2293 3456 853 5621 3055 1897 3504 1309 252 3135 936 713 5670 4161 4522 3321 110 2963 2317 569 4934 5842 3587 5312 462 365 2137 917 4303 2640 3243 5386 5840 5858 97 2177 4399 3279 541 1138 2196 394 690 2660 3128 2471 4094 1085 5048 1323 1856 5329 1007 5382 
113 371 253 0 0 0 512 512 260 276 239 94 5809 4975 2577 3863 3042 2805 1443 4963 2060 790 491 693 652 4513 1992 4126 1395 1244 3367 1039 5394 4049 5313 4154 253 843 1252 5215 5027 398 5502 858 877 1717 947 870 3753 3447 1428 5949 4575 2547 2392 3685 2922 3936 4692 3843 92 4221 4415 3449 320 352 1954 475 1339 1114 2048 2760 5286 4625 3185 3040 1945 5813 4778 2161 3001 3400 3466 1415 2821 5676 1541 3281 492 4115 1486 168 725 2107 4932 1179 5518 13 209 4745 860 5492 1859 2186 5558 1131 
114 253 253 0 0 239 392 512 260 276 512 94 2499 2356 1155 90 680 765 2396 649 4924 5263 5976 272 4321 738 2452 1985 5314 5612 4208 3240 1349 3741 3660 2038 2192 4424 3568 2951 3625 3758 3277 5884 5056 1165 2517 104 107 2450 4427 5017 3116 2611 1831 5029 3056 4561 134 2706 1822 662 5970 425 4799 2623 5294 379 138 1282 2467 3530 545 5240 416 2043 5655 5608 68 841 3712 846 3884 458 2861 23 1011 93 5980 1942 506 3351 2298 2128 5851 5096 141 210 3126 2004 3872 3524 1274 4851 430 2693 
115 392 253 0 0 239 512 512 260 276 512 94 5477 2237 1376 3916 3203 732 4980 344 4332 1940 3478 2741 3668 2886 3734 2759 5509 2582 443 4872 5525 4527 1514 2336 753 1634 2216 5965 1121 3033 5493 5942 3578 1215 4540 1880 5192 4587 3206 4516 4336 3801 2761 1836 3194 3596 5546 566 5265 3553 4785 3683 787 1295 4641 4758 5830 3086 1488 2144 1064 1201 636 1829 502 3106 5269 229 4277 1440 1681 3677 5678 2082 260 4720 301 4036 3018 124 3925 1753 5929 1203 154 1449 5401 792 837 3266 4351 361 4137 4978 
116 253 253 0 276 0 367 512 260 512 260 93 414 3418 359 3591 1491 4344 4687 1666 4601 1865 687 1579 3595 3991 2106 3720 575 3290 2959 2599 4914 4472 1222 411 2456 4437 2953 3572 544 213 2044 130 64 1059 4559 2594 3537 1442 4358 4497 3164 578 4509 2808 1555 5506 1348 5444 4164 98 4787 4789 2737 4490 3341 160 593 1023 5381 2700 797 3176 1067 3259 4327 5252 3375 1497 2483 2481 555 523 3130 856 1697 582 5916 556 2843 2770 2018 5889 4660 3607 2400 1979 321 4779 4894 4533 1706 4438 3793 
117 367 253 0 276 0 512 512 260 512 260 94 4703 5127 1500 2643 4532 1457 2828 1704 5940 2970 4964 3125 2462 169 770 822 3517 3384 1654 29 2088 1153 236 4940 4067 76 2406 4764 521 2532 5778 1609 1547 5084 805 4085 773 5012 2653 3301 2497 1260 3815 4930 4211 2174 2605 2351 2954 2362 4988 4786 3145 4948 5549 197 2856 2879 1326 3615 1692 2211 3973 1078 4782 3833 3723 4330 2958 4196 1235 4578 4741 1964 1583 855 4475 1145 522 2105 1123 251 557 120 1777 2283 5998 5390 2039 5829 1236 3483 3452 1454 
118 253 253 0 276 260 376 512 260 512 512 94 5947 2668 5560 5789 4886 1590 4446 942 3892 5853 2115 1727 1545 5798 5659 2116 2353 5904 4845 1958 5328 1657 4604 2375 1735 2412 2894 5568 1961 4482 407 2401 3757 4637 1645 4991 608 2479 4580 2304 4962 164 71 4002 2231 3846 4200 4108 2531 3769 5967 2908 5628 2167 658 1043 5705 1035 4160 1303 5984 113 4192 3811 3999 3110 1069 4403 5092 5718 750 4697 1212 918 1916 3315 4539 1701 2249 2354 609 5255 291 4256 152 2289 5333 354 4037 5692 831 3434 1714 3223 
119 376 253 0 276 260 512 512 260 512 512 94 1959 1862 925 5943 3822 100 380 3173 4784 4801 3640 5331 3249 3199 5253 438 2205 4607 5009 650 2616 5146 1580 2780 1842 2638 4800 1393 3229 1536 2046 3986 2023 4645 5106 977 1363 4205 49 255 166 3752 4863 5236 4057 2661 1813 2708 1507 1919 3412 2837 1863 5873 1057 2447 5038 3183 3567 3970 2797 1052 3235 2287 3609 3722 2468 5632 1658 5850 3638 3152 4355 4083 4981 5598 4061 5082 5179 1809 3064 4609 4283 5653 3260 5872 3915 819 3637 487 2224 133 596 1115 
120 253 253 260 0 0 392 512 512 254 260 93 5108 3006 4058 2819 2233 2968 4417 2784 574 4927 1126 4065 5112 4691 2955 3808 1106 2381 5194 4608 4983 2597 2871 3306 3289 4582 5521 4076 883 4123 5300 2027 4977 192 5315 644 1900 598 5079 2713 2386 3496 3008 2533 1957 849 3088 4508 742 268 2751 2506 3155 3179 781 2628 714 1436 4127 2473 3165 3169 179 762 5111 5196 2154 2598 3832 1091 5569 5291 2972 44 4045 3850 101 1322 412 4408 952 1629 2763 2420 1470 393 3559 876 939 157 704 808 1513 
121 392 253 260 0 0 512 512 512 254 260 94 2810 385 903 346 5413 595 4699 429 3773 4165 767 3878 2079 641 3485 881 763 542 3208 3023 637 4019 5219 5354 2213 2995 4613 5795 1373 5054 2077 5246 3852 864 3792 2013 1272 5336 1255 2403 4755 812 3244 4734 2710 4253 4763 1928 1530 2647 1318 2198 3113 1325 5483 774 5044 3061 4854 2669 3348 2464 4271 315 5427 2069 4133 3160 19 4622 1492 1608 4273 4275 5068 3778 2601 5534 954 3768 2339 622 5852 4079 4069 2838 904 1086 3795 2634 3560 5706 3378 2905 
122 253 253 260 0 260 381 512 512 254 512 94 791 5042 4443 1983 1960 4284 4078 3049 5093 5032 2572 3913 2085 4971 4544 1396 1294 4835 343 1840 801 5169 4240 5142 4027 3558 4573 2408 1419 5168 3433 5682 503 3735 1406 3276 2156 355 378 3508 979 3612 1160 4677 3225 5459 1452 3652 4121 1839 4341 2155 38 3902 1354 1359 3921 4242 5445 118 18 2303 2806 648 5317 4357 868 2903 4806 945 2782 711 3252 4633 5548 3051 2178 2240 3713 4420 848 266 3626 58 2793 2486 2057 653 3500 4170 4937 46 5055 2720 
123 381 253 260 0 260 512 512 512 254 512 94 3710 3816 1357 2528 2654 4157 3907 1284 5622 1575 1627 3881 5629 1356 3224 4041 4591 3124 2799 2258 4093 4445 4547 811 626 3450 1216 1110 4881 3551 5332 802 2318 3377 190 5681 5512 4551 3879 2147 2656 1135 3221 4997 409 5835 4911 2822 2543 5771 3796 4340 1715 3410 3058 5805 4352 3479 573 1981 5276 3004 4485 4463 5899 5238 3075 1499 655 1394 1949 311 1226 1435 4974 5919 1549 5001 1802 887 4364 5991 2285 1796 2418 4690 2001 565 1902 1002 1306 5230 1278 3467 
124 253 253 260 254 0 372 512 512 512 256 93 1478 468 1523 2469 3763 1821 2768 4392 4621 3649 1104 4849 330 5347 8 5909 2697 43 2373 5139 3855 515 52 898 2364 840 4176 333 3480 5262 3028 3849 1901 5140 4409 533 5003 4346 32 5288 2355 5327 1096 3726 53 529 4581 5170 336 890 5551 5321 5981 3782 5177 2589 5182 3091 3805 1157 2731 3372 2785 3256 1370 834 17 5065 970 1512 4384 4220 4238 3438 4973 2333 50 5250 3641 3528 403 2341 5419 4183 5351 5123 4310 4855 82 3376 5698 1287 1699 
125 372 253 260 254 0 512 512 512 512 256 94 780 3460 3076 3645 4870 2331 241 3584 5800 4195 2606 5577 707 4824 4684 2065 5116 2887 2568 4004 5979 1456 4120 2016 5672 5974 1239 1380 2340 897 2501 1372 1273 1462 5484 3283 3931 906 833 621 5514 884 4636 820 1849 3047 2193 1505 2545 2439 5575 4306 4104 2889 851 1184 4718 696 1016 2087 1892 1886 2756 1680 4858 2510 613 5519 1861 4090 1745 1397 3574 4994 1876 2274 5360 4413 2292 3746 5178 2487 2864 364 3255 666 957 5120 1331 4416 2515 4371 4451 5990 
126 253 253 260 254 256 395 512 512 512 512 94 1700 3747 25 5953 2119 3859 3280 1000 170 3813 2247 1748 2379 3127 4354 4308 5862 1878 3809 4933 2407 5202 4232 4770 4237 3291 4721 964 5487 4197 2794 15 5078 4695 2470 3982 2899 3407 2512 4018 5103 5297 2324 2629 1631 2380 2989 4903 1933 24 4874 1025 1139 646 5639 3114 2712 2384 1439 1990 4715 2166 1801 2275 2679 3875 3390 4813 5158 3888 5931 2080 4130 1198 2729 1729 5533 4683 4477 1310 5780 5522 3541 4589 1682 4225 263 5580 1922 3350 3706 4686 1361 334 
127 395 253 260 254 256 512 512 512 512 512 94 2383 3041 4480 2214 441 2983 893 3413 5644 4840 35 1134 2307 1270 928 3070 1568 26 2849 889 3268 2732 4407 5478 1074 5787 1832 4006 4596 1635 5972 5128 1642 4520 370 1874 1770 4151 1073 513 5614 3311 3035 4650 1413 5501 2866 5118 5257 4080 4000 5081 1089 276 5356 873 1890 271 5725 2372 1944 3904 5462 47 4663 5945 313 2787 5486 3825 4313 1988 1103 4860 4602 467 383 2595 845 4605 1567 518 535 4131 469 5758 3867 2941 3694 3325 2058 3362 5429 1194 
