64
64 0 0 0 0 124 130 263 262 125 4245 6184 4251 1332 4091 1401 7319 4775 3965 1847 3894 2766 191 3914 7357 2159 797 7805 5797 283 7937 7112 56 5169 7817 256 7920 5198 5709 7508 4564 3904 5072 5973 368 1013 986 3641 665 1496 2186 7093 5704 5136 6053 46 5066 160 7563 2693 712 2552 4385 6403 5123 5894 3388 6550 576 3107 4986 74 6576 7929 6555 3061 5931 5676 3228 4998 829 6185 304 2820 4487 5800 1373 2696 7780 3792 5360 5001 4847 1479 5165 2868 3927 337 1473 1417 1921 2746 6128 3076 5391 6749 3181 3614 2337 7426 2893 4059 3267 2308 2036 6029 1161 3548 1239 5186 1129 4072 6036 2653 3619 353 7574 3522 3615 5500 7796 3667 6952 5405 772 
65 0 130 0 0 124 252 263 262 125 54 1345 2731 3103 7496 6600 5594 4214 7485 7170 4122 4151 3906 7809 5118 4453 668 5870 6617 7655 2346 4918 4069 2600 7249 6018 3185 3238 2791 4101 7639 6839 7064 7773 6125 1093 1248 6065 686 6333 7006 5467 5216 7793 3352 5757 1521 2830 1036 7635 4956 1379 1292 7790 7384 6522 908 6388 5240 3418 3099 3483 291 7014 7023 6319 4574 4383 249 2613 1741 5213 6429 4872 7861 3141 2374 5845 517 451 490 3683 2235 7302 6015 7279 3910 6778 5087 2682 4473 5015 2427 4765 6734 1603 7260 5532 7968 6493 1225 2507 4603 5656 1261 4617 2744 4976 2595 7286 5426 7947 4893 811 6662 5593 174 4664 3573 3553 2081 4604 6344 4613 251 
66 124 0 0 0 254 131 263 262 125 1470 5468 7816 3155 165 5631 364 7605 4614 6076 3279 3314 3606 212 135 3434 295 7196 3635 1677 3239 2713 2505 3195 7094 6516 2709 7551 591 4329 2372 1750 1418 3973 1718 5390 5063 6924 2571 5233 3628 4659 1131 6167 3672 2749 7214 5635 1946 354 895 4234 269 3893 7158 5919 5844 6903 3210 7178 6101 2241 6866 5228 1597 4910 7763 2465 7349 1519 7399 4722 7713 7141 3532 3298 3361 6696 577 1592 2161 6215 460 3529 747 1394 3179 868 3825 3796 1166 4204 7186 6346 974 2076 4368 4739 3340 5064 5510 4752 3101 2620 2904 1110 4906 5161 4850 5796 7017 715 7540 5966 3696 814 6585 1453 110 1500 6342 2564 4169 128 4296 
67 124 131 0 0 254 252 263 262 125 3616 7881 2977 7939 7306 2268 5454 1145 1650 123 7622 2649 3560 5770 4779 6580 553 3029 1199 5654 2626 6095 4569 5031 4064 4325 7616 6710 7066 1254 6041 6220 1973 4141 3170 7618 2095 1237 7724 3334 2428 7788 2847 2969 1758 2768 7365 2629 4959 1660 7371 7595 5018 5448 3084 190 2073 3072 5771 7029 5789 1516 3154 6347 339 6570 2220 7314 6305 1938 3026 896 2460 3785 929 5985 725 3782 7359 4794 4218 1227 933 5313 2390 380 1915 1159 7424 2175 235 6904 2027 3599 2238 1939 4309 1850 7301 4016 1095 2634 2223 2599 1436 777 5619 5540 5839 7037 3057 542 1613 979 51 5363 6886 6197 7110 5170 3320 6505 5784 2624 5270 
68 0 0 0 262 127 127 263 512 125 598 4519 7671 5278 5996 2174 3169 6629 5151 3952 3297 2861 6872 2379 4082 1834 252 4636 5689 6966 151 7216 5886 858 1265 452 6747 3948 805 4052 1466 3380 5357 109 1205 2795 7625 2395 4715 3220 7470 4953 625 4107 3654 1916 6466 7091 6544 4693 6861 2932 381 5487 7121 534 5534 4270 1715 4792 935 744 5470 981 2156 684 2738 5698 5419 2071 1733 7837 27 962 5637 6238 7085 4051 7324 4379 4789 4611 6724 7956 5626 4690 5933 6239 2612 6295 722 4755 2900 7776 7910 1230 5710 1588 600 7977 5651 6265 4630 4612 3873 279 1280 1522 2664 6072 792 2707 5664 90 4450 5370 5767 3607 5801 4328 7919 6106 678 2829 3976 
69 0 127 0 262 127 252 263 512 125 6988 6530 5 7038 6026 522 2742 6470 453 6257 7696 717 2695 716 2871 2863 3484 876 7163 241 7527 5029 4980 4247 3838 6119 4310 562 5824 1098 5515 6875 6565 2264 2537 1393 5911 819 1185 6501 3961 7150 5040 3643 492 7356 3399 4833 6159 6409 3713 5720 6288 5380 6567 2891 5004 2144 4346 5164 2809 1756 6998 142 2109 3726 4172 5212 4493 6169 7531 7905 7924 3576 4363 6920 7223 127 6641 5060 7203 5774 4553 3426 5682 4421 4358 5713 4539 6331 7532 6763 3498 7798 5942 5059 4176 4832 4073 5780 1214 2151 7351 4500 3260 7915 5266 677 3520 1709 6889 2245 1772 83 4571 400 4678 3876 7623 2939 7059 3143 7509 5607 4817 
70 127 0 0 262 254 112 263 512 125 4859 1852 5338 3188 7553 4749 3440 7697 6792 6568 4565 3798 7445 3392 3673 6165 5073 6743 429 1651 4730 2773 5215 4086 5143 5677 4254 7833 146 6835 1817 2236 2535 1656 7338 7379 4697 1370 7340 7822 1321 657 5511 1231 6357 2273 1059 3957 906 398 7392 2336 3707 693 4102 7153 2407 169 3047 3436 2733 465 4719 4823 4055 2330 6361 4830 7001 869 5335 2726 138 1507 3009 6625 6788 28 2310 5512 7770 1717 2325 1860 6339 7322 4106 6500 3536 4842 2772 5404 2492 3972 2189 570 4616 3723 4217 6307 7683 5733 4028 1229 3963 6478 2431 3156 25 143 6273 948 6476 3212 762 2452 374 3863 2875 3891 1627 2843 6514 1793 2550 
71 127 112 0 262 254 252 263 512 125 867 2556 3109 6687 6279 828 1825 7567 2827 7490 265 3018 2344 4326 2083 1021 1297 703 7347 6406 1368 4649 13 7437 7134 2993 2470 107 3117 7015 7621 7933 2437 2213 2601 1397 6840 2616 2959 4853 4545 3833 3404 7293 7686 3624 2100 1281 7869 2441 318 4136 7092 4332 2305 2277 2952 4912 2472 4457 4390 2388 272 2137 1547 749 2206 6936 2384 1355 11 7507 6656 6837 5863 2202 947 5425 1926 2056 1303 6086 3272 4607 5690 958 2743 5946 1645 1548 984 5569 6691 1835 4492 5544 5195 4213 4946 3645 3428 1074 312 5322 3671 6898 3151 1674 2181 1491 1180 7341 167 3274 2753 1970 4917 3100 2906 6236 1136 7951 5282 6918 7534 
72 0 0 263 0 124 102 512 270 125 7180 7628 987 6524 1659 2278 3759 6482 6256 5431 4778 6212 111 7008 628 5296 5859 6483 5484 5588 3093 6790 273 3775 1841 4898 473 2360 3820 3951 2929 840 7320 1537 2294 3862 6374 4163 5495 7584 2510 1115 3217 7478 3778 6561 7692 4999 1174 5967 3541 5406 82 6523 5351 5384 5701 5519 3410 1658 2430 2354 6183 2848 243 5809 2559 6802 5707 510 915 7032 4808 5867 6345 4446 6176 2940 1655 1846 3777 946 2712 2205 4885 6001 1782 7245 5909 6757 6888 1389 1553 5330 7807 904 1702 1187 7647 1837 2783 1876 1820 3328 192 4182 5324 1895 4266 5906 4321 1880 4006 7414 7084 4146 6830 7660 6812 4522 234 6758 6174 3895 4198 
73 0 102 263 0 124 252 512 270 125 6260 3429 4034 3389 3415 1830 7274 5288 5439 2404 351 1483 4601 3496 6582 1520 4288 501 2955 857 2899 6921 1958 2825 281 4589 1615 2656 6534 5665 1057 6058 3053 4135 4628 2944 2605 3497 3955 5579 5054 3249 3736 4991 2091 3518 6961 1244 3028 2924 1811 7897 565 6421 3747 6317 5764 1909 5636 2281 2697 527 964 6880 63 7382 148 7452 5142 7103 2489 3102 3507 1383 3003 731 3371 4772 4666 1455 4705 7049 3728 6542 5678 7299 5329 6652 5437 293 4644 2525 2590 1657 618 4935 846 2282 4236 1932 1550 7118 7374 5600 80 3232 4173 4482 7339 4783 2463 4124 4208 6114 185 7711 7916 1096 2387 255 30 530 2635 1147 6248 
74 124 0 263 0 254 122 512 270 125 6479 1490 2182 6939 7022 6807 4058 6826 3437 1626 7167 7058 7610 2154 5107 4673 4761 3924 3485 7098 1610 3870 3934 3374 4096 302 2107 1477 1940 541 4534 3980 985 5226 3773 2660 89 2176 1252 4267 6858 4800 2925 6116 7067 3243 671 2760 4710 1088 4735 1531 3461 5442 6914 7983 5444 7055 352 5581 5033 4474 2311 652 3327 3403 3337 3847 3456 1062 6284 5379 7076 4397 33 5957 4993 3941 6766 3192 5251 3690 5622 7276 1350 230 3323 7144 267 6407 3412 1556 4807 688 2485 5239 3506 6424 2655 8 3600 2953 3088 559 207 2345 5536 1918 1432 6532 2812 1653 1212 588 574 1898 6979 996 5606 6733 3815 6233 1617 3329 26 
75 124 122 263 0 254 252 512 270 125 6008 5308 5464 6816 608 1987 4207 1539 7327 3025 7887 7654 2580 3447 6143 3735 175 2545 7305 4529 3879 2725 4467 2411 2145 689 6275 1885 1085 6249 3715 6771 3351 7179 6453 6948 925 776 6767 4356 6854 2025 221 5897 5805 1978 2006 5970 5649 7024 1014 2765 2517 6213 7566 1347 6228 3926 6485 592 2065 629 3219 1836 5547 483 5741 1600 5024 781 1628 342 7577 2850 4816 6876 636 3631 5857 3475 3133 1561 5971 7659 3724 3761 4615 7318 2615 6725 813 6885 6935 6325 3132 1221 5501 5453 2506 5327 989 7510 1354 764 4997 1461 3618 6414 7350 4238 4591 723 2912 899 152 6606 1974 383 6992 6842 2211 6806 4097 4092 2877 
76 0 0 263 270 119 121 512 512 125 7662 7762 2610 3124 5556 3688 988 6375 3059 4465 376 639 2648 2886 3193 7846 1599 4503 1327 6427 1800 7680 4298 3852 6473 2723 5274 607 4481 2477 6729 5851 6237 7602 5905 5787 7169 1298 2788 6672 5493 6111 2034 1288 6850 2938 3259 4978 7438 3196 687 2934 4335 7538 7290 1578 4026 14 6856 6358 894 2816 4413 3938 674 889 7025 3344 6593 6405 3422 6887 4128 7560 2845 1954 4706 2327 7521 7571 4635 4318 3391 3341 124 6623 2688 6469 2538 1092 1341 2687 3119 4350 6675 7590 4776 4937 995 3137 1526 315 423 1196 4913 3118 4843 4400 254 442 1797 5932 2231 1668 1506 5549 6528 892 4087 4359 7498 4125 891 1616 6627 
77 0 121 263 270 119 252 512 512 125 5503 7044 5829 2061 2041 7976 1530 3743 6709 5769 6726 5850 886 324 7241 6140 307 7589 6689 6557 5261 7769 4149 7526 2170 1985 2461 3514 5069 7832 71 2039 1688 4974 6390 284 285 4648 2019 780 7948 6796 3716 3896 939 6823 4023 7727 6706 328 6255 5517 5541 4377 4199 7133 3173 1634 714 474 6286 7751 2313 1533 2915 3312 2340 3375 7913 1128 5394 1535 5685 363 926 4378 42 2514 2739 4343 6702 5258 5130 3877 2196 4652 2995 379 5462 7925 1862 6942 5323 627 6096 5250 5807 596 4524 2609 3252 3194 6956 1527 4592 4314 7561 648 5045 5696 6609 3060 1672 6324 5856 3937 3622 274 7949 3226 7328 6117 1559 4762 5221 
78 119 0 263 270 254 126 512 512 125 4320 4552 4244 4737 154 1460 4609 1726 6504 1374 5490 1386 751 642 3556 6529 4349 1031 7516 5808 5961 6965 361 2130 6034 3745 887 6254 6508 7652 4518 5334 3397 3402 7027 5936 6051 699 6723 7576 7831 6287 3890 329 4258 7182 2204 1541 3807 1285 7454 7797 1323 1209 616 7352 5849 5878 1810 2821 4700 6762 2209 2588 5244 2054 2826 2050 5815 3393 4838 1566 3215 7444 4892 7404 5076 1664 5953 3827 5210 2950 1594 1914 1296 2255 5814 6328 5980 6977 2866 2584 6867 5046 2250 6035 2012 938 3898 3939 2014 6340 3596 5527 1630 7360 5350 102 5792 2087 1925 3177 2497 6549 1215 5775 4801 1584 4964 7679 6432 3157 1358 5238 7982 
79 119 126 263 270 254 252 512 512 125 890 1913 2004 7176 2367 1683 789 3842 1194 5167 5062 2544 7211 7518 6434 1948 2919 6770 7942 292 3901 3254 2197 6240 1696 7778 2778 1897 7329 5959 5951 5482 6451 3589 4455 3161 7547 6296 3413 5127 6543 35 540 4303 7046 3356 7285 6775 5345 7289 7265 467 3123 5887 2371 3073 5090 406 5621 7992 2965 5307 3074 6395 6934 2998 849 2669 5737 3767 4954 5956 5185 2447 7865 7522 6829 1604 910 9 70 4620 7908 2933 3257 502 2639 5140 36 4380 4781 5420 2856 1266 3354 6103 4279 2016 4734 6225 5135 3165 4443 4049 5546 4265 4144 4426 4984 2633 5276 7434 637 7398 7227 4770 3931 5223 2075 19 3465 3656 2619 6025 1111 
80 0 252 0 0 143 363 250 260 125 3780 1528 6650 7725 1623 258 6364 3535 1934 5154 3293 6404 4637 782 6937 2141 3812 1996 7395 2606 1690 5375 7611 5939 7477 4660 4440 5254 622 3432 477 907 2793 7257 3945 7957 1642 7963 1408 1112 4183 6538 5207 1139 69 6209 3033 923 603 3491 2484 4558 4439 2997 2839 3071 713 4764 7898 5827 1935 6951 55 2971 2169 2230 3224 4139 6068 3849 3732 4663 1684 3823 1287 7749 6077 4621 2240 1663 7113 850 3519 1344 1856 3095 3933 4966 7694 7923 1685 5642 6080 3125 3235 1982 7175 5450 7455 552 7488 2044 2854 4174 1450 1299 2433 6471 6819 2678 7277 2834 6245 435 3527 4461 6186 6004 5948 2358 2180 3776 6267 4480 3390 
81 0 363 0 0 143 512 250 260 125 7128 4307 7300 2509 3321 6844 3342 6558 4940 2178 7500 5204 6703 7474 4657 4476 2683 2247 198 4300 431 4306 7255 2422 6134 3684 5753 4726 4988 6014 2381 2577 7575 660 4375 6676 1094 3830 261 338 4489 203 7901 2885 3718 131 4271 2992 5229 7362 5115 4969 2450 5139 1061 289 1736 4230 2226 5578 7674 4392 3990 4756 4694 4386 3512 7733 1444 6973 3758 5722 6810 4632 5715 5538 78 4686 1904 5929 3542 5693 2038 2964 1313 7836 5499 3135 4336 2562 6063 969 853 706 4943 134 4826 3872 1596 6804 7993 7069 1543 831 3079 7229 3316 4676 874 3446 3017 6343 2994 4062 1646 6518 4393 2263 4255 778 2312 2419 7648 6010 3841 
82 143 252 0 0 254 392 250 260 125 7487 7052 4713 2304 6246 7271 1294 4412 739 177 2721 488 4869 6805 120 7034 7412 6144 5412 6635 2018 2822 4190 3171 775 650 7677 2352 3030 5259 3668 4526 7900 6910 1334 5706 6054 4901 662 3889 5149 6761 3381 2296 3749 7283 375 3450 2237 7542 1966 5575 7882 7842 5355 1033 4514 4089 1314 5374 1189 4206 4031 5317 5521 7604 3236 6800 7888 224 4971 3187 803 2502 139 3739 7879 1988 5376 2727 5008 5711 5750 536 6447 5193 1636 5991 5340 3801 3754 6472 5766 2210 7940 1395 7149 2844 2047 6913 2287 6461 1419 7835 2897 5455 6666 181 4683 5674 7102 2476 7839 6133 3551 4638 311 6105 3665 392 2521 1808 3349 1008 396 
83 143 392 0 0 254 512 250 260 125 7210 992 4242 5760 3900 387 4355 44 2566 3861 5364 4502 3430 1738 7707 301 6869 2677 1995 6895 3903 370 3554 6064 1441 2257 4521 7644 1140 2801 2757 294 5476 6563 330 1431 3783 3001 5441 710 3105 5498 6737 1304 573 2892 7282 67 3746 4788 6315 5421 913 7594 5328 3451 6348 742 4367 7735 1695 7981 1775 5862 3233 5389 2870 7546 5508 5694 2028 5019 6439 7704 2248 4297 1608 7716 6944 5726 6032 1552 4967 1079 7757 7427 2234 2946 6190 5938 7095 743 1743 5668 6748 6109 893 5892 3921 4338 3438 2321 3756 4810 4408 4934 2852 4371 691 1391 1881 450 5255 5539 1148 1705 3571 4900 4109 4994 7421 2923 3566 2710 346 
84 0 252 0 260 120 373 250 512 125 5645 5891 2711 3805 7791 4148 3056 6574 1475 2029 3163 6989 3570 1569 7840 2347 5981 4675 5782 2077 3674 4626 7074 4696 5903 1053 543 1384 3575 1770 7035 1804 6559 3258 6648 4650 5034 679 278 4414 3984 5199 5423 4262 1957 298 5291 3379 1780 3106 2628 4110 5799 4044 3408 7312 2121 439 7262 1589 7224 2400 5670 2661 760 4391 6337 6945 5582 6199 7145 5286 5285 950 182 469 5732 385 2218 594 2252 1369 4410 631 1051 5091 793 5160 5502 774 1924 5660 7536 3568 6685 3598 1324 170 5915 6355 3629 7083 634 7005 3651 7333 2299 4448 977 1003 5249 4422 7815 6369 3398 4012 3881 487 5803 348 3264 6651 4634 7739 1271 
85 0 373 0 260 120 512 250 512 125 2443 3277 4078 6878 4354 126 5507 5695 7756 6314 5609 5910 5272 4333 957 5424 5471 7131 4162 2343 7400 4360 4699 1776 6620 4008 812 5385 4897 6441 407 4804 2646 1762 2031 7909 6099 4420 5618 2930 1306 1534 437 3888 2549 6957 7994 7439 5794 4797 4468 5440 4226 2146 7927 4819 4048 4877 6893 7523 4930 7579 5912 2526 5888 3967 2597 1989 1724 7921 4030 408 5557 6997 7403 6698 2021 3302 68 5570 1283 873 3045 7868 1774 4916 4922 7381 4405 3158 617 5900 2246 2488 3464 990 308 6756 345 1849 3513 6990 2397 6859 1795 6794 5048 3052 4741 7714 2865 525 1146 5430 6252 3869 528 902 5230 5289 3457 6926 7043 1787 3164 
86 120 252 0 260 254 380 250 512 125 6397 6972 5153 641 1635 1054 4815 7591 3377 103 4498 2010 2438 1699 5483 6821 414 3603 852 5968 45 901 7387 2070 3533 1953 5348 2754 6104 3350 3240 6517 4066 4168 496 4299 6630 2334 711 6967 1742 3086 2426 5114 17 5793 6836 2440 4013 1882 5310 4145 6272 3104 5388 2408 4820 5843 5724 2265 7617 4364 5305 3727 6131 7643 5395 3698 4790 7803 704 129 3160 511 3853 6787 2063 4037 7116 4093 2745 4002 7472 6412 3449 1637 7183 1912 928 817 6602 2922 1023 6815 5865 2755 5402 1105 3285 508 59 6569 1046 4883 4137 7700 1275 5964 630 5485 2187 1346 92 5036 3649 4647 218 6783 6736 4645 260 4625 1416 590 5257 
87 120 380 0 260 254 512 250 512 125 7537 1228 3826 2001 965 4015 7903 1679 6417 4989 3804 3275 3176 7120 7953 6433 1735 2289 7710 1929 5111 918 3730 2804 7786 7045 1219 3569 6899 6400 720 841 7557 2286 3083 5168 7936 6653 3709 2214 2364 2258 2481 6070 1671 434 2017 6982 3364 7896 1165 4253 7389 5121 7502 5735 5545 2261 5972 2724 5749 4427 3023 7253 1464 4442 7743 7873 5094 1665 422 2914 7413 6062 3140 6673 3544 7890 1478 3414 4232 700 1570 6334 309 5667 3725 856 3510 1691 6987 4351 7236 1267 5916 7376 1754 5112 529 5879 5848 1025 5265 2638 4352 4513 6350 5177 3288 544 6277 5081 4249 3592 2292 726 2300 7853 6618 4088 3640 2421 783 5861 268 
88 0 252 250 0 121 375 512 252 125 7475 2747 3960 4095 1307 1855 1927 4035 3142 7667 5422 7914 5518 5745 7717 6728 6694 5095 2973 833 7146 5200 6161 1747 5691 64 2320 955 1177 861 6002 6498 7613 6583 7723 6674 4981 5840 1125 7970 6107 1624 1900 96 2331 5890 3126 7486 4528 3370 7858 3175 614 6188 3502 7960 5659 4985 2114 6834 3751 6968 6204 2309 7750 5435 6126 2140 7573 4643 4799 922 5987 1097 1730 3695 5172 2284 3627 6118 7754 6664 2198 4702 4566 4225 6637 2921 3223 5554 21 4256 4870 1362 7932 5192 1116 5680 3167 1998 582 5447 2359 3964 5352 98 7448 6379 6946 413 6127 3147 7824 1109 3970 1562 2496 4554 1251 5486 2789 7614 1433 2504 448 
89 0 375 250 0 121 512 512 252 125 3750 3610 2857 2763 7497 195 3044 6182 5922 340 6827 647 5333 2356 3333 3865 2730 5336 5662 6780 4687 1050 4811 6259 3473 7209 4027 7088 2413 3760 3516 2508 2581 6752 3944 2102 4140 2576 982 257 7755 4 4278 3608 4887 2568 3186 4372 1071 1737 6038 391 2173 6678 523 2542 3524 6431 4220 6495 5994 7768 1058 4960 1723 4578 7818 6219 4712 4904 1402 79 7433 4624 4536 161 3978 1712 3234 1510 1959 4196 1263 5201 3311 4147 7829 7669 572 1120 824 1573 1232 3699 2935 2338 5738 1255 357 2207 7729 2770 4874 4896 3925 2718 3742 3748 870 1822 7866 4447 4014 1234 3882 2781 4767 5372 2607 2598 1077 7272 6983 2652 5585 
90 121 252 250 0 254 384 512 252 125 920 7378 2999 494 7695 6562 5671 6150 6310 7966 6278 959 7281 125 6938 2040 336 2905 2987 7848 3946 2523 1598 1204 6462 1652 882 6730 3242 5592 3295 3632 3985 6781 2686 6697 6607 206 4180 1707 2112 952 5526 6791 2033 6268 4695 2295 1577 2163 7741 52 2216 4276 3875 5492 1722 4424 3400 99 238 4619 6897 3246 358 5124 7765 6289 3247 4090 3734 7764 1892 3305 1044 3241 4542 2851 1517 7139 6269 6391 246 7685 3478 655 2307 5494 440 4955 1791 5318 4862 5572 3621 1798 7304 6330 7926 3462 2794 6201 4416 3704 6323 745 114 2048 6667 405 4714 4627 6668 2365 4684 1240 2984 7463 6327 6123 1994 2066 7096 7462 1449 
91 121 384 250 0 254 512 512 252 125 3839 2960 5965 500 7062 7632 1796 6818 1981 1272 2942 3644 6616 763 461 997 4193 1778 6229 2833 6603 7877 2079 7673 3721 484 2475 403 4188 39 6573 7148 7160 6597 3855 6545 2705 4292 6739 7336 81 507 2903 7367 371 6313 4401 4573 7555 7752 6863 418 7988 2603 343 7105 4846 5913 6671 5237 6383 1984 5758 7222 7758 5158 6717 5768 2520 2968 7466 930 2666 5297 204 6604 76 3421 539 4134 5315 5895 6000 299 2078 7061 3120 426 4602 132 4138 3816 7330 7079 3786 3565 6655 5050 214 5761 5331 2045 7543 6455 3136 666 3594 7917 3562 7451 3540 4191 2676 6950 7730 6163 6907 7801 6376 6071 3650 5010 563 3330 5309 
92 0 252 250 252 129 365 512 512 125 1706 5617 4293 2208 3806 377 136 2057 3310 2673 4308 7489 5101 4039 6784 3584 4753 2951 7042 4543 1930 5904 6738 4117 851 6023 5881 2518 7800 3284 6450 3803 5191 5125 7481 6042 2232 7715 4079 6632 1802 2667 3289 3424 1678 5504 557 6571 3905 6448 4899 7684 1839 6663 3035 1193 4259 3720 201 316 3325 658 1039 7181 4854 1043 5097 7967 4316 1781 2663 1999 4766 3864 4274 3174 2386 489 2672 7529 2522 2536 5804 7199 7127 4791 1336 3991 2575 4065 2785 6535 4046 443 5260 350 2681 7886 4142 2285 1309 3682 6235 791 2811 7385 6751 6214 830 3897 6594 7668 7719 586 2459 6511 3515 7078 5854 7775 2913 6170 3705 4432 105 
93 0 365 250 252 129 512 512 512 125 6520 1649 6825 43 6610 6196 5433 7859 4911 4430 4839 2493 999 5209 4083 5653 4585 5264 176 7054 7874 5603 4773 1222 2491 1437 3230 7820 6874 2769 7335 3010 5955 1682 3846 7075 1201 3199 5014 2276 5144 4570 921 5833 5746 597 1590 5944 7812 7432 5155 5589 2279 5777 3626 3834 1335 4809 810 3134 4429 2000 1711 2691 6069 6513 5253 326 3318 4394 6177 7615 2487 3908 1238 3770 6027 5292 6964 661 5013 568 531 297 680 3110 843 6731 804 2462 4920 7156 3020 2239 75 5528 7999 5640 3867 6586 6349 1784 6113 5311 4654 6801 4491 3766 3014 6852 756 247 1030 6682 4130 3054 362 3208 5725 1075 6857 2890 719 7726 1360 
94 129 252 250 252 254 385 512 512 125 4269 7972 3633 6891 1620 7889 7544 5061 5234 3203 310 2494 220 1467 7823 4466 5218 5858 6714 5344 3096 7388 5811 6135 3002 3831 4973 2784 7208 5162 6341 1568 4187 5697 4951 5754 6092 5832 5566 6079 575 1150 6172 728 7980 4433 5595 493 3021 3367 5975 3348 2329 7187 5113 976 1002 7202 5346 3355 6900 1019 2303 2479 5028 2150 5408 7979 4456 3850 6266 6933 2203 2393 3085 3999 5555 4533 7785 1869 5655 4404 5778 6711 6928 3066 735 7950 7645 2458 4622 605 2846 6579 2224 2541 2468 3347 7468 2128 6546 3271 2675 4098 1317 3986 4373 4720 6465 1831 5641 1020 2410 3824 3706 1173 4194 436 2800 6613 1936 6418 7308 5634 3441 
95 129 385 250 252 254 512 512 512 125 1697 6919 20 7394 2013 4499 2165 1905 7137 4562 4595 1944 2631 7596 911 4527 3597 5337 7779 1233 7483 7844 2554 7459 5779 2752 6865 2883 524 112 5683 4396 7129 7806 3153 1813 2139 7287 732 4435 4263 4195 1564 7198 6158 1997 7568 5473 3779 5100 2887 4290 4568 5625 6198 1740 4485 7072 5577 6526 5860 5157 4831 2985 5475 2882 3958 367 5411 7552 7641 1540 6503 5080 5466 7484 16 3634 7954 1902 3582 2764 497 1886 6884 2093 3503 4763 121 5128 1371 2722 5256 6515 5950 2302 1135 1873 6489 7009 2341 6454 6719 3987 7010 3899 681 4924 162 149 1752 6011 7902 6020 3482 2499 6496 3048 5203 6044 1814 1465 741 2980 4512 
96 254 0 0 0 372 128 256 247 125 7701 7031 6773 4674 3360 2060 6647 1132 6396 6716 1388 5852 6251 7226 7495 4598 3011 2719 4286 7261 7280 7217 2373 3680 6779 2926 5927 809 6394 5279 3646 3211 3098 4844 1975 1582 4525 766 7661 5963 4205 4748 2636 6502 1359 6911 1842 6943 4576 2500 4865 6153 6013 2124 3145 2335 2122 2420 3771 7998 6007 551 1325 476 5560 6847 7363 2759 1049 5387 2582 6301 1622 1392 4711 5361 5837 6283 5918 3907 1949 4071 236 7016 6721 5739 7959 5316 2251 5885 3797 425 3848 2608 6922 7259 3065 4081 2179 4902 4759 1463 4963 4593 5591 101 7847 7473 498 2467 5646 3922 3129 4716 7048 4160 5730 880 1901 7142 1783 1476 3579 3851 5866 
97 254 128 0 0 372 252 256 247 125 6311 6373 6521 3591 2298 2604 4509 6481 694 7597 7122 4508 615 1022 6638 3282 4387 3719 6750 1990 3166 3630 6512 1027 4949 4709 3653 3738 4395 5183 2022 4209 244 2456 2869 7941 4454 7377 1439 3647 7184 3127 7342 7326 5039 3662 100 4769 4747 1203 6362 4419 863 2534 3661 2815 7345 2557 2767 1069 4462 2565 1587 3206 471 1549 1367 2099 4470 388 1607 7140 4939 2910 6218 2008 4365 31 581 7402 1518 7593 5901 4184 6217 7499 6326 2217 7296 696 3534 3343 3829 5012 1523 6970 1451 5628 3474 7258 7346 4043 4340 3717 2859 1878 1242 3078 7620 3504 2495 2455 2398 7411 7852 3487 4672 7292 2069 3189 6669 5407 960 1124 7332 
98 372 0 0 0 512 108 256 247 125 6871 3708 7266 3511 4250 5926 15 1364 1163 210 2193 4731 1361 7783 7361 612 1807 18 6581 2501 5596 1422 2396 7200 7834 943 5908 2290 7663 2828 5275 485 47 5702 1794 5106 5269 4063 1269 6509 7021 118 6445 6591 5902 1654 3697 1761 5133 6316 2037 7892 6082 6949 1868 4402 7039 4094 427 533 7369 838 1106 2142 3703 48 6811 296 4665 3857 839 3701 1259 5141 2888 5875 4056 734 6722 7825 5032 4114 4287 7492 842 2466 50 1773 2611 6207 2650 6598 7213 2986 183 7851 7505 1493 1415 4370 2761 690 4268 3336 888 1765 5998 5353 3444 4915 2403 878 6484 6822 369 1042 7944 1928 4159 3883 602 7087 2750 1029 5925 
99 372 108 0 0 512 252 256 247 125 3605 7355 1583 5456 7675 7810 3097 6398 5190 7737 2602 7480 5880 2511 222 3836 1779 571 1986 6234 2976 860 4972 5196 1070 2120 3595 2978 2917 2249 5907 7600 7375 1969 2319 4011 5623 7759 3394 7855 6564 29 1426 1976 5457 848 4029 820 3636 1896 144 3225 2907 2088 41 2055 4475 3818 555 7493 2876 6491 7018 520 6057 1544 3637 7904 798 5744 2823 1511 4045 4575 2957 4836 5174 5765 386 4812 2049 1687 5756 5896 7491 3090 5306 5934 3811 4608 4178 5995 6916 4577 993 7653 6087 1661 4651 5000 2097 1993 4319 7871 5302 2740 5573 6868 550 7370 3406 6156 4903 1502 975 3940 6416 1264 2191 6985 7520 6017 3148 424 6351 
100 254 0 0 247 379 123 256 512 125 2835 2684 3442 4938 2195 5729 7288 5568 463 3479 5624 481 1716 1064 2434 5790 6426 4179 5937 1329 2637 305 2473 1113 663 1390 5341 771 3200 5992 6463 5119 5175 7273 1342 1545 270 3038 7517 3477 7252 6179 3983 3280 3067 430 4596 1595 3799 5962 2160 1769 1486 1875 1157 1308 12 7166 4677 1055 5326 4878 3115 319 7637 360 1666 2011 978 1871 2896 2429 1425 5523 506 3781 724 4680 262 6642 7364 7787 6147 2548 6191 5855 611 404 808 5416 1955 7161 5126 4837 2777 845 2703 7548 5460 2958 7564 3122 1693 4948 6848 1819 5025 6452 5134 5108 4871 150 5989 5826 7746 6130 4224 4914 1499 1823 5681 5481 6162 7964 6846 
101 254 123 0 247 379 252 256 512 125 656 4572 164 6370 1206 2780 6488 3108 6809 7443 1633 6230 3885 7875 4895 7407 3586 2483 4818 2808 3315 1806 3294 754 6003 927 5921 5137 6595 757 3469 5131 1410 1676 2115 395 1144 3844 834 2116 755 4580 3448 6088 6917 7965 3077 3620 468 2573 266 535 844 5065 1 4322 3648 4068 2824 2194 5205 787 2928 5612 7928 7634 5982 826 4640 738 2291 1828 4996 5049 2570 5586 1310 937 3531 5562 1983 5935 708 7987 6596 6005 6413 1872 6735 683 4164 7100 6024 4171 7068 516 623 3764 6061 4704 5830 6329 7011 239 7297 6633 3476 5445 4727 6548 2736 2127 5954 3854 5551 1421 4202 4750 6075 1118 3075 1601 5290 3058 6894 
102 379 0 0 247 512 118 256 512 125 6969 3144 1172 3768 6100 1207 7850 2369 7188 2362 3731 4925 2558 6149 2297 1256 2908 1048 1175 2592 1710 2513 633 4157 4384 2547 7864 3471 5414 4484 4745 513 2630 7718 3920 372 2916 2858 2104 2200 7081 4342 1681 1420 3363 5371 303 6297 2737 3291 4890 5633 5632 4361 5630 3062 5088 3480 4537 7418 444 3744 6393 5786 6845 231 5035 2528 3828 2391 1757 3319 2632 6203 1430 6016 6892 2734 2560 1574 6993 5988 331 3425 7774 5615 3049 7961 2003 7708 883 1694 7533 1704 3832 5675 7204 4216 3087 4143 438 3202 4331 1667 7989 6151 4103 6553 6352 4784 6870 288 2593 4289 7358 3670 5620 7471 3209 1101 6665 7789 7744 3930 3676 
103 379 118 0 247 512 252 256 512 125 1356 3466 3918 2328 885 7528 6138 1279 7996 3691 1403 3928 2532 5231 4032 5055 2152 651 7646 5813 32 2622 6551 3915 2692 5409 4728 2989 3549 66 7174 1066 7938 4033 4479 3590 3902 4257 3353 6368 7689 1713 4170 4813 4908 5104 4905 6955 2627 1153 4803 569 6299 4010 4590 2643 3459 1845 3494 7821 4546 2640 7108 3245 5438 2981 2596 5598 5397 3685 5465 4882 3172 7699 5451 2414 4203 5952 4040 4506 5700 7572 333 5398 3495 6436 1888 3858 3159 1218 6039 1487 5535 4600 5300 86 2385 740 6646 5699 6224 1632 2802 2569 321 486 2796 2679 7911 6477 4771 6700 7373 7930 6336 3843 5219 3131 62 5232 6264 7799 3550 6601 233 
104 254 0 256 0 382 117 512 257 125 6622 2756 4129 366 1786 38 3183 223 6271 1318 606 3642 7867 5564 6679 5044 5117 1243 1376 653 200 3757 2415 7958 604 4970 4036 4127 3008 202 1090 3666 2256 6012 446 3423 643 1508 6474 4829 4233 7582 5740 1330 4516 2350 6468 6527 1282 2486 7041 5478 4729 155 6332 2280 818 3979 1258 7720 2895 2797 2831 3378 6881 1606 7309 3919 1152 2190 2183 6639 6043 359 6975 6208 991 1908 6049 1411 5983 1452 6660 2657 4840 3966 6797 3034 6335 7430 7165 5899 4181 2138 4185 87 5978 7767 7678 5563 7070 6941 7154 1826 3810 332 1290 1226 3794 2370 1438 2814 3800 865 1102 3036 2817 4975 4464 1866 2774 2775 4084 4200 3460 
105 254 117 256 0 382 252 512 257 125 875 6755 1877 7907 549 3655 7943 2529 7559 5263 6768 2058 956 5070 5077 7465 2819 7642 4272 7401 313 4334 7705 1469 682 225 6621 1731 4768 5871 5883 795 5047 1644 3042 5810 3276 4437 2382 2092 7761 6210 1879 4852 459 748 3813 5383 635 3659 6905 3959 626 24 5819 2082 1171 1245 5041 733 6877 1719 6384 537 6909 5184 5006 1689 2074 4003 5053 4211 3335 7111 5584 2375 5267 5085 2096 1260 3791 1580 3612 4337 2690 1009 5650 4085 1200 2227 515 6211 2030 1047 3317 1680 2735 2064 504 7690 4535 6971 1400 1468 458 3012 3037 2898 4950 1241 5488 454 168 7666 3443 6578 470 1572 7428 3015 106 1404 5736 1083 7838 
106 382 0 256 0 512 124 512 257 125 2105 7447 4855 1198 4317 2192 2771 3303 3472 3345 2394 4241 2155 1311 1488 6475 3521 6765 5171 1343 970 6654 2457 5802 676 6851 205 5524 1861 4235 1501 6028 3486 341 5429 909 1186 1154 6304 7794 3191 6146 672 5743 5358 5489 6777 2342 2125 5241 546 6817 4941 4150 7740 6458 3409 1191 7206 1103 2275 2002 6947 3116 6285 7969 4264 3601 4507 7482 4460 6322 264 3278 1829 2314 5818 6320 399 2901 761 4025 6684 7119 2836 5242 84 2543 419 2086 7264 184 5339 4782 7423 1195 2947 7706 7291 1767 548 5590 7811 137 335 3050 2990 7190 4451 7269 4021 7344 5293 934 7687 1853 4707 5673 2412 4641 4409 7317 4024 6303 3070 
107 382 124 256 0 512 252 512 257 125 286 7457 7386 587 7101 5009 2651 5923 2262 2654 7985 2451 2009 6908 4275 119 7845 3912 6155 6999 2818 7612 7827 7682 1759 3221 6644 5820 1884 7601 3197 3385 4041 954 4330 6460 3663 6803 1012 4496 6419 1447 2215 7688 156 2720 3435 7549 5717 4780 847 945 5602 1114 2149 1141 6438 6420 7235 2101 1560 3694 3997 1498 2453 4760 7071 6832 2540 7307 4656 5156 6081 4886 3947 6643 2842 1178 5657 4156 1536 159 4929 654 514 1037 6247 3369 7525 215 5747 4639 6282 2260 932 2254 6976 3809 1538 1950 1972 6645 3702 3609 1412 5924 4875 1181 4277 5214 6132 208 5661 1728 1398 835 1961 4108 3304 1385 4398 6486 3180 2623 1328 
108 254 0 256 257 381 114 512 512 125 5773 7535 3583 271 4671 2594 457 3248 4933 6954 1399 6446 1133 1268 2129 6031 6206 3499 4417 7396 5752 7215 790 7343 6614 163 1121 7771 72 6786 3168 1525 5882 5806 1210 1387 4691 4459 4682 1708 1236 3427 7193 1409 4618 1751 6795 3213 7117 2380 5003 4698 2790 2402 7147 4891 4561 4932 2 6760 3401 7057 5552 2527 5287 4312 1143 4411 1803 5343 6902 7239 3031 769 1662 365 5798 4477 2503 7515 97 6006 7935 3307 7232 6399 472 7197 1428 2530 4928 5723 2184 2026 3306 3755 5877 60 3338 4248 447 3953 1107 2853 4586 5084 1631 1119 5599 2201 5872 209 7212 216 7703 1563 6378 4019 57 7467 4743 4153 5823 5686 5312 
109 254 114 256 257 381 252 512 512 125 3613 1812 7975 3092 4478 4520 4945 7372 217 3547 6066 5367 7115 5284 4061 4587 3559 5180 2787 1734 2293 7152 3201 3268 6262 2113 4100 1462 4304 509 1621 4486 393 5497 5381 5436 147 1396 7449 4152 2555 1894 7030 4305 7731 5817 5105 1585 4261 505 3711 2729 2647 3040 7583 7608 7702 585 2283 6300 3971 2587 730 7891 7195 6499 373 3840 122 1216 659 6067 3384 282 7619 2383 3693 6467 4965 3081 4888 4845 2024 1890 5057 5838 3190 5788 5096 1611 1870 2068 3500 7693 417 6084 2052 6584 2353 2080 1889 4876 3658 7784 5822 7106 1532 1614 1567 2881 2126 4868 6371 6408 7130 5889 4120 2972 4452 5401 5373 4399 6879 3287 3567 
110 381 0 256 257 512 128 512 512 125 49 7051 1253 2166 5281 961 3468 2135 1352 994 411 3458 6841 5452 7766 6705 248 2164 196 2561 6 3530 7107 6366 94 6849 3263 4280 2658 5319 1698 2936 3954 5940 5979 7353 2478 3198 1917 4987 2123 4849 4796 3538 6195 5522 5941 4047 4824 821 1277 3817 1339 3949 3774 4189 2072 3218 7219 1220 7056 1337 3722 5325 2642 1365 3416 2983 226 983 5038 4161 3266 5220 1446 1962 7894 3523 4311 5616 334 2117 832 6490 1246 4252 1076 2644 1434 554 1933 1558 3149 3950 7053 7626 3138 1087 2585 1338 6754 4723 3146 2416 4958 7952 5537 1648 1555 1591 2956 4550 6693 6321 556 5304 5181 2982 5147 2864 532 6701 6683 6624 5189 
111 381 128 256 257 512 252 512 512 125 718 4436 5629 2111 61 4449 1625 3692 1686 4661 6953 40 7123 3837 1893 7878 7244 2920 5458 2274 2884 6695 3866 6243 495 4105 5182 3139 2779 6122 6022 7393 1316 4582 5206 6381 5273 3452 7073 1952 4947 7270 1821 1167 1899 4223 4814 5011 2792 7248 3299 7494 5984 2837 1851 2909 4053 4540 1771 1910 1375 3032 2894 37 4291 6552 692 4567 1874 7173 3481 1162 4374 7007 5120 7354 344 2880 6915 5608 7519 1951 6820 4515 7192 7736 2270 6746 4510 2717 6680 1503 5368 5023 445 7284 4942 6831 6636 3082 242 1017 7578 2366 4345 3552 7238 2143 173 1130 5583 7991 1838 153 6487 7435 3004 5571 7738 3222 6171 1977 2668 7556 7143 
112 254 252 0 0 375 382 256 252 125 4547 382 7587 6996 2067 5580 2409 3431 6718 6772 4864 4231 6991 5030 3250 6294 593 4497 3769 7802 6974 4884 187 6187 3396 7004 1471 409 512 2878 4123 4669 3822 2975 1639 3229 3091 2970 5613 5993 1257 5977 6782 58 2389 1504 1865 3231 7945 1725 3207 3546 6686 884 1818 5567 323 6098 1377 7676 1091 433 6506 3467 2849 6045 866 3753 7530 7431 2339 802 6793 1442 4517 5611 5410 6318 1864 5506 7631 6575 4177 6360 4126 2471 3587 7311 3292 1032 6037 5716 6960 5178 3114 4237 4785 7638 1284 4530 7849 7781 1179 6097 1249 7218 5098 5643 7097 4828 3686 701 193 951 7194 3454 5847 5056 2136 7753 1943 912 1692 7912 1169 
113 254 382 0 0 375 512 256 252 125 7870 1081 3859 7294 7033 1305 6626 180 4653 4382 4541 4219 1067 7316 6055 6978 1357 942 5021 6541 5159 1833 4339 4821 4483 1575 5194 7440 796 7782 1010 2614 5914 320 4642 4022 697 7734 1276 1319 3740 4070 34 1005 2841 1011 5359 6612 917 65 5559 2322 3819 7171 314 4441 5785 6661 7251 6040 1840 3555 4381 6587 6276 6440 871 4246 564 4239 610 5176 4742 7651 4154 3917 6707 5197 4505 1609 4857 4221 2253 1142 4889 1799 1858 7220 758 5332 2807 3505 4017 7207 7136 5078 2035 410 6745 3962 3068 1443 2704 6860 4295 6611 2714 7565 7012 306 3270 6659 5252 2480 228 670 4646 3501 914 3237 1748 823 794 1137 5731 
114 375 252 0 0 512 387 256 252 125 227 1485 4879 2578 3617 5092 1991 7189 5762 1790 389 7918 7513 140 7295 6365 189 2392 6120 4444 4282 6744 7856 5943 5298 1182 4717 6566 6280 6108 3526 6425 466 7132 6385 1457 7962 7019 3493 1497 1494 4403 5718 3956 877 3411 6423 6759 6009 4131 5949 5986 5022 95 1484 7205 2332 5658 7099 7857 3489 6168 6720 6136 3324 4668 2762 6649 2171 5876 6727 3296 1366 5152 322 3024 1333 7503 779 5173 3974 6931 1459 2941 229 3981 6428 1052 972 7986 7268 6507 3178 5812 1732 6293 973 211 4104 4418 1188 4112 6202 4856 1041 91 6435 2988 5138 1744 6387 1170 7607 2954 3525 4285 5427 4167 6152 4751 1351 2368 4610 1164 6572 
115 375 387 0 0 512 512 256 252 125 5103 4894 141 4909 4746 632 4067 7732 4133 7201 903 1942 6443 3969 1789 6083 1007 3789 1273 7303 2670 6776 5514 479 1340 7151 2118 4388 6250 4733 1739 2376 6110 4504 1016 6046 4463 4000 5268 7334 7026 5868 7080 854 1407 3871 5366 2931 4075 526 6338 897 2872 412 855 6386 2084 3932 721 7656 5516 7263 5601 1435 2133 2015 6078 5248 77 1947 5548 1001 7077 2418 2996 7934 2148 1291 1509 4944 7233 6742 449 3051 1919 836 2512 7420 6658 6306 2948 1727 5163 1363 6298 4724 2685 5459 5074 2806 2782 7419 5280 5109 1824 7872 7712 1513 2840 6178 4681 7609 5864 4597 827 3821 1168 5321 4689 5037 4848 2435 1024 3417 949 
116 254 252 0 252 385 388 256 512 125 6154 7880 6677 2357 6410 6753 7114 7592 1099 7321 5638 5235 199 3308 4018 250 2267 785 3689 599 7086 3677 6389 7469 5783 6519 7893 2949 4301 5751 1922 619 3055 736 5122 3788 1746 1669 6173 5378 5020 4511 905 1721 3007 5349 649 2962 2103 4863 6986 1576 1512 4936 6232 1134 879 6713 2162 349 6139 3346 7512 3868 3256 3545 5474 6056 7804 2546 4873 3022 1963 4281 2323 2867 5530 7368 7721 1320 5382 6422 4201 3387 7063 2519 2889 6302 3543 2059 4544 5684 237 7627 5574 5759 7476 4009 521 7028 133 115 3762 2132 4260 4111 4992 1551 7777 3043 3923 300 1700 4302 6372 6356 7020 3808 4774 7636 194 6180 2349 7826 6048 
117 254 388 0 252 385 512 256 512 125 3265 5831 4605 6281 2446 7971 2700 6449 7453 1640 3372 1960 356 547 5434 2621 6741 2053 1542 3216 3977 2645 5058 6437 4060 2617 7172 3445 7995 2131 3064 6628 1638 6605 2318 5002 3205 3729 7504 1262 3795 5418 4708 7760 4532 1202 3339 624 7922 1089 5825 3 2586 4662 290 5990 5719 2272 5531 2498 4679 1863 5262 5132 4977 4362 2974 2454 3290 3669 1816 558 675 93 6554 7664 5842 2579 5222 2751 6430 6227 4050 2032 3639 1045 968 6525 578 4490 428 5874 4471 1992 3286 4927 3063 1405 4212 4736 1883 5666 4793 4740 1302 1554 5354 727 6932 3604 6192 2399 698 859 7899 7417 276 5246 7410 3005 7390 4880 6531 4744 4357 
118 385 252 0 252 512 385 256 512 125 7237 784 2449 7524 6882 6444 7550 3710 3019 7747 1906 5520 7157 709 6194 2699 3787 1788 2188 5017 5225 1729 4531 2042 2665 5007 317 2406 4472 7256 5509 924 5821 6560 7672 6799 2862 1857 3886 4866 919 6896 2177 2157 6883 5869 5587 3041 5102 421 941 4584 7406 6309 6708 1903 4020 4703 432 1514 116 7185 2524 5362 2444 4549 7884 620 1223 4594 3835 2108 5828 4057 4583 1571 5669 2706 644 2172 2023 2242 6312 1326 6590 6030 2937 7974 1078 2515 6261 3814 1529 6442 2046 4118 397 2432 5721 85 6367 6459 6901 7984 1063 4548 2417 7630 4860 5893 2167 6231 5703 2879 7135 5898 1763 6510 480 5648 6925 117 6962 287 6699 
119 385 385 0 252 512 512 256 512 125 1286 4957 7562 6073 2423 2199 953 5043 1618 4192 1749 6480 4851 815 2680 5692 2860 482 3262 7808 1278 5342 2288 4423 1072 5027 583 2326 2168 1937 5708 2810 7162 2436 3700 2147 567 4099 3679 7047 5884 2464 7883 4822 7973 166 6608 7460 1720 5093 770 5712 4834 5841 1208 4243 5295 1015 280 1647 4080 7792 6715 277 2243 172 1080 5480 3880 2317 2269 2855 5393 4962 940 1040 2355 6657 518 5834 5945 4990 1792 5449 1295 5997 3572 6670 6494 667 6940 1945 2945 4438 1274 4313 4077 2671 7633 157 2838 4786 1605 6533 3121 3892 5432 1378 3326 2758 1964 5082 7841 7278 4495 6732 7997 5976 2348 4983 6292 5496 5795 5443 2119 
120 254 252 256 0 378 372 512 255 125 7624 2728 7397 7814 7819 3561 2361 5247 4718 2516 4861 800 1859 4579 7657 5365 4428 807 3455 7545 1967 702 5644 4469 6599 3382 1155 7013 645 416 7906 3453 6093 2574 2805 2062 6244 6640 5377 916 2469 23 7599 5472 3737 7168 5663 5099 2641 5930 4798 7649 3602 3989 1445 2244 6930 7436 1289 609 2221 2786 3368 3975 7348 1489 3982 3909 7310 3000 2439 5561 1844 4655 5781 881 1629 2567 6740 3664 2153 1270 2943 7159 6789 1122 3313 4931 1035 6258 5236 6457 2572 4555 1612 6456 53 3588 7461 6808 7748 3492 4132 7588 2051 7442 5188 7429 6592 6688 601 6121 5187 1423 7002 6145 5687 7 3204 1000 3089 4802 1581 5446 6223 
121 254 372 256 0 378 512 512 255 125 7581 7138 7230 232 6864 7415 6263 2539 6074 3509 7569 3214 5565 219 415 347 3911 3162 538 108 6980 5202 6021 390 6164 3687 2007 6927 6492 4406 4907 3227 5079 3420 5627 3712 2708 4054 2979 580 1670 7090 6353 355 2991 3386 2185 1026 1867 3968 2715 1197 1322 1619 2918 1673 5245 1213 1980 7742 3733 6059 6359 1923 3373 1454 1745 401 825 7514 3366 998 4599 6193 1312 1675 7228 1056 7501 837 2351 4121 4445 6102 4923 6090 4175 3013 6242 1406 4979 7598 3407 3080 2716 5386 6862 6995 2531 3593 2474 2219 3439 3419 6241 7843 638 2674 5089 1104 1768 6631 6166 7060 1809 4633 5647 5356 6692 2803 7441 3537 5400 5224 6308 
122 378 252 256 0 512 374 512 255 125 7416 88 5146 7670 5417 6588 5150 7580 5461 4005 6222 4348 275 1920 7830 1126 158 3878 456 4858 6539 2306 6774 5051 1941 1086 1224 2405 2085 5299 6855 4588 6690 2741 3935 4324 3916 1766 5227 1965 5086 6089 7585 7722 7955 3574 6148 7313 4670 561 6050 2625 1073 6291 6813 4631 737 6984 746 1211 664 4113 4155 5415 130 6094 5835 3039 931 4038 4757 768 1827 613 2662 4227 1703 5208 7863 4273 1427 2873 5505 3322 3772 2589 4623 4458 1481 384 2442 5533 3943 3332 6769 3580 3681 6411 2902 705 4074 5772 171 2832 4732 3261 966 5477 4341 6833 5145 669 3557 7383 6115 806 4001 2228 3383 4115 3130 5083 7570 6189 6536 
123 378 374 256 0 512 512 512 255 125 7366 2963 5211 1968 7586 2377 4222 5116 7603 4076 3625 5543 1235 4376 3301 6681 5283 936 6981 5614 5303 1117 7242 3539 3463 5639 7325 5067 1557 6764 3251 3585 7267 3623 5396 1301 7164 1100 7745 3357 707 3365 1108 4551 7177 6958 3253 5428 245 263 3517 5301 971 5999 6712 6556 579 3488 5129 1565 5166 2229 4559 4738 1149 5347 1843 3111 1643 872 6052 1474 5005 5148 7331 967 2966 6906 2333 6382 1018 475 3563 7554 1184 6200 5742 73 145 6959 6205 1579 5727 3929 499 6141 7405 1753 621 6216 1315 6124 1448 5714 4315 4007 4629 1785 7191 394 7828 4827 1348 2090 7990 3182 3244 7728 1176 7234 7082 491 3281 4557 2553 
124 254 252 256 255 386 388 512 512 125 7425 7250 4952 253 3942 3988 4835 6033 7409 4228 2363 2259 4961 6929 4841 240 5917 1971 4434 5110 3887 799 5243 7221 801 7337 4795 3995 5392 4327 816 2659 5958 5974 5314 4581 1429 3300 7479 3913 2324 7003 4754 3992 327 7408 7606 3874 3283 1183 7665 7124 1546 1380 4294 5755 1956 3027 1777 3528 5075 4366 2425 4881 5271 685 4982 673 595 2694 864 3362 6160 4042 3856 6547 2698 6091 5179 6824 2776 7698 4667 2212 1911 2490 7422 4701 5558 5320 7155 640 7089 1760 6923 1593 2927 6290 6363 5846 1854 6828 3845 3577 2551 3793 3152 5576 6873 4415 898 6497 7464 5513 1815 3046 6853 4692 6415 2094 7640 4688 2043 3309 1060 
125 254 388 256 255 386 512 512 512 125 4284 7380 6157 2005 420 7876 1755 213 3638 7036 5763 2158 1907 4606 862 1004 759 3128 4825 6912 5042 2316 197 5816 4240 6129 1801 3508 7885 7050 646 2089 1353 1006 5403 1349 7125 113 378 5413 7298 441 3273 4805 4425 6380 773 3763 462 5550 1495 7795 5947 2701 4921 2961 5529 3611 4926 2315 4758 7862 1382 6354 5026 1123 3993 6047 5604 7895 3714 402 2106 2813 1848 1456 3006 7225 7658 6181 3358 3269 519 1891 1300 6060 7391 7629 6838 1158 2874 2098 1192 5920 5791 1641 2448 1482 2445 5217 4685 1381 7681 7126 7506 2266 3433 1082 2271 1068 5679 6270 4186 4283 566 2748 6798 1038 4560 4389 3255 6619 3184 1472 752 
126 386 252 256 255 512 391 512 512 125 4347 6253 788 3376 3784 7450 5597 22 1602 980 7275 1250 1480 4556 5836 7247 6615 5463 6589 5525 3802 3405 3150 1413 5734 7946 6142 3652 2911 1190 589 3752 7231 6392 3359 4431 478 7854 765 7978 6175 6377 5605 2618 1524 4119 5873 2591 7000 2301 4116 4210 5068 6577 3395 767 5294 6402 2689 7323 3558 3996 4488 3016 179 5469 2378 7246 4501 1151 4968 4197 6704 7240 7539 1931 3470 1714 4725 4004 2482 5652 4658 7931 3490 4229 503 3936 3094 750 3564 7315 5969 325 5672 5748 4523 1979 6843 7558 3998 6785 6226 4919 2583 5369 4323 1440 900 2401 753 7813 7650 944 3113 4166 2732 6112 5688 3884 3578 3069 1805 2424 3331 
127 386 391 256 255 512 512 512 512 125 5052 6274 1156 6994 7040 7109 4777 2702 2799 695 2233 545 4158 584 3660 259 7511 4806 5853 7458 4165 4563 5928 963 1034 5610 1701 1586 455 3994 1424 5960 1515 7065 1160 7709 1293 2020 5399 3657 2563 1764 3860 4494 1331 6464 4538 2225 3790 5479 786 4995 3112 5491 2110 4867 1832 1127 3741 3675 5776 2798 7446 2134 7243 6221 1084 2222 5705 1458 6890 6019 2967 1138 1372 104 5016 1247 7772 1492 178 186 2533 4215 6537 1217 729 4787 5553 822 1065 1414 4344 1887 4353 6401 7104 560 4721 5728 7860 3678 0 464 1028 4369 1505 3581 5542 3765 6634 7254 6085 6540 5277 188 6814 4407 6963 6137 7456 10 7691 5071 7541 
