256
256 0 0 0 0 137 114 124 77 15 1496 3228 829 46 1847 2159 2820 368 974 2552 2308 3548 3792 304 1373 
257 0 0 0 77 137 114 124 261 16 3195 74 3107 3614 1332 3641 797 160 1921 2337 3965 3388 2893 712 2713 256 
258 0 0 124 0 137 114 263 106 15 2868 2186 283 3529 3076 2693 2766 3181 986 2696 3894 1417 56 1473 3927 
259 0 0 124 106 137 114 263 261 16 3904 3914 576 2746 2036 191 3061 1013 665 1161 2076 337 1401 1239 1479 3267 
260 0 114 0 0 137 249 122 107 15 908 2830 3418 54 2731 3185 339 3910 3057 2600 3141 1741 811 2235 3667 
261 0 114 0 107 137 249 122 261 16 2595 1248 3615 2346 1379 1603 3352 1093 3483 686 3103 1225 3072 2613 451 3029 
262 0 114 122 0 137 249 263 131 16 1237 249 517 3906 353 2744 2507 1036 2791 3238 3522 1261 174 3099 668 2427 
263 0 114 122 131 137 249 263 261 16 896 2682 1129 3683 3619 1521 2220 3553 291 490 1292 2374 772 2653 3573 1345 
264 137 0 0 0 256 124 113 126 15 895 2571 3298 3696 2241 3340 3635 591 460 2620 1110 3361 868 1500 1592 
265 137 0 0 126 256 124 113 261 16 2161 3434 1418 3101 1131 3210 747 3314 1470 3279 295 3825 269 3532 1166 3179 
266 137 0 113 0 256 124 263 123 15 2904 2505 3672 2060 1677 3239 1453 2709 165 212 1394 715 1597 2465 2372 
267 137 0 113 123 256 124 263 261 16 1750 3628 354 814 577 3796 1519 2749 1718 3606 110 3973 135 1946 364 3893 
268 137 124 0 0 256 249 123 118 15 1973 2460 3782 1516 2390 100 1613 725 235 1436 2977 1159 1850 3785 2624 
269 137 124 0 118 256 249 123 261 16 2095 190 979 929 2027 2268 2564 1199 777 3084 51 3334 933 2073 1939 2629 
270 137 124 123 0 256 249 263 150 16 2428 1227 1095 2969 2847 2634 2238 3560 1915 1650 1938 2599 380 2626 3616 128 
271 137 124 123 150 256 249 263 261 16 123 542 3026 2175 1254 2768 3320 2223 3170 3599 1145 2649 1758 3154 553 1660 
272 0 0 0 261 147 118 140 357 15 2664 2738 1916 981 2861 252 3948 279 1230 3169 452 722 90 792 381 
273 0 0 0 357 147 118 140 512 16 762 2236 962 1733 935 3873 2900 1466 3654 684 151 2395 3220 3297 1229 25 
274 0 0 140 261 147 118 263 345 15 3607 534 1834 1715 2795 598 2273 744 27 2071 625 2932 3380 1588 2174 
275 0 0 140 345 147 118 263 512 16 1205 1522 2310 109 858 2612 1265 2156 465 2707 3952 1280 805 374 2379 600 
276 0 118 0 261 147 249 103 382 15 1368 1756 1021 2144 3426 3876 3143 3838 127 2181 3484 947 2109 5 2344 
277 0 118 0 382 147 249 103 512 16 3713 522 3961 3576 3643 716 2829 2601 2151 265 3399 2753 2891 2871 2939 453 
278 0 118 103 261 147 249 263 389 16 3260 678 492 2245 677 1185 2695 1709 3976 142 3498 2137 819 1214 1674 2809 
279 0 118 103 389 147 249 263 512 16 3520 562 876 2537 2742 1393 2616 241 400 2863 3726 1098 717 83 2264 1772 
280 147 0 0 261 256 114 134 391 15 3155 657 3536 169 2772 1370 1860 3009 2492 1852 2336 2773 1059 3156 2733 
281 147 0 0 391 256 114 134 512 16 28 867 146 1656 3392 2550 398 2843 2189 1507 2431 429 3723 143 3863 869 
282 147 0 134 261 256 114 263 374 15 3212 1817 3963 693 1321 3972 3436 2330 2535 3798 3047 2452 906 2325 1231 
283 147 0 134 374 256 114 263 512 16 3673 948 2875 1627 1651 3440 3891 138 1793 3957 3707 570 1717 3188 2726 2407 
284 147 114 0 261 256 249 100 384 15 1548 2743 11 1547 3272 1180 2906 2993 2277 703 1281 3100 2441 2959 272 
285 147 114 0 384 256 249 100 512 16 984 2556 3117 2388 3645 3428 1074 3274 2827 13 1136 1835 2952 2213 2305 1825 
286 147 114 100 261 256 249 263 395 16 2202 3624 749 3671 1397 3109 3833 828 1491 1926 2083 2472 2384 3404 107 2206 
287 147 114 100 395 256 249 263 512 16 1355 3648 312 2437 1970 1645 958 3018 3151 1297 2470 2100 318 1303 2056 167 
288 0 0 263 0 131 106 404 138 15 3775 1115 3093 234 82 1350 111 473 1837 2294 3777 3934 3217 904 3541 
289 0 0 263 138 131 106 404 258 16 3895 2848 1841 985 2559 3820 2360 3759 2510 1537 1389 1658 1876 243 1553 1846 
290 0 0 404 0 131 106 512 118 15 1880 2712 1174 3328 987 2929 1820 273 3429 2278 2940 192 1659 2205 3951 
291 0 0 404 118 131 106 512 258 16 2783 1702 915 3862 3410 1655 628 1782 3778 2354 946 2430 510 302 840 1895 
292 0 106 263 0 131 249 393 84 15 3728 3747 3496 565 185 3102 2590 1932 2605 2656 63 351 731 1958 3415 
293 0 106 263 84 131 249 393 258 16 2899 3497 2955 3003 3518 1057 1455 2091 964 2463 1811 2697 857 3371 1909 1615 
294 0 106 393 0 131 249 512 137 16 3736 3507 2489 3249 1383 281 2404 3389 501 781 1096 3232 2525 80 527 3053 
295 0 106 393 137 131 249 512 258 16 3028 2411 2387 30 2282 846 2281 1483 1520 293 1830 2825 3955 1657 148 1244 
296 131 0 263 0 256 121 357 139 15 3870 3327 3437 89 1432 541 2925 3374 1898 2182 3980 3337 2485 2660 2953 
297 131 0 263 139 256 121 357 258 16 1531 2655 3412 3403 2176 3461 3847 2311 1212 352 3924 3690 8 3192 1490 3485 
298 131 0 357 0 256 121 512 124 15 207 3600 559 2760 267 2107 588 1088 2154 1918 3815 1617 996 3941 230 
299 131 0 357 124 256 121 512 258 16 3243 2345 33 3456 1477 671 1610 3323 688 1626 574 1252 1556 1062 652 3088 
300 131 121 263 0 256 249 390 101 15 3813 3447 2025 175 2006 925 1014 2912 608 3329 723 2615 2877 989 1836 
301 131 121 263 101 256 249 390 258 16 2580 342 2145 776 3879 3926 813 636 1221 1085 3724 1974 2517 3219 629 1628 
302 131 121 390 0 256 249 512 135 16 899 2725 383 1461 764 1600 2850 152 3133 3618 1978 1561 1354 3631 2765 733 
303 131 121 390 135 256 249 512 258 16 3761 2506 3132 3351 2065 1885 1347 1987 3475 3715 689 221 26 2211 3025 1539 
304 0 0 263 258 119 114 385 422 15 1187 2816 2845 894 1327 2934 2886 3259 2648 889 124 376 3193 1578 2938 
305 0 0 263 422 119 114 385 512 16 3196 1526 674 687 1196 3119 2034 1599 3391 2788 3059 3124 2327 3852 1668 2538 
306 0 0 385 258 119 114 512 415 15 2688 607 1800 2723 3118 315 3137 254 995 988 1506 3688 892 3422 1288 
307 0 0 385 415 119 114 512 512 16 14 423 639 1341 1954 3341 2687 2477 2610 1797 1298 442 3938 3344 1092 2231 
308 0 114 263 258 119 249 409 395 15 2944 2924 618 474 3937 1688 1672 379 926 3622 274 71 3312 2739 324 
309 0 114 263 395 119 249 409 512 16 1128 2196 3252 2609 714 2019 363 2039 42 1985 1527 3226 2170 1533 2915 3194 
310 0 114 409 258 119 249 512 373 16 1550 328 284 285 3173 1634 1862 1535 780 648 2340 1616 2461 939 2313 3743 
311 0 114 409 373 119 249 512 512 16 1530 2061 596 886 3375 2514 3060 2041 3877 627 2995 3896 3716 3514 891 307 
312 119 0 263 258 256 107 418 347 15 2812 2821 3898 938 1664 361 699 642 2497 1285 2950 1296 751 3745 3890 
313 119 0 263 347 256 107 418 512 16 1630 1541 2866 2588 1460 3397 1566 3402 2054 2087 2130 2584 154 2050 3596 2255 
314 119 0 418 258 256 107 512 316 15 3773 1653 3506 1940 1914 3177 2204 1031 2209 1810 1386 2012 1209 3556 3393 
315 119 0 418 316 256 107 512 512 16 1374 3215 1323 102 329 2826 3807 1726 3827 887 2250 616 1594 1925 3939 2014 
316 119 107 263 258 256 249 369 380 15 3735 3354 1266 2371 2639 3165 35 2367 2669 502 540 1584 2919 849 2633 
317 119 107 263 380 256 249 369 512 16 3161 3074 1215 2016 2965 3254 789 2075 2004 3767 3589 2933 2197 9 1696 910 
318 119 107 369 258 256 249 512 350 16 592 483 2545 1604 3931 1358 1913 2998 3257 2778 1897 36 2544 406 292 3901 
319 119 107 369 350 256 249 512 512 16 3073 19 467 890 3157 637 3356 3413 1683 2856 3123 1948 1194 3842 70 2447 
320 0 249 0 0 142 345 141 135 15 1690 3732 552 251 69 2433 477 1935 1934 2240 258 3945 1450 2081 1856 
321 0 249 0 135 142 345 141 253 16 3071 3235 55 2854 3519 1685 1139 2971 1982 1299 2793 1408 907 3293 3125 2141 
322 0 249 141 0 142 345 250 113 15 1344 603 1112 3812 2044 3167 1684 3491 2484 3432 2606 3095 2169 3535 2997 
323 0 249 141 113 142 345 250 253 16 3780 2839 1996 3033 1623 622 3933 3823 782 1663 850 713 2230 1642 1287 3849 
324 0 345 0 0 142 512 133 87 15 778 3527 2678 2964 3830 3776 131 2577 78 2994 660 3135 261 969 1313 
325 0 345 0 87 142 512 133 253 16 2247 3758 2312 2381 2178 338 831 2358 3342 853 1444 2422 3718 3872 3446 2992 
326 0 345 133 0 142 512 250 139 16 3017 706 289 3512 1094 2038 435 3321 2509 2263 1543 3079 3316 2683 2885 3841 
327 0 345 133 139 142 512 250 253 16 2450 1061 2226 874 203 3684 1596 134 2419 431 2834 1736 3542 1646 3390 2562 
328 142 249 0 0 256 394 138 126 15 1966 2287 1808 1528 775 3030 392 1294 3749 3739 1943 3349 177 739 3187 
329 142 249 0 126 256 394 138 253 16 2352 1988 2304 3381 662 1314 2897 2727 3171 2210 1334 2844 139 396 1189 1395 
330 142 249 138 0 256 394 250 136 15 2180 2476 3450 650 311 488 2502 1636 3665 1033 375 3754 3889 3801 120 
331 142 249 138 136 256 394 250 253 16 2822 2721 2018 181 1419 992 224 2296 2521 1008 3668 2237 2047 3236 3551 803 
332 142 394 0 0 256 512 116 104 15 3233 710 3451 3861 3571 3438 2801 573 387 2923 1881 1304 3921 1079 3430 
333 142 394 0 104 256 512 116 253 16 44 1552 2870 3105 2566 3903 2257 67 1738 893 330 2757 743 1608 2028 294 
334 142 394 116 0 256 512 250 132 16 1743 742 3756 1391 3566 2248 3783 450 301 1695 2852 2677 2946 691 370 2234 
335 142 394 116 132 256 512 250 253 16 3900 3001 1705 1441 346 1148 3554 3746 2321 1140 913 1995 1775 1431 2710 2892 
336 0 249 0 253 125 360 147 374 15 2661 1912 469 3984 543 793 3568 1924 182 3570 2029 2400 3674 2252 1804 
337 0 249 0 374 125 360 147 512 16 385 1569 928 3651 634 679 2347 2711 1780 1589 1384 298 3379 3056 594 3575 
338 0 249 147 253 125 360 250 369 15 923 3398 1324 1369 2077 3408 760 3258 3805 2218 2299 1770 439 278 1051 
339 0 249 147 369 125 360 250 512 16 3598 2628 1003 631 2121 774 1053 3163 1957 3881 1475 950 170 3629 977 3106 
340 0 360 0 253 125 512 119 375 15 1904 3990 198 3264 902 2488 2549 348 126 1989 2597 2300 1146 2021 1283 
341 0 360 0 375 125 512 119 512 16 2646 957 1776 873 3277 408 487 990 528 3158 2930 1306 1271 3888 407 3302 
342 0 360 119 253 125 512 250 348 16 2001 2343 1762 2443 345 1774 2865 812 3464 2246 3513 1534 1724 525 308 617 
343 0 360 119 348 125 512 250 512 16 3164 2031 2146 437 1665 68 2526 2397 3457 3869 3052 1795 1787 3967 3045 1849 
344 125 249 0 253 256 379 107 362 15 536 2426 1046 2745 3086 817 1742 3160 630 129 2334 2438 3449 2408 1699 
345 125 249 0 362 256 379 107 512 16 1275 3350 711 704 3727 901 3853 496 1346 103 1635 1054 45 92 2010 3533 
346 125 249 107 253 256 379 250 368 15 3224 3285 2754 2922 852 2070 3698 2755 3240 1416 1953 3377 2187 2265 1105 
347 125 249 107 368 256 379 250 512 16 3603 1023 1882 511 2063 3104 641 1637 3649 260 59 2440 17 508 414 218 
348 125 379 0 253 256 512 94 392 15 783 1671 3023 1691 2724 529 3083 3510 726 2214 1929 3414 1679 2258 434 
349 125 379 0 392 256 512 94 512 16 2261 3826 2286 3592 3176 2914 3640 3275 2017 1464 2804 3804 3569 3286 1228 1478 
350 125 379 94 253 256 512 250 374 16 3364 1267 2289 720 2292 856 2421 918 1570 3709 3140 2364 2638 590 2481 1165 
351 125 379 94 374 256 512 250 512 16 3544 3288 1262 544 422 268 1025 1219 1754 309 700 3725 3730 965 841 1735 
352 0 249 250 0 118 383 382 101 15 1307 2114 1998 2496 2747 1177 2504 861 3970 1747 1562 2331 3502 3223 1730 
353 0 249 250 101 118 383 382 245 16 1251 3964 2635 2320 2857 3370 1125 96 21 2921 2973 2140 1109 955 3751 3126 
354 0 249 382 0 118 383 512 138 15 833 1624 530 2309 1900 413 3627 3142 1433 922 1116 3750 2763 3175 614 
355 0 249 382 138 118 383 512 245 16 98 3147 448 1855 1097 582 1362 3960 1927 2359 2198 3610 2789 255 2284 64 
356 0 383 250 0 118 512 388 138 15 1822 1255 257 2413 3742 3978 3760 1263 1573 3473 572 357 2718 340 1510 
357 0 383 250 138 118 512 388 245 16 2652 3865 2508 3234 3699 3044 1050 824 1071 1077 79 2102 2356 3944 2935 2730 
358 0 383 388 0 118 512 512 134 16 2338 3516 3524 2607 3608 2581 1737 1234 2781 2576 3311 2207 1723 1959 195 4 
359 0 383 388 134 118 512 512 245 16 1232 3925 2542 3333 1712 2770 982 3882 870 391 647 2173 2598 161 1402 3748 
360 118 249 250 0 256 379 383 109 15 3621 99 1892 655 3247 2987 2295 3478 2112 3400 2163 745 494 3632 3241 
361 118 249 250 109 256 379 383 245 16 2365 2905 1044 358 1204 3242 2999 2794 1517 1798 3295 1707 1240 3985 1791 125 
362 118 249 383 0 256 379 512 88 15 1722 1598 2048 52 3875 206 2523 1577 882 952 440 2216 3462 2040 3734 
363 118 249 383 88 256 379 512 245 16 2307 2851 238 246 2686 3305 114 920 2984 2033 959 336 3704 405 3946 3246 
364 118 379 250 0 256 512 396 124 15 500 371 1984 763 81 299 403 3540 3562 3855 2903 1778 563 2066 2666 
365 118 379 250 124 256 512 396 245 16 426 3565 3136 2705 1449 2079 484 3644 2833 997 539 461 2078 2960 2676 132 
366 118 379 396 0 256 512 512 152 16 343 76 2968 2045 1994 214 3721 3330 3650 1981 3421 3120 507 2520 204 2568 
367 118 379 396 152 256 512 512 245 16 1104 930 39 418 3839 1058 1272 3594 3186 2475 2942 1120 1796 3816 3786 666 
368 0 249 250 245 126 357 377 397 15 3695 3035 830 3424 791 3905 201 1802 3682 557 3991 1193 2951 3310 136 
369 0 249 250 397 126 357 377 512 16 3174 658 3806 1043 2522 2459 3864 2057 3515 350 2673 2681 1559 3897 851 2575 
370 0 249 377 245 126 357 512 362 15 1147 3584 377 2663 1706 2208 2232 3284 443 1781 1839 3720 3325 2386 1309 
371 0 249 377 362 126 357 512 512 16 1678 2667 2285 489 2672 1930 2785 316 1039 2518 1336 586 1999 2536 3803 2811 
372 0 357 250 245 126 512 382 353 15 523 1222 661 3867 756 3208 2462 297 2493 176 568 2890 999 1682 1360 
373 0 357 250 353 126 512 382 512 16 719 1238 3834 1649 804 3705 247 3766 3318 1784 2239 105 2491 3770 3908 3054 
374 0 357 382 245 126 512 512 372 16 3010 3230 3199 3134 1437 75 843 2913 1711 1201 3014 3626 921 2487 2000 2279 
375 0 357 382 372 126 512 512 512 16 3110 1335 680 597 531 362 1075 2691 2276 3020 43 810 1590 326 2769 1030 
376 126 249 250 245 256 381 395 326 15 1002 3066 1150 3002 3831 2468 3203 2494 2846 2393 1111 3999 220 1568 2128 
377 126 249 250 326 256 381 395 512 16 1019 1467 1936 3289 3367 728 1317 976 2541 2458 2224 1020 3706 2800 3021 605 
378 126 249 395 245 256 381 512 379 15 1652 2675 3633 1831 3850 3824 2303 3355 2203 3656 575 3096 3347 2150 1869 
379 126 249 395 379 256 381 512 512 16 2479 493 3348 2410 3085 1173 2784 1620 3465 2329 2619 3986 735 436 3271 310 
380 126 381 250 245 256 512 399 372 15 20 2631 162 1465 2341 2882 149 3987 1905 1135 1300 2752 1233 3048 1540 
381 126 381 250 372 256 512 399 512 16 1353 1697 2139 1752 367 2165 1873 3899 3441 1997 2554 2302 2499 497 2980 2722 
382 126 381 399 245 256 512 512 363 16 2603 3153 1902 3846 681 3503 2013 3958 1740 121 1371 3779 3582 2887 3482 524 
383 126 381 399 363 256 512 512 512 16 1564 1886 2764 1814 741 1813 2883 112 2093 911 3597 2985 16 3634 732 1944 
384 256 0 0 0 378 134 103 116 15 1582 2608 3771 2604 3579 3098 3797 1359 3680 1783 2926 1049 2251 3697 2759 
385 256 0 0 116 378 134 103 255 16 2719 3646 2582 3922 1132 1949 1622 2373 809 2298 1388 1842 766 1779 3211 3011 
386 256 0 103 0 378 134 258 131 15 3145 3360 1325 2124 2420 2179 1901 1975 3851 880 1463 3907 3591 2122 3129 
387 256 0 103 131 378 134 258 255 16 1392 498 2636 236 101 551 2335 2467 1476 2500 3065 476 3848 425 1545 2780 
388 256 134 0 0 378 246 126 104 15 2022 3206 2398 1367 2815 1022 1439 1027 1549 2910 2099 3282 1451 3166 3829 
389 256 134 0 104 378 246 126 255 16 3662 3504 1607 3127 3636 1518 2859 3653 2565 2456 388 3738 2534 3719 244 2808 
390 256 134 126 0 378 246 258 123 16 2495 471 3474 2069 3534 3487 1990 1878 581 1587 2869 615 2008 1242 3630 3189 
391 256 134 126 123 378 246 258 255 16 1523 3647 3078 2557 863 696 1069 1203 694 3343 2767 3717 31 3661 2455 2217 
392 378 0 0 0 512 94 129 133 15 2611 1163 2888 612 1364 183 2037 533 2466 48 1269 3336 2828 3701 3444 
393 378 0 0 133 512 94 129 255 16 690 47 2986 1259 2290 1807 485 296 1868 2761 2396 888 3511 118 1361 231 
394 378 0 129 0 512 94 258 144 15 50 1761 842 1654 838 427 943 2403 878 369 1794 2142 1106 1773 18 
395 378 0 129 144 512 94 258 255 16 839 3857 1493 1415 210 1042 2193 15 3703 1765 3708 2650 734 2501 1422 1103 
396 378 94 0 0 512 246 146 141 15 2319 1426 3406 386 3637 2049 2750 602 2055 2907 1986 520 29 1511 3883 
397 378 94 0 141 512 246 146 255 16 2823 2088 820 2978 41 3090 3605 1502 2876 550 144 1029 1544 993 798 1687 
398 378 94 146 0 512 246 258 106 16 3394 571 3818 1896 555 1583 2957 1928 3097 3595 3836 2740 1661 222 2602 2917 
399 378 94 146 106 512 246 258 255 16 3940 1993 975 3811 1498 848 1070 2249 2097 2120 2976 860 1976 2511 3225 1969 
400 256 0 0 255 379 103 178 371 15 1157 3067 2434 430 3442 319 262 1955 1875 978 3477 3115 481 1329 2777 
401 256 0 0 371 379 103 178 512 16 1055 2703 2835 3200 1595 771 3038 1342 808 2011 2637 2896 270 3781 611 2195 
402 256 0 178 255 379 103 258 367 15 3280 724 1769 360 1064 3983 2473 463 365 2684 845 404 1716 1425 2160 
403 256 0 178 367 379 103 258 512 16 1308 3122 2429 1666 1871 1486 12 3799 506 663 1113 3479 1390 2548 305 1693 
404 256 103 0 255 379 246 150 344 15 787 683 2958 2573 2291 1872 1421 1819 2127 1310 3531 927 834 3620 535 
405 256 103 0 344 379 246 150 512 16 3448 239 2116 3294 656 2824 266 1206 1828 150 1633 2194 1410 757 516 1 
406 256 103 150 255 379 246 258 385 16 468 1806 1983 3885 3844 755 164 3476 2570 1499 844 2483 1676 826 2115 2928 
407 256 103 150 385 379 246 258 512 16 2736 3764 1144 738 937 754 3586 3077 1823 3315 3854 3108 3469 395 708 623 
408 379 0 0 255 512 104 134 360 15 3832 1574 2369 2734 2200 1207 3062 1694 883 2592 3480 3425 3087 1256 331 
409 379 0 0 360 512 104 134 512 16 1704 438 1420 3049 1175 2916 3144 3471 2003 2908 3731 3319 1710 1681 1430 2391 
410 379 0 134 255 512 104 258 413 15 288 303 2297 2513 2528 3828 1667 444 633 2560 1048 2737 2558 3920 372 
411 379 0 134 413 512 104 258 512 16 3363 3202 2593 2362 3768 2858 3744 1172 2104 3291 2632 2630 1757 2547 513 3670 
412 379 104 0 255 512 246 126 413 15 1066 333 3930 3902 740 86 1279 2385 2981 3549 2569 3691 321 1713 3590 
413 379 104 0 413 512 246 126 512 16 2640 1845 1101 3858 2328 3131 1632 1403 486 2152 66 62 3209 3172 2414 3466 
414 379 104 126 255 512 246 258 385 16 1153 651 885 3685 1218 3928 3353 2679 2643 2989 3915 2532 3159 1888 2627 3843 
415 379 104 126 385 512 246 258 512 16 32 1356 3676 2802 2692 3495 3918 3245 1487 2884 3459 3494 2596 2796 569 2622 
416 256 0 258 0 374 109 383 81 15 2797 643 818 1411 1152 3008 3666 3423 3642 2817 2370 2183 3810 604 1258 
417 256 0 258 81 374 109 383 253 16 223 1508 865 366 1908 3034 3979 87 332 3919 2657 1606 2256 155 1282 3757 
418 256 0 383 0 374 109 512 132 15 1330 2895 606 2190 653 2138 3794 2814 1290 3378 1376 991 3183 446 1226 
419 256 0 383 132 374 109 512 253 16 2280 1452 2486 1318 1826 202 1102 38 3966 3800 1786 359 200 1438 2350 1243 
420 256 109 258 0 374 246 380 90 15 2775 3012 635 458 1200 2735 2227 515 3276 2058 3335 1009 2690 2774 2898 
421 256 109 258 90 374 246 380 253 16 3612 3037 504 3317 2529 24 2375 1469 2819 1580 1680 454 1572 3443 3659 549 
422 256 109 380 0 374 246 512 97 16 2074 1260 748 1468 3655 2096 1877 3036 1241 875 1644 1879 1245 795 956 1047 
423 256 109 380 97 374 246 512 253 16 1719 626 3460 1400 225 1731 459 3042 2082 1689 2064 470 3959 2030 1171 1866 
424 374 0 258 0 512 120 370 116 15 909 2192 2155 3191 2771 1195 3409 1501 3486 1861 1343 546 761 1191 205 
425 374 0 258 116 512 120 370 253 16 2947 1154 2394 1090 3345 3050 3601 676 2543 1198 1311 3521 1186 1829 2990 934 
426 374 0 370 0 512 120 512 110 15 184 2756 419 1853 548 970 137 84 2412 1488 3472 2125 2002 264 2457 
427 374 0 370 110 512 120 512 253 16 399 2901 2086 3278 335 3303 672 2342 2314 2836 2105 3116 2831 2275 1767 341 
428 374 120 258 0 512 246 360 121 15 2842 3809 286 537 2453 3947 1884 1141 2654 2215 3997 2451 847 954 1538 
429 374 120 258 121 512 246 360 253 16 587 514 313 2720 119 932 2009 3702 1012 2260 3435 2254 3197 2540 945 1560 
430 374 120 360 0 512 246 512 124 16 3609 1759 654 1972 1536 2101 1950 1447 2818 1728 3385 3663 156 1181 682 2262 
431 374 120 360 124 512 246 512 253 16 1412 3070 1037 2382 208 1178 1398 2651 3369 3791 3221 3694 3912 2149 1114 159 
432 256 0 258 253 385 114 392 354 15 2415 2530 72 163 3499 1525 3306 1409 1563 1751 209 1428 2402 1917 411 
433 256 0 258 354 385 114 392 512 16 3248 2527 2129 790 1399 1631 1107 1803 457 2853 3953 2 1143 2201 2594 60 
434 256 0 392 253 385 114 512 385 15 3613 2026 3583 1210 447 1133 3427 216 97 1119 3338 3401 1268 1121 2790 
435 256 0 392 385 385 114 512 512 16 3031 3168 1387 3307 1236 271 2184 1708 1662 2380 57 3213 2503 769 3755 472 
436 256 114 258 253 385 246 389 400 15 2092 3190 1396 2353 2068 2555 2729 1890 3559 2972 2080 2587 1870 1567 417 
437 256 114 258 400 385 246 389 512 16 585 3547 3268 3287 2052 2126 3201 1621 2787 2113 718 730 505 3840 2024 373 
438 256 114 389 253 385 246 512 370 16 168 1614 3040 1216 3092 3384 1532 3971 1889 122 393 2647 659 2293 2283 3693 
439 256 114 389 370 385 246 512 512 16 3711 509 3500 282 147 3658 1812 1894 2881 3081 217 1734 1611 1462 1585 2383 
440 385 0 258 253 512 98 398 402 15 2072 2983 2561 1220 196 3416 226 2164 1698 3263 3774 3949 1558 1933 3950 
441 385 0 258 402 512 98 398 512 16 1246 3138 832 2478 821 961 2644 334 6 3523 2658 554 1365 1339 994 3530 
442 385 0 398 253 512 98 512 394 15 1352 1446 2936 3817 3218 983 3722 3954 94 1337 248 3468 2642 2166 3538 
443 385 0 398 394 512 98 512 512 16 3149 2117 1962 2135 1253 1277 1434 2123 49 1338 3198 1087 1076 3266 2585 3458 
444 385 98 258 253 512 246 391 370 15 2792 3146 692 344 242 1821 532 445 3299 1130 2274 2366 1951 1838 1851 
445 385 98 258 370 512 246 391 512 16 3082 37 495 3692 1771 153 2920 1625 2982 1017 2956 3452 3032 2111 3866 2717 
446 385 98 391 253 512 246 512 369 16 215 2894 2837 1686 1591 3837 2864 1167 3552 1952 1899 1375 1893 2909 2270 1503 
447 385 98 391 369 512 246 512 512 16 1316 2779 173 1162 2143 2416 1910 61 40 1874 3481 556 3139 1648 1555 2880 
448 256 246 0 0 375 376 117 167 15 3114 1639 2878 1818 3396 3467 1442 960 884 1091 3229 1179 409 3769 1032 
449 256 246 0 167 375 376 117 257 16 3686 433 802 382 2136 1257 3431 1249 701 193 2389 2849 3091 1504 187 649 
450 256 246 117 0 375 376 262 150 15 2970 1725 2409 2471 866 951 2067 3292 3231 1284 1864 3250 58 2975 323 
451 256 246 117 150 375 376 262 257 16 1471 2339 2943 1124 1377 3822 3587 2439 3753 593 3454 512 1865 3207 3546 599 
452 256 376 0 0 375 512 99 111 15 65 1169 1357 697 1858 228 871 180 758 3237 3962 2480 1609 823 3501 
453 256 376 0 111 375 512 99 257 16 1443 410 1011 3740 1748 314 1305 2035 1833 914 912 2614 2841 3505 3270 3068 
454 256 376 99 0 375 512 262 108 16 2704 1575 564 917 1840 998 942 1137 3819 3859 1799 2253 1319 34 1067 3555 
455 256 376 99 108 375 512 262 257 16 610 796 1081 2322 2807 1692 670 2714 794 1142 306 1005 1276 1010 320 3917 
456 375 246 0 0 512 385 114 124 15 466 229 389 2332 1366 3974 1459 1790 3324 2191 1170 1494 3981 2392 3956 
457 375 246 0 124 512 385 114 257 16 973 2578 95 3525 140 227 3493 1484 779 1041 1182 322 3148 2988 2879 1721 
458 375 246 114 0 512 385 262 131 15 2762 972 2954 3411 275 2171 1991 877 2306 424 1188 211 1744 1052 3526 
459 375 246 114 131 512 385 262 257 16 3024 91 1457 1732 1264 2941 1333 1497 1485 3489 189 3178 669 3617 3296 1351 
460 375 385 0 0 512 512 103 96 15 827 2931 3417 2840 2670 1947 903 3871 2685 1273 2948 1291 412 1007 3789 
461 375 385 0 96 512 512 103 257 16 449 2806 1016 1407 2782 1727 2376 2084 1513 855 1340 949 1942 1164 1509 2148 
462 375 385 103 0 512 512 262 131 16 897 2015 1824 479 1739 141 1168 1001 854 2118 3821 2996 77 2872 2512 1315 
463 375 385 103 131 512 512 262 257 16 1024 526 1919 1435 3932 2133 836 2368 2435 632 1363 3051 2418 3969 1789 721 
464 256 246 0 257 387 390 123 387 15 3256 2962 1512 1700 2103 3043 3677 250 3022 2546 237 3075 1922 619 2059 
465 256 246 0 387 387 390 123 512 16 879 1601 199 2323 1118 3058 709 3923 521 3762 2267 1746 2949 3265 3007 1576 
466 256 246 123 257 387 390 262 434 15 3055 194 2889 133 736 2132 3545 905 3808 115 3689 1963 1551 3308 3346 
467 256 246 123 434 387 390 262 512 16 1669 3543 785 2349 2162 2357 3868 1099 349 1134 2867 2519 1320 3788 300 3387 
468 256 390 0 257 387 512 126 338 15 558 2700 3064 276 1302 2974 3372 3216 578 624 1992 859 3795 3339 2318 
469 256 390 0 338 387 512 126 512 16 3445 93 1405 3205 3639 727 1816 3005 968 1542 547 675 2053 1883 2454 1554 
470 256 390 126 257 387 512 262 347 16 1202 2272 1640 2399 2586 3729 2446 3290 1045 441 2032 1638 2645 2751 290 2617 
471 256 390 126 347 387 512 262 512 16 2621 2131 356 1089 3 1960 2498 428 3977 3604 3669 1863 2579 1192 698 3063 
472 387 246 0 257 512 387 144 365 15 2417 2449 919 3787 3019 2108 117 3835 644 2167 2046 1906 2199 1286 1078 
473 387 246 0 365 512 387 144 512 16 3814 620 1514 317 287 2042 480 1529 2524 432 2242 2699 2172 85 784 2862 
474 387 246 144 257 512 387 262 411 15 2515 1788 3041 1763 1063 2188 1729 2444 941 924 1857 2177 2432 2423 2937 
475 387 246 144 411 512 387 262 512 16 3710 1571 233 2406 1326 421 2023 3550 116 2157 3886 2706 1903 397 2665 1223 
476 387 387 0 257 512 512 143 359 15 1964 2243 953 1720 1749 157 567 3880 2348 1072 1295 2855 3892 1278 3679 
477 387 387 0 359 512 512 143 512 16 280 3262 1945 2326 2317 667 2671 3572 2838 1040 2288 1080 1274 815 3326 2680 
478 387 387 143 257 512 512 262 357 16 3700 1647 518 2147 1605 1208 2945 1505 2436 3121 1937 2355 770 3581 2269 1618 
479 387 387 143 357 512 512 262 512 16 166 1217 1015 2119 2464 482 583 2810 277 172 1792 1378 2758 2860 940 2168 
480 256 246 262 0 375 371 365 97 15 2153 1581 2051 7 2728 2574 1445 3000 3453 1612 3588 3561 3982 1423 1844 
481 256 246 262 97 375 371 365 253 16 800 3455 2361 3975 2516 416 916 3089 2641 807 2567 2786 1270 1083 3204 3368 
482 256 246 365 0 375 371 512 111 15 2572 3492 3602 2062 1289 3909 645 702 2221 1035 3737 1489 3989 3664 3015 
483 256 246 365 111 375 371 512 253 16 2469 1122 1967 3382 106 1629 2244 1155 23 2805 3313 1000 601 1404 609 1859 
484 256 371 262 0 375 512 383 123 15 219 3712 2979 837 2674 3420 1768 2219 390 1197 415 2539 3227 2716 3419 
485 256 371 262 123 375 512 383 253 16 2474 2708 1026 1923 2918 538 232 1056 1670 3366 3968 1322 2351 3386 1619 1406 
486 256 371 383 0 375 512 512 151 16 3537 638 355 1673 108 3733 3509 3013 3162 2185 401 825 3687 3407 3373 2803 
487 256 371 383 151 375 512 512 253 16 3214 3439 347 1980 1213 2715 2991 1454 580 1809 3080 1745 1675 1312 3911 1867 
488 375 246 262 0 512 369 407 102 15 2442 3383 3304 1073 3039 3681 384 2623 737 2832 456 613 664 931 1385 
489 375 246 262 102 512 369 407 253 16 1427 53 881 88 3557 2902 2085 3574 2405 3580 3943 835 2228 746 806 130 
490 375 246 407 0 512 369 512 128 15 1827 1703 1920 966 1224 3878 705 768 1086 3322 1941 1126 3261 561 2741 
491 375 246 407 128 512 369 512 253 16 1961 3772 1766 1211 158 1328 2873 2662 3332 1481 171 2589 2625 3916 1965 3935 
492 375 369 262 0 512 512 393 126 15 3625 1968 245 3585 3365 967 1565 1557 73 2531 707 1448 3488 1579 1753 
493 375 369 262 126 512 512 393 253 16 3182 3623 1108 3251 263 2333 145 1474 2553 3244 2966 2229 1643 2007 394 3253 
494 375 369 393 0 512 512 512 129 16 475 3593 1184 1018 3357 3130 3281 3301 971 1235 2377 1117 579 3517 3539 1785 
495 375 369 393 129 512 512 512 253 16 1100 1176 1301 499 3929 1348 3463 2963 621 2090 3563 3111 872 936 1843 491 
496 256 246 262 253 390 395 396 375 15 2425 2490 1911 3995 1815 2259 2659 1060 1183 2694 3309 2776 799 1546 327 
497 256 246 262 375 390 395 396 512 16 240 3362 2482 864 2551 2094 3528 2698 595 253 3913 2324 2927 3887 898 3577 
498 256 246 396 253 390 395 512 377 15 3988 3793 2005 1380 3300 3152 801 1429 673 816 3874 3856 1854 2363 420 
499 256 246 396 377 390 395 512 512 16 2043 640 3992 3283 1956 1777 3567 685 1593 3942 3845 3027 3046 2212 1760 1971 
500 256 395 262 253 390 512 384 385 15 1149 1755 3433 3273 2701 2445 113 378 3255 2813 1004 213 1848 462 519 
501 256 395 262 385 390 512 384 512 16 1472 3508 2266 1801 1038 3763 1891 1907 3269 1068 1456 773 402 759 2098 2316 
502 256 395 384 253 390 512 512 374 16 2158 2089 1006 197 3006 2448 3638 3358 1123 1495 1158 1641 1482 2315 1381 2748 
503 256 395 384 374 390 512 512 512 16 2874 3611 1082 3128 2271 2961 3184 862 3993 2106 3714 1349 646 1382 752 566 
504 390 246 262 253 512 389 370 376 15 3180 2401 3564 1413 788 3802 900 765 3405 3490 3884 2668 3016 1977 2591 
505 390 246 262 376 512 389 370 512 16 3094 3376 1979 3784 767 3395 3652 1151 2911 3004 1714 1480 2378 3578 3752 1440 
506 390 246 370 253 512 389 512 355 15 3150 753 2618 3113 3936 1250 2689 22 2583 3069 478 980 3996 944 3998 
507 390 246 370 355 512 389 512 512 16 1524 750 2301 3222 325 1805 3470 1602 3359 179 589 503 2732 1931 3558 1190 
508 390 389 262 253 512 512 411 388 15 3675 1414 1372 3657 186 2134 10 1034 695 259 2798 104 3660 560 1127 
509 390 389 262 388 512 512 411 512 16 2233 1701 2563 786 545 3741 1515 178 1138 188 2225 963 3765 2222 1028 2799 
510 390 389 411 253 512 512 512 395 16 1764 1084 1586 3678 3860 3331 1293 2424 3112 1887 1160 822 455 1247 464 1492 
511 390 389 411 395 512 512 512 512 16 2533 2020 1065 1832 1458 0 3994 2110 1331 2967 1156 584 2702 1424 3790 729 
