64
64 0 0 0 0 0 0 263 263 245 268 222 235 31 615 1741 1720 1098 454 1479 1080 880 289 444 451 1099 1365 702 1177 126 665 1850 634 1005 1105 1980 1355 967 1152 982 477 246 105 1304 1977 
65 0 0 0 0 0 235 263 263 245 268 222 512 31 1996 1314 548 726 1595 1031 238 579 1950 603 376 592 1340 231 1485 350 1617 406 1164 1552 1088 1986 1754 505 21 1324 1171 1426 436 1603 1844 
66 0 0 0 0 222 0 263 263 245 268 512 262 31 1651 1561 1433 198 1941 1993 1399 795 1062 1621 981 1765 1108 899 1402 761 1246 460 752 1615 1487 326 587 1070 212 135 1107 1553 1556 1703 861 
67 0 0 0 0 222 262 263 263 245 268 512 512 32 267 1845 1824 531 500 362 1677 1544 363 239 1912 983 1116 1915 1947 739 926 1369 1938 20 1403 205 1315 517 1540 1405 149 254 1769 349 1793 1689 
68 0 0 0 268 0 0 263 263 245 512 238 324 31 137 226 1920 1817 146 6 927 1430 1578 368 1847 1826 1319 941 869 1566 1652 42 431 220 1791 9 1738 1674 619 832 627 421 1050 1905 244 
69 0 0 0 268 0 324 263 263 245 512 238 512 31 1444 838 1178 728 1593 938 1573 913 61 966 1362 1527 1696 1974 1173 1860 1398 867 1858 1756 1622 759 99 1926 937 991 232 1034 1951 103 1469 
70 0 0 0 268 238 0 263 263 245 512 512 261 31 1422 1963 1857 1736 495 150 54 1569 547 785 1417 1790 1463 1132 589 969 501 59 206 1305 695 784 594 57 1929 67 1962 208 1907 447 929 
71 0 0 0 268 238 261 263 263 245 512 512 512 32 540 309 1728 1170 951 472 1425 1788 1891 1987 1343 358 270 1691 560 1502 1837 290 814 485 1247 1819 369 1219 1838 1163 1662 508 51 1197 722 295 
72 0 0 245 0 0 0 263 263 512 261 236 241 31 895 1671 2 1162 1800 199 233 661 112 1676 1030 261 915 450 56 1584 1972 550 366 214 1385 1220 488 734 329 1936 1811 1653 223 585 1237 
73 0 0 245 0 0 241 263 263 512 261 236 512 31 1904 401 1618 973 815 1894 1781 1543 537 324 410 3 1455 1679 1637 1771 1694 729 588 1416 40 1029 922 1234 1205 1731 1018 760 1249 1048 1805 
74 0 0 245 0 236 0 263 263 512 261 512 199 31 1563 1853 452 139 1598 353 871 776 1101 1875 727 1726 878 663 1515 1914 1848 1191 1501 747 10 617 1036 554 1124 1633 1687 1794 1531 1966 161 
75 0 0 245 0 236 199 263 263 512 261 512 512 32 1762 1719 995 1186 507 697 800 1071 404 961 1998 1172 872 863 1250 1275 312 351 1241 546 391 1495 796 1799 1464 1021 486 1224 84 806 659 22 
76 0 0 245 261 0 0 263 263 512 512 251 282 31 1991 1825 683 570 1744 810 968 1525 1445 1211 1388 1225 1768 935 1881 171 79 1389 706 1292 387 249 1713 701 830 866 1200 1297 1877 296 1606 
77 0 0 245 261 0 282 263 263 512 512 251 512 31 158 1383 256 1667 723 1828 988 396 778 959 283 328 1779 620 1557 1887 1189 1209 656 745 618 511 1006 1599 1290 1835 1761 672 1137 940 109 
78 0 0 245 261 251 0 263 263 512 512 512 284 31 144 607 151 1587 165 724 185 1242 422 402 224 911 731 1795 1366 1604 1570 181 1087 1437 756 779 1127 399 1266 405 1739 274 1350 916 764 
79 0 0 245 261 251 284 263 263 512 512 512 512 32 1668 1767 174 1128 1161 498 415 1498 1518 1820 640 974 1784 611 891 1190 1130 817 1141 1477 1750 572 1180 1628 1261 789 610 1918 200 426 1020 1150 
80 0 263 0 0 0 0 263 512 237 247 254 288 31 744 153 1732 909 552 749 1709 1939 799 217 1168 643 250 1335 1368 803 1054 1970 373 1291 719 440 689 69 604 1490 1613 804 1289 1471 1612 
81 0 263 0 0 0 288 263 512 237 247 254 512 31 1852 978 1429 298 1065 1467 1263 1969 1685 912 1663 821 310 1204 934 1140 1221 1605 77 852 215 828 119 1245 457 222 1935 211 1227 237 1786 
82 0 263 0 0 254 0 263 512 237 247 512 240 31 902 1009 667 577 1528 122 1090 1560 543 16 1931 765 1302 499 257 386 932 471 1619 651 1136 854 123 1258 264 31 1640 1655 580 265 1896 
83 0 263 0 0 254 240 263 512 237 247 512 512 32 1548 1782 63 730 275 445 1312 1772 1707 1420 1656 963 1269 1181 177 1317 1118 1923 325 960 680 1155 700 1683 1367 1884 605 825 638 563 480 449 
84 0 263 0 247 0 0 263 512 237 512 228 265 31 173 1873 1650 1142 1285 304 1049 434 1623 1159 359 1510 1666 1460 1869 1283 317 1358 1066 612 987 882 340 288 829 1491 629 786 1259 1865 87 
85 0 263 0 247 0 265 263 512 237 512 228 512 31 946 642 777 91 1008 356 1483 202 1702 664 414 888 971 1742 1764 497 571 1185 1807 1585 1017 439 751 949 1508 1202 850 741 1079 1638 1967 
86 0 263 0 247 228 0 263 512 237 512 512 254 31 1400 308 631 147 5 1441 1636 1616 1195 348 90 748 1092 159 1522 992 178 874 679 269 1431 286 1083 986 1529 1684 303 419 1075 716 1588 
87 0 263 0 247 228 254 263 512 237 512 512 512 32 1353 996 1882 225 1330 418 1447 1432 1639 235 456 930 905 586 1060 885 551 1094 1763 284 1533 528 616 338 1780 1407 247 1267 1757 1688 510 106 
88 0 263 237 0 0 0 263 512 512 246 259 220 31 743 1012 1626 1063 1338 1906 896 140 299 1097 1229 292 474 754 574 516 677 1158 481 1917 1953 1328 1214 437 1775 1581 1816 1307 1504 102 463 
89 0 263 237 0 0 220 263 512 512 246 259 512 31 0 1166 1183 676 1798 1723 879 614 975 293 476 1783 1943 1028 464 279 1999 1 1027 669 703 1589 116 908 919 1473 623 684 1594 1387 1871 
90 0 263 237 0 259 0 263 512 512 246 512 230 31 1154 1156 1614 892 746 1199 1293 962 75 1708 581 985 1047 143 567 1264 1879 78 948 1925 1960 72 997 1823 1520 245 1521 1759 183 691 1494 
91 0 263 237 0 259 230 263 512 512 246 512 512 32 1792 1749 1410 1316 1192 1061 1984 791 1196 824 1643 1983 470 1041 1351 184 1572 297 921 1144 285 1076 1210 448 1037 1386 783 1217 1537 66 590 768 
92 0 263 237 246 0 0 263 512 512 512 237 316 31 807 698 55 933 468 1193 424 496 339 1664 1461 1789 1299 1994 1421 172 194 561 1188 281 771 277 1281 1524 390 1600 219 167 1523 1716 1182 
93 0 263 237 246 0 316 263 512 512 512 237 512 31 242 984 859 1169 1760 1327 435 1056 591 1808 1546 512 1230 1478 1596 228 1001 1352 1111 12 1785 1834 1932 371 1046 1026 1787 1535 1102 1424 221 
94 0 263 237 246 237 0 263 512 512 512 512 234 31 1968 600 844 1908 367 1965 635 83 234 901 1550 1649 25 1818 388 865 1336 735 1277 1564 920 1982 1539 1751 1700 176 576 1084 1384 1517 1174 
95 0 263 237 246 237 234 263 512 512 512 512 512 32 86 1625 1670 1577 48 345 39 994 33 755 907 1143 718 108 341 1476 259 606 980 836 1669 1125 1776 1208 993 1475 473 630 1010 1597 1058 1930 
96 263 0 0 0 0 0 512 254 268 247 239 285 31 1711 1997 227 1379 1712 347 1562 1693 400 682 375 322 562 155 1003 1766 148 1233 428 1803 657 455 1474 1223 1630 218 601 1734 1746 129 446 
97 263 0 0 0 0 285 512 254 268 247 239 512 31 1371 240 674 4 1973 1257 145 1937 1382 196 894 1412 62 1778 1323 300 990 681 1151 564 1334 519 1364 318 692 1113 493 65 668 794 1418 
98 263 0 0 0 239 0 512 254 268 247 512 243 31 1148 1743 1378 737 1538 230 1722 1321 1081 1571 910 1122 772 1841 886 1976 514 1565 1602 1100 478 162 1489 553 998 115 943 1120 1381 1948 1889 
99 263 0 0 0 239 243 512 254 268 247 512 512 32 857 842 639 1721 36 1129 1055 1830 1592 956 1004 136 1665 1095 1453 1218 1758 862 1909 826 45 721 432 319 720 389 11 1117 1119 1392 1903 1176 
100 263 0 0 247 0 0 512 254 268 512 271 299 31 818 673 1774 131 775 1296 1675 549 900 1893 1661 1526 1752 1868 1591 1333 847 1582 1300 1280 1409 1077 1644 654 1511 1509 459 484 1773 142 156 
101 263 0 0 247 0 299 512 254 268 512 271 512 31 809 1867 204 678 427 1093 1346 182 305 1843 1660 504 931 1015 715 1038 1276 280 1506 1446 1248 374 1895 95 625 1024 782 1301 1519 117 127 
102 263 0 0 247 271 0 512 254 268 512 512 271 31 798 27 999 420 624 1496 188 1228 1810 1423 1408 1646 397 827 1240 955 494 675 686 1611 111 1459 1924 632 1112 302 710 258 1806 1268 660 
103 263 0 0 247 271 271 512 254 268 512 512 512 32 395 1851 1833 195 331 1632 1072 316 1375 1686 1927 1484 1718 1347 685 466 1032 207 1482 633 1975 1797 1427 1921 408 788 1231 1206 1855 1288 539 1971 
104 263 0 268 0 0 0 512 254 512 261 251 259 31 1298 1448 1044 191 597 306 433 958 769 1133 1481 14 526 1279 1493 342 7 28 81 1465 647 180 733 88 976 482 763 175 1251 953 1019 
105 263 0 268 0 0 259 512 254 512 261 251 512 31 490 1690 1265 85 1995 96 1286 758 717 1672 1344 417 461 1450 186 70 1313 1812 1311 694 1147 465 1390 1207 1601 1864 583 1846 1804 74 377 
106 263 0 268 0 251 0 512 254 512 261 512 241 31 1610 384 392 875 525 1271 816 534 479 1814 1082 1213 41 1737 287 243 1256 201 1109 530 1542 381 1870 688 282 337 536 216 1404 823 1647 
107 263 0 268 0 251 241 512 254 512 261 512 512 32 1574 1607 1342 645 1187 262 1253 128 1149 1730 705 1341 950 813 736 835 766 1458 1673 1624 1360 89 1254 740 382 442 73 1411 1733 1554 708 1045 
108 263 0 268 261 0 0 512 254 512 512 248 279 31 1956 132 757 34 989 193 60 413 1534 1329 944 163 1725 1503 670 1053 1989 671 628 248 1451 1641 1167 793 1710 1740 509 30 709 1559 538 
109 263 0 268 261 0 279 512 254 512 512 248 512 31 1332 914 1042 294 602 1955 1747 532 972 80 1678 524 1013 189 1146 584 559 1320 187 1391 599 1885 1815 307 37 1434 568 1558 1551 1468 1262 
110 263 0 268 261 248 0 512 254 512 512 512 212 31 273 923 1883 712 1576 1243 1620 1910 839 1913 965 1345 1414 1899 1033 1695 1648 1308 1068 1911 1698 1377 1659 1516 372 1898 1438 1374 1946 1854 114 
111 263 0 268 261 248 212 512 254 512 512 512 512 32 1022 1724 924 1480 94 453 520 121 1175 558 1705 1472 1827 483 1872 489 1934 327 360 1952 335 314 357 125 1014 1532 1866 1051 1238 332 1401 1755 
112 263 254 0 0 0 0 512 512 252 264 222 261 31 1443 1859 1856 1486 1954 1541 541 877 1179 492 1039 1138 1252 253 97 1309 168 1395 1040 843 917 947 858 398 1232 1466 1888 693 699 1897 1415 
113 263 254 0 0 0 261 512 512 252 264 222 512 31 860 725 936 491 652 1337 1978 203 394 1085 713 853 1428 1586 1945 475 1114 209 690 13 252 790 352 320 569 527 1131 462 365 278 1244 
114 263 254 0 0 222 0 512 512 252 264 512 227 31 1165 1295 545 846 301 1514 68 1201 1449 732 841 458 837 416 210 1681 1992 792 425 649 566 23 260 662 1634 138 1064 1985 1831 1880 1349 
115 263 254 0 0 222 227 512 512 252 264 512 512 32 1836 1011 502 1215 430 104 1822 134 506 443 379 1282 636 1488 1940 870 93 1440 1376 1121 323 1753 1829 1203 141 361 124 272 1274 154 344 107 
116 263 254 0 264 0 0 512 512 252 512 243 252 31 1454 64 544 687 1964 1547 770 1059 822 557 1579 1123 251 321 76 1222 1078 110 1023 1326 1442 1704 236 1609 1654 575 593 805 411 582 197 
117 263 254 0 264 0 252 512 512 252 512 243 512 31 29 160 855 1706 92 1697 1457 555 1153 1979 1692 1145 1339 522 578 130 523 1555 556 1348 1777 98 213 1583 1067 1260 521 773 1235 797 169 
118 263 254 0 264 243 0 512 512 252 512 512 283 31 925 229 1919 1714 152 787 120 1657 1052 1212 608 1507 133 650 1658 1043 1236 407 753 1916 831 1959 1727 1813 1069 438 1500 166 1942 380 354 
119 263 254 0 264 243 283 512 512 252 512 512 512 32 71 609 977 1545 1115 1536 1809 487 1393 291 1580 1701 819 1497 1735 658 942 596 918 1842 1303 1035 1363 1961 1863 100 1590 750 1645 164 1862 1057 
120 263 254 252 0 0 0 512 512 512 266 252 304 31 1255 622 19 952 315 904 192 1272 1126 767 1322 1629 954 1086 1007 1325 595 849 412 881 714 781 876 1492 1900 1745 1318 1717 179 939 542 
121 263 254 252 0 0 304 512 512 512 266 252 512 31 864 1373 742 704 44 101 268 1470 157 774 1513 1436 637 1957 385 429 598 423 1928 393 644 1530 903 808 762 346 1608 1091 1106 883 241 
122 263 254 252 0 252 0 512 512 512 266 512 231 31 1499 1575 655 648 1216 1949 641 311 1002 58 266 1294 1284 46 1226 812 1840 378 38 1902 565 18 653 1549 1306 1359 1435 738 1356 1627 1160 
123 263 254 252 0 252 231 512 512 512 266 512 512 32 118 1357 848 802 868 801 190 945 409 573 355 1394 1135 1981 1354 1419 503 1796 1110 626 979 1406 1715 1278 887 343 1802 1452 1839 1396 711 811 
124 263 254 252 266 0 0 512 512 512 512 260 266 31 1239 906 8 856 1876 890 1680 82 1821 1184 898 533 403 897 1892 50 1699 32 1462 529 1886 1372 1505 383 1104 1287 1456 1096 1331 833 364 
125 263 254 252 266 0 266 512 512 512 512 260 512 31 851 957 53 1157 1861 43 696 1380 336 333 621 17 707 1016 613 515 1273 840 1901 1370 780 1397 884 1512 1849 970 330 52 820 834 666 
126 263 254 252 266 260 0 512 512 512 512 512 280 31 1361 1748 845 1890 1990 518 1832 928 1134 1089 1635 263 271 313 49 15 1958 370 1000 1270 1139 1933 469 24 535 467 170 1874 113 441 1988 
127 263 254 252 266 260 280 512 512 512 512 512 512 32 1439 1198 893 964 1922 513 1944 873 1878 276 1025 646 35 1631 1413 255 1074 47 1801 26 1310 1770 1194 1073 1567 1729 334 1103 1642 1682 1568 889 
