64
64 0 0 0 0 0 0 259 260 253 265 240 253 62 1741 615 2040 2852 1720 2485 1098 454 2052 1479 1080 880 289 3502 661 3933 2610 2900 444 451 1099 1365 3864 3771 702 2766 2176 1177 126 3319 665 1850 634 3361 1005 2135 460 3644 2851 1105 1980 1355 967 3419 1152 2084 1936 982 135 477 1107 246 105 2767 1304 1977 1996 2657 1314 2964 548 2779 
65 0 0 0 0 0 253 259 260 253 265 240 512 63 2434 2374 726 1595 1031 238 579 1950 2553 603 376 2109 592 1340 3254 2719 3021 2269 2017 3 3354 231 2562 3940 1485 1947 350 3529 3324 1617 3903 406 2833 1164 2184 1552 3143 1088 3154 1986 1403 3765 1754 505 21 3442 3409 2530 3594 2100 1324 2994 1171 3618 1426 436 2148 2086 1844 1603 3032 2728 3703 
66 0 0 0 0 240 0 259 260 253 265 512 264 62 2835 1651 3295 2314 3784 1561 1433 3967 3366 198 3016 3398 1941 3499 1993 3900 2990 2586 3955 795 1062 2877 1621 3980 981 3950 1765 3854 2330 1108 899 2618 2245 1402 1246 2180 2786 2465 1615 752 2022 1487 326 2745 587 3077 3583 2520 3177 1070 212 2505 3269 2776 1553 1556 2328 3794 1703 3262 861 267 
67 0 0 0 0 240 264 259 260 253 265 512 512 63 3661 3026 1845 2217 2006 1824 3082 531 500 3137 362 1677 2927 1544 2684 3870 239 2094 3090 3338 3937 3370 3817 3323 2344 1912 2635 983 2244 1116 1915 2591 3920 739 2698 3120 3841 2219 926 2882 3356 1369 3085 2590 1938 3883 20 3343 205 1315 1540 1405 149 2612 254 3914 1769 349 3067 1793 3251 1689 2960 
68 0 0 0 265 0 0 259 260 253 512 244 291 62 137 226 3930 1920 1817 2509 146 6 2309 927 1430 3593 3053 3014 2855 1578 1744 3121 2695 368 1847 1569 1826 2003 2772 3540 2659 3932 3721 2892 1319 3036 2171 941 3972 2288 869 3488 1566 1652 3812 42 431 3729 220 1791 3588 9 3989 1738 1674 3247 619 832 2923 627 2234 421 3770 3614 3429 2913 
69 0 0 0 265 0 291 259 260 253 512 244 512 63 2110 2112 3144 1905 3702 1444 244 2881 838 3141 728 1178 1593 938 3951 2228 3364 1573 913 61 2114 966 1362 2884 560 1527 3327 3386 1974 1173 1860 3996 1398 2195 867 2159 2008 1858 1756 3347 1622 517 3309 3215 759 3966 2860 2000 2876 99 2376 2431 1926 3928 937 991 232 1034 3956 1951 103 2694 1469 
70 0 0 0 265 244 0 259 260 253 512 512 227 62 1422 1963 2315 1857 1736 2944 2563 3109 3069 495 150 2841 2957 2098 2778 54 2569 2225 547 785 1399 2056 1417 1463 2272 1132 589 3457 2873 3604 969 501 2308 2102 2644 2346 3988 2413 59 3959 206 1305 3039 3497 2988 784 594 695 57 2663 3211 2494 1929 67 3057 1962 2221 1127 208 3424 2034 2170 
71 0 0 0 265 244 227 259 260 253 512 512 512 63 2202 2673 1907 3691 447 3087 929 540 3159 309 1728 2839 1170 951 3150 472 1425 3866 3798 3448 2460 3971 2419 2350 3968 3493 1891 2740 1987 1343 358 270 1691 1502 1837 3009 3998 2704 814 2637 485 3119 1247 2453 1819 2451 1219 369 3353 1838 2535 1163 1662 508 2367 51 2091 1197 3518 3293 3458 722 295 
72 0 0 253 0 0 0 259 260 512 260 255 252 62 895 1671 2440 3220 3482 2492 2 1162 2139 3733 1800 199 233 3385 3869 2265 2427 3743 3355 112 3465 2681 1676 1030 3422 3800 261 915 450 56 1584 3292 1972 550 2854 366 2430 3146 214 1385 1220 488 3012 2820 3777 3708 3189 734 2045 2127 2546 329 1811 1653 3258 223 507 585 1237 2519 2753 2834 
73 0 0 253 0 0 252 259 260 512 260 255 512 63 2792 1904 401 3532 1618 3853 973 3654 815 3441 1894 3826 3066 1781 3509 1543 1998 537 3647 3038 324 410 3342 1455 1679 1637 2667 1771 2253 3788 3621 1694 2930 729 2718 3923 1416 588 3435 40 2121 1029 3062 3659 922 1234 3807 1205 1021 3851 3463 2550 1731 2267 2255 1018 760 1249 3317 3346 1048 2444 1805 
74 0 0 253 0 255 0 259 260 512 260 512 241 62 2748 1563 1853 139 452 1598 353 3566 871 2385 2054 776 1101 1875 727 3374 3760 1726 3635 878 3890 2624 663 1515 1914 1848 3648 2068 1501 747 2165 2522 10 617 3168 1036 554 3839 1124 1633 2613 3505 1687 3766 3359 2327 3073 3477 1531 1966 161 3700 1762 1719 3576 3597 3186 1186 995 3581 2030 2614 
75 0 0 253 0 255 241 259 260 512 260 512 512 63 697 800 3616 2066 1071 404 3302 961 3349 2652 2404 3582 3901 3514 2910 2141 1172 3282 3093 3216 2521 872 2730 863 1250 2504 3427 1275 312 351 3711 1241 3810 546 2361 391 3526 2842 2096 3115 1495 796 1799 1464 2097 3102 3633 2592 3253 486 2226 1224 84 2762 3874 3891 806 2053 3896 3484 659 3275 22 
76 0 0 253 260 0 0 259 260 512 512 254 270 62 3408 3170 1991 2050 2142 2168 1825 683 570 3774 3011 810 2967 968 1525 3821 1445 3789 2459 2853 3790 1211 1388 3682 1225 3205 1768 3983 3507 935 2581 1881 3416 2906 3265 171 3780 79 1389 706 3697 2238 1292 3333 3094 387 249 1713 3994 2626 701 830 866 2555 2803 2571 1200 1297 3192 2484 2831 2539 
77 0 0 253 260 0 270 259 260 512 512 254 512 63 1877 2448 3015 296 1606 158 2246 2305 2722 3138 3300 1383 2012 2457 256 1667 2727 723 2662 1828 988 396 778 2276 3622 959 283 328 1779 2671 620 2173 1557 1887 1189 1209 656 3495 745 618 3538 511 1006 1599 1290 3627 1835 2845 1761 672 2031 2813 3025 3104 2206 1137 3630 2518 940 3010 109 3459 2752 
78 0 0 253 260 254 0 259 260 512 512 512 291 62 144 3935 607 3469 151 1587 2938 165 2182 724 185 1242 2414 422 2286 402 224 3941 3824 2055 911 731 3535 1191 3728 2987 3764 2095 3608 2920 1795 1366 2188 3632 2973 1604 3573 1570 181 1087 3132 3719 3877 756 3019 779 3190 399 405 1266 3426 2299 1739 274 2081 2209 3893 1350 916 2991 764 3490 
79 0 0 253 260 254 291 259 260 512 512 512 512 63 2101 1668 1767 174 1128 2157 3489 3486 1161 2290 498 415 1498 3531 1518 3162 1820 3219 640 974 1784 611 3388 2686 891 3642 2977 3611 1190 3779 1130 817 2360 1141 1477 3140 3776 2975 3975 3938 2651 3520 1750 572 1180 3357 1628 1261 3653 789 2948 610 2442 1918 200 2436 426 1020 3209 3095 1150 2423 2942 
80 0 260 0 0 0 0 259 512 242 259 249 256 62 3439 744 3230 1626 3806 3476 153 3401 1732 909 552 749 3245 1709 2029 2199 3007 1939 799 217 2711 1168 2542 3443 3052 3985 643 250 1335 1368 803 2950 2474 340 3992 1054 2896 1970 3714 2921 3318 373 1291 719 2093 2891 440 689 3196 2334 3873 3718 69 3781 604 3953 3264 2230 1490 2281 1613 2416 
81 0 260 0 0 0 256 259 512 242 259 249 512 63 2578 804 1289 2185 1612 1852 978 3437 1429 298 1065 2848 2587 2869 1467 2227 2477 3234 3639 2764 1969 3288 1685 912 2683 1663 3335 821 310 3944 1204 2702 934 971 1140 1221 2811 3330 1605 77 852 3003 3063 215 828 119 1245 2999 457 2425 3195 2061 222 1935 2257 2897 211 3405 1227 3101 3546 237 1786 
82 0 260 0 0 249 0 259 512 242 259 512 276 62 902 1009 667 577 1528 2682 122 1090 2649 1560 3237 3756 543 16 1931 1302 499 2602 257 992 2117 386 932 3657 3202 471 1619 651 2840 2734 3250 1136 2707 854 123 3464 1258 264 2020 2865 31 1640 3716 2997 1655 2263 580 2083 3868 265 1896 2575 2445 1548 3842 1353 1782 63 3310 730 275 2476 
83 0 260 0 0 249 276 259 512 242 259 512 512 63 2567 2051 445 3397 1312 1772 1707 3848 3273 3814 2296 3749 1263 1351 3701 1420 1656 2011 3391 963 2123 1269 3987 1181 177 1317 2002 448 2356 1118 1923 2482 2816 325 2377 960 1155 2735 700 3674 1683 1367 3679 1884 3454 605 825 2965 638 2395 2690 2499 563 2422 3072 3704 3963 2502 2807 2915 2458 480 449 
84 0 260 0 259 0 0 259 512 242 512 245 280 62 173 2765 3118 1873 1650 3550 3470 3403 1142 2696 1285 2313 2498 304 3876 1049 434 3997 1623 1159 359 3191 2062 1510 1460 3820 1869 1283 317 2525 1358 1066 612 2248 987 2063 882 2279 2074 288 829 1491 2796 2691 2009 629 786 3592 2645 3527 3180 1259 2349 2134 3562 3071 2868 2243 1882 87 946 2277 
85 0 260 0 259 0 280 259 512 242 512 245 512 63 777 642 2125 2672 1050 1639 91 3181 1008 3394 356 2042 3658 1483 2932 202 1763 1702 2773 2325 2940 2650 2746 2410 3838 2089 664 414 888 3918 3665 3619 2005 3271 3897 497 1764 1742 571 1185 2204 3783 3591 3420 2556 1807 1585 2978 2670 1017 1757 439 751 949 1508 1202 850 3730 741 1079 1932 1638 1967 
86 0 260 0 259 245 0 259 512 242 512 512 243 62 2342 1400 3655 308 631 147 5 1441 2716 1636 1616 2388 3024 2692 1195 348 90 2998 748 1092 3894 2725 159 2175 3000 2952 3977 2992 2668 1522 178 2757 874 3421 3043 2551 2189 3307 2844 679 761 269 1431 286 2622 2503 1083 986 1529 2426 1684 3585 303 419 2489 3830 2867 3491 1075 2223 716 3418 
87 0 260 0 259 245 243 259 512 242 512 512 512 63 2829 1670 2918 1588 996 225 1330 418 1447 1432 3539 3736 3519 235 2789 456 905 930 586 1788 1060 551 885 2357 1094 2642 2857 2399 1533 284 528 3278 2322 2627 3231 616 2870 3445 2514 338 1780 1407 2264 3029 247 2131 3481 2929 2812 3316 3598 1267 3978 2925 1688 510 2574 2947 3472 3561 106 2607 2104 
88 0 260 242 0 0 0 259 512 512 258 255 239 62 3690 3549 743 1012 1063 2151 2191 896 1906 2823 140 2600 299 1193 1097 1229 292 3871 2491 2523 474 3287 754 2588 516 677 2162 3336 3555 1158 2035 481 1917 2625 2390 1953 2912 2183 2874 2239 1328 1214 2818 437 3334 1775 2158 2937 1816 3845 3451 3589 2709 1307 3787 3444 1504 102 463 3684 3542 0 
89 0 260 242 0 0 239 259 512 512 258 255 512 63 2421 2163 1183 1166 676 1798 3922 1723 879 3217 614 2472 975 2777 293 1716 3436 1783 476 1943 1028 3650 2329 2984 464 279 1999 2526 1 3948 1027 669 2203 2911 3239 3117 2895 3337 703 3006 2538 2979 1589 116 908 3475 919 3417 1473 3600 623 684 2982 1594 2411 3533 3078 1387 3939 3761 1871 3494 3579 
90 0 260 242 0 255 0 259 512 512 258 512 262 62 3326 2438 1154 2809 1156 1614 1338 892 746 3751 3313 2075 2488 1199 3399 1293 3515 3238 962 75 2311 1708 3297 581 2552 985 2129 1047 143 567 2049 1264 1879 78 948 2558 1925 1751 72 1823 997 1520 1794 2802 245 2726 1581 1521 1759 3687 183 2961 691 2172 1494 3068 1792 2916 1749 3818 1410 1316 
91 0 260 242 0 255 262 259 512 512 258 512 512 63 3257 1192 2496 1061 994 1984 3636 791 1196 2559 3511 824 1643 3917 470 1041 3738 2480 2508 2699 2405 2557 3949 1572 184 3767 297 1144 921 285 2814 1076 1210 2036 2878 3860 2278 2863 1037 3610 1386 2455 783 2966 3670 3906 2534 3512 3198 2926 1217 1537 2433 3050 66 590 768 3105 3912 3020 2800 3934 3797 
92 0 260 242 258 0 0 259 512 512 512 227 267 62 807 698 2415 3212 55 933 2306 3428 2914 3453 3829 468 3865 2949 2316 3862 3263 2825 424 2146 2666 2024 496 339 1664 3827 1461 1789 3103 2033 1299 2424 1994 1421 2939 172 3954 3744 194 2294 561 3383 2370 2701 1188 2428 771 277 2583 2689 3261 3961 3226 3395 2019 1281 1524 3745 2335 2946 390 1600 
93 0 260 242 258 0 267 259 512 512 512 227 512 63 3569 3601 219 2153 2749 167 2124 1523 3002 3079 2630 242 1182 2507 984 859 1169 1760 2266 1327 3695 2010 1056 2190 2270 2337 591 3393 1808 2971 1546 512 3331 3990 2321 1230 1478 2564 1596 228 1001 3984 1352 3675 1111 3696 3844 2890 12 3857 2815 1785 1834 2268 371 1046 1026 1787 2256 1535 1102 1424 221 
94 0 260 242 258 227 0 259 512 512 512 512 274 62 1968 600 3643 2832 844 3174 3060 2974 3344 1908 367 3750 1965 635 2478 83 3847 3976 234 901 3673 1550 1649 2687 3819 3414 1818 388 865 1336 735 2714 2301 1277 1564 920 2516 1982 1539 1700 281 2655 3284 2862 176 576 3613 3620 1084 3241 1384 3747 1517 1174 86 1625 2187 2754 1577 48 345 39 
95 0 260 242 258 227 274 259 512 512 512 512 512 63 33 3974 755 1143 907 2103 2907 718 3952 3111 108 2446 341 2398 3328 435 1476 259 2218 3022 606 3432 980 836 1669 2688 2319 2059 1125 1776 3187 3207 1208 2986 2817 993 2032 3599 1475 3059 473 630 2014 3037 2513 2685 3693 1010 1597 2608 2072 2252 3210 2358 3013 2678 3098 3926 1058 1930 3148 3468 2352 
96 259 0 0 0 0 0 512 253 254 253 249 273 62 1711 1997 3772 3624 3803 3122 227 2639 2369 2880 1379 1712 347 1693 3404 1562 2242 2047 400 3430 682 2432 375 3065 2885 3308 322 562 155 1003 1766 514 2801 148 1233 428 3054 553 1803 2366 657 455 3381 2136 3201 1474 2273 2152 2490 1223 1630 3134 2435 3455 3525 218 2312 601 1734 1746 129 3605 
97 259 0 0 0 0 273 512 253 254 253 249 512 63 2130 2646 3368 2343 1371 2621 2026 674 240 2827 2160 3688 4 1973 1257 2976 145 1937 3929 2118 1382 3312 3431 196 3411 894 2394 1758 1412 62 1778 300 2302 3672 2143 2721 3775 3294 3151 990 681 2980 1151 564 2332 1334 519 2229 3692 1364 3628 318 692 3946 1113 493 3993 2111 3575 65 668 794 1418 
98 259 0 0 0 249 0 512 253 254 253 512 243 62 2200 3097 1148 1743 3034 3339 1378 3724 2210 737 1538 230 3885 1722 3193 2573 3802 1321 2402 3554 3286 1081 2738 1571 910 772 1841 886 1976 3320 2132 2736 1565 1602 2783 478 1100 2393 2250 162 1489 3471 3831 3274 3089 2529 998 2493 2441 115 2371 943 3785 1120 1381 2664 2985 632 1948 3943 3669 1889 
99 259 0 0 0 249 243 512 253 254 253 512 512 63 2798 857 842 2409 639 2007 395 1721 36 1129 3487 3905 3791 363 1830 1055 956 1592 1004 1686 136 2617 3382 1665 1095 2715 2548 2527 1453 1218 3667 2463 2943 3828 2323 2609 2909 3910 3379 3580 3571 862 1909 3360 2067 826 3402 3167 45 721 432 319 720 3352 3415 389 11 3304 1117 3762 1119 1392 1903 
100 259 0 0 253 0 0 512 253 254 512 271 299 62 3492 3030 818 2140 673 3909 131 1774 2291 3373 3425 775 1296 2280 2935 2108 3228 1675 549 3513 3233 3957 3548 3296 900 1893 1526 1661 1752 3074 1868 2934 3314 2261 1333 847 2222 2565 1582 3981 2282 2212 3727 2363 1300 1280 1409 1077 2875 1644 3835 654 1511 2743 1509 459 3709 3329 2549 1773 3340 156 
101 259 0 0 253 0 299 512 253 254 512 271 512 63 2076 3631 809 1867 3565 678 427 3552 3962 1093 1346 3498 3732 182 2791 2771 2847 2387 305 1843 3623 2904 3534 1696 3958 2437 931 504 1015 3786 715 3506 3161 2826 1038 3754 1276 3305 280 1506 2194 1446 2747 3858 1248 374 1895 95 2382 3222 625 2220 3895 1024 2338 1301 782 1519 117 127 2680 3715 3184 
102 259 0 0 253 271 0 512 253 254 512 512 274 62 798 27 999 420 624 1496 3123 2122 188 2320 1228 2781 2620 3017 3303 3474 2641 1810 1790 1423 1408 2397 3947 2893 2888 1646 397 3242 2945 827 1240 3204 2271 955 494 675 3299 686 3031 1611 3172 3100 111 3880 1459 3523 1924 3182 3387 1112 302 3666 710 2560 258 2580 3270 2724 1806 1268 660 2744 
103 259 0 0 253 271 274 512 253 254 512 512 512 63 3590 3705 1851 1833 195 331 2145 1632 1072 2345 316 2755 1375 2850 3908 1718 1347 3461 685 3332 3911 466 1032 3689 290 2570 207 1482 3837 633 1975 3131 2064 1797 1427 2208 2917 1921 408 788 1231 3557 2541 2665 2924 1855 3748 1206 2259 3698 3166 3516 539 2236 2750 1971 3899 2824 3739 2310 3175 3171 3737 
104 259 0 254 0 0 0 512 253 512 272 251 247 62 3142 3969 3080 3882 1298 2232 1448 1044 3680 3886 191 597 306 433 958 3108 2251 769 1133 3662 2636 1481 3942 14 3717 526 3731 3664 2658 2788 1279 1493 2723 3960 3188 3392 2120 2070 3544 342 3136 2197 3898 3856 7 3178 28 81 3522 1465 3396 647 180 733 2677 88 976 482 3214 175 2133 1251 
105 259 0 254 0 0 247 512 253 512 272 251 512 63 2775 953 2631 1019 2454 490 1690 446 3213 2584 1265 3919 2359 294 85 2931 1995 96 2475 2368 1286 3927 758 2260 3823 2297 717 3267 2540 3371 1672 1344 2804 417 461 1450 2703 186 70 1313 3603 1311 1812 694 3139 3564 1147 465 1390 1207 1601 1864 583 1846 3048 3503 2675 1804 74 3577 377 3755 2417 
106 259 0 254 0 251 0 512 253 512 272 512 237 62 2883 3742 1610 3345 2378 2632 384 392 875 525 1910 1271 816 3163 534 3099 479 1814 1122 2138 1082 2676 2254 1213 1899 3107 2633 41 1737 287 2901 2073 243 2858 2150 3236 1256 201 2347 1109 3889 2619 530 3545 3149 1542 381 1870 2391 2300 3586 688 282 2215 337 2996 536 216 3521 2919 3861 1404 
107 259 0 254 0 251 237 512 253 512 272 512 512 63 823 1647 1574 2544 3473 2898 1607 1342 3083 645 3200 3096 1187 2742 2164 262 1253 128 1149 1730 705 1341 3044 2774 950 813 736 835 2537 1458 766 2461 3634 1673 1624 1360 3112 2579 89 3510 3663 1254 740 382 442 2705 2201 125 73 1411 3232 2071 1733 3646 2113 1554 708 3651 2733 3365 3979 1045 1176 
108 259 0 254 272 0 0 512 253 512 512 266 268 62 3423 1883 2969 1956 3617 132 757 3556 989 34 193 60 413 2585 1534 3285 2604 1329 944 3699 3965 163 1725 1503 3671 670 1053 2090 1591 1989 2028 671 628 248 1451 1641 3227 2466 2836 1167 793 1438 2126 3084 1710 2207 3681 2179 2872 1740 509 3501 3158 30 709 2326 3887 3602 1480 2025 484 1559 
109 259 0 254 272 0 268 512 253 512 512 266 512 63 3536 538 1332 3133 3218 914 1042 3543 602 2500 204 2524 1955 1747 2603 532 327 2092 3707 3157 2769 2561 972 80 3005 1678 524 3153 1660 1013 3678 3563 189 1146 2717 3092 2389 3406 3027 559 584 1320 357 2593 187 1391 599 1885 1815 307 37 3799 3272 1434 568 1558 1551 3924 3804 1468 1262 2859 3156 
110 259 0 254 272 266 0 512 253 512 512 512 242 62 2902 273 923 3547 2149 3725 2739 712 2962 2846 3440 1576 3446 3322 1620 1243 2015 1913 839 2615 965 2235 2365 3298 1345 1414 2511 3197 2295 1033 1695 1648 1308 1068 3147 1911 2041 1698 1377 2037 3836 1659 1437 2830 1516 372 1898 2554 1374 2648 1946 1854 3686 2284 114 2790 1022 2181 3045 1724 924 3363 
111 259 0 254 272 266 242 512 253 512 512 512 512 63 3759 3656 3248 2981 94 3389 453 3369 520 2495 121 1175 2099 558 1705 1472 2429 1827 483 3046 3834 3570 2262 1872 489 1934 2928 1927 1484 3964 360 1952 3358 3995 3676 335 314 2348 2443 3129 2758 3840 1014 2536 3606 1532 2169 2078 2933 3081 1288 2021 1866 3246 2936 3462 1051 2566 1238 332 1401 2993 1755 
112 259 253 0 0 0 0 512 512 258 270 237 273 62 3042 3321 1443 2596 1859 1856 1486 1954 2137 2471 3945 3243 541 1541 877 1179 2196 2963 2576 2107 3279 492 1039 110 1138 1252 3185 3135 253 97 3936 2392 1309 168 1395 843 1040 917 947 858 1007 3001 398 2956 3281 3447 3449 1232 1466 2922 1888 693 2161 3380 699 3843 3128 1897 1415 3055 1717 2547 
113 259 253 0 0 0 273 512 512 258 270 237 512 63 2821 2805 860 1471 3504 3863 92 725 936 491 1337 652 2795 1978 394 203 3753 3466 870 2449 1085 2186 2293 713 853 3740 1428 1586 1945 475 1114 323 209 690 423 2317 13 2577 1323 2048 252 790 352 320 2177 2241 2060 3456 2660 569 2760 3367 2640 527 3040 462 1131 2674 365 278 3400 3685 1244 
114 259 253 0 0 237 0 512 512 258 270 512 225 62 1165 1295 3266 3801 545 3741 787 2886 3351 2706 2761 846 3596 3712 301 3872 1514 68 3925 1201 2861 1449 732 3116 841 458 765 837 416 210 3033 1681 1992 2082 3578 2144 792 3106 425 3203 2128 2693 649 3240 3277 3018 2517 23 566 260 662 3530 1634 138 1064 1985 2450 1831 1880 738 2623 2396 
115 259 253 0 0 237 225 512 512 258 270 512 512 63 3568 3734 1349 1836 1011 2611 3625 502 2452 1215 430 104 1822 2237 134 506 3478 443 379 1282 2741 2038 636 1488 2336 3194 3553 1940 93 2759 1440 3126 1376 1121 3758 2467 2951 1753 1829 3916 2582 2298 1203 680 3884 3683 141 2004 2216 361 3086 124 272 3660 1274 154 3056 3524 344 2192 3206 107 2043 
116 259 253 0 270 0 0 512 512 258 512 252 239 62 2808 1454 64 544 687 2953 3130 1547 1964 770 856 1059 3572 822 557 1579 1123 2700 251 321 2497 76 1222 2481 1078 1666 2599 1023 2959 3615 2643 3384 3815 3341 1326 1236 3595 1442 1704 236 2737 1609 3375 3290 1654 3125 575 2044 2532 593 3164 3973 2211 3517 2462 805 411 2843 2351 582 2088 2958 
117 259 253 0 270 0 239 512 512 258 512 252 512 63 1865 197 3723 29 1500 2970 160 855 1706 142 1697 2362 1457 2018 1153 555 1979 1145 1692 2653 2039 1339 522 3991 2106 3145 2605 578 2174 3607 130 523 1555 556 1348 1777 1497 2400 98 213 1583 2828 3483 2879 1067 3301 1260 2594 3793 3452 2483 2770 2105 3833 521 773 3176 1235 2406 2954 797 169 3259 
118 259 253 0 270 252 0 512 512 258 512 512 312 62 925 229 1919 1714 152 2616 3769 120 1657 3152 3064 1052 3999 1212 2479 2708 608 1507 2116 1958 133 2375 3110 650 3315 3260 2894 1658 3223 1043 2797 407 3677 753 1916 3249 831 2283 2231 3915 1959 1727 1813 1069 438 3173 2304 166 113 3183 2287 2468 2638 1942 380 354 71 609 2167 977 2661 1545 
119 259 253 0 270 252 312 512 512 258 512 512 512 63 2447 3970 1115 1536 1809 487 3986 2205 3567 2023 3434 3892 2046 2780 2837 1393 291 3720 2354 1580 3752 1701 819 3722 3757 2412 2353 1735 255 658 3229 3235 3199 942 596 3609 2289 918 2531 3822 1842 3846 3412 2249 2224 1303 1035 1363 1961 1863 100 3640 2115 1590 750 1645 3811 3637 2908 164 2401 1862 1057 
120 259 253 258 0 0 0 512 512 512 250 251 248 62 2027 1255 2420 2339 622 19 3208 3795 952 315 3008 3629 2647 3348 574 904 192 3768 1272 2763 1126 767 2069 3850 3587 1322 2233 1629 954 2506 3306 2995 3244 2955 2386 1086 2713 1325 2968 595 3559 849 412 2198 2838 2601 3088 3289 881 2871 2077 714 3560 2784 781 3378 3023 876 1492 763 3179 2710 
121 259 253 258 0 0 248 512 512 512 250 251 512 63 3792 2628 1900 3485 2533 2381 3169 179 939 542 864 1373 742 2154 3155 704 44 268 3160 1470 157 3832 3061 774 3778 1513 3113 1436 637 1957 2751 2598 429 2464 2905 2972 598 2079 1928 2634 393 2213 644 2669 2403 1530 3773 903 3165 808 762 2819 346 2810 3496 3852 1608 1091 2597 2013 3808 1106 883 
122 259 253 258 0 251 0 512 512 512 250 512 237 62 3713 3049 1499 2572 1575 2822 3500 648 1216 3075 1949 641 311 2155 3508 3058 1002 58 2156 3879 2240 266 1294 2486 2654 3558 1284 2799 46 1226 2656 3276 3652 812 1960 1840 378 38 3004 3735 2782 2178 2285 2720 3450 1902 565 18 2793 653 1549 1306 2543 1359 1435 1356 1627 2085 1160 2147 118 3433 
123 259 253 258 0 251 237 512 512 512 250 512 512 63 3668 1357 2258 848 3467 802 3221 3051 868 190 945 3907 409 573 355 3881 1983 1394 2408 3921 3796 1135 1981 1354 3124 2418 1419 3410 2473 3612 503 2057 385 1796 3816 3710 1110 3479 3551 626 3913 2903 3252 1406 2303 1715 1278 3626 2001 887 3902 343 1802 2318 1452 3377 1839 1396 2806 2528 3224 711 811 
124 259 253 258 250 0 0 512 512 512 512 254 284 62 1239 2768 2331 3574 3372 906 3584 2373 8 2469 3782 3805 2510 1876 2864 890 1680 82 1184 1821 3076 898 3047 2568 533 403 897 3746 3376 1892 50 2887 3028 2756 1699 2364 32 2292 1462 3480 1886 529 1372 1505 3763 3256 1104 1287 2087 1456 1096 3528 1331 2341 833 364 851 1745 1318 3649 957 3878 
125 259 253 258 250 0 284 512 512 512 512 254 512 63 2545 3537 2456 53 2889 3726 1157 2515 1861 2439 2355 3641 1380 696 43 2193 3931 3255 101 2487 2501 2274 2065 336 621 333 3849 17 3855 707 1016 613 3091 515 1273 3283 2785 840 1901 1370 780 2606 2016 3460 1397 884 1512 1849 970 330 2697 52 2340 3438 2589 3645 820 2731 834 666 241 2856 2333 
126 259 253 258 250 254 0 512 512 512 512 512 256 62 1361 3867 1748 2383 3875 845 1890 1990 3694 655 518 1832 2512 2247 928 1134 2794 2629 3888 1089 2379 3362 1635 263 3407 271 2866 313 25 49 3541 3114 15 370 2119 1000 1270 3390 2275 2729 3291 3350 2384 2080 2372 1139 1933 3638 3280 2058 469 383 24 535 467 3311 170 3035 2595 2324 3904 1874 
127 259 253 258 250 254 256 512 512 512 512 512 512 63 2732 2989 2307 3127 441 2787 1988 801 3225 2849 1439 1198 2983 3825 893 3859 2712 964 1922 513 1944 873 1878 3041 2214 276 1025 646 2899 2470 1631 35 2166 2679 3325 1413 979 3706 1074 3813 2941 47 1801 26 3413 1310 1770 1194 1073 1567 2380 1729 2407 334 3268 1103 3809 3982 1642 3070 1682 1568 889 
