64
64 0 0 0 130 120 137 93 3548 2820 5487 2900 74 3220 2308 5215 4487 304 151 2861 5198 829 3614 2738 4328 256 5664 3948 5072 5698 3388 5801 4792 1847 1373 1496 712 3792 4245 4636 4612 452 368 792 4251 5651 2664 3169 4379 1230 4847 4986 5357 252 1733 5534 5066 4270 46 2395 160 381 2893 5360 1466 5626 5001 1332 2713 981 3107 5470 3965 1921 684 279 5136 3297 2159 5689 962 2552 4052 4755 5169 3228 797 3873 3641 3654 5710 5165 2337 2696 935 5767 4630 4051 5886 191 3076 
65 0 0 137 130 120 263 94 5933 1916 722 90 1401 805 3914 2186 337 600 1479 5637 5800 5676 5391 2036 598 5973 3380 4715 4693 4953 4107 1129 858 5370 4059 4082 1013 4789 5186 2746 5123 1522 3904 4611 4450 2612 27 1239 1205 1280 2766 109 5797 1473 986 4690 1588 1834 56 2707 3927 3894 2071 2379 2174 3952 1715 4998 744 5151 3607 2868 5278 4385 5996 5894 283 4775 1265 4906 5704 2693 3061 534 3267 1417 5709 4564 665 4519 2932 5931 625 4072 4091 2273 576 2795 2156 1161 5419 3181 
66 0 120 0 130 250 121 94 3838 4918 2595 2235 5029 1756 3713 4214 3643 3961 522 5240 127 2144 1225 2601 3667 5216 5500 3426 1741 2871 4500 2613 4956 5607 2939 5040 2731 2829 4959 811 4172 3141 5212 5593 5060 3484 2346 3352 4678 5780 5426 2891 5845 1379 3615 5757 686 4073 4832 2830 3418 3910 4473 2109 54 2600 3143 453 5 1603 5164 339 2081 5656 3876 3576 5682 716 4603 3399 5405 5467 4664 2151 1248 5087 717 5720 4617 142 4069 876 5870 451 819 5059 1093 3726 5774 3103 908 3483 
67 0 120 121 130 250 263 94 492 5594 3185 2791 4383 5004 1521 4539 517 4765 677 4872 5118 4310 2245 1709 2742 3498 1261 3099 1393 249 2744 4833 5213 5911 1345 1772 3906 174 5942 4176 5532 4574 2653 2374 2507 4247 241 4571 4553 5713 400 4493 4122 4101 4453 4358 3619 4604 4421 2264 5266 1237 4151 2537 4980 3522 3976 3520 3260 678 4976 772 2863 3683 1185 2220 353 562 4893 490 5380 3553 5515 5015 3573 2695 1036 4309 2809 1292 291 4363 1098 83 4613 4346 1214 3238 2682 5824 668 2427 
68 130 0 0 255 122 122 93 3179 5228 3361 2161 2556 3392 3696 2772 4842 1852 4616 3101 5919 5733 5143 2550 2773 868 269 1110 5510 1418 895 2843 2733 867 869 1370 3155 3279 2241 2336 1592 1656 2571 3863 3156 657 3314 398 4329 4697 3340 3532 4368 146 1860 5796 5966 4850 591 5591 1059 143 974 1825 1507 4739 4217 3536 5064 4204 5844 3635 2620 4830 28 3825 3298 5677 4055 295 3434 4565 4859 3210 460 4730 1470 5512 1166 5631 5635 5073 762 1131 747 3195 2189 25 4102 3723 429 
69 130 0 122 255 122 263 94 3109 3009 5468 2236 2431 169 1229 1597 2492 3436 1677 374 3672 4234 3673 4722 5233 5511 5523 4719 1793 354 693 577 1519 1321 3963 3047 2330 948 5063 2535 4028 2076 1394 3707 1231 3239 1627 4659 5338 1750 3957 2505 1718 3893 4086 4823 3891 2372 4254 465 715 3796 4614 2709 2904 2310 165 2726 2325 3188 1717 3440 2407 4752 906 3628 3972 4106 2875 2452 814 138 4910 2465 3798 1817 570 3973 364 1651 5404 1946 212 135 5161 3606 3212 5390 2749 4749 5335 3529 
70 130 122 0 255 250 120 94 2906 1180 5771 1159 265 4853 933 2827 13 2753 5946 3785 1548 703 4492 2344 947 2993 4912 3084 5544 1074 5195 3029 1281 1973 2743 2388 2564 2441 3274 51 2073 1136 725 2213 2277 2305 3117 1835 2181 5619 5985 3100 1199 979 272 1939 4016 5170 1368 3645 1021 1850 1613 2959 984 2977 4213 3782 5654 2268 100 2624 235 1547 5569 190 4141 1500 2095 3334 3428 2460 3072 11 3272 3057 2952 107 929 5363 5018 3404 2100 5690 2056 2390 1516 4779 2027 777 2629 4946 
71 130 122 120 255 250 263 94 1436 1970 2083 5425 5839 312 5031 4296 5454 1645 5863 4917 5313 2206 2238 542 123 2137 1491 4332 5322 1095 2472 1758 3833 1915 5448 128 4569 3599 2470 553 749 4064 828 1650 110 4390 1453 1397 4607 4457 1227 3170 3154 5770 2634 3624 4169 4326 2437 167 1303 1254 5282 1938 2969 4794 5540 1660 2649 958 2599 318 4545 5784 3018 2616 3320 1145 2202 5789 2847 2626 1674 1926 2223 3616 3560 3151 4218 2428 2384 380 3671 1355 896 1297 4136 2175 4649 3026 4325 2768 
72 0 0 263 121 115 390 93 376 5787 4321 1526 243 5274 5493 2934 3259 5851 4776 5495 5953 4335 4182 1327 4999 3852 1668 3059 2648 1578 1599 124 2510 2559 2816 4006 3196 4026 674 4318 889 4778 5878 3119 1115 3124 5351 4350 3895 894 2327 3775 904 3415 1553 5867 2538 2848 1389 5406 5967 5330 1537 111 4146 4413 2034 1876 4635 5288 1187 2788 1196 82 5859 5905 4465 1846 2845 3759 3777 1658 5701 3391 4446 473 3820 2360 3193 2294 2938 687 234 1841 2886 3217 607 423 4706 3541 2688 
73 0 0 390 121 115 512 94 1837 5707 3389 2687 4843 442 995 1797 3093 3938 273 2712 4898 2929 1506 5932 1782 254 2205 2783 988 4087 4503 1830 5431 4937 1820 3862 1174 2610 4885 5384 4522 3951 5909 5439 3429 5588 1341 3341 2354 3328 2231 2723 987 1954 192 3118 510 4978 1092 2940 1655 3137 1659 4400 628 4298 3410 4128 315 892 2278 3344 1702 915 4266 14 1880 3688 4034 3422 1298 840 5906 5484 4913 3778 1800 639 2477 5549 5809 4481 5556 946 4808 1288 4163 5519 2430 4198 1895 5324 
74 0 115 263 121 250 400 94 474 4652 185 2170 2944 2463 5323 3194 1128 5807 3496 3371 3252 5221 1688 714 3497 2697 3165 5261 3161 4589 1533 1958 5394 3102 4705 1932 5685 731 4124 964 5437 4377 363 2739 5636 4343 1985 2635 63 3622 5541 1672 5503 3728 618 4601 2656 2609 2196 4974 4991 2899 4023 1811 5054 4644 3003 4199 857 3226 1615 3937 274 5045 1559 910 71 3518 5769 42 2039 351 379 5462 2915 1455 2091 2590 1057 2955 3747 5130 565 1909 5258 5069 1527 2605 926 1383 2924 324 
75 0 115 400 121 250 512 94 5329 3312 3053 3028 5678 4648 2525 2282 5696 2019 2489 3877 4935 4783 4666 1483 5142 2404 2825 530 2461 3514 293 4125 648 328 3060 1550 1530 2313 891 3955 30 80 307 284 5764 4772 1520 285 4208 255 5517 4628 2041 3507 1634 4135 939 4762 2387 2281 4149 2856 1535 5250 3249 5665 1862 3173 4524 627 4236 4378 5856 5850 281 1096 2514 4314 5579 1657 780 3736 4359 596 4173 3232 3375 4592 3716 5829 2061 3743 1244 4482 4288 886 527 148 2340 1616 3896 2995 
76 121 0 263 255 116 372 93 4474 2925 2176 1490 2311 2655 1566 4609 4258 4801 3374 3461 2953 5490 5936 541 3485 699 5581 5334 3890 2087 5444 4838 1432 3412 3745 1541 2660 642 2130 1212 2866 1285 1215 1898 3402 1460 3924 4349 3192 8 2950 3327 4761 3403 5622 89 3596 1584 3690 2050 2497 3898 985 2182 4552 361 5239 3437 4735 3337 3980 3847 5536 938 4267 5210 1531 3934 4397 5815 5814 5076 2485 352 4964 5775 3870 207 1350 4518 2812 751 267 5244 2821 1626 2054 5343 5226 230 5980 
77 121 0 372 255 116 512 94 5961 5792 5033 4058 2588 3323 1630 154 5350 1296 3397 5379 4700 4673 4737 5957 588 3600 2584 2255 4534 1088 33 5527 4993 3243 1664 3827 5046 3807 5107 4892 1386 4244 2107 1209 3939 5296 1323 1477 3556 5606 2204 1062 1810 616 1653 102 1556 2014 5849 3393 2250 1940 3456 3941 302 1925 996 671 3215 3506 3773 329 4096 688 1031 559 2154 5808 2209 1252 4710 5251 2826 1918 1594 4320 652 1374 1610 574 2012 887 3177 2760 1726 5442 3088 3815 4800 1914 2345 4807 
78 121 116 263 255 250 390 94 813 1836 2004 4238 5090 4380 2912 1266 2197 175 2933 5741 5327 3254 636 2580 5547 2965 3879 4049 1221 3724 2371 5345 3219 3589 540 3767 5501 2006 4781 1696 3074 2145 5600 2639 4615 5185 629 502 5621 776 2669 4265 3354 4207 5223 5276 608 4620 4816 5805 925 849 989 2075 4954 4303 3735 1628 2367 4455 5971 2025 5482 2016 4984 2615 5951 342 2517 3447 1974 4426 2919 789 1014 5127 4770 5307 35 2633 9 637 2877 3329 1358 1085 5167 723 3813 5970 4591 3926 
79 121 116 390 255 250 512 94 1354 3073 3351 2506 1617 5737 5959 2778 5464 3132 5857 467 4092 733 2411 5308 1561 1987 152 1539 2211 221 501 5135 3631 2765 292 3475 5453 899 4356 3157 1604 4467 1461 70 36 3901 5546 4529 3123 1600 5140 5649 2544 1948 592 5956 4144 890 5024 1683 3356 1194 1885 5420 2447 2850 846 3761 2998 4443 4997 3025 406 3931 3257 1897 5887 383 781 1347 764 3133 1978 4734 2725 3465 2065 5238 19 26 4097 3618 2545 5897 5062 4279 3413 689 483 1913 3715 3842 
80 0 250 0 129 367 134 93 679 552 55 1856 2661 1924 4422 1589 3125 2793 251 2711 4414 258 1982 5423 348 1690 5270 2358 793 1804 5903 45 3264 5670 2240 1408 1384 2433 928 5450 3575 5502 543 1569 4439 3651 5799 3570 487 5375 3527 4440 2678 4966 3984 3071 2971 4183 1934 3519 3293 182 5091 907 3235 1935 69 1780 4174 2029 2252 3732 5207 594 3379 3568 1912 298 1299 5582 5948 4637 1139 5981 3056 2408 5827 634 3674 2854 4817 3776 3945 5254 4675 1685 4626 4391 5291 469 5154 
81 0 250 134 129 367 246 94 4696 1450 477 5660 2141 5915 2400 2606 5939 385 622 2347 435 4307 2509 3823 2834 5249 5348 4480 3491 3432 3535 4148 5034 713 3258 3408 760 1642 2218 4650 4044 1957 278 1623 1324 4461 4410 923 3390 2484 1112 977 3812 1475 950 3933 1996 1369 4139 5891 2121 3805 4448 2628 2839 3629 170 2077 2044 5285 4621 4012 3106 4558 1003 3163 2299 2230 631 3881 5732 439 3398 3598 3095 4663 4110 3780 5160 3033 4660 5286 4262 850 1053 774 1663 5782 1287 5642 5645 5199 
82 0 367 0 129 512 129 94 5440 2312 4634 873 4797 1776 5794 5424 4008 4255 261 5538 3718 5693 4351 3872 4686 2549 3888 902 969 4756 198 3277 1271 2381 3158 3569 2488 4657 4988 2930 2021 5900 5115 2214 990 4741 4360 4877 4676 408 5910 5385 4162 4632 5289 2300 3990 2992 1146 528 4489 2597 1989 5695 2994 4393 126 2178 4078 5570 957 3302 2646 4375 1904 2422 2289 3758 3135 5230 4405 1306 831 3830 407 338 1313 4804 1283 4333 2397 3164 131 2964 2001 2343 1444 4232 5048 4354 2247 853 
83 0 367 129 129 512 246 94 812 4392 3446 3342 2577 1646 2526 5912 5272 308 5578 1665 3321 289 1543 5722 3513 3316 5507 437 5618 4030 5715 3967 1787 4476 5204 3869 68 5929 3684 706 4922 4468 5803 203 5753 2263 5471 4420 2443 1762 4271 4969 5557 3045 1094 4226 3017 1061 1534 3457 2683 4726 3512 4826 2031 3464 5888 4048 1849 5081 2038 2865 874 5430 5177 4699 345 2885 4062 1774 5229 3079 4930 2246 4943 5609 617 4300 4249 4336 4897 1724 4230 3841 3052 2419 4819 1596 2226 525 2146 4916 
84 129 250 0 255 390 121 93 3350 2897 2844 1228 711 4683 2334 3853 901 2438 1966 5317 4190 103 5388 3086 3449 2287 739 2304 5259 2426 536 177 5766 3187 5153 775 5412 4645 1294 139 3030 3533 5008 3727 1988 4883 5036 5374 3381 4145 4713 92 5340 1275 4820 3160 5793 2745 2210 2727 704 817 1054 662 1635 4089 1046 5310 5968 4015 630 496 4364 392 129 1395 4013 5991 3826 1189 1346 1742 2010 2352 5750 4901 4790 1699 5843 1105 5395 3104 5149 4638 3171 965 1528 3698 4037 3749 1637 
85 129 250 121 255 390 246 94 5674 3739 1314 260 5402 17 5193 1334 2440 4412 4647 5355 4815 4940 5724 4093 1684 2721 1953 3649 650 511 3889 2265 5114 120 4002 3801 2296 5376 3377 4137 4031 4514 2018 508 5455 3450 5865 5257 3668 2063 3551 5521 2187 5483 3285 590 5711 4066 5305 3665 375 5575 1882 2755 3754 4168 5964 5706 2047 4526 3224 2169 1419 488 1033 4869 2997 3849 2822 3603 2070 1636 4498 852 2754 311 4971 4625 4206 1344 414 59 2237 3240 218 181 803 2180 2521 3236 2922 641 
86 129 390 0 255 512 110 94 1478 4088 5094 5916 78 396 1552 294 3861 5848 3510 5667 1738 3275 726 1304 5879 4994 5389 2914 1881 3083 3023 5364 2757 3921 5545 3430 2566 1691 4810 2017 4427 743 387 3451 5168 5749 5139 3349 5508 4386 2261 67 2801 1671 529 5726 3105 573 3571 3176 1464 4297 1929 710 3233 4989 4694 783 3640 1608 2286 2724 5760 3414 434 5539 5421 5498 5972 5938 3592 4442 1679 2804 3804 2257 2923 4109 2258 2870 44 660 330 3438 4338 1808 4967 5112 2292 3903 893 4371 
87 129 390 110 255 512 246 94 544 1079 4355 856 5668 2028 5194 2710 450 4242 3783 3288 2421 4521 1267 3140 778 5861 1140 1148 4900 2364 1754 1995 2892 3709 5862 370 1431 5121 309 5694 4513 3756 4502 1743 2562 4253 742 5255 4367 4352 1775 3730 1705 2946 346 3554 3725 5265 1008 422 2852 913 1695 1165 268 3746 2321 2234 2450 4788 3542 1736 1441 5111 691 720 5499 5019 301 918 5892 5328 4408 3544 992 5441 3001 1391 1219 841 4934 3566 700 3364 5735 1735 2481 5476 1025 2248 1570 2638 
88 0 250 246 122 379 369 93 4764 1051 603 1770 782 3167 5486 2504 1177 5125 5890 2320 4095 3705 3174 3751 3035 1307 4791 3515 4528 5172 861 5191 2522 5691 1998 4293 2747 1193 2114 2973 3991 1802 5680 96 3905 851 1562 201 5504 4643 4981 3695 136 105 2057 3223 4702 2681 791 3806 2921 1730 3964 5192 21 4035 5518 2331 3682 1649 4046 5804 5422 1109 4225 3424 1125 4039 5840 3502 3970 2673 3310 350 2951 4766 2575 955 4117 5433 2140 3897 1043 4839 830 2459 5097 3370 5554 5447 1251 
89 0 250 369 122 379 512 94 4870 5260 557 2496 4566 5200 658 4899 3864 5435 4432 4854 1747 3126 4316 2913 5095 4065 5745 5881 1039 1309 2811 2785 2518 64 3960 1433 4985 2208 4911 4430 4079 3175 4554 43 1839 1855 3142 1900 2284 2789 377 3627 4543 1930 2285 2536 3610 489 1624 4142 98 4753 5617 2359 3584 1781 1147 2198 5854 1927 922 448 833 1097 5987 1999 3325 1362 2663 3720 5352 586 4799 4259 582 1336 4256 413 3750 1116 2309 2232 316 614 2672 3147 1706 3284 1678 5659 4308 2667 
90 0 379 246 122 512 379 94 431 134 1795 4306 340 5777 4394 3318 5922 4712 4140 4811 2493 4536 3766 1784 2491 4278 1238 1360 4585 2102 1071 4014 523 5311 4654 1050 2508 3234 3760 804 4874 3834 2356 4196 2239 3867 3054 5589 2857 3908 4147 3742 176 572 4447 3865 5738 2413 3208 1077 4887 719 3473 2730 2718 2935 2890 5292 4130 1263 999 4570 357 4904 3044 5014 2462 4429 824 1222 5528 371 1573 1682 756 2652 79 5653 5209 3770 4220 257 3978 568 4896 1255 1822 5013 5640 4767 3699 247 
91 0 379 379 122 512 512 94 4809 3944 661 5201 4960 2576 5155 1510 1712 5746 195 647 2487 3199 4578 982 2781 1075 1723 870 531 2279 2568 5662 1058 3626 4491 5253 1201 4624 810 1030 680 2000 2542 3311 5603 4687 4027 3020 2607 1234 4372 5144 3186 1402 2276 3134 2581 4920 1232 161 3333 1120 5944 5585 1711 2338 2173 362 3230 4 1437 3925 5336 2763 2207 1959 3516 5955 391 3882 2691 843 3110 597 5994 3010 1737 1590 5264 3014 1335 5833 326 3524 4083 5333 3748 3608 5372 2598 2770 75 
92 122 250 246 255 377 393 93 224 2502 4299 1023 5485 655 3247 3002 2468 4695 2846 3241 4404 1798 125 5754 4622 3632 976 5811 3203 4456 605 1044 2541 2128 2905 2794 4276 4973 2987 2365 1204 745 1002 2800 5858 5344 5566 1707 1568 3400 1020 3289 3621 2999 1111 2112 2163 3295 1467 3021 3831 1019 3367 1317 5641 1791 5655 494 358 1240 5494 5234 1892 5408 3242 3478 4187 5592 5218 4466 2458 99 3706 1517 1150 2393 5671 4955 3985 2295 2307 3999 728 3734 4180 2494 3066 2224 2040 3246 1577 
93 122 250 393 255 377 512 94 405 4416 220 3946 2329 114 2048 1620 2410 3850 1173 2686 5492 52 5697 5595 3633 5113 3085 1869 443 5555 4619 5162 4433 3271 2303 440 1831 238 5975 4098 5061 735 4542 2386 246 5572 3348 2851 2203 5318 5832 3355 4424 3462 3305 2675 3704 3875 1652 436 4373 5124 3656 4862 2150 4951 5526 3096 1722 493 5346 310 4720 4533 2523 4269 336 206 2619 5028 2784 2479 575 3803 4714 2216 4274 882 3347 1598 4090 3986 4194 2033 959 4627 5101 952 3824 5778 5904 920 
94 122 377 246 255 512 389 94 3900 2677 2476 1416 426 3899 497 2078 1233 299 2882 4602 3540 4512 2980 3855 2705 2752 461 20 5010 5158 1873 367 5475 3136 1997 1936 132 4485 5315 1778 1135 1540 4292 4595 1465 3644 4831 5634 1353 3441 2302 2499 563 2066 1905 5473 2666 1984 4396 763 2079 2165 2960 1449 5157 5331 5128 2341 484 997 297 5779 403 3048 2554 5309 2722 5625 3987 5965 5761 3565 4138 1752 2631 5577 2676 149 2833 5768 3562 539 81 4924 5100 5203 1697 162 5758 921 5466 4263 
95 122 377 389 255 512 512 94 5237 2903 500 1796 2139 1272 3816 507 911 3846 3120 2475 2883 76 121 2769 343 5950 1902 5297 1740 5895 524 4401 5725 2520 4191 3721 4562 4763 4573 4527 666 4435 39 5913 4773 741 5256 3786 3582 2603 4134 2984 2968 1814 3594 5050 2045 214 3839 4290 3634 1564 1813 4188 1944 3153 3958 5860 4499 5411 5080 2764 1981 2013 4195 3597 204 3779 1371 2093 2942 3330 1886 16 3421 3503 1994 5337 3482 5683 2887 930 4193 4684 4568 2985 3650 732 4846 418 681 112 
96 255 0 0 379 124 141 93 2958 2926 3477 4865 5387 1842 4948 1132 4286 3797 4716 1819 1582 1359 2759 1622 2719 3442 4902 4844 656 611 2835 150 3771 5460 4871 3011 5962 1595 1875 4711 1329 2637 2373 2195 3781 262 2582 2251 766 3115 3922 4596 1949 1049 2608 3098 5855 5134 4680 3646 5119 5937 771 4677 809 4071 1388 1157 5927 808 3680 3697 5852 5481 5963 978 2434 3211 2122 3200 3038 3848 2060 5826 4837 5837 2011 425 3065 5108 5279 5326 2703 4576 2179 430 2124 2193 5729 3067 4179 
97 255 0 141 379 124 257 94 1392 5416 5361 1342 2896 270 4160 481 4938 5560 5025 3145 4593 319 4205 1499 2636 2777 1463 1955 5992 1545 5790 1823 4914 1055 5316 2473 5624 404 101 4963 1308 4081 3280 1769 12 1666 360 5681 1486 3122 2335 1716 236 305 2467 4224 5341 5126 845 3907 5739 463 4598 4759 3129 5175 164 4878 2684 4748 2160 5568 498 1064 5918 2429 1390 3799 4525 2548 5730 5646 1871 663 1425 5885 3479 2500 476 2420 5989 4674 724 1113 551 1693 1975 3360 3983 1325 506 4691 
98 255 124 0 379 248 133 94 3636 2099 1310 2573 1633 2824 4322 2398 3448 3719 2808 2022 960 5407 5049 2534 4171 5445 3579 1549 3738 1607 4462 3127 3620 4365 5612 5982 1206 5866 1022 4164 5012 2194 2604 4395 3653 1783 516 5935 4769 1779 3662 1872 5586 244 535 2298 2815 4043 3166 4319 834 4202 1451 3504 4209 3829 1518 5562 2859 2127 4747 1439 4340 3531 2456 4750 4470 3282 4387 787 5830 3851 683 5137 388 927 1828 2910 5205 757 3591 266 2565 3206 1367 1027 615 239 2116 4939 3661 5628 
99 255 124 133 379 248 257 94 3474 1410 4509 1901 2495 471 4704 3343 3630 1421 4184 1 2291 5551 4068 4580 3294 3717 581 738 1990 1676 3487 2008 1203 3189 31 1806 880 5131 4818 3469 3078 708 3648 4727 2767 4672 3315 2455 3854 754 694 395 1242 1144 4640 5921 3534 3077 2928 2780 4895 468 863 1983 1878 755 3844 3108 5065 3476 4572 1587 5954 5039 2869 4508 696 844 2483 623 937 2736 5901 826 2570 4419 1069 1523 2557 5183 4454 2115 4709 1476 2217 3885 4949 3586 4996 2069 3764 3647 
100 379 0 0 512 110 121 93 1574 3087 5632 1269 5875 883 183 2828 48 2908 5633 4402 3444 5035 1364 2750 5269 3471 4094 1175 4056 5275 3319 3144 2888 533 4216 5596 1807 485 5675 2391 3511 1710 2734 888 2369 1694 4063 4331 5925 1163 4361 3049 2200 1207 3731 4250 2037 4731 5414 2916 612 4890 4537 1029 2466 331 3425 2986 2396 118 5902 1420 3883 2003 1430 4384 5988 5141 47 4159 2592 3832 438 2290 231 3480 4289 4370 1868 3701 4745 602 690 3062 1361 1681 5926 5998 3336 5630 1259 
101 379 0 121 512 110 257 94 296 4484 1704 2761 2611 2650 3703 1256 3605 427 2858 1773 4103 4925 288 3768 1761 838 4915 1106 5786 5133 5106 3670 2362 210 3857 5353 2547 2632 4268 2501 2142 5702 1794 3202 303 734 1765 1415 3920 3291 1042 4114 369 2630 1654 943 15 5371 1422 3828 3708 5615 1048 3363 2558 1667 633 513 2560 3744 444 2593 4143 1928 842 1172 2528 2297 1493 878 372 5088 4157 5620 4665 2104 2513 2737 1757 839 4784 18 5908 5032 5456 1583 4342 50 2403 4287 1103 5281 
102 379 110 0 512 248 146 94 2191 3637 5300 4479 4972 2055 1544 321 3549 2981 1066 5219 1713 3930 29 2049 1426 86 820 1845 144 2907 66 1101 333 4010 5813 2319 3691 1502 4577 1403 62 520 5573 4590 2569 1511 4506 993 4045 4032 2385 4903 386 3209 5700 1632 5398 5535 3466 1279 4600 2640 5409 740 5896 3406 550 4882 5438 5055 2088 1687 3172 4728 3131 2876 4170 3590 2152 4029 4575 4257 3858 4546 2823 1986 2328 41 3902 2414 3090 5451 2978 486 2802 2627 2622 5995 2796 4803 5880 798 
103 379 110 146 512 248 257 94 4836 3245 1993 4040 2957 3685 1487 3928 1153 4812 2532 3394 2097 2917 5756 1976 1070 32 5934 5196 848 4813 5699 885 5952 4033 3225 1264 2120 3595 5231 569 651 5907 3550 3818 3495 5465 5457 3836 2679 4475 3159 2596 4905 3940 2643 975 5306 1356 3676 222 5598 2989 3353 5765 5232 4608 860 4771 2976 2249 1661 3915 4908 1969 2692 3843 5190 1218 571 5174 5397 3494 3097 4651 5000 3918 1896 555 4178 4011 4203 3811 5302 3459 5623 1888 5104 2511 5744 2602 2740 1498 
104 255 0 257 377 117 388 93 365 5806 4464 5882 604 4127 223 4561 457 4970 1428 1803 3306 4682 2797 2 366 3919 155 2853 4185 1152 4743 3757 209 1508 1409 5740 2817 2775 163 818 2527 332 4586 790 5552 5978 5287 1282 1411 3666 2183 60 1399 4233 2530 3034 3008 1631 2657 5686 5044 4840 2201 1525 865 1908 1143 643 87 2415 2370 5872 3810 4729 3979 1606 2256 3423 4516 2402 4200 4477 3248 2774 5084 2129 2594 3642 3953 5752 1563 5478 4891 1452 5563 1258 72 4698 1107 5003 1751 
105 255 0 388 377 117 512 94 3460 3499 1121 3427 1786 991 4181 5877 447 2280 1438 4084 5312 1662 1236 3583 5823 2190 271 1290 359 2831 1376 4036 4417 4459 3613 5117 3338 4248 2503 4019 4671 4975 1119 2380 1133 1102 4933 3307 216 769 5983 5798 472 38 2486 2790 3031 4829 3168 3794 4312 1866 446 1708 1318 4928 2026 1210 4411 4153 1226 3755 3213 5564 1812 97 202 1330 2184 1387 3966 653 4932 3092 3378 606 1268 200 5599 1826 4618 3183 57 2350 3800 3401 2895 1243 3036 2814 5773 2138 
106 255 117 257 377 248 392 94 4337 5057 3612 5041 4452 3443 3190 585 24 4535 373 2729 5822 1200 537 515 417 2972 2898 3547 3201 5070 4852 5650 1396 504 3037 730 3012 1469 5838 2126 2819 5584 5436 3268 2787 3317 4304 635 4437 1567 4868 2587 4486 3559 4478 1580 1621 549 2058 4003 2113 4085 2080 4261 3335 5819 5871 1009 2024 1572 458 505 3287 2735 3659 5736 2555 1680 2227 1870 5383 4876 5497 3276 2092 682 454 2375 1890 5401 3840 2529 4587 2690 2353 2068 5105 3015 5180 2052 5817 626 
107 255 117 392 377 248 512 94 4211 1719 225 1404 1877 3711 2647 470 5373 5267 1260 5263 2283 5284 1689 4965 5096 5006 1614 5381 5367 5047 5883 1216 5184 168 2096 5788 5488 1585 4520 5889 106 2064 659 3500 2082 4334 4950 3042 1171 122 795 4061 3658 4152 217 5077 956 5085 3693 1462 4845 1644 1532 5810 1734 3384 1047 1731 4120 4888 2881 3959 4272 1889 1879 393 1611 5053 1400 4100 1245 509 147 2293 1894 3081 3040 4399 459 748 3791 4305 2030 1468 3655 3971 2074 3567 875 2383 1241 4945 
108 377 0 257 512 117 392 93 3530 961 3345 1198 2543 909 2478 5979 2164 205 1195 2072 1698 2771 554 3146 3409 4280 5941 5319 4264 2192 2956 3416 3191 196 3521 3486 676 1154 832 2155 6 2982 1501 4317 2644 4235 1186 5590 5181 4507 1191 5293 1246 546 1311 2561 1090 2947 3050 4987 5220 5940 5802 2990 3774 5723 3601 4311 761 2983 5489 1220 1861 1917 1829 3263 994 226 934 4782 5522 2394 3949 3138 1933 5429 4451 1343 4941 4824 1365 3523 5171 1339 4047 4796 821 548 411 2658 4021 
109 377 0 392 512 117 512 94 334 341 1558 4550 970 3950 4855 264 4460 3538 1648 4025 4129 983 5304 1337 3472 49 5537 5339 3149 3303 5358 3817 4161 1352 1591 5743 4150 2117 2166 5524 556 3266 1555 2135 5899 672 1853 3458 399 5241 2123 2901 2936 4958 1488 1087 2314 2002 1338 84 4241 419 4252 2086 2342 1277 3722 2457 4189 184 1434 5452 2585 2642 5325 248 5038 1076 1962 4723 3954 3468 5818 3198 2105 5616 1767 2125 2416 1253 3218 5242 335 3278 3116 1446 4849 137 2275 2756 94 2836 
110 377 117 257 512 248 395 94 2884 344 5011 4929 1538 5629 3947 3692 445 2274 692 3032 2451 2453 4768 1560 2260 847 4374 1625 1771 932 2792 718 4540 5602 1884 2720 3304 2366 5923 2111 4345 4275 2842 1951 3299 4449 313 3197 514 5571 3809 495 4041 954 4886 286 587 945 3435 1851 5214 532 2540 4567 2009 1141 153 3004 37 119 2215 2717 2654 4291 4510 2920 3866 4024 5747 1012 835 4223 3702 5023 3997 2254 1821 1017 242 156 5458 3082 3369 1759 1130 2818 5189 1838 5717 1910 3452 5206 
111 377 117 395 512 248 512 94 5661 2270 4656 1162 1503 2909 4105 1316 4108 2101 4661 4156 4641 1385 1952 2149 282 2382 1536 4582 2779 1181 5924 61 3139 1728 173 5156 1167 4780 2864 4515 5820 3837 3694 215 4277 2894 1037 5273 4639 4409 5182 5673 5608 3222 5120 1686 2412 5583 1447 3385 4330 159 4814 3609 2880 4496 4947 1114 2837 3663 1893 1899 1972 5009 654 4875 4436 3221 1375 5657 4053 3912 3070 208 5368 2262 1178 3552 1961 4942 4760 1412 5984 40 1950 1874 4707 5147 2143 1398 2651 3481 
112 255 248 0 380 389 115 93 3677 619 5506 649 5098 2389 4237 1459 2949 1922 2059 3431 4382 1032 2103 5643 4653 1091 4018 5751 3114 1504 2878 199 193 3091 1721 2323 4231 2136 912 4260 3686 5020 5122 1249 1118 2962 1700 4785 4517 2546 879 701 1818 1257 1169 5378 2849 4301 409 250 802 4497 884 5474 4511 4177 4123 1442 4774 3229 3762 3769 1943 187 4201 3467 3396 1305 3043 779 237 5290 180 1692 4544 1179 1746 5382 5658 3058 1576 433 5235 3075 4936 382 4864 3007 3022 1601 4281 
113 255 248 115 380 389 256 94 1639 5567 1512 5847 3822 3256 2267 115 2867 3859 3788 3868 5574 1725 1669 512 5977 3250 5178 5783 2409 3543 4009 1099 2339 905 3454 4863 3753 5530 300 323 3055 349 3292 1377 2889 4302 866 2349 5611 5580 593 58 2162 2132 1864 1124 1081 5613 5993 133 4669 5684 3296 1551 2519 1471 5056 5638 194 2357 1284 5716 2970 5349 3308 4992 2471 4111 4884 3207 4126 4530 736 1963 5410 3587 4873 951 3545 785 5759 4547 3689 3808 3546 599 1865 4828 3231 1320 2975 2067 
114 255 389 0 380 512 116 94 1992 3286 65 823 4532 3501 2974 4505 3265 5159 3068 2700 3270 914 5418 675 4744 2480 1357 4483 727 1816 4295 758 5332 3205 5002 3216 4793 1748 1443 1405 5874 314 3339 4339 5785 1609 578 1302 3445 2035 5531 3505 3237 3740 1947 547 871 5434 410 1554 276 5078 5831 4662 4017 4605 4357 4679 1833 2454 4642 93 5262 3962 2318 2614 228 4246 5559 697 1858 5197 4441 3639 1011 2841 794 4221 624 1067 5354 4724 3917 558 1799 2053 4736 917 1575 1142 4154 3795 
115 255 389 116 380 512 256 94 1542 4212 2418 4050 3372 1276 1883 859 610 942 968 4689 4880 4646 2645 1010 1202 4977 356 2322 5914 1137 670 4889 3063 5359 1262 5990 320 3 5514 5719 4821 854 698 2399 4381 4927 5176 4362 2586 5058 1640 4742 5842 1319 2617 1045 5252 5132 796 2807 5021 2446 2131 4490 5666 4219 2714 2498 1005 2704 2253 5222 3819 3604 1863 34 4857 4070 564 3290 306 3669 428 4060 4239 1638 3729 5731 3555 4740 1840 1089 4022 4541 2579 5825 1960 5246 2751 4471 2272 1192 
116 380 248 0 512 390 133 93 2417 5427 2699 466 117 3981 2578 2199 5876 3493 3956 4020 3974 5017 620 4594 4531 1790 3525 1514 1366 2242 3787 3019 85 5225 2988 4856 4610 2524 2108 1494 1484 521 4057 5043 3324 5103 919 5986 973 317 4104 1182 4866 5102 432 2042 4717 287 1170 709 644 3148 1078 227 229 5092 1164 2879 4583 2862 322 5828 4403 2046 95 4549 140 1286 2392 5703 3814 2167 1906 5721 5821 5138 1041 4751 2332 389 3835 1991 4112 3617 3923 784 1457 211 4167 2449 480 
117 380 248 133 512 390 256 94 4894 4860 2172 5587 4118 189 5520 3178 972 953 1529 1134 2171 2023 1351 4668 3710 3024 2177 1485 5152 5298 5898 3411 877 5007 4418 3886 4879 1326 2432 233 4584 1223 116 424 2368 1763 3346 2937 1744 4131 4703 1497 4282 2665 3041 1333 91 2941 3489 5173 421 1188 5943 5509 4444 1729 2423 2188 924 397 1571 1788 3387 4285 5893 1857 1732 4957 2706 2406 5762 5812 5869 1063 1052 5718 2954 5949 5648 5022 2444 5669 2515 4472 2157 2762 1618 4548 941 1903 5362 3526 
118 380 390 0 512 512 120 94 4834 5708 5342 1340 815 5163 5321 1278 4597 2671 5712 2243 1509 412 3417 827 5496 2148 2376 2855 4495 3572 2838 2348 1080 4438 1072 5093 1273 2685 1964 1016 1274 5393 2840 567 4681 5366 5516 2782 1720 3871 4313 1727 5295 5459 949 2084 4822 3892 3880 3005 1942 4944 1007 855 2317 1407 1291 4099 3789 449 4983 4733 157 2326 1513 4909 903 5027 2670 5795 2931 5109 5037 4067 5074 2806 2948 5480 2288 4423 1040 1945 4504 4243 5548 5945 3326 3932 3064 3679 1919 4990 
119 380 390 120 512 512 256 94 1749 3262 2512 280 4133 667 5248 77 1295 2680 721 1739 290 4080 632 4388 526 2810 4192 166 1937 1001 4962 5432 4077 1168 2996 4075 1792 1435 5601 940 1208 5449 897 5868 3700 1378 5864 5443 2168 1015 836 172 3977 770 1363 482 5834 4000 3051 2015 4848 2133 5997 1647 4463 2435 4746 5884 5841 4786 1789 2355 4851 2872 3969 5280 518 277 1605 5082 479 2436 2621 5692 2945 1824 2269 2464 4708 2860 2032 583 2147 2758 1024 2118 5268 141 3821 2119 3121 5976 
120 255 248 256 384 382 380 93 5030 2943 2439 5846 416 595 253 800 807 5377 7 5320 2694 2094 2361 5446 1083 916 4667 2659 2574 1423 1581 799 4366 3975 1445 1612 3089 4579 3995 1183 5243 5513 3982 3588 4555 2259 3453 3455 2425 1270 898 3368 2490 864 1911 5365 3577 4294 881 3204 4861 3561 4132 4718 2641 53 5644 2698 2539 2728 3000 2567 4701 5974 2776 1815 4273 4754 5576 4802 4881 2051 5958 5314 5663 2786 3528 1844 5930 240 5075 2516 4982 2153 327 3362 5247 2551 1122 5179 645 
121 255 248 380 384 382 512 94 232 4655 2324 4415 5188 3913 3887 5558 1155 2927 3664 5472 1546 5110 4469 3509 2805 4798 1629 1760 3856 5187 4581 3046 816 2212 2469 23 3989 640 1593 1289 1956 1777 2062 5781 4841 3737 1489 1967 2572 2363 2221 4952 2873 1035 1429 4228 1971 4795 2244 5099 4001 3909 5236 4042 3992 5917 5561 4692 3152 3382 4835 1854 3492 1000 4428 5271 4961 3874 5687 3313 702 561 609 1380 4931 3942 3793 4434 3300 3027 673 5755 3845 801 3988 3602 4327 1859 4398 601 3283 5392 
122 255 382 256 384 512 380 94 998 441 2979 3273 2531 390 5089 1755 3386 5714 4445 3309 5356 2351 2716 4688 4283 3712 5403 1406 5816 415 4240 5026 2701 5386 2007 402 5148 1108 1907 1026 73 2474 1060 5245 1004 1068 1923 773 5202 3968 1322 2316 113 2918 3255 3763 378 3269 5217 5679 1038 837 5400 2266 2445 5604 1670 4121 4921 1619 1300 2098 5627 2219 3508 3420 4389 2813 1456 4599 462 4175 3419 4805 1472 1768 5763 1801 3227 3366 519 759 2708 5647 538 4926 213 3433 1056 5413 1891 1197 
123 255 382 380 384 512 512 94 219 2674 1848 1149 3006 3407 5947 2803 3358 3080 4560 3993 2315 3911 3128 1745 2089 4054 197 2106 1176 1482 4425 1104 580 3687 1641 1381 3162 2961 752 355 1123 2874 5042 2005 3733 1495 4907 2185 1867 4923 347 420 3013 2991 3593 401 5224 4979 4186 5920 5079 638 3373 1158 646 2043 2715 3537 1082 1006 4633 3439 3929 825 4406 4685 1675 1312 2448 4758 2271 1809 1349 4284 3184 5565 108 1454 4825 2748 3214 1382 5529 4606 1213 566 3714 1980 1673 3611 2158 5791 
124 384 248 256 512 382 388 93 4588 669 5417 2306 5772 275 3376 88 931 5734 2228 5525 4166 5835 3490 3574 2832 3752 2911 2482 5533 5873 900 4431 2405 3652 3802 3094 2591 384 4732 2401 3383 3405 5652 1714 4341 4968 4210 3564 4556 613 4005 2623 4004 1440 746 1151 1977 5086 3180 2085 1427 664 3943 3016 2378 5083 765 5145 3580 5068 4501 1480 1073 1413 3784 5505 1968 2668 788 2442 130 767 1979 3395 806 3113 1250 2583 1524 4115 4858 4155 3681 3039 5836 2902 5672 3359 4197 737 456 
125 384 248 388 512 382 512 94 4488 980 3557 3470 4038 3998 4116 5146 5294 5299 589 478 768 5463 5208 5748 4324 3996 2662 4119 750 3130 5051 4229 4323 1481 685 158 4523 4658 4757 3150 4347 4919 3322 22 2689 1602 1126 1965 5597 2618 5605 5477 5211 179 3916 4458 5227 1827 3261 3935 5415 4725 753 2625 325 1941 1920 2301 1328 4631 1211 5969 4623 3878 503 705 4113 1703 3772 4670 5461 4348 2589 4227 944 966 1766 5469 3558 3332 2377 1086 1190 2741 1224 1931 4074 2963 5369 3936 5150 171 
126 384 382 256 512 512 386 94 1315 1217 1505 5479 3581 3578 5705 3675 3488 259 3253 2134 5960 1557 263 3741 4557 2233 707 4629 4407 3182 5277 3585 4222 3765 1138 5067 5491 3660 1474 4215 2553 5129 4158 5303 245 5428 1643 5052 5166 1028 5742 545 1034 560 104 2799 5283 4494 178 1701 1414 3884 145 2563 10 5553 1515 188 5396 967 5688 3657 3623 4559 4806 3251 5853 2225 2333 186 5776 963 695 1127 4369 4721 1753 1579 3365 394 1448 5016 2966 3625 4376 3069 4315 4827 2222 3244 1372 5071 
127 384 382 386 512 512 512 94 2798 1565 4551 2229 3463 5399 3301 3563 475 4777 786 5639 4738 1235 2020 2090 4867 5005 862 579 1832 4787 936 3539 3331 3638 971 584 2424 5542 4538 3860 5999 3678 5116 1117 2533 1887 4353 1301 5728 1084 4344 1348 3111 822 1805 1586 3994 3790 2110 5727 5550 5928 5347 1160 729 0 1492 5301 1785 1764 1018 2702 1293 3112 1065 1184 1247 1100 2967 455 3281 1331 5614 464 4076 1458 499 621 5543 3517 4995 4165 4007 2732 4563 3357 1424 1156 872 491 1843 5610 
