256
256 0 0 0 0 0 0 128 124 263 272 244 265 31 1936 5266 7384 2851 6016 7143 661 4899 477 1365 2766 4843 3864 6525 7997 7162 5587 1741 3361 5388 1099 2852 6340 585 5433 7355 1105 6217 1720 454 3644 
257 0 124 0 0 0 0 128 260 263 272 244 265 31 4111 6027 2485 1744 1177 1005 6636 5927 4476 3771 1304 7793 2900 5915 6330 2176 6715 7025 5256 2767 1980 126 1996 1107 2135 7179 7387 2084 1152 5361 444 
258 128 0 0 0 0 0 254 132 263 272 244 265 31 4467 7775 2434 615 1098 2779 7778 135 2657 2964 2610 3398 2618 5277 4931 7803 7651 3502 451 869 6854 548 1850 198 5465 7080 6469 6589 3933 634 6950 
259 128 132 0 0 0 0 254 260 263 272 244 265 32 2052 1977 6403 5734 7800 5803 1314 6244 1355 5709 967 7949 2040 2374 105 6597 6052 665 5555 3419 460 3319 5986 5650 982 880 702 4249 246 1080 4643 1479 
260 0 0 0 0 0 265 129 164 263 272 244 512 31 1754 1031 4239 2017 4400 3703 7893 5436 4566 3 6872 3409 3594 4543 231 7978 6349 7913 1552 2591 505 6605 1324 1998 1947 4910 4925 592 3442 5719 7750 
261 0 164 0 0 0 265 129 260 263 272 244 512 31 1986 6917 4898 3765 3618 7552 2228 4961 726 6686 1844 6141 406 1340 6391 2562 5475 2530 1617 3903 3021 517 4369 2100 6172 1403 2994 3354 5843 3940 5661 
262 129 0 0 0 0 265 254 108 263 272 244 512 31 1485 1164 436 3996 4128 1426 3143 2184 6962 2269 3324 7601 1088 324 5058 4680 7269 2109 5151 7310 4077 5748 7112 350 2833 7436 2086 6933 4091 3038 1595 
263 129 108 0 0 0 265 254 260 263 272 244 512 32 376 6212 2148 603 3032 5131 4188 7977 6822 5283 7912 3154 238 3529 1603 7122 6484 6741 6588 1171 5414 579 21 2719 1950 5609 4901 7067 5752 2728 5499 1234 
264 0 0 0 0 244 0 129 113 263 272 512 264 31 2180 3794 4871 7657 5022 3177 1941 3366 4655 2586 4062 4996 3950 2877 5298 5129 6761 2990 1615 7911 267 7486 4331 4039 1621 4262 4088 1108 7700 3583 7133 
265 0 113 0 0 244 0 129 260 263 272 512 264 31 3016 2776 4474 4955 6716 4216 2022 4155 4038 7149 1556 4447 6064 3900 5736 2835 2330 7381 4024 7099 6703 2346 861 4795 3077 5172 4702 1487 5977 5540 3854 
266 129 0 0 0 244 0 254 107 263 272 512 264 31 5791 212 1246 326 5665 2745 2465 5537 1433 2786 3262 752 4804 1703 5831 2314 5594 5130 2245 1553 981 1687 1402 1070 7357 3955 5923 2202 4185 3784 1651 
267 129 107 0 0 244 0 254 260 263 272 512 264 32 7802 1062 2328 7009 3269 6561 6090 7573 4311 6710 7303 1993 3967 5604 4404 3980 5181 795 6861 1561 7386 3499 5066 1765 7315 899 6503 6674 3295 5838 587 5906 
268 0 0 0 0 244 264 115 145 263 272 512 512 31 6104 6082 7952 3937 7131 5730 239 7157 3356 20 5002 2684 2590 4105 1540 5014 1689 2094 5076 926 6050 1915 349 2882 1845 2244 7506 5765 7287 7168 2704 
269 0 145 0 0 244 264 115 260 263 272 512 512 31 5045 3090 2927 254 6001 5766 22 7045 7939 1405 1677 2960 1544 5746 1769 5472 3841 5271 2612 6993 6982 3914 1116 3026 6474 531 3343 4483 6280 5668 7906 
270 115 0 0 0 244 264 254 141 263 272 512 512 31 5071 4025 2698 5975 4328 205 3251 6043 3137 5777 6948 7345 4373 4044 6974 3120 5739 1912 3370 4950 7430 4667 2344 3883 2635 3082 5482 4537 983 5409 3323 
271 115 141 0 0 244 264 254 260 263 272 512 512 32 5137 1793 6910 7981 3085 4767 7696 1938 739 6166 7921 6881 2217 149 4449 6806 362 1824 3870 6816 3067 7676 3920 3817 2006 1315 1369 5717 6592 500 3338 6079 
272 0 0 0 272 0 0 129 144 263 512 235 266 31 5743 1578 5585 3729 7829 941 3812 927 4023 7713 5954 146 9 7091 4618 5368 3932 5870 7358 968 3247 6008 4362 7113 6600 1826 1847 137 6443 1430 4805 
273 0 144 0 272 0 0 129 260 263 512 235 266 31 1319 5063 2003 1920 4011 6419 5944 2484 7294 832 220 3036 6735 5210 4600 6540 5935 5982 2509 6694 5726 2288 2772 3488 6386 7967 6858 3540 5999 7878 6563 
274 129 0 0 272 0 0 254 134 263 512 235 266 31 5162 3972 6773 1566 6130 7441 2309 2171 7587 42 3989 368 3721 619 3930 810 5364 4642 387 6659 5607 4821 7110 6987 1791 7946 3588 2892 6924 7333 1674 
275 129 134 0 272 0 0 254 260 263 512 235 266 32 4754 3789 6357 5547 6341 6232 7950 6860 1817 5769 6 5213 4228 1652 4148 2659 5229 4365 3014 3121 6566 226 4418 2695 7212 4549 5184 4648 431 5669 3593 2855 
276 0 0 0 272 0 266 121 130 263 512 235 512 31 7493 6251 5212 5138 1887 5689 2234 2000 2112 4143 6556 421 6632 4525 2884 7217 3364 3966 1756 2831 3429 4028 1362 6190 3215 99 2694 232 966 3141 5662 
277 0 130 0 272 0 266 121 260 263 512 235 512 31 2110 2159 2881 1622 838 7501 3347 6367 5524 745 6912 1951 6437 627 5157 5320 4747 1860 5695 4016 938 5556 1905 3327 5357 2860 4021 5036 7577 1593 656 
278 121 0 0 272 0 266 254 123 263 512 235 512 31 6309 2376 3928 1858 2913 4714 3144 1178 103 6488 7148 6381 1926 2008 2114 7125 3702 256 1034 6071 913 5823 4705 5399 7518 7050 2195 6461 4385 6685 4531 
279 121 123 0 272 0 266 254 260 263 512 235 512 32 3770 5642 2431 4904 6208 3015 3951 3614 991 1974 244 3386 5030 867 7017 1398 4017 6100 5416 2923 6225 1444 61 937 4661 1527 1469 3309 759 7167 1573 3956 
280 0 0 0 272 235 0 124 126 263 512 512 245 31 7708 6121 2944 150 7706 2225 589 2563 2778 7917 6486 6934 4502 3039 4681 5660 5334 7934 5500 4270 2873 4557 2673 206 7596 2102 2170 5636 6946 3069 57 
281 0 126 0 272 235 0 124 260 263 512 512 245 31 6416 54 5794 7165 1127 7433 7153 501 7083 6635 547 7404 2308 7895 7446 1907 7226 969 6373 5871 208 4861 7316 6295 2315 2644 4168 4507 7832 1963 3424 
282 124 0 0 272 235 0 254 108 263 512 512 245 31 6608 2569 4976 4916 594 1569 7412 2494 784 3109 2957 2663 7454 59 1857 5438 3057 4818 6051 3457 2988 4798 1962 4518 4757 2221 2272 3604 2056 67 1417 
283 124 108 0 272 235 0 254 260 263 512 512 245 32 5762 4414 6764 7431 695 402 1132 2034 6376 2098 7581 3988 3211 7383 785 3497 1929 495 4802 3691 7844 6839 1422 7554 7675 5495 1305 2841 7251 7035 7571 1463 
284 0 0 0 272 235 245 130 153 263 512 512 512 31 270 7210 200 309 3971 3998 3353 1173 1343 6640 6119 5716 6153 6371 6885 6336 5978 2209 7111 6900 7318 5908 5960 472 3493 4831 5046 6270 1170 3518 7760 
285 0 153 0 272 235 245 130 260 263 512 512 512 31 3087 3009 2091 6137 4829 4452 1987 6327 3968 7643 369 4538 929 2740 4595 7693 5303 5997 3893 1837 7328 5407 1163 4887 1891 560 2839 5788 5167 3611 4022 
286 130 0 0 272 235 245 254 124 263 512 512 512 31 1662 6000 540 3119 1728 4943 1691 7342 5450 4733 1425 358 6586 485 4468 1502 2419 2350 6144 1020 2453 4084 5626 5599 5385 3150 3159 6619 7059 7945 2637 
287 130 124 0 272 235 245 254 260 263 512 512 512 32 1838 2460 1197 7592 7373 814 1247 3458 3866 722 7738 951 2876 447 7437 4302 51 3293 7564 508 1819 6977 6531 3448 7678 3798 2535 4274 1219 2451 5201 6117 
288 0 0 263 0 0 0 148 109 512 249 242 248 31 6645 4376 4830 4774 1811 199 4834 5031 2440 1220 7888 6221 223 3385 7325 7334 5810 6596 6960 3012 2265 56 3743 4499 5663 6011 6873 3869 3422 5576 1653 
289 0 109 263 0 0 0 148 260 512 249 242 248 31 5275 7219 3355 2546 6807 895 7022 550 4147 112 4204 5687 1972 2492 5684 5516 6766 4186 1584 6889 7090 4040 3800 366 734 6874 2753 507 1800 2127 1385 
290 148 0 263 0 0 0 254 144 512 249 242 248 31 7241 7447 4323 3292 4378 4377 7008 6115 6699 7477 6171 6795 3220 1237 233 7857 4989 1030 6398 3482 2820 5281 7023 3708 2 2427 3146 6539 450 6255 2519 
291 148 144 263 0 0 0 254 260 512 249 242 248 32 4405 4322 1676 7349 7852 4941 5119 4481 5163 3258 6855 214 6146 5680 261 6666 6738 6783 6767 488 2139 3465 1671 2045 7119 7262 4412 5223 1162 2430 7107 7677 
292 0 0 263 0 0 248 109 110 512 249 242 512 31 6359 973 401 1416 7567 5448 4060 1249 3826 5656 1904 2930 3807 3654 5861 4372 6887 3853 3509 2550 6333 410 3066 3647 1018 3659 6400 1771 6084 7516 4099 
293 0 110 263 0 0 248 109 260 512 249 242 512 31 5149 5957 6976 4823 3346 7010 4572 4493 3317 2121 2253 815 4454 6824 2255 1205 2267 1455 6598 6894 7947 1731 4381 7951 5074 4817 5490 5938 5102 3062 6584 
294 109 0 263 0 0 248 254 141 512 249 242 512 31 7361 4252 6383 1805 7918 6582 5962 4265 588 2444 1894 5216 3621 1694 1679 7796 6378 3532 3342 760 6326 1048 2792 40 537 6672 2834 4235 4847 3923 7007 
295 109 141 263 0 0 248 254 260 512 249 242 512 32 6829 5888 7611 6959 5306 3435 2718 5220 7987 1618 6487 7688 3463 7598 729 5241 6372 4236 5508 3441 1021 1781 7720 922 4811 4224 2667 7812 1543 7768 1029 3851 
296 0 0 263 0 242 0 118 131 512 249 512 280 31 1501 6702 2165 6843 1515 1848 3597 7948 4097 6253 697 5898 10 5384 7087 2613 5337 1563 452 4177 5362 1853 1633 3302 3566 1036 3777 1531 3581 5041 6968 
297 0 131 263 0 242 0 118 260 512 249 512 280 31 871 6500 3374 6750 5804 747 3073 4374 4266 663 3648 404 3477 3616 2068 5880 2854 1071 6156 727 7147 6432 1762 7173 4796 7128 7138 617 2614 3839 6560 
298 118 0 263 0 242 0 254 143 512 249 512 280 31 7488 7247 4162 1124 5346 4749 139 554 4118 2385 3168 4421 2748 4258 3359 1186 4026 7040 7929 5350 3760 7435 6128 776 4279 1966 5410 6533 3505 2522 2054 
299 118 143 263 0 242 0 254 260 512 249 512 280 32 995 4395 7792 2681 2030 1598 2624 7214 878 5087 7368 3635 1726 4260 2327 7763 3890 3766 6711 3700 3576 1914 6938 7482 4664 2066 5866 4134 5833 1875 6413 800 
300 0 0 263 0 242 280 145 108 512 249 512 512 31 3901 6595 2053 961 4951 806 7649 5147 1241 7335 6796 4790 7636 3633 3891 4251 3711 2652 5952 4457 546 5485 5539 2762 3102 486 3514 1224 5282 2096 6362 
301 0 108 263 0 242 280 145 260 512 249 512 512 31 4356 6214 4651 1172 5713 3349 4382 7772 7298 7467 2910 6065 6825 5026 5825 2141 7526 2404 6290 659 4984 3810 5052 5326 4570 4291 5232 7759 4343 3582 1250 
302 145 0 263 0 242 280 254 107 512 249 512 512 31 2361 1464 7076 5821 7527 872 84 5434 3275 7041 2097 1275 7304 3874 5188 4393 2842 1495 5272 1799 7935 3427 2504 7313 7246 3093 4985 5574 3526 4865 2730 
303 145 107 263 0 242 280 254 260 512 249 512 512 32 7640 6457 6970 3216 5727 7702 3253 351 3484 3282 6350 4419 4030 6211 6771 2592 7647 2521 6200 4928 3896 5393 2226 6305 4229 5958 312 4388 4841 6269 4264 796 
304 0 0 263 249 0 0 107 119 512 512 240 241 31 3682 706 5279 1525 4334 1768 3333 4584 1292 7925 4556 6029 2853 2803 5443 6258 4748 3408 7118 3170 5566 7405 6501 915 4498 2626 6748 6763 7608 5024 3733 
305 0 119 263 249 0 0 107 260 512 512 240 241 31 1881 3697 7258 4263 329 1389 3416 5897 683 4113 7628 2459 2555 5666 4571 4700 5924 2168 6291 1991 866 249 7419 2571 6436 3265 3011 1211 5963 935 4970 
306 107 0 263 249 0 0 254 118 512 512 240 241 31 3790 7743 1445 570 6568 3774 171 7280 5053 6558 2967 3983 2238 1388 4156 1200 7129 4529 79 7181 4562 5061 4999 1713 5702 3994 3780 701 6708 6542 2142 
307 107 118 263 249 0 0 254 260 512 512 240 241 32 7991 5859 5633 1225 4669 4869 4433 5582 4366 3507 3821 6347 2050 5441 7343 6913 3205 3189 7711 2581 4553 4658 4505 6194 1825 6606 3094 7312 6769 7609 6643 6107 
308 0 0 263 249 0 241 137 141 512 512 240 512 31 283 959 5371 7184 1599 7585 2031 1667 5751 7263 5270 3459 6298 4059 4913 7195 5641 5801 1779 5691 158 3630 1383 7525 5494 1835 511 1761 296 6123 7301 
309 0 141 263 249 0 241 137 260 512 512 240 512 31 1606 2276 620 3138 7089 3622 4213 4289 6784 6073 5050 5527 3495 6389 4199 2457 5820 6691 5504 6034 6648 723 2662 6163 3788 1877 7653 4668 2813 2448 2630 
310 137 0 263 249 0 241 254 111 512 512 240 512 31 2671 3192 7445 2173 5531 109 5775 7807 2727 3010 2752 4450 4852 4809 7723 4501 1189 5638 5468 1828 7817 940 2305 5554 2518 2206 6054 1297 4791 1637 5049 
311 137 111 263 249 0 241 254 260 512 512 240 512 32 3300 7846 7637 6456 3627 3025 328 3104 7254 3538 7818 1290 2012 778 2539 618 4524 4132 7825 4896 6106 1557 1006 4853 672 2722 1137 5400 7879 5203 7016 6680 
312 0 0 263 249 240 0 125 119 512 512 512 265 31 224 3573 5175 6618 4391 2299 3426 7538 7102 1739 6574 4929 2920 3877 405 6986 4217 3728 4610 5864 6250 3190 422 5545 5243 2095 3824 7215 4707 6918 3935 
313 0 119 263 249 240 0 125 260 512 512 512 265 31 3941 5365 3535 7960 2987 2973 6518 6879 165 1795 4713 7834 5763 185 1587 5932 731 1087 6587 6633 5398 3632 1242 144 4122 3764 5417 3719 607 7228 7164 
314 125 0 263 249 240 0 254 134 512 512 512 265 31 779 5343 2182 911 7234 6853 4231 7808 2938 5544 5234 6045 6393 5914 6003 2906 4029 7472 724 6921 1101 2055 4298 5553 4797 6508 5214 399 2286 7558 6132 
315 125 134 263 249 240 0 254 260 512 512 512 265 32 7362 5107 7789 6302 3469 5222 1604 5060 5879 3132 1366 1266 3186 6553 353 151 1719 181 6496 4773 2414 7851 7903 4895 1191 7079 756 6578 161 3019 1570 4833 
316 0 0 263 249 240 265 133 147 512 512 512 512 31 3162 4630 1628 3095 426 2436 396 5733 3938 1668 6951 3357 3779 6732 974 1918 7622 4288 5541 5391 6494 5905 1161 2290 5104 789 2942 7597 2442 7150 1141 
317 0 147 263 249 240 265 133 260 512 512 512 512 31 2948 4856 6224 6405 415 5770 1209 3388 6179 5380 3140 6242 4708 5868 572 6120 6571 5646 891 391 1261 6049 7962 4245 5155 7764 6061 6239 640 3486 6483 
318 133 0 263 249 240 265 254 119 512 512 512 512 31 5760 1767 3653 1477 3209 5625 6256 2360 5849 1518 5988 5510 3520 3489 2651 2423 2975 5180 2101 2977 3975 3219 6831 764 7227 2845 498 5124 3490 916 2157 
319 133 119 263 249 240 265 254 260 512 512 512 512 32 6973 2991 611 6726 817 1190 5454 6485 174 4054 7422 274 4512 3642 3776 2686 5624 1820 1180 7782 6430 6637 1784 3115 2081 1750 1350 7617 610 7351 1150 1128 
320 0 260 0 0 0 0 125 397 246 260 262 248 31 5699 2093 5950 3196 1054 3718 1939 1302 1732 2542 5782 5480 1970 4541 6570 4496 4124 217 6077 2891 4201 3992 749 471 3781 1368 5592 1168 3318 744 5164 
321 0 397 0 0 0 0 125 512 246 260 262 248 31 4142 2474 5156 7466 3985 153 2711 5244 5070 7815 6701 5925 2230 7289 2029 6684 719 1335 5826 2199 909 7659 4652 552 1626 5570 4742 4367 3439 3873 2921 
322 125 260 0 0 0 0 254 379 246 260 262 248 31 7517 5224 4456 5968 6267 3052 6868 6028 1709 7037 7307 373 6835 3401 4839 4859 3953 6580 3714 2896 2334 5671 3007 4919 7540 7864 3443 3550 4957 340 6746 
323 125 379 0 0 0 0 254 512 246 260 262 248 32 604 4979 6035 2950 7631 643 3476 4982 6671 7828 3264 1291 7360 4145 6842 5563 7556 4689 799 803 3806 6752 689 440 4202 3230 3245 6945 250 4629 7192 6345 
324 0 260 0 0 0 248 137 403 246 260 262 512 31 1221 6262 2578 3944 934 6882 3335 7002 5827 6947 3749 298 5690 3063 310 6440 2425 6791 6706 222 2764 5686 852 2477 5802 4194 5211 1065 1490 5583 978 
325 0 403 0 0 0 248 137 512 246 260 262 512 31 7529 4063 6590 6481 2897 4563 1613 211 6898 5392 4550 1245 6318 6823 237 4296 4627 2567 1852 4129 804 2416 4301 3437 4523 6777 5936 1612 3101 5402 2999 
326 137 260 0 0 0 248 254 377 246 260 262 512 31 2848 2123 4333 4101 2281 1969 7512 7105 6368 1685 1429 6707 1204 4119 2061 215 1263 6101 5423 3195 2811 2683 3546 1467 4013 912 3003 2185 4885 5992 4190 
327 137 377 0 0 0 248 254 512 246 260 262 512 32 5759 5652 1227 3639 1605 3405 2869 1140 4639 2587 7544 1935 1786 828 1663 119 7382 4218 3288 1289 3234 6414 6631 821 5239 6382 2227 3330 77 2702 2257 971 
328 0 260 0 0 262 0 123 374 246 260 512 255 31 7814 6931 5883 6725 2682 2649 3250 6162 4732 257 6240 6412 1896 2997 6143 7662 5395 4659 265 3464 7457 2263 7291 2602 3842 5339 5200 4867 264 5679 4759 
329 0 374 0 0 262 0 123 512 246 260 512 255 31 5710 2734 1090 7656 577 4972 7672 6983 1528 6426 1136 2311 6901 932 1009 122 580 6607 4309 3756 543 2865 854 123 5491 4464 1258 2020 7685 6803 5768 
330 123 260 0 0 262 0 254 369 246 260 512 255 31 761 4318 1640 7515 3716 7861 1548 31 5489 16 7681 3868 4335 6257 6175 2083 7428 1560 3657 5674 2575 7432 6477 6458 3202 7870 7186 7274 386 7327 5987 
331 123 369 0 0 262 0 254 512 246 260 512 255 32 6541 4966 1655 6091 4043 902 651 7468 2117 6747 3237 7756 5750 7066 7027 6009 499 6343 992 6667 4736 667 4103 4808 4995 2840 1619 4893 1931 2445 4314 2707 
332 0 260 0 0 262 255 125 423 246 260 512 512 31 1656 3987 2051 5603 5918 3814 3072 1683 4141 1782 2557 5231 4780 1312 7385 1923 480 2377 5505 1420 7054 5781 5707 4907 3701 177 6201 7588 2965 448 5290 
333 0 423 0 0 262 255 125 512 246 260 512 512 31 2002 1367 6472 2395 7081 605 4535 4709 1884 5951 1181 7060 563 4737 7369 6210 325 2690 2422 1772 1269 3397 3963 7182 7187 5221 7415 6569 638 5645 3848 
334 125 260 0 0 262 255 254 403 246 260 512 512 31 2011 5143 700 5845 6323 960 3704 3391 6086 6409 3273 963 6794 6975 1118 825 2735 4526 7594 2458 3679 1317 1707 6517 275 730 3310 3674 2807 6023 6832 
335 125 403 0 0 262 255 254 512 246 260 512 512 32 1351 2476 7731 5846 2296 3454 6624 7965 4671 5091 7142 2502 445 4728 2915 7497 6355 6205 5855 4390 2816 63 1353 6058 449 5088 4775 4182 6718 4210 5204 2482 
336 0 260 0 260 0 0 130 396 246 512 253 293 31 3053 7352 5254 4915 7639 3470 3180 1358 1882 304 2426 2243 2009 3527 1066 2525 6690 1259 3562 5378 612 5688 7161 2062 4444 4174 4100 5073 1873 3997 6629 
337 0 396 0 260 0 0 130 512 246 512 253 293 31 5018 1159 4173 317 3118 2279 434 7498 2063 1142 2696 5258 987 87 2672 5875 6434 7787 4146 6285 4389 642 3876 3592 1460 3403 6990 4826 2691 3071 4379 
338 130 260 0 260 0 0 254 372 246 512 253 293 31 4347 147 7453 7781 6425 2074 1869 7032 4965 7028 4136 6801 1283 4096 6243 629 4953 1049 6851 2868 777 4348 7450 5631 2765 2645 2313 4760 4890 2498 1650 
339 130 372 0 260 0 0 254 512 246 512 253 293 32 4776 2349 5353 1285 2125 4005 6401 4064 882 5383 786 3820 7880 4458 2796 1623 288 946 2277 5132 1510 3191 7338 716 6886 4912 5886 173 2248 4665 829 2134 
340 0 260 0 260 0 293 135 367 246 512 253 512 31 1050 5658 2204 5865 2005 5154 2089 3420 1764 5507 6817 91 571 1834 6612 7261 5920 7897 5876 2556 7250 7065 5610 3539 4614 5011 2670 1638 2042 7140 949 
341 0 367 0 260 0 293 135 512 246 512 253 512 31 1742 2932 7570 3394 4032 4406 664 1757 6925 5280 3665 6397 356 3730 2325 751 202 4434 6105 6098 5463 5832 4324 2940 5133 5296 3181 3619 2978 1483 3271 
342 135 260 0 260 0 293 254 410 246 512 253 512 31 4815 4003 3658 5693 7641 5564 1807 3918 850 5867 5165 7344 5934 7739 4574 497 6282 5035 4768 5856 4484 2507 1967 1202 4837 5928 2746 1763 1079 439 1008 
343 135 410 0 260 0 293 254 512 246 512 253 512 32 7605 4295 2650 7031 5579 7998 5552 3838 741 3783 4922 6774 1585 5421 3897 2410 1702 1185 6379 1932 7746 7930 6193 888 7767 1508 6788 2773 5028 1017 1639 5135 
344 0 260 0 260 253 0 133 356 246 512 512 244 31 4716 7255 178 6289 419 5004 4626 4906 2223 7392 3830 4290 6083 6039 3585 1195 2388 3421 2998 2692 348 986 269 4241 7533 4261 308 7068 6467 1529 5408 
345 0 356 0 260 253 0 133 512 246 512 512 244 31 3043 6688 4098 5 1441 5601 5095 6979 6185 6916 4816 6837 1522 2551 159 4599 2757 1400 5435 5374 1083 4534 2952 4209 5352 6649 3977 6196 286 748 7418 
346 133 260 0 260 253 0 254 396 246 512 512 244 31 5007 5260 2992 3894 4066 4342 2622 7061 2725 1684 6328 6354 5854 6332 5109 2503 7710 7049 6042 679 4092 5605 3307 2175 6004 6515 7773 4008 7278 2342 3000 
347 133 396 0 260 253 0 254 512 246 512 512 244 32 2867 4647 1636 4638 2489 2716 4631 6827 5299 3673 303 6394 4071 2844 1431 7623 1075 4206 6520 7915 1092 6005 874 2189 3655 4992 6125 3491 3024 631 1616 1670 
348 0 260 0 260 253 244 129 380 246 512 512 512 31 5523 4558 6169 5863 5722 1094 6922 1432 4163 5589 7069 7452 6275 3316 2574 7070 6103 284 2607 5754 2642 7473 1688 5511 616 7922 4842 4672 6322 4219 3978 
349 0 380 0 260 253 244 129 512 246 512 512 512 31 1533 905 418 5086 5064 4001 456 106 2870 6610 930 4432 3481 338 3029 6712 1125 885 5199 4286 7159 7863 4325 3278 5839 4662 4305 2857 235 6603 6279 
350 129 260 0 260 253 244 254 384 246 512 512 512 31 4051 6450 1788 1330 225 6492 7417 5099 2131 6513 2929 5675 2789 1447 2812 2322 247 2264 2399 1588 551 7726 7972 7098 3472 4171 4455 2357 3736 4857 2627 
351 129 384 0 260 253 244 254 512 246 512 512 512 32 2925 7073 510 6704 2104 3561 2514 3445 7791 2829 3231 7621 1780 7654 1267 2918 6024 6287 4827 6337 1407 996 586 3519 1060 4337 528 6804 5301 4072 2947 3598 
352 0 260 246 0 0 0 126 363 512 254 249 266 31 5773 6884 2162 1097 2709 3451 1504 5812 6514 6840 0 1214 1917 3542 1166 2523 6223 7521 2912 4442 4056 5021 5696 1229 2183 1012 3871 6655 4586 481 7531 
353 0 363 246 0 0 0 126 512 512 254 249 266 31 6548 4248 5892 4649 4047 2600 1063 7574 3287 4530 474 6109 1775 677 5643 754 299 3787 5404 6183 1906 7779 4666 7563 2823 1183 5824 1816 7101 7729 463 
354 126 260 246 0 0 0 254 383 512 254 249 266 31 6110 2491 2151 2421 2937 7990 743 5776 3555 292 2158 4439 7620 5753 3684 896 7584 4942 516 5667 3444 2035 5724 3845 1158 2163 6939 5476 5033 2625 3589 
355 126 383 246 0 0 0 254 512 512 254 249 266 32 4585 6021 1307 3549 4361 7578 4657 140 3334 437 4554 1193 2191 6093 6800 6454 3690 6334 2874 4576 102 1953 2390 7890 1328 5293 6870 5557 7684 2818 7200 5526 
356 0 260 246 0 0 266 111 389 512 254 249 512 31 1589 4312 614 6088 2329 7440 975 4678 6660 7668 7420 3939 4282 919 3494 5797 5117 1716 3922 4448 4109 5325 6184 6366 4634 3217 6026 3078 7847 6836 5345 
357 0 389 246 0 0 266 111 512 512 254 249 512 31 4862 3417 5620 2982 7220 5207 7827 116 7390 669 2526 6069 1028 2777 3475 4329 5089 2411 5657 5190 2911 1 4793 2895 5623 703 5584 1027 5304 6012 2472 
358 111 260 246 0 0 266 254 377 512 254 249 512 31 3948 3650 908 3436 3239 1943 5338 3533 2984 1473 279 5126 4422 4528 5023 6815 5470 7920 476 4883 1871 3600 2979 7569 2538 4189 1387 464 3761 1594 1798 
359 111 377 246 0 0 266 254 512 512 254 249 512 32 4519 5134 7551 4114 6943 293 623 5937 4761 4431 1999 3337 6149 6231 6627 6775 6329 2203 6866 4762 7075 1783 6864 6173 3579 3117 6984 7988 6544 7900 684 4968 
360 0 260 246 0 249 0 106 371 512 254 512 255 31 1794 4227 6396 1338 5578 1759 3238 5532 6346 5251 1520 2129 75 691 7742 5295 2726 6297 6902 6338 6621 4730 6728 1521 1879 5616 2172 1925 5110 5141 7082 
361 0 371 246 0 249 0 106 512 512 254 512 255 31 4624 2916 2961 3687 948 892 4167 567 7137 3751 3336 1156 1581 3068 6170 5268 5248 1792 6133 5894 6013 4731 746 3399 7547 7281 2809 2552 7748 72 4510 
362 106 260 246 0 249 0 254 362 512 254 512 255 31 7666 4152 2075 1614 6380 4832 183 1708 5245 4272 962 5098 2438 1264 4426 7248 1199 4892 5363 6254 3515 1823 2558 1047 1293 3326 143 4276 3313 6188 997 
363 106 362 246 0 249 0 254 512 512 254 512 255 32 5451 3297 1494 4169 2802 2049 7532 6284 4048 78 4788 4725 985 4278 5449 7786 4726 7843 7919 7244 7712 2488 7634 6818 5956 1751 245 6530 6765 581 1154 7822 
364 0 260 246 0 249 255 123 402 512 254 512 512 31 4959 5955 5882 1196 879 5227 2433 2559 2405 7777 2966 768 6108 3511 2534 7714 7277 1037 4506 2496 3020 7314 3636 4214 4848 5197 6294 1537 1749 3917 4877 
365 0 402 246 0 249 255 123 512 512 254 512 512 31 4517 7399 5372 7511 2814 2699 5389 4938 1217 3105 4203 5259 1723 1643 590 6356 3738 7530 1984 1210 5891 5738 2878 3912 5069 3512 1061 3610 3906 7242 6903 
366 123 260 246 0 249 255 254 392 512 254 512 512 31 3767 2508 3949 3257 285 1041 2800 4947 66 2480 1386 5302 7648 5729 1076 1144 3934 2455 4612 676 783 2036 3860 7201 2926 297 4723 3198 5756 7794 994 
367 123 392 246 0 249 255 254 512 512 254 512 512 32 6237 7887 5424 824 6445 6395 7348 4969 7703 1572 6677 2278 5432 921 470 4244 3797 3670 1316 5415 5324 2863 184 4693 5377 1192 5701 3050 5588 4466 4191 1410 
368 0 260 246 254 0 0 107 387 512 512 238 252 31 1524 6072 4873 2701 5565 5218 3453 7222 2588 4921 4772 2689 496 5542 2666 5993 807 2024 5877 5597 2316 2306 4619 7056 3428 5869 933 7971 3862 5152 4387 
369 0 387 246 254 0 0 107 512 512 512 238 252 31 3954 7449 281 4487 6785 6140 7018 7618 2019 6526 2825 3745 2033 2415 4491 2939 4891 6468 5010 2424 771 3744 4846 5819 6126 3103 4987 6387 2294 5322 6992 
370 107 260 246 254 0 0 254 363 512 512 238 252 31 7582 4436 5747 3383 6644 1281 6076 6245 5635 339 4095 3226 2583 2370 5189 4583 1188 7324 2914 2478 6904 2239 277 5757 4015 3263 6324 3829 2335 2428 5496 
371 107 363 246 254 0 0 254 512 512 512 238 252 32 698 172 5447 1299 7671 194 2949 5989 5741 7319 1461 4536 3395 7859 3865 3261 2146 4719 1994 3961 1421 3827 1789 3212 1664 4653 4425 4945 4711 424 55 561 
372 0 260 246 254 0 252 103 383 512 512 238 512 31 4946 1169 5148 7071 3844 7134 1182 4676 6151 2564 7541 6228 5627 167 5837 2946 12 5900 6358 5247 6949 5425 2971 1102 7429 6705 2749 2190 7012 1600 3696 
373 0 383 246 254 0 252 103 512 512 512 238 512 31 4673 7395 3079 4292 4615 1056 7916 3013 2124 6809 5237 4086 3002 4007 390 1327 3990 1352 4410 4268 7379 371 1424 3331 7058 3695 4423 859 2153 2815 2321 
374 103 260 246 254 0 252 254 356 512 512 238 512 31 1596 3984 2270 1001 2890 512 6168 4429 435 5573 4717 2072 4034 7030 6097 7434 1787 7804 1535 1026 1546 1760 2337 3393 5572 242 5535 3857 6218 2268 1776 
375 103 356 246 254 0 252 254 512 512 512 238 512 32 6609 5309 7372 7633 5122 3675 2266 984 7011 219 7317 4055 2256 1046 591 6757 1808 4727 228 3601 1230 7728 5319 4825 7411 1111 2010 3569 221 6385 7268 1785 
376 0 260 246 254 238 0 116 377 512 512 512 262 31 7370 1550 3847 1649 7377 3284 4081 6164 5538 7894 3060 5933 2687 2714 5959 83 7063 5613 1277 5617 388 2187 1965 1577 4150 6124 5848 4135 4441 600 4180 
377 0 377 246 254 238 0 116 512 512 512 512 262 31 5397 86 2832 5473 2862 5697 4588 2301 3344 4359 576 367 7717 1174 7958 7144 4479 5043 6229 1818 1336 6408 6139 3620 7208 6888 4807 2655 1517 4819 4949 
378 116 260 246 254 238 0 254 370 512 512 512 262 31 3613 4593 3819 7885 1968 5430 1908 7765 3818 1539 5101 4876 3750 5520 7459 5376 6199 4923 1625 7439 920 5100 6692 3241 5488 3174 6493 901 635 1384 3414 
379 116 370 246 254 238 0 254 512 512 512 512 262 32 4243 1564 1084 3643 176 6014 7409 2754 6142 4956 7322 5774 7034 6779 2974 5818 7461 2516 48 3976 7145 7104 6549 865 1982 844 5125 234 5405 7539 4394 735 
380 0 260 246 254 238 262 102 387 512 512 512 512 31 5185 630 7499 3037 4053 4738 6411 259 2688 5799 3693 1143 2446 7064 5411 3207 2059 7096 2103 345 33 1208 907 5431 7451 7698 3328 3952 3148 993 2685 
381 0 387 246 254 238 262 102 512 512 512 512 512 31 6907 39 1475 2907 1058 606 3926 3098 2678 1476 5072 4380 7323 7470 755 5966 7264 2014 4149 4548 4353 2817 5562 3187 2352 7290 1930 4033 3432 7426 3974 
382 102 260 246 254 238 262 254 401 512 512 512 512 31 2513 7456 718 7580 7024 4954 7881 108 2986 4255 1669 3599 3468 4967 4753 2608 2319 6463 4939 4656 5497 5034 4514 2032 5895 4050 4552 7758 7810 473 3111 
383 102 401 246 254 238 262 254 512 512 512 512 512 32 3022 6031 5995 2252 2358 7172 5881 980 4920 2398 4488 836 6679 4010 1010 4401 341 5917 6717 2218 7211 4125 4144 1597 3210 7562 6611 4187 5464 3059 5369 6847 
384 254 0 0 0 0 0 377 143 246 253 241 251 31 5225 2366 6654 5481 4435 227 1562 5844 3134 5067 3430 4297 4850 5948 4503 6689 2880 3624 7271 6157 218 1233 1474 3772 7884 2801 3054 3803 3065 2136 2047 
385 254 143 0 0 0 0 377 257 246 253 241 251 31 7867 6952 7667 6929 6756 322 5051 5700 5708 5057 4259 2639 375 6669 4386 2490 1630 7394 148 289 1003 5264 1766 3201 455 4998 2312 6897 7576 7975 1232 
386 377 0 0 0 0 0 512 117 246 253 241 251 31 6062 7785 4960 7478 5456 1997 7754 5340 4844 7664 1711 682 5593 4902 657 3381 4184 1712 4087 1223 1693 6532 4172 5637 5115 6113 7985 2885 1803 5183 347 
387 377 117 0 0 0 0 512 257 246 253 241 251 32 400 562 3308 7508 3525 3122 5673 7575 7983 3455 4319 2435 5342 5318 2273 155 7088 6733 1379 2369 5420 2432 2242 4935 3404 1734 7602 2152 601 428 5930 7751 
388 254 0 0 0 0 251 382 104 246 253 241 512 31 519 129 4875 4257 4812 2130 5161 6896 4267 3993 5461 3431 7705 493 5145 2111 6550 6995 4247 5822 1371 6127 1113 7371 145 1937 3692 6745 5439 564 5973 
389 254 104 0 0 0 251 382 257 246 253 241 512 31 196 3254 6908 6964 3775 2343 3672 2229 668 681 4159 318 2553 65 5731 5912 3628 3151 6683 2160 2332 7909 5136 1257 674 7239 4504 3688 4640 2621 1323 
390 382 0 0 0 0 251 512 133 246 253 241 512 31 5732 3605 7374 1973 1364 1746 7855 1778 1334 7910 3294 1418 4307 6928 300 3368 7770 7831 7117 2302 2980 6159 1412 2646 6118 4909 4398 2118 3575 794 6007 
391 382 133 0 0 0 251 512 257 246 253 241 512 32 5893 4 1382 990 894 4740 2721 4685 3929 7253 4009 3946 6863 62 3411 1151 2827 5677 692 240 7528 5094 5379 4473 3312 2143 4889 2976 7819 2026 7823 4049 
392 254 0 0 0 241 0 375 118 246 253 512 223 31 7265 3471 1100 3097 6813 3320 7616 3554 7320 1489 1976 2441 7548 6656 1841 7191 4280 5344 4670 7389 1381 6739 7276 7029 6138 5075 230 886 7448 6452 3802 
393 254 118 0 0 241 0 375 257 246 253 512 223 31 5941 1743 2783 7236 4958 7722 553 7375 5841 1120 2520 5885 4411 6060 2493 772 7835 6475 5793 4338 737 2250 2210 998 4616 514 6989 6856 2200 6116 545 
394 375 0 0 0 241 0 512 132 246 253 512 223 31 2736 7964 3785 6567 1321 3286 7151 1148 4908 3339 3831 3089 6591 7139 2738 3724 6721 632 5961 5715 4579 4461 3193 4226 3274 5085 7999 3885 6209 1538 1948 
395 375 132 0 0 241 0 512 257 246 253 512 223 32 4710 115 2132 2664 7233 1565 6075 943 162 6751 2393 7695 5176 7860 1378 2573 2402 1602 2985 2371 478 5153 5469 910 2529 5964 1081 3034 6263 7413 4917 1571 
396 254 0 0 0 241 223 377 131 246 253 512 512 31 3669 5349 3304 3828 6154 3167 3667 2609 2505 5249 7638 4320 2067 395 7163 6768 956 3762 1758 3352 7260 2909 1095 826 4781 7560 389 2463 5744 2394 432 
397 254 131 0 0 241 223 377 257 246 253 512 512 31 1392 1004 363 5278 2409 3402 4396 3910 7180 3905 7279 4603 2219 4281 2617 3661 3943 5195 1721 5019 7033 5602 7941 1909 3791 5292 5396 6713 2548 1119 3568 
398 377 0 0 0 241 223 512 143 246 253 512 512 31 2798 4287 6074 4139 1889 5816 3379 7555 3360 319 45 5289 6353 4107 7229 1055 5160 5097 6538 7658 6808 1686 6306 6036 6944 1129 4140 4459 7734 2527 3382 
399 377 143 0 0 241 223 512 257 246 253 512 512 32 1903 1117 6507 1665 3580 6742 136 2943 7086 4729 6423 3487 7936 7496 2323 1218 721 1830 720 6581 3571 11 3415 7046 639 862 5634 1592 842 36 6697 7926 
400 254 0 0 253 0 0 403 121 246 512 253 282 31 5370 7514 5446 4254 1409 2108 900 7721 5902 1077 5513 3513 2261 5515 3957 7603 7340 5013 4469 654 1582 3835 1738 1509 3314 7077 5305 4515 2565 3373 3030 
401 254 121 0 253 0 0 403 257 246 512 253 282 31 7661 459 4918 6875 2280 3425 2222 5910 5648 818 3296 5529 2743 5596 3548 6770 1300 6848 2282 5911 549 1868 4880 1752 3909 3228 2212 6781 5723 6417 97 
402 403 0 0 253 0 0 512 123 246 512 253 282 31 2875 7993 5025 3727 7868 7365 5193 6439 7300 1661 5059 5913 4299 7347 2140 7931 7771 6447 6390 7869 5721 1774 2549 6565 1333 4696 5857 4878 7286 673 5457 
403 403 123 0 253 0 0 512 257 246 512 253 282 32 4052 1893 4494 847 5611 6470 5406 3709 4722 7769 3492 7013 6909 1644 3329 5591 1675 7744 5471 5896 3074 5694 1280 3233 6552 4598 5047 2935 1526 131 4350 2291 
404 254 0 0 253 0 282 384 128 246 512 253 512 31 1895 504 117 1301 3715 7464 280 3161 5455 7774 3958 6743 6259 782 7400 7232 1696 3962 7207 5228 2387 4864 1024 7719 6304 7166 6315 6041 3552 5466 6331 
405 254 128 0 253 0 282 384 257 246 512 253 512 31 7780 7821 4644 3754 2826 2791 6985 7052 7004 3534 4706 7475 4075 728 1773 2220 4326 2847 4368 4724 2771 4110 5796 1093 4181 7660 7561 3786 2680 3895 6723 
406 384 0 0 253 0 282 512 142 246 512 253 512 31 2382 4810 7237 7583 625 7838 678 4178 3340 1519 5037 5786 427 3631 5785 6734 182 5890 1843 95 809 6850 7645 6010 7275 1867 2437 305 3858 4222 1446 
407 384 142 0 253 0 282 512 257 246 512 253 512 32 4617 6615 2747 5375 6017 6087 7094 715 3222 4701 7103 2194 3498 7152 2904 7283 3305 1346 6865 3184 931 127 6206 4735 156 2338 5233 1276 1038 7749 142 2879 
408 254 0 0 253 253 0 397 139 246 512 512 268 31 6204 258 4230 2781 1399 4082 3123 710 7694 2945 5458 4478 4212 3182 1736 2620 6969 2560 3100 7809 6941 3270 2320 4888 3523 4316 7209 2893 1459 5226 999 
409 254 139 0 253 253 0 397 257 246 512 512 268 31 2888 3947 4198 4042 7273 5171 2122 7469 4674 4511 3666 3959 1511 1810 111 1646 4654 1790 3172 7378 3387 624 3204 6096 1112 4193 1806 6625 5543 4565 2413 
410 397 0 0 253 253 0 512 145 246 512 512 268 31 3880 6519 4375 6489 3474 2397 7994 7407 686 3031 397 4577 2641 5860 6422 6914 3017 4936 1496 6455 5728 827 1423 7761 420 3981 5517 2271 1268 7614 3303 
411 397 145 0 253 253 0 512 257 246 512 512 268 32 1924 5811 4822 6428 1408 5166 5285 1240 675 27 3299 7005 4315 3242 7813 1228 7891 6191 2724 955 302 188 6248 5198 494 2934 1611 6348 4521 5267 4628 7463 
412 254 0 0 253 253 268 382 119 246 512 512 512 31 7051 1248 2824 5359 1482 6222 466 331 4597 7341 5926 295 6431 2367 5606 6361 1015 3739 1971 4223 2310 2570 2744 6444 195 3748 3171 5755 374 6145 2145 
413 254 119 0 253 253 268 382 257 246 512 512 512 31 1072 685 7353 660 4304 4838 1855 2755 3737 1206 4179 4073 2345 290 6681 1921 3837 7194 1427 1851 6730 5664 3590 3461 4250 4897 1231 5173 3131 6094 5904 
414 382 0 0 253 253 268 512 148 246 512 512 512 31 3175 1032 539 3557 207 1718 6059 5649 1347 3698 7876 4269 2236 1632 1975 7218 7730 316 2750 3166 6491 3705 3516 6651 6719 5571 6158 5590 7243 1375 3911 
415 382 148 0 253 253 268 512 257 246 512 512 512 32 3506 1833 2924 6283 633 2665 1797 3565 2064 2850 3908 2917 6893 2541 5217 5887 5208 4471 7084 788 7097 2259 3899 4632 408 7308 2208 7093 3332 5348 3689 6498 
416 254 0 246 0 0 0 387 128 512 272 260 247 31 6002 5806 6628 3886 976 1044 2251 175 7865 3856 7565 3544 6215 5114 3717 4882 3969 7 1465 4031 4470 2658 4900 3188 4606 1298 1481 6404 3731 2133 7673 
417 254 128 246 0 0 0 387 257 512 272 260 247 31 28 191 1251 7904 733 4568 7502 7293 306 2636 526 7174 7670 5273 7160 3662 647 2120 5783 7507 4611 1279 7458 3136 3960 7115 1133 81 7600 3850 4076 
418 387 0 246 0 0 0 512 131 512 272 260 247 31 4756 342 4233 769 1493 4993 5090 3882 7408 2232 2788 1404 7969 7006 3392 2677 2070 3178 5503 7414 958 7203 3898 597 3522 4777 3396 5749 6384 5330 88 
419 387 131 246 0 0 0 512 257 512 272 260 247 32 482 433 3680 4300 7092 4462 3108 3080 6782 5994 5308 7966 14 2723 180 5550 4495 3664 2197 3214 3942 6219 3742 1737 3142 6682 4158 1448 6759 763 1492 7674 
420 254 0 246 0 0 247 374 119 512 272 260 512 31 3503 6981 6460 2775 4345 3371 6459 1450 7627 2631 5815 186 2584 5640 2804 4926 2540 7747 6081 7444 3139 7535 6114 7553 7120 5150 4430 4402 461 7078 2417 
421 254 119 246 0 0 247 374 257 512 272 260 512 31 5460 717 5437 5358 7116 1733 7724 7907 5983 1864 3927 3267 377 1313 3603 7249 3919 5113 1286 3564 1846 6192 3823 1601 490 5186 2297 2260 6585 5187 7136 
422 374 0 246 0 0 247 512 136 512 272 260 512 31 5528 4766 1019 4360 5452 96 4564 1207 583 5996 5287 74 6510 1390 4792 4739 2359 70 5874 7956 2368 6852 1690 3048 1265 1147 1672 1804 1812 2454 2675 
423 374 136 246 0 0 247 512 257 512 272 260 512 32 2931 7048 3651 7783 3213 3755 417 7845 465 7302 294 758 85 1311 1995 3577 446 7924 2703 4866 5711 6546 7038 7886 4397 953 6308 5939 694 2475 1344 4253 
424 254 0 246 0 260 0 390 123 512 272 512 245 31 41 6915 337 6923 7954 6828 6653 287 2188 392 7866 1870 7311 384 5316 4175 4285 7849 1122 4590 4569 1910 6377 1082 5261 7053 4014 2138 1610 3545 7519 
425 254 123 246 0 260 0 390 257 512 272 512 245 31 6174 5453 3099 2901 3236 5647 5310 243 816 7841 1271 7820 3889 3163 4750 4990 1647 2391 688 5428 1899 530 2919 4046 2300 216 282 1256 6614 4698 2858 
426 390 0 246 0 260 0 512 98 512 272 512 245 31 823 4814 2347 5779 7510 3107 4744 4679 6216 1213 5284 525 1574 2619 536 2632 6620 1722 5903 2254 7295 3586 2676 534 2215 3345 2073 1542 1109 7579 3521 
427 390 98 246 0 260 0 512 257 512 272 512 245 32 2378 6906 479 4771 7545 5946 6859 6407 4682 4944 7492 6911 2150 7421 381 6623 6499 2883 875 7487 3861 201 3149 2996 6480 5985 4465 7513 4752 2633 4460 1814 
428 254 0 246 0 260 245 390 140 512 272 512 512 31 7366 1411 950 4712 6991 3200 3663 2071 3096 3634 766 4560 7908 5235 5567 4594 1673 1607 7240 4207 5000 6150 5341 6369 3044 3646 6352 3232 7612 1360 2201 
429 254 140 246 0 260 245 390 257 512 272 512 512 31 3473 863 5922 6160 4293 2007 6579 1187 5174 262 7003 2113 2461 1453 5921 7225 645 1342 7380 705 2537 4453 5704 835 89 7199 7927 382 5008 2705 7471 
430 390 0 246 0 260 245 512 116 512 272 512 512 31 1554 2544 4089 5745 813 5323 4349 6370 7701 4646 736 3510 73 6731 7572 7766 740 5969 5335 5847 128 857 5878 3083 3112 5615 5530 1730 1045 5561 2898 
431 390 116 246 0 260 245 512 257 512 272 512 512 32 2715 1624 1253 2733 3365 6575 2774 5761 5767 6657 4751 5498 442 7455 5654 7306 6441 2742 708 2579 1341 1149 4743 2164 5907 5685 1254 6453 3979 1176 1458 4592 
432 254 0 246 272 0 0 396 126 512 512 268 255 31 775 2326 4153 1438 6727 7367 7189 5901 5834 413 5828 830 2179 7546 2969 3681 3602 7044 3084 7198 2872 7331 3699 2363 5581 6663 1167 2466 793 6182 2028 
433 254 126 246 272 0 0 396 257 512 512 268 255 31 7883 6319 4500 7933 1641 6220 4769 2604 1053 989 1296 4688 34 3501 4884 6307 1329 4020 5595 5422 671 3285 248 5062 509 7736 30 5440 5742 6537 4234 
434 396 0 246 272 0 0 512 119 512 512 268 255 31 1725 5814 60 1451 3965 1956 4339 3423 1591 4246 1883 6834 7650 132 3617 3158 193 1480 944 6820 7943 4623 3671 6971 5205 6018 709 2585 2836 4035 7190 
435 396 119 246 272 0 0 512 257 512 512 268 255 32 628 5418 4868 3227 4486 5105 163 1989 4836 2090 1534 4117 3887 1503 757 6022 5683 5039 5016 1740 6476 7940 3556 6838 670 6374 4794 1710 2126 6599 5311 2207 
436 254 0 246 272 0 255 382 143 512 512 268 512 31 5740 4675 1262 5442 1551 6265 5651 6421 1320 5080 2769 189 7183 7877 5703 5206 6236 5737 6559 307 1332 4492 988 5373 2246 972 1013 7062 6883 3153 1660 
437 254 143 246 272 0 255 382 257 512 512 268 512 31 187 1747 914 2717 7474 204 6678 327 538 6122 2500 4879 7697 584 3804 7460 1434 2859 5159 6424 4545 37 1468 6278 3536 80 602 3563 3678 3732 5140 
438 382 0 246 272 0 255 512 147 512 512 268 512 31 4694 3406 5387 1506 6905 7522 1558 3005 7270 1042 3133 599 1815 2025 4905 7542 6604 5720 5817 2076 2603 4215 2389 357 2593 3543 1885 484 3092 7889 5479 
439 382 147 246 272 0 255 512 257 512 512 268 512 32 3707 5474 3799 3157 5006 2561 2092 1559 2524 1391 3218 6676 1678 1955 568 4068 3924 5836 7973 524 532 1146 3027 559 4317 5040 3623 3272 6639 4451 3156 4416 
440 254 0 246 272 268 0 353 128 512 512 512 235 31 6554 1414 3298 5191 4765 5274 7500 2830 3440 3446 4620 7830 2615 3836 1898 4635 2902 798 5020 3547 1437 5307 7986 2554 4546 4440 3608 7874 2015 1854 7752 
441 254 128 246 272 268 0 353 257 512 512 512 235 31 4166 6647 7871 923 7524 3147 1698 2648 4363 1308 1374 7039 924 2790 7862 6102 6967 5403 4783 4828 5426 1911 5784 2739 5735 6830 4704 2037 2962 2041 1345 
442 353 0 246 272 268 0 512 126 512 512 512 235 31 273 2365 7330 4952 1724 114 1068 5536 2511 6528 965 3686 5121 6958 2295 1516 1695 6696 1946 2846 7899 5772 5005 372 5242 2149 3322 5559 2181 1377 3197 
443 353 126 246 272 268 0 512 257 512 512 512 235 32 1913 6758 6953 1620 6687 2284 4542 1648 3725 7741 839 5600 5366 4567 1022 3045 2235 5412 7632 1576 6811 1033 7826 1243 1659 5714 712 7586 5367 5644 5486 4605 
444 254 0 246 272 268 235 401 141 512 512 512 512 31 3046 7363 125 3995 1705 1934 6642 6057 7272 2443 2928 5971 6789 558 1472 2580 7690 4106 5807 4116 3834 453 6187 4746 7326 3389 3759 1238 1401 2169 1952 
445 254 141 246 272 268 235 401 257 512 512 512 512 31 3369 2262 2993 6048 7266 6152 7669 2429 6641 1175 1755 3531 4428 7644 5077 314 5790 3358 7873 1130 6465 121 7591 7850 7156 360 1498 2536 4370 7494 964 
446 401 0 246 272 268 235 512 138 512 512 512 512 31 7979 3129 6189 1288 3606 1484 2936 2933 1927 2348 3248 6482 1872 1866 1827 1532 5209 3656 5144 6564 4138 5712 2099 5467 3081 6940 4986 7776 3840 4012 1014 
447 401 138 246 272 268 235 512 257 512 512 512 512 32 332 4803 520 2078 2758 1051 3964 94 3676 6724 5586 5083 2566 5619 483 2495 2981 4070 3246 6067 3570 3462 5015 489 6695 4489 7169 2021 335 4074 3363 5758 
448 254 257 0 0 0 0 372 356 255 269 246 233 31 1466 2963 3945 3380 2471 4522 1138 5840 699 7619 7109 6032 4383 5386 5382 2596 7339 1040 3351 7989 6630 1309 3135 4555 69 3243 5312 2137 7732 7957 7942 
449 254 356 0 0 0 0 372 512 255 269 246 233 31 6956 6790 6321 4102 7816 2576 6754 7329 5792 2956 1856 2196 5630 541 5329 1888 5670 4399 5809 4161 3321 6388 7476 6402 6744 4303 7655 3279 4294 917 6698 
450 372 257 0 0 0 0 512 380 255 269 246 233 31 877 4513 1252 492 3936 7689 4415 2922 5215 6535 398 3447 4778 7296 947 6638 6292 6433 7784 3185 4745 4221 3449 3281 6068 843 7923 7914 3042 1486 5558 
451 372 380 0 0 0 0 512 512 255 269 246 233 32 1179 6876 858 693 6161 1395 168 4126 7490 2107 1954 6890 6203 6131 6038 5676 1541 2392 2161 7350 7336 6878 6562 6351 1992 1859 253 1039 6418 3001 4975 1443 
452 254 257 0 0 0 233 372 410 255 269 246 512 31 3504 713 690 7364 3740 278 5808 2317 5842 7725 2241 6435 394 5764 5355 6438 2293 7932 2298 2795 5618 5263 2660 7837 457 4112 1085 6230 1897 5858 2640 
453 254 410 0 0 0 233 372 512 255 269 246 512 31 4934 252 1471 6111 7188 1978 5048 3128 3456 462 323 365 2674 6264 6543 7797 6134 527 6780 203 853 2449 936 1586 569 2177 2611 6148 5621 1337 3055 
454 372 257 0 0 0 233 512 365 255 269 246 512 31 5313 860 5502 1415 3478 6415 6186 475 7944 5949 6506 92 3400 6046 1114 3685 2577 7014 1945 3367 352 6891 4115 3843 1244 3863 3466 2805 7299 2821 2048 
455 372 365 0 0 0 233 512 512 255 269 246 512 32 2547 790 3753 2060 7230 652 7238 5286 1428 4277 6942 7245 7416 320 4575 1131 2760 5394 6736 13 4154 491 725 7256 3040 4963 5027 4692 5492 870 209 4625 
456 254 257 0 0 246 0 377 393 255 269 512 252 31 210 7337 6181 6810 5608 458 649 2706 2128 6260 6233 7557 68 846 4424 7484 7790 4208 2517 5655 1011 6527 7974 416 7481 662 7396 1985 2861 2623 6446 
457 254 393 0 0 246 0 377 512 255 269 512 252 31 7543 7114 138 23 2450 7735 5056 3277 7801 5314 5976 6899 1349 1831 6522 3625 3530 3240 6178 2396 5980 3741 841 7197 3712 3116 5970 425 765 1165 5240 
458 377 257 0 0 246 0 512 396 255 269 512 252 31 6234 3033 1880 1681 7252 1201 7559 6869 6963 1449 732 7937 301 6583 1514 5965 7015 2693 787 3596 4336 3203 4641 1295 792 6449 2761 3734 3266 566 5678 
459 377 396 0 0 246 0 512 512 255 269 512 252 32 3106 2144 5477 3578 3801 3018 6180 6504 1836 6664 5942 6311 3872 1064 260 2082 5192 6037 5509 2886 1634 7550 4540 837 4527 4978 3925 6547 6844 7424 7047 4851 
460 254 257 0 0 246 252 400 396 255 269 512 512 31 2004 3884 4427 6932 93 379 5029 104 5294 2452 2499 134 2951 4321 141 1376 107 6299 7100 2038 3758 430 7216 5612 7095 506 5017 2467 4561 2043 5884 
461 254 396 0 0 246 252 400 512 255 269 512 512 31 3660 7898 6740 4799 1282 6288 6040 2192 6722 7121 5096 7442 5851 1155 680 3056 6675 3524 3126 2237 1274 4924 6792 272 1822 6658 2356 6755 6047 7682 7757 
462 400 257 0 0 246 252 512 394 255 269 512 512 31 4036 7811 6996 4351 1488 2216 5401 6661 7970 4516 6616 124 1215 1203 4785 2582 4137 7402 7204 6238 636 5525 1829 5493 1940 6814 2741 3553 7284 6787 6534 
463 400 394 0 0 246 252 512 512 255 269 512 512 32 7410 5265 6867 4980 4332 3916 3683 1440 2336 5830 5546 7762 4872 3194 2759 361 1121 6646 4587 6845 7132 7709 502 3086 3206 7202 154 7170 344 4720 1753 443 
464 254 257 0 269 0 0 381 410 255 512 255 234 31 7718 110 3290 2481 4559 4509 2843 4779 7213 6462 593 5916 1442 7691 7509 64 359 1023 4601 1579 2953 7630 1666 3572 2737 6954 7799 2643 4497 4914 4660 
465 254 410 0 269 0 0 381 512 255 512 255 234 31 582 3164 2959 3130 3341 7523 2599 4532 1222 4703 4164 5444 544 321 411 4533 2808 2700 687 7376 575 1491 1704 2044 3595 4789 1059 3375 7715 6165 5381 
466 381 257 0 269 0 0 512 358 255 512 255 234 31 6135 4211 6634 1964 4782 1547 6241 7549 5549 1326 7642 2497 2532 4578 5778 822 4085 1078 3815 4930 3615 3517 1654 4940 1236 3973 6053 7055 6226 6451 3384 
467 381 358 0 269 0 0 512 512 255 512 255 234 32 7536 2088 2351 4196 5813 7359 4067 2211 805 3125 6312 557 2283 4741 7798 1454 236 2462 6972 7479 1123 1609 76 6317 7205 6085 6551 6473 251 4948 6363 770 
468 254 257 0 269 0 234 373 415 255 512 255 512 31 3991 7625 1348 797 3591 4358 6833 1457 1555 4327 4344 7480 2400 6812 3176 5252 7928 1706 5506 7267 6936 4820 578 1497 2483 1979 2018 6978 4894 523 7840 
469 254 415 0 269 0 234 373 512 255 512 255 512 31 5889 4490 4438 2106 6316 6066 555 160 2770 7495 1067 556 3259 3607 6490 4437 1697 213 3793 4472 1865 2594 4787 5127 6198 7388 98 1500 130 4687 414 
470 373 257 0 269 0 234 512 388 255 512 255 512 31 1260 2828 1153 6772 29 5998 2174 6536 1145 6063 3301 2958 7652 7595 2653 6601 4475 2362 4330 197 5829 7626 521 6668 3723 2406 1777 773 6420 6272 2039 
471 373 388 0 269 0 234 512 512 255 512 255 512 32 6147 5084 1692 2954 2970 4786 1583 4964 7733 7995 169 4932 6429 5940 1235 6729 5012 7193 3145 3483 4764 3452 522 5390 2105 2605 6997 5518 1339 855 4988 6871 
472 254 257 0 269 255 0 373 383 255 512 512 282 31 6266 1657 152 4108 90 2116 4403 3110 7872 7171 5947 6495 1942 1916 4482 608 5789 6797 2304 7223 5255 6988 4886 6092 5659 6622 7042 4200 6375 7259 6673 
473 254 383 0 269 255 0 373 512 255 512 512 282 31 5967 4991 5984 5628 4002 2375 5798 4637 6339 3315 2231 5692 2668 3418 1069 7020 5333 3769 4962 4446 1212 1727 1043 6930 2894 4256 7036 407 3999 2479 5705 
474 373 257 0 269 255 0 512 373 255 512 512 282 31 7224 3677 5082 133 6030 6213 438 3223 4355 1507 4283 5872 7593 4205 2797 2287 229 6202 1959 3173 6293 6545 3152 5653 2708 1919 120 6464 7127 4607 5146 
475 373 373 0 269 255 0 512 512 255 512 512 282 32 7858 5106 5253 1714 3260 1052 5943 166 4609 3915 753 3249 1813 5598 5038 2638 650 2616 2468 3183 6826 7610 4981 7043 7520 5179 925 831 7901 1658 4083 3064 
476 254 257 0 269 255 282 385 372 255 512 512 512 31 6300 1545 6015 164 4192 4160 6693 2354 3811 6020 1735 5560 3434 750 4037 5853 2289 7635 3757 942 7961 291 7590 1035 3846 2401 5092 6410 2908 2115 7905 
477 254 372 0 269 255 282 385 512 255 512 512 512 31 5568 5718 4697 1862 7123 1590 71 658 4604 2531 7397 3720 6246 1701 3892 1961 6344 918 2249 354 4845 2167 2353 6055 609 2412 4580 4539 1645 5328 1303 
478 385 257 0 269 255 282 512 373 255 512 512 512 31 7737 1115 596 3609 5009 4863 3199 255 2224 6919 2023 100 5632 977 1863 4061 2046 3637 3970 4801 2780 3235 4057 4645 3229 3640 6320 6089 2447 3722 1842 
479 385 373 0 269 255 282 512 512 255 512 512 512 32 5850 5236 1809 6167 1536 2661 7836 3822 6155 5331 7615 1363 1057 2837 4800 380 6364 1580 7753 6555 5873 3986 3412 1393 3567 819 6478 487 3752 7438 2205 4784 
480 254 257 255 0 0 0 386 378 512 255 266 263 31 7963 7398 3088 4065 5079 6593 6955 849 192 6602 1900 4691 3289 2968 2784 1322 6078 6798 2871 4408 6512 3008 3179 2628 4582 3306 4123 5194 2763 2027 3559 
481 254 378 255 0 0 0 386 512 512 255 266 263 31 412 1629 781 3587 7158 7491 7085 2386 5196 6070 2955 2713 4094 876 1007 7686 5300 4977 2506 2420 5112 7683 6521 3629 714 952 2233 1126 4608 5108 574 
482 386 257 255 0 0 0 512 398 512 255 266 263 31 3023 2995 5852 5044 6613 6056 3378 3208 4699 5354 2647 2710 812 4275 4069 5413 1255 4271 6286 6760 2069 2198 6195 2601 7699 881 3792 4079 5534 641 1325 
483 386 398 255 0 0 0 512 512 512 255 266 263 32 1272 3485 6862 6080 7231 3560 595 7976 19 5246 3768 2339 3244 6095 767 954 5219 1086 4165 904 2838 3348 7629 7305 622 4019 6516 6617 3795 315 2077 5068 
484 254 257 255 0 0 263 392 377 512 255 266 512 31 101 1436 6720 3832 5521 393 157 2751 1091 5111 4045 2598 7177 1470 762 5569 2972 179 3496 2819 3155 704 3006 44 5291 3913 3169 4058 7126 2533 598 
485 254 377 255 0 0 263 392 512 512 255 266 512 31 7503 7875 7483 808 4983 2154 883 6799 7135 4127 5315 2381 742 1513 4508 2597 7727 4417 4927 644 423 1957 7297 939 2473 3808 268 3165 2810 7996 1106 
486 392 257 255 0 0 263 512 369 512 255 266 512 31 1608 4734 6576 1318 3878 4613 6177 1745 3778 4273 6392 4763 2079 3113 7853 6342 2013 3410 6261 429 2213 1373 5054 1928 5795 5706 2634 903 3852 6448 4133 
487 392 369 255 0 0 263 512 512 512 255 266 512 32 6895 6276 7175 346 385 5427 4755 774 7842 811 637 5483 1530 864 6626 2905 7824 2464 2403 4622 2669 3773 4854 6819 3061 542 5336 7321 2186 3160 7504 1717 
488 254 257 255 0 266 0 386 355 512 255 512 264 31 848 6762 2782 378 2085 5055 2572 2178 4284 6129 1294 5032 266 7185 6325 3735 738 7980 7745 2156 38 2720 3558 6025 7391 1359 6594 3276 18 5168 2486 
489 254 355 255 0 266 0 386 512 512 255 512 264 31 6927 3500 1960 7839 2240 118 7346 58 7740 2793 1160 6841 3051 46 1840 6497 3508 6313 6360 3049 648 653 3713 6112 3652 6926 4341 2155 3433 5548 5459 
490 386 257 255 0 266 0 512 378 512 255 512 264 31 4340 3058 311 7788 7716 6980 1575 3221 1357 1549 1949 5276 3450 6273 5835 3004 1356 655 7292 3879 5899 7606 4974 6099 2654 7485 1284 3467 6281 2285 1499 
491 386 378 255 0 266 0 512 512 512 255 512 264 32 2147 6737 2258 3075 1627 7505 2656 7465 6957 4157 1226 5238 1002 802 565 7968 6301 2822 2799 1435 4485 5332 5230 1902 1306 2543 5919 1216 5269 3668 4364 7309 
492 254 257 255 0 266 264 367 361 512 255 512 512 31 7206 7892 5317 1983 4806 4573 7288 6937 6662 1452 5142 801 1396 3612 6505 7423 3225 791 1419 7663 4835 4544 4357 4078 4027 2303 979 3902 7604 2903 503 
493 254 361 255 0 266 264 367 512 512 255 512 512 31 4443 355 2408 5682 1839 1406 868 7403 4633 4121 3252 4420 343 945 5093 5042 7124 6427 7000 711 7393 4242 4240 4677 5445 1354 2806 5169 3921 4971 6700 
494 367 257 255 0 266 264 512 416 512 255 512 512 31 2001 7882 7806 1278 3626 4591 2528 1981 4093 5512 4881 4937 4445 5805 3479 573 4352 5681 4170 2214 1796 5622 4997 626 4547 2318 4690 3710 7356 5001 1715 
495 367 416 255 0 266 264 512 512 512 255 512 512 32 2418 4463 1802 1110 190 3796 2057 6572 3907 5629 3551 7425 4911 6247 887 6479 3377 7984 1394 3124 5771 5929 6776 4041 409 4551 3881 5991 3816 1135 6406 3224 
496 254 257 255 255 0 0 372 395 512 512 246 288 31 6577 6670 3376 7354 6523 1287 856 533 7072 2341 7624 8 2469 32 5288 4409 6136 6399 7537 1104 50 7443 6235 3480 3256 7146 5182 5262 3805 4220 4310 
497 254 395 255 255 0 0 372 512 512 512 246 288 31 6786 1821 2373 2768 6268 3528 3763 890 6652 5139 5347 1096 2364 4238 82 4973 7106 898 6176 3028 529 3782 3537 6197 3372 3649 468 403 6502 7019 5981 
498 372 257 255 255 0 0 512 385 512 512 246 288 31 7902 1372 7130 851 7938 2887 7566 5360 7680 6846 6714 5120 4004 2545 3047 1699 6994 1886 833 6665 1184 4684 3584 6998 5514 6749 2510 1239 906 4306 1892 
499 372 385 255 255 0 0 512 512 512 512 246 288 32 5800 3076 3574 1680 5116 7332 1876 1456 7854 1505 4870 2864 5979 2756 3746 7833 4824 2331 1331 7489 1462 957 7026 6303 897 2568 364 7235 7568 4994 2292 2087 
500 254 257 255 255 0 288 371 377 512 512 246 512 31 3726 4621 5351 1512 333 336 5123 1478 1901 5327 5551 2731 6857 2589 7896 3849 6849 2355 7176 7257 1370 5003 5321 2456 6877 52 53 1523 4581 4392 7462 
501 254 377 255 255 0 288 371 512 512 512 246 512 31 3641 17 5909 5170 4384 6249 1157 840 5177 330 4183 3855 43 5419 6252 515 3091 7992 4346 7679 2697 4855 970 3438 5065 5698 834 2785 5250 7704 6274 
502 371 257 255 255 0 288 512 371 512 512 246 512 31 4090 6821 6650 6033 1861 3645 2606 613 7021 7692 2439 1016 5577 2889 4718 3283 1273 2065 6314 3255 1849 666 2193 5519 6509 5990 621 4195 2340 5974 7856 
503 371 371 255 255 0 288 512 512 512 512 246 512 32 4413 2274 5575 3833 2515 1397 6442 7613 5178 7155 6778 4371 6466 2016 820 707 2501 1380 241 780 6920 4858 3460 7955 5484 696 7805 884 4120 5672 3931 2487 
504 254 257 255 255 246 0 362 387 512 512 512 217 31 7401 7607 1958 3875 1748 15 3280 4903 2119 7154 3407 25 4849 4813 5103 5202 4237 7982 7196 1000 4715 2512 3888 6573 4695 2794 1139 2275 2080 5487 5078 
505 254 387 255 255 246 0 362 512 512 512 512 217 31 1990 2384 4770 4197 6709 7406 6966 6006 4933 5953 5931 24 1933 4354 6271 3390 2629 4176 7285 4018 6207 7178 3114 1700 7959 2247 3291 2379 4874 2729 7074 
506 362 257 255 255 246 0 512 381 512 512 512 217 31 5478 4477 6557 370 6277 3541 4686 6753 928 271 7755 6805 4313 7534 2383 6793 1890 5257 845 2866 3694 4596 518 49 3350 4758 6310 3638 4840 1635 7282 
507 362 381 255 255 246 0 512 512 512 512 512 217 32 7427 1134 263 4683 7221 4663 7001 4000 1361 1089 5533 6471 4131 5787 1270 4080 7665 383 4650 5780 1832 469 535 6892 4636 5081 313 2058 2372 3362 3867 6365 
508 254 257 255 255 246 217 396 418 512 512 512 512 31 1922 6999 3813 6880 5639 113 4589 7589 7687 2333 170 3982 4721 2407 5297 7795 2380 3041 3859 7953 2989 646 334 2899 1801 2324 3706 4130 7057 6296 5580 
509 254 418 255 255 246 217 396 512 512 512 512 512 31 6529 2166 5158 7848 6802 5522 3809 1025 5862 2679 3747 4232 6965 7599 1631 7108 1310 4225 2712 3127 6961 2470 4308 1198 1682 1878 6227 6524 1729 1439 6019 
510 396 257 255 255 246 217 512 381 512 512 512 512 31 4860 2941 4407 4520 3325 7141 5501 2307 5462 873 4006 6044 467 2787 5725 5945 5128 6335 1073 3413 1568 276 3904 2856 2595 5972 6935 513 26 47 4480 
511 396 381 255 255 246 217 512 512 512 512 512 512 32 1988 1567 1874 3070 3825 3035 1074 893 889 5356 5118 35 2849 4151 2983 7646 1944 1770 1103 441 5429 6511 1642 1194 4104 3311 1413 7707 4602 5614 3268 2732 
