64
64 0 0 0 0 137 114 263 261 62 1332 1401 3965 1847 3894 3914 2766 191 2159 797 2713 3195 283 56 256 3904 1013 368 986 3641 665 2186 1496 46 160 2552 712 2693 3388 576 3107 74 3061 3228 829 2820 304 1373 2696 3792 1479 3529 3927 2868 337 1417 974 1473 1921 2076 2746 3076 3181 2337 3614 2893 2308 3267 2036 1161 3548 1239 
65 0 114 0 0 137 249 263 261 63 1129 2653 3619 353 3615 3522 3667 772 54 1345 3103 2731 3906 3029 668 2346 2600 3185 2791 3238 1093 1248 686 1237 3352 1521 2830 1036 1379 1292 908 3418 3483 3099 291 3072 1741 249 2613 339 2220 3141 2374 517 451 896 490 3683 2235 3910 2682 2427 1603 1225 2507 1261 3057 2744 2595 811 174 3573 3553 
66 137 0 0 0 256 124 263 261 62 1470 165 2060 364 3279 3314 3606 135 212 3434 295 3635 1677 3239 2505 2709 591 2372 1750 1418 3973 1718 2571 3628 1131 3672 2749 1946 354 895 3893 269 3210 2241 1597 2465 1519 3298 3532 3361 1592 577 2161 460 747 1394 3179 868 3825 3796 1166 3340 3101 2620 2904 1110 715 3696 814 110 1453 1500 
67 137 124 0 0 256 249 263 261 63 2564 128 3616 2977 2268 1650 1145 123 2649 3560 553 1199 2626 1254 100 1973 3170 2095 3334 2428 2847 2969 1758 2768 2629 1660 3084 2073 190 3154 1516 1938 3026 3785 2460 929 3782 725 933 1227 1159 1915 380 2390 2175 235 2027 3599 2238 1939 1850 1095 2223 2634 2599 1436 777 1613 542 979 51 3320 2624 
68 0 0 0 261 147 118 263 512 62 598 2174 3169 3952 3297 2861 2379 1834 252 151 858 452 1265 3948 805 1466 3380 109 1205 2795 2236 2395 3220 2273 625 3654 1916 2932 381 465 534 1715 935 981 744 684 2156 2738 2071 1733 27 962 2310 2612 722 2900 1230 1229 1588 25 600 762 374 3873 279 1280 1522 792 2664 2707 90 3607 
69 0 118 0 261 147 249 263 512 63 678 265 2829 2344 3976 1021 5 522 2742 453 717 2695 1368 716 2863 2871 3484 876 241 3838 2601 2616 562 1098 2264 2537 1393 1185 819 3961 3643 492 3399 3713 2137 2891 2809 2144 1756 142 2109 3726 947 3576 127 3426 3498 1674 2181 1214 2151 3260 3520 677 1709 2753 2245 83 1772 400 3876 2939 3143 
70 147 0 0 261 256 114 263 512 62 1852 3188 3155 3440 3798 3392 3673 429 1651 2773 146 1817 1656 2535 1370 657 1321 1231 1059 906 3957 398 3707 693 2336 2407 169 3047 3436 2733 2330 869 2726 1507 138 3009 28 1717 2325 1860 2772 3536 3972 2492 2189 570 3723 3963 2431 3156 143 948 3212 2452 3863 1627 3891 2875 2843 1793 2550 867 
71 147 114 0 261 256 249 263 512 63 2556 3109 828 1825 2827 3018 2083 1297 703 13 2993 107 2470 3117 2437 1397 2213 2959 3833 3404 3624 2100 3648 1281 2441 318 2305 2952 2277 2472 2388 272 1547 749 2206 2384 1355 11 2202 1926 2056 1303 3272 2743 958 984 1548 1645 1835 3645 3428 1074 312 3671 3151 1491 1180 167 3274 1970 3100 2906 1136 
72 0 0 263 0 131 106 512 258 62 987 1659 3759 2278 111 628 3093 273 3775 1841 3951 3820 473 2360 2929 840 1537 2294 3862 3934 302 2510 1115 3217 3778 985 3541 1174 82 1658 3410 2430 2354 2848 243 2559 510 915 2940 1655 1846 3777 946 2205 2712 1782 1389 1553 1702 904 1837 1876 2783 1820 192 3328 1350 1895 1880 234 3895 3429 
73 0 106 263 0 131 249 512 258 63 3389 3415 1830 2404 351 1483 3496 1520 501 2955 857 2899 1958 2825 281 1615 2656 1057 3053 2605 3497 2411 3955 3249 3736 3518 2091 3028 1244 1811 565 3747 1909 2281 2697 527 964 63 148 2489 3102 3507 1383 3003 731 781 3371 1455 3728 293 2525 2590 1657 846 2282 1932 80 3232 2463 185 1096 2387 30 
74 131 0 263 0 256 121 512 258 62 1490 2182 3437 1626 2154 3924 3485 1610 3870 3374 2107 1477 541 3980 2660 89 2176 1252 2925 3243 671 2760 1088 3461 1531 352 2311 652 3403 3327 3337 3847 1062 3456 33 3941 3192 3690 230 3323 267 3412 1556 688 2485 2655 8 3088 3600 2953 559 207 2345 1432 1918 1212 588 1898 574 996 3815 1617 
75 131 121 263 0 256 249 512 258 63 3329 26 608 1987 1539 3025 2580 3447 175 3879 2725 689 2145 1885 1085 3813 3715 3351 925 776 2025 221 1978 2006 733 2765 1014 2517 1347 3926 1836 2065 629 3219 1600 1628 342 2850 636 3631 3475 3133 1561 3724 3761 2615 813 3132 1221 2506 989 1354 764 1461 3618 2912 723 152 899 1974 383 2211 2877 
76 0 0 263 258 119 114 512 512 62 2610 3124 3688 988 3059 376 639 2648 2886 3193 1599 1327 1800 3852 2723 607 2477 1298 2788 2034 1288 2938 3259 3196 2934 687 1578 14 894 2816 3938 674 3344 889 3422 2845 1954 2327 1187 3391 3341 124 2538 2688 1092 2687 1341 3119 995 3137 1526 315 423 1196 3118 254 442 1797 2231 1668 1506 892 
77 0 114 263 258 119 249 512 512 63 891 1616 2061 2041 1530 3743 886 324 307 2170 1985 2461 3514 2944 71 2039 1688 2924 284 285 2019 780 3716 3896 939 328 3173 1634 714 474 2313 2915 3312 1533 2340 3375 1128 1535 363 926 42 2739 2514 3877 2196 379 2995 1862 618 627 596 2609 3194 3252 1550 1527 648 3060 1672 3937 3622 274 3226 
78 119 0 263 258 256 107 512 512 62 154 1460 1726 1374 1386 751 642 3556 1031 361 2130 887 3745 3397 1940 3402 699 3890 3773 329 2204 1285 3807 1541 1323 1209 616 2821 1810 2209 2588 2054 2826 3393 2050 1566 3215 1664 3827 2950 1594 1296 1914 2255 2866 2584 2250 938 2012 3939 3898 3506 2014 3596 1630 102 2087 3177 2812 1925 2497 1653 
79 119 107 263 258 256 249 512 512 63 1215 1584 3157 1358 890 1913 2004 2367 789 1683 3842 1194 2544 1948 2919 292 3735 3901 2545 3254 2197 1696 2778 1897 3589 3161 3413 540 35 3356 467 3123 2371 3073 406 2965 3074 592 2998 849 2669 483 3767 2447 1604 910 70 9 2933 502 3257 2639 36 2856 1266 3354 2016 3165 2633 637 3931 19 2075 
80 0 249 0 0 142 345 250 253 62 2081 251 3780 258 1623 3535 1934 3293 782 3812 2141 1996 2606 1690 622 3432 477 907 2793 3945 1642 1112 1408 1139 69 3033 603 3491 2484 2997 2839 3071 713 1935 55 2971 2169 2230 3849 3732 3823 1684 1287 1663 2240 850 3519 1344 3095 1856 3933 1685 3125 3235 1982 552 2044 2854 1450 1299 2433 3167 
81 0 345 0 0 142 512 250 253 63 2678 2834 3527 435 2358 3776 3390 3321 2509 3342 2178 2683 2247 431 2422 3684 2381 2577 660 1094 3830 338 261 203 2885 3718 131 2992 2450 1061 1736 289 2226 3512 1444 3758 78 3542 2038 2964 1313 3135 2562 853 706 969 134 3872 1596 1543 831 3079 3316 874 3446 3017 2994 1646 2263 2312 778 2419 3841 
82 142 249 0 0 256 394 250 253 62 1528 1294 2304 739 177 2721 488 120 2822 2018 3171 650 775 2352 3030 3668 1334 662 3889 3381 2296 3749 375 3450 2237 1966 1033 1314 1189 3236 224 3187 803 139 2502 3739 1988 2727 1636 3801 3754 2210 2180 1395 2844 2047 2287 1419 2897 1943 181 2476 3551 311 3665 392 2521 1808 1008 3349 396 992 
83 142 394 0 0 256 512 250 253 63 3900 44 2566 387 3861 3430 1738 301 2677 1995 3903 3554 370 1441 2257 1140 2801 294 2757 330 1431 3783 3001 710 3105 1304 573 2892 67 3746 913 3451 742 1695 1775 3233 2870 2028 2248 1608 1552 1079 2234 2946 1743 743 893 3438 3921 3756 2321 2852 691 1391 1881 450 1148 3571 1705 2923 3566 2710 346 
84 0 249 0 253 125 360 250 512 62 3805 2711 3056 2029 3163 1475 1569 3570 2347 2077 3674 1053 543 3575 1770 1384 1804 3258 679 278 3984 1957 298 2628 3379 923 3106 1780 3408 2121 439 1589 2400 2661 760 182 950 469 385 2218 2252 594 1369 631 1051 793 774 1924 3568 3598 1324 170 3629 634 3651 2299 928 1912 977 1003 3398 3881 
85 0 360 0 253 125 512 250 512 63 487 3264 348 1271 2443 3277 126 2001 198 957 2343 1776 812 407 2646 1762 2031 2930 1306 1534 437 3888 2549 2146 3990 2526 3967 1989 1724 2597 408 2021 1665 1904 3302 68 1283 3045 873 1774 3158 617 2246 2488 3464 990 308 345 1849 3513 2397 1795 3052 2865 525 1146 3869 2300 528 902 3457 1787 3164 
86 125 249 0 253 256 379 250 512 62 641 1635 1054 3377 103 1699 2438 2010 3603 414 852 901 45 1953 2070 3533 2754 3350 3240 496 2334 711 3086 1742 2426 17 2440 1882 3224 2408 3104 2265 3727 3698 704 3160 129 511 3853 2063 2745 3449 1637 536 817 2922 1023 2755 3285 1105 508 59 1046 1275 630 2187 1346 92 3649 218 260 1416 
87 125 379 0 253 256 512 250 512 63 590 1228 3826 965 1679 3804 3275 3176 1735 2289 1929 2804 3730 918 1219 3569 720 1262 841 2286 3083 3709 2214 2364 2258 2481 1671 434 2017 3364 1165 2261 2724 3023 1464 422 2914 3140 3544 1478 3414 1570 700 309 856 3725 1691 3510 1267 1754 3286 529 1025 2638 544 3288 3592 2292 726 3640 2421 783 268 
88 0 249 250 0 118 383 512 245 62 255 530 2635 2747 3960 1307 1855 1927 3142 2973 833 1747 64 2320 955 1177 861 1125 1624 2331 1900 96 3126 3370 3175 614 3502 2114 3751 2309 2140 922 1097 1730 2284 3627 2198 2921 3223 21 1362 1116 1998 582 2359 3964 98 413 3147 1109 3970 1562 2496 1251 2789 2504 1433 448 3750 3610 2857 2763 
89 0 383 250 0 118 512 512 245 63 195 3044 340 647 2356 3333 3865 2730 1050 3473 2413 3760 3516 2508 2581 2102 3944 2576 982 257 4 3608 1071 1737 391 2173 3524 2542 1723 1402 79 161 1712 3978 3234 1510 1959 3311 1263 572 824 1573 1232 2935 3699 2338 1255 2207 357 2770 3925 2718 3748 3742 870 1822 3882 1234 2781 2607 2598 1077 2652 
90 118 249 250 0 256 379 512 245 62 920 2999 494 959 125 2040 336 2987 2905 2523 3946 1598 1204 882 3242 3295 3985 3632 2686 206 1707 2112 952 2033 2295 1577 2163 52 2216 3875 1722 3400 99 238 3246 358 3734 3247 1892 3305 1044 3241 1517 2851 246 655 3478 2307 440 1791 3621 1798 3462 2794 3704 745 114 2048 405 2365 1240 2984 
91 118 379 250 0 256 512 512 245 63 1994 2066 1449 3839 2960 500 1796 2942 1981 1272 3644 461 763 1778 997 2833 2079 3721 484 403 2475 39 3855 2705 81 2568 507 2903 371 3186 418 343 1984 1058 2520 2968 2666 930 204 76 3421 539 299 2078 3120 426 132 3816 3786 1120 3565 214 2045 3136 666 1104 3594 3562 3540 2676 3650 563 3330 
92 0 249 250 245 126 357 512 512 62 1559 1147 1706 2208 3806 377 136 3310 2057 2673 3584 2951 1930 851 2518 3284 3803 2232 1802 2667 3424 1678 557 3905 1839 1193 3035 3720 316 201 658 3325 1039 1043 2663 1781 1999 3864 2386 489 3174 2672 2522 2536 3695 3991 1336 2575 2785 443 350 2681 1309 2285 3682 791 2811 830 3897 586 2459 3515 
93 0 357 250 245 126 512 512 512 63 2913 3705 105 1649 43 2493 999 176 1222 1437 2491 3230 2769 3010 1682 3199 1201 2276 921 597 1590 2279 3626 3834 1335 810 3134 523 1711 2000 2691 326 3318 2487 3908 1238 3770 661 531 568 297 680 3110 843 2462 804 3020 2239 75 3867 1784 3766 3014 756 247 1030 3054 3208 362 1075 2890 719 1360 
94 126 249 250 245 256 381 512 512 62 3465 2619 3656 1111 3633 1620 310 3203 2494 1467 220 3096 3002 3831 2784 1568 1652 575 1150 728 493 3021 3367 3289 3348 2329 976 1002 3355 1019 2479 2303 2150 3850 2203 2393 3085 3999 1869 3066 735 2458 605 2846 2224 2541 3347 2468 2128 3271 2675 3986 1317 1831 1020 2410 3824 3706 1173 436 2800 1936 
95 126 381 250 245 256 512 512 512 63 3441 1697 20 2013 2165 1905 1944 2631 911 3597 1233 3846 2554 2752 2883 112 524 1813 3153 2139 732 1353 1564 1997 2603 3779 2887 1740 2985 3958 2882 367 1540 16 3634 1902 3582 2764 1886 497 2093 3503 1300 121 1371 2722 1135 2302 1873 2341 3987 681 3899 162 149 1752 2499 3482 3048 1814 741 1465 2980 
96 256 0 0 0 378 134 258 255 62 3360 1132 1388 2719 3011 2373 3680 2926 809 3646 3211 3098 1975 1582 766 1545 3697 2636 1359 1842 2500 2124 3145 2122 2335 551 3771 2420 1325 476 2759 1049 2582 1622 1392 3907 1949 236 2251 3797 425 2608 3848 2179 3065 1463 498 101 2467 3922 3129 1901 880 1783 1476 3851 3579 2780 1779 3591 2604 2298 
97 256 134 0 0 378 246 258 255 63 2808 694 615 1022 3282 3719 1990 3166 3630 1027 3653 3738 2022 244 2456 2869 3647 1439 3127 3662 3636 1203 863 2534 3661 2557 2815 2767 1069 2565 1587 3206 471 1549 1367 2099 388 1607 2910 2008 31 581 1518 2217 696 3534 3343 3829 1523 1451 3474 3717 2859 1878 3078 1242 3504 2495 2398 2455 3487 2069 3189 
98 378 0 0 0 512 94 258 255 62 3708 3511 1364 15 1163 210 2193 1361 612 1807 18 2501 1422 2396 2290 943 2828 485 47 1794 1269 118 1654 1761 2037 1868 427 533 838 2142 3703 1106 48 296 3857 839 3701 1259 231 1103 2888 734 842 2466 50 1773 2611 2650 2986 183 1415 1493 2761 690 3336 888 1765 3444 2403 878 369 1042 
99 378 94 0 0 512 246 258 255 63 1928 3883 602 2750 1029 3605 1583 3097 2602 2511 222 3836 571 1986 860 2976 1070 2120 2978 3595 2249 2917 1969 2319 3394 29 1426 1976 848 820 144 2907 3225 1896 2088 41 2055 3818 555 2876 520 3637 1544 798 1498 2823 1511 2957 386 2049 1687 3090 3811 993 1661 2097 1993 2740 550 3406 1502 975 3940 
100 256 0 0 255 379 103 258 512 62 2835 3442 2684 2195 463 3479 1716 481 2434 1064 1329 2637 305 2473 1113 1390 663 771 3200 1342 3038 270 3477 3983 3280 3067 430 1595 2160 3799 1769 1486 1875 1157 1308 12 1055 3115 319 360 2011 1666 365 978 2429 1871 2896 1425 506 3781 724 262 2548 611 404 808 1955 2777 2703 845 1693 3122 
101 256 103 0 255 379 246 258 512 63 2958 1819 150 1499 1823 656 164 1206 3108 1633 3885 3586 3315 2483 1806 3294 754 927 757 3469 1410 1676 2115 395 1144 3844 834 2116 755 3448 3077 468 2573 3620 266 535 844 1 2824 2194 787 2928 738 2291 826 1828 2570 1310 937 3531 1983 708 1872 683 623 516 3764 239 3476 2736 2127 3854 1421 
102 379 0 0 255 512 104 258 512 62 3144 1172 3768 2369 1207 2362 3731 2558 2297 1256 2908 1175 1048 2592 1710 2513 633 2547 3471 513 2630 3920 2916 372 2858 2104 2200 1681 3363 1420 303 2737 3291 3062 3480 444 3744 2528 3828 1757 2391 3319 2632 1430 2734 1574 2560 331 3425 3049 2003 1694 883 1704 3832 3087 438 3202 1667 288 2593 3670 
103 379 104 0 255 512 246 258 512 63 1101 3209 3930 3676 1356 3466 3918 885 2328 1279 3691 1403 3928 2532 2152 651 32 3915 2622 2692 2989 66 3549 2884 1066 3590 3902 3353 1713 2627 1153 569 2643 3459 1845 3494 2640 3245 2981 2596 3685 3172 2414 333 3495 1888 3858 3159 1218 1487 86 2385 740 1632 2569 2802 486 321 2796 2679 3843 3131 62 
104 256 0 258 0 374 109 512 253 62 366 1786 38 223 3183 1318 3642 606 1243 1376 653 3757 200 604 3008 202 3666 2256 446 3423 643 1508 1330 2350 1282 2486 155 818 2280 3979 1258 2895 2797 3378 1606 3919 1152 2190 2183 359 991 1908 1411 1452 2657 3966 3034 2138 87 3810 1826 332 1290 3794 1226 2370 1438 2814 865 3800 2817 1102 
105 256 109 258 0 374 246 512 253 63 3036 1866 2774 2775 3460 875 1877 549 3655 2529 2058 956 2819 1469 225 1731 795 1644 3042 3276 1879 459 748 635 3659 3959 626 24 2082 1171 1245 1719 1689 2074 3335 2375 2096 1260 1580 3612 2690 1009 1200 2227 515 2030 1047 3317 1680 2735 2064 504 1400 1468 458 3012 3037 2898 1241 454 470 3443 1572 
106 374 0 258 0 512 120 512 253 62 2105 2756 1198 3303 2192 2771 3472 2394 3345 2155 1488 1311 3521 970 1343 2457 676 205 1861 1090 1501 3486 341 1154 1186 909 3191 672 2125 2342 546 1191 2831 3409 2275 2002 3116 3601 264 3278 1829 2314 399 2901 761 84 2836 2543 2086 419 184 1195 2947 1767 548 137 335 3050 2990 934 1853 2412 
107 374 120 258 0 512 246 512 253 63 3070 286 587 2651 2654 2262 313 2451 2009 682 119 3912 2818 3221 1759 2382 1884 3197 3385 954 3663 1012 1447 2215 156 2720 3435 847 945 1141 1114 2149 537 2101 1560 3694 3997 2453 2540 3791 3947 2842 1178 1536 159 654 514 1037 3369 2260 932 2254 3809 1538 1972 1950 3609 3702 1412 1181 208 1728 1398 
108 256 0 258 253 385 114 512 512 62 3583 271 2594 457 3248 1399 411 1133 2129 1268 3499 790 2415 1121 163 72 1525 3168 1210 1387 1917 1236 1708 3427 1409 1751 3213 2380 2790 2402 2 3401 2527 1143 1803 3031 769 1662 2503 97 3307 472 2530 1428 2184 2026 3306 3755 60 3338 3953 1107 447 2853 1119 1631 2201 209 216 1563 57 3613 
109 256 114 258 253 385 246 512 512 63 3092 1812 3547 217 3559 718 1734 2787 2293 3201 3268 2113 1462 509 1621 393 147 1396 2555 1894 1585 2092 3711 505 2647 2729 3040 585 2283 3971 2587 730 373 122 3840 659 1216 3384 282 2383 3693 3081 2024 1890 3190 1870 1611 2068 3500 417 2052 2353 2080 3658 1889 1532 1614 1567 2126 2881 2972 168 3287 
110 385 0 258 253 512 98 512 512 62 49 1253 2166 961 3468 2135 994 1352 3458 248 2164 196 2561 6 3530 94 3263 2658 1698 2936 3954 2478 3198 2123 3538 821 1277 3817 1339 3949 3774 2072 3218 1220 1337 3722 2642 1365 3416 2983 226 983 3266 1446 1962 3523 334 2117 832 1246 2644 1434 1076 554 1933 1558 3149 3950 3138 1087 2585 1338 
111 385 98 258 253 512 246 512 512 63 2416 3146 1648 1555 1591 2956 556 2982 2864 532 2111 61 1625 3692 1686 40 3837 1893 2920 2274 495 3866 3139 2779 1316 3452 1952 1821 1167 1899 3299 2792 2837 1851 2909 1771 1375 1910 37 2894 3032 692 1874 3481 1162 344 2880 1951 2270 2717 215 445 1503 3082 1017 242 2366 3552 2143 173 1130 1838 153 
112 256 246 0 0 375 376 262 257 62 960 1124 382 2067 2409 3431 3250 593 599 3769 187 3396 1471 409 2878 512 2975 3822 3229 1639 3091 2970 1257 58 2389 1504 1865 3231 1725 3207 649 3546 884 1818 323 1091 1377 433 3467 2849 866 3753 2339 1442 802 2439 1864 3587 2471 3292 1032 2943 3114 1284 1179 1249 3686 701 193 951 3454 2136 
113 256 376 0 0 375 512 262 257 63 912 1692 1169 3859 1081 1305 180 1067 942 1357 1833 1575 796 1010 2614 320 697 1276 1319 3740 34 1005 2841 1011 917 65 2322 3819 314 3555 1840 871 564 610 998 3917 1609 2253 1142 1799 1858 758 2807 3505 2035 410 3962 3068 1443 2704 2714 3270 306 2480 228 670 914 3501 3237 1748 823 794 1137 
114 375 246 0 0 512 385 262 257 62 1264 2191 3148 424 1485 227 2578 3617 1991 389 1790 140 2392 189 275 1182 3526 2306 466 1457 3493 1497 1494 3956 3411 877 1721 95 1484 2332 3489 3324 2762 2171 3296 1366 3024 322 1333 779 3974 1459 2941 229 3981 1052 972 3178 1732 211 973 1188 1041 91 669 2988 1744 2879 1170 2954 3525 1351 
115 375 385 0 0 512 512 262 257 63 2368 1164 141 632 903 1942 3969 1789 1273 1007 3789 2670 1340 479 2118 2376 1739 1016 854 1407 3871 2931 526 897 412 2872 855 2084 3932 721 1435 2133 2015 77 1947 1001 2418 2996 2148 1509 1291 449 3051 1919 836 2512 2948 1315 1727 1363 2685 2806 2782 1824 1513 2840 827 3821 1168 2435 1024 3417 949 
116 256 246 0 257 387 390 262 512 62 1118 3075 3058 1601 2357 1099 199 3308 709 250 2267 3689 785 3677 2949 1922 3055 619 736 3788 1746 1669 905 3007 2962 1576 2103 1512 1134 879 349 2162 3346 3256 3868 3545 2546 3022 1963 2323 2867 1320 3387 2519 2889 3543 2059 237 521 133 3762 115 2132 1551 3043 3923 300 1700 3808 194 2349 3265 
117 256 390 0 257 387 512 262 512 63 2446 2700 1640 3372 1960 356 547 2621 2053 1542 3216 3977 2645 2617 3445 2131 3064 1638 3205 3729 2318 3795 1202 3339 624 1089 3 2586 290 441 2272 2498 1863 2974 3290 2454 1816 558 3669 675 93 2579 2751 2032 3639 1045 968 578 428 1992 1405 3063 1883 1192 1554 1302 727 3604 698 2399 859 276 3005 
118 387 246 0 257 512 387 262 512 62 3550 233 784 2449 3019 3710 1906 2699 3787 1788 2188 1729 2042 2665 317 2406 924 2862 1857 3886 919 2177 2157 3041 421 941 1903 432 1514 116 2524 2444 620 1223 3835 2108 1571 2706 644 2172 2242 2023 1326 2937 1078 2515 3814 1529 2046 397 2432 85 1063 2417 2167 1763 480 117 287 1286 2423 2199 
119 387 387 0 257 512 512 262 512 63 953 1618 1749 815 2680 2860 482 3262 1278 2288 1072 2168 2326 583 1937 2810 2436 567 2147 3700 3679 2464 166 1720 770 1208 1015 1647 280 277 2243 1080 172 3880 2317 2269 2855 940 2355 1040 518 1792 1295 1217 3572 667 1945 2945 1274 2838 2671 157 1605 3121 3892 1378 3326 2758 1964 1505 3581 2348 2119 
120 256 246 262 0 375 371 512 253 62 3015 1404 106 1083 2728 3561 2361 2516 800 1859 807 3455 1967 702 3382 645 1155 416 3453 2574 2805 2062 916 23 2469 3737 2641 3602 3989 1445 2244 1289 609 2221 2786 3368 3975 3982 1489 3909 3000 1844 1629 2567 3664 2153 1270 3313 1122 2572 1035 1612 3588 3492 2051 601 1423 7 3204 1000 3089 1581 
121 256 371 262 0 375 512 512 253 63 232 2539 3509 3214 219 415 347 3911 3162 538 108 390 3687 3227 3420 3712 2708 2979 1670 580 355 2991 3386 2185 1026 3968 1867 1197 2715 1322 1619 2918 1673 1213 1980 3733 1923 1454 3373 1745 401 825 3366 1312 1675 1056 837 2351 3013 1406 2716 3080 3407 2474 2219 3419 3439 2674 638 1768 1809 2803 3537 
122 375 246 262 0 512 369 512 253 62 835 1961 1385 3304 2623 1328 88 1920 1126 158 3878 456 1941 1086 1224 2405 2085 2741 3935 1766 3916 1965 3574 561 2625 1073 737 746 664 1211 130 3039 881 931 768 1827 613 2662 1703 3322 2873 1427 3772 2589 1481 384 2442 53 3943 3332 3580 3681 2902 705 171 2832 966 3261 3557 2228 806 3383 
123 375 369 262 0 512 512 512 253 63 3130 2963 1968 2377 3625 3301 1235 936 1117 3539 2007 3463 1557 3251 3585 3623 1100 1301 3357 3365 707 1108 3253 245 3517 263 971 579 3488 1565 2229 1843 3111 1643 872 1474 967 2966 2333 1018 3563 475 1184 145 73 1579 3929 2531 3593 499 1753 621 1448 1785 394 1348 2090 3182 3244 1176 491 3281 2553 
124 256 246 262 253 390 395 512 512 62 3567 253 3942 3988 2363 2259 240 1971 3887 799 801 3995 816 2659 1429 3300 3913 2324 3992 327 3874 3283 1183 1546 1380 1956 3027 1777 3528 2425 685 673 595 2694 864 3362 3856 2482 2698 2776 1911 2212 2490 640 1760 2927 1593 1854 3845 3577 3793 2551 3152 898 1815 3046 2094 3309 2043 1060 2005 420 
125 256 395 262 253 390 512 512 512 63 1755 213 3638 2158 1907 862 1004 759 3128 2316 197 1801 3508 646 2089 1006 1349 113 378 3273 773 1149 462 3763 1495 2701 2961 3611 2315 1382 1123 3993 3714 2813 402 2106 1848 1456 3006 3358 3269 1891 519 1158 2098 2874 1641 2448 1482 2445 1381 2266 3433 1082 1068 2271 2748 566 1038 3255 3184 1472 752 
126 390 246 262 253 512 389 512 512 62 3004 3222 1977 3180 2668 788 3376 3784 22 1602 980 1250 1480 3802 3405 3150 1413 3652 2911 1190 589 3752 3359 478 765 2618 1524 2591 2301 767 3395 2689 3558 3016 3996 179 2378 1151 1931 3470 1714 3490 503 3094 3936 750 3564 325 1979 3998 2583 1440 900 2401 753 3113 944 2732 3884 3578 3069 1805 
127 390 389 262 253 512 512 512 512 63 2424 3331 1156 2799 2702 695 2233 545 584 3660 259 1034 963 1701 1586 455 3994 1424 1515 1160 1293 3657 2020 2563 1764 3860 1331 2225 3790 786 3112 2110 1832 1127 3741 3675 2798 2134 1084 2222 1458 2967 1138 1372 104 1247 1492 178 2533 186 729 822 1065 1414 1887 560 3678 0 464 1028 3765 188 10 
