256
256 0 0 0 0 131 130 134 116 39 1496 8560 3228 829 46 9251 1847 5165 2159 8688 7141 2820 368 5360 2552 2308 5500 4251 4847 3548 4487 9945 5072 2696 304 3792 1373 9272 7112 5198 5066 8574 3195 8136 5169 3667 5001 74 6029 
257 0 0 0 116 131 130 134 266 39 8465 3107 7929 3615 3614 4245 5405 1332 5136 6053 6184 3641 8569 8170 9229 797 160 9834 1921 7574 7796 8665 4986 2337 7357 3965 6952 9976 6550 3388 2893 712 6036 7937 2713 6185 256 9451 4636 
258 0 0 134 0 131 130 258 156 39 2868 2186 6749 5797 9082 283 7426 6128 7920 4564 9054 4998 353 3076 2766 2693 5704 986 5894 6576 3894 1417 56 4072 3522 7805 1473 4385 3927 3904 7563 3914 8051 576 5186 2746 7780 9877 5973 
259 0 0 134 156 131 130 258 266 39 5800 1129 5391 5123 8246 2036 7817 3619 191 9398 4091 3061 1013 5676 5709 665 8016 1161 8127 337 1401 4906 5931 4059 9252 4775 772 2653 6555 7093 1239 7508 1479 3267 8646 7319 5370 8535 3607 
260 0 130 0 0 131 249 122 137 39 908 9810 2830 5656 3418 6617 54 8264 4918 5426 7260 8881 4214 2731 5870 5757 4664 7793 4959 3185 7773 339 5240 3910 4473 2600 3141 1741 7496 811 2235 9774 2595 1248 7639 8466 4069 2081 9228 
261 0 130 0 137 131 249 122 266 39 5594 8025 2346 1379 1603 7302 8132 7968 3352 5467 5593 5087 6333 7485 8482 1093 7064 6778 6344 7170 7006 7861 9050 6388 5845 3483 5216 686 1225 3103 9439 9908 4603 7635 2613 4956 451 4617 7150 
262 0 130 122 0 131 249 258 122 39 1237 4976 4101 249 517 6125 6018 9369 3906 8231 4574 4151 6065 6662 7947 2744 2507 4383 9863 9912 1036 2791 6319 6839 4309 3238 7286 6600 4122 1261 7014 9454 174 7790 7384 6734 3099 5532 6429 
263 0 130 122 122 131 249 258 266 39 8418 5015 4893 8285 7655 6015 4613 5118 8586 8094 5213 2682 8751 4765 4604 5313 4872 3683 8553 7279 1521 7249 2220 3553 291 490 7023 8079 6493 1292 9914 2374 3573 7809 6522 4453 1345 4358 3260 
264 131 0 0 0 257 129 111 133 39 7816 895 2571 9214 9777 3298 5796 3696 2241 5844 9935 3340 6346 974 6101 3635 5228 9622 8741 6076 591 9352 8581 5510 6866 4368 460 2620 7551 1110 3361 8293 868 4204 1500 1592 7142 7605 2161 
265 131 0 0 133 257 129 111 266 39 7158 7196 3434 1418 3101 1131 3210 5966 8808 4329 4739 5635 8946 7399 5591 5064 2564 9069 3314 5631 4850 1470 3279 295 7017 9476 3825 6342 269 3532 1166 6903 3179 5919 8786 6215 3155 8584 9284 
266 131 0 111 0 257 129 258 134 39 6167 7094 2904 2505 7178 3672 4234 4614 5063 2060 4081 8933 8444 1677 3239 1453 6516 2709 165 9430 212 6585 5161 1394 9122 4722 8876 6924 8643 9227 715 7349 1597 2465 2372 1750 9001 8275 8060 
267 131 0 111 134 257 129 258 266 39 3628 4659 7763 8880 4752 354 8667 814 8346 6696 747 4169 577 3796 1519 1718 8859 4910 3606 8120 8458 9104 5233 110 8394 8779 2076 7540 3973 7713 8005 135 1946 364 3893 9051 5468 7214 5523 
268 131 129 0 0 257 249 123 136 39 1973 6505 2460 9606 9866 9639 5985 5170 3782 1516 9937 2390 100 6305 9767 6580 5363 1613 725 1436 3057 235 2977 8076 8843 9168 7424 8765 1159 1850 5018 5654 3785 5619 2095 7371 9668 8638 190 
269 131 129 0 136 257 249 123 266 39 979 6041 7306 7724 929 7365 6886 2027 8992 4779 2268 9628 1199 7314 7881 777 4141 6373 3084 51 6347 3334 7301 4016 6095 6218 9657 933 7788 2073 5771 3072 6197 6220 1939 3029 2629 7618 1368 
270 131 129 123 0 257 249 258 136 39 4569 5770 5540 9788 9355 8247 2428 8039 9572 5784 1227 7110 1095 8045 7029 2969 6710 2847 4064 7616 9349 5789 8383 2634 8521 2238 8657 6904 9603 8539 9244 8550 3560 1915 1650 1938 2599 9813 380 
271 131 129 123 136 257 249 258 266 40 2626 896 5839 7359 4218 3616 128 123 542 2175 1254 5031 9022 4794 9474 3320 9255 9587 7037 2223 6570 7939 3170 4296 5454 9943 3599 6362 1145 2649 8823 7622 1758 5448 3154 553 7066 1660 7595 4136 
272 0 0 0 266 127 128 131 381 39 8197 5664 2664 6466 2738 981 5357 5470 2861 9746 252 9195 279 3948 4328 1230 6629 4755 5698 8577 7956 5710 6265 4379 3169 452 5487 9765 9475 5767 792 381 8915 6747 5 5689 962 8828 5801 
273 0 0 0 381 127 128 131 512 39 6861 1733 5651 935 6988 3873 2900 8971 6966 1466 8090 2829 4792 3654 8670 684 4051 4052 6072 9105 9789 151 2395 9673 7121 7091 8409 6872 8489 7085 8214 3220 3297 7216 4612 5534 5626 4270 8602 
274 0 0 131 266 127 128 258 365 39 534 678 8227 1834 4611 7776 5886 1715 7625 9162 4082 9156 2795 1916 4789 598 4107 8131 744 9727 4630 27 2071 625 5996 3976 2932 3380 6238 1588 2174 8870 1205 722 90 7977 1522 8927 109 
275 0 0 131 365 127 128 258 512 39 4519 7470 858 9242 2612 6544 1265 6239 8568 7671 5419 2156 4450 2707 3952 6295 6106 5637 1280 5151 4715 7919 5933 8908 8064 8861 805 5278 6530 7324 2379 4690 8654 7910 8600 600 4953 4693 6724 
276 0 128 0 266 127 249 117 388 39 6288 9357 1756 6565 9378 6998 9383 4172 7351 2144 7905 9081 5164 5059 8511 8931 3426 3876 6470 8153 9211 9708 3143 8865 6763 3838 142 127 7531 5682 9093 3484 819 9521 2109 9381 3713 9116 6257 
277 0 128 0 388 127 249 117 512 39 6169 522 6501 8999 3961 7223 7203 5040 3576 876 7532 3643 5029 716 2601 7038 8877 2151 5212 3726 4073 4832 9716 5720 717 5607 5780 3399 4500 9922 7509 7798 4678 2891 2871 2939 8334 453 6875 
278 0 128 117 266 127 249 258 401 39 8428 5380 8856 492 8321 2245 5004 5774 9271 9560 9134 677 7924 4310 1185 8426 2695 1709 4247 6331 4346 8130 8440 4421 3498 4539 6119 9816 1214 5515 4571 9324 8336 7163 9190 2809 4176 6409 3520 
279 0 128 117 401 127 249 258 512 39 562 6159 7623 2537 6567 8322 2742 5911 6641 1393 6920 5942 241 7356 6889 400 5266 2863 7696 8575 6026 4493 1098 9052 7527 83 9607 4833 4363 7059 2264 5713 1772 4980 9087 7915 9365 9524 4553 
280 127 0 0 266 257 115 120 389 39 657 3536 8627 8268 8225 7683 9310 8082 4697 6514 4565 5215 7001 8224 2772 8399 7322 7338 8608 1370 1860 6165 9934 1852 5733 2336 762 4055 7553 4830 2773 1059 4616 8888 3156 5143 7822 6568 5073 
281 127 0 0 389 257 115 120 512 39 2733 8983 7770 8635 28 6788 867 146 6273 4217 6361 1656 3392 4730 2550 5677 7837 398 2843 4859 6339 9625 2189 8337 5512 8495 1507 4842 7445 9839 9178 8220 143 25 9384 7379 3863 869 6792 
282 127 0 120 266 257 115 258 376 39 8582 1817 7392 3963 8251 169 7153 693 1321 3972 9731 3436 2330 2273 6307 6743 4719 2535 4106 3009 5338 5404 3798 2492 4028 6500 3047 2452 2236 906 4086 8221 2310 9445 2325 3673 1231 7340 7697 
283 127 0 120 376 257 115 258 512 39 9688 948 2875 6476 6478 1627 1651 465 3440 3891 138 8194 4102 8157 9335 6835 7833 1793 3957 9608 570 3707 374 6357 6625 1717 9147 4823 3188 2431 2726 429 4254 3723 8347 1229 5511 2407 9431 
284 127 115 0 266 257 249 120 384 39 5946 1548 2743 4853 8238 11 7933 1547 9965 8949 1021 3272 9435 1180 2906 2993 9530 9644 2277 7507 703 5060 1281 7621 2181 5830 8540 947 3100 5569 9313 2441 2959 7686 8672 2344 4912 5195 3404 
285 127 115 0 384 257 249 120 512 39 272 107 984 7437 2556 7869 3117 6279 6840 2388 3645 3428 4213 7341 9132 1074 265 3274 8481 2827 4492 13 1136 2100 1835 2952 6918 6406 4946 2753 5690 2213 8073 2056 2305 1825 9415 8616 5544 
286 127 115 120 266 257 249 258 376 39 7951 8117 2202 6656 3624 749 8796 8630 7347 9575 9205 3671 1397 7015 6687 3109 3833 8107 828 1491 8834 4545 4332 1926 5425 7092 7567 4457 9158 2137 8295 9633 8997 2083 2472 2384 6086 1674 5322 
287 127 115 120 376 257 249 258 512 40 5863 6691 2206 7134 1355 9220 4917 7490 6837 3648 312 4607 2437 2616 7293 1970 8513 9523 1645 4390 958 3018 3151 6898 8271 8234 1297 2470 9438 6236 318 8300 1303 8425 9538 9809 9888 5282 167 4326 
288 0 0 258 0 131 106 391 129 39 3775 1115 9892 7032 6812 6483 6482 7320 4446 6424 6758 7807 7084 3181 7008 82 234 1350 473 111 9480 8945 7584 1837 4182 8611 7628 4006 7245 4999 8628 4778 2294 3777 6561 6403 3934 4146 5967 
289 0 0 258 129 131 106 391 270 39 3217 5351 904 3541 5707 5701 9858 3895 2848 6830 1841 5330 985 5867 2559 3820 9551 2360 6523 7414 3759 2510 5495 6757 8446 8008 5406 1389 1537 1658 1876 243 8571 4321 1553 6260 1846 1187 5859 
290 0 0 391 0 131 106 512 112 39 5296 4807 7276 5519 1880 2712 4898 5906 1174 5484 9563 3328 987 9316 2929 7478 5384 1820 6212 6256 4266 3093 9764 273 7180 9124 3429 6001 4522 2278 2940 192 1659 6183 9586 8374 2205 7647 5431 
291 0 0 391 112 131 106 512 270 39 7692 5588 3951 2783 6374 1702 6176 6888 915 3862 3410 4808 1655 4163 628 1782 2354 3778 946 6524 6790 9519 2430 9446 510 302 5809 5324 6174 5909 4885 4198 8273 6802 840 1895 7660 6345 9483 
292 0 106 258 0 131 249 400 139 39 3728 3747 6114 9322 565 3496 185 2590 3102 1932 2605 4991 1383 4705 8434 8615 2656 7118 8882 5464 7887 3389 63 8072 351 731 1958 3415 3497 2899 2955 3003 7339 3518 4124 668 5288 2427 9631 
293 0 106 258 139 131 249 400 270 39 1057 6652 8719 4589 1455 5329 9221 7452 5054 6058 8813 2091 964 6880 4601 9065 2463 1811 2697 9835 7382 8831 857 4644 5971 6421 3371 5636 1909 5437 1615 9891 9972 2944 5600 9804 9266 2924 618 
294 0 106 400 0 131 249 512 140 39 3736 5764 3507 4783 9890 5142 2489 4034 3249 7049 281 2404 7024 781 501 7274 6534 6582 4208 4772 7510 7374 4482 6921 7711 1096 3232 6542 8732 2525 7299 80 527 4935 7897 8110 3053 3028 2411 
295 0 106 400 140 131 249 512 270 39 4628 2387 9782 9528 8249 5579 30 8160 7103 2282 846 8266 9315 2281 1483 4173 4135 4666 6961 1520 293 7916 1830 5439 2825 3955 8525 6979 6317 4236 1657 148 255 8954 5665 1244 4288 5678 1550 
296 131 0 258 0 257 122 371 157 39 3870 3327 3437 6766 207 6479 6233 89 3529 1432 9014 8953 541 2925 3374 267 1898 4474 5581 8612 2182 7058 9651 9198 3980 3337 9364 4735 2485 5239 2660 7610 5622 6914 4397 2953 1531 4761 2655 
297 131 0 258 157 257 122 371 270 39 3412 9154 3403 8634 8424 2176 3847 9996 3461 5444 2749 7098 6284 1626 9408 2311 4267 1212 7067 352 7055 9356 6116 3924 3690 8 3192 7186 1490 9960 9695 3485 7076 5536 5390 2812 6807 5343 3212 
298 131 0 371 0 257 122 512 129 39 9941 5606 3600 9325 9282 9174 4800 559 9938 7983 4993 2760 6532 2107 8742 588 1088 5107 8014 7144 6733 4096 5033 2154 1918 3815 3329 8650 5251 1617 996 9658 4710 6939 9739 3941 230 5442 3243 
299 131 0 371 129 257 122 512 270 39 2345 5226 6858 33 3456 5379 9007 7022 9095 1477 4534 671 1610 3323 688 574 8924 1252 4673 9581 6407 4058 26 6826 8554 1556 7167 1062 8619 652 5957 9744 3088 9676 7396 1653 3506 3773 1940 
300 131 122 258 0 257 249 374 123 39 3447 8216 2025 9015 175 2006 9617 925 1014 5805 6485 6725 9494 2912 7179 608 5741 9033 8284 9713 4816 6806 9342 8633 9855 2615 6854 989 2877 6275 1836 7327 2580 342 7659 5501 5327 2145 6842 
301 131 122 258 123 257 249 374 270 39 6414 6767 6771 776 7654 9545 6453 3026 9280 9783 2768 4238 3879 6213 4615 4325 813 5547 636 1221 6948 9971 3724 9106 8462 1974 6228 7305 2517 3219 8282 9038 629 9302 6325 1628 8982 9675 3735 
302 131 122 374 0 257 249 512 135 39 3813 5857 5970 899 4467 5308 9268 8000 9723 2725 6992 9748 383 4997 9260 8147 7350 1461 8988 764 6885 1600 9558 723 9460 6249 2850 152 3133 3618 1978 1561 1354 7566 4092 3631 2765 6935 6816 
303 131 122 374 135 257 249 512 270 40 733 8384 5897 5453 6876 9596 3761 4591 6143 2506 3132 3351 2065 5649 3926 6606 1885 1347 7577 1987 3475 9845 5024 1085 3715 8593 689 7318 221 4097 2211 4356 3025 1539 6008 592 483 2545 8970 4529 
304 0 0 258 270 122 121 381 407 39 8711 4465 2816 7538 2845 4335 894 5274 6473 8013 8716 1327 6432 2934 6375 8601 6469 8099 3259 8858 2648 7680 9312 9485 7571 6856 9803 889 4413 4776 7590 4318 9741 124 376 5878 3193 5851 5905 
305 0 0 258 407 122 121 381 512 39 9360 5493 4026 1578 2938 3196 9999 1526 4350 674 687 9821 1196 3119 8307 9332 2034 1599 3391 6623 2788 3059 4635 3124 8342 2327 5953 8771 3852 8001 5787 6887 9403 1668 7662 2538 7846 6593 9200 
306 0 0 381 270 122 121 512 417 39 6427 4481 2688 5549 6237 607 7762 2723 1800 3118 4359 315 2886 5527 6672 4978 4937 3137 1616 4087 9422 6358 254 7290 988 995 2826 7602 6405 1506 3688 4400 892 6729 5556 4843 3422 1288 4125 
307 0 0 381 417 122 121 512 512 39 7498 14 423 6528 639 1341 4706 7438 1954 6850 5932 2687 3341 4128 2610 2477 8250 8857 6627 1594 1797 7169 4503 6111 6675 1298 4298 7025 9129 7521 7560 442 3938 891 8496 4913 3344 1092 2231 
308 0 121 258 270 122 249 382 411 39 8024 474 7976 3937 1688 3165 4652 9075 7913 9761 8873 5769 9367 7526 8656 1672 379 3622 7589 5541 8398 9869 5503 274 4974 71 9285 5824 6140 5685 4377 6324 5394 4343 3161 9693 5323 2739 4199 
309 0 121 258 411 122 249 382 512 39 7561 8780 4023 7727 1128 6942 7948 2196 8938 5130 7751 3252 2609 8590 5069 714 5807 363 2039 42 1985 6726 8504 5045 7832 6390 6709 7328 9647 3226 2170 5462 5261 1533 2915 3194 9006 910 8747 
310 0 121 382 270 122 249 512 371 39 6956 328 4648 5517 8794 284 6689 285 7241 7133 8480 5850 3173 1634 6706 1862 926 6096 1535 8456 6117 780 9135 8449 648 4592 2340 6796 9661 6609 4314 5258 2461 939 7925 6255 2313 9203 7949 
311 0 121 382 371 122 249 512 512 39 9690 3743 7044 5856 1530 3312 9362 5696 324 2061 596 886 5829 3375 8084 2514 3060 2019 6702 2856 2041 4149 3877 6286 627 5250 2995 3896 1527 3716 4378 8363 4524 3514 9047 7769 6557 307 6823 
312 122 0 258 270 257 117 373 388 39 8431 8053 5490 7679 4964 8887 2821 3898 938 5244 8930 361 699 7027 6762 4518 4749 642 2497 5775 1285 1584 2950 5980 751 3745 3890 4552 9561 7352 1541 9062 5936 7652 6328 2866 8894 8370 1460 
313 122 0 258 388 257 117 373 512 39 5815 1566 1215 3402 2054 2087 5076 9327 9486 6867 5335 2130 6504 7576 5961 6508 5210 4609 6287 4801 6254 5334 6549 7831 4838 5814 8890 2050 7182 3596 7454 4258 8795 9710 8789 6723 4349 8914 8766 
314 122 0 373 270 257 117 512 395 39 3177 1914 2204 1031 2209 9687 7797 8017 9098 9932 1810 1386 1664 2012 1209 5792 3556 5849 3393 8457 4737 1374 3215 1296 9654 6977 9334 1323 1630 5350 9642 102 329 3807 8760 2588 3397 3157 4244 
315 122 0 373 395 257 117 512 512 39 1726 3827 7516 8709 7360 887 5808 8987 6034 2584 4892 6035 2250 6051 5046 7404 6340 154 4320 8187 616 9717 8265 6529 6965 8031 8920 2255 7444 9224 1925 9660 3939 9072 9358 6031 4700 2014 9215 
316 122 117 258 270 257 249 362 408 39 4207 3354 8158 2371 1266 2639 6770 5345 5482 2367 2669 502 6296 5838 4781 540 4380 4984 2919 7176 8557 4649 5185 4620 9824 5090 9123 4954 5127 849 6936 6775 8101 5223 8200 3074 2016 7518 7992 
317 122 117 258 408 257 249 362 512 39 9805 8212 7982 7227 2965 8973 3254 789 5951 7434 9305 9019 4770 2075 5276 2004 4303 9967 4455 8591 7908 7778 9643 4049 8112 8640 3589 3767 6225 6395 2933 2197 7942 8702 4426 5621 4265 8698 1696 
318 122 117 362 270 257 249 512 366 39 1604 6543 5737 7398 3931 1358 1913 5420 8884 35 2998 3257 2778 9539 5956 8682 7289 4279 1897 5307 36 5140 2544 5887 5167 7211 5238 406 292 4144 9333 3901 9326 4734 4443 6934 9404 5062 3073 
319 122 117 362 366 257 249 512 512 40 9089 19 7522 6434 467 7865 2633 890 8707 7285 7547 9136 637 7265 8405 3356 3413 1683 7329 8226 6451 7046 8731 9287 3123 6829 5959 8844 1948 1194 3842 5546 70 9 5135 6240 8594 4305 2447 6103 
320 0 249 0 0 143 363 121 135 39 7923 1690 2678 3527 5827 6080 7963 3776 1528 5270 3732 552 4439 8951 9241 7175 251 69 6068 2433 5254 6077 8026 1935 8588 1934 2240 7611 7277 7455 8647 2624 258 5450 6951 3945 7725 9441 1856 
321 0 249 0 135 143 363 121 258 39 7257 7488 3071 8925 3235 9800 8862 55 5207 4637 2854 2358 3519 1685 7395 8061 1139 4183 2971 1982 7749 5375 1299 5948 2793 9772 9977 6245 1408 8902 907 7477 8570 3293 3125 4966 4440 4174 6267 
322 0 249 121 0 143 363 251 127 39 4660 1344 9745 4764 2180 603 1112 3812 2044 3167 1684 2484 3491 3432 2606 3095 6404 5154 4480 4461 435 2169 3535 5642 477 4307 4139 6186 8739 8097 9514 4621 2997 5939 3780 2839 6004 6471 8078 
323 0 249 121 127 143 363 251 258 39 1450 8830 8730 1996 3033 7694 1623 3933 622 8770 6364 6209 6650 7113 2834 8825 9910 6538 9590 3823 7898 7764 4558 6937 1663 782 850 6819 7957 713 9337 2230 6637 1642 4663 1287 3849 2141 923 
324 0 363 0 0 143 512 134 157 39 6703 4386 7069 778 2964 3830 7128 4657 9689 131 2577 8018 78 2994 6844 4392 660 9894 3135 969 261 1313 5693 5139 9246 4686 4489 2247 3758 9898 8815 2312 8301 2381 4375 8506 2178 4694 6014 
325 0 363 0 157 143 512 134 258 39 7648 8549 338 9396 4393 831 3342 9540 853 9347 4255 7674 9543 6343 1444 2422 4632 8603 7836 7733 4676 9829 7300 8763 5115 4756 6973 9822 1646 4988 3718 3872 3446 2992 5538 9984 1904 8134 3990 
326 0 363 134 0 143 512 251 125 39 5229 3017 4230 6558 8748 706 7229 4306 4271 4826 289 4062 4300 4336 9291 7993 9574 3512 1094 7500 2038 3321 4940 7362 2509 2263 6010 1543 9567 3079 5204 9981 6518 4943 4969 8959 3316 6804 2683 
327 0 363 134 125 143 512 251 258 39 5929 2885 5715 6063 8156 9143 2450 3841 7575 1061 2226 874 6676 6134 203 3684 5578 1596 7255 6810 134 2419 431 4476 9997 9394 7901 7474 5486 5753 5722 4726 1736 3542 3390 8564 9164 2562 5499 
328 143 249 0 0 257 389 118 134 39 8233 6133 7487 6447 4713 6635 1966 2287 7900 8325 5317 8583 5750 775 3030 5149 392 9698 1294 3749 7940 4683 1943 8703 177 9197 7052 7283 8180 8118 8622 9114 739 7839 5374 3187 4638 2352 8543 
329 143 249 0 134 257 389 118 258 39 6800 5991 1988 4190 9021 4901 2304 3381 6246 662 7604 8402 7271 9662 8523 8976 2897 7835 2727 8089 3171 2210 5643 5766 5259 6666 5008 2844 139 8756 8450 5412 6761 8339 5340 1189 4089 1395 536 
330 143 249 118 0 257 389 251 127 39 5455 7102 8146 4031 7412 8445 8990 9875 2476 3450 8651 650 7194 311 7842 7034 488 2502 7882 1636 4514 1033 9103 8088 3739 375 7149 9000 3754 5575 5711 5193 7879 8738 3889 5355 6054 6472 8798 
331 143 249 118 127 257 389 251 258 39 3801 120 2822 2721 2018 7677 7542 5376 181 5521 4412 1419 6913 224 6461 1314 4526 2296 8669 8287 4206 3668 2237 6144 7888 5674 6805 2047 1334 9270 3236 9467 6910 9750 4869 3551 803 4971 8125 
332 143 389 0 0 257 512 116 130 39 3233 710 3451 3861 1808 9128 3571 3438 2801 573 4371 6944 387 6032 6869 4109 2923 7210 9171 1881 8483 7644 1304 5726 3921 3349 1079 3430 44 1552 7546 9348 7981 2870 6190 4338 6105 3105 5421 
333 143 389 0 130 257 512 116 258 39 2566 5364 8152 3903 2257 6109 6315 5389 4967 8802 8163 67 4297 1738 6064 7594 893 7427 7421 7707 4810 5498 8121 8420 330 2757 743 5539 4355 5938 5508 4994 1608 396 8984 294 9791 5760 5668 
334 143 389 116 0 257 512 251 134 39 1743 8901 4408 9336 6748 742 3756 7735 5441 4367 1391 3566 9099 5019 2248 7282 3665 3783 5328 9886 4900 5255 6563 450 5892 301 4502 1695 7651 8528 2852 2677 691 2946 370 2234 3900 3001 426 
335 143 389 116 134 257 512 251 258 40 6348 8472 1705 1441 5694 4788 8028 346 992 1148 7716 8294 5021 3554 5476 4521 3746 2321 7095 2521 8381 1008 1140 4242 913 1995 1775 6439 5194 7704 1431 4934 2028 9911 2710 5862 2892 7757 6895 6737 
336 0 249 0 258 122 369 143 384 39 9458 6199 9149 2661 6651 3264 9206 8907 469 4696 7312 8841 4626 3984 348 543 5981 3568 793 9248 8934 8143 8202 1924 5915 182 5670 3570 2029 4391 9797 3674 2252 1804 8652 1569 6574 9032 8049 
337 0 249 0 384 122 369 143 512 39 928 5091 5582 4634 3651 634 4422 5799 9261 679 4817 7791 9684 4414 487 7536 2711 5660 1780 1589 6685 6355 1384 5903 298 8442 7083 8866 5291 7035 3379 4675 3056 5423 5502 7815 8166 594 3575 
338 0 249 143 258 122 369 251 381 39 3398 1324 7224 1369 2077 3408 760 6648 4110 8978 8678 4044 6945 3258 9144 5782 8219 9656 3805 2218 7074 2299 5891 6559 1770 5286 4448 439 278 6369 8165 2400 7145 5249 1051 3598 9232 385 6337 
339 0 249 143 381 122 369 251 512 39 2628 8606 7262 1003 4148 5645 631 5199 5285 7005 5034 2121 4012 774 1053 3163 9239 1957 2347 9885 5732 1475 3881 9212 4410 6989 7840 950 4262 5803 170 3629 977 4650 5160 9847 9183 7333 3106 
340 0 369 0 258 122 512 127 375 39 198 6990 2343 7523 5440 4333 902 2488 4877 5230 9672 5424 8396 9881 2549 6893 4804 5570 8706 4162 6099 126 1989 6698 8002 4078 2597 2300 1146 3164 6314 7579 4008 4797 8475 4741 2021 4351 1283 
341 0 369 0 375 122 512 127 512 39 6252 6756 2646 957 8885 6878 2397 1776 4405 9947 873 5900 5794 5910 7756 3277 408 990 7921 7439 7714 5289 528 3158 6620 5048 2930 1306 1271 5385 3888 7994 6997 5695 7739 407 4360 3302 6794 
342 0 369 127 258 122 512 251 370 39 9776 1762 5618 5430 2443 7400 8993 7131 5912 345 1774 8814 2865 8501 5471 5272 812 4420 3464 4468 2246 8470 3513 5557 4048 1534 1724 9343 525 7403 8708 308 617 5507 7043 2031 7381 2146 437 
343 0 369 127 370 122 512 251 512 39 4916 5609 8686 4897 68 9734 2526 6859 4819 9578 8177 4922 4699 3457 9479 3052 3869 8012 1795 9525 7927 9452 6926 4354 9323 7868 5888 6441 7909 4030 6957 4930 8817 1787 4226 8524 3967 3045 1849 
344 122 249 0 258 257 388 117 391 39 6967 2426 8278 8397 9083 1912 1046 8853 3698 2745 3086 4645 817 5968 1742 3160 630 129 9915 4883 9113 2334 4364 8629 2438 6412 3449 5153 2408 1699 3350 1275 1105 6602 711 7472 5843 9426 704 
345 122 249 0 391 257 388 117 512 39 4820 6736 3826 3727 5036 4037 9283 3104 9605 901 7700 3853 5388 5395 7116 496 6836 7387 9700 965 8963 9253 6787 9465 5310 1346 103 1635 1054 4145 5793 45 1228 4790 8886 4013 92 2010 3533 
346 122 249 117 258 257 388 251 384 39 5706 3224 3285 2001 5964 7803 7183 9588 2754 2922 6104 6569 852 2070 2755 3240 4625 6131 1416 4647 1953 9682 8891 8395 3377 5485 2187 2265 9067 4168 5305 7591 590 6272 4137 3603 1023 5348 8917 
347 122 249 117 384 257 388 251 512 39 1882 6783 6821 4066 4002 511 8087 2063 7643 5402 641 1637 3649 260 5724 6972 6397 6517 5114 4815 59 8243 2440 7537 5483 17 508 5257 4498 5865 7534 414 9449 218 6815 6630 4299 4093 7617 
348 122 388 0 258 257 512 105 374 39 783 8714 2289 4015 1671 2292 7502 7253 6417 9964 6618 8842 3023 1691 4989 5749 9108 2724 9111 529 3083 7873 5879 9887 5545 5848 5667 5168 3510 726 5972 2214 1929 8311 8400 9555 9303 3414 7557 
349 122 388 0 374 257 512 105 512 39 9320 7853 8855 1679 7903 2258 9565 6070 434 2261 2286 3592 7936 3176 4088 5916 9423 4427 8128 2914 7376 3640 7786 3275 2017 4442 1464 2804 7120 7953 3804 3569 3286 6400 6334 6277 5094 5112 1478 
350 122 388 105 258 257 512 251 374 39 9949 3364 1267 6062 9830 7389 7045 720 4513 5111 7236 856 2421 5735 918 7896 1570 3709 3140 5265 9177 2364 6350 6281 2638 4232 9040 5121 8806 9005 9048 7743 6653 7710 9173 8573 2481 9010 1165 
351 122 388 105 374 257 512 251 512 40 3544 1665 3288 4253 9058 6987 5177 1262 544 9751 5861 8515 7890 5081 422 268 8417 9402 4352 9721 1025 1219 1754 309 6982 6673 6433 700 3725 4249 3730 7413 9533 6899 841 6158 1735 9535 8897 8313 
352 0 249 251 0 121 376 375 116 39 7754 1307 5890 6694 6127 5447 4981 4528 5422 8832 2114 6583 1998 8725 2496 8237 2747 7960 1177 8753 7573 2504 861 5192 3970 8829 4035 9760 1562 2331 3502 3223 9346 1730 1251 4643 6107 3964 2635 
353 0 249 251 116 121 376 375 253 39 4095 6674 5680 5691 6968 2320 8625 3370 5554 6204 9826 4225 7146 1125 9978 8254 96 21 7914 7448 6126 2921 4702 9100 2973 5840 2140 4870 5172 8173 1109 7723 8937 7486 955 3751 6834 5518 3695 
354 0 249 375 0 121 376 512 125 39 5987 6664 833 1624 5095 7970 7858 530 5200 8292 2309 1900 6002 3627 7750 413 9630 8021 4566 8151 4985 3142 1433 5435 6248 7667 6498 922 1747 7717 1116 9686 9840 8768 8717 3750 6118 5659 7613 
355 0 249 375 125 121 376 512 253 39 6161 3175 8906 614 8928 8547 6188 7475 3147 98 448 7932 5745 1855 582 1097 1362 3960 1927 7824 9424 6728 9057 2359 6946 2198 9968 4256 6379 4799 2789 3126 2284 4554 7614 64 1147 8505 5352 
356 0 376 251 0 121 512 378 144 39 7818 371 4887 8253 1822 1255 4140 257 2413 9115 3742 4767 3978 3760 9853 1263 4904 6259 7768 7669 8211 4712 4447 6495 1573 8526 6219 4536 3473 6752 572 357 2718 2857 340 6780 2652 9194 3865 
357 0 376 251 144 121 512 378 253 39 2508 3234 8721 3044 1050 6431 824 1071 6678 1077 79 7209 7829 7729 8315 6983 2102 2356 4874 7497 9819 4014 8532 9595 6182 8044 4196 9814 2935 9163 4896 5738 4147 2730 5922 4278 4220 4811 523 
358 0 376 378 0 121 512 512 134 39 8432 2338 9591 9218 5994 6038 3516 9602 3524 4687 2607 3608 2581 8609 5201 5333 1737 1234 2781 7088 2576 3311 2207 4027 1723 8487 8252 7755 4624 4960 8404 8137 5585 1959 8567 4578 195 2763 4 
359 0 376 378 134 121 512 512 253 39 1510 7272 3699 1232 2568 3925 5372 2542 3333 7866 1712 9504 9801 2770 9368 982 3882 3944 5662 8416 870 391 3186 647 3610 2173 1120 2598 5336 161 1402 8507 6827 7433 3748 8639 4372 4809 5264 
360 121 249 251 0 257 385 382 116 39 9620 9957 3621 99 6269 5671 6668 1892 6289 655 6667 3247 9702 2987 4955 6150 3478 6123 2112 7966 7462 3400 9527 4276 7765 6391 2163 4695 745 6697 494 6730 3632 7463 2066 3241 2365 7695 2905 
361 121 249 251 116 257 385 382 253 39 9382 8368 6938 7926 1044 358 1204 3242 7096 7378 9929 2999 8816 2794 1517 5592 9969 1449 1798 9390 5494 3295 8660 1707 6323 1240 3985 6327 9882 9899 8610 8613 6897 9328 7848 1791 125 7979 1002 
362 121 249 382 0 257 385 512 111 39 1722 6310 1598 2048 6791 6462 8182 52 8723 4542 1994 6201 7139 3875 206 2523 1577 2295 6562 4090 882 952 440 8020 7685 2216 3462 2040 3734 6278 2307 238 2851 5572 6607 4619 4684 5124 8905 
363 121 249 382 111 257 385 512 253 39 246 4627 2686 4416 4714 5318 5492 4180 3305 114 8455 5526 8701 9730 3839 920 7281 2984 4424 4862 2033 959 7741 3704 336 405 9980 9372 3946 7304 3246 9986 6330 9771 6781 6268 1652 9056 2675 
364 121 385 251 0 257 512 399 105 39 7336 7758 500 1984 8139 5761 7673 763 81 6604 299 403 9904 7632 6313 3540 8057 9388 6671 7061 7105 9497 4602 7988 7801 3562 3855 6383 4292 2903 5768 8788 1778 8956 9016 7555 563 6597 4138 
365 121 385 251 105 257 512 399 253 39 2666 8509 5309 7730 8965 6950 5758 5158 3565 3136 9906 2705 2079 8565 7330 5237 484 3644 6907 2833 5010 9699 997 7917 5965 539 461 6573 1796 2078 2960 6545 8203 2676 6000 5315 132 5331 4512 
366 121 385 399 0 257 512 512 133 39 7543 343 2968 8939 76 2045 7062 6739 7367 5913 6163 214 3721 3330 6071 3650 5895 7877 5050 9293 6455 9281 4188 1981 9680 8208 8572 7160 3421 6717 3120 4573 6376 6603 6616 507 5297 204 2520 
367 121 385 399 133 257 512 512 253 40 8332 4846 7752 7451 1104 930 39 4191 4193 6229 8867 8548 7222 418 9491 1058 6863 1272 3594 7079 6818 9923 7148 9225 4134 580 9176 2475 9529 2942 9648 7466 6655 8145 4401 3816 3786 666 9500 2603 
368 0 249 251 253 127 363 374 386 39 6632 5804 9879 7127 6042 7181 9031 8500 9425 8184 4046 5221 7385 3035 830 3424 791 6535 4117 3905 6784 6594 201 9311 1802 9837 3682 7529 557 9974 5097 3991 1193 3289 6023 7684 2951 3310 9063 
369 0 249 251 386 127 363 374 512 39 9351 4039 136 5504 5260 6214 3174 4791 9815 4766 3806 9061 9738 1043 7715 8869 2522 5191 8314 2459 8617 6738 2057 3515 9779 350 2673 8685 9512 5125 2681 1559 3897 851 9955 8623 2575 4293 6571 
370 0 249 374 253 127 363 512 378 39 7800 9201 4753 5904 3584 4259 377 2663 1706 8932 2208 7481 9719 7967 2232 8746 3284 443 2913 8979 1781 4079 1839 3720 3325 7886 2386 7489 4316 9447 4308 6751 1678 1309 2667 7719 4142 5881 4899 
371 0 249 374 378 127 363 512 512 39 7078 2285 5854 489 4065 6448 2672 1930 2785 4854 9186 6663 658 6511 7668 316 5101 1039 6235 6450 2518 7775 3864 9276 1336 586 4543 9110 5617 7042 8819 1999 2536 9080 3803 9034 7199 2811 4762 
372 0 363 251 253 127 512 377 393 39 6520 1222 6731 4839 5777 3867 9020 756 3208 7615 2462 8245 297 2493 176 9873 4429 4654 5433 568 5640 2890 4585 999 1682 4570 6682 7075 1360 719 8467 5209 6170 5292 1238 3834 1649 8195 5014 
373 0 363 251 393 127 512 377 512 39 804 5013 5589 5528 3705 5653 8546 6349 8335 7874 9461 6069 7726 9405 8782 3766 8050 7156 3318 7820 1784 6513 6825 6964 2239 105 2491 4394 9544 3770 3908 4130 3054 9747 7432 6610 6196 6177 5311 
374 0 363 377 253 127 512 512 386 39 3010 3230 8562 8980 661 3199 3134 1437 8494 5155 75 9319 7335 7812 843 7999 4430 1711 1201 4920 9411 3014 9204 5746 3626 921 2487 4491 6027 4911 2000 2279 3110 1335 680 5725 597 531 362 
375 0 363 377 386 127 512 512 512 39 5253 1075 5144 6113 2691 4432 9175 9024 2276 6852 3020 43 247 5833 7054 9652 810 8142 6586 5603 6857 5955 1590 326 8356 4083 9025 8724 2769 8474 6874 1030 7859 8696 9017 5944 9961 6801 9406 
376 127 249 251 253 257 385 395 365 39 4973 5641 8818 7950 3066 4622 1150 6711 3002 3831 7980 2468 7785 3203 2494 4187 2846 2393 8712 1111 6135 3999 7388 220 1568 2128 8981 5234 5408 6933 5218 8689 5754 6546 1019 5344 1467 1936 3367 
377 127 249 251 365 257 385 395 512 39 7208 728 7823 7187 1317 976 6092 2541 2458 2224 1020 5655 5566 5858 8185 9296 7202 3706 3441 2800 8840 6079 3021 7308 4466 8812 4456 4404 8386 9434 8141 605 9353 7889 5634 5811 9444 9387 9854 
378 127 249 395 253 257 385 512 378 39 3633 1831 6919 5061 5028 5113 3850 3824 6266 2303 3355 2203 4951 9827 5832 5697 8355 9066 6465 5346 5975 4098 9286 3656 6579 4533 8305 575 6025 3096 6418 3347 2150 6613 9003 6928 8338 5778 8822 
379 127 249 395 378 257 385 512 512 39 1869 9583 2479 493 3348 4373 2410 6714 4274 3085 1173 2784 7544 1620 3465 2329 2619 7972 4194 7468 4269 5555 3986 735 9778 6891 7645 436 3271 9946 6172 9184 5162 5595 4720 6900 6341 310 4433 
380 127 385 251 253 257 512 394 371 39 5203 9233 20 2631 5466 162 1465 7287 6020 2341 5128 6503 6454 2882 8190 149 7198 8030 3987 8916 1905 5100 4831 1135 1300 7484 7844 6496 8411 5625 2752 1233 6719 5473 8032 7072 3048 4396 5779 
381 127 385 251 371 257 512 394 512 39 1540 1353 1697 6011 7596 7009 7483 6198 8533 4485 1752 9973 5157 367 8046 8105 5475 2165 1873 3899 7806 4595 5577 7902 1997 2554 2302 2499 4263 8534 7954 9300 497 7552 2980 8919 4924 2722 7137 
382 127 385 394 253 257 512 512 370 39 4290 8179 3153 6489 1902 3846 4435 5411 5080 681 5256 7129 3503 2013 3958 4527 9294 8412 6044 7779 1740 121 4562 1371 8035 6865 8093 6526 4499 6515 3779 3582 2887 3482 524 1564 9865 5683 4763 
383 127 385 394 370 257 512 512 512 40 9678 1886 9012 9807 8726 2764 1814 7459 8962 9571 2139 7641 741 4568 5337 1813 2883 9416 112 4195 9492 2093 7010 9427 911 7568 3597 6380 6884 2985 8679 5950 8735 4773 16 3634 732 7394 1944 5860 
384 257 0 0 0 379 134 108 115 39 1582 7280 6716 6251 8040 7998 6773 2608 3771 2604 8259 3579 3098 6521 6779 6721 3797 6007 9979 3851 1359 3680 6502 7031 5852 8994 1783 2926 5927 1049 6311 9011 4071 2122 6396 4844 2251 3697 4716 
385 257 0 0 115 379 134 108 244 39 2759 7261 2719 7473 9401 5387 4865 8762 3646 2582 7259 7048 9484 3922 1132 4286 6153 4902 5866 7495 6943 1949 8199 1622 8733 6207 2373 809 2298 1388 5963 7016 1842 4711 766 1779 3211 9846 3011 
386 257 0 108 0 379 134 256 132 39 3145 7226 5646 5918 3360 4598 1325 2124 7701 2420 4593 2179 1901 6283 1975 7847 6922 5739 9635 8085 880 1463 3907 9487 3591 5885 9107 6394 4525 7363 4160 5730 8459 4748 8913 5361 3129 9150 4205 
387 257 0 108 132 379 134 256 244 39 6911 7661 6647 1392 498 5279 5560 2636 4759 9102 4674 8447 236 101 5837 7959 551 2335 8837 8210 2467 8359 6301 8290 8443 8727 8423 1476 2500 3065 6013 7217 8529 476 5316 6847 4576 3848 4963 
388 257 134 0 0 379 255 125 123 39 2022 7377 3206 4395 2398 9593 1367 8781 2815 6326 1022 7593 8133 1439 4462 1549 7941 6638 2910 2099 3282 7411 7346 8204 8288 5012 4769 8680 7184 8713 7345 5407 1451 4387 3166 3829 3662 6669 3504 
389 257 134 0 123 379 255 125 244 39 960 9634 1607 4365 9832 6512 8538 8693 3127 8362 3636 4747 7122 6217 9795 8460 4319 1518 2859 4340 3653 2565 9857 4043 388 2456 9665 9088 7140 4209 6970 3738 4470 2534 3719 9141 244 7852 8403 
390 257 134 125 0 379 255 256 121 39 9541 4454 2495 7597 6087 471 3474 5039 9267 4184 1027 9399 2069 9718 9510 3534 3487 6750 8377 7326 4939 8069 1990 1878 581 9559 2869 1587 7620 615 6481 9671 7332 4509 4672 2008 7258 1242 3630 
391 257 134 125 121 379 255 256 244 39 3189 7342 4949 7402 1523 3647 3078 7292 863 2557 5901 8561 696 9060 1069 9726 9988 1124 1203 9120 4709 694 3343 8676 7296 2767 9027 8826 3717 9077 8556 31 7499 5183 3661 4508 4419 2455 2217 
392 379 0 0 0 512 110 121 115 39 9982 4159 1163 6722 6871 2750 2888 602 9288 612 7851 9963 7834 1364 8380 4063 8331 5926 6822 183 7663 4370 6509 8558 2037 9414 8752 533 5998 2466 48 8171 5902 4402 1269 4731 5275 3336 9585 
393 379 0 0 115 512 110 121 244 39 2828 9546 3701 3444 7675 3883 690 47 2986 1259 2290 485 1807 4250 296 5925 7369 1868 9696 2396 7200 6484 4094 5269 888 4056 7361 9145 3511 5875 1029 118 5141 9436 9499 1361 8391 5596 6591 
394 379 0 121 0 512 110 256 114 39 7021 5353 2611 50 7825 7783 8280 1761 8922 842 9691 1654 7039 8291 7355 838 7266 7505 8909 8433 427 1928 5106 6445 5702 4268 943 4287 2403 8958 5032 6581 4665 8484 9798 7492 7213 1794 369 
395 379 0 121 114 512 110 256 244 39 878 8740 2142 8217 1106 1773 18 839 3857 1493 6082 1415 6316 210 1042 2193 3605 7892 4915 2761 15 5456 6598 3703 1765 5908 3708 2650 7944 4114 8150 7087 8348 8201 734 6949 5133 2501 1422 
396 379 110 0 0 512 255 132 129 39 2319 1426 3406 386 3637 6057 7653 8871 9187 7480 2049 9820 4577 8631 2055 6916 8683 6156 8140 7370 2907 4575 8365 7904 9926 9985 7737 9026 2191 1986 520 9076 7759 4972 4903 8075 9503 7493 8427 
397 379 110 0 129 512 255 132 244 39 9836 29 8453 2578 8086 1511 7491 2823 2088 820 9167 2978 41 3090 227 6351 6398 1502 9469 9870 8067 4045 8632 4029 2876 550 8441 144 6985 5573 1544 8375 5896 3148 8260 6564 3617 993 6416 
398 379 110 132 0 512 255 256 125 39 3394 571 3818 8063 555 1896 8744 5880 5196 1583 5907 7018 4836 5174 2957 4475 9939 4608 3097 5000 5190 3595 3836 424 8413 5306 2740 4011 1661 222 6017 2602 8162 2917 7600 7871 3940 8378 5995 
399 379 110 132 125 512 255 256 244 40 1993 7520 5457 5756 975 9838 7855 6868 4812 3811 848 1070 7375 6234 5302 5623 4178 8576 2249 2097 5765 2120 5934 7810 1264 9181 2976 5744 860 1976 2511 6491 8604 1485 8704 3225 4879 4651 1969 798 
400 257 0 0 244 381 124 141 392 39 6811 425 6162 6463 6370 9463 5481 1157 5855 5119 3067 2434 2958 430 8167 4871 3442 6426 262 5826 1875 1819 978 5460 6642 3477 8508 3115 8849 9478 6848 9292 1329 9849 4596 9806 7746 656 9576 
401 257 0 0 392 381 124 141 512 39 2703 4179 2835 6452 5937 9400 3200 9317 5108 1595 771 9234 3038 6203 6846 9522 150 6147 808 2011 5326 2637 7252 8351 6130 6179 5134 4948 4677 3781 8536 5962 4680 7637 5729 7166 611 4837 2195 
402 257 0 141 244 381 124 256 369 39 1545 9341 3280 5568 724 7548 1769 360 7273 5126 5992 7517 4224 9552 1064 319 1955 3983 2473 463 5025 6191 404 845 2684 7364 7964 4572 8498 8360 481 1499 9599 9482 1716 4914 1425 2160 7161 
403 257 0 141 369 381 124 256 512 39 2777 1308 3122 7787 2429 1666 1055 1871 1486 5989 7288 9905 9880 5790 8485 5341 4878 5175 12 3799 5624 5681 4938 1823 1342 5416 506 9363 663 1113 3479 2548 1390 7564 305 2896 270 8598 1693 
404 257 124 0 244 381 255 145 379 39 5628 8847 2808 8720 5982 7987 7634 787 4171 683 5205 4202 2573 7928 8892 6633 1872 5137 1421 6596 1310 5290 2127 5586 3531 927 834 7297 3620 8850 535 3448 9457 5562 239 3075 6917 6005 6230 
405 257 124 0 379 381 255 145 512 39 2116 4164 6735 2824 1601 6075 9704 4322 1206 266 1828 1118 3058 5445 9375 6024 8349 9118 9784 9589 8081 5612 8923 1633 5049 6809 9490 9462 4750 5935 2194 8376 9498 1410 757 6894 516 4704 1 
406 257 124 145 244 381 255 256 357 39 6488 2780 6410 468 1806 6003 1983 3885 7443 3844 8783 9199 2291 8304 7875 4640 7880 755 9666 7965 4996 7407 8429 5551 6061 5954 9299 2643 164 4727 3476 2570 6088 844 5131 2483 9621 1676 826 
407 257 124 145 357 381 255 256 512 39 2115 9600 6329 7100 2928 3294 4580 7011 2736 6548 3764 4068 1144 738 937 754 3586 3077 3315 3854 8196 3108 2357 6154 6413 3469 5104 4818 395 708 6595 7572 9683 5921 4895 7068 623 5065 9374 
408 381 0 0 244 512 122 111 392 39 5632 231 7471 7708 3832 8941 1574 2369 2734 3930 4331 2200 1207 3062 8729 1694 883 7358 8071 2592 4289 3480 4361 3425 7774 3087 7418 331 9297 438 8757 5035 9513 9611 9290 9304 4537 9264 9732 
409 381 0 0 392 512 122 111 512 39 1420 6845 5633 3049 8694 5414 1175 2916 3144 7204 3471 2003 5988 6100 2908 1101 8124 3731 5675 9216 8392 3319 9685 4745 4890 6892 4384 4216 1710 9701 8241 1681 1430 7188 3209 2391 6665 6553 3466 
410 381 0 111 244 512 122 256 401 39 6393 9712 288 9737 7864 5371 303 2297 2513 7989 7744 2528 8585 6297 3828 1667 444 7850 633 7533 2560 9496 1048 6151 1256 4157 1704 9412 9321 8309 2737 8379 6870 4484 2558 3920 6352 1356 4784 
411 381 0 111 401 512 122 256 512 39 4143 6016 7718 372 3363 7081 3202 2593 5786 3676 6149 2362 3768 2858 3918 8102 4342 7789 6993 7961 3744 5630 1172 2104 8059 3291 6969 2632 5620 4925 2630 5615 1757 4103 9219 2547 513 5088 3670 
412 381 122 0 244 512 255 133 403 39 1687 5451 5409 5700 1066 4546 5398 4600 6955 333 8968 4728 7996 8645 3902 8319 740 4479 86 4032 1279 4170 2385 8367 4882 7646 9230 2981 3549 2569 3691 6336 321 6138 2627 6551 5055 1713 8006 
413 381 122 0 403 512 255 133 512 39 5219 7911 9667 4506 3590 8864 2640 1845 2802 7237 7373 9958 6601 5438 4010 5813 3858 3131 2328 1632 5535 7938 1403 8135 486 2152 5300 9705 4257 7799 8390 66 4590 6646 62 784 3172 2414 2622 
414 381 122 133 244 512 255 256 362 39 6368 9279 8700 1153 6436 5598 651 9564 9240 5465 885 6224 3685 8364 3928 1218 4203 3353 7930 4033 2679 6264 9254 4040 9924 2989 3915 4908 7108 5699 9188 2532 9208 6477 6299 3159 8176 8848 4771 
415 381 122 133 362 512 255 256 512 40 1888 8207 5397 5232 9534 3843 32 7174 4905 7821 4803 8736 9664 6700 8218 2692 3495 7689 3245 1487 9421 7699 233 5952 3459 5231 9166 4813 9714 3550 3494 2596 2796 6039 7528 9975 569 8518 9456 9959 
416 257 0 256 0 384 121 397 111 39 2775 2797 643 818 4127 7720 4840 1411 1152 3008 4233 5044 3666 6797 6975 3423 3642 2817 2183 3810 2370 6881 4970 9502 604 8671 4729 6208 4516 1258 6679 2774 6043 223 8316 1508 865 4464 7165 
417 257 0 256 111 384 121 397 256 39 5978 4200 366 991 1908 9674 3460 3034 3979 9193 5740 6049 6271 6332 1452 6755 87 6660 4185 7582 1090 5478 9594 8052 332 7041 3919 2657 9785 1606 9920 5563 1786 8330 2256 155 1282 6941 3757 
418 257 0 397 0 384 121 512 124 39 1330 8769 2756 6684 7430 1877 2895 606 7678 9537 7867 3036 2190 653 8899 8675 875 7070 8113 8824 4084 9793 2138 9876 4829 3794 8503 7767 8281 6622 2814 1290 3378 1376 9917 4036 6639 3183 446 
419 257 0 397 124 384 121 512 256 39 9043 1226 2280 5899 2486 6527 7958 8034 9874 1318 1826 5117 202 6335 7309 1102 38 3966 6012 5983 3800 5564 359 6474 8129 2831 4975 6468 200 1438 8388 9626 2350 8164 7154 4181 1866 4129 1243 
420 257 121 256 0 384 255 380 104 39 3012 5070 7397 8522 4437 5819 635 8186 537 2728 8329 7401 458 1200 7111 2735 2227 515 5041 3276 6877 5871 6384 2058 3335 5383 8240 7907 5584 1009 8222 2690 8361 2898 8126 3612 9592 3037 4085 
421 257 121 256 104 384 255 380 256 39 4768 9185 504 682 5650 6768 7428 3317 2529 8637 7642 24 9983 313 4852 8555 2375 8722 1469 7624 2819 4337 9466 1580 9536 9170 7943 1680 454 1572 8900 3443 3659 1083 549 7559 5736 4535 2092 
422 257 121 380 0 384 255 512 126 39 2074 4334 1260 748 7761 9223 9142 1468 3655 2096 9139 9655 9207 5047 6971 9127 1241 7666 8838 4211 1644 1879 1245 795 956 8168 8109 7705 1047 7838 7465 1719 8080 626 3015 6211 9112 1400 8644 
423 257 121 380 126 384 255 512 256 39 5077 225 5488 5006 1731 2382 5184 106 459 6905 4950 3042 7690 2082 1689 5085 6621 5053 2064 6210 5267 470 8942 5810 3791 3959 2030 5883 1171 5263 1404 6909 6578 9231 4398 9247 8911 168 4272 
424 384 0 256 0 512 126 385 103 39 909 2192 2155 8106 4024 3191 6458 7794 5802 286 9059 2771 9646 1195 4264 3409 4451 9909 8372 9868 6817 6303 1501 7190 7423 8100 8437 4941 3486 7687 1861 1343 9557 7119 8827 9090 546 1191 761 
425 384 0 256 103 512 126 385 256 39 5590 4235 5171 5429 205 6285 4317 9101 2947 1154 7969 7264 2394 8277 5293 9796 9952 3345 6947 6654 3050 3601 8596 7344 6475 2543 676 5489 1198 1311 4782 3521 1186 1829 2990 7811 4507 934 1103 
426 384 0 385 0 512 126 512 124 39 7317 7706 184 7269 5339 419 8497 6765 1853 9172 548 7206 5358 970 4707 9210 137 8797 6851 84 6322 2412 5743 1488 4460 3472 6777 2125 5241 2002 9770 264 9314 2457 399 4150 5673 4409 6304 
427 384 0 385 124 512 126 512 256 39 7740 7482 2901 2086 3278 3070 5242 335 8098 4641 8385 9998 3303 7291 5524 672 5818 6320 2342 2314 2836 4855 8653 2105 4021 3116 9812 4241 9735 4025 2275 7447 7457 1767 341 6028 9841 9995 6146 
428 384 126 256 0 512 255 383 105 39 8159 1759 5923 2842 7682 3809 9970 8175 3304 9903 7307 8912 4041 2623 2453 8860 7416 9573 6155 8083 3947 6419 1884 6081 5602 4886 2818 7386 1141 7601 2654 2215 3997 6999 156 9549 5747 2451 4929 
429 384 126 256 105 512 255 383 256 39 847 954 1538 9638 587 8357 514 7549 88 1498 9085 2720 8879 7071 8407 8542 6282 119 8883 932 8058 2009 9455 3369 835 3702 1012 9468 2260 9008 3435 5214 2254 3197 2540 945 1560 4275 3180 
430 384 126 383 0 512 255 512 138 39 3609 9096 6438 6832 8387 6908 654 6460 8552 1972 6643 7827 8258 1536 2101 5820 4639 1950 5717 1447 7845 7612 6803 1728 4156 3385 8229 9137 3663 1385 5146 1181 8663 2262 1961 1412 9359 7101 1037 
431 384 126 383 138 512 255 512 256 40 5657 208 1178 6132 1398 8944 6247 4760 4277 4496 1328 6420 4108 6486 4875 7235 2651 4330 7670 7985 7688 5156 6644 8297 5009 6976 3221 4656 7525 3694 5924 8011 4780 3912 2149 6645 1114 159 215 5661 
432 257 0 256 256 387 115 390 358 39 2415 9862 2530 4743 72 163 2072 1525 4477 3306 4691 2561 1409 5872 8517 7215 365 9629 1563 5806 1751 9649 9295 209 5003 1428 9659 2402 9883 7935 8369 5882 1917 7515 411 6795 3248 6902 2527 
433 257 0 256 358 387 115 390 512 39 2129 8232 5084 8366 4682 790 5686 1399 6399 1631 1107 7193 1803 5287 5723 7343 9138 457 5552 2853 7147 3953 4561 2 1143 8236 4698 7057 6006 5752 2594 2201 60 7232 7197 4891 7467 4586 7212 
434 257 0 390 256 387 115 512 381 39 4933 5599 3613 6760 4248 3092 9895 2026 3583 3499 1210 7117 447 4153 1133 3427 9966 216 97 4417 6954 1119 4671 3401 3338 4928 1268 7535 1121 6786 6378 4411 8579 9146 9773 6446 4618 6206 4932 
435 257 0 390 381 387 115 512 512 39 2790 3031 9927 7703 3168 1812 1387 4459 3307 5823 7239 7771 4312 1236 271 2184 1708 8469 1662 57 2380 9152 3213 2503 5798 769 5877 4019 5773 8019 556 8805 3755 8775 8477 5312 6614 7975 472 
436 257 115 256 256 387 255 406 384 39 4003 3190 4261 7115 6552 1396 5373 6624 2353 2068 9900 5105 2555 7608 4868 9044 2729 1890 2647 4304 7030 4486 3559 2972 2283 4452 2080 8642 5817 6371 1870 2587 9042 5497 8302 3711 5822 7619 1567 
437 257 115 256 384 387 255 406 512 39 417 6879 8333 585 3547 9495 7702 9338 3268 4478 7784 5436 3287 7106 8787 2052 2126 3201 4876 7583 7891 1621 2787 4587 2113 253 8964 718 5401 730 505 5057 7130 3840 7449 373 2024 5180 8033 
438 257 115 406 256 387 255 512 379 39 6084 1614 3040 1216 9109 4100 3384 6695 1532 1889 3971 8283 8995 7250 7195 9236 122 5788 393 8193 8043 4845 6408 6066 5284 8479 4945 5381 5889 8776 659 2293 8950 3693 6499 4888 4152 6262 4520 
439 257 115 406 379 387 255 512 512 39 509 3500 7372 282 4399 9273 147 3658 1894 2881 6584 8589 3081 217 6300 7693 1734 5367 5096 8624 1611 7152 3567 4120 9371 8468 4965 9274 1462 1585 7425 8274 7731 4061 2383 4952 8745 6067 6467 
440 387 0 256 256 512 121 396 384 39 8597 6490 8985 5319 4047 3146 9377 2983 9030 8138 1220 5181 5979 196 3416 8774 9202 8068 8410 532 8986 226 5220 9520 5941 8373 2164 7219 7053 6754 1698 9878 3263 9516 3774 3949 1558 7056 7952 
441 387 0 256 384 512 121 396 512 39 1933 8206 9064 4824 5940 2982 3138 1246 9257 2956 9391 6195 4311 4987 832 6693 9160 8666 2478 961 821 2644 4796 9897 5281 8754 334 6 4280 9548 5522 7353 3523 2658 554 1365 1339 994 3530 
442 387 0 396 256 512 121 512 399 39 9679 1352 1446 2936 1591 4550 4161 3817 2864 8777 3218 983 3722 6321 3954 8312 7766 4252 94 6841 8104 9859 5325 1337 248 3468 5537 9263 4849 2642 7051 2166 5304 9786 5616 3538 9930 9148 6849 
443 387 0 396 399 512 121 512 512 39 8767 3950 8621 8502 7894 3149 2416 2117 1962 2135 1253 9637 5452 9039 1277 4958 1434 7626 2123 49 8242 1338 5147 6366 9470 3198 1648 6705 8172 1087 1555 4723 7107 1076 3266 2585 4189 5038 3458 
444 387 121 256 256 512 255 388 362 39 2792 5189 6683 692 4291 344 8839 4374 7578 6253 9092 242 1821 7143 3299 445 7519 1130 4510 8188 5458 9306 7270 4540 2274 8161 2366 1951 8705 8785 9694 6122 4567 4223 1838 5023 2668 6381 6915 
445 387 121 256 362 512 255 388 512 39 9842 8898 1851 8668 1977 3082 7556 4449 37 495 3692 7878 1771 5629 9762 2920 153 7393 1625 9259 6831 5011 1017 5571 6243 3004 3032 8091 2884 4345 7123 2111 7238 7073 7248 3866 9817 9180 2717 
446 387 121 388 256 512 255 512 377 39 2894 6487 4947 4105 4436 7173 2837 1686 3837 9440 6701 8476 9577 9131 4661 1167 7435 4814 3552 6820 7494 7736 1899 1952 9889 1375 4582 8235 1893 2909 8451 7738 2270 7007 1503 1316 7284 2779 3222 
447 387 121 388 377 512 255 512 512 40 173 1162 5182 5608 2143 5583 6171 9392 7244 8023 6680 5273 6953 7991 1910 5120 4053 4942 4347 6636 5984 5368 61 9071 40 6746 5206 6022 3452 1874 7354 3481 7192 8209 8761 9987 3139 9766 4515 2880 
448 257 255 0 0 378 385 128 151 39 4237 7638 6506 1169 7033 3114 6686 4177 8764 6996 7849 5658 6991 1639 2878 7431 1818 3396 8929 7530 3467 4517 1442 9913 9269 1459 7004 5506 8673 6974 4231 9298 6782 884 8989 8893 1091 5847 4864 
449 257 255 0 151 378 385 128 252 39 3229 9556 8419 1179 409 3769 1032 3686 3822 1692 433 8320 9715 802 8401 382 2136 7802 3431 1257 4785 912 1249 701 193 2389 2849 3091 5098 7781 8695 1504 4497 4123 5567 9413 187 9235 7870 
450 257 255 128 0 378 385 253 142 39 5611 7631 6294 6097 8662 2970 5613 4669 8614 4547 5993 7294 6718 3859 1725 4530 2409 5410 2471 866 951 9856 9547 8821 7587 3292 9161 1284 1864 3250 6098 1081 7753 9182 6187 58 9848 7676 9453 
451 257 255 128 142 378 385 253 252 39 323 1471 7945 2339 1377 6360 5580 3587 6960 8298 3753 8341 593 4126 6045 9278 3454 6318 8183 7311 7218 5178 7097 4884 5056 5716 512 9417 1865 8531 3207 7912 6037 8047 5977 3296 6575 6772 3546 
452 257 385 0 0 378 512 107 142 39 8448 4017 9752 65 1357 1947 9933 697 4246 7251 7440 5078 1799 4221 4295 1858 871 758 228 180 3237 7171 1067 7136 3962 6276 1609 2480 6661 823 3501 1443 410 1011 6860 8599 6978 3740 8103 
453 257 385 0 142 378 512 107 252 39 1748 4483 4642 4339 4441 314 7012 6541 8691 1305 8192 5197 794 4382 5785 9991 8514 2035 9196 1833 914 4653 5332 2614 2841 4724 4505 3505 7207 6587 3270 3917 7734 9433 5159 3068 5559 6745 6707 
454 257 385 107 0 378 512 253 110 39 4646 5252 6611 7782 6612 4070 6659 2704 1575 4821 8974 564 917 9289 9799 9189 1840 7565 942 1137 3819 8415 9584 2253 1319 854 34 8289 9418 9808 6626 5176 6055 9632 4219 4381 8003 3555 610 
455 257 385 107 110 378 512 253 252 39 4742 4154 8918 7316 4239 796 6040 8674 5731 7220 2322 8545 9079 2807 9157 9409 4022 670 8022 5359 2714 8863 6440 1142 306 8519 1005 4857 1276 9091 5914 4541 5514 9775 1010 320 8592 4889 6178 
456 378 255 0 0 512 393 107 135 39 6280 466 6425 8350 229 8308 7132 9045 6423 6136 6720 9722 7857 6572 7856 6202 6120 1366 6931 5138 3974 6649 1790 3324 7607 8875 1170 6108 9851 1494 8648 3981 4909 2392 3956 9636 973 5427 4104 
457 378 255 0 135 512 393 107 252 39 4610 95 5986 3525 8998 7019 140 4717 7918 8664 7189 4751 9570 4856 5092 3493 7099 5103 8389 8169 1484 4403 7513 779 9140 6759 1041 8096 1182 1164 8343 322 7205 7268 2988 6387 5876 8836 6385 
458 378 255 107 0 512 393 253 152 39 2762 5762 4418 8263 6727 389 972 2954 4668 3411 8009 4282 2171 141 2332 8692 9609 1991 6566 877 6152 9428 9663 9501 5943 5812 6744 1188 211 6168 1744 6009 1052 6428 9743 8310 3024 91 9395 
459 378 255 107 152 512 393 253 252 39 1457 9758 4131 4285 2368 9925 7986 5152 1732 6435 2941 7962 9918 1333 4894 1497 6507 7503 8119 7295 4167 3489 9505 6365 5173 5718 3178 189 8895 4112 5298 5949 4444 8327 5022 8966 1351 9179 6293 
460 378 393 0 0 512 512 100 123 39 5516 827 8846 7934 2931 3417 8851 6250 8255 5366 2840 9884 2670 903 3871 6083 7419 4681 2685 9419 9209 6078 5321 6298 5459 1273 7151 1291 7077 412 1007 9554 4597 3789 8318 449 9518 9386 7080 
461 378 393 0 123 512 512 100 252 39 5163 7656 1016 5037 6306 5109 9871 4944 4733 6742 1407 6046 2782 9094 8512 7609 9226 4067 1727 5074 6110 9953 1513 2376 2084 8527 855 7334 1340 7233 8279 949 1942 7732 1509 7026 8038 2148 8759 
462 378 393 100 0 512 512 253 123 39 5248 6658 8977 897 2015 8092 4075 8286 1824 8607 479 6776 6386 1739 8048 8123 1168 1001 4000 5868 2118 3821 4388 8473 2948 2996 77 7263 7872 7712 2872 9867 6443 4504 4746 2512 8267 2806 5280 
463 378 393 100 123 512 512 253 252 40 8878 4689 9489 8510 5864 4133 1024 8430 4848 526 1919 3932 1435 2133 836 7303 8149 9340 9097 9582 4463 2435 632 9794 9037 1363 3051 9410 9055 6338 2418 3969 5601 5268 9954 7420 5548 1789 7201 721 
464 257 255 0 252 388 388 112 379 39 1721 8904 649 4260 2962 8070 1700 2103 8010 9258 9916 5474 6372 4511 3043 6232 4201 8122 6389 3677 8042 250 9488 3022 7114 7368 4301 9385 7512 2546 4544 237 7063 1922 9515 619 6986 5235 9755 
465 257 255 0 379 388 388 112 512 39 9013 2059 879 8270 6753 7721 199 6422 6180 4018 9844 2323 5122 5382 7636 709 6519 8845 5020 521 3762 1746 7804 7086 7777 6173 2949 5751 8065 4774 9256 7020 4936 3007 7627 1576 9018 5378 7469 
466 257 255 112 252 388 388 253 371 39 4863 599 7884 3256 4302 3055 194 1512 2889 6048 8178 8537 133 4111 736 8215 5684 9389 7550 7028 5530 9653 7893 7826 8580 2132 9130 8520 5587 5783 6677 5638 3545 9507 905 8516 3808 8491 4873 
467 257 255 112 371 388 388 253 512 39 5574 6302 115 3689 5349 6139 9329 1963 5759 7592 1551 3308 3923 3346 7476 1669 3543 2267 785 4992 2349 4281 6713 6356 2162 3868 1099 349 1134 4009 2867 6056 9509 2519 3788 300 9380 3387 7321 
468 257 388 0 252 388 512 132 368 39 558 2700 3064 8015 8116 276 1302 4793 2974 6525 4243 3372 9125 4736 3216 5002 2348 8835 578 9009 5831 9373 624 8734 1992 859 8947 3795 3339 2318 1278 3445 93 4744 1405 7971 3205 8784 8463 
469 257 388 0 368 388 512 132 512 39 9802 4662 3639 8037 5354 727 7417 8436 4605 5874 1816 5434 3005 6192 5418 968 1542 8393 547 4679 8478 9443 5262 675 8205 4880 2053 7995 6741 1883 9640 2454 4212 4357 3265 5531 4532 1554 4050 
470 257 388 132 252 388 512 253 378 39 9928 9471 7172 1202 4708 1640 2399 2586 4977 8303 3290 3729 2446 4740 1045 6531 6554 5222 2032 6932 4927 7899 5825 1638 7453 2645 5990 2751 7390 6449 7760 290 2617 2621 7504 6605 2131 8790 356 
471 257 388 132 378 388 512 253 512 39 5246 6628 1089 4362 3 8198 8773 5842 9420 7922 1960 8223 6227 2498 9850 9703 428 277 3977 5132 8257 3604 3669 4490 8728 8213 6437 1863 5666 2579 5719 8276 8697 7410 698 5058 3063 4060 7664 
472 388 255 0 252 512 385 127 375 39 4057 2879 7984 2417 5102 6799 6194 6962 919 8345 3787 3019 9068 8559 2108 9736 117 8737 3835 5821 5225 7672 7406 4866 644 7185 2167 2046 4583 6444 1906 6896 8636 5828 9597 6510 1078 4549 6309 
473 388 255 0 375 512 385 127 512 39 8793 3814 6708 6901 6367 7747 9729 4531 5703 4594 620 1514 8074 317 6925 7524 287 7256 2042 6699 6231 8801 5721 4020 8454 9217 5017 2524 432 2242 8551 2699 6261 85 6442 9936 9818 8230 2862 
474 388 255 127 252 512 385 253 392 39 4703 2515 5869 1788 3041 9004 2449 9833 8490 4472 9754 1763 7974 4860 9345 1063 2188 7135 6882 6312 9728 5898 4548 8903 9645 1729 8115 2444 5669 6590 7157 5007 941 7630 8328 5893 6030 924 1857 
475 388 255 127 392 512 385 253 512 39 6883 2177 2432 5509 2937 6560 5648 5520 3710 8811 4584 9604 1571 480 8239 2406 8749 1529 6459 1326 8326 8618 421 2023 116 8324 2172 9931 8687 2157 3886 2706 1903 397 9650 8943 4118 2665 1223 
476 388 385 0 252 512 512 132 371 39 8910 9084 4099 2243 1964 9078 7841 1720 8889 4983 6073 8382 5945 9757 1749 5496 5295 157 7997 567 3880 6494 8800 1072 4313 2855 4822 6480 9119 3892 4495 7883 2199 9907 3679 8854 1286 280 4423 
477 388 385 0 371 512 512 132 512 39 3262 5480 8269 1945 5043 9768 2326 2317 5342 9993 667 5093 9919 2671 3572 2838 5708 7460 9618 4990 1040 2288 1080 8358 1274 4834 9641 6670 815 4438 8155 3326 5027 5393 5712 7792 9046 6732 5795 
478 388 385 132 252 512 512 253 365 39 7047 3700 1647 8174 953 518 2147 1605 1208 5449 9344 2945 4851 5082 2436 6657 9579 5692 1937 7162 9950 4786 2355 770 8750 1295 7278 6608 9301 4957 7808 7973 8807 7562 2269 1618 166 5841 8471 
479 388 385 132 365 512 512 253 512 40 9769 6292 4192 9517 8114 6940 1015 2119 2464 9277 2423 482 8066 5884 9962 583 9753 2810 4080 9901 5834 5997 172 1792 4962 4077 5443 1378 2758 9711 2860 2168 940 6533 9350 7633 6715 5432 2680 8111 
480 257 255 253 0 374 371 358 101 39 7442 1581 2051 5663 8228 6244 7 7588 8144 5644 2574 7168 6093 7013 7436 9902 1445 3000 5446 6930 6456 9354 6592 4828 5377 3453 8755 9393 1612 8896 3588 7348 9126 3561 3982 1423 2067 7748 800 
481 257 255 253 101 374 371 358 250 39 3455 4132 6640 3231 2361 3975 8095 4579 4718 2975 416 6121 8354 916 2943 3089 2439 8244 9677 4555 2641 4861 6740 9601 807 7461 5365 2567 6457 5030 9864 6793 9598 2786 1270 8718 4802 3204 6789 
482 257 255 358 0 374 371 512 120 39 2153 6808 5472 7429 8605 2572 8804 3492 3602 2062 1289 5236 7819 3909 645 702 9159 9472 5188 2221 1035 3737 5099 1489 9249 4428 9370 9990 7545 3989 6258 7657 1844 9448 8323 3664 5781 2516 2469 
483 257 255 358 120 374 371 512 250 39 7814 8493 5561 4469 1122 9308 1967 3382 4655 1629 8055 8967 6145 2244 8148 7906 7310 5187 1155 5930 23 2805 5687 6688 3313 7159 9566 4931 5247 1000 9948 4798 601 9309 609 8371 1859 7002 8872 
484 257 371 253 0 374 512 374 110 39 7090 3712 5386 9823 2979 5647 8499 7742 8544 8041 998 837 5400 3420 1768 2219 9473 390 8758 8272 8154 9550 8256 5245 4599 415 6193 6074 6692 9036 7060 9366 6927 9506 6359 8352 7569 6164 2539 
485 257 371 253 110 374 512 374 250 39 8414 2716 3227 9153 3419 9787 2474 9811 5627 8422 5089 2708 6090 5202 8952 1026 6059 7415 2918 7230 538 6021 6241 6242 5356 6223 6353 1670 3366 6492 3968 1322 4121 2351 9872 3386 4445 1619 1406 
486 257 371 374 0 374 512 512 123 39 8677 3537 638 6308 219 7843 8699 4923 8852 6102 355 1673 9740 108 9944 9086 3733 8935 3509 2674 6166 7228 3013 1197 9250 6263 3162 7514 2185 5565 4979 9569 6631 6864 6980 9610 401 825 9029 
487 257 371 374 123 374 512 512 250 39 3687 7581 3407 4054 3373 2803 3214 5079 9681 4907 3439 6995 347 1980 7501 232 8595 1056 8029 2715 8306 1213 2991 1454 8799 8406 1809 5224 3080 6862 1745 8715 4633 4406 7598 9724 1312 3911 1867 
488 374 255 253 0 512 387 406 107 39 9361 5145 1968 5417 5083 2442 6189 3383 7599 1073 5772 3039 4115 4155 275 3681 4858 6690 384 737 2832 6984 4222 456 8991 2306 4732 8620 8792 6833 6536 7580 9614 613 664 931 9616 7649 1427 
489 374 255 253 107 512 387 406 250 39 5533 6222 9450 5835 9627 3526 4005 53 881 3557 7313 6094 6411 9073 5299 2902 9568 2085 8317 4588 3574 2405 6115 3580 5086 8004 7603 3943 7955 5505 2228 8587 746 6599 4341 669 4038 6855 806 
490 374 255 406 0 512 387 512 121 39 9238 9237 1827 7366 6089 4001 7722 1703 1920 4324 3130 6774 966 6539 4458 1224 7585 5477 3878 6588 5461 4074 705 4757 768 1086 3322 6148 4348 2377 6769 5208 4623 4670 1941 1126 7863 3261 5415 
491 374 255 406 121 512 387 512 250 39 561 5116 2741 3772 8461 9121 7383 1766 4076 9669 1211 158 4113 6813 2963 2873 5227 2662 3332 171 1481 9262 2589 2625 3916 5211 9151 4631 1965 4227 8421 8541 5051 8077 5150 7586 6291 3935 7570 
492 374 387 253 0 512 512 387 123 39 3625 6200 8778 245 8791 9759 3585 3365 9379 5283 967 7554 8488 1557 6052 5148 4557 9531 4827 4629 5166 73 4559 8948 8062 5303 8191 5067 9265 707 5742 2531 7082 8036 1448 3488 5129 8936 1579 
493 374 387 253 123 512 512 387 250 39 1753 1315 6681 3182 9041 4315 6141 1923 6981 3623 7745 7990 8056 1108 4376 3251 9508 8181 263 9035 2333 145 1474 2553 7164 3244 2966 8940 5428 9542 1643 9192 2007 5714 6205 7242 5396 9222 394 
494 374 387 387 0 512 512 512 122 39 7177 6556 475 9725 3593 1184 1018 7441 7267 5301 8530 3357 5999 7728 1565 7331 9825 4551 3281 4738 3301 8439 7191 9992 971 9213 1235 8743 9843 4007 9697 1117 6216 579 7405 3517 9989 7234 3539 
495 374 387 387 122 512 512 512 250 40 1785 1100 1176 1301 5727 5639 3929 499 5543 6906 5347 5005 1348 3463 621 9511 6958 6959 6764 6382 7325 6124 2090 9442 8189 8408 3563 8969 3111 9117 872 2229 9074 5614 7828 6712 936 1843 1675 491 
496 257 255 253 250 386 382 387 393 39 7138 4273 3368 2425 4366 2490 1911 9670 3995 1815 8054 7003 8353 2259 9429 7089 5576 9951 7221 8438 9307 5958 2659 8868 5075 4754 1183 2694 7422 4294 2776 8921 799 9613 5243 327 9028 240 5846 
497 257 255 253 393 386 382 387 512 39 5974 3362 864 6160 2551 2094 3528 6415 5314 6290 7409 2698 9706 6853 4415 6547 8659 9155 8492 4667 8803 9481 4982 8820 8007 6033 595 1320 5513 6824 5320 5179 7606 2324 4881 4701 898 3577 9580 
498 257 255 387 250 386 382 512 394 39 7830 4692 3988 8960 3793 8641 7698 7464 5392 9049 6091 1380 7665 3300 7155 4581 4835 3152 8972 801 1429 673 9376 8027 4795 9956 816 1546 3874 3856 1854 2363 7124 4042 6923 9733 8340 6497 640 
499 257 255 387 394 386 382 512 512 39 4434 3992 8661 3283 1956 4327 9994 5755 4841 4228 8975 9624 6828 5917 1777 9860 685 1593 7479 3942 8809 9070 7337 3845 3027 3046 5271 6873 3913 5110 5558 6363 4961 2212 7408 2927 3887 1760 1971 
500 257 382 253 250 386 512 380 377 39 4175 1755 3433 5413 2272 3273 2701 4240 6430 2445 4389 8833 9243 441 6619 6129 5604 113 4471 378 3255 7380 4926 1060 7126 9459 3309 2813 7895 9245 4283 5816 1004 4688 7036 6270 9053 213 5403 
501 257 382 253 377 386 512 380 512 39 462 519 1472 3508 5679 7298 7681 7640 7862 2266 7050 1801 5763 1038 5217 3763 6181 1891 1907 8926 9756 3269 6798 1068 9940 7795 1456 6912 6838 773 402 4805 5026 759 2098 7876 1192 4921 2316 
502 257 382 380 250 386 512 512 391 39 9331 1149 2158 2089 7506 4186 1006 2005 197 8464 3006 5529 2448 3638 3358 1123 6354 1495 1158 8957 7125 9942 1641 5920 7885 1482 4758 9169 2315 1381 2748 420 4284 7658 2043 1848 4560 2874 8262 
503 257 382 380 391 386 512 512 512 39 4606 3611 9781 7391 9275 5947 9619 4825 1082 3128 2271 8772 2961 9790 3184 862 3993 9339 2106 3714 4425 8655 1349 6157 9023 5042 6060 4685 646 5791 8684 1382 9407 7629 9749 6047 752 566 9318 
504 386 255 253 250 512 384 385 382 39 6050 130 9526 4166 2401 4210 4431 5672 3564 5836 3113 1250 2583 7650 1413 9165 788 3802 6929 7247 4004 6226 8690 900 765 4556 3405 3490 7854 1524 7558 4968 3016 7315 2591 3094 3376 5362 1979 
505 386 255 253 382 512 384 385 512 39 5068 3784 9921 5652 767 9397 3359 2482 9464 3395 3652 9780 5525 7539 1151 2911 6392 8486 5734 9852 1714 9493 6377 4501 7323 9763 5873 1480 2378 9612 5688 8710 6589 9191 8626 3752 7246 8435 1440 
506 386 255 385 250 512 384 512 373 39 7931 5463 3150 753 9831 5369 9828 9532 4116 7813 2618 4229 6577 8874 9623 3936 7275 5605 6112 2689 22 5469 4197 478 980 4119 3996 944 7000 6142 8566 3998 5748 9553 8578 5294 9562 750 6175 
507 386 255 385 373 512 384 512 512 39 2301 6843 325 5597 6785 8452 3470 7450 8658 6402 1602 4919 8108 4658 4323 7231 8248 7978 179 4725 4488 7946 5969 9720 8996 589 6615 8681 503 2732 6704 9896 7240 1931 3558 1190 9432 4523 9742 
508 386 384 253 250 512 512 381 388 39 3253 7040 3675 7772 1414 1505 3121 7243 5553 3657 186 5976 3069 2134 5479 5960 10 3581 5705 1034 8296 695 9437 8299 259 4369 3884 5016 9692 9861 4806 104 3660 1217 9615 7225 4215 560 1127 
509 386 384 253 388 512 512 381 512 39 8961 7511 6814 4158 5277 2233 6537 6634 6963 9709 1701 5491 2563 5853 4494 545 3741 1515 178 7860 1138 188 4407 9792 2225 7254 963 5776 3765 3578 4721 9002 6137 1028 2799 5052 6221 7446 7109 
510 386 384 381 250 512 512 512 389 39 5399 1764 9133 1372 1084 6994 7541 1586 3678 4777 4563 9330 3860 8261 3331 1293 2424 3112 4165 7065 5610 1887 1160 2798 7456 7104 7691 822 5550 4867 455 8344 6890 1247 5071 1805 4353 464 5728 
511 386 384 381 389 512 512 512 512 40 6085 1492 9893 9707 2533 8649 8810 2020 1065 1832 7458 1458 6464 6540 9477 0 4787 3994 2110 6274 4538 786 1331 2967 1156 8955 5542 5928 6401 584 8563 4995 7709 2702 6019 4344 2222 1424 3790 729 
