128
128 0 0 0 0 137 114 124 261 31 3548 2820 74 2308 304 829 3614 256 3388 1373 1847 3792 1496 712 368 974 46 160 2893 1332 2713 3107 3965 1921 2159 2552 3228 797 3195 3641 2337 
129 0 0 124 0 137 114 263 261 31 2696 191 3076 1401 3914 2186 337 1479 2036 2076 1013 2746 3904 1239 2766 1473 986 56 3927 3894 2868 283 2693 3061 3267 1417 665 576 1161 3181 3529 
130 0 114 0 0 137 249 122 261 31 2595 2235 1225 3029 3667 1741 2613 2731 811 3141 3352 2346 1379 3615 686 2830 3418 3910 54 2600 1603 339 3072 3057 1248 451 1093 3103 908 3483 3185 
131 0 114 122 0 137 249 263 261 32 2791 1521 517 1261 3099 249 2744 1345 3906 174 2653 2374 2507 1129 3619 1237 3522 772 3683 2220 353 3553 490 3573 1036 1292 291 896 2682 3238 668 2427 
132 137 0 0 0 256 124 113 261 31 3179 3361 2161 3696 3101 868 269 1110 1418 895 3279 2241 1592 2571 3314 3340 3532 591 3635 2620 3298 3825 295 1500 3434 3210 460 1470 1166 1131 747 
133 137 0 113 0 256 124 263 261 31 2060 1597 1677 3672 354 577 1519 1394 110 1453 3239 1750 2505 1718 3893 2372 715 3796 2709 2904 165 3628 814 2465 3973 364 1946 212 135 3606 2749 
134 137 124 0 0 256 249 123 261 31 1159 933 3785 3084 1973 2564 51 2073 725 1199 979 1939 1850 1613 2977 3782 100 2268 2624 235 190 3334 2095 2460 929 2390 1516 2027 777 2629 1436 
135 137 124 123 0 256 249 263 261 32 2238 123 542 1095 1758 1915 128 3599 553 1650 1227 3170 3154 2634 1254 1938 2969 1660 2649 2599 3320 1145 2847 2626 2223 3616 3560 2428 380 2175 3026 2768 
136 0 0 0 261 147 118 140 512 31 2900 3220 151 2861 2738 3948 452 792 2664 3169 1230 252 1733 2395 381 1466 981 684 279 3297 762 962 3873 25 3654 935 2236 1229 722 1916 90 
137 0 0 140 261 147 118 263 512 31 805 374 600 598 3380 858 1522 465 2612 27 1205 1280 109 1588 1834 2707 2310 2071 2379 2174 3952 1715 744 3607 1265 534 2932 625 2273 2795 2156 
138 0 118 0 261 147 249 103 512 31 3838 265 1756 3713 3961 3643 522 2753 2344 127 947 2144 2601 3426 2871 2939 2829 2181 3484 2891 1368 1021 2109 453 3143 5 3876 3576 716 3399 2151 
139 0 118 103 261 147 249 263 512 32 717 142 876 819 3726 492 677 2245 1709 2742 3498 2137 1393 1772 241 400 2264 2537 3520 3976 3260 2863 678 1185 562 2616 2695 1674 2809 1098 83 1214 
140 147 0 0 261 256 114 134 512 31 3392 2772 1852 2550 2773 2733 2843 1370 869 867 3155 2336 1656 3863 3156 657 398 146 1860 1059 143 1507 3536 28 2189 3723 3009 429 2431 169 2492 
141 147 0 134 261 256 114 263 512 31 3436 3673 1793 693 1321 3963 3047 2330 948 2535 3707 1627 1231 3957 3891 2726 2325 3188 1717 3440 2407 906 3972 2875 2452 138 3798 1817 570 1651 3212 
142 147 114 0 261 256 249 100 512 31 1180 2906 2556 2827 13 1548 703 2993 1074 1281 2743 2388 2441 3274 1136 2213 2277 2305 1835 3117 3100 272 3645 2959 1825 984 1547 3428 11 3272 2952 
143 147 114 100 261 256 249 263 512 32 107 3404 2100 2056 3109 1970 2083 312 1645 2206 1491 2472 3833 3648 2470 749 828 1397 3624 2437 167 1303 958 318 3018 2202 1926 3151 2384 3671 1355 1297 
144 0 0 263 0 131 106 404 258 31 243 2510 2559 1115 3895 3775 904 1553 985 2848 1389 1537 111 3934 1876 82 1350 1846 3759 1658 3777 473 3820 2294 2360 234 1841 3217 3541 1837 3093 
145 0 0 404 0 131 106 512 258 31 273 2712 2929 1782 2205 2783 1820 3862 1174 3951 3429 3328 2354 987 192 510 2940 1655 302 1659 628 3410 2278 1702 915 1880 840 3778 946 2430 1895 
146 0 106 263 0 131 249 393 258 31 185 2463 3496 3371 3497 2697 1958 3102 1932 731 964 63 3728 3415 2656 2899 1811 3003 857 1615 3518 351 1455 2091 2590 1057 2955 3747 565 1909 2605 
147 0 106 393 0 131 249 512 258 32 3389 1383 3053 3028 2411 2525 2282 2489 501 1483 2404 2825 1830 293 3955 30 80 1520 3507 2281 2387 846 3249 781 281 1096 1657 3736 3232 1244 527 148 
148 131 0 263 0 256 121 357 258 31 2925 2176 1490 2311 2655 3374 2953 3461 541 3485 1432 3412 2660 1212 1898 3924 3192 8 3327 3403 89 3690 2182 3437 3980 3337 3847 1531 2485 352 3870 
149 131 0 357 0 256 121 512 258 31 207 267 1626 230 3323 1617 3600 588 1088 33 3243 2107 1477 1062 1556 3456 3941 996 671 688 559 2154 1252 1918 1610 652 574 2760 3088 3815 2345 
150 131 121 263 0 256 249 390 258 31 1836 813 2912 175 636 2580 3879 1221 3724 3219 2006 2145 629 776 608 989 925 1628 2025 2615 342 2517 3447 1974 1014 2877 3329 1085 723 3813 3926 
151 131 121 390 0 256 249 512 258 32 1354 3351 2506 3132 733 1561 1987 152 1539 2211 221 3631 2765 3475 899 1461 1600 1885 2850 3761 3025 383 764 1347 3133 1978 2725 2065 26 3618 689 3715 
152 0 0 263 258 119 114 385 512 31 376 1526 3259 2934 1327 3852 1668 2648 3059 1578 1599 124 2816 3196 674 889 3119 3124 894 2327 2538 2034 1187 2788 1196 2845 3391 3193 2938 687 2886 
153 0 0 385 258 119 114 512 512 31 607 423 2688 2687 442 995 1797 3938 1506 254 988 2610 1341 3341 2231 2723 1954 3118 1092 3137 315 892 3344 14 3688 3422 1298 1800 639 2477 1288 
154 0 114 263 258 119 249 409 512 31 474 2170 2944 3194 1128 3252 1688 714 1533 363 2739 1985 3622 1672 618 2609 2196 3226 3937 274 71 42 2039 379 2915 1527 926 2924 324 3312 2019 
155 0 114 409 258 119 249 512 512 32 3877 2461 3514 648 328 3060 2313 1530 891 1550 284 307 285 2041 1634 939 1535 1862 3173 627 2514 780 596 3375 3716 2061 3743 886 2340 1616 3896 2995 
156 119 0 263 258 256 107 418 512 31 1566 699 3890 2087 1541 3745 642 2130 2866 1285 3402 1460 2950 3596 2050 2497 3898 361 938 2812 751 2821 2054 2588 1630 154 1296 3397 2584 2255 1664 
157 119 0 418 258 256 107 512 512 31 3827 3807 1386 1209 3939 1323 3556 2204 1810 616 1653 102 2014 3393 2250 1940 1925 3215 3506 3773 329 1031 2209 2826 1594 1374 2012 887 3177 1726 1914 
158 119 107 263 258 256 249 369 512 31 2004 1266 2197 2933 3254 2965 3165 3161 2371 3589 540 3767 1696 3074 2639 1215 502 2669 3354 1584 849 2075 3735 2367 2016 910 2919 789 35 9 2633 
159 119 107 369 258 256 249 512 512 32 637 1358 3073 2778 467 292 3157 1604 70 36 3901 3123 2544 1948 592 890 3356 1683 1194 2856 2447 2998 3931 406 3257 1897 19 2545 3413 483 1913 3842 
160 0 249 0 0 142 345 141 253 31 552 55 1856 3125 2793 251 258 1982 1690 2240 1408 2433 3071 2971 3519 1934 3293 907 3235 1935 69 2081 3732 1299 1139 2854 3945 1685 1450 477 2141 
161 0 249 141 0 142 345 250 253 31 1684 2606 622 3823 3432 3491 3535 713 1642 1623 2484 1112 3812 3933 1996 2839 2169 2044 2997 3849 2230 3095 1344 3780 3033 850 1663 1287 603 782 3167 
162 0 345 0 0 142 512 133 253 31 78 2312 261 3718 3872 2358 969 2381 3527 2992 2678 2994 2178 660 2422 3758 3135 831 3776 3830 338 1313 2964 131 1444 2247 853 3342 3446 778 2577 
163 0 345 133 0 142 512 250 253 32 1646 3321 435 2509 289 2834 1543 3316 2562 3390 3684 706 203 2263 1094 3017 1061 2450 2683 3512 1736 3542 2038 874 2885 3079 3841 2419 2226 1596 431 134 
164 142 249 0 0 256 394 138 253 31 2844 2897 396 1966 2287 2304 739 177 3187 775 1294 3030 139 1988 3381 3349 2727 2210 662 1943 392 1395 1189 2352 1808 3171 1528 3749 3739 1314 1334 
165 142 249 138 0 256 394 250 253 31 2721 650 3889 120 3801 2296 2018 3450 1008 3668 3551 375 3665 3754 2047 1419 1033 488 2822 1636 311 992 2237 181 803 2180 2521 3236 224 2502 2476 
166 142 394 0 0 256 512 116 253 31 1552 294 3861 1738 1304 1881 2757 3921 3430 2566 743 387 3451 67 2801 3105 573 3571 3233 710 1608 2257 2923 2870 44 330 3438 3903 893 1079 2028 
167 142 394 116 0 256 512 250 253 32 450 2710 3783 1140 1148 1995 2892 370 1431 3756 1743 742 1775 1705 2946 3554 346 2852 913 1695 3746 2321 2234 1441 691 301 3001 1391 3566 2248 2677 3900 
168 0 249 0 253 125 360 147 512 31 679 2661 1924 1589 2711 793 1804 1384 928 3575 543 1569 3651 3570 3984 182 1780 2029 2252 594 3379 1912 3568 298 3056 634 3674 469 2400 385 2347 
169 0 249 147 253 125 360 250 512 31 3258 3408 760 2218 1957 278 1324 923 977 1475 950 1369 2121 3805 2628 170 3629 2077 1003 3106 3163 2299 631 3881 439 3398 3598 1053 774 1051 1770 
170 0 360 0 253 125 512 119 512 31 873 1776 348 2549 3888 902 198 3264 3277 1271 3158 2488 2930 2021 990 408 487 2300 3990 1146 528 2597 1989 126 957 3302 2646 1904 1306 407 1283 
171 0 360 119 253 125 512 250 512 32 2397 3164 2001 2343 812 2526 308 1665 3513 437 1787 3967 3869 68 2443 1762 3045 1534 3457 3464 2031 1849 2865 345 1774 2246 617 1724 3052 525 2146 1795 
172 125 249 0 253 256 379 107 512 31 3350 711 2334 3853 901 2438 103 3086 3449 2426 536 45 3533 3727 92 1275 3160 704 2745 817 1054 1635 1046 630 496 129 1742 1346 2010 1699 2408 
173 125 249 107 253 256 379 250 512 31 1105 3104 3698 1637 260 17 2440 1953 3649 511 2265 3377 508 2063 2187 3285 1882 2755 3224 3603 2070 2754 852 414 59 3240 218 2922 641 1023 1416 
174 125 379 0 253 256 512 94 512 31 1478 1228 3286 3510 3275 726 2914 3083 3023 1691 2017 3569 2261 2214 1671 529 3176 1464 1929 783 3640 2286 2724 3414 434 3592 1679 2804 3804 2258 3826 
175 125 379 94 253 256 512 250 512 32 2289 2292 544 965 856 3288 2421 3140 1267 2364 1262 1754 3709 309 3730 3725 422 590 1165 268 720 918 3544 1219 841 700 3364 2481 1735 1025 2638 1570 
176 0 249 250 0 118 383 382 245 31 2504 1177 2320 3751 1307 861 1998 2747 2114 2973 96 2857 1562 2635 3223 2921 1730 3964 21 2331 1109 1125 3502 3970 955 2140 3370 1251 2496 3126 1747 
177 0 249 382 0 118 383 512 245 31 64 3960 1433 530 3175 1855 3142 1900 2284 2789 255 3627 3610 1624 2359 98 2198 922 1927 448 833 1097 1362 2763 582 413 1116 3750 2309 614 3147 
178 0 383 250 0 118 512 388 245 31 340 1071 2102 2508 1050 3234 3760 2356 3742 572 2413 3865 1077 3473 2730 2935 2718 1263 357 3044 824 1573 2652 79 257 3978 1255 1822 3699 3944 1510 
179 0 383 388 0 118 512 512 245 32 2576 1712 195 647 982 870 2781 1723 2542 3311 2607 1234 1402 2581 1232 161 3333 2338 2173 4 3925 2207 1959 3516 391 3882 1737 3524 3608 3748 2770 2598 
180 118 249 250 0 256 379 383 245 31 655 3247 3241 1798 125 3632 1044 2905 2794 2987 2365 1204 745 1707 3400 3621 2999 2112 3295 2163 1791 358 494 1240 1892 3242 3478 99 1517 3985 2295 
181 118 249 383 0 256 379 512 245 31 2307 3734 2040 3246 1577 405 3946 2048 114 2686 52 440 238 246 2851 2984 3462 3305 3704 3875 1722 2523 336 206 2216 882 1598 2033 959 952 920 
182 118 379 250 0 256 512 396 245 31 426 2078 299 3540 3855 2705 461 3136 132 1778 3644 563 2066 2666 1984 763 2079 1449 2960 484 997 403 371 3565 2676 2833 3562 539 81 2903 500 
183 118 379 396 0 256 512 512 245 32 1796 1272 3816 507 3120 2475 76 1104 343 2568 1058 2520 3721 666 39 3786 2968 3594 3186 2045 214 3839 1120 1981 204 2942 3330 3421 1994 930 3650 418 
184 0 249 250 245 126 357 377 512 31 3174 3035 3515 2522 1193 3991 1802 3905 851 201 3695 136 2057 2681 3806 791 3682 3424 2673 1559 350 3310 2575 2951 3897 1043 830 2459 557 658 3864 
185 0 249 377 245 126 357 512 512 31 1309 1039 2811 2785 2518 443 2208 2386 1839 377 2285 1930 2536 489 3584 1781 1147 1999 3325 2663 3720 586 3803 1336 2232 316 2672 1706 3284 1678 2667 
186 0 357 250 245 126 512 382 512 31 3318 3705 2493 3766 1784 2491 1238 1360 523 804 3834 2239 3867 3054 3908 176 3208 719 105 2890 999 1649 297 2462 1222 1682 756 3770 568 247 661 
187 0 357 382 245 126 512 512 512 32 921 2913 2487 3199 1075 2279 531 2769 3626 1201 810 43 1030 680 2000 3020 2276 3134 1711 362 3230 1437 2691 843 3110 597 3010 1590 3014 1335 326 75 
188 126 249 250 245 256 381 395 512 31 3002 2468 2846 1936 976 3203 605 2541 2128 1002 2800 1568 1020 3289 1111 1467 3021 3831 1019 3367 1317 2458 3706 1150 2393 3999 728 2494 3066 2224 220 
189 126 249 395 245 256 381 512 512 31 2329 1620 2410 3850 1173 3633 3085 1869 2303 3271 1831 735 3348 2203 3355 2675 1652 436 3656 2150 3096 493 310 2619 2784 2479 575 3465 3347 3986 3824 
190 126 381 250 245 256 512 399 512 31 3899 497 1233 2882 2980 2752 20 1873 367 1997 1135 1540 1465 1353 3441 2302 2499 1905 2165 2341 1300 3048 2554 2722 3987 1752 2631 149 1697 162 2139 
191 126 381 399 245 256 512 512 512 32 911 3846 2883 121 1902 1740 524 741 3582 2603 1814 1564 3634 1813 1944 3153 3958 2764 2013 3597 3779 1371 2093 1886 3503 16 3482 2887 2985 732 681 112 
192 256 0 0 0 378 134 103 255 31 2926 1842 1132 3797 1582 1359 2759 3579 2719 1622 3771 3011 2604 1783 2373 1779 2251 2582 766 3922 2298 1949 1049 2608 3098 3646 809 1388 3680 3697 3211 
193 256 0 103 0 378 134 258 255 31 2122 3851 3848 3591 425 3065 1901 2179 2124 1392 3145 2636 880 1463 1545 101 2335 236 2780 2467 3907 3129 498 2500 476 2420 551 1975 3360 1476 1325 
194 256 134 0 0 378 246 126 255 31 3636 2099 2398 3719 2808 2022 2534 1549 1607 3738 3127 1022 3653 3662 244 2815 3166 1451 3504 3829 1518 2859 1439 2456 3282 388 2910 3206 2565 1367 1027 
195 256 134 126 0 378 246 258 255 32 615 3661 3474 2495 471 3343 3630 3717 581 1990 3487 1203 2008 3189 31 3078 2767 2455 694 1242 3534 863 1878 1587 2869 696 1069 1523 2557 2217 2069 3647 
196 378 0 0 0 512 94 129 255 31 1269 2828 183 48 3444 1364 533 2888 1807 485 3511 888 1163 2037 612 2466 2396 2986 118 47 2290 231 1868 3701 690 1361 3336 1259 296 2761 2611 
197 378 0 129 0 512 94 258 255 31 2650 3703 427 1773 2193 838 1761 1106 3857 210 2501 2142 1794 1765 734 1415 1042 369 1654 943 15 1422 3708 842 1493 878 839 18 50 2403 1103 
198 378 94 0 0 512 246 146 255 31 3637 1544 2055 2750 29 2049 1426 820 144 2907 2319 1502 520 1511 1029 993 386 3883 3406 550 2088 1687 2876 602 2823 1986 41 3090 2978 3605 798 
199 378 94 146 0 512 246 258 255 32 1993 2957 3394 2917 2097 1070 1976 848 3225 2120 3595 3818 3836 3940 975 1928 222 860 2976 2249 1661 1969 571 3097 1896 555 3811 1583 2511 2602 2740 1498 
200 256 0 0 255 379 103 178 512 31 3477 3442 611 2835 1595 1875 1329 2637 3781 2195 262 3115 771 1157 808 978 2434 3200 3038 2011 2703 430 3067 270 1342 2896 481 319 2777 1955 1055 
201 256 0 178 255 379 103 258 512 31 2473 404 1308 1769 12 3280 1666 360 1486 3122 1716 305 845 463 2684 2160 1064 2429 1390 3799 2548 1871 663 1425 3479 724 1113 1693 3983 506 365 
202 256 103 0 255 379 246 150 512 31 2958 1310 1633 2573 2824 3448 1819 656 150 3620 1206 2194 516 1872 535 834 2127 3531 787 683 927 1828 757 266 239 2116 1410 1421 1 2291 3294 
203 256 103 150 255 379 246 258 512 32 738 1676 1499 1806 3469 708 3315 1823 3854 754 395 1144 3077 2928 468 1983 755 164 3844 3108 3476 844 2483 623 937 2736 826 2570 2115 3885 3586 3764 
204 379 0 0 255 512 104 134 512 31 1574 3087 883 2908 3471 1175 3319 3144 2391 1710 2734 1694 2369 3049 2200 1207 3731 2916 331 3425 1420 2003 1430 3832 2592 438 3480 3062 1681 1704 1256 
205 379 0 134 255 512 104 258 512 31 2858 288 3768 2362 3670 2547 2632 3202 303 3291 3920 2630 3828 1048 3363 2558 1667 633 513 2560 3744 444 2593 1172 2528 2297 372 2513 2104 2737 1757 
206 379 104 0 255 512 246 126 512 31 321 3549 2981 1066 3930 1713 86 1845 66 1101 333 3691 1403 62 2569 2385 3209 1632 3466 1279 2640 740 3172 3131 2152 3590 3858 2328 3902 2414 486 
207 379 104 126 255 512 246 258 512 32 2802 2627 2622 2796 3245 3685 1487 3928 1153 2532 32 885 651 569 3495 2679 3159 2596 2643 3676 1356 2989 3353 3915 2692 3843 1218 3494 3918 3459 1888 2884 
208 256 0 258 0 374 109 383 253 31 604 223 2797 366 3919 155 1152 3757 1508 2817 818 332 1282 1411 3666 2183 3034 3008 2657 865 1908 643 2370 87 3810 3423 3979 2256 1606 3642 1258 
209 256 0 383 0 374 109 512 253 31 1452 1786 991 2280 1438 2190 1290 359 1376 1102 38 2486 3794 446 1318 1226 202 1330 3966 653 606 3378 200 1826 3183 3800 2350 2895 1243 2814 2138 
210 256 109 258 0 374 246 380 253 31 3612 3443 24 1200 515 2898 3037 504 3012 1469 2819 2775 3317 635 1580 549 2058 3335 1009 1572 458 3659 2735 1680 2227 3276 454 2375 2774 2529 2690 
211 256 109 380 0 374 246 512 253 32 3460 626 1719 225 1877 470 1260 1689 2096 2064 2082 3042 1171 795 1866 956 1644 1047 1731 3959 1879 1400 1245 459 748 3036 1468 3655 2030 2074 1241 875 
212 374 0 258 0 512 120 370 253 31 3345 1198 909 2543 205 1195 2771 3409 2192 3191 3521 3486 676 1154 2155 1501 1186 1191 546 1311 1090 2947 3050 2990 761 3601 1861 1829 934 2394 1343 
213 374 0 370 0 512 120 512 253 31 548 341 970 264 3472 3303 2831 672 1853 399 2901 1488 2314 2002 84 2412 419 2086 2342 2457 184 2105 1767 2125 3278 335 3116 137 2275 2756 2836 
214 374 120 258 0 512 246 360 253 31 1538 3947 2451 2453 1560 2260 847 537 932 1884 2720 2842 313 3197 514 3809 954 286 587 945 3435 2540 2009 1141 119 2215 2654 1012 3702 3997 2254 
215 374 120 360 0 512 246 512 253 32 156 682 3369 1759 2818 2101 2149 2382 1536 1181 1728 3694 1037 1447 3385 159 3609 1114 3663 1972 654 3221 3912 3070 208 2262 1178 1412 1950 3791 1398 2651 
216 256 0 258 253 385 114 392 512 31 457 1803 1428 3306 2 2853 209 1409 2527 163 790 60 1399 2530 1631 2201 1525 1143 2415 1917 2402 3248 2129 2594 3953 1563 72 1107 1751 411 3499 
217 256 0 392 253 385 114 512 512 31 1121 3427 447 1662 1236 3583 271 3338 3613 2503 1119 2380 1133 3307 216 769 472 2790 3031 3168 1708 2026 1210 3755 3213 97 2184 1387 1268 57 3401 
218 256 114 258 253 385 246 389 512 31 3190 585 373 2729 417 718 2972 3547 3201 1396 730 2126 3268 2787 1567 2587 3559 1621 2113 2080 2024 505 3287 2555 1870 2092 1890 3840 2353 2068 2052 
219 256 114 389 253 385 246 512 512 32 3711 2647 2283 282 1614 1216 168 1585 659 3500 122 3658 217 3693 1462 1812 1532 1734 3384 3092 2881 1889 393 1611 509 2293 147 1894 3081 3040 3971 2383 
220 385 0 258 253 512 98 398 512 31 3530 961 2478 2164 2072 1698 554 3416 196 832 6 2644 1246 2561 3774 2983 1220 3263 994 226 3949 1933 3138 3523 1365 1339 821 2658 334 1558 3950 
221 385 0 398 253 512 98 512 512 31 3538 983 1337 49 3149 3817 1352 2117 2166 3266 2135 3458 2123 2936 1087 1338 1277 3722 1434 2585 2642 248 1076 1962 3954 3468 3198 1253 3218 1446 94 
222 385 98 258 253 512 246 391 512 31 344 3692 2274 445 692 3032 1625 1771 2792 3146 2956 2366 2111 1951 3299 2982 495 1851 532 153 37 2717 3866 2920 1821 1017 242 3082 1130 1838 3452 
223 385 98 391 253 512 246 512 512 32 1910 2270 1162 1503 2909 1316 1648 1952 2779 61 3139 173 1167 1591 2864 3837 215 2894 556 1555 1686 2880 2837 1899 1893 1375 2416 3552 40 1874 2143 3481 
224 256 246 0 0 375 376 117 257 31 649 960 2389 3431 1032 1091 3114 2878 1504 193 3091 2136 3686 1249 701 1818 1257 2849 409 802 884 1442 3229 3769 187 3467 3396 1179 433 382 1639 
225 256 246 117 0 375 376 262 257 31 3822 1725 512 3250 2409 2339 3454 3753 323 1377 3292 866 593 58 1124 1864 1471 1284 2970 2471 3207 3587 951 3546 599 1865 3231 2975 2067 2439 2943 
226 256 376 0 0 375 512 99 257 31 65 823 3501 3068 3270 914 2480 1357 912 758 1748 1443 314 1609 2035 3505 3237 3740 871 1169 410 1833 3962 2614 228 1305 1858 697 1011 2841 180 
227 256 376 99 0 375 512 262 257 32 794 1067 1692 3917 1799 917 1575 1142 1276 610 942 3859 1010 2322 1137 670 320 1319 796 2807 2714 1005 2704 1081 2253 3819 34 564 306 3555 1840 998 
228 375 246 0 0 512 385 114 257 31 2191 466 3981 1459 2578 3493 3956 3974 3525 1790 1366 1721 2988 1494 1484 3324 973 1182 1170 3148 227 229 2879 322 95 140 2392 779 1041 2332 389 
229 375 246 114 0 512 385 262 257 31 1991 1457 3617 211 189 3178 972 2171 1351 3024 1485 3411 877 1264 424 1744 3296 1497 1333 91 2941 3489 1188 1732 1052 2954 2762 3526 2306 669 275 
230 375 385 0 0 512 512 103 257 31 1340 1509 412 3417 827 2148 2376 2685 1273 1016 2840 2782 3871 1727 2084 949 1947 1942 1007 855 1407 1291 1164 3789 449 1513 903 2931 2670 2806 2948 
231 375 385 103 0 512 512 262 257 32 3932 2418 1919 2512 77 721 1739 632 526 854 1001 1168 2996 1435 897 836 2368 1363 2015 3051 2133 2435 1789 2872 3969 479 1824 1024 2118 141 3821 1315 
232 256 246 0 257 387 390 123 512 31 3677 619 3265 2949 1922 2059 2103 199 2323 521 1118 1700 2962 879 2546 250 709 3762 3043 237 1746 3058 1576 3075 3007 3022 1601 1512 3256 2267 3923 
233 256 246 123 257 387 390 262 512 31 115 2867 3788 3868 1669 1134 3543 905 1099 300 3055 349 2889 2349 2162 2132 133 3346 1551 2519 2357 194 3308 736 1963 3387 3545 785 3689 3808 1320 
234 256 390 0 257 387 512 126 512 31 1992 2974 2700 675 727 1816 3205 3216 1405 3339 578 1302 3445 3005 547 1554 276 2454 93 2318 3639 624 558 2053 3795 3064 1542 859 1883 3372 968 
235 256 390 126 257 387 512 262 512 32 2645 1202 356 290 3063 3 698 2399 2586 1640 2617 1045 2446 2131 2498 3977 3604 1863 3290 428 3669 1638 3729 2621 1089 2579 2032 1960 2751 2272 1192 441 
236 387 246 0 257 512 387 144 512 31 2417 2699 117 2199 620 1514 2242 3787 3019 85 2524 2108 919 317 432 2042 287 644 1078 2862 2046 1286 3814 2167 1906 3835 784 2449 480 2172 1529 
237 387 246 144 257 512 387 262 512 31 2023 3710 2177 3886 1326 2432 233 1223 116 3550 1763 2937 2665 3041 421 1729 2423 2188 924 397 1788 1571 1857 2706 2406 1063 2444 2515 2157 941 1903 
238 387 387 0 257 512 512 143 512 31 815 1278 2671 2243 2855 3572 2348 2838 1080 1072 1964 1274 567 1720 3892 3880 2317 157 2326 2288 1040 1945 3326 3679 3262 1749 667 280 1295 2680 953 
239 387 387 143 257 512 512 262 512 32 2810 166 1937 1792 940 1208 3700 1378 2168 1015 172 770 482 1647 2355 518 277 1605 2436 2945 2269 2464 2860 583 2147 2758 1618 3121 2119 1217 1505 3581 
240 256 246 262 0 375 371 365 253 31 416 800 807 7 1083 2361 916 1423 2574 1581 1445 3975 1612 3089 3982 3588 3453 3455 1270 3368 3204 3561 2641 2728 3000 2567 2051 2786 1844 2516 2153 
241 256 246 365 0 375 371 512 253 31 1122 645 3015 1155 3664 1404 2805 1629 2469 23 3989 1289 2062 3737 1489 1967 2572 2221 106 1035 2244 3909 3382 3492 1000 3313 702 609 3602 1859 601 
242 256 371 262 0 375 512 383 253 31 2979 390 3386 2351 2716 1406 3712 415 1026 2474 1923 3968 1322 2918 837 2539 1670 1619 2219 3420 3419 1768 3227 3366 2708 538 1056 1197 219 232 2674 
243 256 371 383 0 375 512 512 253 32 3407 2803 3080 3911 3509 1745 580 3687 3162 355 3733 2185 1867 347 2991 3013 401 638 3373 2715 3537 3439 825 1675 1312 1809 108 1454 3214 1213 1980 1673 
244 375 246 262 0 512 369 407 253 31 88 931 2228 3574 2832 2405 3304 384 3383 613 2623 746 1427 2085 664 881 3943 53 3580 1073 835 2442 130 806 3039 3681 2902 737 456 3557 1385 
245 375 246 407 0 512 369 512 253 31 768 2662 1481 158 3322 1965 1126 2873 3916 1827 3261 3935 2625 1941 1920 1328 1211 3878 705 1703 3772 561 2589 1961 966 1766 3332 1086 2741 1224 171 
246 375 369 262 0 512 512 393 253 31 3488 2531 3253 1557 263 707 3182 3585 1474 2553 2007 1108 245 1643 73 145 967 3623 3251 2333 1968 1753 3365 1579 394 1448 2966 3625 3244 1565 2229 
247 375 369 393 0 512 512 512 253 32 3463 3301 1176 3563 475 1235 2090 3130 579 936 3539 971 3593 1117 1301 1348 3111 3929 1785 1018 1184 1100 3281 499 621 3517 2377 872 3357 491 1843 2963 
248 256 246 262 253 390 395 396 512 31 595 253 2694 2094 2482 2659 3309 799 3995 1183 2259 2425 1060 898 2490 864 1911 3577 2698 2776 1815 3528 240 327 3362 2551 2324 3913 3887 2927 1546 
249 256 246 396 253 390 395 512 512 31 1760 3856 3046 816 2212 685 640 1593 2005 1956 1777 420 2363 1429 1971 3992 2043 3152 1854 3874 1380 3793 3942 3300 3027 673 3845 801 3988 3283 3567 
250 256 395 262 253 390 512 384 512 31 3273 1755 2701 402 1907 1004 1068 773 2316 113 3763 3255 378 3269 1038 2266 2445 2098 3508 2813 1456 462 1472 1801 519 759 213 3433 1891 1848 1149 
251 256 395 384 253 390 512 512 512 32 3006 3358 3993 2315 3128 2089 197 2106 1482 1641 1381 2961 862 752 1123 2874 1495 3638 646 1158 1082 1006 2448 2271 1349 3184 2748 1382 566 3714 3611 2158 
252 390 246 262 253 512 389 370 512 31 3376 3578 3490 3752 2911 900 3652 3802 3094 2591 2401 3405 1714 3564 1440 1151 1977 3180 3884 3016 2378 3004 765 1413 1480 3784 2668 788 767 1979 3395 
253 390 246 370 253 512 389 512 512 31 3113 2583 1250 1524 3069 3359 980 3470 3998 589 478 3996 750 3150 22 2689 1602 2618 179 3222 753 1805 325 2301 503 944 3558 2732 1190 1931 3936 
254 390 389 262 253 512 512 411 512 31 3675 259 2134 3741 2233 1138 3765 3660 1028 545 1034 2799 104 560 1701 178 1414 10 2563 1515 188 3657 2225 186 963 695 1127 2222 1372 2798 786 
255 390 389 411 253 512 512 512 512 32 2020 1832 3331 584 2424 3860 3678 2533 1887 1084 822 1586 3790 2110 3994 1160 0 729 1492 1764 2702 1293 3112 1065 1247 2967 455 1331 464 1458 1424 1156 
