32
32 0 0 0 0 137 249 263 261 125 174 2731 811 2308 2746 1496 3927 3388 3965 3910 1036 2507 1417 1379 3792 665 2820 2696 2868 3099 2600 2744 1401 1603 576 2552 1225 3352 1093 3906 54 1921 2374 3181 2682 3553 712 191 291 56 337 2613 1248 772 1521 3667 2653 1473 46 304 3615 3238 1479 2036 3141 1373 2893 1847 3103 3914 368 3619 668 1345 3483 1741 2186 3522 353 2791 3614 283 256 3107 3076 2693 1129 2235 1239 3573 2337 3894 3061 2346 249 3641 2427 3267 2159 3185 1013 160 3683 3418 2595 829 686 74 517 1332 3904 1292 797 3228 451 1161 490 3548 2766 986 2830 1261 908 1237 339 2713 2220 3195 3072 3057 896 2076 3529 974 3029 
33 137 0 0 0 256 249 263 261 125 2599 3210 3635 3154 2624 777 2175 1946 3893 2564 460 1436 2749 3239 2268 295 1418 2969 1110 3796 868 3320 123 269 3782 3361 2620 2709 2223 3279 3599 553 3179 1254 1938 895 814 2027 1750 933 3973 2629 2241 3314 725 235 1850 51 2161 929 3825 3560 3532 1650 3101 380 3696 3628 1166 2372 747 715 1227 1660 2904 1394 135 1159 577 1095 2768 1516 3026 3616 190 2428 2626 2847 128 3672 2634 3298 1470 1500 165 591 1718 110 2571 2073 1199 1131 3170 2390 1758 3334 1597 2649 3606 1915 2977 364 1939 3340 1613 979 2460 212 1677 3084 3434 1519 2465 542 1973 354 1592 2095 3785 1453 1145 2238 2505 100 2060 
34 0 0 0 261 147 249 263 512 125 492 2071 1265 1772 2151 3426 3654 684 1280 2695 3260 562 1098 792 3498 1214 2742 2829 3838 3726 3576 2891 1230 3380 127 1393 2664 2612 981 858 453 805 2939 534 3873 1916 1205 716 625 3948 876 819 3484 90 1185 3399 2795 2900 241 142 598 3713 2144 3143 2932 3643 452 5 2738 2809 2109 935 3297 1733 3169 3876 2863 252 279 2156 2707 3220 109 1756 2174 3607 677 2871 1715 962 2861 27 600 83 2395 522 744 1709 381 1522 400 3952 722 1588 3976 2245 2537 3520 2379 2264 678 717 1466 3961 151 1834 2601 2273 1674 947 1229 2181 265 1368 25 2236 2344 2137 2310 2616 2753 374 1021 762 465 
35 147 0 0 261 256 249 263 512 125 429 2213 138 3404 3723 2550 3624 3212 948 2325 1852 1651 1548 3673 2202 1817 1860 2906 984 167 2305 3151 3047 1926 2952 657 1825 828 958 693 13 2773 2206 1645 1074 703 2959 2330 3109 272 2733 1281 143 3440 1297 3156 2431 2189 1370 107 1793 2726 1303 2083 2100 869 146 318 1970 3009 3671 2535 3018 169 2056 2827 906 3972 3272 749 3863 3645 3798 3707 3891 3100 1835 1355 3963 1136 3117 1491 3957 1656 3833 312 2441 2336 2492 3155 2277 11 2772 3392 1627 2437 2388 1507 2384 1321 3436 3274 570 1231 1547 2875 3536 1397 398 2843 2743 2452 28 2470 3428 2993 1717 1180 3188 867 2556 2472 2407 1059 3648 
36 0 0 263 0 131 249 512 258 125 2525 3371 2091 2848 3736 82 840 1830 3518 234 2278 3728 293 1615 3415 3955 3759 1057 2205 281 1537 3747 3028 3429 3496 3328 1820 2825 2590 3820 3410 2387 2940 111 2281 2559 3895 3507 1659 1096 3003 1655 527 1811 1837 2783 2430 1657 473 1455 1389 946 3102 2282 80 2404 2605 1958 1932 3778 3249 2360 2697 1846 1702 628 731 3053 1174 2463 1115 2510 148 243 2294 857 3093 3389 185 1841 3862 3777 1876 2489 3951 2712 964 565 2656 987 904 63 3497 1483 3217 1244 192 273 1895 1880 1782 2955 3541 2899 1383 2929 915 351 1909 1520 30 1553 3232 1658 2354 510 3775 501 846 3934 1350 985 2411 302 781 
37 131 0 263 0 256 249 512 258 125 629 764 2311 776 2925 2485 3980 1062 2660 33 230 3879 1987 2211 652 1252 3926 2176 1561 1088 89 3461 3412 3088 1978 1477 221 3870 1836 2182 671 3437 3323 2580 1628 2850 1212 26 1600 1490 342 1085 3847 541 1354 2517 3600 3337 3456 2025 3618 1885 1531 996 608 352 3351 899 3941 559 2765 1539 588 175 1221 3327 2145 2006 1432 3761 813 1556 1626 925 989 2065 2877 689 1610 1461 3192 3132 636 3374 3690 3815 3133 3403 267 2655 1347 207 383 1617 3485 3447 8 2506 2953 2912 3219 1918 3631 3924 3475 3243 723 688 2345 1974 574 1014 2615 1898 3329 2760 2107 2154 3724 152 3025 3715 733 2725 3813 
38 0 0 263 258 119 249 512 512 125 674 2816 307 639 891 687 2170 1530 3194 2313 780 3059 889 379 14 2934 926 423 42 315 2938 1341 2739 1527 376 3391 1327 324 3226 1288 3938 2041 1634 2610 2924 2461 2687 442 627 2886 1688 1187 3622 1954 3119 2688 3196 124 1668 3341 3877 2514 2340 3252 2477 648 2609 274 2327 714 3514 1196 3137 2995 3259 3422 607 3060 2196 1797 886 1578 3344 596 363 1985 3312 2723 1800 285 328 939 1298 995 1672 988 2788 1862 2944 71 2915 2538 1550 254 1526 1533 3688 1092 3173 1599 284 3124 1128 2061 2845 618 3118 894 1506 3896 3375 3716 2648 892 2039 2019 3937 2034 474 3852 1535 3743 3193 1616 2231 
39 119 0 263 258 256 249 512 512 125 910 3161 3165 2856 1594 2826 2965 2209 2639 361 2014 1285 3827 1913 3354 3596 1215 1323 2821 329 2544 1925 3257 1460 3931 1296 3074 890 2545 3397 642 154 2250 2447 2866 3773 2075 3745 3123 1810 3767 1031 3157 3215 3073 3807 3939 751 3901 2919 1541 1897 1696 2812 1584 2004 592 3402 2050 3890 2130 2998 1630 1726 616 2087 2255 3506 2204 36 2778 3842 2012 2371 849 2633 1653 3589 2584 1386 2054 1194 2016 467 3177 1566 2950 699 502 1358 483 2367 3356 292 2497 3254 19 938 102 1374 3413 1266 1940 3556 1664 1683 887 3393 406 2588 637 540 1948 2197 3735 9 1604 2933 789 1914 70 35 1209 2669 3898 
40 0 249 0 0 142 512 250 253 125 3235 3167 3519 1444 3684 2992 2994 3776 3491 3718 3823 1543 831 2247 3321 251 3758 435 3830 713 3125 853 338 1935 1061 1408 2263 3432 3095 3316 258 603 3780 3732 3945 1663 3841 3071 2964 1623 3535 1313 2433 1139 2854 3079 874 1934 2419 3390 3017 1450 2081 3135 3812 3872 2038 131 1856 1596 706 2240 2484 55 261 552 2683 907 3446 2044 622 2577 477 2141 1685 1094 2230 431 1299 1982 782 2971 2885 1642 2422 289 203 2606 3933 1287 2678 2381 2509 2312 1690 1996 969 134 2793 3033 2839 2178 2834 1646 3293 2226 3512 3342 69 2358 1112 3527 850 1344 3542 660 3849 2997 2169 2562 1736 78 778 1684 2450 
41 142 249 0 0 256 512 250 253 125 1528 2180 301 1808 3900 1743 662 2210 1294 3554 2234 1608 3233 2237 3236 2721 311 3438 3450 1391 375 739 3001 743 1966 742 2257 3566 3921 3903 3749 2870 2923 1636 3171 2028 1314 3861 2476 1431 44 1988 2352 120 992 2710 1079 1033 3030 893 1419 67 2248 3746 2757 710 2521 177 1695 1552 2822 1995 1008 2946 2852 3754 387 3739 3430 2844 1334 1140 2296 392 775 396 1148 2566 370 1881 330 2287 346 2727 1189 2321 3783 2047 2018 691 181 3889 1738 3381 2801 3551 1441 450 1304 1395 1775 3571 2892 2304 573 3801 2677 3665 3349 1705 3756 3451 224 650 2897 3105 3668 803 913 2502 3187 294 139 488 1943 
42 0 249 0 253 125 512 250 512 125 308 2397 439 2029 679 3881 3045 298 3258 3056 3990 2121 1989 3984 3674 2246 774 469 2077 1384 2488 3629 2146 634 543 2549 3575 957 1051 1271 198 1534 2661 2628 1904 1475 2400 3163 348 631 525 1324 3264 385 1849 3888 902 1053 3408 1762 3598 1306 2343 873 68 1804 793 2443 2597 1795 3052 2031 3398 1787 3379 1780 1589 126 2218 1003 408 990 2299 3513 1369 3106 3967 1774 760 3651 2252 407 812 3805 2646 3158 3869 1770 182 923 170 2526 3464 3277 1924 2865 977 1724 2930 594 1776 3457 950 278 487 2711 2347 345 1957 437 3302 528 1283 617 1569 3570 3164 3568 2021 928 1146 2300 1912 2001 1665 
43 125 249 0 253 256 512 250 512 125 2408 2214 2289 3569 45 496 103 711 3086 2724 92 3224 2286 1054 2070 3730 1735 1165 2638 2426 2421 414 3853 3285 918 1228 1691 2258 3725 3240 1742 309 268 2063 434 3449 129 1671 2364 1882 590 3104 2745 1416 2265 3804 3533 817 2922 3603 1219 726 2440 3414 1754 1953 536 511 3510 1267 3698 3826 2914 260 3544 2438 783 3275 1025 2754 856 2292 852 3592 2755 529 1699 1478 641 2804 3727 3176 1929 901 1637 1046 1570 704 3709 1275 2187 2010 17 720 1635 3083 841 3377 3640 2261 3364 508 1023 422 3160 544 700 1464 218 1346 59 3649 3350 1105 1679 630 3140 2017 2481 965 3023 3288 2334 3286 1262 
44 0 249 250 0 118 512 512 245 125 1071 2718 391 1822 2576 1116 4 2857 2320 3978 2542 1263 3627 2331 2781 195 340 3750 2789 2338 1177 3882 1255 3333 1737 3370 2581 1109 3865 2508 2309 1307 2935 530 2173 2607 413 2284 870 3175 1510 1402 2496 3473 1077 3516 21 1433 1855 257 2747 582 3944 2763 982 2598 448 2770 1573 1730 833 3925 1232 3524 357 3970 3751 2973 1959 3964 1723 3610 1712 255 1927 96 3742 2102 3760 2356 1900 647 2359 1624 2413 2140 1097 1362 572 2921 861 1050 3608 98 1562 614 64 1234 2207 161 2504 1125 2652 3147 824 1747 3234 3748 2730 79 955 2114 3311 3126 2635 3502 922 1251 3142 1998 3223 3044 3699 3960 2198 
45 118 249 250 0 256 512 512 245 125 3186 1120 2568 371 1058 1577 2078 2163 76 39 2365 3704 99 358 3946 2960 2686 114 3400 997 507 418 2048 3621 214 484 2040 745 2307 2942 3985 2475 3295 426 1707 2984 2112 81 299 666 52 952 405 1044 539 1204 3594 2987 3839 655 1240 3816 1798 125 2833 930 336 1722 343 3734 1272 1892 3478 2705 2999 920 2851 1994 2676 3855 3644 959 2794 2216 2666 1981 132 494 3305 882 500 206 3330 3421 3632 238 3721 2066 1791 3786 1984 3242 1517 2079 1778 3241 2523 763 2903 1796 403 461 2033 3650 440 2520 2295 2045 3565 3246 3136 3562 2968 3540 1598 563 3120 3247 3875 2905 246 204 3462 1449 1104 
46 0 249 250 245 126 512 512 512 125 2285 756 2232 597 3424 2691 3705 843 1193 1360 1784 1999 176 2276 1335 3010 1678 3682 43 362 1238 3318 3770 3110 2951 1309 3035 3230 1649 75 1802 2493 1437 1030 2000 3054 568 2667 1559 1222 2487 1336 1930 3174 2681 2518 489 1781 3199 3515 3134 3766 719 586 2575 377 2208 830 136 2279 3897 1075 523 2491 1590 1711 3834 851 2057 3584 999 350 1039 3208 3325 3020 2239 557 2672 804 2536 201 3014 3695 247 3284 2673 326 810 531 2785 3626 791 2522 1043 3905 105 1839 316 2811 3806 2913 3720 2462 2663 1706 2459 3991 3864 1682 1147 3908 661 3310 3867 658 2890 1201 680 2769 921 443 3803 297 2386 
47 126 249 250 245 256 512 512 512 125 3289 3846 1740 20 2128 1564 3085 3503 605 3271 493 162 2752 2468 524 2722 2800 2150 3958 3482 497 735 1873 1944 1813 3048 2784 310 2554 3348 3096 3656 2882 2846 2341 1831 3002 220 2887 1020 1652 2410 3633 2619 2165 3021 3441 2093 436 681 2631 3367 3831 1752 1869 1902 2302 1814 1936 1111 1019 2203 3824 3706 16 1540 367 3634 1568 1997 3986 911 1465 3582 1002 2675 1150 112 2303 1886 1905 1371 3355 2883 2494 3899 3850 2013 2499 3347 2980 2224 121 2541 575 3066 2985 1173 2764 976 1233 3999 2458 728 2479 1697 1620 3597 3779 741 3203 1317 2393 2603 3465 3987 2329 2139 732 3153 1135 1467 149 1353 1300 
48 256 0 0 0 378 246 258 255 125 1203 2926 1842 3166 3011 2251 3661 2456 1990 1975 1451 2455 766 1388 3579 3646 1132 1518 2534 3098 1949 1463 3738 3189 2500 551 1523 2124 3127 1022 1325 3282 476 1242 2808 1367 1359 3907 1069 3653 2815 615 3487 244 2780 1049 2217 1027 1545 2869 2565 2420 3630 1476 2557 1622 3504 3534 2069 2008 3145 2719 1392 694 2767 2759 3206 1582 101 2022 471 3129 3851 3343 2582 388 1587 1783 3922 3797 2298 3211 2398 1439 2910 3829 2373 3474 880 425 3771 1549 2495 3717 3848 3662 3591 696 3065 2122 3719 809 2608 2604 31 236 3360 498 3078 2467 1878 1901 3680 3647 2636 1607 2335 863 2179 581 2099 2859 1779 3697 3636 
49 378 0 0 0 512 246 258 255 125 2986 2193 1415 3595 222 1986 848 2055 2888 860 3701 1361 3444 3394 2750 842 2602 29 2396 48 1928 1661 3637 1029 2611 3708 2466 2957 888 41 1511 3336 3836 2088 231 1761 2876 50 386 839 2823 571 550 1544 3097 3605 3818 2907 2740 3940 3857 1993 2403 2120 2976 533 1654 1794 210 3090 1269 118 612 3811 1868 485 1070 1765 2097 2037 2249 296 15 1896 1498 1583 1106 1502 555 2049 2319 602 1976 2511 2650 3225 2142 427 1103 3703 144 369 2978 1364 1969 838 690 3883 1042 1493 993 3406 3511 1426 734 2761 798 1259 1163 878 2917 47 1422 1807 975 18 2501 820 1687 183 520 2290 943 1773 2828 
50 256 0 0 255 379 246 258 512 125 404 2011 1819 2195 2483 1308 2115 3620 724 771 481 708 3854 2116 3108 3077 738 3442 2958 3115 1875 1872 506 239 3586 1113 2684 834 787 3531 754 1486 1595 2473 1310 1144 3067 844 1633 1676 3476 663 1329 1823 611 1983 150 978 2570 1499 683 266 2160 2573 1828 2835 3469 757 1806 319 1 1955 2291 1693 2637 3038 1410 1342 1666 3294 3764 2824 937 3983 1055 2429 3200 3122 3799 1064 2127 1871 12 826 535 927 3477 360 468 2703 3844 430 1390 808 656 1769 755 3315 463 3781 1716 305 2194 1206 262 3280 3479 270 516 3885 2896 2548 623 3448 2928 1421 2777 2434 845 1157 365 2736 1425 164 395 
51 379 0 0 255 512 246 258 512 125 3049 2643 2003 1218 288 740 3062 1356 1279 3291 3209 3902 3459 3590 3918 3928 2560 3144 3843 2592 3425 62 2908 1681 3319 2734 3828 2884 2200 321 1430 1704 2328 2916 3676 486 1066 1153 2414 2630 2593 2104 2528 633 3353 3915 2558 2385 1632 1256 2679 3131 3920 3685 1757 3768 2796 3691 2692 1207 2532 1713 1420 3172 3731 1710 1048 2513 513 333 2632 3549 3363 3087 1845 438 372 651 2569 1694 3480 3471 3494 2737 569 3202 303 2297 444 1888 2989 2640 2391 2981 2858 66 2622 2362 3466 1172 3670 3832 2627 32 3930 331 1403 3245 883 885 2547 2152 1101 1487 1667 3495 1175 2802 3858 3159 2596 2369 86 1574 3744 
52 256 0 258 0 374 246 512 253 125 3036 1330 1468 1572 454 2774 3757 1438 795 1826 1680 2190 1411 2817 1243 1290 3655 3378 606 2819 643 1152 515 2657 1606 2227 1786 3034 2058 875 3008 2735 1102 1245 1879 459 458 1452 38 3612 1260 653 818 155 470 2280 1009 1908 2074 366 87 1580 3183 1866 3317 2690 504 446 3423 3800 3335 2370 3443 225 2895 2529 1226 3919 223 2375 2350 1731 626 3642 1171 1644 1241 3012 3659 549 1200 991 1400 2256 200 2064 2486 3042 635 2082 3794 3959 2096 604 2183 2814 3966 3810 3276 2797 2030 24 332 2898 865 3666 1376 1877 1508 2775 359 1689 1719 1469 748 1282 956 3037 3460 202 3979 1258 1047 1318 2138 
53 374 0 258 0 512 246 512 253 125 682 537 2831 3791 2382 1090 2756 313 3345 2101 1488 1191 3912 3369 1972 2155 1884 1198 3694 3116 1181 1536 3070 654 286 2651 672 1853 264 2947 2457 2009 1560 3409 1767 1759 1311 1412 1037 3435 341 2275 1861 137 847 2105 3221 546 2002 2836 2540 2771 156 2086 159 2254 3947 1501 3663 2818 2342 2125 2412 3303 932 2453 3521 2543 3278 3385 2149 1114 1950 3601 1398 335 3197 208 934 119 399 676 3809 1728 2654 761 3486 3472 970 2215 1178 1343 514 2451 1538 2394 1195 1829 84 945 184 3997 909 1154 1012 1447 3702 2262 2901 419 2842 587 3050 2260 2720 2192 954 2990 1141 548 3609 205 1186 3191 2314 
54 256 0 258 253 385 246 512 512 125 2647 2113 3287 3031 216 3306 1734 57 769 2026 3500 3213 2853 2402 509 72 3268 163 1803 1621 2080 3040 2184 1563 3307 3547 2972 2415 3658 1567 1614 585 1210 2126 1107 1121 3338 1889 3092 3168 2790 2881 271 3953 1751 1268 659 3840 1216 2587 1396 373 1890 3971 60 1631 1525 3427 2092 1894 447 2201 1611 2353 3499 393 1532 217 2293 1428 1143 2527 1119 3081 2 2530 3755 472 1409 3559 457 147 2555 1133 2787 3190 2052 3401 3384 97 2380 790 1462 505 1399 2068 2729 168 2129 1870 730 1236 3583 3711 1387 1585 417 2383 1812 3248 2503 2594 209 3613 2024 3201 1708 2283 122 3693 1662 282 411 718 1917 
55 385 0 258 253 512 246 512 512 125 2072 556 3082 2561 445 1591 554 2135 1648 1246 692 1277 196 2837 3149 215 1893 2416 1434 2117 3523 3416 1316 1851 3722 1375 3139 49 3954 1503 2909 1899 242 2717 3138 2792 1446 1625 1365 3218 1951 832 1130 1167 344 3950 2366 2644 2143 3692 3299 3266 3837 1017 37 1076 1821 961 3452 3198 173 153 3481 3146 3263 994 2658 1874 1962 2642 1910 2983 3468 226 983 248 1162 495 2956 2585 3774 2864 3530 334 1352 3817 2270 1952 2274 3538 1686 2936 1771 1933 2123 821 1558 1555 61 1838 3458 2880 1337 2982 1087 1220 94 3866 1698 3032 3552 2164 2111 1253 2779 2478 3949 2894 1338 532 40 1339 6 2920 2166 
56 256 246 0 0 375 512 262 257 125 1137 593 758 1443 1124 1011 2409 871 564 320 3546 3822 1284 409 433 1032 3250 998 180 3467 2471 1305 2480 2439 3207 670 3917 697 796 1010 58 314 942 3587 3686 1249 3237 228 3753 3740 1067 701 1442 1799 2704 65 2322 1257 1864 2807 3431 3555 3962 1179 2389 2943 1005 649 3454 3396 3819 1377 866 599 3270 3859 3292 2878 1858 2614 2975 1504 1575 610 3114 323 2339 951 3229 3091 1748 2714 2849 802 34 3505 1692 187 1609 3068 884 1639 1865 1818 1319 1840 912 1169 193 306 917 2136 3231 2035 794 1725 1142 823 960 1091 382 2841 512 1357 410 1833 1081 2067 914 1276 3501 1471 2970 3769 2253 
57 375 246 0 0 512 512 262 257 125 1721 3296 1459 1947 854 779 2988 2418 3525 3417 1188 2392 3526 2332 1291 1485 2670 1497 424 973 3932 2306 2948 3148 669 1457 972 1333 2376 1494 1024 3051 1001 3411 211 2879 3789 526 1273 2954 632 412 2133 3489 3956 2782 2806 2084 466 1363 949 2872 2685 479 2578 91 1739 1007 1991 2931 3974 3871 1170 2996 3969 322 2191 827 1435 3493 1016 140 1351 95 3617 3178 2762 1340 3821 1727 1407 3981 449 1513 2171 141 1164 3024 2118 2435 1942 2840 1744 1366 877 2941 189 2368 903 836 389 1824 227 1509 275 1264 897 1732 855 1168 1041 3324 1052 2015 1790 77 1919 2148 1182 229 721 1789 1315 2512 1484 
58 256 246 0 257 387 512 262 512 125 1963 1601 1883 2059 3022 276 3055 2617 2867 1992 3545 736 199 1554 1960 1551 1638 3604 1118 3043 2357 1192 300 578 93 3058 3808 2454 2267 2132 2889 2498 2700 1576 194 3795 349 3543 3762 2586 115 2131 1405 3216 250 558 2323 2053 3308 1816 1302 3265 3639 1320 3372 1746 2962 727 785 2162 2519 3256 3689 3729 968 2318 2272 905 619 2974 1099 356 133 1542 1669 1700 624 3205 3339 1863 428 237 698 3007 1512 675 2751 1045 2579 2349 3290 3063 2103 3677 547 2645 3669 2399 3788 3445 441 2949 3868 1922 859 1640 1089 3075 879 3 2446 1202 2546 3064 3387 2621 290 521 2032 3923 3977 3005 1134 3346 709 
59 387 246 0 257 512 512 262 512 125 2348 1278 277 2436 567 1217 1903 2464 1749 2417 667 1571 3892 2862 482 3262 2157 1792 815 2288 3710 1274 2167 1964 2147 166 2699 1618 317 1514 2046 1729 85 953 2665 157 1295 2355 940 1078 2524 1063 2444 3886 2680 3880 2515 1647 1906 280 644 2119 941 1080 3041 2937 1945 2855 3700 2172 1720 3326 233 2406 1040 1937 117 919 1529 2706 3814 770 3121 2758 2326 1015 2945 3550 116 2023 924 480 1072 1286 1505 2838 518 620 2449 3572 2168 1326 287 2177 3787 2423 2108 583 784 2432 421 2242 1378 3581 1208 2810 2317 2188 3679 2671 3019 1788 432 1763 1605 2243 172 2042 2860 1857 2269 1223 2199 3835 397 
60 256 246 262 0 375 512 512 253 125 2221 580 3162 3561 3373 3386 1581 3439 3419 416 1867 2708 355 2351 645 3407 2991 1980 3911 1000 3227 2219 3214 3204 3509 1083 3537 538 2062 825 3015 3000 415 3368 1619 2539 3366 916 401 2572 106 1404 1155 1197 2716 2153 3420 1673 2361 1122 2803 1406 2728 2918 2469 3712 2715 232 1844 1859 2674 1809 3982 2567 1967 2185 3080 1612 1213 3382 2474 2979 3737 1035 3975 2641 23 837 3664 390 2244 3089 1454 7 3909 1056 219 1489 638 1445 2805 1322 2516 347 3588 1768 3455 3313 3013 2051 1670 1289 800 3687 601 609 3968 807 3733 1423 1745 1312 3989 2786 702 3453 1026 3602 1270 3492 2574 1629 108 1923 1675 
61 375 246 262 0 512 512 512 253 125 881 2531 2007 53 3593 2873 561 3929 1108 73 1176 3182 3625 1766 263 2553 806 2662 2228 1427 3301 737 1348 1941 3304 1211 245 3878 967 1965 2832 1843 1073 3623 2963 2333 3039 3574 3111 1827 3261 835 1224 3539 1235 579 158 2229 1703 2442 1481 936 2085 1785 2623 2589 3585 2405 3244 2090 3580 1018 491 3332 971 1328 2377 171 145 3281 2902 3322 1968 1565 3681 1920 3517 3943 499 3365 1184 2625 3357 3130 664 1448 1086 3488 2966 3463 1557 130 1474 872 1643 1301 3935 613 1126 931 2741 394 456 475 1753 3253 1117 746 705 707 3916 1100 768 88 1385 1579 1961 3383 3772 3557 621 384 3251 966 3563 
62 256 246 262 253 390 512 512 512 125 1349 2748 2776 1777 253 2316 3300 3152 2266 240 2813 2094 2005 1911 1382 752 799 595 3577 640 1123 3362 646 3714 3763 816 519 1760 773 1482 1755 3793 3184 864 3433 3988 1183 1956 3913 420 3358 1971 1060 2106 1801 2158 1004 3887 2874 3993 1456 462 2212 197 1068 2363 3942 213 1546 1891 1495 113 2271 3046 2043 2701 1380 2490 2098 3269 3874 2698 3309 2551 898 1472 3006 1082 566 1381 1006 1158 1848 3508 2448 2315 2445 402 759 3528 1038 3567 1593 3027 3992 2659 1854 673 3995 3273 2694 2324 3845 3255 2089 2927 2425 2259 1907 3856 378 1429 1815 3283 1641 801 1149 327 3128 2961 3611 3638 685 862 2482 
63 390 246 262 253 512 512 512 512 125 178 1138 1931 1979 750 3860 2134 1151 2668 3094 765 325 104 3016 3180 3752 963 2732 767 3490 22 3660 3998 3359 3564 1602 980 2799 1250 3470 2583 788 2533 259 3331 729 3069 3996 1293 1413 3657 3376 3112 1480 1714 3113 1764 1065 1701 1156 188 589 186 0 3558 1440 3675 2967 822 503 584 3936 545 1414 3395 786 3741 2424 2222 2233 2301 1127 695 1458 1586 753 1887 2591 464 1160 1247 3784 2378 478 560 2911 3150 1424 1515 2798 2401 2689 3790 2702 3765 2020 1034 1331 455 1492 1084 1805 2225 3884 2618 1524 3578 2563 1977 2110 3802 1028 3222 900 944 3405 1832 10 3678 3994 3004 3652 1372 179 1190 
