128
128 0 0 0 0 149 114 105 259 15 74 304 829 256 1373 1847 1496 712 368 974 46 160 1332 460 1921 
129 0 0 105 0 149 114 265 259 16 797 191 1401 337 1479 1013 1239 1473 986 56 283 1417 665 1946 576 1161 
130 0 114 0 0 149 250 129 259 15 1225 1741 811 1379 686 54 1603 339 1248 451 1093 777 908 1436 1521 
131 0 114 129 0 149 250 265 259 16 517 1261 249 1345 174 1129 1237 772 353 490 1036 1292 291 896 668 185 
132 149 0 0 0 264 130 134 259 15 1842 868 1110 269 1418 895 1592 591 295 1500 1470 1166 1131 747 1597 
133 149 0 134 0 264 130 265 259 16 1677 354 577 1519 128 110 1394 1453 1750 1718 715 165 814 364 212 135 
134 149 130 0 0 264 250 142 259 16 1159 933 1973 51 725 1199 979 1939 1850 1613 100 235 190 929 1516 123 
135 149 130 142 0 264 250 265 259 16 542 1095 1758 1915 1203 553 1650 1227 1124 1254 1938 1660 1145 380 1836 813 
136 0 0 0 259 136 106 139 512 15 151 452 1230 252 1733 381 1466 981 684 279 962 935 1229 1916 722 
137 0 0 139 259 136 106 265 512 16 805 600 598 858 27 1280 1205 109 1588 1834 1715 744 1265 534 625 376 
138 0 106 0 259 136 250 122 512 15 265 1756 522 127 947 792 1368 453 5 716 717 142 876 819 492 
139 0 106 122 259 136 250 265 512 16 677 1709 90 1393 1772 241 400 1522 678 1185 562 1674 1098 83 1214 474 
140 136 0 0 259 264 106 119 512 15 1819 1852 869 1370 1656 657 398 146 1860 143 1059 1507 28 762 25 
141 136 0 119 259 264 106 265 512 16 429 169 374 693 1321 948 1231 404 1308 465 1717 906 138 1817 570 1651 
142 136 106 0 259 264 250 102 512 16 1180 13 1548 703 1074 867 1281 1136 1835 272 1021 1825 984 1547 11 107 
143 136 106 102 259 264 250 265 512 16 1970 312 1645 1491 1793 749 828 1397 1627 167 1303 958 318 1926 1355 1297 
144 0 0 265 0 130 86 391 250 15 243 1115 904 1553 985 1389 1537 111 1876 82 1350 1658 473 1841 1837 
145 0 0 391 0 130 86 512 250 16 273 1782 1174 1820 987 192 510 1655 302 1659 628 1702 915 840 946 1895 
146 0 86 265 0 130 250 419 250 15 1958 1932 731 964 63 1811 857 351 1455 1057 565 1909 234 1383 501 
147 0 86 419 0 130 250 512 250 16 1483 1830 530 293 30 80 1520 255 846 281 1096 1657 1880 1244 527 148 
148 130 0 265 0 264 122 396 250 15 1490 541 1432 1212 1898 8 89 1531 352 207 267 1626 230 1617 588 
149 130 0 396 0 264 122 512 250 16 1088 33 1477 1062 1556 996 671 688 1330 559 1252 1918 574 1610 652 26 
150 130 122 265 0 264 250 392 250 16 175 636 1221 629 776 608 925 989 1572 342 1974 1014 454 1085 723 1354 
151 130 122 392 0 264 250 512 250 16 733 1561 1987 152 221 899 1461 1600 1885 781 383 1347 764 1978 689 1468 
152 0 0 265 250 107 118 389 512 15 1526 1327 1668 1599 1578 124 674 889 894 1187 1196 1846 687 607 423 
153 0 0 389 250 107 118 512 512 16 442 995 1797 1506 254 988 891 1341 1954 1092 315 14 1298 1800 639 1288 
154 0 118 265 250 107 250 387 512 15 1128 1688 714 1533 363 1985 1672 618 1615 274 1559 71 42 379 1527 
155 0 118 387 250 107 250 512 512 16 926 324 648 328 1530 1550 307 284 285 1634 939 1862 627 780 596 886 
156 107 0 265 250 264 108 424 512 15 1566 699 1541 642 1285 1215 1460 361 938 751 1630 154 1296 1664 1386 
157 107 0 424 250 264 108 512 512 16 1209 1323 216 1810 616 1653 102 1940 1925 329 1031 1594 1374 887 1726 1914 
158 107 108 265 250 264 250 424 512 16 1266 540 1696 502 1584 849 1628 910 789 35 9 637 1358 467 1539 292 
159 107 108 424 250 264 250 512 512 16 1604 70 36 592 1948 890 1683 1194 1535 406 892 1897 19 1616 483 1913 
160 0 250 0 0 158 338 105 255 15 552 55 1856 251 258 1982 1690 1294 1408 662 1934 907 1935 69 1139 
161 0 250 105 0 158 338 245 255 16 1528 1685 477 1684 622 713 1642 1623 923 1112 1996 375 1344 850 1663 1287 
162 0 338 0 0 158 512 132 255 15 78 261 969 1608 660 1904 1808 1299 831 338 1313 131 1444 853 778 
163 0 338 132 0 158 512 245 255 16 1646 1450 435 289 1543 1743 706 203 1094 1061 1736 311 874 301 1391 1596 
164 158 250 0 0 264 403 95 255 15 396 1738 1966 739 536 177 775 139 387 1988 409 1943 392 1395 1189 
165 158 250 95 0 264 403 245 255 16 44 433 1314 1334 650 120 1008 593 1419 1033 1284 488 1636 992 803 181 
166 158 403 0 0 264 512 118 255 16 1552 294 1304 1881 758 743 1443 67 573 871 710 1011 330 893 1079 450 
167 158 403 118 0 264 512 245 255 16 1140 1137 1148 1995 320 370 1431 742 1775 1705 346 913 1695 564 1441 691 
168 0 250 0 255 125 351 109 512 15 679 1924 1589 793 1804 1384 928 543 1569 182 1780 594 1912 298 634 
169 0 250 109 255 125 351 245 512 16 469 385 760 1957 278 1324 977 1475 950 1369 170 1003 631 439 1053 774 
170 0 351 0 255 125 512 111 512 15 873 1776 348 902 198 1271 990 408 487 528 1146 1989 126 957 1306 
171 0 351 111 255 125 512 245 512 16 407 1283 812 308 1665 437 1787 68 1762 1534 1849 345 1774 617 1724 525 
172 125 250 0 255 264 373 97 512 15 711 901 103 45 92 1275 704 817 1054 1635 1046 630 496 129 1742 
173 125 250 97 255 264 373 245 512 16 1346 1699 1105 1601 1637 17 1953 511 508 1882 852 1963 59 414 218 641 
174 125 373 0 255 264 512 126 512 16 1478 1228 726 1691 1671 529 1464 1929 783 434 1679 544 965 856 1883 1267 
175 125 373 126 255 264 512 245 512 16 260 1262 1754 309 422 590 1165 268 720 918 1219 841 700 1735 1025 1570 
176 0 250 245 0 119 375 382 244 15 603 782 1177 1307 861 1998 96 1562 1730 21 1109 1125 955 1251 1747 
177 0 250 382 0 119 375 512 244 16 64 1433 1855 1900 1624 98 922 1927 833 448 1097 1362 582 413 1116 614 
178 0 375 245 0 119 512 370 244 15 431 134 340 1071 1050 572 1077 1263 357 824 1573 79 257 1255 1822 
179 0 375 370 0 119 512 512 244 16 1510 1712 195 647 982 1723 870 1234 1402 1232 161 1120 4 1959 391 1737 
180 119 250 245 0 264 377 371 244 15 224 655 416 1798 1581 1044 1204 745 1707 1791 494 358 1240 1892 99 
181 119 250 371 0 264 377 512 244 16 1517 1577 405 114 52 440 238 246 1722 336 206 882 1598 959 952 920 
182 119 377 245 0 264 512 373 244 16 426 998 299 461 132 1778 563 1984 763 1449 484 997 403 371 539 81 
183 119 377 373 0 264 512 512 244 16 500 1796 1272 507 76 1104 580 343 1058 39 214 1981 204 1994 930 418 
184 0 250 245 244 124 380 374 512 15 1051 1770 1193 1802 851 201 136 105 791 999 1649 350 1043 830 557 
185 0 250 374 244 124 380 512 512 16 658 1039 1309 43 1839 377 1930 489 1781 1147 1999 586 1336 316 1706 1678 
186 0 380 245 244 124 512 382 512 15 1795 1784 1238 1360 523 804 176 719 297 1222 1682 756 568 247 661 
187 0 380 382 244 124 512 512 512 16 921 1075 531 1201 810 1030 680 1711 362 1437 843 597 1590 1335 326 75 
188 124 250 245 244 264 386 355 512 15 1023 1416 253 20 125 1936 976 605 1002 1568 1020 1111 1467 1019 1317 
189 124 250 355 244 264 386 512 512 16 1150 1697 728 220 1620 1173 1869 443 1831 1777 735 1652 436 493 310 575 
190 124 386 245 244 264 512 409 512 16 497 1233 1873 367 1997 1135 1540 1465 1353 1905 1300 1752 149 162 911 121 
191 124 386 409 244 264 512 512 512 16 1902 1740 524 666 741 1814 1564 1813 1944 1371 1886 16 1349 732 112 681 
192 264 0 0 0 401 126 134 247 15 1132 1582 48 1359 1622 1783 766 1029 1949 1049 809 1388 1361 425 1901 
193 264 0 134 0 401 126 270 247 16 1392 880 1463 1415 101 236 1928 222 842 498 476 551 1975 1325 1198 604 
194 264 126 0 0 401 248 135 247 15 1549 1607 29 1022 1779 244 1451 1518 1439 388 1986 1367 615 1027 471 
195 264 126 135 0 401 248 270 247 16 581 1990 31 848 694 1242 863 1878 1587 860 1661 696 1523 1069 1476 24 
196 401 0 0 0 512 80 136 247 15 1269 183 1364 533 1807 485 1163 612 118 47 1868 296 1259 427 1773 
197 401 0 136 0 512 80 270 247 16 1761 838 1106 210 1794 734 1654 943 15 1422 1493 839 18 50 909 205 
198 401 80 0 0 512 248 146 247 16 1544 1426 820 144 888 1502 520 1511 993 386 550 1687 602 690 41 798 
199 401 80 146 0 512 248 270 247 16 1993 1765 1976 1070 1042 369 1264 975 878 1969 571 1896 555 1583 1498 1538 
200 264 0 0 247 364 111 178 512 15 611 150 1595 1875 1329 771 808 978 430 1342 481 319 1955 1545 1055 
201 264 0 178 247 364 111 270 512 16 1769 1666 12 360 1486 1716 305 463 1064 1390 1871 663 724 1113 1693 506 
202 264 111 0 247 364 248 133 512 15 1310 1633 656 1206 1872 535 834 787 683 1828 927 757 266 239 1410 
203 264 111 133 247 364 248 270 512 16 1 738 1676 1499 1806 708 1823 754 1144 468 1983 755 844 937 826 585 
204 364 0 0 247 512 96 123 512 15 1574 883 1175 1710 1694 1207 262 331 1420 1430 438 1157 231 1681 1704 
205 364 0 123 247 512 96 270 512 16 1256 288 270 303 1048 1667 633 513 444 1172 372 1425 1757 1103 365 961 
206 364 96 0 247 512 248 140 512 16 321 1066 1713 86 1845 66 333 1101 516 1403 62 1632 1279 740 486 1421 
207 364 96 140 247 512 248 270 512 16 1487 1153 32 885 395 569 651 845 164 1356 623 1218 1888 344 445 692 
208 264 0 270 0 370 112 383 250 15 223 366 155 1152 1508 818 332 1282 1411 1908 865 643 87 1606 1452 
209 264 0 383 0 370 112 512 250 16 1786 991 1438 1290 359 1376 1102 38 1866 446 1226 202 653 606 200 1826 
210 264 112 270 0 370 248 398 250 15 1200 515 504 1469 635 1580 549 1009 458 1680 626 1719 225 1404 1877 
211 264 112 398 0 370 248 512 250 16 470 1260 1689 106 1171 795 956 1644 1731 1879 1400 1245 459 748 1241 875 
212 370 0 270 0 512 124 370 250 15 1195 676 1154 1501 1186 286 1191 1311 546 1090 761 1861 1829 934 1343 
213 370 0 370 0 512 124 512 250 16 1258 548 341 970 264 672 1853 399 1488 84 419 184 1318 1767 335 137 
214 370 124 270 0 512 248 372 250 16 847 537 932 1884 313 514 954 587 945 1141 119 1012 835 156 682 1759 
215 370 124 372 0 512 248 512 250 16 1536 1181 1728 1037 1447 159 1114 1972 654 1047 208 1178 1961 1412 1950 1398 
216 264 0 270 250 385 96 386 512 15 457 1803 1428 2 1409 163 790 60 1399 1631 1525 1143 1917 72 1107 
217 264 0 386 250 385 96 512 512 16 1751 1121 447 1662 1236 271 1119 1133 769 472 1708 1210 97 1387 1268 1243 
218 264 96 270 250 385 248 419 512 15 373 417 1396 730 209 1567 1621 505 1870 1890 1563 282 1614 1216 168 
219 264 96 419 250 385 248 512 512 16 1585 556 659 122 217 1812 1462 1532 1734 1889 393 1611 57 509 147 1894 
220 385 0 270 250 512 103 393 512 15 1698 554 196 832 6 1246 1220 994 226 1933 1365 1339 821 411 334 
221 385 0 393 250 512 103 512 512 16 1558 983 1337 49 1352 1555 1087 1338 1277 1434 248 1076 1962 1253 1446 94 
222 385 103 270 250 512 248 391 512 16 1560 1625 1771 718 1951 495 1851 532 153 37 1821 1017 242 1130 1838 1910 
223 385 103 391 250 512 248 512 512 16 1162 1503 1316 1648 1952 61 173 1167 1591 215 1686 1899 1893 1375 40 1874 
224 264 248 0 0 378 388 93 228 15 960 1459 1032 1091 193 912 1249 701 1818 1257 1169 802 884 1442 1305 
225 264 248 93 0 378 388 256 228 16 180 1692 1179 382 1639 1725 512 323 1377 866 58 1864 1081 1471 951 1865 
226 264 388 0 0 378 512 101 228 15 65 823 914 1357 1748 314 1609 1947 410 1833 228 1858 697 794 1067 
227 264 388 101 0 378 512 256 228 16 1799 1575 917 1142 1276 610 942 1010 670 854 1319 796 1005 34 306 1840 
228 378 248 0 0 512 375 104 228 15 466 1790 1366 1494 1484 973 1182 1170 227 229 322 95 140 779 1041 
229 378 248 104 0 512 375 256 228 16 389 1991 1457 211 189 972 1485 877 424 1744 1497 1333 91 1188 1732 1052 
230 378 375 0 0 512 512 88 228 16 1340 1509 412 827 1273 1016 1727 949 1942 1007 855 1407 1291 1164 449 1513 
231 378 375 88 0 512 512 256 228 16 903 1919 77 1739 632 526 1001 1168 1435 897 836 1363 479 1824 1024 141 
232 264 248 0 228 388 383 104 512 15 619 649 1922 1504 199 1721 521 1118 1700 879 250 709 187 237 1746 
233 264 248 104 228 388 383 256 512 16 1576 1512 115 1669 1134 905 1099 300 349 133 1551 194 736 785 599 1320 
234 264 383 0 228 388 512 118 512 15 1992 1278 675 727 1816 1405 1302 578 547 1554 276 93 624 558 1542 
235 264 383 118 228 388 512 256 512 16 859 968 1202 356 290 3 698 1640 1045 1863 428 1638 277 1089 1960 1192 
236 388 248 0 228 512 385 144 512 15 117 620 1514 85 919 317 432 287 644 1078 1286 1906 784 480 1529 
237 388 248 144 228 512 385 256 512 16 1351 1326 233 1223 116 1763 421 1729 924 397 1571 1788 1857 1063 941 1903 
238 388 385 0 228 512 512 143 512 16 815 1072 1080 1964 1274 567 1720 157 1040 1945 1749 667 280 1295 721 953 
239 388 385 143 228 512 512 256 512 16 166 1937 1792 940 1208 1378 1015 172 770 482 1647 1789 518 1605 583 1618 
240 264 248 256 0 385 389 380 254 15 800 807 7 1083 916 1423 1445 1612 415 1270 881 53 1844 1122 645 
241 264 248 380 0 385 389 512 254 16 219 232 1155 1629 23 1289 1489 1967 1035 1000 702 561 609 1766 1859 601 
242 264 389 256 0 385 512 384 254 15 390 1406 1108 1026 73 1923 1322 837 1670 1619 1768 538 1056 1197 1149 
243 264 389 384 0 385 512 512 254 16 1745 1176 355 1867 347 401 638 825 1675 1312 1809 108 1454 1213 1980 1673 
244 385 248 256 0 512 367 407 254 15 669 275 88 931 384 613 746 664 1427 1073 130 806 456 737 1385 
245 385 248 407 0 512 367 512 254 16 768 1481 158 1965 1126 1827 1941 1920 1328 1211 705 1703 966 1086 1224 171 
246 385 367 256 0 512 512 407 254 16 1315 263 1557 707 1474 245 1643 145 967 1968 1753 1579 394 1448 1565 475 
247 385 367 407 0 512 512 512 254 16 1235 579 936 971 1117 1301 1348 1785 1018 1184 1100 499 621 872 491 1843 
248 264 248 256 254 392 405 377 512 15 595 1755 799 1183 1907 1060 1004 898 864 1911 1815 240 1979 327 213 
249 264 248 377 254 392 405 512 512 16 1546 1760 816 862 685 640 1593 1956 420 1429 1971 1854 1380 673 801 1931 
250 264 405 256 254 392 512 371 512 15 1217 441 1138 402 1068 178 773 113 378 1038 1456 462 1472 1801 519 
251 264 405 371 254 392 512 512 512 16 759 1891 1848 197 1482 1641 1381 752 1123 1495 1158 646 1082 1006 1382 566 
252 392 248 256 254 512 417 373 512 15 259 900 1714 545 1440 1151 1977 765 1413 1480 963 695 788 767 1250 
253 392 248 373 254 512 417 512 512 16 1524 980 589 478 750 584 22 1602 179 753 1805 325 503 944 1156 1190 
254 392 417 256 254 512 512 446 512 16 1505 1028 1034 104 560 1701 1414 10 1515 188 186 1127 1372 786 1832 1887 
255 392 417 446 254 512 512 512 512 16 1084 822 1586 1160 729 0 1492 1764 1293 1065 1247 455 1331 464 1458 1424 
