64
64 0 0 0 129 143 131 93 2485 1362 5334 4543 1540 5298 2776 3950 5743 1324 99 3644 2180 2884 231 20 2586 4618 927 4331 4028 1173 5585 5689 1621 5960 4566 1720 966 4239 1926 5765 4111 4216 2852 3353 5002 5388 4105 4996 2102 2877 1343 2000 505 1031 5954 2234 3356 1099 1552 5138 4843 3794 1741 150 472 2170 5978 3039 4525 54 454 2563 941 2022 5014 5500 232 4088 2881 3361 3364 5433 309 5266 3998 1615 2684 2159 3409 3971 2673 4270 3932 1689 5212 2244 239 137 1845 270 57 
65 0 0 131 129 143 259 94 1105 4155 421 2017 4474 3583 4062 4899 3812 1847 2873 2569 2944 2882 5794 1365 2225 3703 4262 3069 5368 2778 5587 5716 2110 477 2694 4502 3594 3493 1430 1108 4039 5870 146 4362 206 4557 1756 3215 1941 5436 5076 267 3429 2094 1754 3366 3937 349 2766 589 4023 926 3016 5129 5908 1578 9 5636 3177 4400 2851 1826 1915 2990 3247 5730 5660 2112 3141 4143 3966 4955 4871 3 3864 2591 1936 5662 5022 3729 1127 661 1744 2590 585 2831 4681 4655 5975 1998 1887 968 
66 0 143 0 129 264 117 94 5524 5927 5944 2346 5046 5746 5036 3009 4910 208 2767 1617 1107 1986 517 5977 4021 5736 2860 2084 3053 2530 1304 969 1152 938 5766 1403 1996 4483 560 4861 4961 5167 5883 2330 5303 1844 5063 3424 1050 5556 1980 1769 1593 4022 3854 2176 4831 5788 5172 1177 3067 5726 4369 406 5719 1951 3090 4024 1544 1005 5407 2100 4452 3771 5668 2228 4887 5997 4476 1963 501 547 5045 5361 2612 1987 3343 1116 929 3077 3900 627 4747 4898 3442 3021 5157 2772 5475 2835 3817 832 
67 0 143 117 129 264 259 94 2960 5320 1622 3841 1677 5871 4795 369 3327 4507 2839 5540 1905 4538 2091 1163 1319 5999 5843 1487 4716 3968 4805 2509 2135 5210 3488 2740 220 3354 5256 3940 2308 531 3765 4558 726 592 3036 3026 2288 1170 5915 1556 2562 1860 5658 5472 3914 5357 3518 2994 3618 4925 4011 5271 5695 1837 2093 4016 1920 5699 444 2315 3903 3347 5523 5184 861 4168 1891 1405 5982 1340 5935 2644 254 1907 4702 4600 2900 2927 5661 2704 126 2003 4447 838 3540 4038 22 745 3893 656 
68 129 0 0 253 126 129 93 2314 5762 2184 1246 1417 1912 5748 3370 205 4667 548 2056 3989 326 4642 3251 376 2245 5923 1962 540 3883 2964 2657 212 3784 784 3972 2114 5465 3159 3604 5071 3082 59 2494 4185 4714 2419 451 3770 2086 1088 1070 1433 5130 2698 1595 5438 2171 3502 2309 1402 4044 135 4128 3702 5162 103 1858 5739 485 5450 5607 5537 752 1178 981 5665 2988 2745 1651 869 4385 4025 2376 2465 42 198 1553 4976 5777 4077 3928 1485 1098 3955 350 619 1728 3109 2637 436 
69 129 0 129 253 126 259 94 1691 5791 4804 2109 1425 1062 4328 3588 2892 2008 2610 2195 2957 2350 1838 4468 5151 3398 3150 615 2269 4414 5399 2148 2833 3057 1791 4518 3143 2344 3120 4373 1164 2786 2618 594 4537 5385 2779 5626 4531 67 4943 3324 3721 4950 4733 5058 3262 358 5823 5594 913 3119 4818 2202 1034 2663 5599 5482 2453 4467 4821 1857 3930 5364 2434 3996 4091 3137 1569 2272 1566 1426 368 4084 1703 2913 2635 2221 1502 3144 1850 4705 3457 1662 4931 4757 4916 1020 4680 3038 4798 256 
70 129 126 0 253 264 127 94 3951 5709 1463 5213 4549 761 2876 5717 2841 3866 2052 3419 508 3211 5416 5495 3269 3154 3933 951 2374 4815 3087 899 4148 3798 785 1561 3014 5283 1788 1929 2848 362 1247 759 226 5409 1793 3386 2923 695 2040 3032 2217 5181 814 1938 4302 149 4274 5547 5201 3458 3293 3338 3319 3529 3967 5030 1974 739 4051 5609 4017 4661 4365 61 1603 4802 1573 495 603 3085 6 5838 5137 634 4648 21 1993 246 3309 2451 238 1314 1674 3691 4228 5650 3448 1132 5752 991 
71 129 126 127 253 264 259 94 2695 4829 500 1947 4643 5229 1315 4904 5803 1479 2460 4311 1197 1527 1652 2728 1369 5555 722 2034 665 2123 3593 880 5066 1817 1977 2431 1950 795 5669 3920 2098 4754 447 2659 3988 1422 1398 1824 1444 1469 587 51 867 1305 1355 982 431 5906 1080 3980 5769 5414 5986 4318 1765 579 4449 2535 105 5499 2006 4249 3121 3870 967 3323 2328 5131 5642 1219 460 4188 244 1171 702 1819 2011 983 4404 5604 3295 4901 3956 3499 2855 5734 3614 3497 3015 402 1234 3789 
72 0 0 259 124 122 389 93 200 2209 3190 1667 1761 1918 4830 4099 1531 1633 4334 5282 1416 3654 4356 1653 4610 3901 1563 1668 1292 588 1771 1848 4556 3532 1249 5362 1515 5147 3891 2031 915 5031 1739 283 3853 4457 2299 546 5243 2290 3333 3682 5149 2165 3938 3935 4630 5104 5801 5733 4499 3170 2652 1383 4790 4748 2444 4059 4391 760 4498 5371 2626 396 5905 5539 2550 3869 959 3573 4177 56 1853 3302 974 2613 3509 1241 199 5175 697 3630 1501 3459 5663 4823 4834 4584 4774 5279 1779 
73 0 0 389 124 122 512 94 3408 5024 2095 2436 4951 3941 4217 4097 973 3733 1161 5391 2920 3659 5957 789 5485 5576 426 401 5494 5545 3728 3777 5656 3012 452 3807 422 3162 5270 5541 3422 5384 2053 4913 3095 706 2803 3633 3877 1881 3824 4372 3581 3426 1220 1036 4251 3566 2942 806 4376 2265 3779 1525 5641 2440 3102 3711 5864 5898 410 158 5337 224 1018 1904 5751 10 4707 1894 5443 5566 3826 4060 3597 5448 223 4929 2853 5861 1768 1224 2930 2096 3357 3066 5952 4288 5275 3647 405 1835 
74 0 122 259 124 264 399 94 4767 3611 2484 4595 5924 5504 5963 4454 4817 1762 249 1385 4204 5646 2127 3719 3582 1242 4572 3648 1172 3486 2948 3265 3923 4570 2910 4959 5880 1211 5582 3138 4505 1209 4668 4651 5365 2813 5763 391 5938 1794 3616 4869 731 866 4245 663 3764 1524 5713 2448 2987 4382 2068 4796 185 2442 5326 144 5932 2404 2253 1087 871 4493 112 1250 2854 727 3788 5417 1455 4374 5380 3317 620 4263 2459 3697 659 5074 683 1800 640 3495 366 4381 3441 3062 3346 895 165 5398 
75 0 122 399 124 264 512 94 734 4700 3355 2630 2662 4113 5666 5102 2546 2141 891 5041 5050 1731 5868 4266 4708 4984 5052 1914 507 3622 1205 1261 1584 3011 3800 3477 2753 3810 2614 3349 4664 2168 2276 1587 2267 5770 4658 2571 2624 2255 815 5026 2457 3140 617 5684 4970 5527 1795 5490 4571 5220 4147 4946 1071 3535 607 3073 4199 4040 5804 2492 4343 4713 747 404 1606 329 3374 5820 3416 550 935 4122 1389 3388 3632 3839 4811 2121 723 1141 4186 1972 1991 4291 2973 5232 2555 4289 4856 5897 
76 124 0 259 253 122 380 93 5831 1687 810 387 5277 324 4501 2360 4809 4156 5574 40 2842 3216 2906 139 1445 2182 1477 4749 1464 84 3342 1186 2762 5188 1694 2423 3292 5638 3209 2748 779 1101 2845 4258 2 3874 4562 4989 776 5914 1628 5468 1297 1124 4298 1518 4852 3300 5553 4450 2518 764 3220 3427 4797 911 1048 4865 3790 961 511 537 5544 4323 1200 486 4791 2651 5434 1189 1495 3010 498 2427 4999 701 916 2820 570 2142 1799 2361 5410 5849 3385 3708 5053 3621 3490 4118 5691 
77 124 0 380 253 122 512 94 2157 5531 724 2977 1599 5962 2671 2504 3275 940 2752 5350 233 5281 3093 1275 2173 5810 1713 4252 2055 2305 4279 2730 3482 5702 1805 5234 5343 2938 2727 3653 5760 1966 3359 5180 3168 4421 4377 5061 4393 5216 109 3219 3983 1237 5554 5214 2792 3975 4029 872 4162 5625 3514 79 171 554 1030 5049 5510 3760 1637 4378 3780 3489 5272 3526 5988 2097 5775 4529 3994 2385 5346 4985 2101 5124 4231 1811 5821 1767 4026 1828 2238 2967 3743 5727 3192 4265 2206 2975 1388 3774 
78 124 122 259 253 264 383 94 4418 1162 2081 4224 1128 1726 5508 1781 1225 4524 2226 4433 4395 4896 1719 4388 2522 296 1021 5119 174 4773 2414 3948 3104 3776 3463 5633 1557 1820 2139 3186 3613 2581 5223 3025 800 3650 5222 3766 3189 4512 2667 161 4030 1006 729 4841 2030 1875 3627 5393 1180 778 2718 1137 5687 5516 181 4366 5087 5958 4833 3505 2430 4132 4412 5441 312 2722 1029 2327 672 214 1543 5888 3538 5859 450 351 4481 5060 995 618 3642 4669 2066 2539 1604 5155 3115 2686 4847 2519 
79 124 122 383 253 264 512 94 1570 4853 3767 1290 4236 1825 2521 1877 1190 2592 415 3896 5163 5680 5866 610 1784 3465 1671 2286 2681 4260 922 1618 4405 5879 328 4229 1266 1150 4895 3282 572 5454 151 5400 3576 4264 5306 3507 817 3094 4553 1598 2012 274 2834 611 1676 4928 1366 756 5107 3132 4419 5825 261 878 4054 3890 1191 2050 4235 3635 3205 1750 796 5203 3258 2045 1350 5241 4213 3851 3484 399 3146 4322 4941 3253 3019 2054 5833 4593 488 353 5624 3469 3821 3435 2508 4134 3700 2991 
80 0 264 0 127 392 117 93 1432 1368 1782 5865 5690 2891 5603 3470 348 3830 284 178 4541 1221 91 4174 4261 2670 5231 269 1688 1970 1683 5679 2005 1939 4194 5686 5722 5863 4241 1065 5339 2932 934 1420 5507 2692 5073 1732 2062 749 265 2574 3987 3992 949 217 298 4032 3250 986 1195 2089 3814 304 1054 4163 5280 616 3562 3781 3180 2682 5987 1529 5710 1656 2009 3196 2602 1066 5 257 5505 2764 2377 2425 3420 4915 3043 5408 4141 1302 4496 2525 3539 5920 3464 471 310 4406 3316 
81 0 264 117 127 392 248 94 5802 1168 1882 5154 3063 4867 852 5876 5395 308 2649 5004 1358 4290 2556 5592 5511 419 5754 5918 2051 1094 2426 3978 3527 2243 3944 2477 4672 4614 3072 1312 222 1923 571 5781 3665 1259 4444 1441 1873 2204 2042 664 480 1896 2578 3394 612 2542 3749 3421 5200 1490 2223 4201 4100 2997 4732 1764 2642 1742 5378 3585 4659 2388 3318 3335 5950 4759 4842 264 4780 2998 5480 4098 4906 4626 5782 5254 5211 2263 3842 2607 5589 3718 5011 4124 2557 1834 4219 5610 1012 5565 
82 0 392 0 127 512 123 94 5583 4563 4709 854 5839 4523 543 5018 2734 4129 4146 5244 2474 4599 3619 2395 4301 5435 3876 1772 3977 978 4305 885 4379 1245 2870 3278 2940 177 418 3997 5875 5133 3963 2325 3439 1258 580 909 3756 2230 5199 1269 552 2551 4662 3592 4063 5290 106 4535 2711 2691 3403 4367 930 2696 3481 4550 4816 211 5064 3437 1136 1483 4737 1884 905 638 1852 932 286 748 4826 4173 5086 744 577 87 1367 5925 1460 751 235 4652 2897 642 719 3118 5951 4972 1083 159 
83 0 392 123 127 512 248 94 5768 804 356 2002 4324 456 338 237 987 1142 1335 1009 3397 5491 153 4907 202 2029 1090 2672 2199 5296 4534 5570 317 2690 2416 3848 2921 5070 122 2567 4296 1181 4001 5164 2865 2757 2279 5374 3985 123 4742 1528 1159 3071 2020 4432 5601 2965 2063 5156 2999 3181 4464 3873 563 5832 1522 605 4389 4627 5463 5826 5936 2857 5707 5392 2422 4286 2952 5258 4309 434 5352 1613 5095 3029 325 1400 3701 4325 5402 4209 5221 448 3271 5645 1626 2311 4142 1125 4268 1792 
84 127 264 0 253 393 136 93 4008 5671 497 4347 3310 3704 4119 31 3007 4066 4857 1588 373 1429 3658 4966 3443 1638 4839 3674 2342 4837 5489 5353 850 2313 2264 3639 2807 5165 1684 5856 5423 3401 4574 2645 629 2627 1049 1202 2399 3052 5035 1283 1757 4096 2281 5007 5605 340 5688 1447 2074 3195 2131 3202 2175 2811 4760 3714 4092 2349 1650 3918 2575 5693 5099 2725 4484 3550 5867 1640 4455 730 3307 5109 2683 1263 4768 1317 3868 147 1685 4965 2083 4890 4776 2503 5564 1807 2735 3953 2458 
85 127 264 136 253 393 248 94 1869 2929 386 1967 5992 4101 5759 825 2357 215 4919 912 1330 4953 5652 5143 2789 3003 5854 3679 2896 4348 4342 960 604 2992 2125 5845 3546 3391 1533 5827 3894 5675 5260 5631 5934 2812 2498 2925 2622 1707 2061 1227 5674 2765 4171 1560 4957 4859 963 4043 700 4885 3716 2185 16 5224 4190 2868 1548 4526 3472 3657 4136 1605 4013 3736 1655 1709 4003 247 1969 1204 275 2322 1285 1467 679 4456 225 551 5968 777 4335 3273 1118 4333 4979 2950 2334 2507 4876 4583 
86 127 393 0 253 512 141 94 5846 2844 4458 2489 4072 799 173 3101 5204 4071 3237 1585 971 1931 4103 1017 2707 3234 2410 3598 1008 2117 946 874 4775 2227 2257 5091 3838 439 1431 1075 2277 1616 1639 3820 499 1786 4210 2947 1935 4064 3330 4728 3454 3730 4337 4893 1092 528 4314 4647 4736 2869 4434 5750 2248 716 3245 4629 786 63 119 1763 77 1636 510 4182 5132 888 3519 3405 882 5563 4005 5383 4206 631 1510 2773 2746 3230 3655 2829 651 741 5579 2189 4912 250 4922 3561 1508 3000 
87 127 393 141 253 512 248 94 5301 2587 1623 1140 3806 4995 440 2716 2650 4295 2514 4671 3231 2502 803 1291 3491 1267 828 303 3445 2702 3024 445 1619 1353 667 3783 2104 4202 4145 5552 2978 3288 2476 5135 2296 996 1612 5928 1663 821 2867 4982 2915 5299 2796 2482 4390 2816 2840 902 4992 1780 829 449 992 5239 1185 3191 4218 2134 1407 1079 689 5421 2918 2445 4808 4689 288 4638 1289 5886 643 5855 586 1702 4639 1060 4665 3897 3476 1670 4827 1351 3264 4631 5088 1932 3673 5028 1010 2488 
88 0 264 248 112 384 370 93 2984 1520 3453 5797 3511 2129 1214 1600 5869 3207 2306 2496 2433 3939 5247 3922 4649 2329 1182 3428 2405 83 4730 4053 4442 975 1649 0 907 768 3217 4448 5696 2534 259 2916 1550 4738 2588 1293 3693 5110 1196 4634 4921 2666 1925 1229 2714 4135 481 3284 1037 4047 3148 5993 807 2162 4441 4506 75 5837 167 183 4678 5955 2709 3847 5185 600 1102 2187 2701 3542 1879 2912 5882 4169 5848 4848 933 5616 2316 5799 4586 5613 5933 3494 2749 3844 4214 4180 2059 
89 0 264 370 112 384 512 94 2523 4282 5411 3696 2446 5021 4624 2559 5227 1546 4056 2190 3636 3238 5542 3952 879 5959 2024 3060 718 2966 12 2172 1504 2971 5197 5892 1169 5295 1063 5425 3451 2689 5325 1338 5141 919 4676 5627 1208 4109 4248 691 1965 345 5431 2687 5617 2688 1669 3862 5877 4150 5148 1097 2946 5597 4619 5218 4873 2564 3037 3078 1759 993 1277 630 1589 33 1143 4227 5812 1716 4081 3328 1917 2103 5117 614 3871 5538 5900 1577 4772 2726 5773 496 388 5532 1521 5578 4312 5251 
90 0 384 248 112 512 389 94 2982 576 3695 2014 4793 281 3399 5584 4938 4819 5894 390 4877 2685 1183 2294 1476 1818 3601 755 2153 4479 3187 5473 2777 5152 4987 2411 3098 3738 2832 4615 3432 2809 4423 4167 4588 2321 5322 1517 2655 606 3344 4149 2878 4807 3917 3926 1027 5623 4380 2301 4292 4007 463 3954 1156 4530 4487 1643 1537 2895 4862 5043 2424 3105 86 2823 1930 3620 3906 3990 669 4731 1217 4846 5207 2815 3744 3687 5643 1056 1906 771 3022 677 5657 2526 2699 5738 3745 1475 892 3013 
91 0 384 389 112 512 512 94 703 5562 2033 1816 5397 2939 1058 3512 3787 5304 5237 5072 39 5345 4548 474 5819 2961 4920 1061 72 3912 1327 4359 1028 3103 2019 1 1174 4673 5069 116 2907 1581 4517 1424 5372 5010 3068 567 5248 3610 3287 4387 5620 4033 3974 371 367 299 4510 2352 859 590 2817 1210 5268 2862 4353 2911 3002 1723 3079 2415 4666 1749 3331 4410 5404 3336 5697 4329 4086 948 5259 4491 1352 4891 5190 1336 746 3475 3751 2825 3417 2472 1046 2678 5966 2552 2124 4203 1984 5089 
92 112 264 248 253 379 379 93 1776 908 4095 5470 1760 3750 5034 4967 2319 2072 4422 2370 3468 3818 1001 242 4923 3934 4883 2270 5497 5126 1539 5747 2480 1076 1596 2455 2151 3383 5309 3949 2890 4255 4832 5757 4152 3845 3515 2421 1823 2937 108 4034 1908 1264 279 5363 2035 4717 1158 2239 4519 2583 4612 5776 2183 896 5535 3533 435 464 5496 3297 2337 2986 3313 5635 2538 3414 4015 920 5189 512 516 277 5023 676 4426 5101 3239 66 2491 5520 1387 5753 4189 4942 3444 4050 4243 3436 1708 
93 112 264 379 253 379 512 94 4954 143 5245 5430 1188 2158 5100 3684 2075 3020 5724 339 1026 3393 2478 997 476 3819 698 1594 292 2979 4439 2438 1199 4272 3761 4947 2800 5451 3829 4429 3555 1047 1041 1614 3226 5573 4892 1144 1281 1384 2513 1535 2335 5729 5895 2163 5098 4276 4514 3257 3263 1871 2558 1564 743 3241 1787 1386 2268 5338 1166 635 3174 3326 285 1494 4753 1968 3599 4939 3984 901 962 4436 2428 3600 2608 1625 5476 5572 1473 1943 5488 4528 2032 4656 5302 5376 3857 2914 1798 5667 
94 112 379 248 253 512 380 94 2278 102 5824 1982 4657 865 3670 5293 3865 297 5389 2049 1953 184 684 2256 4048 4949 2874 3198 3675 4727 5995 4010 3050 1193 3210 1461 4125 4761 1421 5989 5464 4711 1328 783 5415 4488 3827 1572 5917 2802 5324 985 2010 5756 754 5557 1664 4726 5741 3976 3059 2191 3797 3589 1410 55 341 591 980 3549 2926 2516 1230 48 4144 4653 5774 473 4394 4425 1785 3643 5125 5526 293 172 2146 228 5818 2036 735 4536 984 5405 3212 4554 1192 5369 2863 1783 1808 4361 
95 112 379 380 253 512 512 94 5134 219 5956 2949 4191 4723 1775 2818 3569 194 4956 4762 5122 623 4244 5447 2218 3111 3261 4576 1999 3395 824 1154 1307 5424 4431 2358 221 5881 3337 1789 2754 3117 2398 5432 4719 5937 4788 1751 994 4466 2814 176 4945 4114 4969 2600 3860 5377 424 5891 437 1316 3961 4187 561 5033 2625 1597 234 1084 836 245 1111 5449 5319 140 4552 1299 2974 4693 581 470 3690 2203 3579 4278 4725 2266 1994 78 2252 844 4825 5588 4968 5701 4585 4401 921 2390 3334 4055 
96 253 0 0 382 132 121 93 3352 1409 493 2738 2798 3320 3430 5305 4864 2909 2366 5844 1095 4223 1381 3054 5466 1474 3171 2620 295 3802 4469 5948 2261 5455 2130 1971 196 3739 1562 2320 1399 519 374 2744 5481 4875 3097 5973 4579 3957 3254 1301 1736 5458 1233 4230 2145 5513 3373 4267 4850 5755 3828 3523 4297 4503 5606 3134 1895 4781 1077 2111 3962 5225 956 3314 2108 129 389 4670 227 3100 5822 5926 2560 4247 1482 5228 218 2463 1489 3762 2783 710 145 4212 3715 1113 5439 1937 3513 
97 253 0 121 382 132 250 94 3692 4902 5075 3958 1841 3624 2367 195 5370 1696 5359 3667 3431 2781 395 4257 5344 654 3167 5941 4316 5067 2387 5145 4320 3775 3835 1758 3471 3182 258 504 459 2824 564 4597 3030 3772 3554 5340 826 4082 3669 782 5446 466 5249 2801 660 331 5744 2945 2394 1100 4280 432 1024 1743 4515 3748 4888 1371 2570 2310 4254 2565 5461 2441 2067 886 2609 2505 280 3161 1015 1738 3552 230 5013 4812 1072 3123 5349 1976 117 3993 1248 4435 685 5161 2880 3304 775 2580 
98 253 132 0 382 253 138 94 3661 5171 681 2343 3895 2136 2617 5136 4250 2553 5543 5912 5596 3151 4958 2755 5648 4159 999 2160 1459 5602 4338 363 2520 1752 1790 1206 5793 1511 5019 1773 2409 3803 3905 674 65 3204 4880 1921 624 1392 3425 1810 3786 2621 4998 5708 3737 737 3666 4042 4640 148 4616 4897 2122 4838 1093 3754 3065 3590 772 290 2493 1868 3201 4073 5051 5195 2212 1119 3688 2826 3943 4386 2332 2743 5173 3672 4259 4644 5911 4281 1855 4706 4918 5731 4075 2345 998 5796 2229 2250 
99 253 132 138 382 253 250 94 2888 3910 4504 2413 5910 2771 375 5841 3791 3909 3548 3461 4511 1427 1003 4368 2639 2490 1851 1909 5885 3402 4304 3534 2047 4603 5396 5700 5529 318 2847 1630 4198 2893 4565 1766 1004 2280 2200 5342 289 5057 1231 937 322 3837 3172 455 111 5264 1257 3959 3131 5292 4193 1806 1300 2791 4654 2719 2219 4724 5723 2680 4179 4326 668 2210 2312 3628 2548 4396 3228 1120 4110 514 478 5278 553 1721 4411 4674 1112 3296 5930 2282 5664 2220 4181 3947 728 1453 2007 5159 
100 382 0 0 512 144 135 93 1268 1148 1582 1973 1333 5097 2527 1686 4226 4478 4087 5160 673 5786 3605 5571 1997 4398 1711 4908 5593 4139 319 3631 4184 2382 5517 4461 1446 4299 4960 3885 1418 305 3294 5183 2302 2397 3368 3785 3286 5637 5890 657 1129 3474 1867 300 3575 2140 1803 3360 3981 3340 2980 3166 4577 5732 1746 4810 4287 2549 2646 5059 5913 397 3880 95 316 1661 4178 3724 3557 539 990 3727 1889 5721 1496 4909 5961 182 4696 3381 3382 1321 2437 1538 5115 5860 5902 5816 4936 
101 382 0 135 512 144 250 94 5193 4052 3339 5289 5515 420 5728 1778 3858 809 3017 3270 632 4617 1774 1509 2750 1055 5457 1975 5025 678 1412 5715 5649 2885 1347 427 3516 686 794 3525 1334 4269 4375 3175 400 4140 1632 3193 562 1843 2271 3831 3705 45 1364 3122 4 207 1223 5590 682 5037 1718 2641 4222 2118 1382 5456 2236 1693 1032 1712 347 2875 1948 1893 625 5893 3698 827 5857 1423 4878 4844 3379 4459 3274 4307 5785 2736 900 4107 1519 5085 3089 4172 3308 3031 5226 2076 857 4012 
102 382 144 0 512 253 117 94 3565 2273 720 5471 4935 5896 1151 2222 3899 2529 4710 2827 1571 3329 2432 1675 2747 4350 62 3411 115 127 494 3946 3506 4729 155 5375 3709 721 2541 4521 2850 5406 3242 2976 818 2152 302 5694 1592 5267 3312 4471 3689 715 2935 1565 156 1081 4632 1379 188 910 4628 5887 862 3571 5047 5634 2208 2721 1038 3305 2985 5153 3387 3299 3929 3580 5379 2573 240 2371 2917 2242 1903 3222 4889 4917 2369 2904 5964 428 2924 1644 931 5677 3034 2943 4701 1117 2402 639 
103 382 144 117 512 253 250 94 162 1646 2291 3415 1228 692 3492 3332 1408 4473 5094 1218 2724 2323 3404 3184 943 1611 1833 136 955 2665 1375 1602 3233 549 5611 2026 2393 4685 3455 1734 3498 2934 2143 131 3908 1526 1280 5318 4822 2435 1830 4494 408 675 2194 788 4315 1924 36 4740 5285 601 847 1665 3303 3074 894 4319 2259 27 5166 4722 2664 2338 3911 4598 3487 4735 5348 5469 633 5176 842 1240 5217 142 11 4009 5591 1797 5233 2064 5198 1346 5420 1378 1276 5673 5208 2132 5811 5039 
104 253 0 250 389 133 395 93 4765 798 5307 4594 2363 4345 2466 4402 1122 2554 5740 3139 5651 3406 3545 3389 4739 3522 2804 2071 4440 337 1946 3178 1320 5581 3544 1551 5341 1207 2902 3681 1898 988 2658 4031 3731 5460 2149 4882 3044 1013 4900 2775 3834 2246 793 114 4430 2631 1673 4560 287 1607 2138 830 2188 3446 4546 5874 3969 1082 461 2251 3634 1610 5274 4635 4166 2443 4590 2928 2584 4926 5806 3836 1472 3995 3503 4712 4285 4116 3646 4606 3440 1870 2830 5000 3547 5901 1167 2133 5206 
105 253 0 395 389 133 512 94 1724 4153 5442 5080 5114 1262 583 4106 189 4014 3200 3608 3520 1044 5559 4175 2540 3046 5261 5737 3084 392 4675 5834 1679 5020 175 2179 2969 4492 7 5005 976 5191 5235 1414 1450 1705 4470 3096 4569 3699 2615 2028 2417 1910 3663 1465 3759 1332 5567 3602 384 5828 3856 186 2326 1854 2359 972 2769 4746 307 5373 5316 766 4620 1481 41 950 3188 5815 3298 3133 3371 413 5150 4207 5703 1298 2015 3886 5640 1812 125 1411 453 1438 923 2872 5971 3717 1437 5807 
106 253 133 250 389 253 380 94 4879 5921 3732 1296 3662 3136 3536 2201 5595 2717 204 863 3531 1660 4828 2962 705 924 584 1238 243 2901 262 1747 1279 2705 5453 5062 1899 3358 121 3603 1647 80 4750 5784 4783 2260 1308 2739 34 1864 3236 3369 382 3927 2536 647 2262 602 1313 2297 1601 4046 835 1271 327 1342 3501 2537 1130 816 717 3163 3678 1911 5077 2648 2859 306 3153 4545 1175 2636 1391 5174 4611 187 5742 4704 5358 3889 5440 1846 282 490 5187 5735 733 3473 3960 2120 645 3919 
107 253 133 380 389 253 512 94 4453 377 526 4698 989 4428 5186 2092 1286 216 914 509 1345 1641 1187 2993 5113 530 5983 3099 5704 2169 4500 1133 2461 538 417 2037 2300 1952 2113 1698 1360 5426 314 5273 4234 1022 5783 5008 2391 4990 4370 4688 4542 3147 89 1468 1329 360 5790 688 2919 3285 1256 37 5922 1374 5403 3267 2500 5647 1344 1755 28 671 1434 1251 30 1733 2041 81 4363 248 5310 3213 5428 3564 5437 191 1498 2858 3804 3563 3232 2931 3823 5422 4568 1053 2790 4293 5939 2604 
108 389 0 250 512 130 393 93 1722 1506 2715 3543 5536 1591 4952 1484 2846 2898 1927 1288 525 5969 2936 1480 3158 5209 132 3510 1956 1866 1574 558 2073 2348 5847 5712 2389 96 5144 599 3882 3617 1109 5903 5745 1516 4766 3005 2933 4215 1019 4339 1045 769 5996 2836 73 3345 2365 5452 1885 74 4138 2099 5242 4646 958 4349 3048 5467 3606 1558 5814 5387 357 5121 4246 1265 2676 5090 4233 965 1213 1554 823 3112 4564 273 4993 2544 4905 628 5205 128 2025 4792 2585 5878 2232 4777 5817 
109 389 0 393 512 130 512 94 4623 1872 3322 1815 1690 5720 1624 1451 1532 736 3197 3396 5772 5779 1672 5946 3107 2254 3671 5284 1404 4360 709 5530 60 3248 1390 2295 479 1725 4756 4694 1147 1730 5503 4744 2603 740 536 5615 5335 5528 2181 1542 3081 3083 3965 3423 534 5561 2593 1493 3521 2070 813 4035 597 193 1377 4089 3686 1827 2677 944 1934 2511 3129 2215 4814 1042 4771 2632 2619 5749 4679 3392 342 2454 1804 3586 5287 1695 5323 372 3656 2378 1068 2788 2347 70 2368 4986 3898 1883 
110 389 130 250 512 253 366 94 4769 4158 3623 484 446 5550 5683 2981 1176 180 3149 5418 489 94 482 2284 2633 3680 1401 3556 3979 5498 1253 4751 1620 670 2774 4884 5308 2126 4465 3887 5367 4070 520 1448 3755 2996 1254 2078 4068 442 4803 5330 3246 2475 1737 1648 4397 2742 3214 1149 3218 85 5654 694 875 5479 5016 3924 757 4486 3462 2561 3142 1995 568 2723 4682 4117 1051 3080 4868 4836 5586 4794 1534 3725 4300 4489 4317 5994 465 3092 1341 3045 1710 5836 4460 839 2883 1955 3942 5714 
111 389 130 366 512 253 512 94 559 2733 953 4074 1503 2579 88 3676 3799 3651 1146 4866 335 201 758 1659 2207 2090 5083 2021 5685 4495 3157 4592 3861 5619 532 708 1678 5040 4567 3707 381 433 4743 5767 2566 3365 5474 3742 332 2235 5105 4752 2164 3027 3577 3363 5600 5711 2495 3272 524 483 1559 2150 712 5985 1989 3964 2524 1740 5412 5761 2758 4944 4020 3840 1576 3570 5006 2675 5366 14 4462 5311 5015 2703 1243 1814 1913 2429 3156 1311 1033 3227 2197 1014 1458 5907 3664 163 3108 294 
112 253 253 0 375 396 141 93 699 3568 2706 1545 3884 107 5312 90 4102 1348 2137 2737 1590 658 394 593 3176 1942 1706 152 4427 2241 4383 5789 5842 5092 942 4108 5764 3572 2843 1442 4604 2293 2483 3945 1735 97 5655 3243 2298 578 2317 2576 5612 2596 3135 2517 69 2795 5386 2471 750 5967 5618 93 3863 2963 5840 4886 3991 5659 1916 2128 2828 4561 1555 1040 2481 2304 210 5916 2467 4321 4424 1138 5263 3591 3290 416 1011 1085 5252 662 5294 2038 3811 5947 4697 1979 2115 2116 2401 
113 253 253 141 375 396 260 94 3846 64 2452 3351 4160 1657 1666 4509 458 4200 5718 359 379 1457 846 457 1466 2623 1232 5884 2953 71 5568 3740 1497 5608 3380 134 3758 4112 4522 2660 104 1309 2289 5853 1579 110 2499 2908 545 506 2951 5255 4559 4208 4192 4403 5808 5382 2400 5904 4991 4358 797 2354 608 5017 291 1023 2043 4482 4327 2861 278 141 4601 1035 690 4820 3757 3504 1323 4037 68 164 2577 1985 649 4344 5355 4779 713 5029 5560 3110 4555 5506 856 738 1958 113 2456 3587 
114 253 396 0 375 512 132 94 2044 4164 3240 5328 831 680 4660 3341 544 4399 569 3720 3595 4914 1961 5858 2640 1586 2894 2167 917 425 3056 2808 2700 3116 365 1727 5056 841 1645 541 5381 4446 3769 138 1337 3130 1978 4532 2018 1349 5976 5692 3321 213 1697 2412 4490 2959 2479 3375 1059 321 936 2353 5798 5630 3607 5792 3418 3259 4539 2396 3892 252 687 203 3128 3055 4703 2531 160 3164 272 4924 4438 5444 3625 4962 5333 414 2231 3999 2643 2375 5670 5240 4437 1212 2668 1303 4303 1067 
115 253 396 132 375 512 260 94 2192 1701 2356 1165 2450 5127 5329 2177 4975 4894 4161 5980 5851 5809 3712 4256 4787 98 1500 2449 5628 556 1155 4002 1222 4637 523 2594 575 1822 4845 1897 4799 5314 2674 2106 609 4580 5048 23 527 1069 462 3277 1888 3741 4789 1831 1856 1471 3793 1282 4687 1865 3660 2956 2611 130 5621 3456 4472 853 1704 5984 3279 3315 1491 323 765 411 5970 582 1043 354 4934 2196 4533 918 2249 2599 555 3530 4497 5096 2770 407 4294 5889 5705 1007 4094 423 3537 3629 
116 375 253 0 512 382 126 93 5502 1145 4283 877 5949 1777 3936 5813 301 2048 1863 2046 2023 3235 4863 1945 1415 2216 4578 229 1326 1654 1842 5525 790 3843 787 5313 3640 4778 521 3173 5850 3042 3609 4049 2497 3973 3478 2547 3466 5236 1449 2174 1203 1260 2780 4745 100 4785 1252 2532 3685 133 2805 5009 29 1547 2088 2693 4061 822 5146 5829 1940 3734 860 5632 4516 5549 1115 5653 197 3185 2406 3815 3199 1507 773 636 398 4057 4801 1179 3301 4355 4205 1153 3723 1959 2821 1488 3434 
117 375 253 126 512 382 260 94 947 4036 4645 843 4085 2287 3517 475 1236 3229 430 4336 4475 4196 2922 3223 3447 1514 3970 4513 438 1078 4782 2879 4607 4930 1964 2224 3281 3203 1919 4211 2351 2958 5082 2797 3449 3677 1829 3384 5493 120 352 1681 5965 1295 2362 3152 596 2004 5558 3033 4330 3400 1201 5401 5872 3367 3637 2761 1376 5998 4115 1244 2582 4415 792 2708 732 5778 1114 4351 3615 2653 4137 492 4221 977 124 4940 3722 2447 5215 92 1486 1880 4641 1215 3596 255 2856 49 4758 3638 
118 375 382 0 512 512 150 94 4527 5940 1121 2468 502 1428 5676 5598 837 925 2039 1274 5943 4154 1692 4126 2205 2283 4784 361 3001 2336 1454 3578 1057 819 5942 4800 1862 1753 4948 3266 3752 4625 380 2638 2954 487 3249 1443 260 4575 725 5873 2886 1813 5394 3567 3194 1583 3183 3145 5518 4083 3125 236 5331 2760 2605 3822 3126 1714 2082 522 209 5012 4587 5492 2211 5509 1809 3412 154 344 1836 1339 4786 5027 251 5477 5192 557 5106 4609 2237 491 1541 4741 1580 3260 858 4067 4277 3683 
119 375 382 150 512 512 260 94 3925 3753 652 3040 2060 76 1395 2462 1064 3986 3801 4981 5286 4692 3915 2970 2741 2161 1992 4963 1393 5084 3018 2759 2616 4978 693 5830 2661 3872 4720 805 2105 4851 253 770 3064 4932 5038 166 5253 3916 2837 1039 1609 566 1440 2392 1536 5179 3106 4540 5546 5390 855 3524 3206 4980 4988 4332 1859 1634 13 168 5678 870 1131 3483 1052 2107 1123 1954 443 753 320 3086 1658 4964 4764 1363 2144 169 4872 650 5265 1235 3452 5269 3553 1717 3833 5929 2186 3668 
120 253 253 260 387 385 385 93 1419 2178 2989 412 4835 2968 4065 5123 5194 3088 5168 2572 3641 1470 3875 2903 5297 1294 3850 2763 2407 3859 4409 1478 4937 50 4392 4357 8 4443 598 179 791 3541 762 5317 53 18 4621 4284 4691 2303 533 3982 3584 52 2598 355 5103 1452 4408 3006 5079 1699 4721 2156 3645 5032 2380 25 3726 1287 3155 4170 44 2512 5055 5182 2080 1370 5288 4849 4903 1900 848 964 2819 2731 5321 1091 4581 3612 2085 4695 1629 2628 801 3179 5111 2784 3626 5140 503 
121 253 253 385 387 385 512 94 5487 3735 1436 333 2782 3276 3306 979 5003 5521 3480 393 4544 32 4477 3913 378 3169 5551 5327 4715 2275 1139 3256 1523 2751 1983 4045 4582 1000 3500 4589 3832 2720 5202 4573 5569 3008 2589 4806 849 5291 4058 3559 3280 3813 5639 1359 4813 336 2408 2486 1322 3558 2972 5351 3849 192 266 2027 646 1901 3225 101 3289 2469 3407 15 4027 4076 1748 1104 2533 3496 1512 3376 4078 170 2119 157 1960 4123 3888 2794 5142 3902 5262 2341 1396 2871 2333 38 2355 4237 
122 253 385 260 387 512 382 94 781 2470 2331 970 241 2712 4677 2506 3127 5065 2233 4683 403 1933 330 3091 5548 4971 2324 5112 2806 3921 263 1126 1198 4933 4232 5315 1700 4420 1682 3816 952 24 17 5196 2768 2629 834 1878 4870 714 4608 1096 3165 5800 5170 5177 4346 58 5300 4308 890 2386 2793 2057 1729 4310 1025 1157 4225 3528 46 3782 3433 4927 118 648 3808 3508 268 780 1840 3049 5169 4240 876 3051 945 2247 898 4197 3747 4176 2384 2381 3649 4770 3291 1821 3390 939 5108 5682 
123 253 385 382 387 512 512 94 2166 5862 5522 4341 1439 644 1406 3652 1990 3805 5139 1631 5078 4983 4633 574 43 5445 1310 2240 515 4183 742 2473 2364 4121 3460 82 3076 2155 343 4354 3809 5953 3028 4417 3252 2597 5698 2420 468 711 5042 2713 5780 4130 5909 529 2373 2679 4127 4242 2785 5250 3438 5981 883 2899 4973 3114 2955 1160 4220 4508 5419 2729 868 3855 5931 5459 4018 5093 1957 4238 1106 3372 5158 840 4977 3713 2154 5533 1801 653 5347 3710 2379 1354 4384 3763 4855 1839 2697 4874 
124 387 253 260 512 382 383 93 2595 4974 4006 704 1928 3255 370 4093 3350 845 5354 906 518 2213 2307 2528 1318 2710 2995 2606 5575 1239 276 613 4480 2439 2889 4547 4686 1575 2013 4881 4840 2285 4271 1549 4133 4734 3004 3023 1608 4445 513 851 5360 4699 3378 429 5501 4079 1356 5899 4407 2383 4253 3479 5974 2340 4352 4451 5706 5758 5644 1849 2274 1373 621 5257 5990 3778 2079 4273 4718 1492 5519 3058 1016 3283 4069 903 4090 5852 1861 1886 4520 3413 5054 1372 5622 5128 1255 928 3904 
125 387 253 383 512 382 512 94 2147 4605 2545 881 5486 2601 1796 3325 4591 1922 4860 1981 2941 5725 1073 2634 2214 1890 1357 2787 4004 5577 4195 1499 467 3792 3208 1949 1273 4416 2193 4613 26 1568 2654 311 4684 4340 5681 2510 3221 2866 5120 3694 3113 5478 573 666 5512 2647 3041 3047 1988 4997 3878 655 5835 5972 4313 5276 833 1745 5805 5413 2887 271 763 3852 2001 4306 626 5795 3879 3450 47 1278 3467 4413 4596 4275 5945 3410 873 2069 1635 2065 5462 4763 812 2198 1184 1284 5044 5514 
126 387 382 260 512 512 399 94 2799 5429 1394 3574 5614 2543 2756 3706 2568 5356 1086 364 1902 4622 542 4364 3551 441 957 5427 5979 3075 4120 4371 5672 3746 2258 4636 4911 4463 1715 5178 622 4858 5118 1567 409 2905 864 637 3796 1110 35 889 5771 1874 1642 1074 1134 1530 5238 4602 5068 884 4994 707 893 897 1627 1892 315 385 4157 2864 641 1456 5332 1361 5246 565 3377 1216 5116 808 3224 696 3485 3124 904 2339 4151 820 1089 4080 5787 1505 2669 1270 1272 2372 4019 5991 3795 3035 
127 387 382 399 512 512 512 94 469 4690 811 2515 383 4824 4485 2292 1306 3311 2983 5484 1876 1680 5001 4650 1435 5919 1380 954 2487 535 2016 2849 3560 4131 3773 1002 3362 1832 1513 887 190 3768 3867 2087 5534 2838 2810 2822 2501 2318 3348 5230 5336 1802 1194 2418 3061 1103 5483 4000 3244 2656 1770 5580 3931 767 4663 4854 1331 4041 19 5081 2732 1462 5219 3070 1397 2464 346 1226 2077 595 5629 1413 3881 1944 3268 2058 802 2403 3907 3160 1325 334 4104 4755 313 774 3825 4551 4165 1135 
