256
256 0 0 0 0 149 114 105 76 7 1496 829 46 1847 368 974 304 
257 0 0 0 76 149 114 105 259 8 1373 460 74 1332 160 1921 712 256 
258 0 0 105 0 149 114 265 201 8 283 986 1417 56 1473 576 191 797 
259 0 0 105 201 149 114 265 259 8 1013 665 1161 337 1401 1239 1946 1479 
260 0 114 0 0 149 250 129 112 7 908 54 339 1436 1741 811 1248 
261 0 114 0 112 149 250 129 259 8 1379 1603 1521 1093 777 686 1225 451 
262 0 114 129 0 149 250 265 109 8 1237 517 249 185 353 1036 1261 174 
263 0 114 129 109 149 250 265 259 8 668 896 1129 291 490 1292 772 1345 
264 149 0 0 0 264 130 134 126 7 895 591 1110 868 1597 1500 1592 
265 149 0 0 126 264 130 134 259 8 1418 1131 747 1470 295 1842 269 1166 
266 149 0 134 0 264 130 265 145 8 1677 1453 165 212 1394 715 1750 354 
267 149 0 134 145 264 130 265 259 8 814 128 577 1519 1718 110 135 364 
268 149 130 0 0 264 250 142 94 8 1973 1516 100 1613 725 235 1159 1850 
269 149 130 0 94 264 250 142 259 8 190 979 123 929 1199 51 933 1939 
270 149 130 142 0 264 250 265 153 8 1227 1095 1836 1915 1650 1938 380 542 
271 149 130 142 153 264 250 265 259 8 1254 1124 1203 813 1145 1758 553 1660 
272 0 0 0 259 136 106 139 348 7 1916 981 252 279 1230 452 722 
273 0 0 0 348 136 106 139 512 8 381 962 1733 935 1466 684 151 1229 
274 0 0 139 259 136 106 265 338 8 534 1834 1715 598 744 27 625 1588 
275 0 0 139 338 136 106 265 512 8 1205 109 858 1265 376 1280 805 600 
276 0 106 0 259 136 250 122 363 7 1368 1756 492 127 142 792 819 
277 0 106 0 363 136 250 122 512 8 947 5 522 876 716 265 717 453 
278 0 106 122 259 136 250 265 369 8 678 474 677 1185 1709 90 1522 1214 
279 0 106 122 369 136 250 265 512 8 1674 562 1393 241 400 1098 83 1772 
280 136 0 0 259 264 106 119 375 7 657 1819 1370 1860 1852 762 1059 
281 136 0 0 375 264 106 119 512 8 28 146 1656 398 1507 143 25 869 
282 136 0 119 259 264 106 265 374 8 1817 169 1321 693 404 906 1308 1231 
283 136 0 119 374 264 106 265 512 8 948 1651 465 138 570 374 1717 429 
284 136 106 0 259 264 250 102 384 8 1548 11 1547 1021 1180 703 1281 272 
285 136 106 0 384 264 250 102 512 8 107 984 867 1074 13 1136 1835 1825 
286 136 106 102 259 264 250 265 419 8 749 1397 828 1491 1926 1355 1627 312 
287 136 106 102 419 264 250 265 512 8 1970 1645 958 1793 1297 318 1303 167 
288 0 0 265 0 130 86 391 134 7 1115 82 1350 111 473 1837 904 
289 0 0 265 134 130 86 391 250 8 1841 985 1537 1389 1658 1876 243 1553 
290 0 0 391 0 130 86 512 129 8 1174 987 1820 273 192 1659 1702 915 
291 0 0 391 129 130 86 512 250 8 1655 628 1782 946 510 302 840 1895 
292 0 86 265 0 130 250 419 72 7 565 1932 1383 501 63 234 351 
293 0 86 265 72 130 250 419 250 8 731 1958 1057 1455 964 1811 857 1909 
294 0 86 419 0 130 250 512 170 8 1880 530 281 1096 80 527 30 846 
295 0 86 419 170 130 250 512 250 8 1483 1520 293 1830 1657 148 255 1244 
296 130 0 265 0 264 122 396 56 7 207 89 1432 541 267 1898 588 
297 130 0 265 56 264 122 396 250 8 1617 230 1531 1626 1212 352 8 1490 
298 130 0 396 0 264 122 512 174 8 1330 559 1088 1918 996 33 1477 671 
299 130 0 396 174 264 122 512 250 8 1610 688 574 1252 26 1556 1062 652 
300 130 122 265 0 264 250 392 116 8 175 925 1014 608 723 989 342 1354 
301 130 122 265 116 264 250 392 250 8 776 636 1221 1085 1974 454 1572 629 
302 130 122 392 0 264 250 512 104 8 1468 899 383 781 1461 764 1600 152 
303 130 122 392 104 264 250 512 250 8 1978 1561 733 1885 1347 1987 689 221 
304 0 0 265 250 107 118 389 391 7 1846 1187 607 894 1327 889 124 
305 0 0 265 391 107 118 389 512 8 1578 423 1526 687 674 1196 1599 1668 
306 0 0 389 250 107 118 512 422 8 1800 315 254 995 988 1506 1288 14 
307 0 0 389 422 107 118 512 512 8 639 1341 1954 1797 1298 442 891 1092 
308 0 118 265 250 107 250 387 358 7 1615 618 1688 1672 379 274 71 
309 0 118 265 358 107 250 387 512 8 1128 714 363 42 1985 1527 1533 1559 
310 0 118 387 250 107 250 512 324 8 1550 328 284 285 1634 1862 926 780 
311 0 118 387 324 107 250 512 512 8 648 939 1530 324 596 886 627 307 
312 107 0 265 250 264 108 424 326 7 938 1386 1664 361 699 642 1285 
313 107 0 265 326 264 108 424 512 8 1296 751 1630 1541 1460 1566 1215 154 
314 107 0 424 250 264 108 512 336 8 1653 1940 1914 1031 1810 1209 216 1374 
315 107 0 424 336 264 108 512 512 8 1323 102 329 1726 887 616 1594 1925 
316 107 108 265 250 264 250 424 334 8 1628 1539 1358 1266 35 502 540 1584 
317 107 108 265 334 264 250 424 512 8 292 849 467 637 789 9 1696 910 
318 107 108 424 250 264 250 512 341 8 592 483 1604 1913 1897 1535 36 1616 
319 107 108 424 341 264 250 512 512 8 406 19 892 890 1683 1948 1194 70 
320 0 250 0 0 158 338 105 103 7 1690 552 1294 251 69 1935 1934 
321 0 250 0 103 158 338 105 255 8 258 1856 662 55 1139 1982 1408 907 
322 0 250 105 0 158 338 245 153 8 1344 1112 1528 1684 477 375 1996 1623 
323 0 250 105 153 158 338 245 255 8 622 1685 1663 850 713 1642 1287 923 
324 0 338 0 0 158 512 132 79 7 778 1808 131 78 660 261 969 
325 0 338 0 79 158 512 132 255 8 1313 338 831 853 1444 1299 1608 1904 
326 0 338 132 0 158 512 245 84 8 1743 706 289 1391 311 1094 435 1543 
327 0 338 132 84 158 512 245 255 8 301 1450 1061 874 203 1596 1736 1646 
328 158 250 0 0 264 403 95 121 7 1966 775 392 387 1943 177 739 
329 158 250 0 121 264 403 95 255 8 1988 409 1738 139 396 1189 1395 536 
330 158 250 95 0 264 403 245 148 8 650 488 1636 1033 44 1284 120 181 
331 158 250 95 148 264 403 245 255 8 1419 992 1314 433 593 1008 1334 803 
332 158 403 0 0 264 512 118 96 8 710 573 871 758 1881 450 1304 1079 
333 158 403 0 96 264 512 118 255 8 1552 1443 1011 67 893 330 743 294 
334 158 403 118 0 264 512 245 144 8 742 564 1137 1695 691 370 1705 1441 
335 158 403 118 144 264 512 245 255 8 346 1148 1140 913 1995 1775 1431 320 
336 0 250 0 255 125 351 109 381 7 1912 543 793 1924 182 1804 1569 
337 0 250 0 381 125 351 109 512 8 928 634 679 1780 1589 1384 298 594 
338 0 250 109 255 125 351 245 388 8 1324 1369 760 469 439 278 385 1003 
339 0 250 109 388 125 351 245 512 8 631 774 1053 1957 1475 950 170 977 
340 0 351 0 255 125 512 111 396 7 198 902 348 126 1989 1146 957 
341 0 351 0 396 125 512 111 512 8 1776 873 408 487 990 528 1306 1271 
342 0 351 111 255 125 512 245 343 8 1762 345 1774 812 1534 1724 525 308 
343 0 351 111 343 125 512 245 512 8 617 437 1283 1665 68 1787 407 1849 
344 125 250 0 255 264 373 97 380 7 1046 817 1742 630 129 1275 711 
345 125 250 0 380 264 373 97 512 8 704 901 496 103 1635 1054 45 92 
346 125 250 97 255 264 373 245 399 8 852 1953 1699 1105 1882 1601 511 1963 
347 125 250 97 399 264 373 245 512 8 641 1637 59 17 508 1346 414 218 
348 125 373 0 255 264 512 126 354 8 1267 783 1671 856 1691 529 726 1929 
349 125 373 0 354 264 512 126 512 8 1679 434 544 1883 1464 965 1228 1478 
350 125 373 126 255 264 512 245 413 8 720 918 1570 590 1165 1262 422 268 
351 125 373 126 413 264 512 245 512 8 1025 1754 1219 309 260 700 841 1735 
352 0 250 245 0 119 375 382 81 7 1307 603 1998 1177 861 1747 1562 
353 0 250 245 81 119 375 382 244 8 1730 1251 1125 96 21 782 1109 955 
354 0 250 382 0 119 375 512 138 8 833 1624 1900 413 1433 922 1116 614 
355 0 250 382 138 119 375 512 244 8 98 448 1855 1097 582 1362 1927 64 
356 0 375 245 0 119 512 370 125 7 1822 1255 257 1263 1573 572 357 
357 0 375 245 125 119 512 370 244 8 340 1050 824 1071 134 1077 431 79 
358 0 375 370 0 119 512 512 151 8 1234 1737 1723 1959 195 4 1510 1232 
359 0 375 370 151 119 512 512 244 8 1712 982 870 391 647 1120 161 1402 
360 119 250 245 0 264 377 371 138 7 99 1581 1892 655 745 494 1044 
361 119 250 245 138 264 377 371 244 8 1204 358 416 224 1798 1707 1240 1791 
362 119 250 371 0 264 377 512 77 8 1722 1598 52 206 1577 882 952 440 
363 119 250 371 77 264 377 512 244 8 238 246 114 1517 920 959 336 405 
364 119 377 245 0 264 512 373 75 8 1984 371 763 81 299 403 998 1778 
365 119 377 245 75 264 512 373 244 8 563 426 1449 484 997 539 461 132 
366 119 377 373 0 264 512 512 133 8 500 343 76 1994 214 1981 507 204 
367 119 377 373 133 264 512 512 244 8 1104 930 39 418 1058 1272 580 1796 
368 0 250 245 244 124 380 374 346 7 830 791 201 1802 1770 999 557 
369 0 250 245 346 124 380 374 512 8 1193 1051 1649 136 1043 105 350 851 
370 0 250 374 244 124 380 512 396 8 1147 377 1706 1781 1839 1309 1678 489 
371 0 250 374 396 124 380 512 512 8 1930 43 658 316 1039 1336 586 1999 
372 0 380 245 244 124 512 382 323 7 523 1222 661 756 297 176 568 
373 0 380 245 323 124 512 382 512 8 1682 1360 719 1238 804 247 1795 1784 
374 0 380 382 244 124 512 512 378 8 1437 75 843 1711 1201 921 1335 680 
375 0 380 382 378 124 512 512 512 8 597 531 362 1075 810 1590 326 1030 
376 124 250 245 244 264 386 355 352 7 125 1002 20 1416 1111 1568 1019 
377 124 250 245 352 264 386 355 512 8 1467 1936 1023 1317 976 1020 605 253 
378 124 250 355 244 264 386 512 378 8 1652 1831 1150 220 443 575 728 1697 
379 124 250 355 378 264 386 512 512 8 1869 493 1173 1620 1777 735 436 310 
380 124 386 245 244 264 512 409 337 8 162 1465 149 1905 1135 121 1300 1233 
381 124 386 245 337 264 512 409 512 8 1540 1353 1752 367 1873 1997 911 497 
382 124 386 409 244 264 512 512 374 8 666 1902 681 1740 1371 524 1564 1886 
383 124 386 409 374 264 512 512 512 8 1814 741 1813 112 1349 16 732 1944 
384 264 0 0 0 401 126 134 168 7 1582 1901 1359 1783 48 1049 1132 
385 264 0 0 168 401 126 134 247 8 1949 1622 809 1388 1029 766 1361 425 
386 264 0 134 0 401 126 270 95 8 842 1325 1975 1928 604 880 1463 222 
387 264 0 134 95 401 126 270 247 8 1392 498 1415 236 101 551 1198 476 
388 264 126 0 0 401 248 135 89 7 471 1367 1022 1439 1027 1549 615 
389 264 126 0 89 401 248 135 247 8 1451 1986 29 1607 1518 388 1779 244 
390 264 126 135 0 401 248 270 143 8 1878 1990 581 1587 1661 1242 1523 863 
391 264 126 135 143 401 248 270 247 8 24 696 848 1069 694 860 1476 31 
392 401 0 0 0 512 80 136 102 7 1163 612 427 1364 183 533 1269 
393 401 0 0 102 512 80 136 247 8 1773 47 1259 485 1807 296 1868 118 
394 401 0 136 0 512 80 270 116 8 909 50 1761 1654 838 943 1794 205 
395 401 0 136 116 512 80 270 247 8 1106 18 839 1493 210 15 734 1422 
396 401 80 0 0 512 248 146 165 8 1426 386 602 520 1511 690 820 41 
397 401 80 0 165 512 248 146 247 8 1502 888 550 144 1544 993 798 1687 
398 401 80 146 0 512 248 270 125 8 571 1896 555 1583 878 369 1538 1993 
399 401 80 146 125 512 248 270 247 8 975 1498 1070 1042 1264 1976 1765 1969 
400 264 0 0 247 364 111 178 346 7 1545 430 319 1955 1875 978 481 
401 264 0 0 346 364 111 178 512 8 1329 1055 1595 771 1342 150 808 611 
402 264 0 178 247 364 111 270 396 8 724 1769 360 1064 463 1716 1666 1871 
403 264 0 178 396 364 111 270 512 8 1486 12 506 663 1113 1390 305 1693 
404 264 111 0 247 364 248 133 344 7 787 683 1872 1310 927 834 535 
405 264 111 0 344 364 248 133 512 8 239 656 1206 266 1828 1633 1410 757 
406 264 111 133 247 364 248 270 357 8 468 1806 1983 755 1499 844 1676 826 
407 264 111 133 357 364 248 270 512 8 1144 585 738 937 754 1823 708 1 
408 364 0 0 247 512 96 123 304 7 231 1157 1574 1207 262 1694 883 
409 364 0 0 304 512 96 123 512 8 331 1704 438 1420 1175 1710 1681 1430 
410 364 0 123 247 512 96 270 345 8 1103 288 303 365 1667 444 633 1048 
411 364 0 123 345 512 96 270 512 8 1256 1425 372 1172 961 270 1757 513 
412 364 96 0 247 512 248 140 400 8 1066 333 1421 740 86 1279 321 1713 
413 364 96 0 400 512 248 140 512 8 1845 1101 1632 1403 486 66 516 62 
414 364 96 140 247 512 248 270 321 8 1153 651 885 1218 692 344 445 845 
415 364 96 140 321 512 248 270 512 8 164 1888 1356 32 1487 395 569 623 
416 264 0 270 0 370 112 383 107 7 643 818 1411 1152 223 1508 865 
417 264 0 270 107 370 112 383 250 8 366 1908 1452 87 332 1606 155 1282 
418 264 0 383 0 370 112 512 161 8 606 653 1290 1376 991 446 1226 1826 
419 264 0 383 161 370 112 512 250 8 202 1102 38 1786 359 200 1438 1866 
420 264 112 270 0 370 248 398 104 7 1877 635 458 1200 515 1009 1719 
421 264 112 270 104 370 248 398 250 8 626 504 225 1469 1580 1680 1404 549 
422 264 112 398 0 370 248 512 76 8 748 1260 1241 875 1644 1879 1245 795 
423 264 112 398 76 370 248 512 250 8 956 1400 1731 106 459 1689 470 1171 
424 370 0 270 0 512 124 370 103 7 286 1195 1501 1861 1343 546 1191 
425 370 0 270 103 512 124 370 250 8 761 1154 1090 676 1311 1186 1829 934 
426 370 0 370 0 512 124 512 68 8 184 419 1853 548 970 137 84 1488 
427 370 0 370 68 512 124 512 250 8 1258 264 399 335 1318 672 1767 341 
428 370 124 270 0 512 248 372 119 8 1759 537 1884 1141 156 847 954 682 
429 370 124 270 119 512 248 372 250 8 587 514 313 119 932 835 1012 945 
430 370 124 372 0 512 248 512 105 8 654 1972 1536 1950 1447 1728 1047 1181 
431 370 124 372 105 512 248 512 250 8 1961 1412 1037 208 1178 1398 1114 159 
432 264 0 270 250 385 96 386 372 7 72 163 1525 1409 1428 1917 790 
433 264 0 270 372 385 96 386 512 8 1399 1631 1107 1803 457 2 1143 60 
434 264 0 386 250 385 96 512 355 8 1243 1210 447 1133 1751 97 1119 1268 
435 264 0 386 355 385 96 512 512 8 1121 1387 1236 271 1708 1662 769 472 
436 264 96 270 250 385 248 419 332 7 168 1614 1216 1396 1563 209 1890 
437 264 96 270 332 385 248 419 512 8 1870 1567 282 417 1621 730 505 373 
438 264 96 419 250 385 248 512 400 8 1532 1889 122 393 659 509 147 1812 
439 264 96 419 400 385 248 512 512 8 1894 217 1734 1611 57 1462 556 1585 
440 385 0 270 250 512 103 393 433 7 1220 196 226 411 1698 1933 1246 
441 385 0 270 433 512 103 393 512 8 832 821 334 6 554 1365 1339 994 
442 385 0 393 250 512 103 512 410 8 1352 1446 983 94 1337 248 1558 1962 
443 385 0 393 410 512 103 512 512 8 1253 1277 1434 49 1338 1087 1555 1076 
444 385 103 270 250 512 248 391 370 8 1560 242 1821 532 1130 1951 1838 1851 
445 385 103 270 370 512 248 391 512 8 37 495 1771 1910 153 1625 1017 718 
446 385 103 391 250 512 248 512 355 8 215 1686 1591 1167 1952 1899 1375 1893 
447 385 103 391 355 512 248 512 512 8 1503 1316 173 1162 61 40 1874 1648 
448 264 248 0 0 378 388 93 146 7 1169 1818 1442 1459 960 884 1091 
449 264 248 0 146 378 388 93 228 8 1032 802 1305 1257 912 1249 701 193 
450 264 248 93 0 378 388 256 137 8 1725 1639 180 866 951 1864 1081 58 
451 264 248 93 137 378 388 256 228 8 323 1471 1179 1377 1692 382 512 1865 
452 264 388 0 0 378 512 101 76 7 65 1357 1947 697 1858 228 1067 
453 264 388 0 76 378 512 101 228 8 1609 823 410 1748 314 794 1833 914 
454 264 388 101 0 378 512 256 70 8 1575 917 1840 942 1799 1319 854 34 
455 264 388 101 70 378 512 256 228 8 610 796 670 1142 306 1005 1276 1010 
456 378 248 0 0 512 375 104 130 7 466 229 1366 1790 1170 1494 973 
457 378 248 0 130 512 375 104 228 8 95 140 227 1484 779 1041 1182 322 
458 378 248 104 0 512 375 256 104 8 389 972 1991 877 424 1188 211 1744 
459 378 248 104 104 512 375 256 228 8 1052 91 1457 1732 1333 1497 1485 189 
460 378 375 0 0 512 512 88 153 8 827 1273 1291 412 1007 449 1016 1407 
461 378 375 0 153 512 512 88 228 8 1727 1513 855 1340 949 1942 1164 1509 
462 378 375 88 0 512 512 256 51 8 897 1824 903 479 1739 141 1168 1001 
463 378 375 88 51 512 512 256 228 8 77 1024 526 1919 1435 836 632 1363 
464 264 248 0 228 388 383 104 353 7 1504 187 1721 649 1700 250 237 
465 264 248 0 353 388 383 104 512 8 1922 619 879 199 1118 709 521 1746 
466 264 248 104 228 388 383 256 418 8 599 1512 194 133 736 905 115 1551 
467 264 248 104 418 388 383 256 512 8 1669 785 1099 349 1134 1320 300 1576 
468 264 383 0 228 388 512 118 341 7 558 276 1302 578 624 1992 1278 
469 264 383 0 341 388 512 118 512 8 93 1405 727 1816 1542 547 675 1554 
470 264 383 118 228 388 512 256 391 8 1202 1640 1045 1638 859 290 356 1089 
471 264 383 118 391 388 512 256 512 8 3 968 1960 428 277 1863 1192 698 
472 388 248 0 228 512 385 144 409 7 919 117 644 1906 1286 1078 620 
473 388 248 0 409 512 385 144 512 8 1514 317 287 480 1529 432 85 784 
474 388 248 144 228 512 385 256 392 8 1351 1788 1763 1063 1729 941 924 1857 
475 388 248 144 392 512 385 256 512 8 1571 233 1326 421 116 1903 397 1223 
476 388 385 0 228 512 512 143 316 8 721 1964 953 1720 1749 157 567 1072 
477 388 385 0 316 512 512 143 512 8 1295 280 1945 667 1040 1080 1274 815 
478 388 385 143 228 512 512 256 357 8 1789 1647 518 1605 1208 1937 770 1618 
479 388 385 143 357 512 512 256 512 8 166 1015 482 583 172 1792 1378 940 
480 264 248 256 0 385 389 380 97 7 7 645 1445 415 1612 1423 1844 
481 264 248 256 97 385 389 380 254 8 800 1122 53 881 916 807 1270 1083 
482 264 248 380 0 385 389 512 142 8 219 1289 702 1035 1489 561 1967 1766 
483 264 248 380 142 385 389 512 254 8 1629 1155 23 232 1000 601 609 1859 
484 264 389 256 0 385 512 384 151 7 837 1768 390 73 1197 1026 1923 
485 264 389 256 151 385 512 384 254 8 1108 538 1056 1670 1322 1619 1406 1149 
486 264 389 384 0 385 512 512 181 8 638 355 1673 108 401 825 1176 347 
487 264 389 384 181 385 512 512 254 8 1980 1213 1454 1809 1745 1675 1312 1867 
488 385 248 256 0 512 367 407 93 7 1073 275 384 737 456 613 664 
489 385 248 256 93 512 367 407 254 8 931 1385 1427 88 746 669 806 130 
490 385 248 407 0 512 367 512 82 8 1827 1703 1920 966 1224 705 768 1086 
491 385 248 407 82 512 367 512 254 8 1941 1126 1211 158 1328 171 1481 1965 
492 385 367 256 0 512 512 407 113 8 1968 475 245 967 1565 1557 707 1448 
493 385 367 256 113 512 512 407 254 8 1579 1753 1315 263 145 1474 1643 394 
494 385 367 407 0 512 512 512 131 8 1184 1018 971 1235 1117 579 1785 1100 
495 385 367 407 131 512 512 512 254 8 1301 499 1348 621 872 936 1843 491 
496 264 248 256 254 392 405 377 361 7 1755 1911 1815 1060 1183 799 1004 
497 264 248 256 361 392 405 377 512 8 327 213 1979 240 864 1907 595 898 
498 264 248 377 254 392 405 512 377 8 1380 801 1429 673 816 1546 1854 420 
499 264 248 377 377 392 405 512 512 8 640 1956 862 1593 685 1931 1760 1971 
500 264 405 256 254 392 512 371 386 7 441 113 378 1217 462 519 1472 
501 264 405 256 386 392 512 371 512 8 1801 1038 1068 1456 178 1138 773 402 
502 264 405 371 254 392 512 512 373 8 1006 197 1123 1495 1158 1641 1482 1381 
503 264 405 371 373 392 512 512 512 8 1848 1082 1891 646 1382 759 752 566 
504 392 248 256 254 512 417 373 344 7 1250 1413 788 695 900 259 765 
505 392 248 256 344 512 417 373 512 8 1977 767 1151 1714 545 1480 963 1440 
506 392 248 373 254 512 417 512 382 8 753 22 478 980 944 1524 750 325 
507 392 248 373 382 512 417 512 512 8 1805 1602 179 1156 589 584 503 1190 
508 392 417 256 254 512 512 446 362 8 1414 1372 1505 186 10 1034 1887 104 
509 392 417 256 362 512 512 446 512 8 560 1127 1832 1701 786 1515 188 1028 
510 392 417 446 254 512 512 512 381 8 1764 1084 1586 1293 1160 822 455 1247 
511 392 417 446 381 512 512 512 512 8 464 1492 1065 1458 0 1331 1424 729 
