128
128 0 0 0 0 131 130 134 266 78 3548 9834 6185 2820 74 4487 304 2308 6036 5198 9451 829 9945 3614 6550 256 3667 5500 8665 5072 9251 7141 6029 3388 7357 8560 1847 8569 1373 712 3792 1496 4245 4636 368 8465 4251 9976 7937 8136 7929 6184 4847 4986 3615 7574 5066 46 7112 8574 160 2893 5360 5001 1332 2713 5405 3107 3965 6952 8688 1921 5136 9229 7796 2159 6053 2552 5169 797 3228 3195 3641 5165 9272 2337 2696 8170 
129 0 0 134 0 131 130 258 266 78 191 3076 7508 7817 1401 3914 2186 7319 337 1479 9082 8051 5800 5676 5391 2036 8016 8535 5973 2653 7780 1129 5370 9398 4059 6749 1013 8246 5186 2746 5123 9252 3904 3619 6555 7920 7093 9877 1239 7426 2766 5797 8646 1473 986 56 3522 3927 772 3894 9054 7805 4998 353 3607 2868 6576 4385 5894 4775 283 6128 4906 5704 2693 3061 3267 1417 8127 5709 665 4564 5931 7563 4072 576 4091 1161 
130 0 130 0 0 131 249 122 266 78 2595 4918 2235 7793 7302 4214 5240 9228 8466 7861 9050 1225 7496 5216 6344 1741 7170 2613 9774 4956 8482 6778 2731 7150 8881 4959 6388 811 3141 5593 9908 6333 8025 9810 2346 3352 5426 5845 1379 7639 5757 7260 686 2830 3910 3418 8264 7006 7064 4473 54 7968 2600 7485 1603 339 2081 5656 4603 5467 4664 7773 5087 1248 4617 7635 4069 9439 451 8132 5870 6617 1093 3103 908 3483 5594 3185 
131 0 130 122 0 131 249 258 266 78 7014 2791 8094 4383 6662 1521 6839 517 4765 6600 5313 4872 9863 5118 9369 7249 1261 8751 3099 249 7023 2744 7279 5213 8079 1345 8553 174 3906 5532 9912 4574 7809 2374 2507 8285 8586 4122 7790 4101 4358 4453 4604 6429 8231 8418 6319 7384 1237 4151 9914 7947 6734 7286 3260 4976 6125 6015 7655 9454 3683 2220 4893 6522 3553 490 5015 6065 3573 6493 1036 4309 1292 291 4613 3238 2682 6018 
132 131 0 0 0 257 129 111 266 78 9284 3179 5228 8584 9935 3361 9069 2161 3696 3101 6866 5919 868 269 1110 5510 6903 1418 6346 7142 895 3155 9777 3279 2241 2564 1592 2571 7605 9352 3314 8808 7399 4329 6215 7158 3340 3532 4368 7816 5796 5966 6076 4850 591 5591 8741 9214 974 4739 9622 4204 5064 5844 6342 3635 2620 8786 3825 3298 295 1500 3434 9476 8293 7017 7551 8581 3210 8946 460 7196 1470 1166 6101 5631 1131 5635 
133 131 0 111 0 257 129 258 266 78 8346 6696 747 2060 9122 5468 6167 7713 1597 1677 8643 8060 3672 4722 4234 5523 5233 8458 577 354 7214 1519 8667 9104 9001 8275 5063 8394 8779 2076 8933 1394 110 1453 8880 3239 4659 9227 6585 6516 1750 4081 2505 7763 1718 3893 2372 7094 4169 715 3796 4614 7178 2709 7349 9051 2904 165 8876 8005 4752 9430 3628 8859 814 2465 4910 7540 8444 3973 364 6924 8120 1946 212 135 5161 3606 
134 131 129 0 0 257 249 123 266 78 5771 6347 1159 8638 9668 6373 933 6580 6305 9606 9937 3785 6041 9657 6218 7424 7881 3084 8076 3029 7788 1973 51 7618 2073 8765 725 5619 5985 7365 1199 6886 979 8992 1939 1368 5170 4016 9866 1850 1613 7301 7371 2977 8843 9628 7724 6197 3782 2268 5654 100 235 7314 190 6095 4141 2095 3334 2460 3072 9639 6220 3057 929 5363 5018 2390 1516 4779 9168 2027 777 2629 7306 6505 9767 1436 
135 131 129 123 0 257 249 258 266 79 7037 5839 5031 9603 4296 5454 7595 9943 2238 123 542 8045 1095 6362 6904 1758 1915 5448 9349 9022 7110 128 8539 4569 9813 3599 7616 553 4064 8657 1650 8247 6570 7622 1227 9788 3170 3154 8521 5770 7939 2634 7029 7066 1254 9355 1938 8550 2969 9572 4794 5540 1660 8823 2649 2599 9587 5784 3320 1145 8383 7359 6710 5789 2847 2626 2223 3616 3560 8039 4218 9474 2428 380 9255 896 4136 9244 2175 
136 0 0 0 266 127 128 131 512 78 9105 5487 8197 2900 3220 151 2861 8828 2738 4328 6966 5664 6872 3948 8670 5698 7121 2829 5801 4792 6072 8915 6629 6861 4612 452 792 8489 9475 9765 5651 2664 8602 3169 4379 1230 9195 5357 252 8971 1733 5534 4270 2395 381 7091 6466 5 9789 7085 1466 5626 981 5470 684 7956 8214 279 3297 5689 962 4052 9746 4755 6747 9673 8409 3873 6988 5710 3654 8090 935 7216 6265 5767 4051 8577 
137 0 0 131 266 127 128 258 512 78 6295 4630 7776 5886 9242 5933 722 1916 90 6544 6238 805 9162 6724 9727 600 8927 5637 8568 8064 7625 7919 8600 7910 598 4715 3380 8861 4693 9156 4953 4107 858 4082 7324 6239 4789 6530 1522 4611 4450 2612 27 1280 1205 8131 109 8908 8870 4690 1588 1834 2707 3976 678 8654 7470 2071 2379 2174 3952 7671 1715 744 5151 5278 6106 5996 1265 534 2932 4519 625 7977 2795 8227 2156 5419 
138 0 128 0 266 127 249 117 512 78 3838 8153 9378 5029 1756 3713 3643 8511 3961 522 9081 127 9716 7531 2144 7905 6565 7509 2601 3426 8334 4500 2871 5607 7532 2939 5040 9521 7798 9357 8931 9381 4172 8865 9708 5212 9093 6257 3484 4678 5780 6875 2891 7038 6763 7223 9383 7351 6288 6998 4073 4832 6501 9922 2109 8999 453 3143 5164 9211 7203 3876 5682 716 3576 3399 6169 2151 5720 717 6470 142 9116 876 819 5059 8877 3726 
139 0 128 117 266 127 249 258 512 78 5774 6119 492 9271 5004 6641 4539 9052 677 8575 4310 9190 2245 8426 1709 2742 3498 1393 7527 7356 4833 5911 8440 9607 1772 7163 6567 6920 7696 5942 4176 8428 9560 4247 241 4571 4553 7915 9087 9365 5713 400 7924 4493 8322 7623 4421 2264 5266 6159 6026 2537 8321 6331 4980 6889 3520 2863 8856 9134 8130 1185 562 5380 5515 9524 9816 2695 9324 2809 6409 4363 1098 83 4346 7059 8336 1214 
140 127 0 0 266 257 115 120 512 78 8608 9384 8627 8983 5215 7822 3392 2772 8220 4842 1852 9310 4616 5143 5733 2550 9625 2773 2733 2843 1370 869 867 8082 2336 1656 3156 3863 657 398 4697 7001 146 7322 6361 1860 8888 8635 6788 7770 1059 143 1507 7683 4217 3536 8337 8399 4830 9178 28 5677 4055 8225 8224 4565 4859 7445 4730 6339 8268 7338 5512 7837 8495 6568 9934 5073 762 6792 7553 9839 7379 25 2189 6165 6273 6514 
141 127 0 120 266 257 115 258 512 78 4102 9147 3723 3009 429 6625 2431 2236 9445 169 6478 6835 1229 2492 6500 3436 7392 7697 374 3673 5511 6743 4719 1793 693 6307 1321 9431 3963 3047 2330 948 9731 2535 4028 9608 7340 8157 3707 1627 1231 5338 3957 7833 8251 4086 4823 3891 4254 6357 465 8582 8194 6476 2310 9688 2726 2325 3188 1717 3440 2407 906 3972 4106 2875 2452 138 8347 3798 1817 570 8221 1651 9335 7153 5404 2273 
142 127 115 0 266 257 249 120 512 78 9415 2906 1180 4853 265 2556 2827 8073 13 2753 8949 1548 5946 9644 703 2344 4492 9965 947 2993 6406 4912 5544 1074 9530 7507 5195 6840 1281 6279 2743 2388 2441 8481 3274 9435 1136 2213 7869 2277 2305 1835 3117 9132 2181 5060 3100 8616 272 3645 1021 8672 2959 1825 9313 984 4213 8238 1547 5569 7437 7621 7933 3428 7341 11 3272 2952 6918 107 5830 3404 2100 2056 5690 7686 8540 4946 
143 127 115 120 266 257 249 258 512 79 6687 3109 1970 5425 2083 7134 312 9220 1645 5863 8796 4917 2206 2137 1491 4332 5322 2472 6691 3833 9633 9888 8425 3648 8234 9809 2470 749 6898 828 4390 8513 1397 4457 4607 7347 7567 7092 8630 9205 9158 7293 6656 3624 8997 4326 167 2437 9523 8117 1303 5282 9438 6837 7490 9575 6086 958 318 4545 9538 7015 2616 3018 8295 2202 8271 6236 1926 1674 8834 8300 8107 3151 2384 3671 1355 1297 7951 
144 0 0 258 0 131 106 391 270 78 6403 3181 6260 9551 4321 8008 243 6523 5495 4182 9480 8446 4999 6830 2510 9858 2559 4006 7245 6561 4778 8628 1115 5351 8945 7084 3895 9892 3775 904 1553 5867 985 6482 2848 1389 5406 5967 5330 1537 6757 111 4146 3934 7320 6758 1876 1187 6483 82 7807 5859 1350 1846 3759 7584 1658 3777 8611 7032 6424 5701 4446 473 3820 6812 2360 2294 234 7414 1841 3217 7628 3541 1837 7008 8571 5707 
145 0 0 391 0 131 106 512 270 78 6256 6183 3093 273 2712 6001 4898 2929 6524 1782 2205 2783 7660 5431 3862 1174 1820 7180 4885 6212 7478 5384 5296 4522 3951 6176 5909 6802 9316 3429 5588 7647 2354 3328 6174 987 8374 9124 192 8273 510 2940 9563 6888 9764 1655 302 1659 628 3410 2278 1702 915 4266 1880 6345 7276 9446 840 6374 5906 5484 3778 6790 9586 5809 4808 946 4163 9483 2430 4198 5519 9519 1895 5324 4807 7692 
146 0 106 258 0 131 249 400 270 78 668 2427 7339 185 2944 2463 9322 3496 8813 3371 8719 9804 3497 2697 4589 1958 3102 9065 4705 1932 731 964 4124 9221 5437 7887 9972 8882 5600 6880 5636 63 9891 9266 6652 9835 618 3728 4601 2656 3415 4991 2899 1811 5054 4644 3003 857 5971 8615 6421 8434 1615 7382 5288 3518 8072 351 7452 1455 2091 2590 1057 2955 8831 3747 565 1909 6114 6058 7118 2605 3389 1383 2924 9631 5464 5329 
147 0 106 400 0 131 249 512 270 78 3028 3053 5678 2411 2282 2525 2489 4935 4783 4666 6582 8954 7103 8525 1483 501 2404 5142 2825 1830 7374 7024 8732 293 5439 1550 7711 6534 3955 30 80 5764 4772 1520 4208 255 4628 3507 7274 9315 7299 4135 9890 2387 2281 6961 846 5665 3249 7049 6979 4236 7916 6542 781 9782 7897 281 1096 5579 1657 3736 8266 4034 3232 4173 6317 4482 1244 4288 527 148 8249 8160 8110 6921 7510 9528 
148 131 0 258 0 257 122 371 270 78 5390 3212 2749 3529 7186 4474 7610 2925 2176 9996 2311 1490 2655 9695 7058 3374 2953 3461 541 3485 5581 7076 6807 5444 6914 1432 3412 2660 7098 6116 8424 6284 1212 9651 9408 1898 9154 3924 6479 3192 8 3327 9356 4761 3403 8953 9198 8634 5622 89 3690 2182 9364 5239 3437 4735 8612 3980 3337 7067 3847 5536 4267 1531 4397 9014 2485 7055 352 3870 207 6766 6233 2812 9960 267 1626 5343 
149 131 0 371 0 257 122 512 270 78 5226 230 7022 8650 3329 5033 4058 3323 5379 8924 4673 1617 3600 5957 588 6532 4534 1088 33 6733 4993 7983 9581 3243 9282 7396 9325 6858 9938 5107 2107 6407 9676 9095 1477 9941 5606 1062 9174 7144 1653 1556 8619 8554 1940 3456 3941 8014 996 671 3506 3773 9658 9007 4096 688 559 2154 9744 1252 4710 5251 8742 1918 652 1610 574 26 2760 6826 9739 5442 3088 3815 6939 4800 7167 2345 
150 131 122 258 0 257 249 374 270 78 3026 4325 2768 9617 813 1836 4238 9342 9675 9494 7179 2912 7659 8282 175 5741 5327 8462 636 6228 5547 2580 3879 1221 7327 8284 3724 9783 8216 7305 3219 9015 9855 7654 5501 9545 2006 2145 9713 4615 629 6325 6213 776 6725 6275 6767 608 6771 9033 8982 6414 4816 9106 5805 989 925 9302 6806 3735 1628 6854 2025 8633 6948 2615 6453 342 9038 2517 1974 3447 1014 9280 6485 6842 9971 2877 
151 131 122 374 0 257 249 512 270 79 1085 723 3813 4591 5970 3926 1354 3351 2506 9723 8970 3132 5857 8147 9596 4092 733 5308 1561 1987 152 1539 2211 221 3631 2765 7577 7350 3475 5453 899 7566 6606 4356 9268 4467 1461 6876 4529 9845 1600 5649 592 9260 5024 1885 8988 2850 6249 3761 9460 3025 7318 4997 6008 383 8384 9748 764 1347 3133 1978 6935 2725 6816 2065 8000 6992 4097 6885 6143 3618 2545 5897 8593 689 483 9558 3715 
152 0 0 258 270 122 121 381 512 78 9403 376 5787 7680 1526 5274 9200 3259 5493 2934 5851 9803 4776 9332 5953 4335 1327 3852 1668 3059 2648 8099 1578 1599 6856 6623 6469 9821 124 7590 8711 9360 2816 6887 3196 4026 674 6473 4318 8307 889 5878 7846 3119 3124 4350 8001 894 2327 7538 2538 8858 8013 9999 9312 2034 9485 4413 8716 4635 2788 7662 8342 1196 8771 5905 4465 2845 6375 6593 6432 9741 3391 7571 3193 2938 687 8601 
153 0 0 381 270 122 121 512 512 78 2886 6528 607 4706 423 2688 8857 6850 2687 6675 4843 6111 442 995 6729 1797 3938 7169 9422 6427 5527 1506 5932 254 988 4087 8496 4503 4937 2610 4125 891 1341 6405 3341 2231 2723 1954 6237 3118 7762 7602 6627 6358 4978 1092 7438 7498 6672 7521 3137 8250 4400 4298 4128 315 892 3344 7290 14 4359 3688 3422 1298 2826 7560 1594 1800 4913 9129 639 2477 5549 4481 1616 5556 1288 7025 
154 0 121 258 270 122 249 382 512 78 5824 8747 9075 6942 474 4652 2170 9647 8656 7913 5323 9006 7751 3194 1128 5807 3252 6140 1688 714 9869 3165 5261 3161 6726 1533 8504 8398 7561 5394 5685 8938 9761 8590 4377 363 8873 2739 7589 4343 9693 1985 3622 7832 6709 5541 1672 5503 2609 4974 2196 8024 7948 4023 4199 7727 6324 3226 8780 274 3937 910 5045 71 5769 42 379 2039 5462 2915 7328 9285 7526 5130 7976 6390 9367 5069 
155 0 121 382 270 122 249 512 512 78 7949 5258 7133 1527 9690 7925 6117 926 9661 8084 324 7241 3312 4648 9135 8456 5696 2019 3877 7769 8480 2461 3514 648 328 3060 1530 2313 6689 284 307 285 5517 2041 9362 1634 939 6557 6096 9047 4149 2856 1535 6706 8449 5250 9203 6796 6286 1862 3173 4524 627 8363 4378 5850 5856 8794 6956 4314 2514 780 596 3375 4592 6702 2061 5829 3716 3743 6609 886 2340 6823 6255 3896 7044 2995 
156 122 0 258 270 257 117 373 512 78 8053 5335 4749 8766 6549 6867 1566 4609 4258 7454 4801 5936 5490 699 5334 3890 2087 7652 4838 3745 1541 9486 642 2130 8789 8370 9062 2866 6254 1285 1215 3402 1460 4349 7027 7352 9710 6723 2950 6762 8894 7182 3596 8914 1584 2050 8795 2497 3898 4552 361 7679 8890 938 7831 5210 6328 8431 6287 6508 9327 5815 5814 6504 5076 4964 5775 4518 751 7576 5244 9561 8887 2821 2054 8930 5980 5961 
157 122 0 373 270 257 117 512 512 78 7360 5792 2588 1630 154 5350 7404 3397 1296 6031 8187 4700 4737 8265 9660 8760 2584 2255 7444 9717 6034 1664 8457 6965 5046 3827 9098 4892 3807 9932 1386 4244 1209 9654 3939 6051 1323 3556 8031 3157 8017 2204 7516 1810 616 102 2014 5849 3393 8987 9215 2250 6340 1925 3215 329 6529 8920 9072 1031 5808 2209 9224 9358 4320 1374 9334 2012 8709 9687 887 3177 1726 6977 7797 9642 1914 6035 
158 122 117 258 270 257 249 362 512 78 4649 8158 6936 8702 6775 6225 2004 9305 5090 9967 4380 1266 8200 2197 2933 6296 3254 8591 9824 7942 2965 7778 4049 7176 2371 5345 3589 8557 540 3767 8973 7518 5838 4781 1696 3074 6395 2639 5185 502 7227 5621 8112 7982 2669 8101 4265 3354 4207 7992 6770 5223 7908 5276 4620 9643 849 2075 4954 7434 4303 9019 2367 8640 4455 5482 9805 2016 9123 4984 5951 8212 4426 2919 789 5127 8698 4770 
159 122 117 362 270 257 249 512 512 79 5307 35 6829 8682 2633 9 637 7547 1358 6240 7285 5167 7865 3073 8405 9089 5737 5959 2778 6451 6103 7522 467 9287 5135 9333 292 7289 9539 9404 1604 70 3901 36 7211 5546 9326 3123 7046 5140 8884 2544 1948 8731 5956 9136 4144 890 6434 1683 3356 1194 5420 8707 2447 2998 4443 3931 406 3257 1897 5887 4734 7265 5238 19 6543 6934 8844 8226 7398 4279 5062 8594 7329 3413 4305 1913 3842 
160 0 249 0 0 143 363 121 258 78 9241 9800 552 55 1856 3125 2793 251 8588 8925 258 1982 7477 9441 6080 1690 5270 6951 2358 8570 7257 7455 2240 1408 2433 7923 6267 7611 8862 5450 7395 6077 8026 4439 8061 7175 6245 5375 3527 4440 2678 4966 3071 2971 4183 3519 1934 3293 2624 907 3235 8647 7749 1935 69 4174 7725 6068 3732 5207 8902 1299 5948 1139 7963 4637 5827 7488 8951 7277 2854 9772 3776 9977 3945 5254 1528 1685 
161 0 249 121 0 143 363 251 258 78 6186 6364 5154 7898 1450 477 8078 2141 1684 5939 2606 622 435 4307 3823 2834 6937 4480 3432 3491 3535 713 1642 8739 1623 4461 9590 923 6004 2484 1112 3812 3933 1996 6819 4139 8097 6471 2839 6209 2169 9514 9910 2044 2997 4621 3849 8730 8770 4558 6538 9337 2230 9745 8830 6650 3095 1344 4663 7113 3780 3033 4660 850 2180 1663 1287 5642 8825 6404 7694 7957 4764 603 782 3167 6637 7764 
162 0 363 0 0 143 512 134 258 78 8603 8134 6343 78 2312 8506 4255 7300 261 5538 9898 9540 5693 3718 7733 3872 4686 7648 969 4756 8301 2381 4657 6703 7674 4988 8549 5115 5139 4386 8018 4676 6973 6844 4632 2992 3990 4694 4489 7836 9984 2994 4393 6014 2178 4375 660 2422 1904 9894 8763 3758 3135 9829 831 9347 8815 3830 7069 338 1313 9396 9689 9543 2964 131 9822 7128 1444 853 2247 4392 3342 9246 3446 778 2577 1646 
163 0 363 134 0 143 512 251 258 78 7255 4940 5578 6676 9981 6134 3321 289 2509 1543 5722 6063 3316 7229 2562 8156 5715 4476 7575 5204 9291 3390 7362 5929 706 3684 203 5753 2263 9394 9164 4271 4969 1094 6518 3017 6810 1061 8564 4726 2450 2683 4826 3512 6558 1736 3542 7993 7474 5499 7500 2038 7901 874 9567 4062 2885 3079 5229 8748 6804 4943 4300 9143 8959 4336 6010 4230 9997 3841 9574 2419 2226 1596 431 134 5486 4306 
164 143 249 0 0 257 389 118 258 78 8233 2897 2844 9698 4683 1966 5317 4190 2287 8180 5643 739 2304 5259 536 6447 6666 177 3187 5766 775 7487 5412 1294 8976 139 3030 7900 8402 5008 1988 7940 5374 9662 3381 4713 9114 7604 9197 5340 8523 9021 8703 2210 2727 6246 8325 8622 4089 7052 662 6800 1943 392 1395 7283 5991 6133 1189 2352 4901 5750 8543 8583 8089 7835 7839 7271 6761 5149 4638 3171 8756 6635 8450 8118 8339 3749 
165 143 249 118 0 257 389 251 258 78 6461 5674 7149 3739 9000 1314 9467 7879 8798 7194 5193 8125 9750 4412 1334 8738 5355 7542 2721 650 3889 120 6913 3801 7842 2296 8445 9270 5376 4031 4514 6910 2018 8990 5455 3450 8651 3668 3551 5521 8287 5711 8669 375 7882 5575 3754 7034 2047 4526 1419 488 1033 4869 9875 6054 2822 1636 8088 311 4971 6805 4206 7102 8146 7677 2237 6472 181 803 7888 9103 6144 7412 3236 224 2502 2476 
166 143 389 0 0 257 512 116 258 78 8121 1552 6032 396 294 6109 3861 9791 9348 1738 1304 7594 4994 7707 5389 1881 6315 6064 2757 5364 3921 3430 9171 2566 4810 8483 743 387 9128 7546 3451 3349 5508 67 2801 5726 3105 3571 573 8420 4297 7427 3233 710 1608 8984 5760 7644 6105 5421 5539 5498 5938 8163 8802 2257 2923 4109 2870 7981 44 6190 330 6944 3438 6869 4338 1808 4967 3903 7421 893 8152 7210 4371 1079 4355 5668 
167 143 389 116 0 257 512 251 258 79 2028 5194 450 2710 4242 9886 3783 4521 7757 9336 7651 8381 1140 1148 4900 7716 8901 1995 2892 5862 7095 370 1431 5694 3756 4502 8028 1743 742 5255 4367 1775 7735 1705 6737 2946 3554 346 1008 5021 2852 913 1695 3665 7704 3746 6748 2321 2234 6563 1441 4788 691 6895 6439 5019 301 5328 5892 4408 992 1391 3001 5441 8294 4934 3566 5476 2248 9099 6348 2521 8472 2677 3900 7282 9911 8528 426 
168 0 249 0 258 122 369 143 512 78 679 9248 9149 2661 4634 1924 4422 1589 6199 7536 2711 4414 8652 5423 348 1804 6574 9032 7083 793 5903 8202 3264 8841 5670 1384 6685 7815 6651 928 9206 3575 5502 543 7791 1569 8166 3651 3570 5799 487 3984 7312 6355 9261 7035 182 5091 1780 2252 2029 9458 8907 9684 3379 594 8049 3568 298 8442 5582 5981 3056 634 8143 3674 4817 4675 9797 4626 4391 5291 469 4696 5660 5915 8934 8866 
169 0 249 143 258 122 369 251 512 78 2400 385 2347 9239 9212 5249 7840 9885 9847 5034 4148 3258 3408 7145 760 9144 2218 4650 4044 1957 7005 278 7262 1324 4410 7074 9232 977 5803 1475 950 7333 1369 5891 2121 4448 3805 8165 8978 2628 170 3629 6945 2077 5285 8606 4012 3106 1003 7224 6989 3163 2299 6369 6559 631 3881 5732 439 3398 3598 4110 5160 9656 6648 5286 4262 1053 774 5782 9183 8219 5645 5199 1051 8678 1770 6337 
170 0 369 0 258 122 512 127 512 78 5440 7739 4797 873 1776 6990 5794 6314 5424 4008 4351 6997 2549 3888 902 198 1271 6099 3277 3158 7714 6756 2488 2930 7439 2021 5900 6794 990 4741 4360 4877 6893 8002 408 5910 4162 5385 6698 5289 7523 2300 1146 528 9881 2597 1989 5695 126 4078 5570 957 6878 6620 3302 2646 7579 8475 6252 8396 7994 5230 1306 4405 9672 407 8885 1283 4804 8706 4333 2397 3164 7756 9947 2343 5048 7921 
171 0 369 127 258 122 512 251 512 78 4354 8708 9734 812 9343 2526 5912 5272 308 7403 8993 9525 3513 5507 9776 437 5618 4030 1787 3967 8501 7868 8817 8470 68 3869 4922 4468 9452 7043 7400 8012 5471 4420 2443 7131 1762 5557 3045 4226 8686 7381 1534 3457 3464 2031 5888 4048 1849 2865 5430 6859 4699 345 6957 7909 1774 9479 6441 4930 9323 8524 6926 8177 2246 5609 617 8814 4897 1724 3052 4819 7927 525 2146 4916 1795 9578 
172 122 249 0 258 257 388 117 512 78 3350 6602 1228 711 2334 9253 2438 3853 901 7472 7116 6736 103 5388 3086 3449 2426 8629 5153 45 8886 4645 3533 9465 4883 3727 5036 4145 92 8853 9083 1275 4820 7387 3160 5793 9113 2745 704 8278 817 8397 6787 9605 1054 8963 1635 1046 5968 5310 9915 630 9283 4364 496 129 6967 4013 3826 1346 1742 6836 2010 1912 4790 7700 5843 1699 2408 1105 9700 6412 5395 3104 965 9426 4037 3698 
173 122 249 117 258 257 388 251 512 78 9682 1637 6815 2001 6569 260 5402 6972 17 7591 2440 4647 4815 8087 5724 4093 1953 3649 5348 511 2265 5114 4002 3377 4137 6517 9449 508 6397 5865 5257 8395 2063 7537 2187 5483 9588 3285 590 8243 6630 4066 5305 7534 7183 1882 8917 2755 6104 4168 5964 5706 3224 7643 3603 8891 2070 6783 4498 7803 2754 852 4625 414 59 3240 7617 6272 218 9067 6131 6821 641 2922 1023 4299 1416 5485 
174 122 388 0 258 257 512 105 512 78 1478 4088 6400 5094 8400 5916 7253 3286 9303 5848 3510 5667 3275 7953 9423 726 5879 7903 8842 2914 9964 3083 3023 7120 5545 9565 1691 8128 2017 3569 7853 6618 4427 9555 5168 9887 5749 7376 2261 2214 9320 1671 529 7502 1464 3176 7557 1929 4989 3640 783 9111 2286 2724 9108 3414 434 5972 6417 4015 8311 8714 6277 3592 4442 1679 2804 3804 6070 6334 2258 8855 7873 2289 7936 7786 5112 2292 
175 122 388 105 258 257 512 251 512 79 9751 544 6673 856 6350 9048 8515 7236 3288 2421 4232 3140 1267 6987 9402 5861 9177 2364 9010 1754 1262 6899 3709 1665 6982 5121 309 4513 7743 7045 4253 4352 3730 8573 8313 9535 3725 5265 9005 422 9949 6433 9058 1165 268 8417 5111 7389 720 5081 5177 918 8806 3544 8897 1219 841 9173 700 3364 9830 7710 5735 7413 6062 2481 7896 4249 1735 9040 1025 2638 1570 6653 7890 9533 6281 9721 6158 
176 0 249 251 0 121 376 375 253 78 2504 1177 5890 2320 4095 8625 3751 8725 6126 1307 4528 6583 5172 6674 7146 861 9100 8937 5691 1998 7573 2747 6834 2114 2973 6968 8829 5680 6107 96 8237 7486 1562 9760 6694 7448 2635 4643 4981 3695 3223 4702 2921 1730 8254 8753 3964 9978 5192 4035 21 5518 2331 1109 5422 4225 1125 9826 5840 8832 3502 3970 6127 7723 8173 7960 955 2140 9346 3370 5447 5554 1251 7754 4870 7914 2496 6204 
177 0 249 375 0 121 376 512 253 78 4566 5200 8717 5435 1747 3126 7717 6161 8505 5095 6498 6946 6664 5745 9686 6248 7858 7970 8768 64 7824 3960 7475 1433 4985 6118 9630 530 7750 6002 3175 4554 7614 8292 1855 3142 9968 8547 1900 8151 2284 8928 9057 9840 2789 3627 7932 6728 8021 1624 98 2359 1147 6188 7613 6379 2198 1927 922 448 833 1097 9424 5987 1362 8906 7667 5352 4799 582 4256 413 3750 1116 2309 614 3147 5659 
178 0 376 251 0 121 512 378 253 78 340 7768 9163 4712 5922 4140 7818 8526 4811 7729 9853 6182 7497 4536 6259 4278 2102 1071 4014 523 2508 1050 3234 8044 3760 8315 4874 6752 2356 4196 2857 4147 3742 572 4447 2413 5738 3865 8211 1077 9115 4887 8253 3473 7829 2730 8532 2935 2718 1263 9194 6983 357 7669 7209 6495 6678 3044 4904 824 371 1573 79 2652 4220 8721 6431 257 3978 6780 1255 4896 1822 9814 9819 6219 9595 4767 
179 0 376 378 0 121 512 512 253 78 3699 9218 4809 3944 8252 5201 6038 9368 8567 4960 1510 2576 6827 8507 1712 8432 7433 195 647 7088 4578 982 870 8609 2781 1723 2568 5662 9504 9801 4624 9591 7866 2542 3311 8137 4687 4027 7755 1234 2607 4372 3186 1402 9602 2581 3610 1232 161 3333 1120 5585 7272 2338 8487 2173 8639 4 3925 5336 2763 2207 1959 3516 391 3882 8404 5994 1737 5264 8416 3524 3748 5333 3608 5372 2770 2598 
180 121 249 251 0 257 385 382 253 78 655 7979 3247 9702 9382 4695 9899 3241 125 1798 8368 6697 6323 8660 3632 7463 9620 7096 7966 1044 6327 6391 2905 2794 4276 2987 2365 1204 6150 7926 745 9957 9390 8610 1002 6897 6289 9969 9929 7462 6123 2066 1707 6667 3400 9882 1449 7765 9328 3621 2999 2112 3295 2163 9527 8816 1791 8613 6730 494 358 1240 5494 7695 1892 3242 7378 3478 7848 5592 6668 99 6269 1517 6938 5671 4955 3985 
181 121 249 382 0 257 385 512 253 78 6562 2295 2307 3734 4180 7304 2040 9056 3246 1577 405 4416 7741 3946 8905 2048 114 2686 5492 52 8182 9980 4619 9730 8455 440 238 6278 6201 7139 4542 6781 246 5572 2851 2984 5318 4424 3462 3305 2675 3704 3839 3875 1652 9771 4862 5124 6310 9372 5526 8020 1722 6462 9986 2523 336 206 6268 7685 4714 2216 1994 882 6330 1598 4090 7281 6791 2033 8723 959 4627 8701 4684 6607 952 920 
182 121 385 251 0 257 512 399 253 78 8139 2078 299 4602 4512 3540 3855 2705 461 5010 7801 5158 7632 3136 7336 132 8956 9497 7730 5315 8965 1778 6597 9699 9388 4292 7555 6950 8057 3644 8509 6545 8565 7917 563 6604 6313 2666 1984 763 6383 2079 2960 5331 7105 484 7673 997 403 5309 7061 5965 5761 3565 8203 4138 6671 9906 7988 2676 2833 5768 3562 539 81 7330 9904 9016 6573 6907 5758 5237 7758 6000 2903 500 8788 1796 
183 121 385 399 0 257 512 512 253 79 1272 3816 6818 9648 507 6616 7451 2475 3120 76 7543 6739 580 1104 343 5895 5297 8208 1058 4401 7466 8548 9491 9923 2520 9529 4191 7752 9176 3721 9293 4573 666 39 7062 7367 6376 5913 9281 3786 8145 4134 2603 6655 2968 5050 3594 2045 214 4188 9680 7877 1981 6229 204 8939 7148 8332 9225 2942 3330 8867 6163 3421 7079 7222 6455 930 6717 4193 6863 8572 3650 7160 4846 418 6071 6603 9500 
184 0 249 251 253 127 363 374 512 78 7385 9837 5125 9815 9779 3174 3035 3515 4791 9955 9512 5221 5191 7127 6738 8617 2522 6214 1193 4293 1802 3991 9974 8685 7181 9879 3905 8184 851 9061 201 8314 5504 9311 8869 9425 136 6784 2057 2681 3806 791 3682 5804 3289 4046 3424 4039 6632 6571 2673 1559 9351 350 3310 2951 2575 4766 4117 9738 6535 7715 8500 3897 6594 8623 1043 9031 6042 830 2459 7684 5097 7529 6023 9063 557 5260 
185 0 249 374 253 127 363 512 512 78 7886 658 4899 3864 4854 4316 7489 2913 6235 6663 8932 4065 8746 5881 1309 1039 9276 9719 2811 2785 2518 6751 6450 443 9080 2208 9186 4079 7042 2386 1839 7800 7668 7775 9447 9034 377 2285 4543 1930 8979 2536 6448 4762 489 7199 4142 4753 5617 7481 3584 7967 1781 5854 7719 7078 1999 3325 2663 3720 3803 586 8819 4259 1336 9110 2232 316 9201 2672 5101 1706 3284 5904 1678 6511 4308 2667 
186 0 363 251 253 127 512 377 512 78 8546 5777 4394 3318 7615 6731 3705 2493 6610 9020 3766 1784 2491 7726 1238 1360 4585 8782 5311 4654 8195 9747 6177 8467 804 7820 9544 3834 6520 2239 9873 3867 3054 5589 7075 3908 176 7156 3208 6349 8245 6196 105 719 2890 4130 5292 999 9405 4570 6682 1649 297 5014 2462 6513 4429 7874 5528 1222 1682 5433 756 5653 7432 4839 5209 6825 3770 8335 8050 6069 568 9461 6170 5640 5013 6964 
187 0 363 377 253 127 512 512 512 78 6874 247 4432 661 9319 9961 5155 921 9017 5746 2487 3199 1075 7054 8356 2279 531 2769 9406 6801 9204 3626 5725 4491 6586 8724 5253 9652 9024 4911 4430 1201 810 43 1030 680 2000 9411 5603 8494 6113 3020 5144 2276 3134 4920 9025 7812 5944 8980 1711 6857 9175 8562 7999 362 8142 3230 7859 1437 5955 2691 843 3110 8696 597 3010 1590 3014 6852 1335 5833 7335 326 8474 6027 4083 75 
188 127 249 251 253 257 385 395 512 78 7785 7823 3002 2468 6135 2846 7889 4404 5754 1936 4622 6079 7980 976 8840 5811 3203 6933 4456 605 2541 2128 9444 8141 4973 6546 8689 8185 5634 2800 9387 5858 5344 3441 7208 5566 7202 1568 7187 6711 1020 1111 8386 1467 3021 3831 8812 9353 1019 3367 1317 8712 5641 7308 5655 5234 5408 9296 8818 4187 5218 4466 2458 6092 7388 3706 1150 2393 9854 7950 3999 728 2494 3066 8981 2224 9434 220 
189 127 249 395 253 257 385 512 512 78 6714 2329 1620 2410 7468 9778 1173 3850 5697 5595 3633 6172 5113 3085 7972 1869 5555 5162 4433 9066 2303 3271 1831 5975 4098 735 5061 6418 6341 3348 6928 2203 6613 5832 8355 3355 9583 436 4373 3656 9184 2150 4951 3096 493 5346 310 4533 4720 7544 4269 5028 2619 2784 9003 2479 9827 8822 6919 9286 575 6025 9946 4274 3465 3347 6579 7645 6465 6891 8338 3986 4194 6266 8305 5778 3824 6900 
190 127 385 251 253 257 512 394 512 78 3899 6011 497 1233 2882 2980 2752 7198 20 1873 8032 367 7484 5475 1997 7552 9973 4485 8190 7806 6454 8411 6719 7137 1135 1540 6496 4595 1465 4831 6198 7954 1353 8105 2302 2499 1905 5473 8919 8046 4396 2165 5157 7009 8534 5128 2341 7596 1300 5779 7072 3048 2554 7844 2722 3987 5625 9233 6020 2631 1752 8533 5577 149 9300 7902 5100 4924 5203 8916 1697 162 7287 5466 4263 6503 8030 7483 
191 127 385 394 253 257 512 512 512 79 8679 7779 2139 911 3846 6526 2883 121 8735 5950 1902 1740 524 7568 9865 6380 8726 9427 7641 9294 6865 9678 4562 4763 4527 4435 4773 9571 741 5256 3582 1814 7459 4290 9807 8179 3634 1564 1813 9012 6489 1944 3153 3958 5860 4499 8035 5411 5080 2764 3597 4195 2013 7010 6515 8093 3779 1371 9416 8962 2093 8412 1886 16 3503 5337 3482 5683 2887 7394 7129 6884 6044 4568 2985 732 9492 681 112 
192 257 0 0 0 379 134 108 244 78 2926 6943 5387 4865 1842 1132 9401 6311 4286 8259 3797 4716 8733 1582 9484 8994 1359 2759 3579 7031 6773 2719 1622 4844 4902 7048 7998 3771 9846 3011 5866 6207 9011 7473 2604 7280 4711 1783 6716 2373 1779 6521 7259 2582 2251 6007 766 2298 3922 6153 1949 1049 7016 2608 3098 8762 7261 6502 3646 7495 4071 6396 809 1388 8199 5927 3680 3697 5852 9979 6779 5963 3211 6251 2122 6721 8040 3851 
193 257 0 108 0 379 134 256 244 78 3848 8447 3591 5837 9107 3065 5279 1901 4576 2179 6922 8837 2124 5361 1392 6301 4160 8359 8529 5560 9150 3145 4593 7217 4205 2636 880 6394 8423 1463 6647 9102 5316 7363 6283 7847 8210 101 4963 7701 2335 7959 236 2467 3907 7226 5739 4759 4598 3129 9487 6847 4748 6911 498 5918 8727 4525 6013 5730 5646 8459 5885 8443 8085 2500 2420 476 4674 551 1975 3360 8913 9635 1476 1325 8290 7661 
194 257 134 0 0 379 255 125 244 78 3636 2099 2398 8693 9795 3719 6217 2022 8403 960 5407 7411 2534 1549 8288 1607 3738 4462 6638 9832 8362 3127 6669 4365 7852 1022 5012 9634 9593 4395 3653 7122 4769 8460 3662 8713 8204 6512 244 8538 2815 7140 8680 4043 7377 9857 9665 3166 4319 8781 1451 6326 3504 7346 4209 2859 1518 3829 4747 4340 1439 8133 7941 7593 2456 4470 7184 3282 4387 9141 9088 6970 388 2910 7345 2565 3206 1367 
195 257 134 125 0 379 255 256 244 78 1027 615 9559 4939 9510 3661 9267 3474 4509 2495 471 3343 3630 4184 8069 8676 9077 3717 581 9399 1990 7499 7620 3487 8561 2008 1203 3189 31 3078 6087 2767 8556 4672 2455 694 1242 1124 9060 3534 9718 863 7402 1878 7296 7597 6750 8826 8377 1587 5039 9988 2869 9541 4508 7326 696 5901 7332 9671 7258 9027 4419 7342 1069 1523 7292 9726 9120 2557 5183 6481 4454 4709 2217 4949 2069 3647 
196 379 0 0 0 512 110 121 244 78 8380 1269 5875 8558 9982 183 2828 48 9414 9696 4402 3444 1364 2750 5269 4094 9288 8331 7369 4056 5275 2888 533 7834 5596 1807 9585 485 6509 3511 7361 8752 888 4063 1163 5925 7200 2037 4731 4250 8171 612 9963 7675 1029 2466 6722 7851 2396 2986 118 9546 6484 5902 9436 9145 6871 6591 3883 6822 5141 47 4159 9499 2290 4370 1868 3701 7663 690 602 1361 5926 5998 3336 8391 296 1259 
197 379 0 121 0 512 110 256 244 78 8291 7039 2761 2611 2650 3703 8280 3605 427 1773 2193 8909 838 1761 4915 8433 1106 6316 7266 5133 5106 6581 210 3857 5353 6949 8922 4268 2501 2142 1794 8217 5702 7492 1765 734 8348 1415 1042 4114 369 6082 1654 8201 943 15 1422 7892 8484 8740 3708 7087 8150 6445 7783 1928 842 7355 1493 878 4665 7944 8958 839 18 7825 5908 9798 5032 9691 5456 7021 7213 6598 7505 50 2403 4287 
198 379 110 0 0 512 255 132 244 78 2191 3637 6416 4972 6564 8365 9985 1544 2055 8631 2578 8871 29 8086 6916 2049 6351 1426 7904 820 9926 8427 144 2907 9820 2319 8140 7480 1502 9026 4577 7370 8441 5573 520 6985 1511 7653 8683 993 8067 4045 4903 386 6398 3148 227 6057 5896 9076 8632 7493 9836 3406 550 6156 2088 9167 7491 2876 8260 4029 4575 7759 2823 1986 9870 9503 41 7737 3090 3617 9187 8453 2978 9469 8375 8075 
199 379 110 132 0 512 255 256 244 79 7810 5995 9838 5880 8063 798 4836 1993 7855 2957 8378 1485 8162 7375 8604 4812 3394 2917 2097 5756 1070 1976 5934 848 5196 4879 3225 2120 7018 3595 1264 5907 424 3818 5457 3836 6017 4475 7871 3940 6491 975 8413 8704 5306 7520 6868 222 5765 7600 4608 860 2976 2249 1661 1969 9181 9939 5190 8576 5174 571 3097 4651 5000 1896 4178 555 4011 5302 3811 8744 5623 6234 2511 1583 5744 2602 2740 
200 257 0 0 244 381 124 141 512 78 2958 3477 6179 9292 4948 9849 6452 1819 9576 6162 8167 6463 3442 656 611 2835 150 6130 5460 4871 6370 5962 1595 1875 1329 2637 6811 2195 3781 262 7746 6147 3115 9400 4596 5855 6846 9234 4680 5134 771 5119 5937 4677 9522 8351 1157 6426 808 8508 5481 978 2434 6848 3200 3038 9478 7166 7252 9806 5826 4837 2011 9317 6642 8849 425 7637 5108 5326 9463 2703 8536 6203 430 3067 5729 4179 
201 257 0 141 244 381 124 256 512 78 5416 270 2896 1342 4938 481 8485 5025 7364 9482 319 9905 1499 2777 5992 1955 9880 1545 5790 1823 6191 4914 1055 5624 2473 404 1308 7161 12 1666 3280 1769 360 5681 1486 3122 9341 1716 305 4224 5341 845 5126 9363 463 8598 4878 5175 8360 2684 2160 5568 4572 7787 1064 2429 1390 3799 7517 2548 7288 9552 1871 7273 663 7564 1425 3479 8498 5989 724 7964 1113 1693 9599 3983 506 7548 
202 257 124 0 244 381 255 145 512 78 1310 1633 2573 2824 4322 3448 2808 6024 5049 9498 4171 5445 9375 7634 3620 5982 1206 5612 4164 2194 8376 6596 516 6735 6633 5935 1118 1872 7928 6230 5586 535 6809 9118 7987 834 4202 8850 8081 8923 5562 2127 3531 4750 5290 9589 787 3058 8720 9462 683 3075 8892 6075 5137 9490 1601 927 1828 5205 9457 757 266 9704 239 2116 7297 5628 1410 6005 6917 4704 9784 1421 8349 8847 6894 1 
203 257 124 145 244 381 255 256 512 78 2291 5551 7100 4580 4068 7572 3294 6488 738 1676 1806 5131 6548 9299 3469 708 4818 9666 4727 6329 8304 3315 9374 9600 3854 7011 754 395 1144 4640 5921 7407 6595 3077 2928 2780 6061 4895 6410 7068 468 2643 1983 7880 2357 755 3844 6413 164 5065 8196 3108 7965 3476 5954 6003 844 2483 7875 623 9199 2736 937 826 8429 2570 9683 6088 9621 2115 6154 5104 7443 3885 4996 3586 3764 8783 
204 381 0 0 244 512 122 111 512 78 3087 1574 7188 5632 9216 9290 883 9611 2908 5633 9304 8941 9732 8241 5035 6553 3930 3471 9685 7204 1175 8729 3319 6665 3144 4216 2391 5675 1710 6100 7358 2734 9297 1101 7418 1694 2369 4331 4361 3049 7471 2200 1207 3731 2916 5414 6845 8071 4537 4890 8392 331 3425 6892 3209 1420 3466 2003 1430 4384 5988 9264 2592 3832 8694 9701 7708 438 9513 7774 231 3480 8757 4289 8124 4745 3062 1681 
205 381 0 111 244 512 122 256 512 78 5630 6393 7533 4484 1704 7989 1256 4103 2858 9321 4925 9219 3768 288 9712 5786 6870 3670 2362 8102 2547 2632 3202 303 6352 3291 3920 2630 8309 5371 3828 8059 9496 1048 5615 3363 7850 2558 1667 633 513 3744 2560 2593 444 4143 7789 1356 3676 7744 7718 1172 6151 6149 2528 2297 8379 372 6993 6297 7081 5088 4157 5620 8585 9737 2104 2513 2737 9412 1757 7961 3918 4784 6969 7864 4342 6016 
206 381 122 0 244 512 255 133 512 78 9667 8390 7646 4479 5300 6601 7911 321 3549 6955 2981 1066 5219 1713 6551 8645 7938 86 1845 7237 66 6646 333 8135 5813 4010 9705 3691 7996 62 1403 2569 4590 4506 2385 4032 5700 1632 5535 5398 7373 9958 1279 2640 4600 5409 740 8319 8968 5438 4882 5055 3172 1687 4728 7799 3131 4170 2152 3590 8367 4257 3858 4546 8864 6138 2328 3902 2414 784 5451 486 2802 6336 2627 8006 9230 2622 
207 381 122 133 244 512 255 256 512 79 9279 2796 7174 7821 4803 9564 3245 4040 8736 8700 3685 1487 3928 1153 9456 2532 7689 9924 32 4813 5699 9714 9240 885 5952 4033 6299 8176 233 8848 6700 9975 5231 651 569 3550 9664 3495 5465 2679 3159 2596 9166 4905 7108 9959 9534 5598 2989 7930 3353 8364 5232 6368 4771 3915 4908 8518 6477 8207 9188 2692 3843 7528 1218 9421 5397 3494 9208 6436 8218 6224 4203 6039 3459 6264 1888 7699 9254 
208 257 0 256 0 384 121 397 256 78 9920 6332 4464 9502 6881 604 4127 223 4970 2797 366 3919 155 4185 9785 1152 3757 1508 2817 5740 2775 818 332 5978 1282 1411 3666 8671 2183 4233 6975 3034 6208 6043 7582 3008 8052 2657 1090 8330 4840 5044 6797 1908 865 643 6660 2370 9674 87 7041 6049 6941 8316 6271 9193 3810 4729 4516 3423 1606 2256 3979 4200 2774 3642 6755 7720 5478 7165 5563 1258 1452 6679 3460 9594 1786 991 
209 257 0 397 0 384 121 512 256 78 1877 8824 7070 4181 8281 2280 1438 4084 8388 4129 9043 2190 9537 7309 1290 9917 359 2831 1376 6684 4036 8769 8129 5117 6474 5899 4975 6468 7430 9626 1102 5983 38 6527 8675 2486 8113 4829 8164 3794 1866 446 1318 7867 9793 1226 5564 202 6639 6622 1330 7678 3966 653 606 3378 7767 200 9874 1826 6335 3183 8503 8899 2350 3800 8034 6012 7154 2895 7958 1243 2756 3036 2814 9876 875 2138 
210 257 121 256 0 384 255 380 256 78 4337 3612 5041 9536 3443 8126 8555 9592 8637 4768 24 4535 6384 1200 7559 537 1083 515 2898 7397 5070 4852 7624 5650 8722 504 3037 3012 1469 7401 8222 2819 8329 9466 7642 5584 313 3317 4437 635 8900 9185 1580 549 7943 2058 8240 4085 9170 8361 8186 3335 5819 5871 1009 9983 2728 1572 8522 458 6877 3659 2735 7907 5736 7428 6768 1680 2227 5383 3276 2092 454 682 2375 2529 7111 2690 
211 257 121 380 0 384 255 512 256 78 3015 7705 9247 8168 626 6621 4211 1719 6578 1404 225 9207 470 6909 7465 5263 5267 1260 9139 9112 1689 2382 5006 6211 5047 5883 5184 168 2096 8911 5488 8109 6905 9223 106 8838 2064 8942 2082 4334 4950 8644 3042 9142 1171 795 6210 9127 5077 7690 956 5085 1644 7666 8080 5810 1047 1731 6971 3959 4272 7838 9655 1879 5053 7761 1400 1245 459 748 3791 9231 1468 2030 3655 4398 2074 1241 
212 384 0 256 0 512 126 385 256 78 9868 1103 3345 1198 9952 9557 2543 909 205 1195 2771 6654 9796 3409 2192 4264 7687 3191 8100 7190 3521 3486 676 1154 2155 1501 6303 4317 8372 7969 4235 6817 1186 286 5590 4507 1191 5293 546 1311 6947 8596 2947 8106 7811 7794 3050 5802 2990 3601 761 9101 8437 6458 5489 7264 1861 1829 4024 9059 8827 7119 934 9909 6475 4782 2394 9090 8277 6285 5429 1343 4451 4941 7423 5171 7344 9646 
213 384 0 385 0 512 126 512 256 78 548 4021 341 970 4855 6765 264 7291 4460 9210 4641 6304 4025 3472 6851 5339 3303 6320 5358 6028 8653 7457 5743 4150 7482 8098 9770 5524 9812 7206 8497 7317 7706 672 399 4409 1853 5241 2901 5673 1488 2314 2002 84 8797 2412 6146 4241 419 2086 2342 2457 7447 184 8385 9841 9314 7740 9998 3070 5818 7269 2105 1767 2125 5242 335 9995 3278 3116 137 6777 9172 2275 9735 6322 2836 4707 
214 384 126 256 0 512 255 383 256 78 1498 4929 1538 3947 88 9085 8058 2451 9573 2453 1560 2260 847 932 6419 8860 6282 9455 1884 5602 2720 8542 8912 7071 3304 5923 7386 4275 2842 3197 514 6999 3809 7549 9638 4041 2623 954 9549 7682 9903 4886 587 945 9468 3435 3180 5214 2540 2009 1141 119 6155 2215 8883 9970 2654 6081 7416 5747 1012 835 7601 8879 3702 3997 2254 7307 8357 156 9008 8175 3369 1759 8159 2818 8083 8407 
215 384 126 383 0 512 255 512 256 79 7985 6438 6908 5717 6645 6132 5661 8229 6643 4656 8387 6420 4108 2101 5146 4156 1385 8552 6803 2149 1536 6976 9096 1181 8011 5924 1728 9359 8297 5156 4780 7525 7845 5820 3694 215 4277 8258 1037 7612 6644 7101 4639 6247 6832 1447 3385 159 4330 6486 7235 3609 4496 1114 3663 9137 6460 1972 5009 1328 654 4875 3221 5657 3912 208 8663 2262 1178 7688 1961 1412 4760 7670 7827 1950 8944 1398 2651 
216 257 0 256 256 387 115 390 512 78 4691 365 5806 9862 5882 7197 2072 4561 457 9649 1803 1428 3306 4682 9295 7935 2 9629 2853 8517 4743 9659 209 1409 8369 2527 163 4586 790 5552 5287 60 1399 8236 8232 7467 2530 2561 7515 1631 7343 5686 2201 1525 7147 5723 1143 2415 6902 1917 7212 5872 8366 7193 9138 7232 6006 2402 4477 3248 7215 5084 2129 6399 2594 6795 3953 5752 1563 4891 72 7057 4698 1107 9883 5003 1751 411 
217 257 0 390 256 387 115 512 512 78 3499 7975 3427 1121 6378 8579 7239 6760 447 5877 5312 1662 8469 1236 7771 6446 5823 3583 271 4417 4459 8477 3338 3613 4248 2503 4019 556 4671 1119 2380 4933 1133 3307 216 769 472 5798 2790 3031 3168 6614 4312 1708 8805 4928 9966 6206 1210 2026 4153 4411 3755 3213 1812 6786 97 9927 6954 2184 9895 1387 4932 3092 8019 7535 9773 7703 1268 5599 4618 57 3401 9152 9146 7117 8775 5773 
218 257 115 256 256 387 255 406 512 78 7583 5057 4452 3190 7891 7608 585 253 7106 373 9044 5822 2729 6879 6624 417 2972 718 3547 9495 3201 1396 730 8642 6371 2126 3268 9338 5436 2787 4304 4868 1567 2587 4486 8787 3559 4478 1621 4003 8302 6552 2113 2080 7030 4261 8033 8333 2024 7702 505 3287 2555 1870 4876 5497 7115 1890 5401 3840 4587 7784 2068 5105 2353 9900 5180 2052 7619 5817 9042 3711 8964 2647 5373 2283 7130 7449 
219 257 115 406 256 387 255 512 512 78 5284 282 5096 9274 4965 1614 5381 5367 9109 1216 6408 5788 8950 1585 4520 5889 8589 7250 7693 8479 4952 7372 7195 3500 659 8776 6084 6467 8193 122 7425 4061 3658 4152 217 8283 3693 4845 1462 8624 1532 7152 3384 1734 8468 4120 4888 8274 2881 7731 1889 6584 393 6300 6499 1611 4100 6067 6066 9236 8995 8745 2293 509 147 8043 9371 1894 3081 4399 3040 6262 9273 3971 6695 3567 2383 4945 
220 387 0 256 256 512 121 396 512 78 5281 3530 9257 961 2478 5979 2164 6195 8206 1698 554 8774 8754 9516 3146 9520 4280 5941 8138 5319 2956 3416 6754 196 832 7952 2982 6 6490 2644 7056 5181 532 9377 1246 9064 8410 5220 5940 4987 8068 3774 4311 9391 2983 1220 3263 9202 9548 994 9897 7053 226 7353 5522 6693 3949 3138 1933 4824 7219 9160 1365 3523 1339 8986 8666 4047 821 4796 9878 8985 2658 8373 334 8597 9030 1558 
221 387 0 396 256 512 121 512 512 78 4550 8767 3950 8621 3538 1648 6841 6321 983 5304 1337 49 5537 3149 3817 6366 4161 9679 1352 9263 1591 2864 9148 2117 9470 2166 3266 1555 2135 3458 9039 8104 7626 2123 2936 4958 1087 1338 4252 9930 8777 8172 7894 8242 3722 1277 4189 6849 1434 8312 2585 5452 2642 5325 248 5038 1962 1076 4723 3954 9637 3468 3198 5616 2416 1253 3218 7051 7107 9859 8502 6705 4849 1446 7766 94 9786 5147 
222 387 121 256 256 512 255 388 512 78 2884 7556 344 5011 9842 7578 5629 3692 7519 2274 445 7270 692 3032 6831 9092 4374 1625 1771 8705 2792 8091 9306 4540 6253 9259 6381 7073 9694 2366 9817 2111 4345 1951 3299 4449 8188 5571 8898 495 7123 7143 7878 1977 1851 4567 153 3004 37 8668 7393 2717 4291 4510 2920 3866 7238 4223 5023 6122 2668 6243 7248 6683 1821 9180 1017 8161 242 3082 5458 1130 5189 6915 1838 9762 8839 8785 
223 387 121 388 256 512 255 512 512 79 3452 1910 9071 5206 2270 1503 1162 7284 2909 6487 4105 1316 6701 4661 9440 1952 7354 4582 9131 7991 2779 61 3139 173 1167 3837 4515 9889 2894 8235 7738 4347 9577 5273 5182 5608 7007 6171 3222 5120 1686 5583 6820 9766 8476 4814 8761 2880 4947 7173 2837 1899 1893 8451 6022 4436 7736 1375 6746 4053 9987 6680 5368 7192 6636 7494 8023 3552 4942 7244 6953 5984 8209 40 9392 1874 7435 2143 3481 
224 257 255 0 0 378 385 128 252 78 7638 6686 5506 5098 8695 7033 2389 4237 1459 7431 7870 3431 1032 9235 1091 8929 3114 1504 8401 2878 193 3091 4231 2136 6991 6996 912 3686 8764 9298 9556 1249 9413 7849 4517 4785 6782 701 7004 1818 1257 8320 1169 2849 409 802 4497 884 8419 4123 4177 3229 1442 3769 9715 187 3467 3396 6974 7530 1179 1692 5658 8673 433 382 4864 1639 5567 8893 3822 7781 5847 9269 9913 6506 8989 7802 
225 257 255 128 0 378 385 253 252 78 3859 6097 6960 1725 6294 7218 512 5977 8183 3250 6187 5178 2409 2339 3454 3753 7753 6045 323 9417 6318 1377 3292 8298 7945 6098 6360 866 5611 8821 5580 9161 7294 8047 8531 6772 593 58 8662 1864 5993 5613 9848 1081 4669 7912 9182 6037 3296 9856 9278 1471 5056 8614 1284 7676 5716 2970 9547 2471 3207 4884 4530 4126 7311 9453 7631 5410 3587 7097 8341 951 7587 6718 6575 4547 3546 1865 
226 257 385 0 0 378 512 107 252 78 65 823 6860 6587 3501 7012 4505 7136 5159 3068 7440 4382 3270 6707 914 6661 4653 2480 7734 8448 1357 8192 4483 4295 5332 758 6978 1748 1443 9433 9196 314 5785 6541 4339 9752 7251 1609 6276 2035 3505 3237 1947 3740 871 7207 410 8691 5078 9933 6745 8599 8103 4017 7171 1833 8514 4642 3962 2614 1305 228 4246 697 5559 1858 5197 4441 1011 2841 794 180 4221 9991 1067 4724 3917 1799 
227 257 385 107 0 378 512 253 252 78 6612 1575 917 8289 1142 4154 6440 1276 610 942 4646 8545 9091 8003 9289 9157 1010 2322 5914 1137 670 8674 4889 5359 6611 9584 320 4821 9189 5514 854 8592 8519 7782 4381 9808 7565 8863 5176 4742 9799 1319 8974 5252 796 2807 6178 4219 2714 1005 2704 2253 3819 34 9409 4857 4070 9775 9079 564 6659 6626 306 6040 4239 8022 7316 9632 9418 6055 8918 5731 3555 1840 4022 4541 7220 8415 
228 378 255 0 0 512 393 107 252 78 6931 5427 8096 9722 7268 8169 466 8998 6202 3981 5876 9045 6108 3493 3956 9851 6120 7099 6385 3974 1790 3525 6759 8350 1366 6136 6387 7205 7856 6572 4856 8648 2988 6423 4610 1494 7607 1484 6280 8875 7132 3324 5103 5986 973 9570 4104 8664 1182 6425 4717 7019 1170 8836 6649 7918 8308 7189 9140 7857 229 5092 1164 8343 6720 322 4403 9636 4909 95 140 8389 2392 779 5138 1041 7513 4751 
229 378 255 107 0 512 393 253 252 78 6293 2332 7295 389 8009 8692 1991 4112 1457 211 4167 8119 4894 189 3178 972 6727 9663 2171 6507 9428 9918 1351 4668 3024 8966 9743 5152 5298 3411 877 4418 9395 6566 7962 9179 6744 9758 8310 8263 2368 1744 6009 8327 4131 1497 4282 9505 1333 91 2941 3489 5173 1188 6168 5943 6365 4444 9609 7503 4285 6428 1732 8895 5762 5812 1052 5718 2954 9501 5949 7986 5022 9925 6152 141 2762 6435 
230 378 393 0 0 512 512 100 252 78 6298 6110 1340 7419 5321 5163 6306 6083 4597 8255 1509 412 7656 3417 8318 827 7934 8038 2148 2376 9209 7026 1273 2685 8279 6046 1016 2840 9094 8759 8846 4681 6742 5366 5516 2782 7151 3871 5459 1727 2084 949 9953 9884 8527 8512 7334 1942 4944 7080 855 1007 9419 6250 7732 1407 1291 7077 3789 449 4733 1513 9518 7609 903 9554 8851 2670 2931 5109 5037 9871 9226 6078 9386 7233 4067 5074 
231 378 393 100 0 512 512 253 252 79 2806 2948 8430 7712 6443 4504 9097 8123 5548 3932 7303 2418 1919 9489 7201 2512 9867 4689 4133 5248 77 6386 721 1739 8977 632 526 4388 1001 8092 1168 2996 4075 8048 1435 9055 5601 9037 897 9954 5868 8510 5864 836 1363 8149 4000 2015 4848 3051 2133 4463 8286 2435 9340 4746 9582 8473 1789 2872 3969 7420 8878 5280 8267 7872 479 8607 6338 1824 6658 6776 7263 1024 2118 9410 5268 9794 3821 
232 257 255 0 252 388 388 112 512 78 3677 7627 619 7721 649 6519 6173 2949 1922 2059 9018 2103 9844 6753 9916 7020 7469 4018 5751 199 8845 7512 1721 2323 7086 6372 8122 4260 5020 8070 9385 5122 521 2962 1700 6389 6180 2546 879 8904 8065 6422 5378 9013 4301 250 709 6232 5474 4511 4774 3762 9755 6986 8042 4201 9258 9515 3043 7114 7368 237 8010 9256 7777 4544 1746 9488 5382 7804 1576 7636 5235 7063 8270 4936 3022 3007 
233 257 255 112 252 388 388 253 512 78 4281 1512 3256 2267 3923 6713 115 2867 3788 3868 5574 5587 7893 9380 1669 1134 5783 3543 1099 9509 905 4009 4863 6056 5530 300 3055 349 2889 4302 2349 7028 6139 6302 7476 2162 9653 2132 7826 133 3346 5684 7592 8516 1551 2519 194 5638 8537 5349 7550 8520 3308 4992 4111 9130 8215 736 1963 7321 6677 3387 4873 6048 9507 3545 785 6356 5759 9329 8178 8491 3689 9389 3808 8580 599 7884 
234 257 388 0 252 388 512 132 512 78 6192 1992 1278 4532 8393 7417 8734 2974 3265 2700 6525 5418 4744 2348 675 727 1816 5002 3205 3216 4793 1405 5874 8436 3339 8478 9443 1302 578 3445 8835 5531 547 3005 8947 5434 9373 1554 276 7971 5831 7995 4662 4605 4357 4679 2454 93 5262 2318 9802 3639 8037 624 5354 6741 9125 558 9009 8784 2053 4736 8463 8015 8116 4243 3795 1542 3064 4212 4050 1883 3372 859 9640 968 4880 8205 
235 257 388 132 252 388 512 253 512 78 7410 2645 8223 1202 4977 9703 356 8276 6437 290 3063 5990 7664 3 5719 8198 698 2399 4927 4362 2586 5058 1640 5842 7172 1045 2617 7504 6628 9471 5132 8697 6449 2446 2131 8303 6605 4490 5666 2498 6531 9850 3977 5222 3604 1863 7390 7453 6227 7899 3290 7760 3669 428 4060 6932 8728 1638 8257 277 3729 8790 8213 7922 2621 4740 6554 1089 4708 9928 2032 2579 5825 8773 1960 5246 9420 2751 
236 388 255 0 252 512 385 127 512 78 2417 8793 8636 2699 6261 7747 6699 7185 117 6231 6194 6510 4020 8230 5017 620 4594 4531 7524 6309 1514 2242 6444 3787 3019 5225 85 2108 2524 6442 4057 7406 8345 919 317 4866 5102 432 2042 287 7984 9936 6896 6901 8559 644 1078 7672 2879 9068 2862 4583 5828 9597 2046 9729 9818 4549 6799 3814 5703 5721 2167 1906 9736 5821 6708 6962 7256 6925 8454 6367 3835 8551 9217 8737 8801 8074 
237 388 255 127 252 512 385 253 512 78 2449 9645 480 6030 4860 6560 2172 4118 5520 6590 9728 1529 9931 2023 9345 3710 2177 8618 8749 5898 5007 7630 7974 9754 3886 1326 2432 7157 9833 4584 1223 116 8239 6883 8687 1763 2937 8115 8490 9004 7135 4703 8328 2665 3041 8943 8324 9604 421 8326 6459 5509 1729 2188 924 397 9650 1788 1571 8811 1857 5893 2706 8903 2406 5869 1063 5648 2444 5669 2515 6882 6312 2157 4472 4548 941 1903 
238 388 385 0 252 512 512 132 512 78 4834 5708 5342 815 8854 2671 5712 7792 2243 2199 7883 5496 4495 2855 3572 2838 9618 9907 1080 4438 1072 5093 1964 1274 5393 8910 567 8269 9919 9993 8800 9078 8889 1720 4313 5295 5043 4822 7997 3892 9768 3880 6670 6480 9757 2317 7841 9641 9084 4099 4983 157 2326 5027 1286 5795 6494 7460 9119 5480 2288 4423 6732 1040 1945 6073 8155 5945 3326 9046 3679 4990 3262 8358 1749 280 667 8382 
239 388 385 132 252 512 512 253 512 79 1295 2680 6533 7973 4080 953 6657 8471 2810 4192 166 7162 1937 9753 8807 4962 5432 4077 8111 8750 9344 1792 940 1208 5449 6715 3700 1378 6940 5443 1015 7808 2168 172 9962 770 9277 6292 482 9350 5834 9711 8066 5997 1647 5884 5841 7562 4786 2355 4851 9579 8114 2423 518 1605 5082 8174 9901 2436 7047 4957 5692 6608 7278 2945 2269 2464 9301 2860 583 9769 7633 9517 2147 2758 1618 9950 2119 
240 257 255 253 0 374 371 358 250 78 6793 3231 4828 2975 2067 5030 8095 7748 2943 2439 9354 9598 7348 9902 416 9601 800 807 7 5377 7461 6930 6740 2361 5446 916 8755 7588 1423 2574 6592 6457 1581 8144 1445 3975 1612 4579 3089 9677 3982 3588 9393 4555 3453 3455 1270 6244 6640 7442 5365 6789 8718 3204 7013 4861 3561 4132 4718 2641 8244 7168 5644 6093 8354 9864 8896 3000 2567 8228 9126 6456 7436 4802 2051 6121 5663 2786 
241 257 255 358 0 374 371 512 250 78 1844 5930 2516 2153 9370 7657 7906 5247 1122 9249 645 6258 4655 5188 1155 3664 5472 8872 8371 4469 7545 6688 2805 4798 1629 5187 9308 8804 8055 2469 23 3989 7159 9566 1289 7002 2062 9159 5781 3737 8148 1489 1967 2572 9948 8967 2221 9309 6145 9472 9448 1035 8605 5099 2244 3909 5236 7429 7310 9990 5561 7819 3382 6808 3492 1000 4428 5687 3313 702 609 4931 7814 8323 8493 3602 1859 601 
242 257 371 253 0 374 512 374 250 78 8041 8154 998 7415 2979 8352 7230 6492 390 6241 8272 7060 9473 5089 6090 9550 6927 3386 4445 8256 9811 6359 5356 2351 2716 8952 3712 1406 9872 415 6223 5386 7569 1026 6021 2474 5245 8414 9787 6353 6074 7090 5202 3968 1322 2918 6242 837 5400 7742 9036 6059 8758 1670 2539 4121 1619 5627 9153 8544 2219 3420 6193 4599 9506 8422 6692 3419 8499 9366 1768 6164 3227 3366 9823 2708 5647 538 
243 257 371 374 0 374 512 512 250 78 6862 7581 1056 1197 8595 219 232 2674 7843 3407 8715 2803 3080 6980 8306 3911 1745 3509 4054 6995 9724 3687 6102 6263 8677 3162 9029 7514 355 3733 4907 7598 2185 1867 4923 347 6166 3013 2991 8699 401 7501 4979 5224 5079 6631 638 3373 8799 8029 2715 3537 4633 8935 3439 825 6308 9086 9569 9681 4406 1312 1809 7228 5565 108 1454 3214 9610 9944 1213 1980 8406 1673 8852 9740 6864 9250 
244 374 255 253 0 512 387 406 250 78 8991 3526 4588 5417 2306 669 5772 7580 275 931 7599 2228 8004 5835 3574 2832 9568 5533 4222 2405 6222 7603 6094 4732 384 3383 6115 6984 4341 613 4005 8792 6536 746 5086 9450 664 2085 1427 881 6690 53 3943 8317 5083 9627 5145 3580 9361 8587 7649 1073 9073 5505 1968 9614 8620 2442 6599 806 4858 4115 7313 3681 3039 4155 2902 6189 737 456 6411 3557 4038 6833 6855 9616 7955 5299 
245 374 255 406 0 512 387 512 250 78 9121 8421 768 5208 4324 9262 2662 6291 3130 5051 8077 1481 6089 158 6588 4757 3322 8541 5116 1126 1965 5477 2873 5211 3916 4458 7586 9669 5227 3261 1827 6769 3935 4001 6813 5415 2625 6148 1941 1920 7722 4631 9238 1211 4623 6774 7383 3878 705 4113 1703 3772 7863 4670 5461 4348 561 2589 4227 4076 6539 9151 966 1766 7585 9237 3332 7570 2377 1086 8461 2741 1224 4074 2963 7366 5150 171 
246 374 387 253 0 512 512 387 250 78 8778 8036 1315 8940 8936 3488 2531 6052 9379 6681 1557 9192 263 5714 4557 707 4629 3182 8191 3585 5067 1474 8488 8791 2553 9759 7990 2007 9041 5148 5303 5129 1108 245 5428 9531 1643 6200 73 6141 5166 5742 7082 1923 5283 145 9542 7242 967 5396 3623 8948 7554 4559 3251 7745 2333 8056 8181 9265 1753 7164 3365 1579 394 1448 9035 9222 6205 2966 3625 4376 9508 4315 4827 8062 3244 6981 
247 374 387 387 0 512 512 512 250 79 6764 4551 7325 1565 2229 3463 8530 3301 1176 3563 475 7728 4738 5639 6124 9511 1235 9442 2090 5005 9843 9074 8189 579 936 3539 971 5999 6958 6959 9725 7405 3593 1117 1301 9989 1348 3111 8408 6906 6216 5727 9697 5347 3929 7441 7267 5301 1785 1018 1675 7177 6556 7828 1184 1100 7234 3281 5614 499 8969 621 5543 9117 3517 9992 8743 8439 9213 4007 7191 3357 872 491 1843 9825 6382 6712 7331 
248 257 255 253 250 386 382 387 512 78 9613 1320 9951 6824 5846 595 7089 6547 5320 2694 2094 4667 2659 9481 7003 799 4366 8659 8921 9670 6033 7221 6415 6853 3995 1183 5243 5513 2259 2425 8438 898 9580 9706 2490 3368 864 1911 3577 6290 4294 8007 7138 2698 7606 8054 4701 8868 5974 2776 1815 4754 4273 6160 5576 4881 5958 5314 3528 8353 240 5075 4982 8803 7422 9429 8492 7409 9155 327 3362 9028 2551 5179 9307 4415 2324 8820 
249 257 255 387 250 386 382 512 512 78 3913 3887 5558 2927 8972 8027 1546 5110 6923 9070 8340 1760 7155 3856 7124 4581 3046 9733 816 8809 2212 8975 8641 685 640 9049 1593 1956 1777 6497 4841 2363 6828 6363 9860 9994 7665 1429 4228 4795 1971 7830 4042 3992 5917 8960 4692 4835 3152 1854 5271 7408 4961 3874 6873 9376 7479 1380 9624 3793 7337 3942 3300 4434 8661 3027 7464 673 3845 5755 801 3988 7698 4327 3283 5392 6091 9956 
250 257 382 253 250 386 512 380 512 78 4471 6430 2272 9245 1192 7640 441 3273 6129 6912 7126 1755 9243 3309 6798 4688 4283 5403 9053 5816 5026 4240 2701 9756 402 7036 6838 1907 1060 1004 1068 7795 773 2316 6181 113 3763 378 3255 8833 3269 5217 5679 1038 2266 2445 5604 7876 4921 2098 7862 3508 7380 4389 2813 1456 462 4175 7681 4805 7298 1472 9459 7895 7050 5763 1801 8926 6619 6270 519 759 4926 213 3433 5413 9940 1891 
251 257 382 380 250 386 512 512 512 78 1848 1149 3006 7885 5947 3358 4560 6060 8464 7125 3993 3128 2315 2089 197 2106 1482 4425 1641 8772 1381 2961 862 9749 752 1123 2874 5042 2005 3638 1495 9023 8957 9781 9169 420 8655 7658 9339 9275 9331 7506 4186 5920 9407 1158 646 6047 2043 9942 1082 1006 7629 8684 6157 8262 4685 9790 2271 2448 4758 1349 4284 3184 2748 4825 1382 5529 9318 4606 566 3714 6354 9619 7391 3611 2158 5791 
252 386 255 253 250 512 384 385 512 78 5362 7558 9780 3376 7323 8435 5734 5525 4166 8710 8486 6226 3490 9165 3752 9763 2911 2482 900 5873 6589 4431 3802 3652 3094 2591 2401 3405 5652 9526 1714 4210 4968 6377 3564 4556 4004 1440 1151 6392 9191 7246 6050 7247 3016 9921 2378 5688 765 7854 7539 9612 7650 5068 4501 8690 1413 1480 3784 9852 7315 6929 9464 788 130 8626 9493 767 1979 3395 3113 2583 1250 1524 5836 9397 5672 3359 
253 386 255 385 250 512 384 512 512 78 4197 8996 4488 980 7000 7946 3470 3998 7275 4116 8108 7813 5294 589 9623 6142 6785 478 5463 5748 9828 6402 3996 9896 9831 4119 750 4229 4323 4523 4658 8681 8452 4919 3150 9742 8566 22 2689 7978 1602 5597 2618 5605 179 9720 9432 7931 4725 8874 753 8578 325 2301 5969 7231 503 6577 6704 9553 6112 6843 9562 944 7240 5469 8658 3558 9532 2732 1190 6175 6615 1931 5369 7450 8248 3936 
254 386 384 253 250 512 512 381 512 78 3121 5976 7243 1217 1505 3581 5479 8296 6814 3578 5705 3675 7040 259 3253 2134 5960 3741 2233 6634 4407 5277 3765 1138 3660 5491 9002 4215 7860 4158 7511 5052 6537 7254 1028 7109 8961 1034 545 2799 104 560 178 1701 4494 3884 1414 10 6963 2563 1515 5553 9437 188 7446 3657 9792 6221 9615 7225 4806 5853 2225 9692 186 695 963 5776 1127 4369 9861 9709 4721 5016 6137 3069 8299 7772 
255 386 384 381 250 512 512 512 512 79 2222 5071 1372 8810 2798 5399 786 4777 9477 2020 9707 4867 8563 7456 1832 6994 4787 7458 3331 584 6274 5542 2424 4538 3860 3678 7104 1887 2533 4353 5728 6401 1084 6540 4344 6890 822 9133 9330 1805 1586 3790 3994 2110 7541 8344 5550 5928 6019 6085 1160 0 729 1492 1764 2702 1293 9893 3112 1065 7691 7709 1247 2967 8955 455 1331 464 1458 4995 8649 4165 8261 6464 7065 4563 1424 1156 5610 
