73231 79596
58993 8296
77987 61292
47677 9495
68307 64412
60300 68669
99879 17086
9450 40653
70757 15034
731 92347
67993 85678
67896 4578
25241 48531
3772 70217
28060 50521
32013 39103
61703 1921
70761 52105
88545 84427
25743 13071
83706 94239
56826 44929
17096 6278
46041 94423
89416 85541
47958 33267
31908 75561
95431 89671
54847 48393
44778 16857
9712 80962
42309 45531
58093 23144
64025 96312
64724 89364
58805 74217
4383 64762
86986 60583
38652 36921
97432 91751
74494 80914
2098 84155
6164 27087
29498 85835
50499 5462
11819 24972
79238 98975
17035 75608
96432 45124
26260 97033
16573 81193
46767 22012
41926 63117
5978 74948
73988 63407
49695 21117
33046 15500
78819 65830
38643 46402
62891 62967
4746 31273
33586 17170
77997 92143
73347 82221
43896 25290
38389 83190
58481 38077
16576 10772
89709 80759
38177 90402
32709 36072
14703 26245
33822 93867
42250 27408
25467 62358
60828 38670
17005 93129
94479 56131
39530 44731
82142 82791
68901 55805
51611 91745
33805 84901
19135 82207
38916 87936
65283 22041
45393 98173
76978 66989
62310 96029
28697 15611
74850 62179
24599 55614
30969 2684
51646 31605
65728 8478
55619 80525
75394 32960
6457 17712
329 35613
63942 72251
31958 10750
10000 79334
94411 72036
35114 72614
54308 18080
36672 32213
24843 92430
62956 36226
67841 43341
78568 15938
96074 70090
75504 79301
54647 21321
68581 66106
64436 55463
26504 61317
88728 72478
28446 20131
32812 92335
83011 34975
79779 22952
64541 68298
24741 27585
73470 13226
91705 1054
41521 94025
64314 95183
11901 54468
69781 51551
66627 54578
25227 30545
41434 82666
89867 62420
81919 43911
9996 30043
20264 14894
40590 47510
49792 5609
44799 33953
26445 35054
32693 15005
39965 97655
5423 83264
10307 95825
5438 2823
36266 23779
5609 32735
29862 61473
27605 26289
64048 78839
60845 65655
90038 92395
89588 13124
78751 8894
17792 76264
22667 54296
69223 54475
74043 71649
23512 36297
64164 86867
56623 4498
41600 8104
97439 60186
34225 1405
58667 26251
58143 71555
19874 32570
33806 62693
40135 84457
70497 55958
92527 1197
86913 21970
5625 79758
42016 64040
31800 48312
41233 62144
59027 17422
86961 83083
57532 40499
49272 92116
53964 11589
13118 22510
73933 17362
12281 99687
87834 35604
53766 66238
284 17662
68226 61755
9771 13415
81578 67154
72507 35395
64507 98599
94846 72492
66197 42465
85045 6690
10217 94617
19266 79151
89327 27805
63380 96032
54814 45917
97101 54416
49512 89738
96652 13433
86025 39786
33363 47426
27054 85263
6987 61197
55676 92340
59469 41867
31165 55776
87133 23175
36870 11893
98058 77569
32317 86584
12132 20833
29067 36315
12136 59573
9453 91094
77813 44516
33835 8214
17260 49328
36040 16338
84366 37241
14694 60321
74576 24621
82400 34566
81899 86864
11645 49388
84765 86430
14780 42518
97164 9497
38406 620
38264 90809
30028 98877
84059 27048
48585 67816
76527 88901
73360 24301
79733 93985
89902 71033
38982 46993
76511 59843
93625 9635
25155 48562
16028 44562
51694 37811
22243 26345
79847 67525
17433 41881
68464 16466
74145 3485
4711 48508
59878 53403
88528 69878
30953 7056
7740 88556
93538 39654
25846 76203
72761 51252
295 49731
11509 4532
96867 89236
45442 79981
34430 89369
14049 40718
52825 22660
54352 4812
7965 30718
46907 60222
75271 80138
61276 7038
18300 19611
85711 53726
12191 9258
40247 83134
73733 18654
60536 13487
7151 55778
2967 56200
97581 98987
68051 22990
2901 37849
30861 15414
94416 74268
5464 78914
33063 83592
92775 19944
83455 84691
19418 72809
18133 30888
39762 28851
93720 65387
88140 83928
1804 2571
52545 38510
44644 86139
77739 29306
90228 75040
67163 75983
81349 34998
53901 12524
50443 92039
74965 26317
95088 73270
8626 54894
75445 63111
99171 716
34376 4890
20153 16806
29850 88273
137 68916
68693 8774
46778 98235
47530 20417
84237 94898
71018 69448
31637 36138
75622 51125
25926 34544
11061 14910
9760 64909
47595 59198
48341 92691
12669 17448
77121 67814
84486 85114
47757 68441
40500 90135
6545 95504
90513 19072
25898 1694
48649 10510
50210 18828
53125 4964
69590 45729
29429 9789
28051 17072
78576 14535
61373 28831
3281 70634
34495 50208
40240 47838
54029 65499
1858 75934
20944 57051
89598 17049
92372 61503
37767 43046
81451 59264
67999 38048
96006 84937
10169 73674
97698 32046
62385 68023
37810 15910
93301 82304
97099 69591
57791 4840
52884 84835
78332 6613
80491 72097
94404 72488
6476 97719
84629 56338
5285 41887
94881 3849
18090 73195
81531 38593
53793 93147
19450 22125
3901 62304
18296 69696
65811 70921
49720 53132
15916 4249
32790 20478
72509 24317
88680 73709
88352 21534
83052 58741
93466 18411
79483 33927
24766 40087
86393 49473
16224 71767
72854 33738
26949 18368
3970 16571
75110 18283
7651 6309
25813 48671
46329 32025
59939 9763
71595 6100
86819 87628
8262 21222
49809 32905
6786 5270
35810 10729
88835 95906
45620 64614
98098 56407
32717 92799
861 8797
27879 2589
96989 25097
53537 90471
37013 16914
66240 88599
51619 7922
50564 95939
67285 31053
3422 76263
35344 29126
31167 22850
29348 38688
81324 68440
90728 80358
19703 80620
98928 83746
36214 13725
74138 36035
39609 79553
43196 49505
35345 2128
79794 46826
79869 3361
36016 23393
19958 63287
15377 66705
18886 97798
99234 99098
68848 82927
59404 60527
61632 42647
28115 50451
68608 40326
99892 17523
6137 20089
9128 71151
56784 99097
6530 89199
53536 99948
57859 63406
12882 12986
14946 18444
53184 66701
61022 99561
2889 81773
44406 88837
71521 67542
747 65019
95898 3963
19828 77863
26990 66342
70100 17428
72576 2063
63103 44248
75057 26535
76260 21750
93341 89914
71456 96443
14426 24613
71777 82065
4008 61022
54093 44689
81685 61668
12114 55391
44133 4497
82038 42426
43617 4025
56765 36797
1329 47490
66708 41037
38062 69462
75352 25569
14384 41401
50163 40367
72874 54430
36171 30504
3526 4836
80998 26069
98288 333
34671 7775
54698 26179
8157 52766
37110 9850
76600 57358
26905 71424
90059 93144
32146 8049
25573 74313
1582 79752
20351 70992
81337 49394
26432 97205
84366 59984
59916 27135
81440 30069
31840 42379
92886 99305
46084 37246
40 87997
4170 76403
47180 61533
11957 60033
31150 60384
14550 50841
29038 28213
2446 41361
251 80654
75253 42617
98342 51579
54458 63266
32057 53345
20402 95900
84428 41816
60402 17119
15157 41913
13029 54031
24838 78930
31627 85164
34999 62052
86085 22468
84364 94484
13114 47968
7360 26076
50768 1291
94668 79224
30667 55725
53582 85662
78655 30556
21654 48716
84117 64971
54456 78409
34407 52683
68293 40548
28246 45906
94470 56518
92669 60021
79188 99599
52762 91324
10198 12224
55221 78884
93002 59619
71401 65531
50270 62651
28504 24980
54343 65602
59236 50281
53236 28261
41523 24362
3476 2479
98871 92447
51247 6854
62803 65753
31186 99131
29961 77914
56392 99039
11926 14445
47362 26466
36551 55479
77399 70921
72093 85041
8893 12513
93563 69949
98704 97885
69187 22001
44580 14070
19988 27884
60708 94353
83243 51829
8392 94519
52239 78687
7027 74104
68941 89102
22618 39473
42618 29109
29051 55531
5580 10575
98798 74220
30057 63625
2258 73897
36569 92838
15705 45423
47617 23017
65127 20930
75930 43498
21727 35530
91002 34150
93746 13822
13681 61639
68572 86582
70187 86813
72390 3479
45882 96550
19989 70198
47770 89571
97736 84482
59695 50885
32256 63489
45544 59813
62538 43392
36254 94690
92124 66105
60707 36014
63205 63551
41199 50043
7344 97913
17462 70852
21775 55531
7011 49114
69127 14623
22875 29579
15820 27869
88293 72622
44830 93751
49353 56382
31664 26667
49654 1354
8778 45203
38082 82957
9972 94904
972 50896
47772 39807
8149 65147
37181 21587
70889 57649
73977 17752
14012 14665
72708 14454
99512 87892
19862 32866
30221 18960
67147 28853
45910 5130
23335 82601
35120 96786
82332 91373
14920 64014
61405 78929
33542 43479
19750 35236
10184 72380
19215 34761
71492 30918
77165 30779
35969 26380
38299 27977
23104 9174
25570 70118
66661 27394
5829 65913
34084 23852
15901 28514
16278 23476
99502 49251
84211 72923
24832 57670
87260 63974
84401 5334
31377 22308
9975 74892
52433 35946
41653 31148
43294 40007
24293 67451
98736 3152
49606 8415
92537 62610
22059 34632
78523 7225
9698 9499
16567 32134
52478 67318
84386 92889
36047 23521
9906 65387
70850 95547
21105 47955
51647 65271
73688 43552
92572 5837
70203 48249
26638 28369
3565 60468
80001 58956
94550 5571
31112 18487
71062 63889
37873 98670
93984 56250
81533 24246
52836 55965
94465 95282
96886 48864
1995 90875
5520 88843
97827 89410
9236 20911
22905 51539
74823 15300
51794 38620
15708 18570
26691 5119
16305 48135
84905 45694
52988 83059
34534 73935
53467 75881
16374 29920
915 52172
94140 85897
90277 98918
33464 99388
62292 53165
59676 55679
42654 86008
56277 28958
16643 51514
51261 32067
21112 82796
87543 90142
79674 66963
42352 70258
62684 94342
4327 22295
24706 33864
31308 53326
76287 43334
98061 46413
81701 89656
78115 38342
55347 56653
26821 30883
11371 31400
70320 67480
96057 83418
66848 31169
16512 22372
72021 60862
93170 79827
63757 62385
92760 15738
65962 50336
48027 45971
22297 10498
74579 30346
30555 60052
70619 62317
2542 73749
99921 42094
15100 26681
33292 39722
47130 39309
3146 90419
77760 39767
9563 48295
56775 17696
93449 8659
40635 63215
27553 97744
55983 30466
3301 55603
80459 44628
99448 28180
97090 67810
785 84337
67741 49475
29866 14344
94146 68495
8584 3356
11202 1584
78455 86244
98126 66796
28206 32863
82651 13727
46987 47954
25498 10090
71857 75156
8473 66430
37211 58332
6202 70041
73049 61630
53401 30146
21938 608
87325 30337
68947 22316
51777 63034
14107 3734
87193 99988
97183 20568
46672 24432
90539 49096
41053 79049
85611 64631
57569 5470
74776 32346
71399 18796
92776 61939
80956 31843
67323 6593
36542 68073
1254 78742
93603 75169
65775 81614
59323 7586
98331 1936
59970 38017
50039 64230
99096 70048
53714 92380
39041 20474
61706 35962
89801 85121
98813 72695
80954 91327
21679 53536
89304 53925
60612 66634
39359 81385
39623 31868
34326 50450
38069 59290
12248 51892
40513 41557
47596 42348
8944 20078
38020 90393
55800 96339
77225 61229
86806 65944
10200 39361
83604 58321
91516 42566
64707 16949
63365 9373
23813 92663
56811 11746
31545 74860
71067 92853
86068 35710
33820 31763
59510 67282
4300 96635
33835 70720
35457 58494
88105 70309
22219 40463
60712 7224
16182 54891
6156 52383
50744 53433
18573 80769
3365 49409
5630 24715
57689 4043
44212 32891
13979 29948
77243 17548
46075 42464
44798 18133
54898 73578
98018 34292
38376 29073
87081 66734
6349 88180
7350 55706
44514 74177
45027 52954
16843 51280
68378 80258
13627 69676
17405 59168
38503 20638
81321 74808
7029 72288
74827 657
31961 9500
35101 63086
24770 68257
83828 49890
79186 76612
14747 33363
41264 27634
8314 77976
81391 14310
14540 54835
38186 63607
54143 84812
81557 75958
14642 22164
97645 80085
40215 88062
72891 97242
81251 71898
35288 44573
88492 8540
70205 24508
27790 55387
99895 21748
4455 17372
89279 34286
65364 77902
77283 47974
46989 13668
54235 50506
57157 76727
18732 35354
34487 60549
27417 24361
67126 46813
37259 55205
94204 94965
71007 45296
71921 22083
32764 50483
75076 52110
61177 36262
84875 66339
96476 98087
29079 8084
69405 25376
65694 15310
31117 43922
37241 66729
77802 63502
76311 45378
59099 66845
64644 50273
78652 42166
27849 46814
47322 8686
47808 85057
38311 39579
36679 73212
5778 64719
59228 14468
55026 94160
2497 84250
71027 7920
9851 72690
15212 3922
25617 97077
56694 3586
5973 19804
11983 37008
7945 24523
91669 99149
34611 58524
33299 80474
50692 7610
36421 48556
29619 85574
59392 51662
9075 51539
28646 65867
65731 66280
21293 91898
43311 82202
73760 87456
79698 13977
2469 98689
23415 13141
91102 17202
81888 87713
9158 18645
74007 67249
40845 55000
27881 14257
29138 35938
20374 58661
81613 17300
12394 46767
44778 63814
70420 28225
1842 23637
3736 72206
92778 13434
35916 87653
31199 45473
57970 85949
50404 61944
59802 75979
1931 60930
14139 4371
28368 73698
64619 35386
69372 30679
84827 28017
24504 81729
14204 40078
29799 64517
21305 51502
17212 46309
26020 67305
19451 99471
54599 20623
87334 44210
46092 67169
88177 722
6566 15352
63400 9027
18756 29047
74865 44161
26499 20751
18718 83602
44207 65939
17052 97999
64650 19295
39470 13244
96315 40384
4888 72979
4423 73814
68689 40275
36967 12532
76338 27871
2150 93679
69784 51658
3542 3572
90926 20072
68211 66056
17886 16287
29698 24635
42052 52266
35821 47350
69970 17704
44263 73259
15818 96985
56262 76991
87810 50531
41592 64177
61690 95396
8461 43399
17676 61286
14543 65050
79096 15206
61015 34955
95678 62995
86157 22176
96502 7194
93030 99233
82017 83661
29792 65025
87271 79295
29003 48171
83800 55548
60547 4139
7264 64710
69396 1124
28123 54962
4895 96181
81803 50296
86576 81875
84495 74627
4922 61317
8454 67649
95500 36288
91356 62406
34941 72705
333 88578
8626 5036
78496 78923
8737 37239
86319 81455
36275 48775
77286 37825
16510 95919
82922 55986
68357 64268
94412 90388
94386 44724
67907 3104
99037 32451
176 48927
6913 64974
7819 77215
53245 81453
94832 46452
85082 40671
88676 56389
61971 2173
44570 42620
44728 76113
83078 87526
40712 39316
83712 29009
58306 79872
13930 14475
52646 52591
6057 66139
91175 773
2672 10896
51109 17587
5436 79198
65729 72320
1260 40184
45666 41046
1838 4650
6915 59178
22184 85691
51372 95188
5393 47604
40044 78720
85548 65057
9961 55220
14165 70266
62875 54647
11981 12250
52554 6480
97874 80606
2132 32617
37105 90518
95752 89783
67046 96674
71983 19268
28290 90333
94405 61768
66259 42534
33382 20230
90445 99891
6331 40487
35877 6286
26887 50036
33000 69129
68880 77175
41796 65047
13170 81931
41710 68993
3049 30614
24774 46964
58490 15604
40647 713
10277 64215
55902 54846
81711 78079
96143 67462
52165 29057
631 30140
86979 12473
94582 80195
77571 66009
80134 370
59180 68767
46845 65359
82810 26957
2732 7169
97760 88011
64996 49600
40729 33992
54506 57393
30659 9898
31299 50916
27937 91312
11698 78658
77399 49663
75189 108
76524 8626
21430 16911
76841 21792
32171 97550
37246 81146
4536 63389
87319 10404
24916 60400
93005 50923
27263 64434
69919 54025
92293 1346
41845 96822
38087 57774
81499 48513
96774 63630
73843 49202
1901 23134
68131 34809
46435 11804
72099 80507
81684 76739
26934 30471
92555 27761
42763 47472
69104 79188
23204 48304
80829 65715
36668 32881
21782 89881
4677 70905
56187 9706
88076 45109
762 35611
52498 95797
51025 41120
57025 63033
27393 21569
21688 85825
48437 40566
92734 64486
80603 20831
36357 87248
48179 7153
67440 69797
61592 39241
68926 8383
43605 71496
18240 47235
18831 67321
33473 60448
91347 95485
43646 12894
50898 27094
2793 99859
3252 10917
48049 12412
5528 56432
32256 94627
1396 87798
82302 20358
47346 28764
72649 45235
69613 23521
55832 67421
53076 91253
36126 38317
31931 58633
49971 53052
84949 62116
70891 48338
90967 79455
25562 4016
71983 99150
71930 51831
21009 72469
41867 38971
28405 20894
73161 82732
12801 6488
70015 99899
69987 68643
84520 48007
37366 80141
7157 9441
84314 17943
57062 83370
77866 82894
92522 35903
22488 31471
32250 68090
57287 91134
85507 35985
66398 30594
65436 61872
31651 89361
52936 88253
99551 26540
32598 62516
55016 35413
84127 97035
33556 76852
24858 77437
56691 54508
77844 56530
20740 25843
29354 35711
89748 72798
43394 29689
79721 15590
2114 46732
97500 72472
10875 89199
4839 70908
96717 70400
92345 45201
11372 71430
14038 40606
67849 83274
54432 47246
13034 13283
32258 90104
70894 67908
1729 84847
16664 1780
65351 68520
18510 18531
14735 35090
28149 72537
70098 11208
59506 24278
57224 81008
93589 50989
52382 3505
4148 58436
48751 78110
26090 95652
48354 99335
70978 43943
22469 14861
44122 90317
29652 304
1909 39890
82001 65622
58510 77711
2616 36813
38791 50853
13313 59295
99205 88939
41814 72658
94406 82741
96933 57136
57273 89503
66500 10292
51566 40621
97124 39749
51166 74250
47795 24113
71844 63160
37376 8985
59638 87018
50145 96823
97377 19719
73503 60840
3287 78356
46823 61644
83887 66550
47871 71115
4149 31625
88947 50501
73500 6926
81764 29076
70705 89192
71533 81409
44745 65815
55171 15505
19279 31142
57834 88902
10321 64794
25975 27343
82127 90778
64379 73660
97902 80283
94620 81431
59102 29449
20136 15655
69723 74802
99440 49171
1128 48422
56950 32056
14758 14158
58064 91543
5662 16629
11349 45254
89671 32931
60329 57676
10798 33724
47469 41439
80030 20704
34359 48559
64970 4791
17641 26057
96316 91882
79809 3519
38408 90473
6670 33301
9251 15242
17591 45356
88734 1112
42251 64179
53001 82427
84540 65191
48400 58641
73144 16187
30610 2402
87552 32452
45120 29707
29616 71699
25097 48604
60317 80701
46944 41410
13030 70014
39596 7068
13033 46115
11913 23595
84207 52020
86619 13049
84245 11919
52889 68858
15473 88081
45766 79079
60008 3226
40699 26455
82872 42623
22222 48419
9907 52933
26150 26182
82024 37724
61262 66618
61466 93104
73028 60917
93118 86171
89951 1515
73303 52404
57285 37648
50411 98047
96286 2115
83402 57773
55485 99401
62556 41410
18786 65711
84328 97067
66035 82937
24959 83802
17506 66199
23354 71642
17034 17105
96562 80863
70418 83941
34513 29904
73507 86750
33392 91297
47080 48791
71074 71920
57042 54909
92622 32785
69520 5175
68716 9799
19199 54838
41195 90085
5262 22764
20856 51644
70933 56353
39323 11393
68029 2861
84142 85785
34187 5876
96720 71784
90463 40329
98408 35482
32305 69415
79053 28135
35775 64576
40685 27254
41510 49783
17813 74457
64001 82693
74523 11372
87321 46278
64081 88386
30475 60350
16826 4342
53563 64489
49230 91256
46956 9142
92918 73465
56450 15192
60523 74952
7596 31528
46180 83063
69480 30520
80782 91517
50831 78681
7179 44627
86971 68647
17495 44715
97906 25728
94028 5338
62936 99357
82074 49736
6754 23168
32345 32332
88528 18735
94361 20398
80635 9568
87115 51198
14711 90976
75758 51168
14170 19400
57658 56104
67264 98256
22210 99228
2337 70382
486 32386
61418 71731
53556 41199
97786 24314
95219 3268
61442 49794
87981 45537
93263 44365
67823 94670
88149 90780
32540 86776
80289 69551
27731 7872
88465 38113
78933 7561
32264 74843
72041 46083
76105 56936
36823 74760
93306 85866
1555 29460
90749 5187
24026 18954
85491 76471
13562 90509
30076 17555
82764 86173
14787 96704
24337 1784
80853 65049
50327 45775
99698 57076
81857 12260
36966 92909
76396 34551
49411 33234
21566 26517
93347 9205
81513 73557
18877 28590
86192 99686
61702 10299
12933 50103
89742 82520
66813 80746
12543 9336
35641 54949
68667 91111
67037 66687
60950 79224
69295 55247
69391 10518
15695 41204
530 7910
90125 58373
40152 64466
5723 3352
16538 26152
50785 73654
96608 99366
92239 94956
19730 6419
45653 83527
15559 47749
90836 39665
73023 82972
20998 3165
47351 53804
18128 15171
23689 24877
26083 87702
35024 54905
96106 76359
71445 89976
16031 74904
91577 52583
93304 242
62169 43925
58056 93527
55498 71874
76563 58543
55244 46183
89832 98669
38092 32701
10206 30196
33058 28268
8289 53481
12802 1113
93850 30229
61934 31148
58523 29514
12154 54747
98918 67008
18785 94622
5959 36034
65668 41907
37730 59287
59006 2713
73622 91412
80595 67069
77898 94918
70704 98077
56474 10127
96512 16421
81263 56300
2603 23361
79560 80617
48039 77579
97333 91178
42873 25692
65244 22598
93861 19852
75052 59288
99119 7267
70079 52989
90117 52437
26988 11050
35160 48536
32566 90831
49237 62933
38606 12142
80886 36478
13205 30814
90328 98864
81211 80749
41898 48820
23253 69144
84992 30387
53116 80865
45202 67842
50699 59483
41031 2055
20988 99847
4649 54196
38677 38416
65620 1252
86915 43188
88268 13614
86025 61311
49094 38804
79668 24466
83051 82957
27897 53860
24699 87998
72901 85549
15555 21766
76093 46818
43163 45166
50639 47521
70616 78737
62897 38974
94021 90914
32915 65547
88638 50410
59381 16823
62701 36162
72917 1663
78273 99832
96489 4907
92977 95647
80676 99023
75953 87558
83512 68657
14900 4740
18390 49034
16811 10522
59529 31665
7348 37909
19749 95581
55756 94662
50401 6564
22391 65260
14293 56640
69818 31856
74921 2738
97360 6037
44520 11411
55477 68996
5732 78443
38586 54317
82867 15583
93172 28993
73687 43457
86744 26557
7834 34527
7223 68428
19737 55181
11532 25546
2726 3781
97118 30795
34410 34537
48007 94992
50520 99713
83194 89808
24632 64300
93106 98517
76438 71061
30246 27597
29493 17525
37987 87047
34866 31353
49227 10906
40346 97162
31178 51874
16991 23478
70066 12045
45689 16721
95063 94031
47040 5536
76892 96039
87473 33494
95529 7705
43871 97997
94214 71593
55530 30563
75431 82953
75846 87217
74866 82194
68221 72935
1633 40581
13336 27797
50816 81362
40345 75602
65783 57177
28430 69568
34328 60759
8659 65647
55179 65805
11008 49018
49381 70789
3598 65377
48334 11189
6377 91037
26533 90846
42862 92089
34474 46985
47592 94652
82145 51022
91490 4754
71914 65893
2422 34024
91038 27780
89021 83483
3468 27770
19464 2997
89713 81768
84949 17568
94348 46620
46144 46409
82159 4113
83205 9335
959 89532
88133 76002
76284 99743
81413 7770
7665 23976
51026 35793
37176 65748
55469 65728
79630 47871
96615 74196
74032 10211
8956 73251
32103 16454
49562 72027
94858 52950
17753 82408
69728 79671
54132 19618
86192 74515
21954 47461
26963 23871
38774 78630
33054 76810
33772 9427
16222 31895
11772 56141
92370 11254
85205 52444
66833 64107
6333 10543
67707 19533
30612 82772
82728 54320
22478 48759
48342 66753
18000 2611
55004 3110
75534 22848
53607 42785
69401 16849
22125 49948
38489 47658
3079 2901
55897 99822
1693 13403
84734 25033
24345 10013
85438 5956
95867 70263
22980 56300
83989 54446
74241 73568
57762 85224
86258 39783
88972 61954
53945 39477
6884 41852
16827 76725
16189 38850
80346 84167
19206 46593
63646 46047
71599 78175
31565 57739
46451 35342
52921 46981
39975 54974
99171 8712
5628 49668
2374 7490
34411 20950
14506 30945
30057 47784
12692 95186
37207 57987
44062 99251
9518 32251
97214 47123
63586 20456
8318 51232
81664 20962
32175 27718
79638 90151
30490 13467
91298 95468
18110 51795
4710 71748
29767 50818
34576 92883
84836 2711
67163 67323
81266 28677
8268 17421
26702 57371
92742 99364
32326 21631
60493 64773
78708 19493
49413 46688
61514 62743
10813 93959
67306 68226
21437 78539
12892 30754
52290 1863
22103 47960
31035 45308
59719 24798
17491 70843
19663 27991
6563 52634
19704 5530
4970 15302
76845 3208
30222 35517
55271 57674
64046 28383
570 37346
6031 39660
7008 63777
94885 14250
17455 69501
47570 81930
1732 66537
26038 88726
50949 81321
80904 95764
34531 43238
72977 70560
70927 76029
43347 26226
13024 30775
48445 30222
90959 31840
56334 50059
56463 71819
51733 14647
25328 10624
75342 81173
51643 11943
33992 84223
30313 88596
50264 68760
73028 15054
29632 11606
509 84126
63094 75918
37079 9353
14794 33502
58884 5295
65772 59393
21450 88458
94427 26247
62803 59009
1517 59015
48894 17023
47301 492
21723 95877
18221 25760
90686 54805
72143 64097
79395 74030
45337 25679
29239 2835
76539 75872
55835 53396
78841 19660
78717 58507
30703 68417
85883 95423
13388 29764
28032 26014
4958 45984
63584 15364
67846 17679
9132 59819
95448 30033
40300 19022
24839 1652
12007 41923
30905 30066
3675 98447
82530 5234
41682 17364
22719 47989
90237 35131
96369 20542
73620 65595
57466 69166
85156 23106
96703 688
21652 36095
22717 60402
14079 62544
40009 45399
66032 90218
69246 29985
30048 26323
5281 44792
48513 30369
8719 15002
2418 20162
30344 42338
68814 91449
94254 10146
25213 48641
38425 57811
97501 20584
53804 70037
60863 76551
85370 84389
92617 90095
28989 26811
43402 61538
50479 10469
21931 12314
36235 39513
38912 95146
53476 61312
18275 30190
55304 94011
21987 93373
26603 87383
6431 15757
90703 7593
92057 85810
87206 18569
56005 39073
68127 15147
75868 35682
28299 75561
91955 52124
72656 69765
46235 62699
78173 96603
59159 3521
27984 16688
86262 53724
84647 48588
83335 17891
63248 40168
43092 16259
34717 62115
24467 7238
19313 53040
33398 80525
10436 42792
88337 64148
85689 10312
22946 16342
12159 6895
91875 60755
59930 12245
10524 92764
33798 1022
8599 92456
85062 97134
53788 23215
28335 97603
51371 55013
43356 56472
27882 30070
13712 71962
92389 23564
70868 29632
88575 14596
43167 11942
95523 7189
13103 63506
95538 46583
10936 18900
33279 23090
33981 95774
96022 57235
55932 33396
572 55004
27739 90076
23397 25344
43481 53758
61655 69002
65462 95377
94341 28991
76674 45758
39939 52263
2548 44589
33227 15899
60398 46910
5309 93933
23229 52528
51682 36326
81491 61670
64224 94722
74790 41481
9274 98708
98925 25611
31143 33332
74228 62069
55260 67552
30702 54857
99245 18026
37550 56573
81787 53890
52118 5753
3896 48156
5592 42035
33405 10770
21508 80948
72737 55
27186 27499
24886 56389
9856 46930
72840 71397
61582 19499
92979 66297
66957 79971
37827 80584
72927 14068
52837 63554
48730 47989
12169 99602
89891 99460
32959 38823
28558 60639
98073 23946
53728 55940
69595 21079
41637 55620
11486 15206
91641 98200
92872 70329
9588 44765
6719 90771
7876 53304
54333 66901
29890 46174
52983 40160
92602 89997
11925 48708
59454 58193
2628 51709
54164 53989
14958 25989
20721 51019
58723 88329
49854 18405
34480 14321
80982 45264
63192 60101
12663 54771
90599 13448
93704 51648
95763 92136
59926 15954
53100 34231
97745 7350
37081 96838
48124 61689
87646 58691
7193 58636
61618 20321
34889 99228
36288 97243
96136 39065
30477 14214
44437 47380
3397 85387
89558 66025
89344 2323
93174 88912
12437 58723
9351 1696
92509 67427
29625 47311
81505 47504
83943 13674
91984 43327
81079 54019
5389 163
35236 50878
73686 15141
27416 60185
55668 90024
49606 73028
11011 42044
73681 79230
96319 44650
82721 19237
37245 99295
53657 44792
78869 79506
68134 8720
65048 82412
7972 41217
80343 28162
16443 85328
54406 35905
88826 29849
84755 70275
7805 3781
75023 19142
22751 51606
4850 25847
16787 59677
14754 13376
33424 36767
18634 92668
4387 33376
86217 49798
73761 24088
33702 81775
91424 75642
43246 82011
33926 45389
64347 25938
77232 78892
67902 86023
54465 77794
15705 90668
68973 98670
39339 5106
66686 94263
31107 24328
88070 95830
52013 87409
40834 10464
73653 10533
56353 66989
67817 28367
13359 58775
95245 23785
42498 15306
9371 86685
580 49296
95262 36052
15530 65686
85617 62955
41266 64354
79769 31138
10871 91744
1868 92722
82139 46692
2577 47011
21131 46743
74323 19794
38294 90697
81978 27231
13988 93813
81952 2786
49195 35142
4680 19066
31567 8374
67946 66328
94464 8164
6190 93210
58906 48038
41867 8836
99567 95259
61441 39444
30613 51274
32638 62822
50859 33493
52128 17034
47368 90862
65901 86707
91058 26201
63562 1917
29149 13174
50308 90620
17082 9380
81550 15473
62073 49037
72256 64026
17929 81441
15564 98535
48899 31754
43231 55085
23647 3086
82130 16120
38902 32087
74437 79896
83656 24931
59537 35838
12384 96652
50019 79865
75811 85052
50956 15215
56096 92831
49324 66255
87323 70841
31269 35686
6867 6996
12451 9891
77696 31593
68650 2829
48520 26141
2268 9122
50126 63082
3110 37498
79519 14097
77543 98243
76255 55793
86133 41100
40434 2658
55105 95578
79006 65598
11718 77888
61198 90090
69132 60238
39421 68723
99195 78690
49944 13489
99463 30116
82663 68689
9225 26203
72333 30145
63268 72416
12074 99767
98383 3194
63279 67931
23718 98355
87150 66566
48121 17786
15862 34740
20545 81317
83987 16877
556 3587
42458 88755
5052 88298
78934 44802
67788 63325
83182 39382
7197 31234
50976 51867
9465 61236
33488 25819
11549 90868
88167 60021
72237 71328
35407 15672
28692 51430
68723 56724
23542 67849
35758 9053
88135 35219
92442 24247
20602 8882
98891 55355
94982 79805
31952 55829
28390 54719
9297 17981
72350 61891
56039 70400
72729 60700
78019 91180
89428 47413
35055 52928
95716 14317
96854 99490
90883 65218
52168 67297
56207 61688
76380 86645
37005 79597
25203 4064
85781 87201
82173 88488
51217 75250
63831 95600
35364 54887
66072 56556
51229 19222
74863 27933
59047 15563
21028 17055
73606 6403
82544 4771
19004 74598
83361 24157
23118 99620
64350 58060
10271 51583
5298 72028
37274 91264
92249 86461
87403 53854
65617 85765
60671 85092
43812 29688
66547 6960
84536 10879
4150 72735
24364 6696
8012 4049
70047 81143
19107 37082
22371 77484
48613 6741
19873 58018
73480 42960
8826 83158
33626 298
25893 65993
73695 36892
46007 70954
56268 30945
34472 1636
1732 22704
71407 89579
1180 93909
74208 25676
71058 32759
60472 54458
47784 8780
51284 6680
81882 15318
41653 97882
61326 30889
18008 33992
6963 96837
43546 27337
64541 3443
22613 154
52106 48713
50157 26155
49995 17882
29028 84196
92715 51259
11473 45863
25481 4234
1410 51650
65435 49999
68344 88797
160 41408
25638 9986
56052 20348
56826 48010
32404 5346
9549 41143
98347 96492
25732 29657
32036 887
81780 88579
98022 3768
40492 4784
44804 65833
49015 77606
10400 11870
31654 96329
14500 75803
27253 744
47818 75432
59871 53837
11541 84431
41205 56637
90961 98490
91912 11631
1853 43728
38472 74985
50551 79831
65528 63692
74519 99916
79071 22123
58649 75990
55435 96760
27980 27760
28604 50152
93992 72826
41107 53755
21505 94841
16274 82699
63254 66799
41415 48987
77880 13906
37102 80559
4633 43386
4877 32157
48541 80481
79398 20134
95779 53471
89686 37589
25747 10806
10054 2070
29869 33796
58742 42656
69437 60321
77745 56717
98190 78052
83292 458
85663 73307
22620 25540
55950 98432
60980 83350
58931 63355
49469 94965
70625 59206
41878 27088
21362 75900
34784 43812
10640 63828
75128 66975
25034 49679
50060 94028
98013 62207
684 46114
69838 40277
91227 50874
16011 56916
69846 37080
53434 57409
8814 6730
98759 77599
68928 29031
78193 39845
47061 49599
92479 76225
84431 2704
56065 72789
58043 5873
56516 91401
89366 50280
67557 61282
90444 52048
30976 56563
18130 59156
23427 17643
9586 89573
84466 62917
2230 25859
26619 42988
2060 63090
46851 92503
98332 2539
63279 17953
79704 92970
31568 24287
90995 96468
23623 5208
97142 18304
45086 26765
14691 92171
63553 85059
28287 89259
65846 97633
11848 48097
26124 66718
9063 18147
86210 1739
57693 23321
34755 15853
96192 70056
50918 90699
949 95287
88524 18916
38599 87009
58194 74130
47916 9514
5531 42001
2494 98367
77249 54452
87604 89365
43670 50337
93655 78481
20866 71190
43223 60840
65119 79935
81848 67459
9204 99510
94896 87284
24195 66872
28002 90108
42052 52000
54877 70096
98853 86781
85105 75091
64678 10413
17914 84608
92817 33467
20629 72756
28738 2344
47847 24038
85604 34686
26032 19926
72792 40955
75286 72024
22835 29440
67273 24178
22454 8823
88184 40384
73439 87789
50251 23151
45509 91493
25847 43266
71577 84695
21189 58667
1031 57509
22454 21562
19919 6589
89471 26568
99410 26519
17921 29031
55947 44173
30453 88227
37911 26442
7421 7484
46592 2492
49686 19501
35453 30904
96456 99750
17905 32736
63544 49675
25222 46739
52024 65226
90462 47740
15430 6892
52543 6465
46166 65755
10705 1159
59940 38734
46118 53880
42886 9912
7464 75413
56952 66230
92222 19864
32918 23353
47341 27776
92685 5734
86614 81342
53699 85500
67861 63960
68743 23409
13593 21278
45401 90367
67856 91771
18603 9142
51760 31275
48234 89049
82190 41178
66287 90364
35388 11389
62020 88508
1374 54452
80427 74667
86305 62991
39818 9303
92652 25215
12037 74898
73023 61427
29564 87876
52662 57701
45060 9347
30848 29514
2424 36079
73410 24865
1442 20855
14496 22434
22783 3916
54132 77317
55577 32924
93606 31503
47223 87615
17906 50684
21256 15322
22748 83035
63043 33211
90226 78620
7779 19368
54131 56687
53088 50924
70036 95228
94050 23334
16138 53007
70931 95647
76517 81922
50263 72947
78228 58007
12148 46764
99997 67830
47649 11202
59115 59509
68655 80576
61332 39848
51695 50483
30253 24649
91346 97930
23860 94348
66886 88242
1160 13783
99314 57511
15010 31664
86838 37214
5176 33376
67253 71252
14682 24962
40860 4749
64202 44882
22354 11032
34614 51220
98764 58975
97396 80540
71554 91007
75024 6406
29177 50059
13791 61715
23991 86773
88272 42594
26104 69968
95416 33469
29065 43724
1403 85460
62443 70674
37099 97515
66534 97193
93602 63095
69533 80805
69488 57521
43625 43523
24679 14804
68303 98941
74302 80402
51408 89610
85375 47828
52682 87888
90317 94678
69985 73660
54197 53592
61743 44197
48912 89514
70738 19501
59447 37169
98387 64432
40571 65577
18261 97269
59578 67610
60520 15302
36975 45576
49406 52490
47799 70931
8921 91554
4982 12011
5831 42401
39047 4181
95296 18087
36405 17545
72040 89410
51006 64472
80652 28317
77470 44086
1182 95605
68944 54823
8562 45301
74533 49695
377 18843
86882 31786
67782 14687
45750 4726
48668 27515
12163 75171
93672 97701
95015 82814
73220 68534
11866 98161
9845 74094
2776 13433
28884 91851
81031 17317
64660 84165
14033 77428
82832 43456
78013 83792
33715 57927
45930 35860
50212 87530
33606 35399
65590 92543
2945 48338
61007 38696
32371 2041
63108 58800
27608 4042
33473 84565
89167 69166
77058 93799
79038 73704
13639 59955
75861 18649
86249 94515
94495 40229
81770 46213
76787 26555
9648 88022
57214 69765
49408 43656
87176 8167
12221 44983
10336 62933
13613 62846
62384 12371
28401 53985
88199 31666
32932 25697
20108 94280
13389 98232
94757 31213
20030 70468
12779 98537
77107 53046
4125 28544
14689 29611
13717 62500
75125 52439
11516 23743
73549 54486
99461 83263
16169 80083
37698 45283
80980 86017
62973 89924
73750 618
36756 81566
2730 39737
46064 20884
90709 16808
92580 64788
82780 56354
49709 71546
89184 10615
359 15626
69738 46350
87767 36801
96189 17280
44175 39729
64954 31469
46097 30878
57102 76906
46172 52166
52979 57804
88650 66319
30725 42697
56433 25085
51038 27176
32463 11935
32045 51800
79435 93911
80263 82359
38494 4968
24527 76376
30039 98339
46125 82383
59628 52098
64625 19168
41994 47464
57042 25862
56342 44088
23315 35302
31349 98109
81970 27616
88004 50271
33683 96105
64910 37363
11641 70127
95266 98168
64038 94126
73316 56977
12179 2277
83610 68608
96964 85010
80444 85656
80018 11175
2837 22783
91966 74120
36577 73000
88629 34241
90953 90511
50145 68760
58783 78751
37587 4968
67455 4588
837 23148
93413 39422
54826 89415
31171 16219
11108 30921
23398 94595
40598 92126
1783 78467
40398 74175
9199 48733
55071 54161
73078 97271
5445 10618
82207 68744
59849 32433
67586 16321
38682 34257
17577 11919
95702 32866
1607 51358
45925 58606
75784 76354
35502 78051
10568 89365
57180 20069
78964 70800
94967 92809
11203 76483
40872 62317
33589 85128
90556 8276
67873 85301
42693 61461
70167 28328
61571 23893
73462 9941
93489 97957
2930 79176
37822 36782
42343 95555
18953 49330
22096 51016
40671 59625
80927 25464
66033 81608
45654 76931
99836 90353
63866 94586
55576 90213
20552 27361
45198 57751
9492 3681
66876 22542
32734 71741
85546 17150
51440 93977
3161 72324
44084 81117
1968 52616
9982 75488
59157 31117
24914 79887
61565 17032
43368 87045
2407 64581
94104 57181
81475 34455
14643 38744
83270 20339
37568 93844
80124 76740
6919 5119
8825 20010
85686 8877
96893 81787
39898 7364
29220 60164
4354 37112
40117 44920
55035 63397
89834 91380
19396 13962
26376 44726
36625 2188
66580 35422
45760 18702
60835 55051
78888 97000
12382 11155
50684 84360
35863 52216
50240 3609
44716 49660
23418 26013
71101 36801
47814 33538
10056 61257
65739 46515
65409 17775
70192 35553
74637 28940
1160 15110
30057 92052
47674 40015
38689 83708
76205 96325
270 42389
1747 70665
40996 24622
42465 91368
33273 27807
44176 38783
45930 38121
37175 17540
85119 27242
12717 62967
7989 95984
11262 18731
76552 96265
14719 84510
29527 69914
52738 49665
73701 45742
28266 15730
23568 50500
19928 84959
66610 63218
12033 29363
81500 38686
99614 28302
34151 61367
53119 67228
4783 18787
98412 59672
13380 82545
76393 74884
25466 93337
9277 54610
56293 96096
20733 76783
48191 3180
76050 26427
42305 4755
61916 94573
27413 90592
54043 82837
94136 88887
43109 85275
43877 877
78327 78313
24229 30396
67042 85160
19397 95465
65324 85618
57364 38195
32434 67595
4529 82903
43242 74626
74681 31108
19198 23330
32048 3126
92105 76128
32960 28532
53143 1232
85573 55114
37611 27389
8368 19867
40279 97308
32637 36753
94926 22642
98520 23722
70551 61363
81207 70848
43699 49203
71829 79184
15870 65998
92121 81
47511 91571
86051 38664
9263 21007
79102 36166
55626 54735
15098 13402
47124 78560
70309 793
66194 52971
44476 96653
15928 10422
83894 4834
35907 40430
30194 27577
