73231 79596
58993 8296
81624 98910
84346 23974
70745 41490
77987 61292
47677 9495
68307 64412
13597 64523
90571 43362
32741 84362
60300 68669
99879 17086
9450 40653
12200 42042
77931 50749
30149 28348
70757 15034
731 92347
67993 85678
69310 12553
42094 76583
62145 50460
67896 4578
25241 48531
3772 70217
56075 92525
82893 54499
36612 64278
28060 50521
32013 39103
61703 1921
99729 8139
19054 82867
27726 72367
70761 52105
88545 84427
25743 13071
76033 990
503 74017
51284 57938
83706 94239
56826 44929
17096 6278
30910 67082
73906 12577
57820 89821
46041 94423
89416 85541
47958 33267
33243 46920
14410 65315
56866 94911
31908 75561
95431 89671
54847 48393
71985 50867
63857 7425
76920 66739
44778 16857
9712 80962
42309 45531
6936 51299
72412 86857
99332 13569
58093 23144
64025 96312
64724 89364
74364 11749
53333 95071
5985 32761
58805 74217
4383 64762
86986 60583
20248 68104
48287 53782
61686 25424
38652 36921
97432 91751
74494 80914
67706 72651
99251 40870
34915 24251
2098 84155
6164 27087
29498 85835
27234 57626
10882 40663
3479 2615
50499 5462
11819 24972
79238 98975
82987 50016
9623 14288
13685 11525
17035 75608
96432 45124
26260 97033
63410 57245
419 92547
68275 67043
16573 81193
46767 22012
41926 63117
56287 57540
43491 18659
25507 90599
5978 74948
73988 63407
49695 21117
6444 37246
19115 31071
51604 11796
33046 15500
78819 65830
38643 46402
37102 67862
81972 20908
94162 43612
62891 62967
4746 31273
33586 17170
34691 60588
84707 16354
34130 66130
77997 92143
73347 82221
43896 25290
2021 57845
46394 2765
38300 32329
38389 83190
58481 38077
16576 10772
9289 56296
71342 46194
18849 80164
89709 80759
38177 90402
32709 36072
98563 20963
70099 36700
18012 83782
14703 26245
33822 93867
42250 27408
40390 66217
72582 41752
67084 54808
25467 62358
60828 38670
17005 93129
14726 97616
45378 68433
23379 56083
94479 56131
39530 44731
82142 82791
29816 34369
65850 83477
5899 76097
68901 55805
51611 91745
33805 84901
87535 50846
66366 63389
30974 35832
19135 82207
38916 87936
65283 22041
11074 76942
36706 22420
79218 31188
45393 98173
76978 66989
62310 96029
28366 969
72393 46769
2427 16322
28697 15611
74850 62179
24599 55614
33128 99266
34659 432
36565 85730
30969 2684
51646 31605
65728 8478
54283 28036
64362 36225
19208 37811
55619 80525
75394 32960
6457 17712
56713 13609
80038 67861
96764 89101
329 35613
63942 72251
31958 10750
72933 55832
19153 32161
39634 37709
10000 79334
94411 72036
35114 72614
51182 58696
23516 89472
89283 45231
54308 18080
36672 32213
24843 92430
73685 45276
63893 93744
27927 59352
62956 36226
67841 43341
78568 15938
96028 28139
76426 78186
63110 42279
96074 70090
75504 79301
54647 21321
29792 48632
93098 88507
40758 3309
68581 66106
64436 55463
26504 61317
4172 80723
80876 92079
62142 74363
88728 72478
28446 20131
32812 92335
15232 8829
17275 60213
64235 74800
83011 34975
79779 22952
64541 68298
94016 30581
73900 72728
97002 12897
24741 27585
73470 13226
91705 1054
85748 30493
21509 13239
73713 84800
41521 94025
64314 95183
11901 54468
43948 99753
19555 92549
96051 93731
69781 51551
66627 54578
25227 30545
66214 946
86872 62226
40038 787
41434 82666
89867 62420
81919 43911
66647 59488
36839 15221
93070 79395
9996 30043
20264 14894
40590 47510
26055 470
86193 43121
29016 15843
49792 5609
44799 33953
26445 35054
40984 89864
39703 56538
5644 33165
32693 15005
39965 97655
5423 83264
10858 11519
8784 25954
35883 11945
10307 95825
5438 2823
36266 23779
36714 49898
28184 63277
76774 3507
5609 32735
29862 61473
27605 26289
31604 16389
96162 10819
63481 34798
64048 78839
60845 65655
90038 92395
61358 72277
26797 4651
92544 63625
89588 13124
78751 8894
17792 76264
93137 61978
82625 26523
91585 73420
22667 54296
69223 54475
74043 71649
49820 78234
57867 94895
50887 81417
23512 36297
64164 86867
56623 4498
70535 68819
30732 86206
95495 47960
41600 8104
97439 60186
34225 1405
5243 48748
63302 36306
40591 10086
58667 26251
58143 71555
19874 32570
15977 69484
32296 86004
54502 53862
33806 62693
40135 84457
70497 55958
84492 88407
48631 89736
95617 88965
92527 1197
86913 21970
5625 79758
99486 78734
10456 61409
45255 89469
42016 64040
31800 48312
41233 62144
3385 77706
17689 44106
17647 27800
59027 17422
86961 83083
57532 40499
54620 24448
7685 41504
41316 7562
49272 92116
53964 11589
13118 22510
15394 28421
95406 67902
9494 15823
73933 17362
12281 99687
87834 35604
14736 4412
78318 63569
38314 79085
53766 66238
284 17662
68226 61755
93053 34908
99467 83955
33573 49361
9771 13415
81578 67154
72507 35395
86851 79441
22209 29843
94183 39404
64507 98599
94846 72492
66197 42465
13637 51785
19424 13945
3101 8562
85045 6690
10217 94617
19266 79151
18465 68112
98610 4297
15792 3997
89327 27805
63380 96032
54814 45917
19952 25423
93919 91148
29012 35008
97101 54416
49512 89738
96652 13433
67845 72529
46134 60290
37107 91313
86025 39786
33363 47426
27054 85263
93162 63017
43232 38852
82798 67539
6987 61197
55676 92340
59469 41867
90362 38084
5914 99822
19629 75819
31165 55776
87133 23175
36870 11893
37574 38737
15192 57682
94561 83575
98058 77569
32317 86584
12132 20833
2351 33090
571 71861
63398 13859
29067 36315
12136 59573
9453 91094
37184 11548
37789 57735
86508 67516
77813 44516
33835 8214
17260 49328
79822 26447
61606 20804
46220 38975
36040 16338
84366 37241
14694 60321
480 63774
41432 11002
44966 86510
74576 24621
82400 34566
81899 86864
91961 43148
22095 96649
10079 11703
11645 49388
84765 86430
14780 42518
63679 63311
17802 85949
58707 96936
97164 9497
38406 620
38264 90809
58971 88498
308 55801
86799 31620
30028 98877
84059 27048
48585 67816
72987 5635
20629 59441
97927 32390
76527 88901
73360 24301
79733 93985
60190 52285
92888 75673
89 76542
89902 71033
38982 46993
76511 59843
13901 4328
86491 81398
76711 35786
93625 9635
25155 48562
16028 44562
1736 33982
73714 97373
97937 25280
51694 37811
22243 26345
79847 67525
99762 70847
60834 94562
32136 94360
17433 41881
68464 16466
74145 3485
83106 69161
56349 98732
58160 46235
4711 48508
59878 53403
88528 69878
72911 55572
55940 85740
65364 16956
30953 7056
7740 88556
93538 39654
79212 85883
24202 84811
70501 94380
25846 76203
72761 51252
295 49731
9781 12923
43441 65657
24162 57893
11509 4532
96867 89236
45442 79981
78241 77710
63067 64755
31208 53780
34430 89369
14049 40718
52825 22660
56101 3418
94217 42229
62261 41026
54352 4812
7965 30718
46907 60222
86556 47278
45663 62473
90447 91839
75271 80138
61276 7038
18300 19611
50167 55022
23184 66632
88768 71333
85711 53726
12191 9258
40247 83134
29517 51038
17107 84118
69110 54811
73733 18654
60536 13487
7151 55778
20705 74973
75423 92949
20580 39394
2967 56200
97581 98987
68051 22990
41633 61793
13959 37704
9797 31886
2901 37849
30861 15414
94416 74268
71370 31520
3540 506
72304 26595
5464 78914
33063 83592
92775 19944
50929 61080
17506 69421
46718 47286
83455 84691
19418 72809
18133 30888
86273 12576
33856 83142
61671 5679
39762 28851
93720 65387
88140 83928
20659 78227
94448 47343
71162 6293
1804 2571
52545 38510
44644 86139
10176 15275
1187 11761
73752 2491
77739 29306
90228 75040
67163 75983
16708 7070
14917 86207
32984 22048
81349 34998
53901 12524
50443 92039
73093 26781
48447 25388
14475 40306
74965 26317
95088 73270
8626 54894
21072 54871
58978 66780
54166 85173
75445 63111
99171 716
34376 4890
42044 22390
38219 1788
93059 28067
20153 16806
29850 88273
137 68916
10705 10851
28319 60113
38035 7918
68693 8774
46778 98235
47530 20417
92554 32100
8659 1369
3909 78209
84237 94898
71018 69448
31637 36138
66867 64080
69784 20559
37148 78539
75622 51125
25926 34544
11061 14910
99237 11266
25761 67643
31351 48392
9760 64909
47595 59198
48341 92691
72734 52092
91707 61926
94070 99993
12669 17448
77121 67814
84486 85114
48420 94818
37992 3938
75317 94566
47757 68441
40500 90135
6545 95504
96624 82643
12713 78517
92471 59770
90513 19072
25898 1694
48649 10510
76240 17751
27675 29369
92638 220
50210 18828
53125 4964
69590 45729
44593 41447
25702 17035
50939 84839
29429 9789
28051 17072
78576 14535
33017 47170
76301 47240
67088 8483
61373 28831
3281 70634
34495 50208
99465 78492
87188 46426
58831 77177
40240 47838
54029 65499
1858 75934
68954 93172
18015 36101
61634 29935
20944 57051
89598 17049
92372 61503
43525 54711
53976 10770
92257 1219
37767 43046
81451 59264
67999 38048
27301 47178
47071 97618
68569 29564
96006 84937
10169 73674
97698 32046
89186 29314
85337 85136
58896 4833
62385 68023
37810 15910
93301 82304
19142 37051
70919 66202
57282 11220
97099 69591
57791 4840
52884 84835
15818 76006
9443 86098
2920 60
78332 6613
80491 72097
94404 72488
38800 88448
60829 3033
25364 17277
6476 97719
84629 56338
5285 41887
31778 33582
17718 17204
55653 8835
94881 3849
18090 73195
81531 38593
60610 41303
46596 61652
86608 44851
53793 93147
19450 22125
3901 62304
48310 23065
119 55173
43873 92314
18296 69696
65811 70921
49720 53132
36413 89216
30877 23732
79139 48039
15916 4249
32790 20478
72509 24317
66585 99591
68041 4982
65822 30175
88680 73709
88352 21534
83052 58741
88619 87711
62082 61931
48505 48052
93466 18411
79483 33927
24766 40087
40514 52638
29573 71212
14996 98378
86393 49473
16224 71767
72854 33738
66050 14952
2497 91909
54037 9944
26949 18368
3970 16571
75110 18283
86337 23007
84339 9159
73678 10393
7651 6309
25813 48671
46329 32025
99002 65474
60447 27639
62060 65831
59939 9763
71595 6100
86819 87628
65106 69086
91904 32199
11968 37768
8262 21222
49809 32905
6786 5270
56100 13804
21815 53082
26823 70058
35810 10729
88835 95906
45620 64614
66274 88511
38975 61742
13669 11177
98098 56407
32717 92799
861 8797
68475 629
17107 69065
19031 61713
27879 2589
96989 25097
53537 90471
69505 84199
86151 12885
7965 22698
37013 16914
66240 88599
51619 7922
46703 69193
95495 66921
42850 84201
50564 95939
67285 31053
3422 76263
57620 56055
14939 12445
15159 4093
35344 29126
31167 22850
29348 38688
72622 14143
46937 19958
85091 70296
81324 68440
90728 80358
19703 80620
96291 1284
20071 46573
16052 44240
98928 83746
36214 13725
74138 36035
1823 98847
17424 70274
64970 44133
39609 79553
43196 49505
35345 2128
85618 17296
832 32493
27681 31600
79794 46826
79869 3361
36016 23393
63043 50458
832 21736
99434 19056
19958 63287
15377 66705
18886 97798
25171 21582
98194 3174
13129 64753
99234 99098
68848 82927
59404 60527
88092 54572
63573 30105
67498 82074
61632 42647
28115 50451
68608 40326
17373 32751
1978 84808
70048 65543
99892 17523
6137 20089
9128 71151
50151 43319
65400 8347
47367 51810
56784 99097
6530 89199
53536 99948
64261 96044
14090 35025
31289 55223
57859 63406
12882 12986
14946 18444
29426 2066
81195 39097
12330 77477
53184 66701
61022 99561
2889 81773
89746 85212
71 94568
71671 14278
44406 88837
71521 67542
747 65019
63094 10639
4468 7039
5488 11274
95898 3963
19828 77863
26990 66342
43385 70525
91754 86939
47454 41215
70100 17428
72576 2063
63103 44248
71379 85052
23544 31644
69335 35973
75057 26535
76260 21750
93341 89914
12503 9980
18786 79124
99470 54610
71456 96443
14426 24613
71777 82065
83294 95234
6048 95262
84062 63128
4008 61022
54093 44689
81685 61668
87153 97440
46051 91979
27136 46094
12114 55391
44133 4497
82038 42426
14236 3054
6274 22973
68120 35409
43617 4025
56765 36797
1329 47490
86993 87453
77779 21257
88711 89711
66708 41037
38062 69462
75352 25569
73085 93208
23463 78937
16211 69014
14384 41401
50163 40367
72874 54430
70533 11928
57123 99447
3195 45187
36171 30504
3526 4836
80998 26069
98820 57089
86694 99116
93288 58912
98288 333
34671 7775
54698 26179
5556 8625
42491 94763
21143 59199
8157 52766
37110 9850
76600 57358
45933 36778
24284 82328
68510 40887
26905 71424
90059 93144
32146 8049
84658 95567
78693 6557
95446 69562
25573 74313
1582 79752
20351 70992
53992 42587
92060 10494
60286 59885
81337 49394
26432 97205
84366 59984
21913 49034
2178 76340
18787 52538
59916 27135
81440 30069
31840 42379
49726 23364
85758 64756
72622 34144
92886 99305
46084 37246
40 87997
65609 75695
25185 90291
1972 23096
4170 76403
47180 61533
11957 60033
39852 93830
48062 46814
33968 28870
31150 60384
14550 50841
29038 28213
7771 11718
33598 2782
46750 1936
2446 41361
251 80654
75253 42617
59614 7702
405 4373
2558 61944
98342 51579
54458 63266
32057 53345
63899 33381
7577 60915
18015 1499
20402 95900
84428 41816
60402 17119
45594 9207
83690 96037
76968 57186
15157 41913
13029 54031
24838 78930
35870 24707
32766 57438
43397 55915
31627 85164
34999 62052
86085 22468
1883 98809
80436 14257
47192 38156
84364 94484
13114 47968
7360 26076
57393 18085
12914 83639
63291 26973
50768 1291
94668 79224
30667 55725
26019 11579
13634 15149
39995 17287
53582 85662
78655 30556
21654 48716
54712 3616
22204 94944
21271 59724
84117 64971
54456 78409
34407 52683
55359 28585
74694 81032
52622 81342
68293 40548
28246 45906
94470 56518
35405 92067
47401 39911
23589 37168
92669 60021
79188 99599
52762 91324
85690 23067
24417 65451
31172 4732
10198 12224
55221 78884
93002 59619
45209 14881
66108 38199
7103 93765
71401 65531
50270 62651
28504 24980
1804 83843
36756 41277
34002 37206
54343 65602
59236 50281
53236 28261
6701 52580
88001 24818
37529 92120
41523 24362
3476 2479
98871 92447
44708 58526
15405 90130
26511 11712
51247 6854
62803 65753
31186 99131
74476 177
50852 6569
14264 46203
29961 77914
56392 99039
11926 14445
21811 18572
7900 35933
81446 1928
47362 26466
36551 55479
77399 70921
9144 4907
12451 2096
84317 87833
72093 85041
8893 12513
93563 69949
45088 67047
70881 36824
8642 27047
98704 97885
69187 22001
44580 14070
87008 47573
13255 59313
66044 20936
19988 27884
60708 94353
83243 51829
57672 88232
3583 7960
9609 53802
8392 94519
52239 78687
7027 74104
23716 84269
2632 63215
53369 90176
68941 89102
22618 39473
42618 29109
81735 75742
64351 52921
45911 82577
29051 55531
5580 10575
98798 74220
98482 19969
24028 63205
13093 7095
30057 63625
2258 73897
36569 92838
89699 72867
17115 33467
25569 25608
15705 45423
47617 23017
65127 20930
20648 49678
41197 62036
1664 27773
75930 43498
21727 35530
91002 34150
66991 15132
21260 6335
48938 90862
93746 13822
13681 61639
68572 86582
82401 76360
58819 18348
13394 61242
70187 86813
72390 3479
45882 96550
97493 80843
79206 1558
14604 75126
19989 70198
47770 89571
97736 84482
90398 97751
46400 21518
29680 7562
59695 50885
32256 63489
45544 59813
62741 30439
91276 9476
66770 44127
62538 43392
36254 94690
92124 66105
64837 46479
14298 1141
68126 78443
60707 36014
63205 63551
41199 50043
2638 50003
37036 83124
68484 36237
7344 97913
17462 70852
21775 55531
37207 69559
15026 33961
31774 41673
7011 49114
69127 14623
22875 29579
39068 8053
6327 49172
9712 69355
15820 27869
88293 72622
44830 93751
67484 44356
51673 8423
31777 53389
49353 56382
31664 26667
49654 1354
14305 88039
41550 53813
5882 58000
8778 45203
38082 82957
9972 94904
37970 48544
68361 1275
1865 99330
972 50896
47772 39807
8149 65147
43428 71502
25560 50251
10969 59475
37181 21587
70889 57649
73977 17752
64280 31351
75087 11733
39865 57733
14012 14665
72708 14454
99512 87892
24254 18872
56620 61419
59513 64160
19862 32866
30221 18960
67147 28853
94152 72551
21118 86743
284 22414
45910 5130
23335 82601
35120 96786
89348 26199
93386 25541
64190 25534
82332 91373
14920 64014
61405 78929
41803 64201
77303 55705
22630 84807
33542 43479
19750 35236
10184 72380
22717 26845
28772 52917
29615 90489
19215 34761
71492 30918
77165 30779
29487 8024
18231 74788
12646 68390
35969 26380
38299 27977
23104 9174
98614 57274
61795 90002
99034 39811
25570 70118
66661 27394
5829 65913
78706 88629
10097 59567
98046 37917
34084 23852
15901 28514
16278 23476
31641 15519
81129 1387
28376 82385
99502 49251
84211 72923
24832 57670
11201 59418
9463 60200
56597 69249
87260 63974
84401 5334
31377 22308
55944 9789
53103 41743
81862 64762
9975 74892
52433 35946
41653 31148
84406 64065
61796 5729
62530 63353
43294 40007
24293 67451
98736 3152
76782 22874
20254 98050
64922 60154
49606 8415
92537 62610
22059 34632
97473 11864
56719 13332
17315 20139
78523 7225
9698 9499
16567 32134
60124 5620
64308 37646
53670 87745
52478 67318
84386 92889
36047 23521
62264 30021
49363 24450
22685 54319
9906 65387
70850 95547
21105 47955
45138 59707
69566 99663
45468 84400
51647 65271
73688 43552
92572 5837
38897 30141
94016 92731
17600 36374
70203 48249
26638 28369
3565 60468
80601 76320
39226 16335
42366 6423
80001 58956
94550 5571
31112 18487
87493 49672
57469 8558
36462 76925
71062 63889
37873 98670
93984 56250
99188 63025
67985 46496
88249 78933
81533 24246
52836 55965
94465 95282
86650 62002
85007 1702
53432 42469
96886 48864
1995 90875
5520 88843
53503 16247
59579 46219
11504 34790
97827 89410
9236 20911
22905 51539
15036 91181
81958 17225
57075 94437
74823 15300
51794 38620
15708 18570
44444 81239
97504 91134
77836 93633
26691 5119
16305 48135
84905 45694
85120 18891
47997 10277
50844 81888
52988 83059
34534 73935
53467 75881
76083 85264
31200 1364
32583 24723
16374 29920
915 52172
94140 85897
57627 32333
60139 52759
98049 90946
90277 98918
33464 99388
62292 53165
71783 32939
28330 3336
8446 14672
59676 55679
42654 86008
56277 28958
51729 32117
43366 89089
24977 61176
16643 51514
51261 32067
21112 82796
83565 15294
66547 92894
93024 22989
87543 90142
79674 66963
42352 70258
99295 98999
95326 19418
62743 20627
62684 94342
4327 22295
24706 33864
21053 6059
95298 41178
90860 54544
31308 53326
76287 43334
98061 46413
71669 7509
43325 26614
47171 67139
81701 89656
78115 38342
55347 56653
17376 46
89667 8688
76928 8638
26821 30883
11371 31400
70320 67480
34530 73001
8034 98216
6727 33760
96057 83418
66848 31169
16512 22372
37430 89229
44194 3725
22551 79291
72021 60862
93170 79827
63757 62385
60298 26620
28916 26287
50955 20754
92760 15738
65962 50336
48027 45971
18756 72189
14811 39089
80729 80682
22297 10498
74579 30346
30555 60052
48341 29912
71272 96711
26351 55690
70619 62317
2542 73749
99921 42094
17022 52104
11697 5467
45640 55373
15100 26681
33292 39722
47130 39309
70934 67511
84198 4964
32795 56469
3146 90419
77760 39767
9563 48295
6721 97283
74856 91364
50851 91004
56775 17696
93449 8659
40635 63215
77461 92337
12343 57764
91882 19898
27553 97744
55983 30466
3301 55603
63186 16471
27576 37737
42280 23595
80459 44628
99448 28180
97090 67810
50769 43168
82520 39219
28455 40580
785 84337
67741 49475
29866 14344
24364 38766
712 20651
55477 42408
94146 68495
8584 3356
11202 1584
17909 9230
88575 36242
68561 81341
78455 86244
98126 66796
28206 32863
66 84933
52843 7365
42083 32509
82651 13727
46987 47954
25498 10090
72642 80605
84814 30950
70838 67342
71857 75156
8473 66430
37211 58332
62487 73281
77874 30123
27538 96735
6202 70041
73049 61630
53401 30146
69163 96792
69408 77659
93937 61252
21938 608
87325 30337
68947 22316
14811 18960
92512 67794
41208 88722
51777 63034
14107 3734
87193 99988
95416 88685
94830 88802
60160 96493
97183 20568
46672 24432
90539 49096
94541 60654
31317 18112
41038 62958
41053 79049
85611 64631
57569 5470
30165 1480
82254 57737
4844 99566
74776 32346
71399 18796
92776 61939
24980 83113
46655 82888
57692 6518
80956 31843
67323 6593
36542 68073
30676 87723
41229 46863
2318 20867
1254 78742
93603 75169
65775 81614
81856 97810
14874 74917
7814 60199
59323 7586
98331 1936
59970 38017
87399 70710
4558 66868
32382 16128
50039 64230
99096 70048
53714 92380
92603 97231
88409 88677
72670 64235
39041 20474
61706 35962
89801 85121
18489 98903
81462 67135
96314 77758
98813 72695
80954 91327
21679 53536
33159 10927
6289 57034
6850 75560
89304 53925
60612 66634
39359 81385
60274 41758
9472 48467
8246 6882
39623 31868
34326 50450
38069 59290
31389 63379
82615 43257
32061 99798
12248 51892
40513 41557
47596 42348
39977 16569
47357 97267
76590 42713
8944 20078
38020 90393
55800 96339
27344 65134
34119 91549
83249 61722
77225 61229
86806 65944
10200 39361
94052 84440
97579 25194
50779 26192
83604 58321
91516 42566
64707 16949
78565 59353
83769 80107
8353 2851
63365 9373
23813 92663
56811 11746
19400 11420
77321 80014
41139 69427
31545 74860
71067 92853
86068 35710
33499 96023
87641 88418
78976 44206
33820 31763
59510 67282
4300 96635
15545 58103
72075 72034
24106 31475
33835 70720
35457 58494
88105 70309
27829 15550
76933 5017
47075 85885
22219 40463
60712 7224
16182 54891
93528 37682
5112 35933
21243 64407
6156 52383
50744 53433
18573 80769
87154 92314
85946 63378
82473 33237
3365 49409
5630 24715
57689 4043
91821 68467
39832 20223
88696 91315
44212 32891
13979 29948
77243 17548
44900 16977
50307 1910
47593 41814
46075 42464
44798 18133
54898 73578
50995 42270
58 65777
73707 10083
98018 34292
38376 29073
87081 66734
6759 83925
7395 99208
9269 60124
6349 88180
7350 55706
44514 74177
57160 34887
45780 987
86730 83234
45027 52954
16843 51280
68378 80258
12153 97222
13110 37741
52805 20390
13627 69676
17405 59168
38503 20638
69405 99019
78689 44091
1443 75031
81321 74808
7029 72288
74827 657
59348 14776
5601 98102
50683 83076
31961 9500
35101 63086
24770 68257
98478 3556
73003 63105
30612 32293
83828 49890
79186 76612
14747 33363
73826 16160
97456 81756
47380 80906
41264 27634
8314 77976
81391 14310
2897 16010
32673 477
33261 74985
14540 54835
38186 63607
54143 84812
9399 4611
63116 2856
52734 32388
81557 75958
14642 22164
97645 80085
14475 67217
65998 23258
88012 66678
40215 88062
72891 97242
81251 71898
78267 38215
7892 79307
89116 3585
35288 44573
88492 8540
70205 24508
97918 89045
42988 10023
18736 73308
27790 55387
99895 21748
4455 17372
9854 29135
58984 89625
12366 89898
89279 34286
65364 77902
77283 47974
88715 76916
59500 33159
81766 91474
46989 13668
54235 50506
57157 76727
38731 52948
7265 45481
23060 67099
18732 35354
34487 60549
27417 24361
39936 99323
75260 39382
18995 34593
67126 46813
37259 55205
94204 94965
19304 72766
51349 59979
3100 22664
71007 45296
71921 22083
32764 50483
41902 56354
20301 72442
48018 6766
75076 52110
61177 36262
84875 66339
59190 4794
52606 68763
52970 24623
96476 98087
29079 8084
69405 25376
58822 78348
76173 19973
99302 70071
65694 15310
31117 43922
37241 66729
54298 33299
1271 84989
67216 15757
77802 63502
76311 45378
59099 66845
53561 54377
34488 1307
20960 21265
64644 50273
78652 42166
27849 46814
96648 23727
19682 39982
69748 35852
47322 8686
47808 85057
38311 39579
45645 88139
15888 44806
54283 38489
36679 73212
5778 64719
59228 14468
10787 82768
88939 79084
36586 74106
55026 94160
2497 84250
71027 7920
68371 96151
97522 31887
37511 37608
9851 72690
15212 3922
25617 97077
56450 73654
79901 46756
61440 37406
56694 3586
5973 19804
11983 37008
58607 89763
46380 10394
21662 91137
7945 24523
91669 99149
34611 58524
13666 13828
98437 6401
69255 88319
33299 80474
50692 7610
36421 48556
27386 18580
89566 2338
80321 10531
29619 85574
59392 51662
9075 51539
42060 60342
18240 98692
54431 59040
28646 65867
65731 66280
21293 91898
20848 98265
70625 50264
65363 74691
43311 82202
73760 87456
79698 13977
78411 25924
72247 47379
13882 84386
2469 98689
23415 13141
91102 17202
89366 498
43509 62625
2438 4056
81888 87713
9158 18645
74007 67249
5802 65665
5864 73552
60417 18085
40845 55000
27881 14257
29138 35938
37873 47014
42557 31517
33838 30553
20374 58661
81613 17300
12394 46767
93792 30566
61659 78322
39162 2210
44778 63814
70420 28225
1842 23637
32472 23189
38082 5997
2009 98891
3736 72206
92778 13434
35916 87653
72037 99975
66116 99638
28791 49533
31199 45473
57970 85949
50404 61944
87314 9538
42704 10958
24476 54349
59802 75979
1931 60930
14139 4371
59642 79991
24250 41658
90321 72865
28368 73698
64619 35386
69372 30679
51540 21792
73508 5126
40368 26195
84827 28017
24504 81729
14204 40078
29275 89391
97537 14625
29032 54205
29799 64517
21305 51502
17212 46309
58775 51873
99451 72249
9965 4255
26020 67305
19451 99471
54599 20623
38676 48529
44619 9649
59803 89512
87334 44210
46092 67169
88177 722
91176 13113
12093 36905
21879 28895
6566 15352
63400 9027
18756 29047
12693 39799
42601 66068
12718 72406
74865 44161
26499 20751
18718 83602
46495 13490
50825 90591
7450 71842
44207 65939
17052 97999
64650 19295
6331 20944
79538 69262
84263 91905
39470 13244
96315 40384
4888 72979
79912 10420
91192 4880
78880 76717
4423 73814
68689 40275
36967 12532
23548 44371
15824 43830
29769 15495
76338 27871
2150 93679
69784 51658
22549 39832
66736 96405
96359 54092
3542 3572
90926 20072
68211 66056
7629 67070
53694 80961
4959 9389
17886 16287
29698 24635
42052 52266
55653 60746
40960 93306
30103 86101
35821 47350
69970 17704
44263 73259
56978 26385
29939 59660
98529 12800
15818 96985
56262 76991
87810 50531
43343 14527
76603 34507
15748 90261
41592 64177
61690 95396
8461 43399
55024 7024
57198 89125
53676 32327
17676 61286
14543 65050
79096 15206
97638 65254
64326 11809
5911 21190
61015 34955
95678 62995
86157 22176
34656 34159
83782 14151
54293 56289
96502 7194
93030 99233
82017 83661
67118 64294
72271 40258
97034 52267
29792 65025
87271 79295
29003 48171
26247 96302
21032 86856
51265 6871
83800 55548
60547 4139
7264 64710
5176 68220
61589 14641
58736 77035
69396 1124
28123 54962
4895 96181
63799 29883
579 16317
25896 50418
81803 50296
86576 81875
84495 74627
85204 34627
81154 79163
12961 2277
4922 61317
8454 67649
95500 36288
46099 85046
71593 62889
30928 73002
91356 62406
34941 72705
333 88578
88361 25163
7083 3506
2049 71218
8626 5036
78496 78923
8737 37239
69017 39146
30308 46028
14970 99596
86319 81455
36275 48775
77286 37825
94771 59272
29517 21427
48677 56147
16510 95919
82922 55986
68357 64268
61212 30789
90531 83354
23348 90759
94412 90388
94386 44724
67907 3104
61023 85681
10310 47952
46242 95045
99037 32451
176 48927
6913 64974
68462 52969
54795 74525
77471 90658
7819 77215
53245 81453
94832 46452
65785 71555
40823 47924
25760 16411
85082 40671
88676 56389
61971 2173
41730 68967
31024 86108
65772 24583
44570 42620
44728 76113
83078 87526
51140 51544
18985 82302
24781 489
40712 39316
83712 29009
58306 79872
90798 99127
59220 83262
32100 52805
13930 14475
52646 52591
6057 66139
79930 30616
39074 9088
35074 63475
91175 773
2672 10896
51109 17587
68922 70501
66691 90391
22166 80687
5436 79198
65729 72320
1260 40184
68944 95572
46394 63115
28969 24050
45666 41046
1838 4650
6915 59178
54446 24556
58716 46301
45214 2395
22184 85691
51372 95188
5393 47604
44210 60584
52049 83191
59295 18687
40044 78720
85548 65057
9961 55220
92685 40734
74287 49520
26541 17387
14165 70266
62875 54647
11981 12250
97958 51867
30501 96162
94704 73713
52554 6480
97874 80606
2132 32617
55602 55653
93717 66500
66845 5037
37105 90518
95752 89783
67046 96674
6982 25745
34379 5510
90985 17970
71983 19268
28290 90333
94405 61768
67949 39040
76375 99376
86559 73312
66259 42534
33382 20230
90445 99891
99204 12933
57219 66895
9578 30167
6331 40487
35877 6286
26887 50036
36510 28262
32735 80718
17429 12395
33000 69129
68880 77175
41796 65047
29142 89747
55374 64851
77052 59673
13170 81931
41710 68993
3049 30614
3944 23380
95127 80401
9544 83406
24774 46964
58490 15604
40647 713
43804 94233
5272 33406
33673 38457
10277 64215
55902 54846
81711 78079
30480 4133
46242 74293
49864 56128
96143 67462
52165 29057
631 30140
88200 31898
21524 88928
45479 15319
86979 12473
94582 80195
77571 66009
85326 49122
93446 35844
37988 77657
80134 370
59180 68767
46845 65359
14214 51726
95065 65838
52426 91247
82810 26957
2732 7169
97760 88011
5120 15664
40314 69999
36498 6380
64996 49600
40729 33992
54506 57393
17992 18589
28592 65067
95162 16924
30659 9898
31299 50916
27937 91312
49150 76401
4567 14002
6669 82465
11698 78658
77399 49663
75189 108
39338 62948
48986 41264
4913 29862
76524 8626
21430 16911
76841 21792
50283 5714
63729 81739
55655 27262
32171 97550
37246 81146
4536 63389
11737 52902
63233 67738
54721 59556
87319 10404
24916 60400
93005 50923
26659 65336
76305 27169
58495 69580
27263 64434
69919 54025
92293 1346
53727 7159
95561 27984
55906 14281
41845 96822
38087 57774
81499 48513
82207 54293
27174 48200
77323 86722
96774 63630
73843 49202
1901 23134
41205 50445
99042 89380
41160 82803
68131 34809
46435 11804
72099 80507
83890 63388
81144 45054
81179 22518
81684 76739
26934 30471
92555 27761
96132 5120
74888 18255
5083 38255
42763 47472
69104 79188
23204 48304
60328 8916
98241 86699
72590 3242
80829 65715
36668 32881
21782 89881
69699 14456
56971 96019
74204 19834
4677 70905
56187 9706
88076 45109
20070 14159
68310 25369
51850 15397
762 35611
52498 95797
51025 41120
87618 4044
27765 93413
51727 90715
57025 63033
27393 21569
21688 85825
38257 60417
60884 32467
96465 36785
48437 40566
92734 64486
80603 20831
61616 8232
25030 54152
27204 27702
36357 87248
48179 7153
67440 69797
7796 41931
59026 9361
1723 24090
61592 39241
68926 8383
43605 71496
54489 18260
75935 30393
58289 89654
18240 47235
18831 67321
33473 60448
95402 31040
53002 53593
18663 56397
91347 95485
43646 12894
50898 27094
16294 47925
57188 389
20447 37590
2793 99859
3252 10917
48049 12412
83969 91241
11097 34982
37915 14641
5528 56432
32256 94627
1396 87798
86249 61153
25885 83613
81166 39643
82302 20358
47346 28764
72649 45235
20723 66571
20832 56870
1992 41908
69613 23521
55832 67421
53076 91253
78897 63751
96407 50331
87740 88646
36126 38317
31931 58633
49971 53052
25485 25786
4022 45465
84544 78850
84949 62116
70891 48338
90967 79455
43841 28906
53588 1224
62057 89159
25562 4016
71983 99150
71930 51831
45093 49340
53813 24773
52933 2135
21009 72469
41867 38971
28405 20894
6066 2659
91719 68180
72133 34096
73161 82732
12801 6488
70015 99899
68650 15959
20781 96021
30197 11955
69987 68643
84520 48007
37366 80141
58396 21608
52647 59687
98256 88897
7157 9441
84314 17943
57062 83370
43769 73867
88595 48812
94028 17023
77866 82894
92522 35903
22488 31471
89071 70512
4278 43545
31622 33295
32250 68090
57287 91134
85507 35985
56318 69308
27483 86392
93889 52333
66398 30594
65436 61872
31651 89361
85721 12264
53242 25692
35246 77235
52936 88253
99551 26540
32598 62516
55441 51961
95869 49477
32682 36135
55016 35413
84127 97035
33556 76852
62199 36819
22308 46953
60713 68401
24858 77437
56691 54508
77844 56530
21721 83226
77051 72010
46617 28138
20740 25843
29354 35711
89748 72798
6771 99266
44298 79373
49938 44027
43394 29689
79721 15590
2114 46732
89343 39062
88690 98028
26002 90919
97500 72472
10875 89199
4839 70908
49111 50070
29854 60527
58688 49330
96717 70400
92345 45201
11372 71430
42992 24148
88094 31473
50625 80802
14038 40606
67849 83274
54432 47246
89323 2856
56311 57828
17934 48889
13034 13283
32258 90104
70894 67908
16929 98635
15955 80356
66259 3178
1729 84847
16664 1780
65351 68520
24904 36722
99284 5332
451 95670
18510 18531
14735 35090
28149 72537
27353 62579
75163 93095
3477 60320
70098 11208
59506 24278
57224 81008
51111 91139
87246 2907
83161 95166
93589 50989
52382 3505
4148 58436
69573 46392
29725 68148
36606 97146
48751 78110
26090 95652
48354 99335
96613 81877
2441 11864
90788 9234
70978 43943
22469 14861
44122 90317
8958 18220
31553 48247
99060 12242
29652 304
1909 39890
82001 65622
89627 46195
78930 22273
73238 85730
58510 77711
2616 36813
38791 50853
88796 41158
40041 87588
11643 47622
13313 59295
99205 88939
41814 72658
29883 14704
60375 5168
7932 75906
94406 82741
96933 57136
57273 89503
69370 94522
90812 4235
42624 1286
66500 10292
51566 40621
97124 39749
68849 5820
76354 97703
28936 11798
51166 74250
47795 24113
71844 63160
497 14173
95934 845
2453 21555
37376 8985
59638 87018
50145 96823
74550 46652
76581 1075
67261 60465
97377 19719
73503 60840
3287 78356
14669 6929
18149 54441
81959 41508
46823 61644
83887 66550
47871 71115
78113 41468
27323 99626
41096 50931
4149 31625
88947 50501
73500 6926
9673 53617
56265 40557
70702 95516
81764 29076
70705 89192
71533 81409
66868 35496
23658 35033
61016 83064
44745 65815
55171 15505
19279 31142
68156 34140
7899 68470
41830 27936
57834 88902
10321 64794
25975 27343
3366 57919
4859 91869
13346 75399
82127 90778
64379 73660
97902 80283
37116 86170
39107 62565
61434 56483
94620 81431
59102 29449
20136 15655
11103 73266
78317 70022
54873 91012
69723 74802
99440 49171
1128 48422
62655 46665
88220 30026
73773 89602
56950 32056
14758 14158
58064 91543
76047 25234
59791 35617
94005 97067
5662 16629
11349 45254
89671 32931
44560 22393
63304 7123
29150 18349
60329 57676
10798 33724
47469 41439
68246 21113
24654 55041
47251 64561
80030 20704
34359 48559
64970 4791
41392 91978
59195 75267
58364 8885
17641 26057
96316 91882
79809 3519
89813 78531
35943 26544
45505 99987
38408 90473
6670 33301
9251 15242
19781 57728
20908 83824
56789 11581
17591 45356
88734 1112
42251 64179
4567 39139
70614 30641
22199 20347
53001 82427
84540 65191
48400 58641
1426 40569
15511 9353
22065 77096
73144 16187
30610 2402
87552 32452
350 46144
5352 24120
44707 36861
45120 29707
29616 71699
25097 48604
18117 45924
44142 20463
92223 28453
60317 80701
46944 41410
13030 70014
77752 84264
47566 2998
51731 1170
39596 7068
13033 46115
11913 23595
38630 22184
29885 3945
55771 81211
84207 52020
86619 13049
84245 11919
48519 91702
5936 57071
32471 90550
52889 68858
15473 88081
45766 79079
81902 86669
55583 41095
51869 31275
60008 3226
40699 26455
82872 42623
63345 74156
87912 33006
28465 65774
22222 48419
9907 52933
26150 26182
78202 6556
98414 3366
47141 41698
82024 37724
61262 66618
61466 93104
72038 80671
89021 13977
55827 26802
73028 60917
93118 86171
89951 1515
84295 94238
15219 63492
66037 56033
73303 52404
57285 37648
50411 98047
49249 40277
651 11877
34420 17311
96286 2115
83402 57773
55485 99401
99682 7918
74012 92179
63856 46333
62556 41410
18786 65711
84328 97067
95975 6923
9171 52990
71117 89367
66035 82937
24959 83802
17506 66199
68990 38954
3061 31264
65608 68873
23354 71642
17034 17105
96562 80863
51005 18101
89820 19725
76843 34153
70418 83941
34513 29904
73507 86750
90474 17605
39110 1897
49881 49950
33392 91297
47080 48791
71074 71920
17247 39857
13724 89664
1468 13671
57042 54909
92622 32785
69520 5175
82288 78247
982 20859
34669 57842
68716 9799
19199 54838
41195 90085
25581 47534
85735 88629
46913 91723
5262 22764
20856 51644
70933 56353
86845 94028
93802 59579
21868 35034
39323 11393
68029 2861
84142 85785
23394 77636
14465 46866
66946 60225
34187 5876
96720 71784
90463 40329
19023 19118
62447 88673
78699 67311
98408 35482
32305 69415
79053 28135
86429 81601
83953 16653
82192 89027
35775 64576
40685 27254
41510 49783
86391 64325
60586 6032
77783 53078
17813 74457
64001 82693
74523 11372
10834 17077
48859 75778
30760 93942
87321 46278
64081 88386
30475 60350
28815 78809
83818 48530
82928 7504
16826 4342
53563 64489
49230 91256
47506 26428
11875 4309
38666 18540
46956 9142
92918 73465
56450 15192
40955 16991
31892 36352
54892 91633
60523 74952
7596 31528
46180 83063
92852 75749
63254 81941
29869 60522
69480 30520
80782 91517
50831 78681
54144 35458
15898 94730
60468 96545
7179 44627
86971 68647
17495 44715
49034 60587
67913 9945
3261 43139
97906 25728
94028 5338
62936 99357
63977 89770
11558 40561
99196 36971
82074 49736
6754 23168
32345 32332
12552 26817
75497 15357
83356 36090
88528 18735
94361 20398
80635 9568
96728 85557
79381 10937
14833 17465
87115 51198
14711 90976
75758 51168
42703 6830
3149 45544
2666 68743
14170 19400
57658 56104
67264 98256
11266 82119
26435 47036
33435 27281
22210 99228
2337 70382
486 32386
1002 32181
99360 8615
96927 51258
61418 71731
53556 41199
97786 24314
33683 49995
72899 30107
66455 97569
95219 3268
61442 49794
87981 45537
39069 54276
40399 59427
89340 26331
93263 44365
67823 94670
88149 90780
19172 46533
9277 96505
35765 16313
32540 86776
80289 69551
27731 7872
45812 84468
38221 72024
6888 15772
88465 38113
78933 7561
32264 74843
29955 95491
87310 35717
17797 42596
72041 46083
76105 56936
36823 74760
44869 54081
50602 77321
10562 2017
93306 85866
1555 29460
90749 5187
9154 38031
79109 99315
66224 92412
24026 18954
85491 76471
13562 90509
60375 93406
80402 79755
31975 94926
30076 17555
82764 86173
14787 96704
18512 63205
64926 19512
56696 83094
24337 1784
80853 65049
50327 45775
42997 36661
31472 98306
91366 78845
99698 57076
81857 12260
36966 92909
92708 26100
70224 53719
3082 22840
76396 34551
49411 33234
21566 26517
69013 77139
53605 5956
26373 13913
93347 9205
81513 73557
18877 28590
44765 21337
67334 36017
22510 15428
86192 99686
61702 10299
12933 50103
92875 23486
58315 67103
87248 78986
89742 82520
66813 80746
12543 9336
35660 98392
86002 27916
76205 18328
35641 54949
68667 91111
67037 66687
48249 44027
20848 94835
52311 91282
60950 79224
69295 55247
69391 10518
96725 83502
40494 19038
84713 44848
15695 41204
530 7910
90125 58373
53945 31521
1949 69197
87478 20002
40152 64466
5723 3352
16538 26152
65803 10471
78700 33575
9528 37758
50785 73654
96608 99366
92239 94956
89458 75478
25339 73695
15569 27675
19730 6419
45653 83527
15559 47749
67359 59673
90775 50390
8525 63032
90836 39665
73023 82972
20998 3165
60021 93336
33634 20279
74897 23848
47351 53804
18128 15171
23689 24877
32848 60913
81403 43578
9743 77926
26083 87702
35024 54905
96106 76359
73106 45355
16704 42901
32266 1016
71445 89976
16031 74904
91577 52583
20645 31504
10608 96093
7197 17531
93304 242
62169 43925
58056 93527
97244 40949
61948 46486
73036 42288
55498 71874
76563 58543
55244 46183
54697 96044
43304 31723
63331 18279
89832 98669
38092 32701
10206 30196
69844 36515
15987 1769
20292 44320
33058 28268
8289 53481
12802 1113
57798 68816
17431 50257
5554 55540
93850 30229
61934 31148
58523 29514
63354 26439
71523 76934
36448 87395
12154 54747
98918 67008
18785 94622
9000 73623
44473 37103
29024 15565
5959 36034
65668 41907
37730 59287
8657 40010
1851 94360
33737 7305
59006 2713
73622 91412
80595 67069
5162 29049
94589 51906
64409 49405
77898 94918
70704 98077
56474 10127
11038 77385
58561 95016
65077 80811
96512 16421
81263 56300
2603 23361
54001 39767
91305 80928
37821 68316
79560 80617
48039 77579
97333 91178
77331 47520
25395 84155
83679 27961
42873 25692
65244 22598
93861 19852
70248 6479
47863 64958
40458 36307
75052 59288
99119 7267
70079 52989
3068 10167
83064 19956
48550 60426
90117 52437
26988 11050
35160 48536
87636 98404
18808 88482
37666 96076
32566 90831
49237 62933
38606 12142
45454 72537
86015 91610
13685 65265
80886 36478
13205 30814
90328 98864
37399 22987
16307 36613
81265 29522
81211 80749
41898 48820
23253 69144
31974 49181
82680 15106
71239 8166
84992 30387
53116 80865
45202 67842
78886 77561
50900 93990
44888 3311
50699 59483
41031 2055
20988 99847
25191 60876
25729 53563
23404 69205
4649 54196
38677 38416
65620 1252
99567 77192
1058 74371
79944 83706
86915 43188
88268 13614
86025 61311
81987 25021
18106 44462
33954 87548
49094 38804
79668 24466
83051 82957
30361 21786
94898 31101
89526 22908
27897 53860
24699 87998
72901 85549
10074 76033
24381 88484
58577 89285
15555 21766
76093 46818
43163 45166
47701 93732
792 6917
39145 21597
50639 47521
70616 78737
62897 38974
35975 49665
44957 23894
73130 4680
94021 90914
32915 65547
88638 50410
56095 64993
71364 36736
66641 59199
59381 16823
62701 36162
72917 1663
57029 69963
3161 76550
10857 47687
78273 99832
96489 4907
92977 95647
64203 39492
67497 19117
18967 54578
80676 99023
75953 87558
83512 68657
55122 91713
32035 38561
83362 31375
14900 4740
18390 49034
16811 10522
83546 63022
5472 21028
30718 75419
59529 31665
7348 37909
19749 95581
1886 74795
68847 88530
95783 28258
55756 94662
50401 6564
22391 65260
91962 98585
21241 76334
68387 54520
14293 56640
69818 31856
74921 2738
84077 99734
70904 23011
74151 54054
97360 6037
44520 11411
55477 68996
13782 90233
31092 81095
95280 95525
5732 78443
38586 54317
82867 15583
23594 76065
56196 22463
2262 57495
93172 28993
73687 43457
86744 26557
75436 22871
87598 78339
64833 59309
7834 34527
7223 68428
19737 55181
59303 46756
46706 25437
16724 37107
11532 25546
2726 3781
97118 30795
98828 29408
83732 61373
24822 15306
34410 34537
48007 94992
50520 99713
97392 52981
50919 32118
31932 78701
83194 89808
24632 64300
93106 98517
95271 99816
46414 8007
11498 19510
76438 71061
30246 27597
29493 17525
23366 93953
65138 2580
61775 14388
37987 87047
34866 31353
49227 10906
20181 9266
83533 88249
31159 42689
40346 97162
31178 51874
16991 23478
2152 96290
634 56210
71758 45483
70066 12045
45689 16721
95063 94031
42939 4494
5568 65064
67006 18554
47040 5536
76892 96039
87473 33494
72898 96577
55501 16765
34000 47507
95529 7705
43871 97997
94214 71593
77445 68891
34483 31727
11315 12177
55530 30563
75431 82953
75846 87217
72147 39287
46249 82374
68213 85764
74866 82194
68221 72935
1633 40581
6887 27515
38425 106
7055 23905
13336 27797
50816 81362
40345 75602
92970 175
94763 31547
34277 14605
65783 57177
28430 69568
34328 60759
21105 53368
91012 71861
89057 43338
8659 65647
55179 65805
11008 49018
8454 62503
31176 4858
96428 12479
49381 70789
3598 65377
48334 11189
66668 95689
48628 89131
42616 51601
6377 91037
26533 90846
42862 92089
55601 145
22534 27458
5357 18267
34474 46985
47592 94652
82145 51022
88396 69923
68153 72684
47182 38259
91490 4754
71914 65893
2422 34024
90260 57640
70807 59943
42634 82132
91038 27780
89021 83483
3468 27770
16550 27212
50916 13804
44326 51602
19464 2997
89713 81768
84949 17568
85146 62676
41895 84337
41916 26262
94348 46620
46144 46409
82159 4113
26270 58858
96439 91383
62657 37899
83205 9335
959 89532
88133 76002
51268 61276
89672 48057
43288 27378
76284 99743
81413 7770
7665 23976
65084 88188
81639 37714
47672 46375
51026 35793
37176 65748
55469 65728
18301 30112
25992 1730
50837 83764
79630 47871
96615 74196
74032 10211
10433 58596
47696 75433
81750 82252
8956 73251
32103 16454
49562 72027
11470 93906
58701 76578
49230 14814
94858 52950
17753 82408
69728 79671
82112 42256
77629 93829
38574 80122
54132 19618
86192 74515
21954 47461
11439 58803
75323 53839
92574 60748
26963 23871
38774 78630
33054 76810
94446 69105
82919 25443
97220 44250
33772 9427
16222 31895
11772 56141
79498 64856
90008 82300
8219 4131
92370 11254
85205 52444
66833 64107
89701 10149
87117 23411
43980 61084
6333 10543
67707 19533
30612 82772
73036 62468
95628 504
59464 23207
82728 54320
22478 48759
48342 66753
47873 43030
98395 26438
14715 32323
18000 2611
55004 3110
75534 22848
65801 28616
71631 17560
84233 9827
53607 42785
69401 16849
22125 49948
18496 80963
1360 31597
77082 4336
38489 47658
3079 2901
55897 99822
23913 59141
91320 719
71843 41882
1693 13403
84734 25033
24345 10013
67444 58803
71243 75309
20464 81536
85438 5956
95867 70263
22980 56300
71877 3147
49632 9000
56862 91621
83989 54446
74241 73568
57762 85224
75958 41933
20638 49914
11760 7504
86258 39783
88972 61954
53945 39477
13014 44719
94374 134
97817 77172
6884 41852
16827 76725
16189 38850
70249 55038
30551 57185
87375 78236
80346 84167
19206 46593
63646 46047
45795 85701
89993 22947
69183 24770
71599 78175
31565 57739
46451 35342
97991 18530
93317 20921
85869 16813
52921 46981
39975 54974
99171 8712
41477 41193
73583 89065
27570 3889
5628 49668
2374 7490
34411 20950
2917 30518
5273 48428
81655 88116
14506 30945
30057 47784
12692 95186
19241 26705
77725 96407
17455 26433
37207 57987
44062 99251
9518 32251
80428 41651
91630 45259
57969 65904
97214 47123
63586 20456
8318 51232
72718 92571
94120 52462
58042 64535
81664 20962
32175 27718
79638 90151
25781 39047
25064 49018
57061 82629
30490 13467
91298 95468
18110 51795
66325 47252
35611 17645
1002 39282
4710 71748
29767 50818
34576 92883
11868 83717
12855 56299
67117 94820
84836 2711
67163 67323
81266 28677
31268 6577
22321 58350
68853 64778
8268 17421
26702 57371
92742 99364
56006 33493
75220 72047
48885 83664
32326 21631
60493 64773
78708 19493
49377 10753
70007 65343
75640 98507
49413 46688
61514 62743
10813 93959
54347 30474
19563 12655
70325 81613
67306 68226
21437 78539
12892 30754
18091 65138
95609 56201
95330 49787
52290 1863
22103 47960
31035 45308
78675 38291
31903 43047
4784 71424
59719 24798
17491 70843
19663 27991
41981 84289
76120 40314
79015 33403
6563 52634
19704 5530
4970 15302
43324 80285
57608 23781
57295 43959
76845 3208
30222 35517
55271 57674
95128 51739
2484 81737
29488 25107
64046 28383
570 37346
6031 39660
59801 54724
28809 86913
14570 25400
7008 63777
94885 14250
17455 69501
44454 50211
60188 48768
21201 79697
47570 81930
1732 66537
26038 88726
3473 87716
15523 48885
67039 93231
50949 81321
80904 95764
34531 43238
16793 68661
42495 89648
4840 10744
72977 70560
70927 76029
43347 26226
20260 28267
31469 5131
26067 93388
13024 30775
48445 30222
90959 31840
32042 53546
60984 21098
58927 3812
56334 50059
56463 71819
51733 14647
1759 93214
14010 34411
55992 48441
25328 10624
75342 81173
51643 11943
11154 42179
61128 60699
45874 42132
33992 84223
30313 88596
50264 68760
54634 32296
20335 71050
59137 8464
73028 15054
29632 11606
509 84126
1028 95737
78060 75183
96779 65201
63094 75918
37079 9353
14794 33502
84281 5671
39178 80293
92240 42470
58884 5295
65772 59393
21450 88458
38544 38741
79521 54724
88079 56648
94427 26247
62803 59009
1517 59015
3936 47457
8845 95948
54997 98824
48894 17023
47301 492
21723 95877
3020 10278
39160 58186
83755 67966
18221 25760
90686 54805
72143 64097
68378 29672
58212 50253
75447 78011
79395 74030
45337 25679
29239 2835
80323 40196
63925 5978
99364 29357
76539 75872
55835 53396
78841 19660
16206 40990
47613 43607
22925 60437
78717 58507
30703 68417
85883 95423
82628 80788
64224 25842
98518 77897
13388 29764
28032 26014
4958 45984
86469 54225
81142 66342
7118 15649
63584 15364
67846 17679
9132 59819
35537 51097
4853 82342
58734 46655
95448 30033
40300 19022
24839 1652
53970 75313
90942 96138
71472 87408
12007 41923
30905 30066
3675 98447
58783 87070
8394 43198
41707 6126
82530 5234
41682 17364
22719 47989
3120 44763
57381 52987
60787 1500
90237 35131
96369 20542
73620 65595
28200 36149
811 54861
73081 31471
57466 69166
85156 23106
96703 688
32532 152
26812 98798
36283 79993
21652 36095
22717 60402
14079 62544
14918 89698
91464 15815
78679 85562
40009 45399
66032 90218
69246 29985
51813 5230
20714 20757
26753 66822
30048 26323
5281 44792
48513 30369
52936 10826
66551 49100
37955 58721
8719 15002
2418 20162
30344 42338
98102 7517
96529 36522
41646 75169
68814 91449
94254 10146
25213 48641
88257 88682
46168 85401
1020 91270
38425 57811
97501 20584
53804 70037
62919 2029
21393 5093
30965 57032
60863 76551
85370 84389
92617 90095
11720 33226
10773 74797
73170 24668
28989 26811
43402 61538
50479 10469
79721 53832
55191 19909
57869 69700
21931 12314
36235 39513
38912 95146
73438 16765
42760 48861
204 80984
53476 61312
18275 30190
55304 94011
79333 66644
9025 240
52665 72545
21987 93373
26603 87383
6431 15757
19446 70189
53173 55310
89097 58869
90703 7593
92057 85810
87206 18569
73993 78494
49162 83403
41593 30603
56005 39073
68127 15147
75868 35682
80708 52886
72278 84754
71747 56904
28299 75561
91955 52124
72656 69765
81288 18725
54920 53602
90405 28856
46235 62699
78173 96603
59159 3521
81055 35741
75785 3330
64521 92372
27984 16688
86262 53724
84647 48588
46584 73182
11711 23387
71163 12953
83335 17891
63248 40168
43092 16259
13925 66363
95938 96137
93226 74966
34717 62115
24467 7238
19313 53040
66797 76435
27565 10768
51048 68288
33398 80525
10436 42792
88337 64148
67967 24908
28528 14349
41906 20853
85689 10312
22946 16342
12159 6895
59492 81196
2994 28945
14155 29932
91875 60755
59930 12245
10524 92764
58599 27341
93060 3778
44503 52755
33798 1022
8599 92456
85062 97134
59238 45857
59906 26434
61345 80832
53788 23215
28335 97603
51371 55013
46547 90936
33874 74369
70933 26340
43356 56472
27882 30070
13712 71962
58063 31127
45550 83008
89170 45057
92389 23564
70868 29632
88575 14596
95208 44059
64965 48734
63544 52217
43167 11942
95523 7189
13103 63506
38548 6255
72101 81464
26726 16489
95538 46583
10936 18900
33279 23090
36324 38981
60569 3336
56170 46215
33981 95774
96022 57235
55932 33396
76735 34158
31483 36628
9008 81503
572 55004
27739 90076
23397 25344
78025 12466
77252 88258
56156 38365
43481 53758
61655 69002
65462 95377
17516 32989
38427 71312
86887 96553
94341 28991
76674 45758
39939 52263
732 34303
61330 80779
89735 3161
2548 44589
33227 15899
60398 46910
47502 99295
2502 84119
17333 68444
5309 93933
23229 52528
51682 36326
44685 88754
47883 94044
3039 40135
81491 61670
64224 94722
74790 41481
9662 24876
11992 56053
42800 56241
9274 98708
98925 25611
31143 33332
98069 48013
94422 25146
74809 34721
74228 62069
55260 67552
30702 54857
20075 45809
28988 91781
55925 69331
99245 18026
37550 56573
81787 53890
46732 20338
13498 86770
32477 64566
52118 5753
3896 48156
5592 42035
60179 27807
45954 87249
54748 76104
33405 10770
21508 80948
72737 55
45436 88424
74064 23309
70860 86145
27186 27499
24886 56389
9856 46930
27731 17216
39268 57966
24650 62034
72840 71397
61582 19499
92979 66297
16377 95838
31381 65948
52054 40483
66957 79971
37827 80584
72927 14068
36434 71391
74887 51887
35998 84628
52837 63554
48730 47989
12169 99602
73375 91055
19559 31743
16432 55201
89891 99460
32959 38823
28558 60639
57830 26054
75255 7196
21239 65772
98073 23946
53728 55940
69595 21079
9704 99607
99496 19038
57742 92849
41637 55620
11486 15206
91641 98200
99495 60458
44994 98622
91716 39466
92872 70329
9588 44765
6719 90771
73947 65320
98094 95837
10373 2607
7876 53304
54333 66901
29890 46174
10986 83789
75639 46090
72991 34734
52983 40160
92602 89997
11925 48708
91557 81356
2017 18839
63719 73954
59454 58193
2628 51709
54164 53989
3191 88183
6819 36559
77738 19696
14958 25989
20721 51019
58723 88329
69990 20972
81110 58847
57339 66775
49854 18405
34480 14321
80982 45264
57873 95122
12794 33816
97517 63348
63192 60101
12663 54771
90599 13448
52338 76417
12779 43117
21286 2627
93704 51648
95763 92136
59926 15954
92166 62652
9134 21815
78807 86559
53100 34231
97745 7350
37081 96838
58271 22323
59183 56954
8454 46529
48124 61689
87646 58691
7193 58636
27659 21008
34569 44811
54620 73079
61618 20321
34889 99228
36288 97243
71962 37195
14064 75471
20231 87624
96136 39065
30477 14214
44437 47380
95432 63659
57687 72085
30882 95068
3397 85387
89558 66025
89344 2323
4290 43314
85320 21927
52975 40463
93174 88912
12437 58723
9351 1696
87039 39679
87148 26506
76433 75711
92509 67427
29625 47311
81505 47504
71191 61354
13145 71408
91009 36384
83943 13674
91984 43327
81079 54019
36888 71526
27461 74450
37127 63929
5389 163
35236 50878
73686 15141
91459 21458
41610 37866
41824 56628
27416 60185
55668 90024
49606 73028
93869 59962
20136 79782
87918 33015
11011 42044
73681 79230
96319 44650
15583 27285
64015 98631
51091 75302
82721 19237
37245 99295
53657 44792
9300 34751
42132 76670
52201 36197
78869 79506
68134 8720
65048 82412
52388 33713
49138 23519
48844 31196
7972 41217
80343 28162
16443 85328
34365 66205
52 14898
54839 57737
54406 35905
88826 29849
84755 70275
62306 72401
26721 85497
63841 32716
7805 3781
75023 19142
22751 51606
83229 68277
59389 77182
34436 88068
4850 25847
16787 59677
14754 13376
35020 42342
66086 36636
640 19804
33424 36767
18634 92668
4387 33376
77869 99089
83398 60626
21313 25819
86217 49798
73761 24088
33702 81775
65026 74811
21716 36653
3291 60760
91424 75642
43246 82011
33926 45389
47377 99177
25796 54051
90542 68261
64347 25938
77232 78892
67902 86023
81341 83784
43955 21879
30869 50212
54465 77794
15705 90668
68973 98670
8156 1639
25479 29318
24051 94777
39339 5106
66686 94263
31107 24328
77122 23913
61672 99823
43153 97264
88070 95830
52013 87409
40834 10464
1849 1559
89860 98092
62416 75381
73653 10533
56353 66989
67817 28367
21407 98603
36808 48739
39828 49984
13359 58775
95245 23785
42498 15306
15273 84712
26137 65652
95407 48165
9371 86685
580 49296
95262 36052
18460 90453
68145 92739
13453 93870
15530 65686
85617 62955
41266 64354
50813 87476
86980 40418
30695 5702
79769 31138
10871 91744
1868 92722
10419 25553
83479 10961
65211 87840
82139 46692
2577 47011
21131 46743
56884 91288
38584 31783
92325 11035
74323 19794
38294 90697
81978 27231
95951 31608
5549 24179
93122 61537
13988 93813
81952 2786
49195 35142
66033 45650
34952 89635
34640 28793
4680 19066
31567 8374
67946 66328
61580 7808
7655 83962
94882 92355
94464 8164
6190 93210
58906 48038
23121 63824
92494 6640
13314 6325
41867 8836
99567 95259
61441 39444
93139 91625
89829 68130
31924 9613
30613 51274
32638 62822
50859 33493
17777 44801
3691 18912
32968 73397
52128 17034
47368 90862
65901 86707
52466 84398
5752 61718
77538 36684
91058 26201
63562 1917
29149 13174
63909 44003
7533 2090
90547 47093
50308 90620
17082 9380
81550 15473
69043 83572
54277 75030
20057 79625
62073 49037
72256 64026
17929 81441
94561 43376
47864 68186
55248 30994
15564 98535
48899 31754
43231 55085
7654 64910
17524 19616
12105 2983
23647 3086
82130 16120
38902 32087
62761 59149
98495 23721
69196 84514
74437 79896
83656 24931
59537 35838
31499 62743
79904 29091
48821 99991
12384 96652
50019 79865
75811 85052
58240 72483
16074 51703
18457 9475
50956 15215
56096 92831
49324 66255
85328 10495
99302 74739
21744 65187
87323 70841
31269 35686
6867 6996
66028 74618
98221 28968
11120 56575
12451 9891
77696 31593
68650 2829
75224 27275
22785 85675
30667 12799
48520 26141
2268 9122
50126 63082
5905 83810
75300 86156
8321 94327
3110 37498
79519 14097
77543 98243
20614 69213
44808 40089
43309 53834
76255 55793
86133 41100
40434 2658
1569 16464
49466 60316
85001 7374
55105 95578
79006 65598
11718 77888
99843 6502
95814 47726
72033 48830
61198 90090
69132 60238
39421 68723
35088 79356
14240 79643
50031 99781
99195 78690
49944 13489
99463 30116
3364 38796
23446 94212
88129 91592
82663 68689
9225 26203
72333 30145
45860 93659
41889 56319
30054 71956
63268 72416
12074 99767
98383 3194
48117 22616
87273 65220
17290 52013
63279 67931
23718 98355
87150 66566
33753 64730
14241 46680
17965 17316
48121 17786
15862 34740
20545 81317
93123 54843
31012 12721
54969 13173
83987 16877
556 3587
42458 88755
23489 74192
95342 68167
5407 46602
5052 88298
78934 44802
67788 63325
29593 36170
23652 66631
7174 79462
83182 39382
7197 31234
50976 51867
41556 92854
1485 39503
59008 93965
9465 61236
33488 25819
11549 90868
99036 27513
72725 33208
1027 8293
88167 60021
72237 71328
35407 15672
48052 94314
15622 34532
62265 89500
28692 51430
68723 56724
23542 67849
19931 10968
9129 56394
20071 28283
35758 9053
88135 35219
92442 24247
53861 89844
19104 10896
29090 97831
20602 8882
98891 55355
94982 79805
77393 74752
23514 50006
1828 51363
31952 55829
28390 54719
9297 17981
38409 5252
73865 92440
971 21710
72350 61891
56039 70400
72729 60700
51123 58899
99142 37356
89487 65312
78019 91180
89428 47413
35055 52928
64997 79867
82893 48780
67543 53229
95716 14317
96854 99490
90883 65218
24578 25116
35481 60309
55884 6572
52168 67297
56207 61688
76380 86645
69312 86669
85745 26879
68 23353
37005 79597
25203 4064
85781 87201
32844 50249
90472 42182
16097 60965
82173 88488
51217 75250
63831 95600
72234 50785
9298 47792
58898 52902
35364 54887
66072 56556
51229 19222
68143 88217
87459 8124
14955 22046
74863 27933
59047 15563
21028 17055
40358 81182
91668 86909
29474 44940
73606 6403
82544 4771
19004 74598
70179 51
35255 82718
17704 53365
83361 24157
23118 99620
64350 58060
86975 27365
29342 8091
56714 79700
10271 51583
5298 72028
37274 91264
83736 15854
96582 97542
45800 51736
92249 86461
87403 53854
65617 85765
72279 29218
64104 20982
84880 78768
60671 85092
43812 29688
66547 6960
67947 66006
11350 51292
85482 93922
84536 10879
4150 72735
24364 6696
24633 43866
27171 76634
69072 95167
8012 4049
70047 81143
19107 37082
90633 1870
36803 71805
54256 68728
22371 77484
48613 6741
19873 58018
64535 8526
93259 9216
5478 60304
73480 42960
8826 83158
33626 298
36864 18537
6479 32925
39860 50532
25893 65993
73695 36892
46007 70954
69691 32790
66886 71137
30315 77452
56268 30945
34472 1636
1732 22704
3594 93785
34273 79664
27511 58633
71407 89579
1180 93909
74208 25676
73208 7624
27240 95365
62127 94472
71058 32759
60472 54458
47784 8780
41777 68510
98571 12452
4404 69579
51284 6680
81882 15318
41653 97882
37416 71603
96335 51977
8670 15959
61326 30889
18008 33992
6963 96837
43779 14240
34492 75512
75438 6737
43546 27337
64541 3443
22613 154
93167 87484
67889 46205
28078 26776
52106 48713
50157 26155
49995 17882
57208 63175
39716 85532
41057 22897
29028 84196
92715 51259
11473 45863
78730 54210
41537 32251
24345 95167
25481 4234
1410 51650
65435 49999
36475 15325
61184 24759
76832 17569
68344 88797
160 41408
25638 9986
53498 10758
48459 91083
69347 4173
56052 20348
56826 48010
32404 5346
20428 85876
76173 7526
15098 90874
9549 41143
98347 96492
25732 29657
99698 79002
30402 41244
77717 25040
32036 887
81780 88579
98022 3768
48339 13804
11781 10962
61430 30585
40492 4784
44804 65833
49015 77606
60189 42830
44310 19349
16864 95619
10400 11870
31654 96329
14500 75803
97318 20065
61827 39233
83182 57864
27253 744
47818 75432
59871 53837
92143 70242
9437 81520
12214 438
11541 84431
41205 56637
90961 98490
41921 80314
59468 66168
83554 20607
91912 11631
1853 43728
38472 74985
45034 53999
92781 38426
7502 67211
50551 79831
65528 63692
74519 99916
1232 63189
47542 73470
22805 21090
79071 22123
58649 75990
55435 96760
96847 74617
42090 44893
61509 96972
27980 27760
28604 50152
93992 72826
50182 80562
56695 70969
68251 96719
41107 53755
21505 94841
16274 82699
4763 77093
23428 20234
6082 31853
63254 66799
41415 48987
77880 13906
30103 971
53815 51471
46581 39190
37102 80559
4633 43386
4877 32157
45850 99735
2417 77490
55633 35706
48541 80481
79398 20134
95779 53471
98749 91589
60081 95751
35786 38266
89686 37589
25747 10806
10054 2070
39368 99798
24787 88706
45493 18348
29869 33796
58742 42656
69437 60321
12030 77652
59162 3105
69663 71594
77745 56717
98190 78052
83292 458
55304 86366
2736 9158
85609 74130
85663 73307
22620 25540
55950 98432
28639 41124
21635 79616
35337 31654
60980 83350
58931 63355
49469 94965
23614 96011
98843 26140
46998 29868
70625 59206
41878 27088
21362 75900
74574 22730
61652 69880
23683 84905
34784 43812
10640 63828
75128 66975
65382 31229
18948 87442
51225 5845
25034 49679
50060 94028
98013 62207
97189 43089
16208 68470
43764 96598
684 46114
69838 40277
91227 50874
70721 25511
79362 1113
7874 86694
16011 56916
69846 37080
53434 57409
78007 19747
96015 94728
35565 27444
8814 6730
98759 77599
68928 29031
48732 2118
2189 81366
41555 76352
78193 39845
47061 49599
92479 76225
59923 27311
115 58755
10312 15507
84431 2704
56065 72789
58043 5873
72199 56239
15283 45689
68465 73171
56516 91401
89366 50280
67557 61282
77730 27670
13743 87557
14575 98135
90444 52048
30976 56563
18130 59156
33938 12167
90487 45255
22829 47389
23427 17643
9586 89573
84466 62917
61093 86457
20822 18309
53095 4671
2230 25859
26619 42988
2060 63090
22819 88495
45314 34664
95775 33782
46851 92503
98332 2539
63279 17953
6120 90413
58611 544
15960 60911
79704 92970
31568 24287
90995 96468
15496 45044
59100 57836
33271 67233
23623 5208
97142 18304
45086 26765
85631 88276
22650 80841
38229 90919
14691 92171
63553 85059
28287 89259
64707 85333
14924 44574
45701 88279
65846 97633
11848 48097
26124 66718
89016 95045
95031 72162
74539 80800
9063 18147
86210 1739
57693 23321
46777 47882
73204 76839
9509 29386
34755 15853
96192 70056
50918 90699
50234 26169
18391 35510
97473 82430
949 95287
88524 18916
38599 87009
9549 38472
11896 95212
91022 60777
58194 74130
47916 9514
5531 42001
37093 64236
71669 23927
26612 82871
2494 98367
77249 54452
87604 89365
37464 33732
31598 74352
94170 27062
43670 50337
93655 78481
20866 71190
36332 6139
21777 58082
65241 47358
43223 60840
65119 79935
81848 67459
22880 23994
21606 1369
27253 42750
9204 99510
94896 87284
24195 66872
77359 93483
27743 18839
63531 60212
28002 90108
42052 52000
54877 70096
1943 60345
15110 43149
99266 35913
98853 86781
85105 75091
64678 10413
92668 93179
60718 55152
40831 38952
17914 84608
92817 33467
20629 72756
79454 27155
28216 87552
93464 34830
28738 2344
47847 24038
85604 34686
14995 68661
74428 15514
85311 82101
26032 19926
72792 40955
75286 72024
30146 77071
78361 89223
24977 82394
22835 29440
67273 24178
22454 8823
60218 65131
16221 17929
6747 30830
88184 40384
73439 87789
50251 23151
23670 40578
12935 43410
70186 37356
45509 91493
25847 43266
71577 84695
40790 24456
8780 76978
47621 78564
21189 58667
1031 57509
22454 21562
77308 56681
48570 50781
58457 80212
19919 6589
89471 26568
99410 26519
97190 47071
56931 7044
58961 51097
17921 29031
55947 44173
30453 88227
94047 65145
25533 22588
41504 84567
37911 26442
7421 7484
46592 2492
24394 29213
42613 18123
20535 2461
49686 19501
35453 30904
96456 99750
94151 53899
20070 8905
2243 42263
17905 32736
63544 49675
25222 46739
6844 24265
64197 14889
29980 28964
52024 65226
90462 47740
15430 6892
95719 67875
30276 12765
33454 42393
52543 6465
46166 65755
10705 1159
58631 6759
53742 793
2382 95305
59940 38734
46118 53880
42886 9912
43948 57450
58204 80140
6911 484
7464 75413
56952 66230
92222 19864
95852 56739
67603 76956
10576 92543
32918 23353
47341 27776
92685 5734
29955 76087
52448 29590
65827 14726
86614 81342
53699 85500
67861 63960
45093 30738
92022 10498
57071 7962
68743 23409
13593 21278
45401 90367
77980 27415
51269 6221
7562 91045
67856 91771
18603 9142
51760 31275
15946 43517
35861 28665
1044 81499
48234 89049
82190 41178
66287 90364
14666 12150
76643 12270
79491 28138
35388 11389
62020 88508
1374 54452
36272 52010
97596 73733
68237 52409
80427 74667
86305 62991
39818 9303
65848 34692
74191 81191
88755 87305
92652 25215
12037 74898
73023 61427
66577 9570
93022 29171
47832 63214
29564 87876
52662 57701
45060 9347
54897 98100
72986 23523
26341 89928
30848 29514
2424 36079
73410 24865
74438 44659
13777 99886
28580 85736
1442 20855
14496 22434
22783 3916
2142 44359
52595 81140
27502 87945
54132 77317
55577 32924
93606 31503
61331 13519
54891 98625
46419 66156
47223 87615
17906 50684
21256 15322
47288 84451
52470 81653
33992 39443
22748 83035
63043 33211
90226 78620
92520 81160
1989 56724
7749 52535
7779 19368
54131 56687
53088 50924
35936 9738
40943 86784
88932 92703
70036 95228
94050 23334
16138 53007
85831 99151
5596 40374
16296 69100
70931 95647
76517 81922
50263 72947
27480 82462
77564 77458
82311 37592
78228 58007
12148 46764
99997 67830
67209 72245
91191 13439
67125 36884
47649 11202
59115 59509
68655 80576
94603 68955
53414 14149
74225 23142
61332 39848
51695 50483
30253 24649
99851 38774
59217 44602
78901 9901
91346 97930
23860 94348
66886 88242
94464 4184
79280 53729
53909 64466
1160 13783
99314 57511
15010 31664
39528 32024
19193 10235
14879 70
86838 37214
5176 33376
67253 71252
98438 60790
11193 93560
45438 70859
14682 24962
40860 4749
64202 44882
61393 41488
76401 94860
94378 2464
22354 11032
34614 51220
98764 58975
70836 39571
56856 50056
45702 19993
97396 80540
71554 91007
75024 6406
43091 53900
48299 38447
19645 5226
29177 50059
13791 61715
23991 86773
87557 1625
94846 62197
76822 80564
88272 42594
26104 69968
95416 33469
75449 24383
30887 24018
38012 75603
29065 43724
1403 85460
62443 70674
82970 24950
61241 40681
53640 47550
37099 97515
66534 97193
93602 63095
5301 7825
62696 40172
26183 55077
69533 80805
69488 57521
43625 43523
7573 90265
15454 60435
7248 455
24679 14804
68303 98941
74302 80402
95187 69744
45865 91074
22206 72446
51408 89610
85375 47828
52682 87888
70071 82163
88543 18138
67726 25452
90317 94678
69985 73660
54197 53592
11712 94460
80008 61395
41384 93932
61743 44197
48912 89514
70738 19501
25529 32461
43170 47212
93343 57303
59447 37169
98387 64432
40571 65577
28292 16288
45078 75342
94851 74074
18261 97269
59578 67610
60520 15302
56100 32652
34615 408
39427 96238
36975 45576
49406 52490
47799 70931
48783 16753
34435 17603
83972 50122
8921 91554
4982 12011
5831 42401
72565 1898
56881 74658
87953 38669
39047 4181
95296 18087
36405 17545
26203 57489
88604 9480
69958 36048
72040 89410
51006 64472
80652 28317
43559 15806
86956 64323
8587 28679
77470 44086
1182 95605
68944 54823
65275 54519
13908 55854
16276 20046
8562 45301
74533 49695
377 18843
34810 79470
3634 87209
93534 89681
86882 31786
67782 14687
45750 4726
58972 45034
88239 97863
71403 51510
48668 27515
12163 75171
93672 97701
13115 65862
55092 32962
1955 32430
95015 82814
73220 68534
11866 98161
17515 52541
58667 22309
1417 19992
9845 74094
2776 13433
28884 91851
38987 37623
81518 35458
65094 56794
81031 17317
64660 84165
14033 77428
3489 20464
22385 91758
95648 79521
82832 43456
78013 83792
33715 57927
38050 26646
65612 69755
40432 70244
45930 35860
50212 87530
33606 35399
88756 57755
53706 69192
54279 56909
65590 92543
2945 48338
61007 38696
4208 61578
84645 19962
62276 35943
32371 2041
63108 58800
27608 4042
97794 23038
95388 17811
24301 2314
33473 84565
89167 69166
77058 93799
47523 8463
73026 57057
17154 37677
79038 73704
13639 59955
75861 18649
97883 66056
72479 60166
79617 94311
86249 94515
94495 40229
81770 46213
56439 24210
73937 5252
75210 7519
76787 26555
9648 88022
57214 69765
39228 46870
11235 81324
42364 132
49408 43656
87176 8167
12221 44983
97619 16430
62634 61898
33509 5198
10336 62933
13613 62846
62384 12371
37683 64282
54314 58122
15666 14462
28401 53985
88199 31666
32932 25697
27141 56405
62355 69265
73730 65599
20108 94280
13389 98232
94757 31213
29136 45387
56535 90789
43042 57317
20030 70468
12779 98537
77107 53046
34185 4545
46548 16660
5208 42626
4125 28544
14689 29611
13717 62500
7930 77908
22942 4348
26608 3042
75125 52439
11516 23743
73549 54486
82542 79669
28269 78449
54576 73830
99461 83263
16169 80083
37698 45283
91883 6159
12699 75191
24958 38332
80980 86017
62973 89924
73750 618
56428 34791
79071 67416
75518 70829
36756 81566
2730 39737
46064 20884
33498 60014
78568 23073
12262 7442
90709 16808
92580 64788
82780 56354
55050 92803
95632 3764
86179 5409
49709 71546
89184 10615
359 15626
20889 44138
42259 90540
12651 97381
69738 46350
87767 36801
96189 17280
15250 45575
42580 67654
97758 10589
44175 39729
64954 31469
46097 30878
82760 82067
20906 10368
28338 44876
57102 76906
46172 52166
52979 57804
73272 29426
44622 17818
75651 49568
88650 66319
30725 42697
56433 25085
29435 86356
19223 37139
56193 10301
51038 27176
32463 11935
32045 51800
5331 58795
80099 20130
74178 23564
79435 93911
80263 82359
38494 4968
26490 12048
85595 91389
35646 61473
24527 76376
30039 98339
46125 82383
12141 28159
41434 38373
7577 91998
59628 52098
64625 19168
41994 47464
8977 46141
98413 34044
90808 42400
57042 25862
56342 44088
23315 35302
34915 79830
75732 94585
63321 65272
31349 98109
81970 27616
88004 50271
2510 90507
1429 54940
21585 68522
33683 96105
64910 37363
11641 70127
9615 82253
894 8446
29230 1616
95266 98168
64038 94126
73316 56977
22682 9879
43688 22232
62338 90902
12179 2277
83610 68608
96964 85010
82301 69760
9119 74050
92987 95006
80444 85656
80018 11175
2837 22783
76312 40054
812 99355
62296 7046
91966 74120
36577 73000
88629 34241
21457 60466
20557 28262
81805 81121
90953 90511
50145 68760
58783 78751
86952 84379
59982 92937
49417 65691
37587 4968
67455 4588
837 23148
73019 94096
35099 7487
40900 12625
93413 39422
54826 89415
31171 16219
12901 68858
40860 48668
18830 16874
11108 30921
23398 94595
40598 92126
10553 15979
49973 79262
2298 63735
1783 78467
40398 74175
9199 48733
18630 77892
99083 62650
38220 97005
55071 54161
73078 97271
5445 10618
36677 77336
64744 71488
70189 17113
82207 68744
59849 32433
67586 16321
72 53693
17580 23061
85688 11383
38682 34257
17577 11919
95702 32866
92278 25159
83784 5428
45621 63569
1607 51358
45925 58606
75784 76354
50670 12818
34069 41266
30634 83768
35502 78051
10568 89365
57180 20069
27459 17629
48939 68778
31802 6853
78964 70800
94967 92809
11203 76483
88376 13073
80544 72576
35092 84081
40872 62317
33589 85128
90556 8276
82376 22951
92329 42147
1583 12034
67873 85301
42693 61461
70167 28328
43955 93163
22320 64857
91727 21220
61571 23893
73462 9941
93489 97957
17257 40852
90675 16247
70943 66522
2930 79176
37822 36782
42343 95555
38003 6038
80478 8077
25355 98204
18953 49330
22096 51016
40671 59625
18848 26713
28426 7843
6322 37707
80927 25464
66033 81608
45654 76931
48043 74777
2037 89566
67350 71520
99836 90353
63866 94586
55576 90213
95438 98391
37243 246
99663 10545
20552 27361
45198 57751
9492 3681
87806 17115
7186 88443
66701 35501
66876 22542
32734 71741
85546 17150
54326 65271
74001 98625
72820 72087
51440 93977
3161 72324
44084 81117
88543 11437
92183 68092
27766 66007
1968 52616
9982 75488
59157 31117
34202 37929
28471 1892
22698 78007
24914 79887
61565 17032
43368 87045
86716 13023
239 47973
62893 5373
2407 64581
94104 57181
81475 34455
40429 55012
15246 51177
90100 88659
14643 38744
83270 20339
37568 93844
83871 74809
90772 55267
18122 52765
80124 76740
6919 5119
8825 20010
3543 1538
2207 20102
28672 98967
85686 8877
96893 81787
39898 7364
52776 81657
39844 72993
72039 40546
29220 60164
4354 37112
40117 44920
50564 89794
59963 64122
65710 7684
55035 63397
89834 91380
19396 13962
19115 71335
91424 14191
21671 28187
26376 44726
36625 2188
66580 35422
44778 30359
83204 45097
83769 77084
45760 18702
60835 55051
78888 97000
50023 88897
50312 61654
54921 30441
12382 11155
50684 84360
35863 52216
12686 36482
35780 93103
11113 24137
50240 3609
44716 49660
23418 26013
29748 4106
63107 19429
66560 16203
71101 36801
47814 33538
10056 61257
36643 80187
6577 60117
89993 58477
65739 46515
65409 17775
70192 35553
98457 13798
73565 25890
4222 68421
74637 28940
1160 15110
30057 92052
48469 52896
32895 59809
94587 41226
47674 40015
38689 83708
76205 96325
72919 52754
62999 78735
32071 83835
270 42389
1747 70665
40996 24622
12923 77246
52013 74065
95113 81750
42465 91368
33273 27807
44176 38783
57342 47698
95071 19535
72995 14078
45930 38121
37175 17540
85119 27242
40400 69985
80044 40179
11247 16899
12717 62967
7989 95984
11262 18731
89055 69413
77372 19805
35167 6764
76552 96265
14719 84510
29527 69914
15622 68442
89899 12834
66405 29090
52738 49665
73701 45742
28266 15730
47045 67796
29666 1577
45744 96747
23568 50500
19928 84959
66610 63218
73264 5001
67333 22027
44790 55766
12033 29363
81500 38686
99614 28302
81513 13797
10443 13529
3199 23570
34151 61367
53119 67228
4783 18787
92640 45419
65540 22034
65315 23370
98412 59672
13380 82545
76393 74884
99684 20745
99659 68532
20475 11396
25466 93337
9277 54610
56293 96096
21507 97488
54638 47309
20590 3863
20733 76783
48191 3180
76050 26427
67018 75453
66090 30235
63633 42331
42305 4755
61916 94573
27413 90592
73943 46682
72650 58865
85127 41180
54043 82837
94136 88887
43109 85275
53785 76813
62650 14931
95070 83085
43877 877
78327 78313
24229 30396
78969 84878
29217 79282
74731 28676
67042 85160
19397 95465
65324 85618
74613 56207
92383 50408
6667 88232
57364 38195
32434 67595
4529 82903
85225 67106
92263 75860
38771 36698
43242 74626
74681 31108
19198 23330
33210 40143
71485 5889
76349 1160
32048 3126
92105 76128
32960 28532
52463 59486
1232 59776
88604 91846
53143 1232
85573 55114
37611 27389
95858 10884
83816 76363
1579 5873
8368 19867
40279 97308
32637 36753
83027 29123
98268 24253
8860 96329
94926 22642
98520 23722
70551 61363
75572 25681
73766 70758
55182 49340
81207 70848
43699 49203
71829 79184
65685 73705
50825 46823
63671 46973
15870 65998
92121 81
47511 91571
14027 69323
61199 16369
72686 54948
86051 38664
9263 21007
79102 36166
20315 94875
55713 29672
97079 69042
55626 54735
15098 13402
47124 78560
376 38300
83344 51834
16000 82895
70309 793
66194 52971
44476 96653
44945 85201
65450 47866
36001 19956
15928 10422
83894 4834
35907 40430
65008 87751
74108 37686
65757 62952
30194 27577
