14 56 68 206 140 66
122 161 153 150 20 110
112 9 71 119 135 168
119 81 120 145 105 3
1 189 25 14 24 95
77 2 202 149 184 108
83 15 162 203 170 66
183 104 190 53 111 142
198 146 126 9 156 104
125 120 58 107 5 8
109 186 4 141 55 144
29 36 20 39 180 207
139 161 171 180 162 84
40 42 113 126 94 92
0 64 65 180 114 82
204 193 72 145 209 44
110 191 28 92 76 177
6 146 88 123 154 107
115 203 157 75 116 71
7 183 133 47 126 133
207 26 107 167 51 167
179 85 134 102 169 178
71 133 77 29 200 202
24 205 4 201 106 161
189 142 88 156 121 61
42 121 5 138 78 21
98 69 179 170 137 181
163 164 202 189 156 13
4 11 119 79 77 135
171 53 150 156 141 19
159 72 14 93 81 59
28 130 50 50 179 182
74 141 35 121 33 32
95 3 144 95 44 142
183 41 113 174 31 174
37 35 104 1 26 102
192 151 128 64 72 121
127 204 95 141 145 172
3 93 112 202 140 72
205 72 35 21 125 26
85 34 206 73 85 183
100 109 59 153 34 13
63 101 191 178 149 37
143 125 115 107 53 17
78 11 50 78 138 98
11 81 101 56 197 119
37 97 154 203 122 114
14 50 99 156 152 98
124 173 102 114 161 4
56 196 205 140 208 112
66 97 172 167 150 174
1 106 82 62 151 74
111 53 151 67 55 43
193 30 107 94 177 47
77 105 136 14 68 185
134 24 8 200 75 184
98 121 136 59 197 119
117 149 104 209 18 130
175 64 158 5 148 40
123 176 106 17 25 131
198 76 119 198 161 4
37 118 70 142 63 118
63 71 205 80 71 41
125 80 208 150 200 13
134 68 155 156 152 158
40 163 152 178 65 205
183 71 154 174 23 15
70 73 202 109 166 63
67 151 43 55 152 56
68 53 85 120 145 137
60 178 45 185 138 208
154 1 202 70 168 181
181 86 129 114 140 64
27 156 124 189 17 37
72 72 127 199 208 168
53 114 198 176 103 25
170 139 22 196 10 2
18 0 131 151 97 101
111 172 80 116 39 118
185 129 20 74 18 172
188 194 167 85 66 54
163 152 193 126 160 27
119 134 29 28 61 146
96 51 177 14 51 98
60 73 183 87 73 205
116 159 10 123 87 125
145 91 51 100 197 155
200 85 13 156 91 42
198 141 185 151 108 15
176 5 189 64 113 57
115 146 28 100 136 175
127 73 17 176 135 129
84 164 68 48 100 137
182 105 101 103 141 147
206 20 24 196 65 141
171 203 118 111 208 108
65 141 16 148 169 176
197 161 109 55 156 141
21 1 27 23 26 39
206 70 126 159 122 58
104 31 146 199 12 89
70 101 11 85 87 172
5 20 145 114 180 206
127 91 36 26 28 13
29 73 181 177 19 201
23 156 87 112 166 93
85 91 176 139 0 112
110 171 70 116 75 72
99 59 9 74 50 12
57 136 201 35 182 87
78 49 127 43 136 125
158 139 170 121 89 176
63 40 84 62 143 175
13 201 187 136 51 0
69 74 61 29 120 60
55 74 205 46 153 129
61 59 22 206 196 19
81 178 153 95 33 10
75 152 43 56 6 138
187 0 14 58 19 41
75 24 24 187 164 157
47 199 22 164 23 30
73 55 170 31 189 72
110 93 198 187 81 178
4 64 10 149 201 109
177 158 135 102 79 180
11 130 118 66 186 73
78 201 148 198 55 79
112 59 14 36 195 139
26 53 114 184 196 97
152 79 169 165 140 15
196 152 93 110 96 168
62 154 106 151 163 94
184 27 169 161 88 125
94 204 15 141 101 142
91 78 189 67 103 60
207 60 89 9 168 60
2 75 54 85 42 188
109 172 202 21 190 123
49 75 165 98 163 142
113 120 177 207 19 163
33 63 76 138 200 148
174 84 190 136 59 165
168 85 194 96 45 80
71 80 151 113 146 197
151 158 41 160 209 129
174 28 109 161 145 5
201 167 125 50 174 113
187 35 103 157 64 107
177 45 180 120 57 156
109 157 110 2 129 11
202 70 112 104 202 0
8 2 187 4 136 104
99 119 154 71 187 194
58 7 191 24 129 164
40 155 59 65 202 61
21 116 127 99 14 191
188 188 102 167 90 28
105 199 28 94 205 116
109 116 133 86 16 88
101 128 164 105 128 40
54 137 81 166 70 184
149 150 122 31 204 200
137 183 140 32 142 90
176 159 161 205 8 130
71 7 121 138 81 134
203 133 148 47 163 44
67 182 147 142 175 131
123 176 137 40 141 156
187 107 57 207 50 4
187 193 192 104 22 179
114 167 116 207 60 94
147 114 1 152 199 124
54 201 64 128 146 113
120 132 147 73 197 32
16 33 176 170 88 181
61 86 65 25 45 184
91 146 88 168 20 13
64 125 204 5 42 95
126 191 75 188 25 59
19 146 4 113 153 49
205 26 135 78 171 75
152 29 5 183 32 26
78 89 61 201 19 117
134 185 185 77 30 170
176 113 19 46 162 37
70 198 44 37 190 170
169 116 6 156 113 136
113 59 8 60 9 108
37 159 142 177 130 171
143 204 209 144 36 151
2 109 53 50 122 178
195 90 50 40 108 8
165 23 162 86 146 36
31 206 94 181 162 183
192 126 151 72 23 64
49 196 194 37 47 201
151 137 152 191 29 50
123 32 67 23 106 149
176 118 196 190 103 119
2 134 82 51 137 65
51 137 30 119 73 129
147 172 25 58 31 25
178 59 114 25 69 16
174 75 86 21 198 157
65 157 24 96 179 35
73 130 63 157 20 47
194 189 194 203 16 130
7 43 77 13 102 188
51 44 117 191 66 28
29 83 131 152 121 161
62 208 154 85 49 19
69 6 14 85 36 116
86 143 62 119 159 75
10 74 60 123 83 20
61 127 48 156 51 98
163 63 28 83 85 115
14 46 133 119 32 28
102 64 99 124 179 111
125 52 183 165 104 131
71 52 175 58 175 25
29 59 99 131 75 170
99 21 146 93 144 171
62 105 29 143 195 29
189 82 195 105 91 131
72 16 34 37 204 7
142 107 3 2 174 124
174 123 185 88 64 21
103 105 55 141 24 206
176 186 119 15 95 52
159 134 7 62 150 70
77 98 4 190 96 71
39 98 52 166 81 27
13 80 75 137 48 39
42 140 82 194 101 108
28 130 23 205 116 5
126 93 150 131 166 138
23 30 169 175 187 112
109 70 137 167 74 179
45 188 127 85 180 158
22 138 117 207 41 167
122 39 7 39 2 103
129 180 47 135 84 113
29 206 117 36 27 51
176 141 45 97 16 51
17 8 25 14 124 63
64 117 132 62 10 52
180 121 135 195 47 67
162 76 5 25 64 149
71 88 57 16 85 138
18 29 7 98 175 187
50 109 45 18 87 74
145 59 19 16 131 124
98 183 183 17 66 87
33 84 209 8 185 48
160 26 33 101 53 89
134 194 54 123 86 191
163 174 136 202 162 173
38 184 28 151 41 46
160 92 10 155 138 170
20 50 104 75 185 25
176 139 44 104 139 103
78 120 126 142 139 50
106 42 59 129 168 49
144 194 123 124 42 61
126 51 58 155 0 66
89 182 6 136 8 191
148 153 93 120 102 23
72 84 169 112 116 73
31 24 176 123 105 52
47 178 105 127 106 174
151 110 57 84 63 14
209 136 100 16 116 146
132 207 108 104 27 120
122 129 158 44 35 202
164 182 87 147 145 7
188 81 122 95 18 38
86 156 196 109 173 158
139 8 46 116 95 196
170 66 188 180 171 41
112 57 68 22 7 135
127 74 84 4 24 37
209 164 129 38 0 93
133 122 187 130 107 123
115 114 111 122 201 182
102 157 202 146 193 45
82 69 40 104 5 189
85 99 158 38 205 105
55 111 141 55 9 8
116 155 6 154 204 4
107 49 70 60 135 105
70 182 199 169 167 144
63 149 26 52 28 140
143 135 185 101 21 4
94 125 97 103 53 153
151 12 151 85 208 115
148 209 73 94 101 132
117 98 7 64 26 147
175 60 104 103 106 84
37 86 107 168 70 6
147 125 49 18 115 191
53 114 35 196 195 125
38 121 80 45 89 103
80 105 167 124 8 96
52 58 150 86 130 150
172 175 157 26 35 79
151 123 171 13 171 131
190 58 196 172 95 136
122 20 98 101 174 191
30 9 24 113 26 20
135 14 86 129 87 50
118 94 152 207 105 123
15 41 162 190 167 7
141 44 87 201 98 97
57 209 30 139 43 27
7 121 160 46 13 38
109 146 157 134 132 133
170 208 32 172 144 48
41 42 151 177 12 134
17 67 13 13 45 69
118 85 30 21 96 35
204 190 49 14 191 126
32 114 192 114 107 200
1 189 73 25 201 96
62 100 130 192 55 143
48 146 58 5 78 66
16 17 166 87 39 187
69 101 6 130 163 69
150 181 26 119 127 7
160 142 67 186 116 31
174 114 132 95 204 22
172 120 70 155 195 49
81 144 107 2 168 95
182 100 176 209 52 52
35 66 203 50 185 157
9 87 197 91 54 62
97 83 64 160 8 204
154 38 95 60 129 85
163 148 17 114 172 61
183 92 69 36 30 75
51 183 153 145 167 72
106 201 141 159 194 32
79 18 177 60 61 126
114 20 148 142 48 2
123 178 100 118 206 97
194 22 172 141 47 127
33 95 140 16 35 180
7 34 175 181 103 175
100 70 75 116 102 157
2 14 128 59 176 162
163 159 185 30 46 56
103 169 32 56 2 55
120 167 85 106 195 25
182 47 127 1 160 35
182 152 42 68 169 165
126 103 139 207 148 177
209 37 111 172 59 34
110 131 38 67 187 82
1 100 68 9 18 51
63 52 173 136 12 133
133 13 4 171 187 51
197 84 5 161 40 12
91 68 156 131 194 105
11 159 90 174 57 125
49 27 165 50 63 18
111 209 125 11 84 9
152 28 62 106 45 75
46 94 56 89 40 83
123 78 182 67 193 201
195 124 76 132 51 94
140 54 163 156 59 62
100 207 91 177 112 165
94 105 199 177 92 90
128 6 0 135 79 202
152 77 185 143 104 202
168 206 49 163 202 22
93 86 192 119 117 186
206 80 142 29 39 7
113 28 132 122 143 96
20 197 152 173 157 0
104 46 193 169 122 44
209 143 130 42 98 198
185 84 15 34 80 45
138 13 78 205 105 172
4 203 207 66 14 48
103 203 46 34 81 61
144 107 95 143 93 129
174 0 106 168 132 149
192 91 208 158 190 15
32 126 130 170 138 4
85 175 163 15 143 24
176 110 205 113 76 188
97 74 120 84 104 77
12 54 192 1 59 195
25 178 55 61 142 33
177 26 10 18 190 68
7 63 199 104 173 158
7 88 47 161 11 34
62 66 176 189 190 10
96 136 190 149 173 86
125 131 172 108 171 191
137 208 187 133 29 140
17 118 144 101 6 53
54 45 51 34 57 196
17 172 14 141 36 73
184 118 20 137 153 66
191 131 111 134 0 47
94 9 66 61 159 88
174 56 46 17 188 143
77 19 58 171 185 70
41 31 175 115 127 96
23 169 110 120 80 159
87 38 0 106 127 51
135 28 75 122 18 126
13 46 158 92 32 80
148 172 122 76 21 113
133 85 57 196 144 117
193 128 80 32 120 111
68 104 204 137 43 203
173 151 15 169 9 91
141 131 6 53 74 94
118 130 192 171 150 27
20 128 18 84 90 146
173 83 167 54 128 24
161 110 135 173 151 24
79 166 41 14 89 157
167 114 93 57 172 35
138 45 191 196 151 119
158 4 139 61 100 158
119 70 99 150 101 80
80 70 114 140 55 50
207 137 150 169 177 20
93 195 40 37 147 22
154 148 147 21 195 68
70 143 74 205 51 5
68 103 2 120 15 56
143 36 74 97 198 131
118 148 203 175 11 79
32 90 192 0 169 141
95 110 73 124 110 176
111 90 92 128 143 17
178 166 74 125 79 53
99 15 76 87 50 33
126 173 55 191 136 25
108 39 9 16 22 179
165 84 140 43 51 162
38 151 15 156 24 54
65 6 113 201 174 87
146 62 54 76 69 78
183 142 152 64 95 190
4 5 137 79 3 81
180 115 184 102 28 161
181 55 114 201 117 55
155 39 17 130 60 192
17 178 190 61 96 94
197 104 187 197 49 164
17 153 103 5 64 70
101 72 57 207 40 180
192 66 31 12 25 169
150 160 75 191 49 143
201 98 61 53 180 85
200 55 200 83 50 135
125 109 183 174 3 75
190 191 81 13 114 154
69 15 87 141 114 68
79 136 166 112 36 25
4 190 60 177 88 196
140 58 159 125 31 118
188 62 22 93 163 74
85 78 182 130 159 61
92 104 150 70 82 60
97 92 34 90 47 52
176 27 66 58 162 121
30 46 114 73 24 28
152 124 58 147 37 95
81 144 106 115 15 122
13 128 203 141 164 190
190 140 110 65 170 144
67 159 106 150 124 14
69 0 32 198 194 111
70 69 93 77 129 55
136 202 29 14 88 127
149 124 163 158 187 188
173 127 86 33 204 36
139 0 138 24 156 46
156 16 196 170 66 151
163 43 0 200 189 83
91 175 146 72 152 118
165 125 129 75 58 70
128 126 48 49 22 117
96 150 46 43 37 31
13 43 80 4 14 207
189 117 128 38 21 200
174 57 115 127 18 55
89 5 192 109 119 98
207 48 19 203 183 181
173 102 197 148 196 57
59 199 88 67 82 121
201 161 160 117 149 53
207 55 186 108 97 96
136 184 159 82 129 170
204 94 106 111 93 202
136 170 129 49 69 41
36 140 168 56 209 42
87 138 47 23 192 12
22 96 61 73 10 41
200 26 170 198 18 199
101 6 107 166 147 146
30 110 36 129 146 57
11 121 197 3 43 120
30 42 30 100 164 122
195 96 54 41 59 82
106 69 129 165 46 110
134 144 185 115 198 121
142 176 44 177 30 51
100 77 103 112 191 31
182 74 201 20 115 176
59 1 44 189 199 105
139 169 35 13 17 58
123 59 110 155 89 94
172 30 133 67 54 24
99 209 64 174 104 169
58 96 202 133 194 19
72 63 181 49 179 124
30 153 10 25 204 145
10 110 62 78 146 77
4 81 66 68 122 128
14 91 208 25 41 164
91 196 133 135 135 126
127 76 179 94 199 35
16 141 17 136 87 34
85 102 102 130 15 58
117 125 63 165 63 144
51 176 86 62 205 51
126 123 143 52 133 71
114 87 32 128 126 203
17 35 149 103 56 95
14 106 127 96 87 137
184 137 43 12 79 81
182 33 19 115 170 35
1 190 9 45 63 72
43 58 174 24 124 94
191 65 10 182 38 37
120 120 25 136 41 88
129 103 174 74 161 1
68 49 192 170 67 128
6 69 158 65 76 116
0 174 182 194 143 192
116 28 58 139 64 37
14 67 61 153 57 104
116 9 151 98 196 146
52 199 74 119 113 149
45 14 157 184 8 75
126 168 186 201 36 180
99 106 140 16 165 198
12 109 146 74 151 3
124 88 95 33 109 131
182 111 170 24 203 89
12 90 14 206 208 148
135 147 148 66 56 181
155 104 96 5 34 194
67 160 184 135 38 189
133 29 72 184 197 117
15 150 52 158 173 207
11 105 182 176 168 140
109 97 175 71 188 148
59 16 78 126 113 85
3 26 130 123 61 34
88 150 89 24 4 188
183 63 196 83 192 129
171 123 190 102 46 72
15 199 112 6 93 5
50 124 95 204 153 7
206 102 183 166 55 189
28 61 112 49 87 135
88 41 119 12 128 144
70 39 129 141 57 47
48 116 144 88 106 75
57 70 194 92 114 174
177 122 0 15 193 35
192 72 0 79 138 64
98 133 79 36 65 171
88 7 204 141 53 125
81 3 123 81 91 198
143 192 193 100 146 5
187 177 142 82 121 99
137 113 166 119 43 135
149 79 111 103 93 163
188 14 110 186 182 126
74 49 167 79 120 167
51 209 77 109 143 138
145 17 205 87 132 16
62 151 143 163 98 149
43 59 49 113 21 205
53 150 90 191 136 3
0 5 48 137 191 73
81 32 198 36 162 100
34 150 25 138 66 1
36 25 26 23 27 168
62 142 132 185 30 114
62 39 174 34 68 19
209 9 147 84 72 56
139 133 190 66 62 52
73 68 22 17 40 96
198 18 131 168 93 116
186 137 189 27 121 144
9 207 185 135 154 5
61 201 124 122 123 209
209 25 85 107 166 18
4 209 155 126 54 172
29 2 153 196 25 138
155 80 153 78 165 69
17 196 108 136 38 115
11 129 50 156 2 186
162 45 56 45 101 24
107 100 1 101 207 88
36 112 134 61 205 154
181 199 95 192 143 53
199 23 184 72 8 86
134 201 24 25 112 153
1 174 147 117 149 196
67 41 36 42 87 101
27 111 47 2 189 146
97 175 32 82 202 102
71 205 123 78 115 141
34 139 117 155 168 41
32 44 18 104 103 186
31 108 126 15 198 118
82 147 4 196 170 56
162 136 29 191 182 70
166 95 140 189 5 88
52 129 208 100 146 142
24 15 102 77 141 116
32 16 160 158 42 75
129 29 39 57 157 114
190 176 202 9 140 208
146 115 150 17 32 147
200 66 51 9 123 120
67 170 130 21 156 82
66 132 172 154 168 156
12 0 25 181 82 77
135 107 10 176 147 162
38 85 84 153 160 181
64 193 3 164 12 54
181 164 38 153 0 117
182 89 200 26 120 38
68 160 118 155 183 190
69 61 154 209 20 154
152 65 124 106 160 159
130 123 27 188 199 128
25 155 155 44 2 8
52 172 103 37 48 85
172 99 54 11 84 51
172 36 176 142 122 90
125 36 53 134 194 128
75 52 142 3 167 144
153 30 66 87 143 169
6 28 148 174 12 13
111 196 73 127 152 169
25 59 66 207 85 195
174 105 195 30 176 128
115 15 49 178 125 27
33 104 190 107 58 59
199 20 38 28 130 130
72 168 195 80 59 141
112 127 159 137 46 168
66 34 24 201 170 129
51 104 64 174 197 168
18 176 17 181 23 205
39 125 44 34 144 66
168 114 22 134 25 138
118 28 111 5 120 193
169 124 105 38 170 62
78 13 116 74 33 198
190 165 137 100 83 132
178 31 1 182 99 98
67 141 88 25 37 22
117 78 106 97 176 86
39 85 123 153 69 21
103 164 143 112 46 147
74 60 13 11 105 83
153 5 202 114 113 118
172 208 2 30 60 117
32 161 137 164 53 9
14 196 11 190 23 58
117 18 203 173 181 206
22 122 195 170 60 155
154 31 78 98 196 168
191 73 104 172 170 90
140 118 169 162 158 13
56 1 201 2 175 57
175 61 194 136 20 203
84 12 118 190 131 36
57 149 74 178 67 91
169 69 147 48 1 18
174 169 195 80 13 187
148 174 206 164 188 165
117 131 82 136 123 67
84 45 54 114 160 124
76 149 202 176 41 124
18 141 102 62 42 20
162 14 13 202 4 71
38 185 157 24 80 59
92 3 69 1 188 52
133 156 73 158 150 17
175 160 128 15 116 182
206 102 39 28 101 76
99 207 207 58 130 24
177 31 160 129 101 27
68 158 61 20 139 69
90 5 169 147 167 102
160 179 168 53 171 47
208 82 129 142 59 100
43 95 142 99 161 138
83 207 100 141 43 151
178 48 147 195 13 46
88 106 19 202 156 207
92 138 110 16 47 74
47 111 166 142 186 172
178 176 138 129 9 25
111 112 19 32 19 12
32 180 158 195 109 183
109 208 90 138 76 113
55 102 63 19 187 102
157 118 73 19 141 189
37 48 20 175 84 32
64 64 207 103 104 166
63 126 55 23 59 184
45 158 184 131 49 81
50 206 0 1 110 176
116 40 29 63 199 205
99 148 122 57 108 147
40 81 138 180 87 136
11 206 12 0 97 174
164 100 28 73 60 75
182 14 209 17 153 53
207 73 11 124 74 126
100 178 119 186 127 145
55 108 207 118 12 179
198 107 204 40 133 67
47 18 70 46 137 204
73 110 74 144 28 8
172 199 197 29 158 205
62 45 70 83 183 163
186 163 95 163 73 54
55 138 147 25 123 23
170 132 169 80 109 40
76 142 107 169 76 27
56 128 153 82 8 192
17 88 126 82 80 185
203 145 157 73 125 118
80 14 125 157 193 112
16 171 56 95 192 75
75 115 201 49 194 163
152 78 28 0 178 90
84 102 50 142 69 182
193 112 17 129 122 64
29 208 185 119 0 140
60 158 133 0 45 110
69 182 75 137 72 153
148 97 135 82 76 200
52 108 58 99 177 106
25 191 5 23 202 160
13 50 172 30 183 7
8 74 34 49 189 28
25 117 135 73 161 61
195 106 81 114 112 52
134 144 56 99 189 59
42 4 108 33 6 99
174 43 140 19 145 61
18 71 189 112 198 82
191 197 87 51 36 173
199 148 108 176 178 140
92 79 68 96 114 1
32 44 22 41 194 132
147 139 108 107 27 32
111 192 169 141 167 102
199 87 182 197 119 103
199 9 47 12 33 53
26 33 89 160 61 18
197 105 121 62 10 80
35 110 76 32 98 123
144 51 40 178 25 139
208 161 26 44 143 43
99 94 60 83 176 8
136 147 138 123 68 54
158 119 160 31 177 1
72 103 130 60 190 152
61 125 151 147 40 173
33 159 113 171 51 15
129 67 171 206 61 190
70 167 79 59 3 92
188 148 2 165 202 102
202 150 176 169 111 134
52 179 163 36 125 12
107 70 175 35 61 168
56 77 35 124 79 13
33 183 125 40 64 21
32 124 123 8 182 115
92 65 128 170 148 106
20 129 156 4 199 81
152 184 112 135 177 86
163 30 76 130 68 27
67 166 111 179 148 138
128 182 85 82 163 129
126 111 36 66 3 98
209 155 153 58 168 123
70 93 13 171 68 114
179 169 133 54 36 145
104 78 150 181 30 48
22 102 127 91 46 163
51 118 156 41 67 84
65 26 155 21 64 203
60 36 66 64 131 209
21 93 26 187 123 196
30 130 206 44 19 128
186 208 77 172 186 44
179 127 135 143 100 131
54 55 5 170 190 157
149 134 119 113 103 98
53 120 205 14 30 113
135 79 174 53 167 138
101 66 33 50 46 144
6 64 147 54 122 163
184 167 152 128 92 162
93 70 183 182 138 129
45 100 76 26 204 86
69 62 142 118 157 9
29 27 6 55 120 108
39 187 2 18 174 162
147 8 187 76 122 201
129 159 2 41 162 61
45 142 8 95 3 35
150 54 108 104 207 148
149 151 144 77 70 183
119 78 120 142 174 81
100 204 113 44 169 137
112 148 70 193 12 48
120 146 152 127 141 72
13 180 102 58 102 156
125 151 150 16 127 189
56 177 73 7 36 17
122 166 7 124 65 160
105 41 1 98 2 112
27 10 31 58 29 201
142 136 53 16 158 169
91 143 77 206 162 177
15 84 132 172 65 6
33 7 180 133 133 63
78 191 47 198 94 146
196 160 104 22 118 176
55 14 97 151 94 172
88 84 172 181 177 150
130 12 25 14 113 206
197 108 208 47 82 128
113 164 134 119 179 27
131 66 83 150 167 114
119 60 75 96 196 83
23 140 176 82 150 69
102 11 31 126 52 98
124 91 55 50 161 132
90 80 1 124 104 191
83 125 104 144 57 29
138 189 12 25 159 120
78 93 40 42 101 126
63 131 209 6 129 130
53 65 113 158 4 10
15 17 149 86 155 6
55 27 62 206 146 49
204 93 207 185 128 151
6 117 10 61 194 108
46 198 141 124 157 209
47 120 38 8 31 153
91 162 34 153 58 146
51 124 60 132 170 196
43 51 180 7 187 75
80 10 126 120 183 38
97 118 185 73 111 6
199 167 146 172 139 151
14 201 32 73 62 31
86 184 91 67 139 61
173 169 87 70 159 150
185 123 203 182 186 57
140 46 183 11 180 179
95 37 163 190 50 2
199 95 166 184 39 97
158 163 15 198 62 4
159 147 69 186 182 62
14 60 134 176 199 165
163 202 10 93 168 158
85 27 2 36 57 127
165 79 196 102 107 40
2 128 146 111 159 28
81 27 139 183 138 47
189 50 51 45 21 9
42 123 176 123 18 23
74 188 30 52 109 7
148 187 41 19 151 98
71 64 31 63 160 189
20 104 29 169 187 6
45 93 106 125 109 155
27 192 87 163 119 200
134 6 3 162 208 125
30 134 208 154 194 187
56 7 21 153 50 22
24 192 25 29 142 180
139 133 194 179 154 129
106 110 69 62 81 70
148 52 4 89 148 195
85 124 201 5 174 4
178 177 22 60 82 124
3 11 184 58 13 40
12 133 195 2 72 100
144 60 91 123 141 27
19 139 10 104 30 33
54 1 135 138 87 26
134 187 170 133 183 32
171 8 177 20 15 41
97 192 113 175 139 160
149 191 110 2 144 166
172 116 108 115 110 109
92 148 44 192 61 43
36 6 41 114 196 165
84 44 72 116 104 67
2 109 105 63 158 179
198 185 190 180 21 64
184 110 155 104 60 175
206 133 93 135 55 123
10 6 89 31 55 39
137 200 9 65 184 135
74 154 200 50 132 178
208 33 177 198 206 148
37 46 194 29 61 206
144 44 72 124 180 34
99 194 29 167 175 34
51 137 17 165 183 25
106 35 115 62 14 184
57 76 44 26 116 109
187 55 33 88 101 36
123 5 91 189 85 153
97 109 196 172 31 115
81 24 198 189 135 205
65 145 162 128 195 161
151 148 80 78 195 16
100 151 114 130 55 161
90 174 111 64 130 58
53 77 7 23 42 165
89 19 0 123 207 209
48 100 67 167 26 81
156 83 101 77 84 17
62 68 105 119 152 35
202 110 42 149 28 122
17 67 144 189 127 115
147 80 199 43 192 162
193 5 161 161 43 24
22 118 41 172 72 86
156 116 138 60 6 110
84 138 196 107 12 73
192 163 69 122 172 83
137 208 78 85 182 84
124 45 36 152 74 167
198 128 123 71 54 111
143 7 106 145 141 98
76 189 8 194 164 32
30 127 160 79 78 5
87 5 86 81 172 65
83 97 91 175 146 35
69 42 17 51 31 136
16 27 26 187 191 156
116 25 69 89 153 135
54 191 172 5 96 56
60 165 80 132 201 177
130 98 132 137 20 97
41 146 190 3 84 1
98 101 209 0 45 71
102 28 5 130 28 40
194 82 115 44 175 117
204 128 182 73 62 150
35 83 86 194 42 5
203 201 42 163 179 143
5 49 134 73 6 15
84 76 50 147 51 77
22 116 4 87 164 180
202 142 204 114 209 192
60 90 102 124 40 183
2 168 132 70 27 205
135 17 66 44 181 183
121 172 121 60 172 79
10 116 51 144 114 178
150 169 75 126 137 197
147 194 71 35 4 157
149 119 36 190 64 191
109 203 192 60 112 154
207 115 25 76 157 166
202 194 178 200 70 32
42 202 199 144 149 78
59 64 10 72 187 124
35 37 133 24 67 117
156 28 196 131 119 193
53 138 24 65 135 52
67 4 152 19 114 123
48 34 24 71 107 191
141 74 150 4 197 95
194 56 65 71 202 129
199 192 33 68 22 3
24 35 85 145 178 39
50 91 206 189 34 139
185 113 75 29 132 58
173 112 123 208 145 18
121 22 73 12 29 99
19 132 52 154 47 195
130 54 143 172 115 166
75 124 101 2 107 187
68 72 127 15 102 24
81 32 112 2 19 24
78 142 168 101 205 126
101 11 16 151 196 189
138 33 99 30 59 40
174 65 169 208 12 141
125 173 165 76 46 151
99 176 16 185 146 108
188 183 101 133 16 73
208 33 5 157 205 14
18 17 19 103 195 81
60 8 9 179 62 205
163 126 95 180 193 191
128 56 38 139 15 33
206 43 1 92 36 75
180 101 86 7 102 126
160 79 92 186 102 139
206 46 17 21 194 96
128 54 49 106 176 7
14 179 49 23 108 27
4 146 157 94 159 87
109 81 67 124 87 89
78 189 119 152 110 128
135 198 32 46 175 105
3 173 101 145 49 130
117 9 170 45 68 133
27 140 18 47 195 37
69 148 177 142 76 104
108 2 23 21 77 173
126 169 19 186 62 101
36 0 6 159 29 64
174 146 16 103 149 56
3 138 82 182 179 112
153 52 147 75 123 208
95 150 81 69 85 32
75 48 84 135 60 172
171 77 184 168 73 94
180 177 48 176 29 197
124 98 40 65 156 155
39 74 145 115 14 143
17 54 145 121 179 62
4 205 180 27 66 10
197 38 65 134 156 54
207 20 90 110 121 66
124 91 121 12 156 139
14 11 29 85 208 87
204 44 113 130 74 50
28 164 12 21 108 138
175 123 77 62 29 168
205 133 131 91 196 108
152 180 38 176 4 158
168 196 123 75 112 129
67 38 156 192 13 26
195 121 106 36 78 86
105 84 105 57 149 27
81 175 143 195 27 72
108 68 59 186 107 29
21 166 121 97 66 97
45 17 123 145 32 149
112 17 25 185 168 88
100 205 48 172 114 80
78 35 104 209 89 142
30 115 153 135 47 87
29 195 9 152 144 110
181 33 156 135 21 55
129 81 53 10 50 16
56 77 204 171 104 188
184 155 193 163 4 147
134 17 188 150 40 56
119 159 179 22 137 98
128 139 89 206 160 113
62 77 12 176 53 191
22 10 22 62 105 62
50 115 16 118 128 121
69 127 97 39 14 182
187 194 44 81 196 85
85 48 102 129 138 126
62 31 160 156 98 36
85 55 41 76 114 65
102 200 138 63 113 109
38 9 42 95 104 31
157 166 86 47 110 68
207 109 45 69 8 37
59 120 182 200 156 153
94 174 132 129 71 40
149 108 10 60 62 159
69 201 71 46 18 61
28 73 57 198 125 112
37 130 200 30 56 2
8 93 35 182 79 4
95 104 26 15 5 184
46 72 70 148 44 43
155 195 41 12 165 171
105 96 94 153 200 83
35 166 142 153 47 164
184 91 206 117 29 125
188 131 2 87 137 50
138 143 197 202 157 44
68 95 108 128 23 4
69 145 24 100 194 57
186 187 25 111 194 167
97 126 14 184 84 61
200 140 121 2 48 157
3 4 118 35 24 14
80 169 37 74 174 208
89 186 63 14 171 93
2 54 144 132 40 105
169 129 27 115 137 8
127 110 53 145 47 105
100 133 201 29 171 143
169 78 205 108 179 9
99 42 140 182 86 32
10 14 4 76 54 183
61 36 137 96 91 167
143 139 24 156 97 180
51 140 121 53 13 93
37 138 200 158 139 153
133 6 93 197 61 208
158 155 29 14 207 152
164 51 55 203 100 102
4 85 75 161 149 40
115 59 74 169 59 22
56 46 19 189 188 138
93 101 188 11 32 13
9 71 30 177 169 31
194 191 110 151 151 68
196 0 197 2 93 204
132 207 41 0 69 120
181 0 195 93 57 167
97 41 170 2 170 43
63 96 89 44 66 114
96 168 152 178 60 205
117 195 7 111 92 195
88 53 114 91 143 95
28 25 158 38 14 42
55 79 63 61 204 88
187 191 194 196 18 37
96 88 32 168 54 163
116 124 201 189 75 17
194 94 102 132 205 67
90 11 137 78 194 36
59 68 100 145 78 102
23 52 17 39 134 158
167 131 102 82 83 189
55 47 200 197 194 144
42 84 148 95 150 117
39 47 87 48 0 114
80 57 125 201 139 147
139 196 94 31 170 0
161 60 200 13 172 1
87 73 89 33 127 25
179 86 54 61 133 9
77 200 173 117 22 187
45 159 167 188 124 58
74 200 141 85 86 90
156 76 78 10 128 165
95 54 167 139 49 133
117 99 30 142 100 17
32 3 204 75 159 201
61 181 50 77 169 198
44 59 103 115 16 7
66 125 40 63 180 139
129 84 140 43 38 173
14 199 40 110 63 108
170 116 55 188 18 87
162 45 5 36 79 18
10 169 93 125 99 139
108 42 158 197 192 36
112 169 54 46 74 10
36 57 115 46 73 29
202 128 170 91 178 170
11 134 96 87 116 75
87 123 179 117 94 193
3 176 72 20 30 163
110 24 205 191 157 181
194 128 120 175 73 178
88 106 82 129 148 188
42 0 59 131 44 31
59 153 95 93 28 153
101 141 9 159 29 102
12 49 160 14 167 75
17 36 10 32 200 106
65 98 117 62 16 200
181 163 204 150 96 143
189 173 45 100 159 24
97 97 187 47 127 92
147 111 40 160 208 94
148 172 81 198 70 46
111 94 146 203 103 63
205 89 128 24 18 193
201 149 31 94 97 137
26 24 109 4 168 101
189 42 27 133 118 127
51 63 75 171 112 175
26 61 67 124 183 109
123 110 192 118 100 53
200 22 34 59 129 199
165 158 16 2 172 191
158 168 140 53 67 18
198 123 13 17 95 158
101 5 148 58 43 197
115 34 90 28 86 129
4 79 200 34 77 178
37 162 95 75 156 180
154 106 113 198 84 63
49 195 95 74 166 43
94 147 202 118 54 199
71 85 13 149 25 1
42 137 33 102 201 70
67 48 92 126 203 123
60 200 126 153 56 77
181 74 80 81 30 72
32 130 96 202 179 34
193 44 9 187 131 185
186 54 169 71 203 120
19 30 27 25 13 187
56 43 124 156 153 191
41 125 79 33 51 79
106 165 139 154 109 152
138 206 137 27 135 175
56 72 115 182 116 26
109 1 12 127 169 28
189 25 142 10 155 18
195 79 116 69 124 60
118 51 86 197 103 41
4 179 131 40 177 76
68 171 164 158 88 105
58 135 36 114 204 57
28 176 64 10 163 114
125 114 193 180 39 148
125 52 149 132 19 161
199 16 48 3 163 78
157 193 74 167 137 127
145 101 9 52 180 136
128 110 3 51 200 133
110 5 199 170 164 52
158 209 168 76 126 203
113 198 167 80 110 53
186 68 169 57 134 26
198 103 137 114 88 49
208 99 149 47 119 45
141 100 93 166 179 169
65 134 79 140 65 163
132 29 194 38 59 156
79 171 23 77 206 12
94 19 88 27 29 42
31 188 75 58 28 68
30 60 130 201 140 179
128 88 30 31 85 86
181 89 102 194 152 195
119 122 149 143 75 135
173 18 127 22 93 152
208 5 13 86 180 152
91 158 1 119 182 153
132 46 185 37 156 110
205 158 141 51 138 161
109 164 120 141 112 130
7 96 151 168 116 175
167 155 2 114 147 134
169 114 4 109 86 50
141 35 114 134 51 29
57 70 85 155 71 128
88 85 53 132 134 33
197 167 45 84 101 155
62 204 27 71 78 73
191 186 31 166 42 97
40 180 168 94 111 209
131 68 85 49 16 166
164 149 2 202 199 122
11 167 127 92 126 207
81 68 156 109 183 10
131 31 100 94 4 53
55 118 59 189 4 143
90 43 169 206 129 202
72 153 34 98 121 94
92 192 78 106 51 190
109 206 176 192 48 172
185 164 177 10 112 93
29 30 46 78 42 138
99 139 148 59 119 0
103 185 187 134 118 74
176 77 43 29 128 117
194 19 154 58 130 202
18 16 121 34 55 132
139 162 203 132 59 152
67 100 168 114 158 119
180 154 29 197 109 156
135 10 155 79 109 130
198 203 153 21 167 71
153 172 45 122 84 142
22 94 75 186 150 197
78 87 121 181 177 49
68 95 162 202 22 86
137 162 203 41 101 135
21 48 141 7 158 206
139 125 102 193 191 166
134 77 48 4 39 21
132 82 197 156 56 160
48 77 59 151 143 192
142 53 86 169 185 84
82 33 206 3 183 205
108 177 42 109 147 86
142 10 78 4 184 194
201 196 64 72 52 190
158 186 45 54 63 118
193 67 70 117 41 157
3 74 45 99 84 187
182 14 178 118 153 14
116 88 128 191 147 52
152 168 85 97 43 201
170 0 113 106 105 126
130 91 175 105 52 45
172 125 162 136 75 100
192 39 171 193 58 194
131 9 96 63 52 93
121 149 66 92 82 156
63 118 173 178 31 76
11 176 62 78 150 49
69 109 120 149 93 140
119 191 54 66 102 93
63 59 198 206 182 98
179 158 0 184 30 201
114 188 84 34 42 36
41 104 21 83 2 31
104 78 175 198 126 144
202 194 175 29 147 154
130 11 86 81 19 5
22 149 20 100 156 73
97 76 138 124 78 16
92 133 21 144 137 31
53 206 115 115 148 157
31 180 116 131 33 85
146 188 70 18 136 50
206 4 88 177 207 193
38 195 105 12 55 65
150 43 67 194 141 165
24 174 78 154 125 7
41 103 10 93 192 134
4 187 120 9 138 25
135 77 2 119 101 190
129 70 45 185 108 18
199 27 93 191 137 201
41 16 117 72 196 36
110 57 199 160 73 19
59 159 80 61 67 153
204 101 143 5 57 63
114 63 85 190 24 182
61 204 118 208 3 134
107 114 78 140 157 55
41 84 139 5 194 5
24 156 92 127 23 83
165 209 44 149 105 208
199 208 209 126 158 113
184 189 88 160 202 107
123 90 100 46 72 10
89 162 74 199 22 190
119 109 109 138 99 11
17 174 39 85 176 87
73 20 116 169 180 96
193 108 131 44 39 5
106 63 188 49 69 108
121 130 97 38 102 69
51 68 9 147 80 126
44 135 136 42 79 174
21 17 121 147 69 209
94 43 162 138 29 176
137 176 17 98 31 62
130 110 130 131 37 194
32 111 180 2 7 207
104 173 75 146 177 59
173 1 60 89 187 68
25 55 188 182 164 19
151 14 149 30 128 151
39 153 110 95 49 34
167 82 66 4 44 188
181 154 190 154 15 9
53 64 94 2 159 32
209 40 155 203 41 80
203 123 48 104 60 184
2 148 4 134 78 106
127 170 32 117 187 155
113 155 107 6 62 24
200 177 17 87 176 206
172 123 73 83 138 60
5 83 3 198 48 57
65 191 180 29 28 11
32 161 116 6 125 111
18 66 51 50 20 154
1 176 130 206 12 33
155 44 55 179 10 31
73 30 110 179 162 47
101 14 124 200 83 122
66 179 175 33 126 60
167 58 39 189 10 167
169 47 207 7 165 5
51 185 87 162 176 44
37 159 82 38 32 97
27 65 51 59 151 148
119 20 12 89 135 185
142 51 128 1 82 109
169 145 1 207 155 37
94 200 129 82 70 169
192 135 10 89 48 209
21 98 25 187 16 144
118 62 51 151 120 68
192 99 157 203 134 35
46 44 52 151 32 160
131 90 200 33 96 48
157 79 60 126 53 30
108 194 57 97 162 70
71 67 172 98 28 103
139 57 56 167 196 21
34 27 84 52 62 37
66 16 144 12 49 41
61 35 202 198 1 148
133 89 77 3 166 176
57 116 197 179 95 137
170 164 7 106 164 40
125 126 10 36 25 47
42 105 75 102 41 50
194 57 104 178 128 138
103 157 185 47 94 27
121 190 22 70 124 28
161 182 35 144 24 90
121 60 140 33 7 188
103 143 78 169 145 90
11 202 83 83 50 8
142 61 55 128 174 81
121 2 151 145 14 15
130 114 117 83 128 39
192 148 73 32 88 40
147 112 137 14 9 108
174 164 4 113 127 66
191 186 15 114 181 27
126 89 133 66 122 155
32 15 138 162 150 90
175 140 112 137 103 150
32 17 170 83 115 92
62 159 148 66 112 76
0 123 82 107 180 143
48 36 128 38 209 169
186 91 133 201 3 77
126 192 25 145 182 90
124 157 192 158 42 54
153 118 181 10 191 85
50 101 65 188 52 126
131 0 6 37 199 90
25 156 93 31 83 18
56 181 99 201 183 143
102 119 80 9 22 72
23 81 15 154 94 136
169 120 202 17 171 17
49 203 133 126 144 111
130 121 8 12 83 123
61 159 50 65 181 72
85 108 200 59 74 129
81 113 127 37 197 37
197 128 82 4 188 46
27 181 122 83 38 170
190 177 148 27 150 186
155 199 191 40 163 181
164 7 82 33 111 126
120 71 18 58 136 1
180 92 94 12 3 80
135 116 144 162 204 1
103 145 200 2 43 36
53 124 209 31 172 151
105 136 168 73 2 52
68 61 90 110 171 6
72 104 202 4 62 20
165 124 76 106 175 69
0 154 131 74 109 69
88 34 24 116 49 138
44 10 126 145 187 92
193 201 138 143 6 76
72 34 58 151 6 190
104 139 92 10 97 35
158 161 100 198 145 7
178 166 105 117 187 123
139 85 148 85 97 13
204 7 134 172 182 13
146 145 209 123 6 133
102 17 21 96 166 115
40 158 39 183 175 12
166 125 90 122 76 113
72 209 11 193 189 64
205 82 146 173 70 157
19 5 201 69 190 100
155 76 82 184 180 103
182 26 12 70 87 204
121 109 186 18 146 113
59 180 43 48 24 41
124 205 68 150 133 34
59 2 134 200 139 26
78 205 10 86 63 197
145 208 124 34 122 127
3 112 79 131 11 66
36 208 4 105 203 79
203 98 147 148 148 164
193 36 84 175 151 191
118 0 147 131 79 8
26 130 177 177 170 5
124 31 147 62 20 194
60 200 163 75 183 205
188 88 106 195 113 208
11 72 74 104 132 188
114 179 63 109 196 202
34 122 102 30 133 106
48 190 88 49 53 149
88 153 23 46 61 203
184 135 202 88 52 39
61 172 23 83 107 144
109 23 81 135 138 24
44 87 161 30 140 199
103 63 43 163 14 191
205 80 27 8 78 9
80 171 39 19 26 30
184 42 119 39 177 70
143 181 197 81 164 83
169 169 153 108 72 189
174 74 148 149 6 31
125 150 27 175 111 184
8 170 17 173 174 137
106 121 151 76 41 145
115 48 82 41 137 182
33 37 185 71 123 4
117 94 207 160 40 118
9 125 1 35 199 75
99 35 89 79 9 13
114 98 77 58 195 164
138 119 171 183 98 199
24 199 152 168 124 42
20 130 157 31 47 14
151 44 196 177 124 31
2 195 135 53 86 97
154 38 68 27 125 62
72 160 82 163 199 161
157 136 129 82 105 174
169 132 117 47 61 162
189 67 78 184 164 79
163 13 139 142 92 105
88 19 177 110 21 21
21 18 202 21 138 69
61 195 16 148 170 93
180 128 121 136 134 25
179 48 137 120 116 171
5 18 191 94 9 33
194 174 8 122 191 97
80 182 20 135 5 134
44 153 151 206 197 45
135 119 68 47 128 22
167 70 193 11 25 114
193 126 186 198 35 125
90 138 190 97 35 74
153 13 4 152 26 183
42 51 89 111 125 193
136 95 152 71 203 34
32 15 95 31 73 147
116 76 10 180 194 172
98 207 17 187 28 195
120 199 209 32 36 199
51 144 114 147 66 1
69 143 140 41 119 148
155 140 88 100 101 88
169 193 130 173 72 27
156 46 147 209 123 6
166 152 108 91 31 7
150 25 142 36 3 118
23 19 97 53 206 99
26 70 38 43 14 141
69 199 153 91 62 157
61 59 113 10 197 166
41 104 131 34 144 101
130 79 96 165 188 91
13 199 111 134 156 209
52 126 86 209 160 95
41 175 57 139 59 150
8 50 6 6 115 80
159 137 205 8 28 101
166 69 112 111 184 208
202 93 111 67 182 190
58 69 130 168 59 117
19 83 201 130 82 55
207 206 42 104 166 171
124 59 76 139 87 178
195 12 92 93 75 172
184 45 201 135 116 166
26 156 7 71 18 91
135 157 64 91 97 149
106 191 1 138 177 135
48 32 126 139 13 57
64 44 120 105 116 39
104 3 179 156 62 124
54 86 200 157 134 73
24 28 148 103 60 156
30 95 149 209 50 93
59 151 29 208 12 5
188 78 144 132 15 196
49 152 42 98 18 170
45 166 164 124 5 151
67 158 177 95 127 12
121 73 57 129 112 27
102 158 29 146 51 107
165 116 39 151 53 15
137 75 87 175 91 70
95 78 33 106 47 197
128 143 73 4 184 31
124 166 111 151 37 184
152 85 107 80 146 193
164 7 44 112 141 13
195 90 155 84 184 177
125 66 128 74 47 42
46 163 191 205 88 62
72 52 169 39 188 112
12 50 200 8 127 121
85 155 72 95 44 145
196 188 161 203 203 148
62 169 12 139 50 122
35 179 95 49 51 171
7 22 15 139 147 174
12 20 190 195 55 133
109 84 162 116 119 37
7 61 76 0 35 11
94 139 134 22 3 0
22 104 205 31 124 199
127 185 141 97 23 199
168 133 50 17 103 164
196 60 75 186 8 102
165 136 4 193 109 42
14 119 49 176 103 56
83 150 1 154 146 12
81 133 74 123 80 162
42 34 186 37 26 195
71 18 34 116 25 81
184 115 129 7 137 154
142 20 67 66 23 81
46 48 149 89 43 134
17 80 201 204 2 202
204 32 106 87 194 75
157 100 96 124 154 142
57 55 179 36 58 154
170 23 7 23 67 94
2 179 191 104 157 150
176 37 67 73 198 63
4 192 203 137 8 101
40 61 133 29 194 71
129 34 97 126 19 187
5 26 191 23 95 27
166 90 201 89 45 28
50 90 73 67 164 90
180 94 86 144 14 199
69 74 69 66 144 197
72 203 39 92 120 54
47 16 20 208 50 86
70 126 15 129 144 99
89 193 55 84 9 78
92 168 154 20 195 142
150 160 87 183 144 97
120 45 150 151 88 193
47 196 171 182 153 102
88 137 166 42 117 98
29 5 167 78 137 180
82 53 61 181 75 114
33 46 202 138 32 18
63 96 142 64 130 187
156 146 69 178 73 78
59 90 159 33 53 35
85 111 190 18 104 36
40 48 21 115 96 207
53 32 185 151 106 181
119 102 58 134 188 28
118 117 176 18 8 186
199 84 25 75 92 63
61 114 126 18 125 53
31 198 18 35 110 54
97 121 197 89 146 8
130 18 108 195 146 187
24 147 74 49 94 59
139 51 90 99 188 58
204 27 71 185 133 110
8 94 207 130 108 64
69 146 196 167 104 111
78 7 133 169 135 118
71 53 43 173 159 137
136 184 112 199 113 28
110 108 64 45 175 202
137 204 202 184 192 156
142 65 200 92 101 161
25 134 169 91 204 156
19 53 143 162 123 50
159 49 145 147 99 198
122 203 7 122 204 115
14 11 36 99 134 76
126 108 33 17 118 167
171 44 25 98 58 79
155 181 74 76 20 130
56 102 72 135 3 193
45 177 197 10 45 68
197 187 170 46 45 0
108 172 57 192 29 138
83 12 46 92 20 21
129 101 122 44 69 201
106 168 168 194 76 109
40 115 169 37 67 196
168 104 150 181 202 49
28 128 15 93 125 12
100 67 58 6 43 87
145 10 96 76 71 138
84 86 182 128 120 71
183 75 71 171 203 63
23 15 112 190 177 17
197 48 178 158 60 88
170 189 139 154 92 92
33 47 6 209 112 6
116 67 22 110 124 72
180 18 130 68 103 181
44 91 72 74 83 174
197 65 35 41 198 48
114 49 125 93 104 37
171 22 97 195 10 118
203 114 146 29 56 17
200 126 27 22 67 74
182 39 193 41 30 35
170 102 19 188 63 15
112 82 123 162 115 68
112 63 179 146 40 99
156 177 21 164 27 97
7 74 61 92 205 87
142 44 25 90 86 91
158 125 59 90 136 144
16 143 88 32 124 137
160 13 46 116 86 190
31 204 29 116 206 158
72 47 13 79 3 69
159 12 44 168 59 82
138 109 28 192 56 44
182 82 193 108 135 104
113 27 197 8 148 152
130 78 172 14 187 163
36 37 60 203 168 14
87 71 96 102 73 207
49 96 30 153 111 95
2 173 102 47 143 39
93 26 45 164 188 206
92 41 171 28 170 117
16 138 75 89 101 50
50 174 70 192 168 120
164 180 104 112 181 9
95 201 82 37 121 85
69 155 78 197 110 90
140 66 172 10 0 192
67 51 2 2 29 91
84 119 70 35 143 182
104 118 166 38 119 60
175 100 190 189 198 199
170 91 157 16 155 55
187 139 184 130 30 177
109 197 206 155 159 166
25 88 181 141 77 37
3 62 151 18 148 188
164 127 99 161 165 72
165 10 172 95 119 5
99 144 21 124 158 86
16 23 80 168 84 20
100 179 60 144 139 198
2 183 118 172 61 191
79 34 99 103 15 118
207 12 15 124 24 102
85 148 76 113 37 23
205 148 94 201 26 112
41 21 130 162 51 11
0 200 58 77 66 118
69 51 72 116 93 201
49 190 183 74 141 123
53 12 76 204 164 131
196 176 2 193 40 147
69 4 25 152 205 23
180 151 90 88 163 153
110 128 145 41 79 68
176 66 198 137 175 193
31 69 165 160 3 47
134 177 147 52 122 122
147 148 12 99 177 13
192 60 95 117 145 148
108 198 145 68 138 90
13 76 50 181 183 31
159 97 32 7 92 20
114 147 24 59 114 52
118 37 181 51 201 75
14 111 89 93 182 0
11 38 123 39 140 152
40 157 66 181 201 21
22 28 2 80 59 159
155 66 45 141 62 181
71 140 87 143 123 15
59 145 162 162 90 52
66 124 103 157 101 7
70 40 133 179 32 185
120 152 203 21 94 153
101 169 38 9 59 117
135 197 29 168 2 114
196 208 31 99 83 186
18 62 5 177 9 85
28 60 186 165 192 55
85 144 142 151 184 75
105 159 157 54 63 1
191 114 97 186 175 125
157 80 72 59 116 113
147 88 49 180 40 52
69 182 125 208 43 118
127 22 98 109 137 75
102 35 133 43 168 18
109 39 68 182 124 137
76 125 4 117 186 31
165 33 173 35 86 30
13 48 65 7 71 37
111 180 122 115 137 80
180 107 150 161 56 91
126 137 4 99 149 40
5 76 160 185 193 74
21 100 99 105 44 137
168 63 144 76 42 137
26 174 177 148 15 27
83 69 46 178 44 60
168 67 63 150 111 68
31 15 114 17 18 202
36 130 72 36 28 44
64 56 86 79 117 142
1 51 68 178 172 131
113 201 104 122 139 51
102 2 195 115 7 119
66 117 60 59 42 139
7 65 147 188 140 79
102 184 121 80 164 186
176 19 101 8 6 200
5 143 156 67 104 138
108 43 65 140 125 180
94 100 18 18 193 164
181 200 200 27 5 136
126 86 162 11 14 157
30 160 165 14 209 46
164 194 49 19 140 209
161 34 209 36 191 56
188 132 123 81 138 36
131 117 90 178 59 129
2 170 45 116 129 101
98 136 199 50 129 75
0 92 83 153 106 85
1 92 101 36 126 45
35 178 113 59 12 206
50 132 83 197 5 114
82 162 114 131 144 98
180 107 152 45 193 77
52 193 181 62 121 117
183 77 89 102 64 205
20 185 98 172 169 71
73 208 190 87 1 176
186 60 58 0 88 141
97 9 28 10 127 85
106 192 138 163 9 206
169 195 134 167 99 135
154 20 51 109 6 16
83 197 93 119 204 170
157 179 165 166 208 183
191 140 1 6 163 132
17 184 96 98 206 78
135 95 46 54 42 162
106 7 103 37 202 180
53 9 12 127 177 52
90 127 66 166 73 108
17 197 41 9 83 53
138 166 175 28 53 112
88 36 47 143 129 59
122 177 141 175 124 207
36 171 147 190 112 57
14 56 159 179 196 204
135 168 179 24 3 84
203 130 51 191 40 23
138 92 57 172 97 120
197 186 96 197 3 164
11 100 132 18 58 126
13 109 39 97 100 29
150 178 0 88 50 154
84 108 72 151 150 35
47 172 10 49 8 95
176 89 134 189 178 179
140 140 181 64 130 1
92 101 59 176 120 47
172 145 173 160 1 129
38 126 103 76 172 65
130 59 176 71 59 76
206 176 208 117 126 84
137 137 135 207 191 202
13 107 4 167 104 45
203 16 147 138 98 204
135 144 2 177 93 116
150 164 141 78 69 209
191 94 123 137 13 3
43 108 78 47 68 15
98 167 52 68 110 186
203 198 65 172 126 174
106 33 76 160 136 163
107 145 138 39 146 84
146 201 197 12 149 3
20 89 167 98 196 128
24 136 142 86 165 193
148 23 31 18 167 137
100 143 12 111 11 121
123 183 158 63 78 77
32 143 114 1 205 85
73 28 7 124 176 159
18 41 79 177 134 168
68 115 40 51 48 157
76 36 103 203 119 128
83 183 207 0 91 23
77 121 85 12 98 0
27 22 125 64 127 143
17 93 112 141 106 70
40 100 131 10 4 206
190 178 64 204 112 114
107 163 107 139 163 95
5 102 177 111 76 16
173 141 207 209 82 156
143 133 79 185 35 30
137 41 82 55 39 194
10 31 0 204 163 80
207 148 99 22 35 93
14 92 23 69 45 34
174 198 166 74 87 120
5 207 38 194 75 174
59 155 158 77 9 61
155 113 126 163 78 163
121 197 194 114 43 207
1 50 182 2 153 142
116 64 38 164 98 175
132 63 102 42 107 178
188 94 106 28 98 157
7 99 103 29 185 59
111 8 190 39 38 116
88 8 81 106 114 147
205 205 50 80 59 154
160 92 108 121 145 185
206 49 203 171 125 110
69 115 120 133 83 155
116 123 60 129 150 194
183 3 96 132 81 104
106 44 77 174 182 58
196 34 144 64 128 207
204 70 209 12 0 70
12 38 177 75 73 37
129 169 70 24 180 24
137 11 139 186 40 199
92 121 146 179 50 119
148 156 20 209 120 149
25 110 15 128 111 106
136 96 189 47 71 160
178 126 139 139 6 111
66 91 204 6 51 151
97 64 63 209 44 35
118 201 6 16 179 199
194 79 57 3 131 9
98 134 127 64 57 149
37 76 95 56 50 70
97 28 118 146 17 133
130 62 82 198 136 113
90 80 124 41 9 155
27 87 127 203 93 79
39 17 8 9 2 101
20 201 194 185 186 125
151 145 54 15 107 203
167 166 45 166 7 0
161 145 128 153 183 21
124 135 114 197 68 98
150 1 35 92 81 52
55 103 67 109 96 52
187 33 121 185 161 182
125 102 50 175 51 106
52 128 8 32 32 95
133 197 149 153 127 182
193 125 146 151 163 135
125 97 12 120 82 190
57 145 24 202 23 209
185 205 88 50 141 20
135 127 107 70 80 105
89 96 100 187 59 140
193 152 66 112 91 94
79 156 63 14 96 95