458 269
331 102
426 238
330 410
177 151
199 347
313 118
338 127
263 119
245 78
494 126
99 92
83 453
497 213
475 341
179 465
238 131
5 405
11 64
457 212
310 238
121 248
491 6
316 371
105 74
149 23
40 199
38 396
222 350
333 83
122 102
441 460
247 361
395 164
210 388
509 460
134 396
157 205
416 470
334 376
365 87
478 497
179 337
356 233
313 163
402 136
139 291
54 103
411 493
433 84
424 163
19 325
81 473
253 49
505 22
173 56
191 347
497 133
49 111
494 51
97 415
468 354
66 195
124 449
482 292
106 21
265 145
493 253
356 367
291 72
85 376
76 136
112 463
110 14
133 352
447 496
388 45
483 138
477 143
510 492
20 245
425 167
416 458
419 240
170 163
12 297
174 499
356 50
317 29
413 455
85 361
287 109
32 182
447 21
231 109
271 274
219 307
331 248
299 256
171 465
37 315
366 200
147 207
318 506
426 234
111 457
25 20
294 232
46 405
369 70
352 324
477 127
348 457
174 234
245 152
230 52
166 435
393 452
234 266
73 162
405 395
136 389
403 237
370 470
265 365
459 113
400 460
252 13
182 388
142 26
493 199
490 275
296 26
113 117
361 439
299 129
480 201
462 179
69 371
248 281
492 11
222 175
119 250
258 48
287 55
122 273
59 387
504 279
425 487
229 371
210 345
116 353
382 159
389 393
279 454
380 485
431 126
49 321
88 332
363 267
139 41
100 5
222 206
270 488
259 252
107 490
189 45
474 329
262 70
102 210
78 354
394 152
467 454
487 83
238 95
238 162
494 239
332 269
224 227
9 348
413 377
154 467
126 128
263 483
380 371
269 97
394 27
101 295
367 68
426 510
408 24
219 292
207 461
491 163
270 141
294 139
37 399
338 386
167 74
67 42
363 18
345 5
149 431
26 430
204 31
95 468
144 420
311 365
501 318
180 238
428 83
389 249
407 171
76 504
321 365
153 460
78 492
96 460
315 128
443 403
45 221
401 354
182 398
152 255
297 30
336 302
392 92
56 341
235 388
294 36
255 385
461 300
389 34
350 109
331 92
202 69
131 471
79 105
83 328
312 161
400 486
192 164
487 493
176 253
252 358
124 44
452 44
411 370
275 167
126 208
411 70
420 15
151 217
431 80
410 460
286 455
225 493
2 468
395 323
13 348
445 123
16 407
503 318
475 142
187 102
175 276
185 470
4 299
441 52
284 380
72 196
78 509
390 179
378 378
438 19
112 72
82 390
221 82
300 180
270 215
209 144
343 337
431 13
493 2
424 197
112 348
239 278
65 227
47 167
480 385
84 486
280 473
158 78
83 272
107 353
81 432
330 504
308 202
178 20
35 498
485 77
487 381
148 56
171 130
341 251
383 19
313 76
449 9
413 212
220 83
373 390
216 412
80 175
267 269
340 91
155 251
169 465
282 292
300 502
15 495
141 348
100 94
167 145
148 198
410 221
77 436
342 81
466 263
74 378
71 350
384 197
505 121
60 95
162 306
235 365
230 346
335 296
137 421
265 210
282 270
6 330
23 167
152 500
316 69
102 391
332 201
481 86
337 496
437 412
36 305
279 347
92 39
420 349
335 375
301 344
299 476
448 56
122 287
188 59
307 113
217 104
363 96
156 60
24 93
362 259
342 468
381 57
346 188
444 326
182 440
258 6
473 248
467 497
394 421
347 508
0 317
487 294
305 224
304 59
281 281
369 305
465 167
501 70
112 505
355 10
403 99
439 9
130 152
171 47
392 210
379 444
467 100
319 93
279 310
172 498
39 72
401 348
487 379
416 91
230 360
297 114
411 436
333 265
48 374
87 225
396 502
392 422
498 108
213 14
62 92
337 101
422 164
121 47
55 190
180 264
414 500
288 246
234 216
104 372
468 409
216 499
138 350
220 423
418 179
138 133
241 296
296 463
219 58
475 24
472 76
51 401
233 0
314 158
467 312
173 369
417 112
126 185
412 423
275 453
227 85
397 486
196 195
165 174
227 216
103 199
164 318
445 440
119 35
177 268
17 61
487 56
487 56
198 148
455 472
3 96
351 11
430 441
434 302
402 68
364 306
283 100
345 17
144 174
37 192
180 434
135 64
86 119
449 246
142 210
367 452
187 457
23 413
243 40
327 145
158 343
166 142
353 469
145 456
145 136
500 223
278 141
85 85
111 413
322 354
274 506
335 478
44 302
312 173
477 423
260 489
498 360
166 99
4 219
105 404
75 466
258 325
265 192
164 387
62 163
134 63
369 117
401 0
67 308
486 169
313 15
82 360
340 336
368 149
62 158
112 233
119 65
432 76
83 80
74 48
360 494
5 504
247 298
123 288
35 388
352 499
495 436
456 51
2 39
460 47
362 97
453 251
286 13
276 116
324 32
52 343
326 468
174 400
355 320
32 276
54 184
284 237
312 209
21 81
113 277
351 214
266 247
227 48
109 163
100 295
215 360
214 393
88 274
141 2
310 478
384 267
483 469
280 148
37 14
461 387
100 503
102 145
25 404
423 2
43 103
508 200
232 324
187 365
356 28
474 115
30 75
375 30
237 373
484 10
311 318
53 285
501 234
83 197
309 268
252 381
65 288
416 173
269 92
197 13
155 247
321 408
118 391
219 391
442 219
36 109
154 285
212 422
282 39
263 121
416 90
362 190
421 479
323 229
146 131
352 379
138 439
220 219
200 343
268 177
328 267
147 412
138 132
280 113
201 496
216 313
7 152
42 29
331 273
336 245
114 153
89 210
37 82
61 327
389 191
391 30
467 347
168 220
306 94
485 331
114 75
175 178
371 216
274 476
156 296
175 199
430 393
272 235
260 316
397 489
312 98
298 454
382 458
62 186
179 167
243 457
1 422
118 330
101 250
19 118
133 242
389 488
198 216
15 142
361 295
445 280
163 143
270 7
153 126
136 25
262 274
337 433
456 419
109 147
348 195
52 393
201 12
153 289
9 125
435 53
388 463
462 131
223 278
455 33
12 340
102 172
227 134
347 106
369 113
347 49
499 399
401 435
110 387
493 76
362 417
74 104
99 207
443 494
510 223
4 279
441 145
105 215
342 461
30 86
143 49
191 30
353 281
84 53
375 161
264 331
156 112
508 324
385 410
235 375
343 474
184 23
362 14
493 39
29 270
205 105
101 479
129 507
49 263
110 472
111 174
100 451
36 192
199 159
114 333
351 434
314 172
126 268
340 478
241 443
508 356
389 321
52 324
240 478
25 253
510 106
199 233
10 212
357 280
208 47
275 144
58 119
145 365
160 231
243 30
442 26
310 232
139 92
48 65
37 225
274 421
354 403
420 176
423 42
73 95
347 444
70 361
363 464
182 349
51 472
332 387
504 44
47 107
468 338
450 243
338 10
253 104
432 393
488 348
3 199
390 55
0 313
423 45
419 503
369 264
149 304
186 240
346 229
2 457
463 87
277 392
475 155
478 331
150 40
82 94
176 340
11 372
356 498
476 436
274 480
192 38
85 270
244 109
82 448
149 193
83 496
114 209
264 115
152 318
14 503
42 399
269 121
506 309
192 15
169 161
229 38
112 53
408 24
480 308
214 164
76 152
7 374
217 85
410 101
100 493
240 285
219 44
136 72
247 346
62 349
108 474
148 256
332 284
463 393
187 325
316 293
255 423
142 391
489 420
148 505
460 194
474 445
148 60
173 379
355 442
103 67
372 215
273 328
446 62
187 14
113 7
495 448
295 224
41 30
233 95
156 156
40 69
243 274
167 19
243 482
389 246
497 3
489 282
449 175
409 19
1 254
50 127
317 95
52 191
69 301
319 479
94 1
356 489
190 225
175 206
320 148
437 452
13 215
134 395
257 82
283 191
130 155
53 79
294 392
258 372
107 168
389 265
244 53
67 171
281 365
422 222
23 154
229 10
358 130
110 360
112 424
454 292
409 336
332 332
38 347
202 108
147 267
425 87
12 317
465 224
140 473
407 130
86 440
22 391
306 18
463 197
120 217
282 217
279 290
43 378
152 453
424 448
413 326
142 96
44 439
53 42
291 228
376 278
256 5
34 71
135 129
439 176
431 46
395 228
268 116
299 316
59 359
471 405
145 251
199 373
3 228
9 286
403 52
5 48
54 119
55 161
281 218
82 227
45 426
474 476
135 232
378 202
473 447
156 340
269 223
154 179
171 166
131 507
262 229
28 224
277 239
20 461
422 65
350 305
492 252
362 75
407 283
63 216
315 270
46 7
233 255
236 98
300 124
458 73
423 306
371 109
2 427
224 509
51 287
332 504
3 88
264 145
458 59
193 1
63 225
123 434
454 195
474 217
18 338
62 375
403 382
206 240
263 44
189 131
439 449
439 188
121 372
379 178
450 340
107 101
80 213
335 377
426 97
289 124
404 345
26 357
471 217
177 449
275 266
322 305
502 390
117 4
446 277
346 431
373 199
59 451
124 487
18 47
315 178
479 17
479 138
86 149
326 218
353 441
255 329
366 59
149 150
334 90
61 178
115 256
422 439
71 406
211 144
61 462
225 45
461 161
443 450
27 159
385 278
414 465
504 178
270 274
341 119
384 272
135 287
188 168
170 433
341 128
485 403
78 299
32 5
417 142
206 238
180 246
426 454
241 419
235 107
503 60
339 482
110 246
428 215
3 336
257 276
119 252
84 226
187 225
151 450
385 106
352 14
367 251
141 364
386 312
140 271
101 314
70 85
421 206
430 40
55 277
133 263
285 345
245 52
217 157
350 267
299 21
29 408
192 304
504 145
143 53
107 169
491 223
418 486
336 473
508 89
260 201
81 64
390 331
239 143
26 440
500 87
387 238
186 44
151 370
467 390
457 444
21 387
220 434
259 498
307 279
482 369
272 324
364 173
313 505
458 346
142 256
133 61
109 125
0 456
24 344
266 304
408 295
387 129
417 2
177 108
444 60
292 119
276 416
415 322
456 242
211 64
386 48
311 177
487 331
227 242
48 179
469 0
374 379
9 497
226 505
68 266
405 92
464 107
215 77
314 125
141 27
406 255
321 173
51 490
41 393
5 267
295 349
127 226
470 179
422 359
466 270
341 377
288 307
23 251
73 140
77 32
158 325
260 35
305 332
132 142
256 479
198 256
134 494
135 484
122 157
168 459
341 324
386 0
31 83
176 219
56 215
356 45
447 370
375 183
436 397
2 353
288 332
175 18
372 436
254 482
193 338
327 197
223 153
501 26
464 10
222 148
414 109
274 329
282 70
248 372
28 6
173 208
56 259
340 279
70 242
41 480
508 264
43 183
438 368
450 246
386 102
425 466
149 198
342 294
29 436
118 311
145 431
391 332
118 411
259 85
108 283
132 491
165 305
77 417
420 249
31 494
161 249
352 469
438 460
434 345
327 113
276 336
462 311
432 88
456 395
317 222
138 355
350 454
145 402
146 501
318 229
430 10
276 173
321 111
123 178
61 161
417 95
21 466
481 487
228 61
423 243
366 324
8 289
295 271
243 305
406 332
414 111
453 395
232 76
69 38
149 337
277 283
176 37
185 266
42 253
479 157
179 167
218 420
164 101
334 203
307 485
210 75
132 298
258 236
98 147
94 18
285 18
449 11
81 185
471 81
411 251
155 247
9 175
69 37
454 433
147 500
434 200
429 492
188 22
212 321
60 146
483 192
49 331
111 98
134 239
67 349
112 85
64 18
380 487
65 491
241 335
405 236
87 394
211 230
421 74
405 445
421 264
147 390
208 13
427 441
209 325
32 320
285 224
470 431
448 199
260 306
18 141
450 412
188 298
269 427
167 412
9 105
436 127
78 470
34 432
258 339
261 215
209 52
410 261
485 194
492 247
509 434
499 312
143 336
119 266
238 124
359 44
190 164
371 216
411 114
446 174
147 458
464 76
365 382
133 330
326 165
446 483
351 418
321 460
281 434
383 367
325 386
161 10
48 359
85 416
357 118
504 469
390 148
142 40
188 216
406 407
317 391
87 206
69 47
415 227
459 367
92 38
283 226
237 346
378 170
94 409
21 178
401 384
420 374
461 459
445 238
304 85
68 8
160 351
433 196
192 316
245 112
299 281
324 161
262 487
339 226
77 120
169 369
309 146
321 381
299 151
92 117
97 63
335 366
391 97
502 244
481 364
134 171
402 203
392 132
22 274
301 256
252 376
264 377
330 62
296 346
411 22
35 69
454 19
363 471
33 317
293 419
42 385
249 129
281 239
429 314
293 364
187 437
270 63
273 247
358 359
53 99
417 346
507 440
357 396
317 14
234 246
307 468
457 315
19 384
467 379
332 318
360 171
387 58
39 60
247 286
332 61
115 160
183 293
173 204
476 494
102 238
312 288
344 182
135 241
418 475
280 42
289 357
309 439
475 19
423 269
476 244
61 407
395 16
139 10
448 471
115 143
331 138
332 482
121 80
178 56
78 467
38 216
94 42
430 176
353 43
407 498
491 16
475 59
414 201
29 131
195 63
17 454
394 75
93 172
80 340
438 448
149 357
299 56
290 93
217 64
337 272
170 446
425 476
188 129
350 184
240 196
104 375
158 4
497 349
481 39
411 432
504 275
413 190
236 232
139 181
203 92
181 114
137 355
352 486
93 295
271 204
144 212
227 191
473 453
60 142
365 483
97 461
106 331
507 256
195 477
120 440
501 181
322 410
153 325
497 12
364 289
162 56
266 235
376 313
163 81
327 252
475 239
335 395
132 163
183 395
243 403
61 200
450 270
360 184
129 106
44 477
411 147
424 114
107 17
105 57
148 483
270 293
420 288
58 504
40 320
343 277
357 367
400 111
471 358
130 462
269 337
132 235
311 408
288 425
337 373
332 88
101 217
361 19
342 145
229 160
401 227
97 480
150 189
439 469
260 237
330 406
464 295
297 31
246 509
117 470
505 396
88 432
295 226
291 26
322 126
315 453
302 361
432 423
46 177
447 507
4 85
354 70
397 155
75 390
72 213
278 146
78 416
476 443
138 329
195 191
229 391
498 488
383 410
102 386
166 128
38 158
391 346
135 32
44 189
490 335
480 396
226 444
255 29
232 267
125 422
105 316
195 420
474 190
10 279
132 328
415 328
353 486
72 185
446 371
473 458
91 433
339 361
7 427
500 494
251 431
65 367
491 306
310 248
12 460
137 203
485 59
192 163
441 220
398 205
326 223
297 476
225 213
447 259
345 286
5 213
495 412
210 117
330 262
482 489
270 166
100 132
383 340
434 187
183 453
248 34
214 53
501 125
218 285
370 337
255 330
256 438
256 305
379 201
209 11
154 491
364 147
344 83
166 69
21 52
228 234
366 354
355 143
230 96
116 389
366 182
190 206
506 493
458 241
49 431
147 409
226 150
275 53
291 102
288 459
332 401
8 308
60 145
194 483
114 334
233 472
120 451
294 189
260 217
468 57
229 171
90 216
9 416
295 357
237 201
27 373
305 311
492 419
205 235
303 428
413 237
388 216
454 21
40 12
139 87
7 370
492 320
171 96
3 48
437 139
100 131
376 498
493 30
469 381
61 168
47 161
103 14
341 387
406 388
97 303
158 146
100 342
394 46
425 286
324 371
303 315
271 39
325 471
488 79
23 393
489 453
36 123
211 24
31 424
53 318
195 215
27 386
415 333
456 11
348 208
208 162
450 51
489 138
166 150
380 338
216 214
16 285
504 101
243 347
156 334
64 474
288 160
330 328
49 173
280 187
146 387
267 304
405 35
10 412
443 87
191 172
219 465
23 99
204 210
182 393
361 501
88 79
129 287
276 122
379 218
457 179
48 229
462 334
444 369
485 406
23 486
208 416
133 9
257 287
51 488
118 100
502 230
156 378
251 89
165 268
437 36
21 251
353 346
46 220
129 68
199 26
11 339
24 315
328 384
319 329
438 391
248 496
4 135
117 189
32 443
54 272
483 462
306 235
39 413
57 296
85 73
55 394
49 76
269 119
310 93
157 146
37 269
265 314
402 278
361 41
189 228
109 248
498 14
377 83
52 414
488 87
437 95
348 238
109 493
149 454
88 161
238 427
348 508
427 299
391 192
130 332
407 365
106 77
122 285
126 268
77 439
12 85
424 299
175 221
230 247
447 78
167 124
474 422
507 3
302 391
309 249
159 141
18 41
239 88
86 89
5 22
147 34
105 13
191 68
258 496
30 19
92 179
474 132
71 38
234 425
46 180
481 315
376 498
136 284
271 506
273 53
360 78
338 358
454 317
118 53
390 304
339 183
175 339
207 236
255 278
46 305
44 355
272 233
357 5
2 339
44 269
22 50
206 226
276 34
234 53
297 73
390 464
275 2
483 118
57 264
107 343
366 303
125 84
446 264
21 15
278 341
130 414
125 33
257 392
480 357
254 243
131 340
319 153
250 417
416 468
277 267
63 123
90 229
4 330
490 63
459 290
70 244
88 440
89 8
66 298
454 219
376 441
400 315
344 406
163 13
280 457
134 470
464 2
481 135
311 458
321 410
342 141
294 466
399 381
46 155
181 370
275 84
496 73
99 133
44 157
259 418
425 348
373 151
118 389
351 86
260 152
188 134
268 379
487 274
307 427
262 178
374 184
384 9
100 480
401 346
283 255
41 375
259 18
359 200
185 40
318 176
195 493
179 117
427 429
150 58
70 150
479 332
251 46
288 238
447 378
201 20
125 222
339 487
189 212
328 433
289 230
503 285
348 401
442 29
29 128
8 290
246 83
395 388
146 35
232 434
192 462
290 165
124 236
151 419
355 65
106 192
3 108
165 401
224 491
335 154
80 227
100 223
178 420
300 244
314 377
243 166
357 109
241 250
507 142
314 321
318 324
63 34
186 165
386 87
116 402
202 449
207 51
1 474
195 363
507 429
510 237
360 372
375 426
224 264
442 65
117 13
282 171
314 416
27 105
228 54
88 353
126 51
430 496
18 458
256 114
180 80
450 215
420 192
138 384
70 225
453 345
509 160
105 212
252 426
83 244
5 43
168 374
84 161
464 369
430 406
421 181
451 128
270 425
65 461
120 61
457 307
336 46
342 509
317 63
433 181
