73231 79596
77987 61292
47677 9495
60300 68669
99879 17086
70757 15034
731 92347
67896 4578
25241 48531
28060 50521
32013 39103
70761 52105
88545 84427
83706 94239
56826 44929
46041 94423
89416 85541
31908 75561
95431 89671
44778 16857
9712 80962
58093 23144
64025 96312
58805 74217
4383 64762
38652 36921
97432 91751
2098 84155
6164 27087
50499 5462
11819 24972
17035 75608
96432 45124
16573 81193
46767 22012
5978 74948
73988 63407
33046 15500
78819 65830
62891 62967
4746 31273
77997 92143
73347 82221
38389 83190
58481 38077
89709 80759
38177 90402
14703 26245
33822 93867
25467 62358
60828 38670
94479 56131
39530 44731
68901 55805
51611 91745
19135 82207
38916 87936
45393 98173
76978 66989
28697 15611
74850 62179
30969 2684
51646 31605
55619 80525
75394 32960
329 35613
63942 72251
10000 79334
94411 72036
54308 18080
36672 32213
62956 36226
67841 43341
96074 70090
75504 79301
68581 66106
64436 55463
88728 72478
28446 20131
83011 34975
79779 22952
24741 27585
73470 13226
41521 94025
64314 95183
69781 51551
66627 54578
41434 82666
89867 62420
9996 30043
20264 14894
49792 5609
44799 33953
32693 15005
39965 97655
10307 95825
5438 2823
5609 32735
29862 61473
64048 78839
60845 65655
89588 13124
78751 8894
22667 54296
69223 54475
23512 36297
64164 86867
41600 8104
97439 60186
58667 26251
58143 71555
33806 62693
40135 84457
92527 1197
86913 21970
42016 64040
31800 48312
59027 17422
86961 83083
49272 92116
53964 11589
73933 17362
12281 99687
53766 66238
284 17662
9771 13415
81578 67154
64507 98599
94846 72492
85045 6690
10217 94617
89327 27805
63380 96032
97101 54416
49512 89738
86025 39786
33363 47426
6987 61197
55676 92340
31165 55776
87133 23175
98058 77569
32317 86584
29067 36315
12136 59573
77813 44516
33835 8214
36040 16338
84366 37241
74576 24621
82400 34566
11645 49388
84765 86430
97164 9497
38406 620
30028 98877
84059 27048
76527 88901
73360 24301
89902 71033
38982 46993
93625 9635
25155 48562
51694 37811
22243 26345
17433 41881
68464 16466
4711 48508
59878 53403
30953 7056
7740 88556
25846 76203
72761 51252
11509 4532
96867 89236
34430 89369
14049 40718
54352 4812
7965 30718
75271 80138
61276 7038
85711 53726
12191 9258
73733 18654
60536 13487
2967 56200
97581 98987
2901 37849
30861 15414
5464 78914
33063 83592
83455 84691
19418 72809
39762 28851
93720 65387
1804 2571
52545 38510
77739 29306
90228 75040
81349 34998
53901 12524
74965 26317
95088 73270
75445 63111
99171 716
20153 16806
29850 88273
68693 8774
46778 98235
84237 94898
71018 69448
75622 51125
25926 34544
9760 64909
47595 59198
12669 17448
77121 67814
47757 68441
40500 90135
90513 19072
25898 1694
50210 18828
53125 4964
29429 9789
28051 17072
61373 28831
3281 70634
40240 47838
54029 65499
20944 57051
89598 17049
37767 43046
81451 59264
96006 84937
10169 73674
62385 68023
37810 15910
97099 69591
57791 4840
78332 6613
80491 72097
6476 97719
84629 56338
94881 3849
18090 73195
53793 93147
19450 22125
18296 69696
65811 70921
15916 4249
32790 20478
88680 73709
88352 21534
93466 18411
79483 33927
86393 49473
16224 71767
26949 18368
3970 16571
7651 6309
25813 48671
59939 9763
71595 6100
8262 21222
49809 32905
35810 10729
88835 95906
98098 56407
32717 92799
27879 2589
96989 25097
37013 16914
66240 88599
50564 95939
67285 31053
35344 29126
31167 22850
81324 68440
90728 80358
98928 83746
36214 13725
39609 79553
43196 49505
79794 46826
79869 3361
19958 63287
15377 66705
99234 99098
68848 82927
61632 42647
28115 50451
99892 17523
6137 20089
56784 99097
6530 89199
57859 63406
12882 12986
53184 66701
61022 99561
44406 88837
71521 67542
95898 3963
19828 77863
70100 17428
72576 2063
75057 26535
76260 21750
71456 96443
14426 24613
4008 61022
54093 44689
12114 55391
44133 4497
43617 4025
56765 36797
66708 41037
38062 69462
14384 41401
50163 40367
36171 30504
3526 4836
98288 333
34671 7775
8157 52766
37110 9850
26905 71424
90059 93144
25573 74313
1582 79752
81337 49394
26432 97205
59916 27135
81440 30069
92886 99305
46084 37246
4170 76403
47180 61533
31150 60384
14550 50841
2446 41361
251 80654
98342 51579
54458 63266
20402 95900
84428 41816
15157 41913
13029 54031
31627 85164
34999 62052
84364 94484
13114 47968
50768 1291
94668 79224
53582 85662
78655 30556
84117 64971
54456 78409
68293 40548
28246 45906
92669 60021
79188 99599
10198 12224
55221 78884
71401 65531
50270 62651
54343 65602
59236 50281
41523 24362
3476 2479
51247 6854
62803 65753
29961 77914
56392 99039
47362 26466
36551 55479
72093 85041
8893 12513
98704 97885
69187 22001
19988 27884
60708 94353
8392 94519
52239 78687
68941 89102
22618 39473
29051 55531
5580 10575
30057 63625
2258 73897
15705 45423
47617 23017
75930 43498
21727 35530
93746 13822
13681 61639
70187 86813
72390 3479
19989 70198
47770 89571
59695 50885
32256 63489
62538 43392
36254 94690
60707 36014
63205 63551
7344 97913
17462 70852
7011 49114
69127 14623
15820 27869
88293 72622
49353 56382
31664 26667
8778 45203
38082 82957
972 50896
47772 39807
37181 21587
70889 57649
14012 14665
72708 14454
19862 32866
30221 18960
45910 5130
23335 82601
82332 91373
14920 64014
33542 43479
19750 35236
19215 34761
71492 30918
35969 26380
38299 27977
25570 70118
66661 27394
34084 23852
15901 28514
99502 49251
84211 72923
87260 63974
84401 5334
9975 74892
52433 35946
43294 40007
24293 67451
49606 8415
92537 62610
78523 7225
9698 9499
52478 67318
84386 92889
9906 65387
70850 95547
51647 65271
73688 43552
70203 48249
26638 28369
80001 58956
94550 5571
71062 63889
37873 98670
81533 24246
52836 55965
96886 48864
1995 90875
97827 89410
9236 20911
74823 15300
51794 38620
26691 5119
16305 48135
52988 83059
34534 73935
16374 29920
915 52172
90277 98918
33464 99388
59676 55679
42654 86008
16643 51514
51261 32067
87543 90142
79674 66963
62684 94342
4327 22295
31308 53326
76287 43334
81701 89656
78115 38342
26821 30883
11371 31400
96057 83418
66848 31169
72021 60862
93170 79827
92760 15738
65962 50336
22297 10498
74579 30346
70619 62317
2542 73749
15100 26681
33292 39722
3146 90419
77760 39767
56775 17696
93449 8659
27553 97744
55983 30466
80459 44628
99448 28180
785 84337
67741 49475
94146 68495
8584 3356
78455 86244
98126 66796
82651 13727
46987 47954
71857 75156
8473 66430
6202 70041
73049 61630
21938 608
87325 30337
51777 63034
14107 3734
97183 20568
46672 24432
41053 79049
85611 64631
74776 32346
71399 18796
80956 31843
67323 6593
1254 78742
93603 75169
59323 7586
98331 1936
50039 64230
99096 70048
39041 20474
61706 35962
98813 72695
80954 91327
89304 53925
60612 66634
39623 31868
34326 50450
12248 51892
40513 41557
8944 20078
38020 90393
77225 61229
86806 65944
83604 58321
91516 42566
63365 9373
23813 92663
31545 74860
71067 92853
33820 31763
59510 67282
33835 70720
35457 58494
22219 40463
60712 7224
6156 52383
50744 53433
3365 49409
5630 24715
44212 32891
13979 29948
46075 42464
44798 18133
98018 34292
38376 29073
6349 88180
7350 55706
45027 52954
16843 51280
13627 69676
17405 59168
81321 74808
7029 72288
31961 9500
35101 63086
83828 49890
79186 76612
41264 27634
8314 77976
14540 54835
38186 63607
81557 75958
14642 22164
40215 88062
72891 97242
35288 44573
88492 8540
27790 55387
99895 21748
89279 34286
65364 77902
46989 13668
54235 50506
18732 35354
34487 60549
67126 46813
37259 55205
71007 45296
71921 22083
75076 52110
61177 36262
96476 98087
29079 8084
65694 15310
31117 43922
77802 63502
76311 45378
64644 50273
78652 42166
47322 8686
47808 85057
36679 73212
5778 64719
55026 94160
2497 84250
9851 72690
15212 3922
56694 3586
5973 19804
7945 24523
91669 99149
33299 80474
50692 7610
29619 85574
59392 51662
28646 65867
65731 66280
43311 82202
73760 87456
2469 98689
23415 13141
81888 87713
9158 18645
40845 55000
27881 14257
20374 58661
81613 17300
44778 63814
70420 28225
3736 72206
92778 13434
31199 45473
57970 85949
59802 75979
1931 60930
28368 73698
64619 35386
84827 28017
24504 81729
29799 64517
21305 51502
26020 67305
19451 99471
87334 44210
46092 67169
6566 15352
63400 9027
74865 44161
26499 20751
44207 65939
17052 97999
39470 13244
96315 40384
4423 73814
68689 40275
76338 27871
2150 93679
3542 3572
90926 20072
17886 16287
29698 24635
35821 47350
69970 17704
15818 96985
56262 76991
41592 64177
61690 95396
17676 61286
14543 65050
61015 34955
95678 62995
96502 7194
93030 99233
29792 65025
87271 79295
83800 55548
60547 4139
69396 1124
28123 54962
81803 50296
86576 81875
4922 61317
8454 67649
91356 62406
34941 72705
8626 5036
78496 78923
86319 81455
36275 48775
16510 95919
82922 55986
94412 90388
94386 44724
99037 32451
176 48927
7819 77215
53245 81453
85082 40671
88676 56389
44570 42620
44728 76113
40712 39316
83712 29009
13930 14475
52646 52591
91175 773
2672 10896
5436 79198
65729 72320
45666 41046
1838 4650
22184 85691
51372 95188
40044 78720
85548 65057
14165 70266
62875 54647
52554 6480
97874 80606
37105 90518
95752 89783
71983 19268
28290 90333
66259 42534
33382 20230
6331 40487
35877 6286
33000 69129
68880 77175
13170 81931
41710 68993
24774 46964
58490 15604
10277 64215
55902 54846
96143 67462
52165 29057
86979 12473
94582 80195
80134 370
59180 68767
82810 26957
2732 7169
64996 49600
40729 33992
30659 9898
31299 50916
11698 78658
77399 49663
76524 8626
21430 16911
32171 97550
37246 81146
87319 10404
24916 60400
27263 64434
69919 54025
41845 96822
38087 57774
96774 63630
73843 49202
68131 34809
46435 11804
81684 76739
26934 30471
42763 47472
69104 79188
80829 65715
36668 32881
4677 70905
56187 9706
762 35611
52498 95797
57025 63033
27393 21569
48437 40566
92734 64486
36357 87248
48179 7153
61592 39241
68926 8383
18240 47235
18831 67321
91347 95485
43646 12894
2793 99859
3252 10917
5528 56432
32256 94627
82302 20358
47346 28764
69613 23521
55832 67421
36126 38317
31931 58633
84949 62116
70891 48338
25562 4016
71983 99150
21009 72469
41867 38971
73161 82732
12801 6488
69987 68643
84520 48007
7157 9441
84314 17943
77866 82894
92522 35903
32250 68090
57287 91134
66398 30594
65436 61872
52936 88253
99551 26540
55016 35413
84127 97035
24858 77437
56691 54508
20740 25843
29354 35711
43394 29689
79721 15590
97500 72472
10875 89199
96717 70400
92345 45201
14038 40606
67849 83274
13034 13283
32258 90104
1729 84847
16664 1780
18510 18531
14735 35090
70098 11208
59506 24278
93589 50989
52382 3505
48751 78110
26090 95652
70978 43943
22469 14861
29652 304
1909 39890
58510 77711
2616 36813
13313 59295
99205 88939
94406 82741
96933 57136
66500 10292
51566 40621
51166 74250
47795 24113
37376 8985
59638 87018
97377 19719
73503 60840
46823 61644
83887 66550
4149 31625
88947 50501
81764 29076
70705 89192
44745 65815
55171 15505
57834 88902
10321 64794
82127 90778
64379 73660
94620 81431
59102 29449
69723 74802
99440 49171
56950 32056
14758 14158
5662 16629
11349 45254
60329 57676
10798 33724
80030 20704
34359 48559
17641 26057
96316 91882
38408 90473
6670 33301
17591 45356
88734 1112
53001 82427
84540 65191
73144 16187
30610 2402
45120 29707
29616 71699
60317 80701
46944 41410
39596 7068
13033 46115
84207 52020
86619 13049
52889 68858
15473 88081
60008 3226
40699 26455
22222 48419
9907 52933
82024 37724
61262 66618
73028 60917
93118 86171
73303 52404
57285 37648
96286 2115
83402 57773
62556 41410
18786 65711
66035 82937
24959 83802
23354 71642
17034 17105
70418 83941
34513 29904
33392 91297
47080 48791
57042 54909
92622 32785
68716 9799
19199 54838
5262 22764
20856 51644
39323 11393
68029 2861
34187 5876
96720 71784
98408 35482
32305 69415
35775 64576
40685 27254
17813 74457
64001 82693
87321 46278
64081 88386
16826 4342
53563 64489
46956 9142
92918 73465
60523 74952
7596 31528
69480 30520
80782 91517
7179 44627
86971 68647
97906 25728
94028 5338
82074 49736
6754 23168
88528 18735
94361 20398
87115 51198
14711 90976
14170 19400
57658 56104
22210 99228
2337 70382
61418 71731
53556 41199
95219 3268
61442 49794
93263 44365
67823 94670
32540 86776
80289 69551
88465 38113
78933 7561
72041 46083
76105 56936
93306 85866
1555 29460
24026 18954
85491 76471
30076 17555
82764 86173
24337 1784
80853 65049
99698 57076
81857 12260
76396 34551
49411 33234
93347 9205
81513 73557
86192 99686
61702 10299
89742 82520
66813 80746
35641 54949
68667 91111
60950 79224
69295 55247
15695 41204
530 7910
40152 64466
5723 3352
50785 73654
96608 99366
19730 6419
45653 83527
90836 39665
73023 82972
47351 53804
18128 15171
26083 87702
35024 54905
71445 89976
16031 74904
93304 242
62169 43925
55498 71874
76563 58543
89832 98669
38092 32701
33058 28268
8289 53481
93850 30229
61934 31148
12154 54747
98918 67008
5959 36034
65668 41907
59006 2713
73622 91412
77898 94918
70704 98077
96512 16421
81263 56300
79560 80617
48039 77579
42873 25692
65244 22598
75052 59288
99119 7267
90117 52437
26988 11050
32566 90831
49237 62933
80886 36478
13205 30814
81211 80749
41898 48820
84992 30387
53116 80865
50699 59483
41031 2055
4649 54196
38677 38416
86915 43188
88268 13614
49094 38804
79668 24466
27897 53860
24699 87998
15555 21766
76093 46818
50639 47521
70616 78737
94021 90914
32915 65547
59381 16823
62701 36162
78273 99832
96489 4907
80676 99023
75953 87558
14900 4740
18390 49034
59529 31665
7348 37909
55756 94662
50401 6564
14293 56640
69818 31856
97360 6037
44520 11411
5732 78443
38586 54317
93172 28993
73687 43457
7834 34527
7223 68428
11532 25546
2726 3781
34410 34537
48007 94992
83194 89808
24632 64300
76438 71061
30246 27597
37987 87047
34866 31353
40346 97162
31178 51874
70066 12045
45689 16721
47040 5536
76892 96039
95529 7705
43871 97997
55530 30563
75431 82953
74866 82194
68221 72935
13336 27797
50816 81362
65783 57177
28430 69568
8659 65647
55179 65805
49381 70789
3598 65377
6377 91037
26533 90846
34474 46985
47592 94652
91490 4754
71914 65893
91038 27780
89021 83483
19464 2997
89713 81768
94348 46620
46144 46409
83205 9335
959 89532
76284 99743
81413 7770
51026 35793
37176 65748
79630 47871
96615 74196
8956 73251
32103 16454
94858 52950
17753 82408
54132 19618
86192 74515
26963 23871
38774 78630
33772 9427
16222 31895
92370 11254
85205 52444
6333 10543
67707 19533
82728 54320
22478 48759
18000 2611
55004 3110
53607 42785
69401 16849
38489 47658
3079 2901
1693 13403
84734 25033
85438 5956
95867 70263
83989 54446
74241 73568
86258 39783
88972 61954
6884 41852
16827 76725
80346 84167
19206 46593
71599 78175
31565 57739
52921 46981
39975 54974
5628 49668
2374 7490
14506 30945
30057 47784
37207 57987
44062 99251
97214 47123
63586 20456
81664 20962
32175 27718
30490 13467
91298 95468
4710 71748
29767 50818
84836 2711
67163 67323
8268 17421
26702 57371
32326 21631
60493 64773
49413 46688
61514 62743
67306 68226
21437 78539
52290 1863
22103 47960
59719 24798
17491 70843
6563 52634
19704 5530
76845 3208
30222 35517
64046 28383
570 37346
7008 63777
94885 14250
47570 81930
1732 66537
50949 81321
80904 95764
72977 70560
70927 76029
13024 30775
48445 30222
56334 50059
56463 71819
25328 10624
75342 81173
33992 84223
30313 88596
73028 15054
29632 11606
63094 75918
37079 9353
58884 5295
65772 59393
94427 26247
62803 59009
48894 17023
47301 492
18221 25760
90686 54805
79395 74030
45337 25679
76539 75872
55835 53396
78717 58507
30703 68417
13388 29764
28032 26014
63584 15364
67846 17679
95448 30033
40300 19022
12007 41923
30905 30066
82530 5234
41682 17364
90237 35131
96369 20542
57466 69166
85156 23106
21652 36095
22717 60402
40009 45399
66032 90218
30048 26323
5281 44792
8719 15002
2418 20162
68814 91449
94254 10146
38425 57811
97501 20584
60863 76551
85370 84389
28989 26811
43402 61538
21931 12314
36235 39513
53476 61312
18275 30190
21987 93373
26603 87383
90703 7593
92057 85810
56005 39073
68127 15147
28299 75561
91955 52124
46235 62699
78173 96603
27984 16688
86262 53724
83335 17891
63248 40168
34717 62115
24467 7238
33398 80525
10436 42792
85689 10312
22946 16342
91875 60755
59930 12245
33798 1022
8599 92456
53788 23215
28335 97603
43356 56472
27882 30070
92389 23564
70868 29632
43167 11942
95523 7189
95538 46583
10936 18900
33981 95774
96022 57235
572 55004
27739 90076
43481 53758
61655 69002
94341 28991
76674 45758
2548 44589
33227 15899
5309 93933
23229 52528
81491 61670
64224 94722
9274 98708
98925 25611
74228 62069
55260 67552
99245 18026
37550 56573
52118 5753
3896 48156
33405 10770
21508 80948
27186 27499
24886 56389
72840 71397
61582 19499
66957 79971
37827 80584
52837 63554
48730 47989
89891 99460
32959 38823
98073 23946
53728 55940
41637 55620
11486 15206
92872 70329
9588 44765
7876 53304
54333 66901
52983 40160
92602 89997
59454 58193
2628 51709
14958 25989
20721 51019
49854 18405
34480 14321
63192 60101
12663 54771
93704 51648
95763 92136
53100 34231
97745 7350
48124 61689
87646 58691
61618 20321
34889 99228
96136 39065
30477 14214
3397 85387
89558 66025
93174 88912
12437 58723
92509 67427
29625 47311
83943 13674
91984 43327
5389 163
35236 50878
27416 60185
55668 90024
11011 42044
73681 79230
82721 19237
37245 99295
78869 79506
68134 8720
7972 41217
80343 28162
54406 35905
88826 29849
7805 3781
75023 19142
4850 25847
16787 59677
33424 36767
18634 92668
86217 49798
73761 24088
91424 75642
43246 82011
64347 25938
77232 78892
54465 77794
15705 90668
39339 5106
66686 94263
88070 95830
52013 87409
73653 10533
56353 66989
13359 58775
95245 23785
9371 86685
580 49296
15530 65686
85617 62955
79769 31138
10871 91744
82139 46692
2577 47011
74323 19794
38294 90697
13988 93813
81952 2786
4680 19066
31567 8374
94464 8164
6190 93210
41867 8836
99567 95259
30613 51274
32638 62822
52128 17034
47368 90862
91058 26201
63562 1917
50308 90620
17082 9380
62073 49037
72256 64026
15564 98535
48899 31754
23647 3086
82130 16120
74437 79896
83656 24931
12384 96652
50019 79865
50956 15215
56096 92831
87323 70841
31269 35686
12451 9891
77696 31593
48520 26141
2268 9122
3110 37498
79519 14097
76255 55793
86133 41100
55105 95578
79006 65598
61198 90090
69132 60238
99195 78690
49944 13489
82663 68689
9225 26203
63268 72416
12074 99767
63279 67931
23718 98355
48121 17786
15862 34740
83987 16877
556 3587
5052 88298
78934 44802
83182 39382
7197 31234
9465 61236
33488 25819
88167 60021
72237 71328
28692 51430
68723 56724
35758 9053
88135 35219
20602 8882
98891 55355
31952 55829
28390 54719
72350 61891
56039 70400
78019 91180
89428 47413
95716 14317
96854 99490
52168 67297
56207 61688
37005 79597
25203 4064
82173 88488
51217 75250
35364 54887
66072 56556
74863 27933
59047 15563
73606 6403
82544 4771
83361 24157
23118 99620
10271 51583
5298 72028
92249 86461
87403 53854
60671 85092
43812 29688
84536 10879
4150 72735
8012 4049
70047 81143
22371 77484
48613 6741
73480 42960
8826 83158
25893 65993
73695 36892
56268 30945
34472 1636
71407 89579
1180 93909
71058 32759
60472 54458
51284 6680
81882 15318
61326 30889
18008 33992
43546 27337
64541 3443
52106 48713
50157 26155
29028 84196
92715 51259
25481 4234
1410 51650
68344 88797
160 41408
56052 20348
56826 48010
9549 41143
98347 96492
32036 887
81780 88579
40492 4784
44804 65833
10400 11870
31654 96329
27253 744
47818 75432
11541 84431
41205 56637
91912 11631
1853 43728
50551 79831
65528 63692
79071 22123
58649 75990
27980 27760
28604 50152
41107 53755
21505 94841
63254 66799
41415 48987
37102 80559
4633 43386
48541 80481
79398 20134
89686 37589
25747 10806
29869 33796
58742 42656
77745 56717
98190 78052
85663 73307
22620 25540
60980 83350
58931 63355
70625 59206
41878 27088
34784 43812
10640 63828
25034 49679
50060 94028
684 46114
69838 40277
16011 56916
69846 37080
8814 6730
98759 77599
78193 39845
47061 49599
84431 2704
56065 72789
56516 91401
89366 50280
90444 52048
30976 56563
23427 17643
9586 89573
2230 25859
26619 42988
46851 92503
98332 2539
79704 92970
31568 24287
23623 5208
97142 18304
14691 92171
63553 85059
65846 97633
11848 48097
9063 18147
86210 1739
34755 15853
96192 70056
949 95287
88524 18916
58194 74130
47916 9514
2494 98367
77249 54452
43670 50337
93655 78481
43223 60840
65119 79935
9204 99510
94896 87284
28002 90108
42052 52000
98853 86781
85105 75091
17914 84608
92817 33467
28738 2344
47847 24038
26032 19926
72792 40955
22835 29440
67273 24178
88184 40384
73439 87789
45509 91493
25847 43266
21189 58667
1031 57509
19919 6589
89471 26568
17921 29031
55947 44173
37911 26442
7421 7484
49686 19501
35453 30904
17905 32736
63544 49675
52024 65226
90462 47740
52543 6465
46166 65755
59940 38734
46118 53880
7464 75413
56952 66230
32918 23353
47341 27776
86614 81342
53699 85500
68743 23409
13593 21278
67856 91771
18603 9142
48234 89049
82190 41178
35388 11389
62020 88508
80427 74667
86305 62991
92652 25215
12037 74898
29564 87876
52662 57701
30848 29514
2424 36079
1442 20855
14496 22434
54132 77317
55577 32924
47223 87615
17906 50684
22748 83035
63043 33211
7779 19368
54131 56687
70036 95228
94050 23334
70931 95647
76517 81922
78228 58007
12148 46764
47649 11202
59115 59509
61332 39848
51695 50483
91346 97930
23860 94348
1160 13783
99314 57511
86838 37214
5176 33376
14682 24962
40860 4749
22354 11032
34614 51220
97396 80540
71554 91007
29177 50059
13791 61715
88272 42594
26104 69968
29065 43724
1403 85460
37099 97515
66534 97193
69533 80805
69488 57521
24679 14804
68303 98941
51408 89610
85375 47828
90317 94678
69985 73660
61743 44197
48912 89514
59447 37169
98387 64432
18261 97269
59578 67610
36975 45576
49406 52490
8921 91554
4982 12011
39047 4181
95296 18087
72040 89410
51006 64472
77470 44086
1182 95605
8562 45301
74533 49695
86882 31786
67782 14687
48668 27515
12163 75171
95015 82814
73220 68534
9845 74094
2776 13433
81031 17317
64660 84165
82832 43456
78013 83792
45930 35860
50212 87530
65590 92543
2945 48338
32371 2041
63108 58800
33473 84565
89167 69166
79038 73704
13639 59955
86249 94515
94495 40229
76787 26555
9648 88022
49408 43656
87176 8167
10336 62933
13613 62846
28401 53985
88199 31666
20108 94280
13389 98232
20030 70468
12779 98537
4125 28544
14689 29611
75125 52439
11516 23743
99461 83263
16169 80083
80980 86017
62973 89924
36756 81566
2730 39737
90709 16808
92580 64788
49709 71546
89184 10615
69738 46350
87767 36801
44175 39729
64954 31469
57102 76906
46172 52166
88650 66319
30725 42697
51038 27176
32463 11935
79435 93911
80263 82359
24527 76376
30039 98339
59628 52098
64625 19168
57042 25862
56342 44088
31349 98109
81970 27616
33683 96105
64910 37363
95266 98168
64038 94126
12179 2277
83610 68608
80444 85656
80018 11175
91966 74120
36577 73000
90953 90511
50145 68760
37587 4968
67455 4588
93413 39422
54826 89415
11108 30921
23398 94595
1783 78467
40398 74175
55071 54161
73078 97271
82207 68744
59849 32433
38682 34257
17577 11919
1607 51358
45925 58606
35502 78051
10568 89365
78964 70800
94967 92809
40872 62317
33589 85128
67873 85301
42693 61461
61571 23893
73462 9941
2930 79176
37822 36782
18953 49330
22096 51016
80927 25464
66033 81608
99836 90353
63866 94586
20552 27361
45198 57751
66876 22542
32734 71741
51440 93977
3161 72324
1968 52616
9982 75488
24914 79887
61565 17032
2407 64581
94104 57181
14643 38744
83270 20339
80124 76740
6919 5119
85686 8877
96893 81787
29220 60164
4354 37112
55035 63397
89834 91380
26376 44726
36625 2188
45760 18702
60835 55051
12382 11155
50684 84360
50240 3609
44716 49660
71101 36801
47814 33538
65739 46515
65409 17775
74637 28940
1160 15110
47674 40015
38689 83708
270 42389
1747 70665
42465 91368
33273 27807
45930 38121
37175 17540
12717 62967
7989 95984
76552 96265
14719 84510
52738 49665
73701 45742
23568 50500
19928 84959
12033 29363
81500 38686
34151 61367
53119 67228
98412 59672
13380 82545
25466 93337
9277 54610
20733 76783
48191 3180
42305 4755
61916 94573
54043 82837
94136 88887
43877 877
78327 78313
67042 85160
19397 95465
57364 38195
32434 67595
43242 74626
74681 31108
32048 3126
92105 76128
53143 1232
85573 55114
8368 19867
40279 97308
94926 22642
98520 23722
81207 70848
43699 49203
15870 65998
92121 81
86051 38664
9263 21007
55626 54735
15098 13402
70309 793
66194 52971
15928 10422
83894 4834
30194 27577
