458 269 491 477
331 102 268 109
426 238 213 205
330 410 147 292
177 151 422 375
199 347 111 180
313 118 107 55
338 127 116 24
263 119 213 410
245 78 426 140
494 126 152 94
99 92 41 206
83 453 364 183
497 213 288 200
475 341 235 374
179 465 271 315
238 131 127 263
5 405 201 369
11 64 365 284
457 212 292 165
310 238 201 71
121 248 349 232
491 6 69 165
316 371 195 154
105 74 128 397
149 23 410 334
40 199 174 389
38 396 149 91
222 350 354 417
333 83 46 461
122 102 292 21
441 460 59 88
247 361 360 397
395 164 233 222
210 388 294 240
509 460 365 275
134 396 208 193
157 205 381 6
416 470 470 123
334 376 402 118
365 87 147 204
478 497 497 159
179 337 149 49
356 233 183 315
313 163 214 204
402 136 391 38
139 291 212 110
54 103 186 187
411 493 219 83
433 84 212 120
424 163 102 304
19 325 207 216
81 473 234 251
253 49 337 473
505 22 192 206
173 56 101 275
191 347 100 382
497 133 481 204
49 111 136 386
494 51 259 159
97 415 442 182
468 354 96 58
66 195 266 21
124 449 218 245
482 292 295 230
106 21 425 21
265 145 432 361
493 253 326 248
356 367 121 47
291 72 210 75
85 376 140 510
76 136 473 508
112 463 386 422
110 14 485 231
133 352 131 328
447 496 283 60
388 45 274 334
483 138 180 359
477 143 363 451
510 492 234 130
20 245 104 287
425 167 86 188
416 458 235 70
419 240 396 272
170 163 208 404
12 297 219 117
174 499 149 244
356 50 70 64
317 29 73 186
413 455 400 95
85 361 464 289
287 109 510 420
32 182 195 103
447 21 312 505
231 109 30 105
271 274 197 208
219 307 241 203
331 248 233 510
299 256 469 100
171 465 259 201
37 315 210 234
366 200 42 80
147 207 491 381
318 506 44 277
426 234 233 174
111 457 80 305
25 20 261 51
294 232 344 258
46 405 3 91
369 70 301 75
352 324 157 416
477 127 326 211
348 457 149 166
174 234 113 178
245 152 307 19
230 52 333 371
166 435 52 492
393 452 161 15
234 266 56 348
73 162 502 380
405 395 271 211
136 389 121 188
403 237 183 37
370 470 29 410
265 365 92 240
459 113 142 203
400 460 244 10
252 13 309 435
182 388 489 212
142 26 123 235
493 199 455 124
490 275 202 208
296 26 321 79
113 117 217 91
361 439 4 468
299 129 454 227
480 201 77 155
462 179 357 256
69 371 393 286
248 281 107 252
492 11 368 419
222 175 281 283
119 250 358 477
258 48 445 124
287 55 151 394
122 273 368 475
59 387 239 340
504 279 277 335
425 487 305 359
229 371 168 364
210 345 206 52
116 353 248 339
382 159 160 132
389 393 366 183
279 454 295 447
380 485 353 59
431 126 488 168
49 321 303 209
88 332 153 439
363 267 305 131
139 41 44 476
100 5 181 78
222 206 441 509
270 488 189 407
259 252 429 37
107 490 115 135
189 45 221 354
474 329 73 405
262 70 450 452
102 210 80 4
78 354 427 194
394 152 384 89
467 454 309 14
487 83 180 410
238 95 341 302
238 162 416 138
494 239 4 367
332 269 421 130
224 227 310 405
9 348 413 351
413 377 148 302
154 467 216 158
126 128 271 36
263 483 238 62
380 371 185 283
269 97 174 417
394 27 103 83
101 295 28 356
367 68 228 94
426 510 433 100
408 24 198 72
219 292 82 307
207 461 20 235
491 163 404 208
270 141 22 193
294 139 297 493
37 399 488 103
338 386 304 358
167 74 231 60
67 42 104 90
363 18 453 149
345 5 505 323
149 431 48 453
26 430 217 258
204 31 30 292
95 468 252 22
144 420 226 138
311 365 222 359
501 318 404 207
180 238 382 194
428 83 444 169
389 249 428 88
407 171 482 118
76 504 55 480
321 365 310 192
153 460 397 70
78 492 224 490
96 460 255 68
315 128 235 370
443 403 258 242
45 221 240 426
401 354 324 98
182 398 327 421
152 255 507 388
297 30 465 45
336 302 228 49
392 92 332 189
56 341 10 367
235 388 205 215
294 36 318 248
255 385 382 484
461 300 150 266
389 34 139 400
350 109 253 28
331 92 27 138
202 69 461 74
131 471 174 265
79 105 171 219
83 328 139 320
312 161 29 323
400 486 422 334
192 164 393 366
487 493 198 147
176 253 10 315
252 358 1 281
124 44 259 19
452 44 441 318
411 370 310 98
275 167 222 286
126 208 116 127
411 70 315 144
420 15 210 334
151 217 464 462
431 80 95 142
410 460 242 15
286 455 275 74
225 493 348 435
2 468 355 451
395 323 208 490
13 348 491 256
445 123 479 193
16 407 23 364
503 318 280 331
475 142 479 156
187 102 239 151
175 276 183 144
185 470 261 192
4 299 384 285
441 52 257 394
284 380 432 12
72 196 29 240
78 509 426 340
390 179 506 263
378 378 152 108
438 19 214 359
112 72 432 126
82 390 228 509
221 82 70 216
300 180 370 452
270 215 107 484
209 144 179 114
343 337 338 44
431 13 97 485
493 2 80 336
424 197 41 5
112 348 234 275
239 278 298 50
65 227 119 163
47 167 319 127
480 385 428 11
84 486 420 318
280 473 107 67
158 78 114 261
83 272 451 387
107 353 301 24
81 432 139 485
330 504 351 421
308 202 426 406
178 20 412 118
35 498 110 320
485 77 380 97
487 381 54 311
148 56 285 47
171 130 226 56
341 251 78 435
383 19 151 236
313 76 57 367
449 9 389 207
413 212 439 129
220 83 412 298
373 390 460 13
216 412 142 274
80 175 507 469
267 269 250 195
340 91 75 225
155 251 457 104
169 465 426 295
282 292 326 279
300 502 451 23
15 495 413 74
141 348 16 71
100 94 219 15
167 145 213 493
148 198 424 88
410 221 68 312
77 436 98 93
342 81 117 50
466 263 110 153
74 378 189 498
71 350 121 123
384 197 326 482
505 121 387 96
60 95 204 154
162 306 302 351
235 365 65 340
230 346 382 45
335 296 250 196
137 421 485 341
265 210 1 40
282 270 134 331
6 330 442 388
23 167 3 273
152 500 289 126
316 69 37 318
102 391 343 236
332 201 246 264
481 86 245 484
337 496 71 115
437 412 455 475
36 305 412 363
279 347 298 14
92 39 447 338
420 349 249 475
335 375 229 263
301 344 211 202
299 476 46 87
448 56 154 369
122 287 500 371
188 59 270 402
307 113 411 7
217 104 45 264
363 96 49 6
156 60 203 129
24 93 482 295
362 259 407 262
342 468 283 388
381 57 28 430
346 188 27 22
444 326 8 415
182 440 220 78
258 6 412 30
473 248 148 501
467 497 368 478
394 421 468 402
347 508 475 56
0 317 130 396
487 294 214 125
305 224 336 146
304 59 222 246
281 281 18 246
369 305 363 483
465 167 478 152
501 70 459 310
112 505 167 334
355 10 351 357
403 99 467 255
439 9 315 406
130 152 135 62
171 47 345 322
392 210 69 233
379 444 408 335
467 100 489 255
319 93 260 454
279 310 243 113
172 498 292 241
39 72 234 448
401 348 490 363
487 379 51 236
416 91 485 148
230 360 52 506
297 114 329 20
411 436 31 390
333 265 470 384
48 374 357 23
87 225 363 139
396 502 25 198
392 422 496 423
498 108 506 457
213 14 328 43
62 92 22 426
337 101 202 362
422 164 93 391
121 47 471 117
55 190 435 383
180 264 21 203
414 500 338 90
288 246 274 365
234 216 365 178
104 372 22 28
468 409 489 490
216 499 115 44
138 350 186 413
220 423 496 75
418 179 147 424
138 133 258 100
241 296 331 356
296 463 217 466
219 58 302 189
475 24 29 112
472 76 337 219
51 401 219 366
233 0 495 435
314 158 392 106
467 312 23 480
173 369 21 0
417 112 55 109
126 185 270 94
412 423 368 277
275 453 5 282
227 85 255 232
397 486 428 453
196 195 54 467
165 174 43 22
227 216 483 216
103 199 464 358
164 318 492 81
445 440 229 499
119 35 166 147
177 268 307 149
17 61 477 465
487 56 189 453
487 56 330 206
198 148 219 348
455 472 2 235
3 96 21 480
351 11 481 13
430 441 148 250
434 302 326 142
402 68 40 404
364 306 215 369
283 100 262 253
345 17 129 493
144 174 40 470
37 192 232 77
180 434 299 396
135 64 132 397
86 119 248 215
449 246 147 489
142 210 144 358
367 452 137 155
187 457 462 319
23 413 372 271
243 40 177 390
327 145 49 455
158 343 247 279
166 142 3 117
353 469 217 198
145 456 359 306
145 136 507 195
500 223 316 220
278 141 414 265
85 85 291 303
111 413 433 455
322 354 378 302
274 506 139 63
335 478 240 222
44 302 40 335
312 173 210 234
477 423 245 328
260 489 247 399
498 360 414 211
166 99 421 207
4 219 162 198
105 404 192 335
75 466 368 322
258 325 243 145
265 192 398 175
164 387 509 310
62 163 329 254
134 63 490 486
369 117 132 102
401 0 333 288
67 308 81 50
486 169 303 289
313 15 337 276
82 360 297 198
340 336 17 162
368 149 469 433
62 158 202 349
112 233 98 434
119 65 417 400
432 76 161 433
83 80 391 41
74 48 206 277
360 494 344 459
5 504 375 422
247 298 188 392
123 288 491 499
35 388 15 241
352 499 364 185
495 436 247 344
456 51 411 117
2 39 394 493
460 47 58 476
362 97 185 199
453 251 14 173
286 13 396 170
276 116 351 143
324 32 394 382
52 343 253 237
326 468 243 340
174 400 308 43
355 320 12 180
32 276 128 410
54 184 453 291
284 237 442 16
312 209 446 109
21 81 283 18
113 277 0 241
351 214 315 293
266 247 431 181
227 48 163 146
109 163 481 392
100 295 476 100
215 360 323 4
214 393 38 118
88 274 334 252
141 2 129 95
310 478 78 259
384 267 448 196
483 469 457 505
280 148 268 88
37 14 148 166
461 387 462 12
100 503 253 38
102 145 466 32
25 404 164 277
423 2 20 44
43 103 501 505
508 200 86 234
232 324 388 171
187 365 404 335
356 28 356 360
474 115 85 448
30 75 384 116
375 30 387 236
237 373 71 130
484 10 199 313
311 318 386 380
53 285 28 422
501 234 352 378
83 197 400 138
309 268 65 508
252 381 227 112
65 288 224 94
416 173 334 257
269 92 475 158
197 13 33 262
155 247 453 382
321 408 464 34
118 391 294 452
219 391 394 183
442 219 95 459
36 109 320 489
154 285 50 92
212 422 417 506
282 39 419 165
263 121 134 358
416 90 182 225
362 190 416 396
421 479 88 311
323 229 458 231
146 131 258 264
352 379 402 7
138 439 118 27
220 219 368 292
200 343 18 131
268 177 34 15
328 267 376 219
147 412 382 265
138 132 398 491
280 113 234 298
201 496 459 219
216 313 129 65
7 152 273 373
42 29 318 440
331 273 329 54
336 245 16 268
114 153 298 228
89 210 440 362
37 82 328 356
61 327 83 374
389 191 357 406
391 30 448 163
467 347 333 380
168 220 472 496
306 94 285 373
485 331 315 331
114 75 261 35
175 178 340 508
371 216 233 333
274 476 361 32
156 296 123 471
175 199 393 437
430 393 282 259
272 235 18 505
260 316 153 110
397 489 261 505
312 98 33 194
298 454 134 69
382 458 234 385
62 186 64 215
179 167 359 424
243 457 379 260
1 422 330 136
118 330 464 352
101 250 49 149
19 118 480 378
133 242 60 1
389 488 79 192
198 216 358 136
15 142 286 48
361 295 326 331
445 280 57 506
163 143 11 243
270 7 324 117
153 126 508 423
136 25 42 463
262 274 453 319
337 433 335 348
456 419 135 254
109 147 389 90
348 195 62 390
52 393 165 505
201 12 341 9
153 289 366 273
9 125 12 398
435 53 251 497
388 463 233 27
462 131 415 276
223 278 10 78
455 33 152 451
12 340 389 247
102 172 241 335
227 134 303 115
347 106 195 358
369 113 237 10
347 49 483 225
499 399 439 229
401 435 246 193
110 387 220 289
493 76 486 220
362 417 78 318
74 104 247 498
99 207 362 329
443 494 262 137
510 223 29 486
4 279 501 66
441 145 178 161
105 215 192 467
342 461 33 77
30 86 497 59
143 49 182 117
191 30 381 369
353 281 185 34
84 53 153 101
375 161 294 361
264 331 389 430
156 112 9 10
508 324 466 182
385 410 229 11
235 375 505 19
343 474 3 205
184 23 37 177
362 14 315 317
493 39 30 196
29 270 406 23
205 105 69 192
101 479 470 138
129 507 502 429
49 263 195 79
110 472 501 6
111 174 353 164
100 451 105 59
36 192 230 27
199 159 247 394
114 333 141 88
351 434 284 177
314 172 64 403
126 268 302 340
340 478 44 61
241 443 89 382
508 356 319 265
389 321 53 437
52 324 42 355
240 478 272 269
25 253 39 114
510 106 399 318
199 233 216 252
10 212 210 36
357 280 299 118
208 47 53 231
275 144 267 163
58 119 361 258
145 365 206 339
160 231 494 443
243 30 53 280
442 26 327 198
310 232 382 145
139 92 64 329
48 65 169 31
37 225 22 91
274 421 294 90
354 403 172 209
420 176 228 484
423 42 199 81
73 95 406 79
347 444 295 114
70 361 280 227
363 464 477 64
182 349 481 381
51 472 122 457
332 387 209 116
504 44 83 257
47 107 80 13
468 338 324 438
450 243 189 61
338 10 89 20
253 104 92 321
432 393 439 497
488 348 406 285
3 199 314 176
390 55 482 463
0 313 170 92
423 45 399 351
419 503 116 298
369 264 48 172
149 304 332 120
186 240 211 356
346 229 347 234
2 457 354 102
463 87 353 0
277 392 60 83
475 155 14 159
478 331 49 314
150 40 48 488
82 94 364 420
176 340 473 237
11 372 87 25
356 498 403 389
476 436 497 508
274 480 191 111
192 38 83 154
85 270 336 172
244 109 328 136
82 448 507 52
149 193 346 340
83 496 247 150
114 209 250 434
264 115 112 81
152 318 37 148
14 503 149 361
42 399 407 273
269 121 228 503
506 309 182 107
192 15 208 213
169 161 28 302
229 38 217 109
112 53 346 341
408 24 173 79
480 308 35 178
214 164 327 242
76 152 361 278
7 374 199 353
217 85 253 390
410 101 166 429
100 493 324 428
240 285 416 74
219 44 14 418
136 72 255 389
247 346 488 413
62 349 223 371
108 474 207 13
148 256 287 162
332 284 214 76
463 393 479 441
187 325 39 394
316 293 252 12
255 423 18 16
142 391 450 356
489 420 478 442
148 505 45 187
460 194 508 201
474 445 184 492
148 60 124 87
173 379 485 124
355 442 287 400
103 67 359 100
372 215 468 30
273 328 447 381
446 62 204 405
187 14 429 474
113 7 87 456
495 448 27 436
295 224 25 231
41 30 471 245
233 95 145 135
156 156 24 227
40 69 36 51
243 274 196 253
167 19 289 112
243 482 293 372
389 246 492 397
497 3 152 6
489 282 405 174
449 175 403 227
409 19 96 192
1 254 433 494
50 127 383 202
317 95 176 195
52 191 360 439
69 301 156 149
319 479 259 225
94 1 0 461
356 489 197 5
190 225 131 39
175 206 293 315
320 148 211 53
437 452 147 422
13 215 297 210
134 395 169 250
257 82 18 39
283 191 489 494
130 155 261 261
53 79 336 350
294 392 409 463
258 372 398 276
107 168 461 69
389 265 333 139
244 53 446 53
67 171 74 476
281 365 66 168
422 222 119 372
23 154 504 357
229 10 31 165
358 130 63 432
110 360 24 176
112 424 361 231
454 292 264 448
409 336 25 424
332 332 203 379
38 347 100 63
202 108 510 37
147 267 49 411
425 87 508 450
12 317 287 199
465 224 344 54
140 473 449 139
407 130 2 441
86 440 262 67
22 391 52 309
306 18 446 139
463 197 152 385
120 217 250 107
282 217 194 33
279 290 438 316
43 378 503 473
152 453 230 304
424 448 240 164
413 326 61 96
142 96 108 53
44 439 63 20
53 42 507 267
291 228 245 20
376 278 73 437
256 5 2 364
34 71 342 97
135 129 242 131
439 176 273 157
431 46 416 489
395 228 269 381
268 116 383 83
299 316 76 14
59 359 122 333
471 405 333 377
145 251 7 398
199 373 173 55
3 228 160 63
9 286 424 116
403 52 309 226
5 48 417 507
54 119 385 227
55 161 16 216
281 218 1 194
82 227 146 375
45 426 96 462
474 476 135 332
135 232 423 151
378 202 339 379
473 447 374 108
156 340 199 253
269 223 44 388
154 179 437 66
171 166 18 0
131 507 319 505
262 229 460 445
28 224 432 72
277 239 128 188
20 461 82 38
422 65 97 230
350 305 399 283
492 252 67 413
362 75 375 490
407 283 89 473
63 216 57 161
315 270 390 203
46 7 338 97
233 255 211 97
236 98 214 309
300 124 209 357
458 73 399 321
423 306 416 235
371 109 37 71
2 427 338 216
224 509 507 433
51 287 323 434
332 504 363 221
3 88 333 24
264 145 424 75
458 59 121 454
193 1 237 501
63 225 311 410
123 434 101 441
454 195 374 368
474 217 252 84
18 338 186 255
62 375 304 374
403 382 146 488
206 240 257 70
263 44 218 499
189 131 191 360
439 449 368 216
439 188 498 59
121 372 13 378
379 178 138 87
450 340 383 130
107 101 181 475
80 213 155 51
335 377 167 332
426 97 229 54
289 124 208 161
404 345 466 59
26 357 454 181
471 217 50 111
177 449 376 406
275 266 158 467
322 305 215 261
502 390 355 445
117 4 454 167
446 277 416 312
346 431 147 504
373 199 337 77
59 451 53 414
124 487 70 67
18 47 446 434
315 178 28 447
479 17 88 305
479 138 489 5
86 149 292 156
326 218 466 261
353 441 460 366
255 329 122 344
366 59 339 328
149 150 497 441
334 90 389 289
61 178 428 10
115 256 80 221
422 439 230 234
71 406 429 41
211 144 283 73
61 462 269 489
225 45 16 289
461 161 18 164
443 450 138 345
27 159 76 294
385 278 429 144
414 465 420 430
504 178 320 11
270 274 111 408
341 119 219 417
384 272 203 287
135 287 382 45
188 168 277 509
170 433 367 282
341 128 52 49
485 403 194 161
78 299 339 444
32 5 171 309
417 142 256 257
206 238 172 258
180 246 67 375
426 454 3 254
241 419 320 412
235 107 434 475
503 60 58 164
339 482 50 406
110 246 369 97
428 215 153 222
3 336 461 437
257 276 343 315
119 252 106 169
84 226 171 453
187 225 344 324
151 450 253 85
385 106 287 217
352 14 437 442
367 251 285 12
141 364 307 469
386 312 151 129
140 271 107 411
101 314 0 28
70 85 402 339
421 206 432 202
430 40 378 70
55 277 9 147
133 263 269 118
285 345 57 177
245 52 345 151
217 157 6 85
350 267 420 343
299 21 318 41
29 408 411 70
192 304 111 10
504 145 491 510
143 53 443 36
107 169 368 409
491 223 388 376
418 486 224 2
336 473 297 316
508 89 54 424
260 201 93 101
81 64 16 454
390 331 269 103
239 143 185 25
26 440 204 65
500 87 3 83
387 238 151 387
186 44 379 439
151 370 313 336
467 390 174 160
457 444 88 461
21 387 482 172
220 434 180 88
259 498 154 61
307 279 397 481
482 369 258 43
272 324 119 243
364 173 291 17
313 505 114 467
458 346 189 344
142 256 438 385
133 61 28 252
109 125 155 400
0 456 379 114
24 344 254 197
266 304 301 193
408 295 119 421
387 129 6 31
417 2 94 269
177 108 323 416
444 60 262 218
292 119 224 395
276 416 358 266
415 322 331 493
456 242 29 253
211 64 363 473
386 48 209 83
311 177 128 158
487 331 339 307
227 242 119 240
48 179 298 395
469 0 87 167
374 379 165 487
9 497 428 349
226 505 440 345
68 266 77 366
405 92 187 476
464 107 123 118
215 77 120 116
314 125 391 243
141 27 349 219
406 255 49 66
321 173 401 428
51 490 34 155
41 393 58 417
5 267 12 338
295 349 134 345
127 226 1 1
470 179 240 504
422 359 202 464
466 270 69 478
341 377 362 460
288 307 477 273
23 251 273 264
73 140 440 275
77 32 449 146
158 325 381 504
260 35 373 211
305 332 406 68
132 142 248 61
256 479 358 194
198 256 156 68
134 494 450 491
135 484 54 14
122 157 250 370
168 459 109 510
341 324 447 482
386 0 138 309
31 83 289 69
176 219 456 426
56 215 96 149
356 45 19 277
447 370 379 58
375 183 411 137
436 397 201 381
2 353 479 82
288 332 211 307
175 18 70 44
372 436 390 272
254 482 497 456
193 338 124 161
327 197 416 28
223 153 500 278
501 26 470 364
464 10 488 450
222 148 141 330
414 109 216 303
274 329 331 248
282 70 506 242
248 372 271 225
28 6 358 154
173 208 234 389
56 259 157 371
340 279 307 335
70 242 76 341
41 480 378 383
508 264 380 215
43 183 114 201
438 368 373 219
450 246 82 15
386 102 487 237
425 466 331 279
149 198 113 247
342 294 509 188
29 436 405 95
118 311 57 78
145 431 450 460
391 332 291 504
118 411 442 100
259 85 354 153
108 283 62 149
132 491 4 71
165 305 24 440
77 417 488 503
420 249 119 263
31 494 73 77
161 249 399 149
352 469 107 361
438 460 280 400
434 345 9 26
327 113 363 384
276 336 217 164
462 311 480 42
432 88 301 185
456 395 45 449
317 222 224 169
138 355 207 339
350 454 461 304
145 402 183 447
146 501 29 191
318 229 146 31
430 10 69 110
276 173 5 226
321 111 362 489
123 178 413 136
61 161 43 191
417 95 436 470
21 466 416 11
481 487 477 332
228 61 176 114
423 243 179 467
366 324 435 276
8 289 70 424
295 271 212 245
243 305 212 403
406 332 110 74
414 111 326 339
453 395 373 12
232 76 417 445
69 38 272 281
149 337 496 259
277 283 353 93
176 37 98 22
185 266 451 75
42 253 284 314
479 157 25 464
179 167 177 5
218 420 309 300
164 101 83 104
334 203 10 107
307 485 159 316
210 75 215 371
132 298 369 442
258 236 386 341
98 147 222 92
94 18 187 237
285 18 158 501
449 11 10 307
81 185 302 451
471 81 246 182
411 251 503 72
155 247 329 298
9 175 188 3
69 37 283 355
454 433 348 189
147 500 246 139
434 200 439 236
429 492 324 90
188 22 302 456
212 321 170 49
60 146 263 291
483 192 509 411
49 331 445 357
111 98 436 397
134 239 96 304
67 349 226 315
112 85 145 94
64 18 378 493
380 487 355 289
65 491 111 161
241 335 222 452
405 236 405 39
87 394 377 449
211 230 186 39
421 74 12 5
405 445 121 101
421 264 480 299
147 390 167 509
208 13 248 395
427 441 315 424
209 325 468 314
32 320 80 1
285 224 231 453
470 431 30 207
448 199 508 252
260 306 226 217
18 141 430 82
450 412 237 171
188 298 347 219
269 427 319 266
167 412 226 394
9 105 445 439
436 127 442 162
78 470 56 426
34 432 446 337
258 339 484 468
261 215 165 180
209 52 463 140
410 261 162 466
485 194 245 420
492 247 229 449
509 434 123 147
499 312 271 436
143 336 203 305
119 266 31 348
238 124 267 451
359 44 378 466
190 164 251 445
371 216 2 64
411 114 32 426
446 174 300 202
147 458 391 509
464 76 204 204
365 382 493 367
133 330 91 150
326 165 185 99
446 483 230 311
351 418 209 44
321 460 59 303
281 434 292 356
383 367 161 41
325 386 485 44
161 10 347 371
48 359 392 107
85 416 88 361
357 118 1 7
504 469 327 462
390 148 491 226
142 40 377 7
188 216 402 261
406 407 271 392
317 391 373 117
87 206 492 67
69 47 13 430
415 227 344 306
459 367 291 204
92 38 43 450
283 226 64 264
237 346 1 250
378 170 267 211
94 409 84 369
21 178 339 48
401 384 178 450
420 374 275 421
461 459 168 217
445 238 510 3
304 85 232 116
68 8 207 231
160 351 192 435
433 196 222 74
192 316 92 175
245 112 258 477
299 281 368 490
324 161 139 500
262 487 53 484
339 226 256 415
77 120 160 320
169 369 126 10
309 146 256 448
321 381 302 375
299 151 52 44
92 117 63 252
97 63 486 224
335 366 454 81
391 97 428 166
502 244 391 27
481 364 20 17
134 171 488 110
402 203 400 346
392 132 274 293
22 274 448 397
301 256 47 321
252 376 291 229
264 377 347 153
330 62 221 77
296 346 250 217
411 22 265 442
35 69 387 311
454 19 197 290
363 471 423 57
33 317 87 284
293 419 310 47
42 385 180 414
249 129 450 430
281 239 24 193
429 314 362 500
293 364 278 76
187 437 471 351
270 63 242 209
273 247 358 297
358 359 442 194
53 99 350 332
417 346 176 377
507 440 53 238
357 396 267 205
317 14 29 248
234 246 461 73
307 468 439 467
457 315 28 510
19 384 36 286
467 379 202 480
332 318 129 266
360 171 138 288
387 58 245 399
39 60 128 59
247 286 42 449
332 61 444 462
115 160 479 237
183 293 138 412
173 204 240 285
476 494 330 502
102 238 120 19
312 288 65 264
344 182 264 482
135 241 122 375
418 475 337 221
280 42 480 384
289 357 431 338
309 439 101 46
475 19 410 70
423 269 390 233
476 244 340 445
61 407 216 476
395 16 224 496
139 10 111 38
448 471 231 312
115 143 440 456
331 138 438 20
332 482 145 29
121 80 201 216
178 56 209 393
78 467 19 7
38 216 203 476
94 42 262 239
430 176 267 104
353 43 426 35
407 498 223 426
491 16 341 184
475 59 93 210
414 201 324 170
29 131 232 439
195 63 129 419
17 454 108 342
394 75 117 471
93 172 74 401
80 340 0 296
438 448 198 41
149 357 88 241
299 56 258 417
290 93 189 364
217 64 329 202
337 272 25 25
170 446 196 242
425 476 425 172
188 129 8 361
350 184 56 169
240 196 161 265
104 375 393 300
158 4 503 72
497 349 487 505
481 39 110 26
411 432 150 45
504 275 204 370
413 190 283 405
236 232 281 212
139 181 504 249
203 92 106 337
181 114 41 369
137 355 263 420
352 486 215 123
93 295 64 86
271 204 332 377
144 212 41 169
227 191 339 490
473 453 37 177
60 142 472 124
365 483 183 170
97 461 410 123
106 331 129 445
507 256 155 18
195 477 346 157
120 440 3 303
501 181 271 384
322 410 179 451
153 325 203 309
497 12 60 333
364 289 32 352
162 56 297 417
266 235 500 429
376 313 133 69
163 81 472 207
327 252 403 359
475 239 493 261
335 395 131 325
132 163 92 249
183 395 269 144
243 403 408 135
61 200 213 43
450 270 211 70
360 184 146 453
129 106 247 398
44 477 215 436
411 147 123 97
424 114 312 125
107 17 37 253
105 57 50 336
148 483 235 347
270 293 453 378
420 288 215 205
58 504 384 79
40 320 369 74
343 277 254 52
357 367 413 299
400 111 53 88
471 358 428 329
130 462 452 499
269 337 347 12
132 235 284 34
311 408 103 348
288 425 251 205
337 373 97 262
332 88 428 168
101 217 30 369
361 19 431 465
342 145 299 66
229 160 389 310
401 227 296 302
97 480 70 112
150 189 309 54
439 469 295 228
260 237 246 122
330 406 368 99
464 295 205 7
297 31 206 96
246 509 259 15
117 470 505 364
505 396 421 347
88 432 388 278
295 226 299 501
291 26 351 39
322 126 9 300
315 453 454 210
302 361 328 163
432 423 468 204
46 177 257 397
447 507 393 456
4 85 282 442
354 70 406 156
397 155 415 338
75 390 447 316
72 213 132 449
278 146 3 34
78 416 352 468
476 443 214 364
138 329 421 74
195 191 383 327
229 391 145 216
498 488 113 324
383 410 90 71
102 386 163 507
166 128 473 39
38 158 435 183
391 346 310 488
135 32 128 210
44 189 235 207
490 335 297 436
480 396 384 404
226 444 68 26
255 29 243 383
232 267 503 467
125 422 481 406
105 316 214 489
195 420 184 263
474 190 91 207
10 279 55 498
132 328 425 86
415 328 35 102
353 486 138 10
72 185 231 147
446 371 29 486
473 458 66 372
91 433 75 126
339 361 309 461
7 427 190 238
500 494 410 18
251 431 173 318
65 367 113 140
491 306 466 289
310 248 226 484
12 460 256 423
137 203 103 294
485 59 236 71
192 163 509 131
441 220 488 140
398 205 381 143
326 223 8 429
297 476 29 22
225 213 360 208
447 259 506 424
345 286 362 199
5 213 175 508
495 412 131 13
210 117 380 60
330 262 457 310
482 489 89 333
270 166 189 445
100 132 205 231
383 340 215 252
434 187 275 380
183 453 381 272
248 34 182 421
214 53 462 403
501 125 388 205
218 285 433 478
370 337 361 240
255 330 144 437
256 438 119 191
256 305 497 133
379 201 121 301
209 11 70 44
154 491 467 282
364 147 108 483
344 83 217 330
166 69 386 272
21 52 23 91
228 234 222 185
366 354 260 458
355 143 139 45
230 96 393 105
116 389 272 123
366 182 60 77
190 206 388 434
506 493 298 118
458 241 341 340
49 431 61 321
147 409 181 192
226 150 228 104
275 53 332 47
291 102 58 105
288 459 309 333
332 401 219 497
8 308 329 221
60 145 424 377
194 483 154 252
114 334 17 407
233 472 161 452
120 451 24 433
294 189 55 207
260 217 203 414
468 57 88 469
229 171 189 374
90 216 45 115
9 416 347 64
295 357 93 482
237 201 94 309
27 373 203 200
305 311 499 334
492 419 0 329
205 235 454 282
303 428 373 397
413 237 395 89
388 216 417 360
454 21 209 454
40 12 385 478
139 87 493 1
7 370 446 402
492 320 46 382
171 96 92 364
3 48 439 372
437 139 278 419
100 131 78 19
376 498 314 407
493 30 36 58
469 381 109 381
61 168 232 339
47 161 487 109
103 14 481 401
341 387 353 361
406 388 91 4
97 303 486 329
158 146 165 134
100 342 343 70
394 46 130 220
425 286 421 6
324 371 439 283
303 315 173 452
271 39 243 87
325 471 489 455
488 79 145 398
23 393 264 446
489 453 226 135
36 123 171 279
211 24 193 173
31 424 438 160
53 318 374 301
195 215 450 405
27 386 441 182
415 333 133 98
456 11 494 367
348 208 54 195
208 162 507 147
450 51 190 364
489 138 135 96
166 150 142 133
380 338 490 435
216 214 91 196
16 285 183 191
504 101 13 128
243 347 383 385
156 334 185 135
64 474 406 156
288 160 15 455
330 328 239 343
49 173 240 433
280 187 16 465
146 387 205 42
267 304 509 267
405 35 134 117
10 412 236 250
443 87 455 444
191 172 111 381
219 465 431 201
23 99 172 157
204 210 419 441
182 393 281 126
361 501 479 472
88 79 104 503
129 287 409 285
276 122 309 185
379 218 125 150
457 179 425 409
48 229 349 152
462 334 374 361
444 369 398 242
485 406 141 99
23 486 137 449
208 416 491 30
133 9 9 492
257 287 470 144
51 488 377 176
118 100 382 240
502 230 145 482
156 378 196 149
251 89 311 194
165 268 260 31
437 36 421 308
21 251 147 166
353 346 244 22
46 220 150 342
129 68 109 389
199 26 46 94
11 339 30 142
24 315 72 252
328 384 277 478
319 329 233 428
438 391 326 469
248 496 441 279
4 135 224 76
117 189 420 378
32 443 437 249
54 272 14 365
483 462 468 413
306 235 188 4
39 413 221 459
57 296 278 478
85 73 352 83
55 394 6 507
49 76 456 237
269 119 110 475
310 93 160 61
157 146 268 509
37 269 62 44
265 314 418 194
402 278 75 497
361 41 204 10
189 228 378 441
109 248 350 171
498 14 387 405
377 83 162 452
52 414 445 240
488 87 233 356
437 95 180 260
348 238 470 224
109 493 219 271
149 454 176 83
88 161 145 305
238 427 243 418
348 508 221 291
427 299 304 135
391 192 155 56
130 332 483 276
407 365 389 139
106 77 36 311
122 285 14 426
126 268 250 265
77 439 315 49
12 85 296 401
424 299 103 460
175 221 214 173
230 247 360 464
447 78 86 252
167 124 344 464
474 422 340 66
507 3 118 210
302 391 486 151
309 249 23 395
159 141 243 487
18 41 137 342
239 88 480 358
86 89 504 45
5 22 44 28
147 34 159 390
105 13 279 226
191 68 459 144
258 496 304 251
30 19 24 74
92 179 461 236
474 132 485 226
71 38 381 3
234 425 265 28
46 180 299 70
481 315 494 431
376 498 142 350
136 284 12 502
271 506 77 10
273 53 374 45
360 78 417 328
338 358 444 481
454 317 399 466
118 53 155 179
390 304 216 237
339 183 386 229
175 339 215 92
207 236 187 95
255 278 5 394
46 305 341 263
44 355 347 431
272 233 160 488
357 5 162 33
2 339 74 7
44 269 294 385
22 50 169 369
206 226 460 350
276 34 264 439
234 53 177 308
297 73 142 80
390 464 166 48
275 2 330 224
483 118 25 220
57 264 114 234
107 343 216 234
366 303 100 21
125 84 408 455
446 264 352 471
21 15 135 135
278 341 509 494
130 414 198 230
125 33 90 23
257 392 104 98
480 357 77 88
254 243 140 236
131 340 75 313
319 153 495 394
250 417 338 354
416 468 10 477
277 267 219 401
63 123 259 138
90 229 439 74
4 330 505 342
490 63 450 484
459 290 220 167
70 244 320 313
88 440 443 17
89 8 358 84
66 298 51 501
454 219 355 163
376 441 253 170
400 315 22 316
344 406 19 175
163 13 125 215
280 457 104 124
134 470 373 371
464 2 421 471
481 135 105 484
311 458 82 436
321 410 16 410
342 141 53 205
294 466 169 188
399 381 80 504
46 155 306 112
181 370 335 181
275 84 500 329
496 73 441 154
99 133 211 180
44 157 193 334
259 418 101 83
425 348 422 398
373 151 242 304
118 389 110 313
351 86 378 18
260 152 27 345
188 134 449 83
268 379 240 510
487 274 392 86
307 427 505 158
262 178 40 289
374 184 378 296
384 9 235 97
100 480 138 477
401 346 115 395
283 255 196 308
41 375 377 403
259 18 127 479
359 200 105 498
185 40 490 284
318 176 211 3
195 493 77 61
179 117 240 307
427 429 12 6
150 58 186 114
70 150 255 266
479 332 178 29
251 46 153 475
288 238 141 300
447 378 72 122
201 20 54 440
125 222 508 303
339 487 405 477
189 212 454 314
328 433 22 384
289 230 503 327
503 285 468 500
348 401 168 226
442 29 321 385
29 128 229 36
8 290 488 495
246 83 405 203
395 388 357 53
146 35 210 451
232 434 138 445
192 462 414 169
290 165 61 184
124 236 505 465
151 419 116 345
355 65 428 493
106 192 306 9
3 108 390 48
165 401 451 143
224 491 90 325
335 154 499 236
80 227 148 386
100 223 75 474
178 420 226 118
300 244 20 391
314 377 468 287
243 166 273 391
357 109 205 416
241 250 353 452
507 142 107 0
314 321 16 256
318 324 253 81
63 34 388 253
186 165 184 13
386 87 168 477
116 402 480 116
202 449 358 455
207 51 53 68
1 474 143 169
195 363 336 348
507 429 283 476
510 237 352 341
360 372 391 397
375 426 131 502
224 264 455 34
442 65 176 214
117 13 447 453
282 171 458 146
314 416 287 446
27 105 92 482
228 54 226 404
88 353 237 24
126 51 219 74
430 496 182 190
18 458 168 95
256 114 329 467
180 80 407 402
450 215 226 159
420 192 393 91
138 384 228 290
70 225 228 383
453 345 300 333
509 160 93 208
105 212 15 482
252 426 254 480
83 244 432 296
5 43 415 290
168 374 285 245
84 161 273 83
464 369 459 207
430 406 382 351
421 181 14 326
451 128 238 209
270 425 456 32
65 461 415 509
120 61 123 486
457 307 479 472
336 46 40 47
342 509 295 271
317 63 226 221
433 181 413 29
327 87 94 296
208 368 230 249
119 230 451 415
180 291 18 407
248 419 229 150
448 248 456 16
200 226 329 431
389 67 432 314
268 136 187 270
334 264 49 52
421 351 219 351
312 41 462 131
333 318 462 254
134 390 26 306
463 467 306 2
483 398 34 191
412 39 394 363
231 471 147 182
56 333 115 83
109 81 205 400
82 39 69 100
454 116 314 337
166 183 429 297
38 406 435 154
387 55 117 81
247 11 208 316
80 54 507 395
337 31 116 255
341 334 344 265
301 348 346 419
76 150 285 268
148 20 419 144
93 241 299 193
131 311 419 476
239 350 202 74
333 303 223 107
472 193 184 381
154 414 314 438
11 228 52 430
284 416 451 470
32 313 486 255
403 366 212 60
132 374 453 430
187 313 251 223
324 484 333 265
432 443 83 391
410 80 327 96
119 256 394 45
68 347 466 303
220 368 129 27
324 27 489 408
369 302 214 185
205 501 67 88
257 88 64 212
368 85 460 497
15 420 99 488
111 159 309 325
136 22 170 204
431 368 261 479
60 422 211 10
66 407 216 149
156 496 150 449
102 431 501 256
430 29 454 180
306 26 403 6
313 102 180 19
10 376 40 160
128 401 239 119
204 49 361 131
128 25 352 4
304 329 474 485
12 358 64 36
355 120 236 84
416 428 416 250
65 161 145 418
279 454 490 227
410 424 159 458
309 289 272 19
386 246 396 275
395 51 95 29
190 205 187 169
481 331 497 130
281 61 209 26
506 450 302 391
325 98 307 404
138 301 454 325
398 441 180 384
288 310 504 497
26 315 507 313
74 505 293 365
103 10 195 30
390 206 69 44
487 335 408 480
10 332 38 6
200 176 212 477
371 133 94 39
178 27 93 231
329 31 476 226
444 505 77 466
173 185 372 385
470 490 9 37
451 180 168 34
159 214 239 124
396 358 202 457
141 470 356 497
389 287 471 382
12 249 127 164
372 426 210 101
309 404 466 0
187 491 195 32
508 340 284 468
414 207 316 30
42 217 483 237
345 100 400 301
26 256 203 206
219 269 494 487
43 114 353 359
431 171 415 403
383 242 274 272
0 27 103 188
342 436 118 310
472 439 427 315
2 192 215 401
64 436 339 338
185 182 366 273
122 201 492 240
42 457 290 469
3 247 227 218
331 185 188 143
482 181 41 322
394 49 85 360
211 316 0 485
9 262 476 220
484 284 255 161
20 399 416 61
472 77 393 31
85 121 473 85
330 89 483 279
349 267 210 77
328 433 509 217
50 440 270 444
89 29 286 35
256 412 439 212
138 18 473 348
474 407 281 473
154 164 161 408
78 170 118 348
203 430 117 131
354 254 299 300
148 38 274 429
151 123 9 312
402 82 244 9
226 122 338 327
98 81 213 397
265 3 326 12
368 56 418 377
451 244 10 169
76 463 20 414
357 378 323 43
331 497 180 131
426 351 126 333
260 142 196 254
152 372 386 172
430 122 6 242
419 481 225 73
143 0 33 253
206 66 345 402
325 457 502 201
324 37 356 331
43 187 476 252
445 387 50 478
186 336 433 20
134 26 173 125
360 24 312 205
200 382 252 165
199 42 373 249
89 179 312 12
223 302 38 381
145 260 258 458
27 155 437 263
233 504 76 95
71 316 232 367
379 25 190 402
124 40 335 382
437 510 446 363
397 479 233 473
15 118 266 247
119 338 92 310
385 353 12 209
484 135 493 419
132 384 181 349
299 345 331 38
105 184 117 182
153 336 172 165
149 8 5 115
328 16 344 494
212 137 492 32
322 265 215 439
258 89 8 431
285 372 19 291
251 273 430 85
232 468 422 198
244 280 351 459
115 451 361 123
134 129 445 153
56 145 167 486
259 446 364 154
241 362 91 65
321 393 207 171
228 123 181 162
40 332 219 192
88 24 353 437
232 403 305 323
79 263 482 287
338 135 84 8
83 305 150 286
193 59 450 35
489 201 505 284
373 76 199 328
273 175 225 358
176 250 284 326
241 203 314 180
282 200 468 276
212 346 30 395
485 421 42 199
178 428 460 462
206 453 162 9
276 389 73 233
187 350 361 218
85 208 420 127
336 58 63 269
212 216 201 358
231 486 186 289
304 396 163 154
153 156 62 46
191 76 0 238
497 47 226 188
496 110 410 156
480 176 488 117
482 468 204 34
487 162 36 472
482 371 398 181
105 18 387 5
97 127 404 74
122 200 165 310
254 178 299 274
130 94 49 17
294 381 100 154
398 467 385 292
484 136 303 139
259 173 188 47
220 50 406 270
336 329 41 436
183 355 351 57
160 94 501 447
457 476 82 119
415 233 37 310
481 312 418 506
390 388 203 230
84 79 418 58
478 457 73 33
36 464 304 57
145 218 66 36
395 61 149 88
396 344 147 303
411 370 78 468
44 424 49 332
101 99 499 151
423 499 216 61
129 456 325 260
392 132 77 454
38 102 362 87
368 24 399 341
0 88 492 200
181 262 498 507
197 371 336 258
196 337 1 47
347 266 443 236
228 64 180 209
251 446 48 238
441 113 399 266
165 41 13 166
74 420 160 7
99 357 305 264
66 275 489 99
111 427 486 510
186 348 371 199
94 62 337 254
495 153 312 273
316 467 100 294
172 150 498 147
462 320 502 306
223 87 26 49
4 309 216 301
110 387 63 211
281 311 253 268
438 394 180 414
377 413 260 387
451 435 384 156
263 319 300 326
412 285 240 138
14 449 39 195
368 218 114 102
161 19 485 34
458 422 502 232
160 123 264 384
29 276 228 68
281 296 272 395
445 48 370 419
91 509 441 67
62 375 274 310
89 262 285 318
371 84 14 132
467 414 429 326
329 382 479 259
410 495 30 158
183 384 14 468
186 35 397 184
70 108 253 500
469 237 416 421
93 363 323 107
370 177 474 368
170 304 158 56
406 16 418 132
166 459 36 55
409 430 353 205
312 397 14 259
398 409 421 45
355 328 399 246
46 99 321 66
56 37 67 393
229 27 491 243
376 174 101 286
142 31 367 14
387 307 400 197
329 414 65 396
490 14 335 454
163 107 269 264
288 8 503 144
429 394 50 319
331 393 295 396
176 257 78 495
79 348 411 348
293 373 253 269
12 420 143 46
438 32 74 206
270 78 83 348
142 126 89 26
288 241 37 30
290 506 432 417
98 447 166 172
508 412 146 64
316 360 318 405
69 163 491 90
102 468 470 23
157 457 416 308
376 83 460 506
171 448 16 474
229 412 23 209
172 77 142 115
84 258 431 500
20 399 90 464
120 38 159 120
507 214 387 19
204 69 423 346
321 252 255 241
248 262 182 322
33 320 87 192
168 436 271 28
375 132 237 287
300 257 131 44
322 219 107 488
26 47 100 98
155 392 450 426
83 268 479 304
183 329 161 314
159 169 352 251
31 157 414 131
144 394 503 67
430 377 138 382
286 354 496 447
68 300 497 404
260 71 274 147
258 331 381 234
103 285 31 225
392 442 13 378
194 431 438 180
281 57 23 29
16 446 509 397
35 241 155 66
236 332 227 249
403 361 493 330
282 296 364 290
484 341 472 482
335 247 340 490
275 38 84 486
37 163 102 20
311 233 413 148
174 480 42 136
235 259 485 48
311 482 293 396
136 478 200 238
355 266 384 258
454 78 349 496
224 417 5 182
454 266 183 236
274 287 65 474
114 354 287 498
367 28 253 205
478 206 358 484
185 331 52 353
466 315 458 4
25 377 301 296
487 205 399 213
154 362 76 497
283 488 269 319
506 270 98 453
400 283 210 174
33 28 253 432
302 380 498 378
316 122 268 58
352 420 341 434
267 236 372 478
15 427 437 252
388 108 6 360
139 260 463 391
463 159 287 293
398 333 359 244
142 299 142 68
221 413 41 227
56 385 261 8
386 202 195 162
285 367 83 117
343 242 172 469
418 4 99 459
444 256 219 178
230 123 160 425
175 27 496 258
115 487 311 272
469 337 83 41
386 202 27 78
37 83 383 181
310 156 169 295
364 3 258 148
227 217 498 310
65 117 442 77
337 216 378 209
335 181 4 505
292 314 406 39
217 179 355 188
445 11 203 376
145 409 88 12
372 427 140 376
252 186 389 147
285 411 488 129
199 22 445 402
274 17 400 362
321 385 409 445
9 487 474 382
180 393 73 157
64 195 168 493
484 345 25 374
355 485 408 237
14 396 92 488
150 447 67 207
352 125 242 504
1 81 115 26
65 284 253 457
78 8 31 170
355 119 203 422
469 136 390 184
482 115 69 86
366 190 265 108
238 198 252 270
26 197 325 229
494 50 245 358
345 189 473 398
380 115 278 134
378 430 86 120
342 199 125 156
265 396 251 510
358 45 148 320
408 297 491 160
32 283 107 118
31 218 479 140
342 97 249 82
41 454 506 174
55 129 209 36
208 305 380 315
68 439 442 20
384 394 387 107
56 486 395 35
458 189 245 140
238 417 297 91
332 273 106 263
26 150 26 397
354 298 447 238
354 265 258 72
64 116 373 362
29 13 324 136
279 271 225 289
250 495 237 170
239 33 309 482
438 154 304 285
352 35 493 150
240 434 497 465
421 446 96 147
191 313 304 484
161 195 22 465
434 290 46 416
115 169 108 86
198 18 224 278
38 341 100 343
210 459 52 232
244 320 296 274
460 309 378 41
346 82 504 44
342 399 468 442
299 425 188 351
341 359 379 110
319 71 370 187
162 443 320 140
267 286 42 208
447 500 155 124
183 155 118 35
80 74 296 435
162 392 310 483
126 272 30 168
409 416 221 53
308 181 190 426
140 296 4 421
287 383 114 70
325 465 375 355
75 4 234 296
331 349 413 506
435 389 382 439
146 60 459 260
364 439 209 228
46 343 303 280
1 428 151 398
500 347 262 371
447 406 79 379
139 503 122 348
136 251 221 423
241 5 235 392
265 376 478 16
35 157 122 114
308 133 238 430
308 91 183 3
321 228 176 29
160 374 412 127
339 410 263 445
180 306 389 419
335 6 419 8
195 314 124 372
408 471 81 310
432 411 323 168
424 510 116 303
120 226 316 28
434 414 97 47
265 156 369 330
259 355 325 71
393 421 126 493
292 317 244 97
390 268 349 487
385 54 238 227
141 132 22 466
82 69 439 209
226 328 442 454
406 288 18 228
326 107 356 37
198 475 345 204
207 496 75 135
245 389 407 160
421 211 66 423
230 239 406 59
288 458 161 106
127 343 18 186
281 196 58 177
466 251 75 6
305 377 227 185
382 197 419 17
65 414 387 67
264 355 8 306
186 456 89 246
234 241 86 446
406 281 192 314
342 348 398 202
14 152 301 6
355 118 220 428
137 72 397 223
234 413 66 410
394 16 186 265
211 217 227 496
260 51 261 480
141 89 171 11
307 19 64 374
196 296 266 382
440 245 159 156
299 474 401 50
149 74 442 320
498 377 230 35
285 420 428 40
493 221 181 141
491 134 359 381
223 333 350 138
365 97 287 68
200 417 421 101
36 423 390 217
102 17 343 445
226 110 333 65
470 86 45 230
230 338 68 124
294 460 422 157
366 252 477 198
198 396 475 20
463 405 267 492
143 338 217 211
209 214 62 120
69 211 449 19
383 81 505 331
1 22 334 268
146 146 254 347
461 40 388 12
209 213 427 148
257 89 375 251
165 421 466 499
415 309 89 158
332 79 455 193
409 285 286 326
93 147 80 452
385 53 379 325
268 424 324 341
245 371 22 189
278 447 367 53
44 339 421 125
83 154 330 462
493 220 237 290
233 296 153 255
337 237 127 193
451 318 201 346
128 510 108 459
272 428 281 509
291 441 102 429
93 490 298 204
50 97 379 235
189 44 279 297
342 248 132 97
413 11 254 4
65 501 370 363
424 244 112 277
62 157 73 341
45 254 282 161
485 254 508 228
108 308 396 478
493 58 308 79
91 381 418 164
198 224 74 480
482 359 168 479
374 168 208 244
324 86 410 105
366 256 88 258
77 92 492 151
50 0 215 202
86 327 412 294
120 352 107 3
222 313 496 294
51 121 466 33
400 307 0 88
332 69 264 234
255 467 149 346
91 166 376 76
467 496 31 406
407 386 68 391
344 280 103 81
373 242 375 506
75 168 469 451
361 168 372 392
153 455 249 221
255 153 476 343
251 81 210 115
419 151 423 377
253 437 309 114
488 455 301 226
423 404 263 372
341 471 51 24
280 495 247 192
333 88 233 116
473 164 479 264
374 270 11 126
80 457 192 116
228 234 236 475
272 233 142 505
19 312 493 498
105 423 100 116
347 86 146 28
280 430 319 5
60 140 452 186
4 153 76 481
311 246 21 395
84 182 113 230
314 475 219 122
341 14 227 283
63 189 499 123
248 454 359 253
264 406 361 361
166 440 9 386
473 393 472 174
25 212 335 13
127 56 422 470
138 30 129 499
17 31 167 26
485 347 69 446
81 19 414 416
384 144 278 295
17 225 74 146
385 214 480 41
228 199 207 297
4 200 221 418
129 473 382 391
435 275 168 493
432 279 37 385
245 22 445 436
126 308 252 347
74 345 288 440
383 134 294 40
373 6 452 410
145 109 236 79
116 161 338 368
183 56 372 456
491 368 190 258
430 255 297 355
58 284 271 295
308 463 450 135
162 472 472 8
63 381 299 253
17 32 403 298
460 430 299 204
493 506 72 433
338 277 322 299
229 333 83 1
150 77 212 42
73 292 470 356
476 479 137 21
382 212 18 177
390 197 94 474
143 333 214 339
395 433 355 355
496 227 293 122
374 103 363 377
138 160 17 232
369 234 6 73
136 442 288 475
289 239 251 55
206 209 60 58
389 197 485 407
80 272 300 87
453 465 262 214
253 192 244 488
461 438 289 505
335 359 35 293
375 319 209 149
496 316 492 247
252 257 76 480
49 152 218 338
159 481 52 178
100 112 83 309
321 230 247 302
186 186 508 246
27 205 352 245
433 175 453 469
233 438 302 301
232 30 251 479
219 503 388 200
400 234 222 241
212 370 382 154
344 35 136 120
157 41 371 392
83 213 153 456
457 286 83 169
375 229 390 246
455 201 226 80
421 462 60 281
442 411 283 84
445 286 456 17
37 304 158 411
92 495 216 302
322 453 472 382
452 138 188 208
362 157 288 307
252 180 9 411
410 172 17 115
109 270 503 70
358 67 338 36
53 110 191 341
31 143 18 24
57 437 255 58
108 134 473 84
283 35 155 94
128 109 14 319
142 465 47 144
243 20 495 483
175 171 127 122
210 11 335 365
252 218 499 250
155 153 361 186
245 14 345 229
223 129 84 334
123 461 334 458
337 41 132 326
222 430 280 72
381 351 48 215
128 276 132 196
8 207 318 342
240 475 131 356
483 496 310 236
286 423 240 319
321 239 43 453
310 443 318 117
207 482 405 323
219 283 154 2
403 279 92 132
410 392 442 454
54 118 266 357
286 426 480 180
333 441 53 487
140 336 340 232
419 352 293 350
173 333 203 439
436 434 353 405
175 436 506 228
273 9 248 87
498 133 31 264
349 129 116 41
463 478 187 290
355 20 184 350
263 490 63 0
190 53 422 205
4 140 492 121
385 134 500 61
335 252 350 8
62 339 51 125
397 3 138 308
160 197 70 141
147 176 354 137
483 45 504 322
378 84 392 413
3 79 192 142
71 21 70 125
345 293 37 189
425 386 288 418
472 33 378 353
47 434 123 239
97 105 500 167
29 65 429 50
293 152 192 70
364 4 407 231
291 373 251 398
383 183 389 356
492 363 142 394
199 180 21 391
238 87 37 119
430 82 225 170
439 336 494 317
410 163 154 41
405 229 221 410
459 316 15 496
364 339 415 62
374 421 194 341
132 111 12 287
312 31 256 7
446 390 139 462
284 212 371 189
47 121 264 241
91 68 76 103
130 141 245 370
193 83 39 316
348 319 99 208
51 12 479 299
264 328 483 340
27 35 453 272
432 71 173 471
358 193 0 441
287 436 488 255
159 472 0 132
444 313 435 386
476 490 368 122
314 281 421 298
263 498 205 224
407 370 359 407
312 419 447 236
22 243 468 390
107 153 145 2
282 188 328 471
358 293 398 207
325 501 282 246
240 232 293 182
62 202 286 208
37 470 399 349
361 262 67 249
112 268 230 394
444 227 161 227
359 456 459 118
345 174 80 218
503 358 230 60
300 192 425 20
444 488 128 95
335 21 467 283
404 485 251 484
468 168 80 187
344 2 337 258
159 450 358 272
283 354 57 223
284 3 154 24
257 428 483 321
465 433 170 291
161 308 84 504
13 336 440 70
250 316 27 389
192 55 416 164
349 330 396 503
153 240 358 237
323 246 237 237
261 24 59 272
260 94 439 150
128 81 108 13
47 226 427 390
291 260 364 17
271 231 178 331
204 237 158 117
405 499 482 497
173 33 239 74
192 187 420 45
199 460 94 361
425 453 307 73
458 448 156 430
459 81 159 187
347 347 227 240
103 65 366 197
252 341 45 48
216 346 26 372
498 197 15 146
186 189 486 414
319 6 418 158
262 455 148 291
364 193 366 390
308 25 285 323
478 342 299 454
295 37 208 186
504 442 340 142
146 59 494 1
89 230 30 358
468 505 0 241
443 217 267 140
24 397 378 348
138 158 117 105
110 216 254 124
294 499 275 294
13 161 398 264
200 310 160 67
124 254 314 241
265 454 146 503
273 361 182 21
202 126 46 89
364 79 114 13
170 254 500 484
415 234 275 50
244 483 161 410
310 180 400 340
161 106 342 275
505 274 200 478
300 135 387 48
359 414 42 10
284 96 167 158
421 87 0 253
198 341 362 398
40 65 202 427
497 457 275 28
32 225 158 199
93 293 155 94
182 202 315 34
101 114 162 303
165 17 191 424
486 45 356 133
217 306 490 372
346 56 184 151
232 191 372 378
112 116 403 303
434 500 446 264
476 323 455 455
438 3 384 111
369 370 138 214
90 334 206 493
383 17 209 303
451 231 127 395
197 86 283 70
18 24 265 156
230 329 294 421
130 152 405 340
144 379 391 256
40 445 126 307
218 22 316 467
427 393 341 194
71 418 262 476
125 359 74 500
29 129 256 155
431 127 267 220
249 494 281 79
189 248 475 451
130 307 28 189
0 326 229 241
486 369 266 242
130 311 317 411
468 53 216 417
69 108 195 81
198 282 275 411
39 498 71 306
129 343 461 430
398 169 362 104
502 144 433 170
135 408 469 410
96 348 452 167
301 240 466 235
33 47 352 395
209 110 28 115
302 400 135 261
215 380 265 157
280 338 105 235
402 95 295 227
111 156 14 140
378 47 168 3
415 12 322 153
18 417 170 123
371 17 295 140
27 340 399 41
320 332 190 489
414 223 479 225
57 394 12 211
427 345 139 211
454 497 182 342
485 332 467 149
120 197 498 88
178 464 214 190
328 81 23 451
293 220 462 475
99 9 279 56
331 279 259 303
139 18 93 354
31 504 323 54
20 227 293 466
429 274 338 197
243 135 248 503
131 50 75 224
466 420 261 263
336 462 406 119
431 336 345 258
228 250 283 460
22 342 229 82
350 506 510 84
248 67 393 143
198 91 110 16
164 50 351 432
99 22 377 312
419 438 395 402
333 244 194 216
500 58 455 99
200 223 328 25
76 227 335 437
342 432 351 227
353 130 64 20
385 335 478 329
80 108 232 409
226 177 45 50
474 446 474 298
102 483 400 166
74 362 28 25
35 245 28 251
85 353 323 114
172 351 346 135
389 224 448 279
482 432 276 510
430 461 175 443
62 270 144 385
285 29 372 104
69 27 175 502
416 261 439 182
96 148 320 271
46 126 249 190
212 254 136 57
25 412 279 184
207 309 304 135
489 60 154 298
276 361 345 14
121 236 58 241
493 319 302 262
304 167 488 81
87 280 496 242
445 328 134 279
83 447 395 125
31 160 481 317
1 199 98 473
398 368 154 367
140 17 501 258
417 348 237 285
463 488 32 417
347 280 110 445
319 130 217 457
135 111 302 110
411 259 420 137
25 480 343 57
479 207 390 79
454 444 236 160
445 494 317 236
308 504 435 201
56 140 422 383
509 150 489 389
495 156 5 220
426 235 362 233
393 252 432 301
243 493 176 155
437 331 507 399
486 177 366 491
344 297 375 195
124 396 44 29
65 414 447 225
56 479 105 36
246 326 460 85
225 124 117 73
392 427 484 420
374 506 46 310
68 261 56 157
440 0 223 390
210 294 127 311
415 216 347 372
4 499 272 51
123 350 195 180
76 421 477 283
286 494 314 413
333 166 371 169
446 32 469 191
142 190 64 321
287 415 451 238
274 474 208 61
216 182 126 61
47 254 169 500
230 45 411 279
324 143 142 264
489 128 261 170
129 390 277 255
393 482 340 51
272 175 288 156
378 251 270 505
308 462 252 58
152 234 305 429
4 356 200 328
60 136 319 348
475 144 498 235
359 430 438 85
0 113 266 289
502 20 58 191
335 392 43 128
374 177 448 361
337 245 489 264
296 298 52 52
265 67 88 308
231 50 301 274
67 26 181 4
63 214 311 25
459 248 412 496
53 38 12 126
35 50 289 337
324 376 477 505
61 412 41 356
455 386 224 340
302 409 20 298
26 43 401 299
239 178 48 190
17 217 299 42
34 7 69 243
240 122 323 260
100 431 374 485
157 442 390 189
76 122 253 359
58 167 291 127
41 139 234 348
168 468 32 16
212 88 166 91
126 321 378 363
152 227 183 427
28 380 189 246
358 370 19 390
114 71 6 280
41 257 78 404
420 262 459 76
126 190 141 315
378 283 186 381
316 260 101 322
63 55 505 142
374 352 333 306
67 27 175 208
40 194 352 226
256 364 232 342
63 223 302 41
128 212 60 462
447 75 484 95
180 307 494 22
505 247 396 226
473 141 268 264
482 294 319 31
504 165 370 477
266 425 417 249
264 425 144 149
178 103 331 447
27 322 280 330
131 331 164 485
101 36 324 502
399 22 159 16
222 334 387 42
28 265 38 293
292 200 196 456
339 259 497 152
396 123 246 44
328 362 209 204
431 417 202 454
319 491 487 500
466 249 394 437
165 270 258 411
286 100 233 480
417 209 18 108
380 456 182 356
491 384 325 375
493 460 453 224
95 104 326 329
440 490 313 458
149 451 379 315
391 245 170 189
372 76 414 298
13 380 335 339
443 127 371 229
168 192 367 36
333 371 367 488
442 405 9 345
65 189 163 385
282 444 472 127
43 315 212 394
5 158 52 356
305 66 474 299
82 445 345 229
63 74 280 8
13 244 232 209
402 117 215 438
508 251 385 471
100 105 188 430
266 381 54 19
447 387 484 152
209 487 202 424
232 396 400 107
361 441 18 22
2 99 191 40
280 38 441 238
307 399 471 494
131 2 244 20
428 454 3 446
255 446 462 430
484 240 92 398
382 243 139 342
190 357 439 434
491 279 460 495
331 453 329 267
321 314 2 397
153 57 181 277
202 78 237 114
120 460 351 53
446 249 476 264
26 310 109 29
478 334 352 148
44 286 302 265
338 489 237 178
201 461 387 150
456 225 175 54
350 205 163 175
416 365 22 191
479 458 353 189
327 310 319 204
69 373 232 245
74 251 149 237
484 315 341 490
371 443 408 197
55 432 301 374
365 179 97 86
30 466 233 164
140 165 432 481
416 483 344 313
304 225 371 95
330 453 132 411
410 27 479 132
249 315 293 171
72 174 394 401
339 265 262 183
137 147 260 269
267 442 268 219
364 297 247 146
41 13 180 436
473 227 390 209
32 36 355 293
39 46 318 307
239 102 152 486
475 274 90 144
269 146 205 133
341 371 141 169
46 160 461 364
203 179 302 339
432 103 298 12
501 485 101 195
283 432 284 424
328 136 71 278
478 177 159 269
277 438 385 64
19 408 63 104
33 360 75 302
213 75 302 268
248 304 438 408
195 323 355 53
126 391 160 190
344 2 86 404
59 485 418 345
95 475 38 22
450 40 392 294
46 220 118 191
428 211 73 3
330 147 336 238
483 61 17 505
79 501 414 456
182 299 200 300
371 407 279 429
280 197 4 89
126 391 15 127
500 449 56 403
384 66 96 57
125 195 466 388
244 377 20 232
186 65 320 185
251 166 117 291
89 410 35 169
229 66 53 184
7 187 16 11
450 79 21 259
438 500 332 29
14 354 258 33
402 241 281 456
95 401 395 112
68 335 352 73
255 490 95 76
435 6 187 182
397 426 409 151
359 450 182 243
5 103 403 357
447 432 434 15
376 417 433 52
220 469 372 119
427 468 155 99
150 189 294 42
497 466 377 405
337 331 265 243
189 77 295 34
250 96 345 406
86 330 192 380
325 327 135 191
23 31 421 272
98 448 322 393
270 206 88 88
90 155 54 266
462 333 227 86
176 20 463 70
315 390 131 127
118 510 293 190
442 146 6 496
380 347 332 80
1 82 334 464
148 452 490 279
366 170 203 132
478 276 404 484
483 131 126 288
106 197 99 424
13 282 161 487
179 401 383 382
114 485 493 7
297 415 359 408
441 282 240 29
249 193 130 410
112 348 56 496
202 318 37 185
413 96 368 245
288 418 300 2
361 170 146 491
146 182 136 186
249 337 147 270
224 392 26 65
83 399 405 367
320 235 479 466
254 329 188 390
220 237 149 351
297 205 26 307
294 337 25 172
482 2 118 434
440 211 120 117
440 295 362 79
224 417 37 250
387 492 118 412
311 92 298 429
220 456 451 340
448 487 310 299
115 279 335 152
428 390 498 35
330 76 201 117
357 199 146 297
296 460 170 95
508 348 489 333
339 402 387 310
418 240 229 108
309 188 407 440
122 254 368 276
486 330 439 464
445 475 288 305
458 182 438 160
368 73 457 264
156 108 158 13
104 344 295 16
413 215 396 190
388 451 309 299
42 452 130 499
388 345 208 19
495 447 394 279
183 349 379 52
196 400 297 489
35 214 323 149
249 64 347 458
508 51 115 392
45 498 384 409
255 219 285 41
423 217 145 220
222 89 380 42
222 2 483 321
357 423 274 230
116 49 6 385
316 498 405 446
267 413 319 121
58 151 325 30
301 302 105 64
362 122 444 352
45 281 490 434
169 467 73 472
284 135 153 99
291 435 417 380
264 335 18 181
173 205 264 136
307 281 420 381
383 0 106 26
125 390 181 15
423 508 473 441
408 335 311 161
114 252 178 24
11 473 404 117
358 97 367 12
150 25 81 96
218 348 51 2
409 97 247 60
449 100 316 326
303 32 370 143
227 194 492 308
24 492 236 75
70 377 300 318
144 359 489 460
222 478 196 81
37 337 419 2
401 142 148 127
346 271 476 135
13 207 219 486
138 362 361 334
48 448 265 451
122 341 509 254
354 287 471 319
163 403 213 383
266 500 189 101
29 340 27 295
151 402 292 150
349 500 504 293
316 456 275 18
356 67 99 35
125 182 220 152
103 85 376 379
85 42 479 78
461 124 189 209
335 483 42 419
299 116 344 9
493 356 364 358
337 294 98 305
39 307 31 212
187 325 115 213
391 6 207 209
487 476 273 324
381 134 266 479
386 463 403 402
17 335 192 132
207 413 415 398
331 71 364 93
49 266 295 299
411 78 176 287
154 481 149 346
244 294 73 149
36 1 223 384
34 127 358 330
27 310 128 188
2 225 35 135
306 304 400 363
4 458 55 228
320 366 245 168
202 212 455 314
379 386 224 398
505 301 78 394
433 158 446 472
79 180 122 309
454 23 487 382
382 205 236 95
364 70 22 426
414 371 318 350
106 412 342 212
503 137 170 479
329 374 185 55
286 307 348 292
452 109 130 244
406 38 347 221
368 242 167 27
23 508 7 208
469 323 241 290
49 30 46 179
115 153 17 462
493 215 494 149
293 249 159 301
235 399 8 461
381 212 110 411
390 491 505 407
163 408 40 130
292 324 4 452
137 318 318 129
209 122 166 304
145 413 490 124
460 456 287 485
240 352 116 229
147 414 5 449
419 226 364 59
58 148 273 38
428 206 495 204
507 420 381 96
294 270 35 284
14 101 261 378
238 202 413 495
23 141 364 8
52 310 422 417
54 189 287 73
124 472 70 386
123 35 384 9
152 43 239 5
7 87 352 429
446 32 421 223
192 213 312 246
428 196 160 301
399 341 206 112
154 338 313 491
211 175 307 121
473 63 82 274
399 210 335 32
196 384 355 402
117 124 2 430
194 299 417 485
370 367 336 452
80 3 313 415
413 231 188 257
416 224 265 418
133 305 142 23
312 122 403 138
241 128 9 43
342 429 244 3
160 80 48 426
268 88 464 410
430 408 354 322
313 244 3 306
335 119 433 53
404 266 146 437
85 434 190 39
271 221 183 99
485 329 431 472
475 444 311 397
479 375 157 114
215 386 229 389
164 170 241 332
8 227 76 423
105 136 134 400
291 486 496 448
243 272 129 473
493 299 198 223
480 112 135 29
230 98 443 349
470 262 409 439
182 427 212 311
339 355 119 10
445 4 320 69
360 264 411 293
216 45 134 99
38 139 218 234
54 263 435 174
398 192 474 191
505 95 246 405
277 62 362 396
187 167 443 389
469 456 103 377
336 485 27 283
265 144 368 495
316 300 276 151
455 356 61 371
211 176 393 314
149 362 455 176
449 383 238 290
504 157 49 253
147 236 63 209
145 291 441 11
492 228 302 420
3 326 293 225
485 83 291 24
242 468 309 290
44 295 170 486
442 288 477 234
144 184 169 421
60 351 325 335
408 75 92 206
84 409 26 238
471 300 78 437
264 151 443 433
165 122 150 490
114 338 73 206
432 102 305 443
249 301 478 328
76 476 125 504
286 36 293 436
419 130 51 492
388 226 170 182
344 392 269 296
270 253 429 396
56 6 321 349
45 334 436 96
165 177 456 319
303 192 480 45
510 248 383 412
186 173 93 492
302 40 343 211
441 270 309 387
475 382 333 428
63 410 32 446
22 498 290 99
108 239 309 435
56 381 189 349
490 205 107 296
80 153 418 96
229 95 190 503
277 286 382 60
474 250 159 137
389 51 78 496
503 412 337 394
86 211 489 277
420 465 427 275
69 473 361 229
102 488 485 181
349 433 191 160
43 387 385 5
145 46 16 61
172 375 472 22
455 163 21 413
208 167 384 384
46 354 51 415
477 488 235 478
477 195 404 438
498 145 118 8
470 240 86 327
502 144 240 26
214 15 34 449
479 443 236 356
295 341 71 397
332 292 344 403
289 67 74 3
59 308 122 77
118 198 4 354
264 323 204 336
423 14 286 240
171 180 446 229
336 226 304 442
3 406 206 7
365 498 46 42
52 220 254 338
190 88 324 125
121 127 207 426
450 46 374 129
364 387 69 394
123 466 53 377
10 468 75 335
315 187 505 506
474 25 67 322
403 503 477 456
306 493 319 359
346 354 27 406
272 461 265 266
287 404 377 355
428 92 508 394
247 343 350 56
126 11 9 154
231 179 122 496
337 206 456 187
192 462 237 173
29 66 91 363
19 233 262 28
200 107 316 306
358 414 424 287
432 282 394 142
401 468 263 476
232 324 92 478
120 25 59 420
144 178 39 41
484 371 395 351
53 388 265 300
159 58 367 235
187 130 234 231
351 167 217 391
504 166 0 389
201 43 375 450
509 487 275 349
47 383 415 265
303 438 95 504
133 296 438 134
121 343 471 497
203 265 263 463
237 135 315 141
68 176 313 147
419 271 385 346
263 0 359 223
0 173 397 263
195 362 109 494
353 45 158 140
229 85 57 87
119 168 446 462
83 391 95 464
438 307 40 36
2 117 45 160
441 470 291 498
433 149 363 353
274 184 108 353
47 48 17 87
87 70 409 133
339 128 99 119
298 6 279 151
379 122 37 487
197 491 190 214
490 138 296 372
1 83 112 85
215 485 218 478
348 488 172 369
17 118 101 191
434 295 275 219
203 142 103 316
17 410 247 235
285 215 333 457
68 74 373 153
306 173 474 54
73 69 247 160
434 386 342 170
16 379 408 349
93 393 29 451
119 326 436 82
171 437 370 402
333 10 103 164
373 196 65 270
209 96 257 238
501 155 76 410
200 377 367 44
272 90 448 360
46 101 298 96
471 54 381 201
479 266 46 28
469 349 118 309
236 139 477 173
274 18 306 45
346 74 205 217
108 228 220 138
391 198 192 509
369 232 197 319
13 153 188 319
455 18 361 149
104 311 338 324
167 329 250 359
417 170 447 104
273 486 462 461
237 222 136 87
181 460 139 503
43 424 375 293
508 163 330 444
258 508 251 210
344 169 241 480
308 421 19 431
492 456 174 356
5 204 66 319
84 379 299 335
354 406 384 68
154 140 7 173
433 26 333 96
0 372 233 66
368 249 239 156
371 411 181 244
341 106 154 332
209 186 224 31
61 250 436 278
138 158 322 361
135 158 264 316
330 200 323 468
155 214 246 364
412 274 236 321
394 164 168 190
59 133 97 307
13 253 140 321
381 333 343 100
69 71 320 305
315 276 510 483
422 509 130 8
459 303 290 88
217 462 291 33
79 104 22 383
218 198 163 201
182 66 100 296
334 7 166 97
55 297 198 346
280 394 337 302
190 452 403 337
440 324 97 29
403 427 148 42
289 69 509 487
193 168 180 4
208 118 371 84
115 384 294 213
353 274 288 501
218 95 355 201
498 249 396 168
71 446 458 427
413 119 260 181
42 158 405 330
106 351 307 445
162 13 85 47
371 236 242 318
193 23 348 437
57 246 296 463
163 139 269 454
290 236 292 376
172 127 166 398
116 111 326 449
75 79 249 371
289 179 422 32
311 397 205 92
22 402 72 188
491 389 85 290
293 387 187 31
298 505 365 209
178 321 358 367
312 419 495 384
358 61 119 427
24 134 307 195
397 447 5 252
197 307 336 44
121 475 130 89
330 163 288 449
369 104 262 149
161 153 332 166
182 91 258 7
230 224 354 360
60 132 339 332
461 424 491 196
81 224 417 414
365 29 371 96
502 251 204 346
506 129 123 334
227 411 91 207
455 162 346 361
129 398 239 500
464 486 0 157
131 300 198 238
416 319 33 492
103 454 260 450
149 418 181 372
122 360 125 106
175 122 204 357
506 234 120 12
126 302 63 370
153 390 242 335
484 358 483 98
2 113 53 206
7 465 120 111
230 76 111 277
118 73 200 360
483 350 283 456
387 418 333 440
326 104 231 447
239 446 242 350
160 314 220 360
285 104 435 57
277 420 264 84
377 165 450 81
263 324 74 506
157 308 74 377
463 442 294 371
201 233 237 450
301 167 225 224
379 1 107 437
197 138 36 255
445 435 92 228
45 497 282 267
327 194 256 41
335 287 490 426
155 395 98 175
353 73 11 445
494 331 261 265
337 414 365 66
60 247 34 24
495 301 116 82
152 319 296 147
438 220 401 189
360 296 375 198
472 407 23 490
211 399 471 311
23 106 229 319
389 165 160 280
241 171 415 90
393 315 146 401
76 473 433 20
458 280 478 176
116 477 354 277
380 456 337 268
7 412 495 138
172 362 208 95
482 314 234 433
127 80 273 466
121 210 432 458
128 485 353 96
343 269 491 40
506 319 150 229
25 353 193 298
258 413 233 180
104 473 159 441
59 385 508 23
370 389 138 504
106 116 190 284
291 146 385 14
182 414 165 341
54 388 66 51
381 254 338 8
356 337 35 35
502 402 69 361
69 71 266 219
411 451 472 477
427 356 99 254
173 193 173 193
100 204 158 153
5 108 103 271
340 211 424 301
147 61 229 230
50 473 244 223
474 239 134 122
153 397 265 240
213 482 244 110
510 403 467 228
278 157 218 11
452 327 86 60
217 76 349 482
4 498 462 248
142 96 84 82
338 76 348 30
388 13 18 458
410 290 0 249
229 249 272 165
373 96 466 441
122 6 323 454
145 408 408 147
71 223 244 72
357 175 195 118
487 186 261 426
163 222 431 486
370 295 333 267
221 2 369 449
411 415 474 79
244 494 457 490
403 45 253 307
232 375 203 38
184 321 120 26
325 144 67 272
32 452 41 473
504 308 464 246
