84 44 36 35
86 32 3 12
22 52 29 72
0 2 6 8
75 56 3 85
19 82 57 77
23 10 12 62
15 29 23 68
2 17 29 1
74 1 10 5
2 43 67 62
10 87 10 72
34 42 90 65
1 19 5 50
30 74 24 36
55 19 45 31
62 61 25 48
69 36 47 7
30 27 43 18
22 22 11 11
40 2 25 73
25 17 38 24
14 9 83 89
37 25 44 46
0 16 30 30
2 33 7 3
9 8 17 14
73 7 88 77
24 28 27 66
71 23 47 37
35 47 35 11
13 18 21 19
15 81 33 47
2 23 53 35
13 1 31 84
37 76 56 6
5 78 21 1
10 23 69 20
87 20 81 11
84 69 23 23
37 84 20 18
82 49 25 34
2 53 3 33
75 74 11 75
4 73 5 0
13 12 72 24
12 7 47 18
27 81 87 7
10 12 89 0
34 23 73 36
27 63 6 49
14 20 28 13
21 14 12 61
13 71 10 53
50 3 22 52
26 50 89 26
1 11 21 24
0 15 36 66
69 44 31 2
24 55 43 31
56 33 66 64
47 24 81 83
13 54 37 49
63 56 79 2
18 39 51 48
3 62 6 27
10 29 1 63
54 85 45 1
58 12 12 2
76 64 1 13
60 32 49 40
81 21 33 72
59 0 25 1
87 21 33 86
20 32 65 23
13 26 36 79
3 20 78 3
45 32 35 33
29 5 81 39
12 80 12 46
36 65 9 19
31 2 55 7
36 22 56 3
13 88 40 37
36 58 38 18
13 65 42 25
3 76 77 89
14 88 6 2
58 7 22 1
10 69 6 15
23 33 10 72
17 1 35 25
27 13 37 43
39 9 14 8
4 10 36 61
89 27 87 62
82 34 3 56
86 4 13 58
33 72 38 19
86 9 90 4
2 28 10 54
61 29 5 31
25 69 48 22
32 86 73 67
20 61 51 38
85 19 71 5
73 26 28 58
30 37 83 20
77 10 80 29
17 23 16 84
20 66 30 66
39 84 30 81
90 16 7 20
15 18 75 47
4 65 28 4
17 51 55 75
74 30 68 27
32 53 82 85
45 41 10 21
82 14 19 34
21 79 35 10
6 62 27 18
8 1 61 60
82 18 82 36
88 37 75 21
66 84 1 35
10 13 70 16
19 76 88 22
84 50 79 79
80 6 25 20
59 13 29 56
19 42 16 35
12 27 14 81
31 14 7 79
8 80 32 20
74 35 3 90
20 14 9 19
29 17 52 25
9 11 29 5
17 2 65 3
29 58 1 67
40 11 27 34
71 1 76 54
20 14 61 9
10 51 28 76
5 63 17 9
64 31 68 14
89 47 27 23
58 41 23 58
1 37 66 52
37 83 22 21
81 6 23 39
82 86 24 76
4 9 83 64
35 88 84 7
48 53 27 9
3 71 67 28
59 19 66 38
53 31 52 12
68 1 84 41
7 21 26 2
11 32 50 2
13 22 32 55
26 19 24 73
13 35 67 12
9 17 63 21
21 11 20 26
23 45 4 38
16 70 16 15
26 38 57 16
90 39 1 27
20 11 1 7
75 56 89 8
34 33 7 10
18 89 5 47
9 11 32 40
78 71 51 64
71 34 11 24
20 0 9 11
27 61 70 5
84 1 15 28
39 50 90 37
22 6 63 15
11 47 31 7
64 82 23 51
33 15 26 52
23 25 0 62
37 57 17 32
22 17 3 33
33 36 48 74
16 2 33 19
11 40 9 36
36 22 33 2
16 23 7 18
88 13 4 24
36 78 7 10
7 33 11 37
17 18 87 37
88 74 17 19
34 0 78 16
55 30 45 28
26 70 44 32
25 30 48 43
32 0 64 36
17 16 74 42
33 85 74 10
0 17 12 12
10 18 0 56
20 71 28 59
70 23 17 23
1 20 56 13
10 18 61 34
83 52 6 65
75 34 10 39
20 65 16 80
71 19 29 45
75 6 75 29
72 25 32 65
5 15 14 17
65 26 87 6
32 18 6 81
33 89 20 21
10 2 85 66
64 33 41 24
63 1 34 34
14 78 66 80
77 2 3 34
83 16 3 89
7 71 75 3
80 12 12 65
21 32 7 70
40 13 10 12
12 8 39 61
15 16 90 88
40 36 11 48
87 16 40 15
17 45 29 13
24 34 28 58
35 39 82 9
25 26 17 67
36 78 10 87
3 71 65 33
64 19 29 88
3 36 28 27
21 53 25 41
64 23 1 34
54 31 10 79
9 28 32 64
72 50 59 29
19 36 69 11
80 30 36 14
8 27 46 7
35 27 29 57
20 56 12 31
89 12 52 44
17 1 30 18
63 17 51 76
2 12 12 3
26 80 8 21
26 79 3 48
7 2 53 34
83 15 8 40
13 16 61 33
0 5 67 25
44 22 48 17
32 37 10 40
80 8 31 1
9 76 5 81
38 22 22 53
14 21 70 18
45 24 38 34
62 47 67 6
7 27 13 7
52 33 58 89
56 79 10 33
4 23 33 20
17 5 62 74
53 19 20 56
83 23 15 21
90 78 21 15
12 24 69 25
13 2 5 61
9 27 62 28
60 14 40 7
47 3 31 1
23 32 39 11
51 65 60 89
52 20 56 12
75 54 58 38
51 36 47 3
53 5 82 36
2 76 18 22
22 30 35 88
40 25 9 32
4 6 36 21
74 28 6 44
60 34 31 49
11 79 69 24
0 6 36 68
2 26 33 26
29 90 48 66
32 44 3 4
24 28 6 32
7 9 44 25
14 45 10 34
16 22 40 36
23 35 20 19
20 89 36 19
45 35 62 73
1 36 61 29
20 72 28 23
37 11 21 41
86 14 20 13
35 43 72 47
4 8 19 7
7 14 88 54
11 24 29 11
34 10 12 15
72 34 53 24
35 80 21 36
52 25 27 67
4 12 82 22
37 20 70 27
29 57 60 29
12 80 28 83
9 1 82 48
17 30 30 82
49 37 19 6
13 86 13 69
50 1 27 12
13 28 11 52
3 78 34 7
65 71 77 31
31 48 11 8
42 63 8 62
13 16 63 19
4 82 42 24
6 8 21 2
22 35 1 7
49 39 62 63
38 26 73 15
78 59 20 60
60 14 61 24
32 80 16 18
19 22 27 21
70 45 68 1
33 26 30 18
12 8 29 1
58 28 12 31
57 45 41 31
15 41 32 78
14 49 34 29
25 33 80 14
58 45 49 13
46 11 31 20
18 8 24 13
17 9 27 30
80 3 27 47
23 69 18 82
42 31 20 2
75 75 87 0
36 54 84 56
44 76 35 5
73 32 23 17
44 65 2 16
16 87 7 77
35 14 36 27
76 29 2 19
8 33 7 27
90 33 8 21
19 15 81 57
21 2 43 50
17 40 29 67
41 28 31 0
18 79 3 33
41 57 47 53
10 57 23 1
34 78 61 63
74 56 7 2
30 65 44 31
85 28 67 2
29 23 32 52
87 30 21 67
22 27 44 55
69 15 35 12
14 82 21 89
13 39 82 10
25 17 31 6
65 84 10 32
56 45 12 25
1 14 8 33
48 25 28 36
1 6 89 58
45 60 36 84
37 12 57 34
10 25 70 34
27 4 14 66
20 0 83 35
47 21 25 50
41 47 17 26
41 10 59 59
15 10 24 65
3 28 20 22
30 26 23 6
31 22 27 90
37 17 6 32
18 26 39 60
35 21 4 1
17 18 48 35
64 20 70 28
81 12 15 5
55 32 74 25
45 90 44 54
25 89 17 90
63 27 18 3
35 78 51 88
13 86 81 23
62 16 73 3
87 4 56 11
67 86 81 20
3 61 32 25
59 49 7 72
65 37 20 27
11 35 8 23
7 0 24 2
78 7 38 19
10 3 12 18
60 21 10 29
21 59 84 76
88 0 23 74
12 2 65 86
46 36 77 83
58 43 25 73
13 40 70 54
1 65 88 31
90 30 31 63
24 12 17 1
67 0 39 19
4 70 52 53
43 12 36 48
84 46 25 27
84 38 5 30
3 28 29 42
40 30 19 8
17 15 62 2
68 88 14 70
28 39 56 37
15 78 30 75
31 52 2 52
23 19 15 26
12 3 0 65
75 37 30 37
12 66 68 80
41 32 88 2
10 10 49 13
81 48 81 17
0 46 10 74
70 29 48 20
83 58 19 39
25 81 45 72
12 55 67 85
23 72 12 49
48 22 87 5
22 71 10 52
14 6 66 69
3 22 60 25
54 46 10 25
2 22 75 77
86 18 37 64
80 64 13 21
50 68 28 77
63 26 72 38
1 19 67 28
61 85 13 2
53 54 12 35
16 3 56 8
16 24 23 33
67 57 75 42
69 53 83 24
48 85 34 35
71 5 43 34
9 0 11 88
78 22 34 32
40 54 0 68
26 29 16 42
19 24 48 20
34 13 70 9
48 87 7 26
35 86 0 27
12 15 33 30
43 23 56 26
74 49 81 0
73 30 74 30
63 34 10 8
27 59 23 33
30 90 10 4
33 14 31 18
80 18 11 56
12 90 73 33
45 48 77 19
50 46 21 16
79 31 85 46
2 37 5 37
17 41 26 80
34 78 61 40
38 6 16 60
49 7 26 47
23 30 20 77
1 28 3 4
60 80 83 46
34 31 16 50
77 11 24 25
53 35 24 29
73 65 16 27
37 55 40 22
20 73 1 89
52 55 23 14
45 89 12 4
18 6 13 8
14 90 34 30
25 20 75 14
19 23 17 53
34 16 60 77
26 15 40 27
63 7 39 60
51 3 67 30
88 69 15 6
14 11 74 24
49 6 21 36
7 17 27 16
17 46 13 76
30 14 24 28
2 19 73 18
33 14 37 14
22 66 17 9
43 86 68 35
27 21 38 7
34 18 47 90
67 64 49 55
28 64 45 85
22 65 26 56
4 28 24 2
59 72 7 7
13 10 90 51
25 33 14 36
73 74 66 7
86 52 16 64
23 22 30 29
83 28 74 73
29 80 23 0
35 9 21 8
61 24 45 77
17 36 21 6
17 3 80 12
61 37 29 68
60 36 52 86
5 45 53 71
54 0 33 1
69 18 17 9
32 63 48 90
73 24 31 89
38 62 45 28
62 0 74 78
28 34 19 32
13 36 7 74
34 10 37 9
36 40 44 58
36 8 21 17
79 17 40 17
77 10 31 5
9 28 5 89
16 52 0 50
1 40 15 34
2 54 12 30
8 60 49 7
73 58 19 0
18 12 20 65
1 81 19 35
70 90 58 8
29 16 23 49
42 7 56 4
2 61 72 7
7 78 77 7
6 2 49 77
37 83 88 53
65 7 53 20
88 30 6 7
90 83 38 23
11 7 25 38
8 4 39 25
77 9 13 50
23 71 29 12
11 79 9 17
89 86 8 42
26 74 20 10
68 1 31 72
3 82 9 23
37 15 86 57
31 19 45 35
23 9 17 35
54 86 59 7
58 2 40 25
49 11 49 43
14 67 18 13
7 37 65 80
20 29 3 4
17 83 33 23
36 59 29 14
14 15 79 21
35 55 1 71
78 51 26 67
6 25 13 40
20 18 63 46
15 21 42 14
51 3 67 55
20 7 76 78
34 24 30 16
18 70 40 11
39 79 28 69
75 19 52 32
0 28 45 43
62 13 55 43
26 20 1 40
77 3 81 52
45 73 30 37
4 26 15 15
35 73 45 18
89 19 66 33
24 21 2 12
11 61 5 15
53 0 14 20
35 37 23 45
51 65 11 31
56 2 23 45
76 33 32 78
59 76 6 50
19 18 29 5
43 21 8 40
63 80 20 11
74 19 20 28
51 11 14 9
63 25 14 36
67 88 34 11
20 87 77 35
25 28 32 26
29 46 59 15
55 86 9 61
85 65 26 77
30 45 57 1
78 21 20 1
22 52 38 10
11 1 76 19
17 81 33 90
34 66 7 31
16 17 62 36
5 18 69 47
2 36 29 37
37 3 16 82
2 67 7 40
44 5 68 71
23 17 2 18
68 1 52 80
24 48 7 17
48 0 10 2
66 5 65 35
60 51 54 32
40 48 15 26
87 29 23 21
9 80 23 73
89 12 4 20
63 19 22 36
34 2 4 7
7 21 8 66
32 28 36 75
28 0 31 31
33 19 68 44
49 9 5 5
50 47 30 45
46 75 43 29
13 60 28 52
2 26 72 69
9 18 21 34
3 57 27 85
56 52 37 41
24 3 31 53
37 25 74 15
87 13 63 44
26 73 63 8
10 31 2 4
31 28 17 33
37 7 57 82
85 19 21 4
19 11 84 29
18 42 13 9
48 5 1 13
35 66 14 27
26 21 58 88
58 5 4 25
66 89 44 49
19 4 22 14
36 30 44 47
67 66 13 23
73 30 63 19
6 26 50 1
43 4 37 7
59 35 81 38
19 30 7 28
30 43 13 80
19 18 34 18
22 31 22 40
7 63 36 5
26 46 15 22
6 35 40 19
8 29 39 81
38 45 27 53
2 12 33 89
29 21 21 12
67 75 83 18
32 11 4 31
7 43 38 28
75 29 69 32
0 89 6 31
83 89 66 65
1 40 87 43
56 7 62 74
36 14 65 50
89 31 11 67
18 14 15 75
21 32 5 43
18 64 14 90
20 84 27 29
3 85 17 26
29 37 17 48
2 4 42 22
8 71 16 19
67 0 3 72
15 85 13 31
48 40 86 3
36 23 20 42
8 3 45 9
45 12 90 45
84 82 43 23
88 34 18 14
2 15 26 17
29 11 2 69
41 36 83 1
11 73 34 68
65 20 8 29
39 84 52 5
36 65 80 12
82 5 34 67
83 55 59 79
81 29 79 33
36 38 49 34
10 79 1 40
73 5 63 47
15 43 38 69
49 2 3 45
83 81 64 37
47 28 66 60
17 64 64 14
31 61 89 30
30 85 2 13
20 89 77 70
4 16 66 3
40 64 81 36
2 34 1 17
82 60 49 24
25 67 77 4
24 7 35 28
44 0 12 54
36 23 30 36
62 36 42 71
46 23 24 47
48 27 36 7
1 27 28 14
22 6 11 62
66 17 16 20
14 42 39 3
16 8 14 77
16 7 62 53
11 21 45 56
4 53 26 63
32 26 44 33
33 20 75 66
69 33 72 65
11 72 32 17
27 35 31 0
85 32 58 6
6 37 16 31
35 8 21 25
5 54 44 69
34 26 85 82
16 72 52 87
27 68 0 5
24 40 28 33
52 11 12 87
21 42 5 37
33 12 14 1
23 23 78 50
85 34 32 83
59 82 5 62
72 16 23 11
73 71 48 22
77 87 7 83
18 16 2 27
76 79 25 28
28 9 73 57
37 67 55 33
87 53 1 20
78 43 14 14
20 79 25 67
49 14 29 2
81 16 28 59
34 33 90 34
8 12 62 75
16 21 68 30
55 1 25 6
13 65 44 15
27 7 46 11
48 79 75 6
75 82 35 34
0 43 82 8
42 22 83 7
88 30 32 66
13 81 24 29
28 37 12 41
66 14 19 31
42 78 28 17
21 3 74 6
48 18 28 1
54 26 9 30
79 37 1 16
25 34 7 56
76 88 88 11
48 51 86 17
11 8 54 22
37 37 34 23
2 18 10 61
22 10 64 30
42 30 19 58
35 74 29 1
9 8 83 14
89 78 90 32
36 25 25 25
16 30 34 6
90 68 21 42
61 25 68 50
7 60 85 30
0 28 36 81
30 35 36 66
21 6 35 52
2 32 86 24
19 42 1 21
38 63 8 35
33 86 12 11
18 83 76 13
6 20 21 21
1 78 48 28
88 13 18 29
6 72 37 75
12 23 8 58
16 6 64 55
63 30 73 55
27 30 34 38
56 88 7 63
35 86 20 59
13 23 81 48
10 70 25 16
29 49 16 37
89 58 76 32
9 51 76 5
67 61 37 36
68 63 32 66
7 54 35 10
12 13 45 53
53 7 18 14
32 4 16 33
62 27 28 73
75 53 66 12
32 84 18 21
55 32 87 43
5 90 35 11
79 17 16 2
34 4 26 40
52 26 30 30
69 32 50 72
2 67 36 54
70 21 20 14
14 45 76 79
24 36 75 7
61 6 16 33
26 25 14 22
14 37 25 37
33 42 85 73
54 33 5 0
88 2 57 44
41 28 68 5
5 76 18 35
14 31 31 41
13 87 19 33
16 68 65 27
30 75 36 65
64 90 14 25
8 5 12 21
58 74 35 6
90 41 18 77
28 32 59 44
32 52 36 88
83 4 22 22
34 68 81 68
19 55 27 78
57 88 28 9
23 88 15 52
56 7 8 49
51 89 43 54
10 6 55 81
32 80 10 90
10 7 25 67
12 53 20 33
84 22 41 90
81 39 60 7
63 69 0 13
46 43 78 1
1 75 81 11
7 53 3 1
55 27 66 15
15 59 6 78
37 34 51 6
17 39 27 22
14 0 13 18
28 13 34 62
21 36 35 3
21 26 55 20
2 29 29 83
31 17 40 7
35 10 5 45
70 10 32 13
84 75 18 42
60 26 52 32
90 19 79 44
31 21 89 17
80 37 4 10
76 47 77 32
66 22 21 56
67 36 35 34
35 28 29 5
32 45 76 12
70 11 14 20
48 16 26 8
57 30 20 69
22 11 54 88
0 88 56 89
34 13 3 28
2 28 84 12
37 36 84 35
16 36 8 18
14 15 28 10
79 54 15 68
33 6 83 24
30 7 2 65
30 19 90 26
90 70 47 35
70 5 79 28
51 24 46 39
18 23 0 68
29 59 4 5
78 73 5 44
13 89 39 27
59 6 76 60
23 49 66 72
2 11 24 72
31 63 27 12
67 37 83 49
19 17 28 23
31 11 31 6
30 13 47 77
1 13 3 37
46 36 15 18
61 50 51 16
13 36 71 56
51 27 90 47
83 49 29 7
61 7 38 29
18 5 78 57
5 68 69 78
6 7 69 82
80 3 67 76
26 8 58 12
38 27 88 70
3 87 42 5
4 3 25 9
58 10 80 12
30 62 6 44
27 45 28 29
62 3 34 53
16 11 79 68
81 86 80 25
32 40 85 28
49 1 19 26
77 13 9 84
43 55 17 57
5 21 10 76
68 24 11 22
78 71 7 2
0 31 84 44
15 0 90 35
19 88 90 28
12 76 57 87
29 7 17 17
72 3 13 9
23 53 7 63
51 60 11 44
21 38 8 27
58 19 15 79
46 35 12 71
12 0 60 56
3 13 2 68
61 34 12 15
37 36 33 26
33 80 72 34
43 15 3 14
14 69 74 72
28 72 36 24
17 39 54 19
25 77 8 47
33 46 64 11
87 90 56 35
35 58 19 65
57 63 17 25
25 25 64 20
21 83 5 21
23 28 57 62
52 23 24 24
29 27 16 3
11 32 65 21
18 1 70 9
41 37 35 89
4 84 51 9
15 89 41 23
78 32 27 18
10 36 12 25
5 80 89 70
60 90 31 8
9 51 23 19
80 31 4 1
45 31 42 75
85 52 34 37
22 62 10 85
20 14 50 24
41 60 48 71
3 65 8 7
24 46 22 15
81 5 71 6
6 64 14 39
19 88 38 73
35 46 62 12
31 86 8 40
29 30 27 53
32 24 18 16
27 35 24 19
0 73 89 21
14 17 34 72
11 35 35 70
52 61 72 73
22 32 52 85
15 10 51 87
60 24 30 62
8 31 7 4
5 11 39 37
22 23 41 39
4 64 28 25
53 32 12 8
2 7 29 79
63 45 52 29
67 37 18 16
17 0 82 15
20 61 23 82
25 33 18 36
22 12 13 83
25 61 73 25
66 30 29 11
75 77 76 59
19 78 20 53
36 21 25 88
12 6 63 19
21 51 23 20
7 3 3 11
13 16 0 2
40 27 26 57
41 8 68 4
55 16 22 69
0 9 16 2
27 54 63 6
75 16 54 22
29 29 5 22
84 59 76 3
37 21 74 1
2 70 9 16
17 68 27 16
43 65 37 7
31 22 35 66
69 58 27 9
64 88 70 13
41 15 46 0
15 36 45 76
34 8 62 13
31 33 44 14
2 0 35 86
48 0 9 28
6 90 36 77
60 9 50 36
19 80 7 36
10 8 2 6
31 53 35 14
33 29 85 51
17 37 24 36
0 26 27 43
36 48 30 78
74 2 28 2
70 48 27 39
14 26 66 89
35 53 37 70
12 45 35 73
10 30 18 61
26 53 31 2
76 36 3 70
64 48 75 56
81 82 5 17
52 44 70 64
29 75 2 4
28 53 15 33
56 0 20 37
76 30 7 62
9 87 85 26
13 89 47 87
70 36 19 42
13 36 79 53
38 13 55 5
0 70 53 26
36 31 13 89
12 76 1 79
82 0 58 24
39 39 12 23
14 48 80 53
35 35 53 82
12 40 74 39
73 49 18 32
5 17 57 79
29 15 75 83
35 21 38 8
9 56 3 3
15 28 37 15
4 83 37 12
16 14 20 73
2 30 29 42
16 30 34 86
23 42 87 28
54 63 24 60
14 49 28 2
4 49 5 37
50 61 57 15
28 14 18 84
1 22 27 87
39 22 78 14
4 6 31 60
17 14 10 48
44 34 16 34
8 7 70 22
90 29 80 80
37 9 17 59
25 81 12 24
78 9 52 36
5 36 17 20
47 20 17 35
20 27 56 64
47 34 25 43
21 17 54 33
87 28 17 55
4 3 35 30
26 74 45 65
15 64 0 26
37 7 20 79
56 26 79 81
52 31 27 21
23 78 62 2
59 32 57 8
2 0 39 84
87 32 25 12
90 24 2 66
51 55 17 32
9 38 46 8
61 57 76 16
22 32 23 86
20 9 15 37
76 16 57 13
33 20 32 81
25 31 10 41
26 9 86 7
6 28 19 29
24 62 36 8
35 53 28 5
5 53 16 3
42 30 5 68
29 68 80 22
88 57 88 67
33 21 33 37
11 68 4 5
23 68 26 37
12 28 36 32
15 60 37 57
63 33 29 27
11 40 15 55
83 45 27 15
12 13 12 38
27 53 88 23
21 39 3 23
71 61 26 55
56 29 72 7
20 87 6 28
55 74 14 73
14 36 87 56
33 58 39 68
0 11 50 34
51 16 52 57
29 85 46 17
51 19 87 89
55 23 24 34
78 2 29 14
21 32 27 31
2 80 73 41
18 11 8 56
25 15 63 17
67 76 15 4
41 79 14 16
15 29 19 25
12 21 71 27
19 24 57 47
29 10 36 83
41 42 16 40
70 37 55 35
30 43 34 33
64 35 14 11
3 24 29 78
13 21 48 23
44 12 30 17
26 19 56 21
15 37 15 30
13 11 22 21
84 49 85 71
72 28 46 27
8 34 10 87
36 35 89 26
61 7 32 7
61 10 58 41
25 24 69 41
12 88 4 39
33 33 70 25
12 22 80 56
1 1 5 2
16 59 71 42
24 35 20 9
29 36 3 18
19 52 88 11
1 0 32 70
32 41 64 67
51 83 9 69
14 39 30 3
14 37 29 10
12 52 23 88
74 55 9 3
33 34 2 55
7 20 5 31
35 21 5 82
57 1 81 28
3 60 33 14
32 34 68 12
87 2 66 55
87 35 25 84
85 13 28 5
12 4 64 7
86 19 74 53
88 43 35 7
11 21 25 20
37 25 41 88
61 41 46 10
7 33 24 89
37 75 31 3
2 3 8 10
33 16 14 1
8 76 24 1
64 50 26 20
87 34 9 5
8 25 26 52
25 50 27 56
13 10 44 21
37 27 59 56
72 32 18 32
3 33 82 62
36 71 16 37
29 0 79 72
50 13 55 53
64 9 15 76
60 35 8 57
71 55 37 13
27 38 82 63
48 45 71 2
59 46 81 13
15 14 67 25
32 0 62 43
55 38 23 4
34 89 36 15
11 37 36 32
17 21 24 90
57 88 27 2
79 54 77 46
15 44 31 48
18 31 34 28
30 81 35 35
32 47 7 71
19 80 22 8
16 21 59 5
6 10 16 56
25 22 52 79
7 26 87 8
54 71 40 68
85 5 62 7
55 18 65 59
17 1 24 24
29 15 11 65
22 37 45 82
87 19 12 51
32 8 12 60
19 47 10 13
28 60 6 5
62 31 36 75
88 85 70 17
21 58 43 23
23 53 3 60
24 80 46 14
23 66 73 11
25 42 65 28
65 59 13 81
14 31 5 10
61 0 41 10
7 84 28 38
51 6 52 46
35 76 10 23
74 21 86 50
55 6 13 41
8 3 73 90
24 11 3 28
23 26 29 79
30 51 74 82
15 31 30 42
28 31 21 42
43 28 30 82
3 22 37 35
69 22 87 53
21 26 43 68
60 9 34 44
15 54 75 51
10 9 18 61
36 11 22 17
49 37 65 38
26 47 19 66
21 78 15 83
25 47 15 37
29 67 54 73
63 38 83 76
25 79 63 11
83 24 74 34
77 4 17 0
5 11 83 0
41 34 7 48
15 14 14 75
89 65 77 90
16 12 25 59
40 80 46 53
16 9 19 81
13 52 25 42
4 48 35 33
38 20 1 20
57 33 11 74
10 26 54 59
4 9 3 49
16 47 6 2
19 82 5 15
19 13 29 53
53 90 16 30
23 2 26 14
57 32 72 46
8 77 7 9
77 10 1 1
41 11 17 11
54 31 69 2
88 21 18 0
11 60 82 61
88 18 36 13
39 25 2 64
34 28 5 74
22 9 13 20
3 71 43 18
22 22 10 88
60 75 75 71
14 14 51 85
30 26 40 81
35 66 82 6
32 24 4 37
71 4 29 2
39 6 66 33
64 2 28 38
1 10 56 83
72 32 23 8
46 1 19 30
27 60 0 36
79 16 24 30
13 84 34 30
81 5 89 71
21 17 47 72
83 32 35 14
6 61 5 64
77 38 10 3
22 3 75 72
25 26 69 77
1 67 34 20
89 17 22 81
38 16 8 6
44 29 33 4
29 16 64 38
73 27 13 88
13 85 70 36
13 45 22 78
34 5 75 56
49 0 31 17
4 41 9 12
23 13 3 79
2 89 26 35
19 48 67 44
15 89 17 79
85 37 18 26
2 38 30 63
3 41 36 28
65 89 17 73
9 24 12 72
59 57 9 22
3 47 56 29
19 14 66 18
57 33 15 13
50 47 32 1
84 37 84 81
14 19 24 41
62 34 50 3
20 43 85 43
36 20 3 77
81 53 13 78
55 53 32 19
36 41 18 19
38 79 37 90
5 21 8 52
79 28 37 67
7 75 8 30
33 55 7 15
75 22 37 37
25 12 82 39
58 54 79 16
60 82 35 65
47 15 4 3
74 66 74 14
13 45 57 75
12 45 3 62
74 71 42 11
10 13 88 54
3 9 18 41
47 19 3 86
87 34 11 15
0 75 51 30
33 37 3 8
62 78 22 8
1 48 51 40
24 35 79 44
23 72 71 66
44 10 82 5
21 48 6 8
87 26 61 30
20 48 53 30
68 14 9 43
25 36 5 67
48 29 88 33
15 7 13 28
68 2 44 89
26 41 88 10
26 2 59 45
62 76 16 77
25 0 27 56
26 43 34 36
28 4 11 17
29 30 80 35
51 41 26 25
45 80 15 25
34 25 17 17
33 72 88 23
22 3 35 24
35 2 24 69
55 18 88 79
27 14 28 13
23 28 61 1
21 23 34 81
51 21 27 81
37 55 13 27
49 1 16 3
32 17 86 22
83 83 51 5
74 10 89 33
60 23 83 33
14 60 46 32
0 21 20 33
6 7 8 12
69 6 18 18
9 11 67 49
10 37 50 23
61 62 4 17
44 32 52 16
1 59 30 16
27 18 26 46
54 64 62 52
63 32 46 18
14 85 7 31
7 38 4 52
17 26 70 46
48 5 76 33
41 86 23 43
83 12 37 80
22 16 22 7
19 37 73 14
77 15 11 65
30 29 65 46
20 47 4 14
13 0 55 29
51 74 14 66
30 31 20 23
87 36 13 78
26 40 12 14
64 21 15 21
72 37 85 83
17 45 75 11
5 37 45 58
68 45 22 42
13 88 14 52
23 4 7 8
36 26 37 7
34 31 79 7
18 58 36 61
15 28 14 51
11 52 77 16
34 37 2 71
30 39 59 67
18 89 21 34
19 82 30 1
18 24 22 12
56 1 19 32
26 26 36 17
4 27 26 50
0 36 9 4
43 30 3 90
25 6 2 87
29 11 25 19
66 42 69 73
0 55 41 10
37 24 19 73
39 36 7 37
33 40 71 89
75 22 82 79
15 82 87 2
79 15 70 9
9 42 18 17
16 57 75 29
67 82 63 7
53 49 48 48
9 48 24 2
55 29 11 79
20 82 6 76
33 17 6 21
80 17 27 74
53 39 8 69
21 29 4 2
87 15 71 71
52 30 49 57
61 49 77 5
48 59 49 0
54 6 6 27
35 21 58 61
33 88 57 21
12 41 25 13
4 63 0 6
81 54 34 81
23 17 40 11
44 17 70 1
7 19 28 54
3 33 78 16
78 55 34 72
88 15 17 9
21 12 60 4
25 15 0 5
34 83 66 50
31 16 22 62
46 12 87 30
9 7 23 35
49 64 3 10
15 33 8 0
68 33 22 15
19 51 37 33
34 90 76 21
84 9 64 28
25 31 43 6
31 4 24 50
9 88 29 30
17 58 28 74
68 45 21 2
37 15 86 35
48 49 90 37
73 9 2 45
36 34 83 20
81 72 54 31
2 12 28 34
48 32 64 45
55 36 30 75
77 32 51 32
64 28 72 80
30 53 19 18
6 48 19 26
4 3 13 56
69 50 27 61
29 76 39 87
17 70 31 2
27 45 7 72
2 26 4 73
0 32 10 17
30 15 26 60
33 60 53 25
15 39 7 24
23 65 70 5
67 73 73 38
44 36 74 51
38 25 22 33
0 62 60 65
24 9 28 89
34 24 10 26
27 78 81 37
74 36 9 37
57 11 66 55
0 21 61 64
9 70 28 31
60 66 9 89
41 73 29 29
90 11 75 24
39 34 56 27
61 22 14 20
33 15 25 4
44 6 89 52
14 61 6 10
3 23 54 37
30 14 6 20
17 13 0 21
84 8 4 27
2 82 5 6
82 23 6 17
73 16 48 3
62 6 88 20
5 42 16 13
74 40 18 9
27 87 36 28
80 76 16 20
72 0 17 46
49 29 17 17
32 23 82 4
38 16 10 29
88 14 60 5
39 11 12 20
43 66 66 28
29 12 90 33
10 9 38 73
69 88 5 17
88 3 29 76
16 58 10 11
30 14 57 82
67 30 65 59
33 43 28 13
0 5 44 26
18 76 42 17
27 17 50 69
6 29 80 58
10 31 82 1
8 19 46 57
55 26 27 23
8 39 25 18
64 85 19 56
45 81 84 0
51 41 79 36
73 17 79 62
67 63 0 0
23 44 22 74
60 30 26 22
30 1 9 63
3 34 12 70
5 9 35 13
33 19 76 89
80 61 2 70
38 21 45 15
37 35 37 19
39 80 21 64
34 31 3 74
28 0 28 45
3 44 21 90
73 36 29 37
41 58 19 25
22 79 50 51
54 27 31 4
62 10 31 67
29 86 19 19
1 27 13 31
4 88 6 45
13 36 33 38
67 50 49 27
32 6 29 1
3 7 65 6
18 62 5 50
29 27 63 30
18 54 27 15
13 32 25 11
86 58 12 77
9 12 11 15
20 20 48 39
79 11 61 24
79 44 14 11
26 49 49 52
12 7 21 73
80 10 36 10
24 35 19 45
75 90 54 24
2 13 36 59
9 80 71 12
11 27 24 34
26 82 51 59
5 14 20 69
51 16 36 16
73 18 20 8
85 0 44 18
16 39 53 1
35 30 8 86
44 23 5 53
89 38 35 42
10 46 20 23
27 9 65 35
28 16 44 88
71 12 69 66
12 13 45 6
81 31 23 23
49 75 23 64
68 85 22 55
57 48 40 48
7 18 11 32
17 86 67 58
81 3 17 2
88 25 27 11
8 86 63 34
64 73 10 13
57 27 80 44
32 6 33 14
30 31 64 68
90 28 4 2
17 30 10 74
49 30 46 25
3 12 55 73
33 54 8 56
52 71 22 28
62 83 16 2
30 13 13 68
72 40 30 35
25 36 69 34
88 1 47 70
18 20 73 43
27 17 38 31
35 26 72 50
8 77 58 14
4 9 18 77
51 7 54 12
3 37 9 7
48 30 44 81
53 52 32 34
81 88 42 0
9 35 7 5
28 8 37 45
3 65 38 55
9 20 7 73
10 74 36 75
26 54 14 2
15 39 7 1
87 25 26 60
43 34 28 7
8 30 90 35
87 47 78 43
47 17 4 15
13 6 49 10
3 3 58 15
18 19 50 6
11 35 20 30
4 8 81 72
0 19 18 43
74 88 62 49
76 61 80 11
81 4 22 85
48 87 30 31
38 2 12 9
30 68 68 71
20 81 89 72
10 6 7 58
13 33 83 83
58 19 59 6
58 36 83 74
9 1 27 17
54 2 65 7
15 34 5 44
15 14 18 28
76 55 29 75
56 78 76 13
54 63 18 22
77 48 29 1
23 27 0 4
42 33 38 18
18 14 26 58
55 66 20 6
43 26 15 6
27 11 83 37
68 23 7 12
44 13 5 37
44 14 49 40
19 24 47 5
83 48 6 23
27 31 0 31
22 53 37 46
82 73 24 3
19 78 79 31
23 63 63 70
7 61 7 8
34 80 22 3
20 73 29 19
18 67 10 35
86 85 75 9
23 0 53 60
26 28 59 62
8 2 32 69
32 1 13 17
8 8 32 30
88 60 55 36
34 9 8 19
69 43 21 51
42 11 21 14
3 1 20 34
32 69 63 23
13 5 86 1
5 22 35 10
71 5 89 61
17 43 50 24
12 40 33 14
15 52 4 64
63 19 40 48
49 70 43 78
3 11 14 67
87 7 38 46
25 13 59 12
37 7 83 36
30 4 56 39
68 6 25 54
21 14 61 59
15 90 70 20
50 60 39 29
51 17 28 85
36 26 15 6
72 88 63 31
24 36 7 43
82 59 83 29
7 2 22 26
75 5 27 89
66 50 46 7
36 72 13 11
82 25 76 26
9 18 55 44
37 11 14 54
16 5 79 89
15 56 62 88
72 7 11 79
12 18 39 20
4 0 29 33
55 16 90 19
5 18 32 40
4 22 29 4
20 26 89 30
63 8 11 33
3 1 22 13
17 1 1 68
34 57 44 3
41 54 68 4
27 5 49 38
3 30 31 42
64 1 40 30
23 4 23 66
55 87 58 2
12 32 17 45
25 31 51 22
85 73 26 54
71 29 17 31
28 3 5 15
12 25 33 48
22 65 26 53
57 7 31 8
67 69 90 40
36 63 37 81
77 28 1 2
86 90 86 3
8 85 0 15
56 25 57 79
21 11 30 17
3 50 76 40
72 2 74 57
14 77 62 50
49 19 41 58
27 76 23 27
41 43 49 7
74 87 85 5
89 42 35 0
8 21 29 23
20 14 79 22
35 35 19 30
34 40 15 61
0 56 11 41
75 33 27 58
77 62 27 62
20 79 26 26
10 51 21 12
42 14 9 29
35 69 88 35
2 20 83 13
12 5 26 60
80 5 22 19
82 86 13 13
31 29 41 4
3 45 78 48
4 1 57 17
68 15 72 55
13 37 20 54
27 79 28 57
43 0 49 27
19 5 45 67
87 74 7 73
6 5 19 39
55 24 17 17
50 19 15 8
35 22 78 55
69 4 1 33
34 34 19 24
28 37 26 26
29 41 45 1
28 35 23 56
69 56 16 7
76 73 32 68
61 22 37 23
68 5 6 75
13 12 75 39
10 34 25 66
50 62 6 38
0 57 64 25
36 65 71 6
67 11 71 25
49 8 23 52
40 89 59 4
79 44 2 6
67 23 52 5
8 60 30 75
13 0 22 58
58 54 3 20
50 56 31 30
45 58 6 64
54 35 35 53
83 54 33 13
6 24 34 64
18 90 36 73
8 8 21 53
32 71 79 38
0 14 89 71
61 3 81 26
68 26 8 69
49 34 28 75
14 27 79 17
54 73 9 27
40 17 70 79
36 16 86 17
66 50 59 2
26 85 32 84
30 13 66 11
38 47 10 33
70 69 34 6
36 12 36 43
7 4 14 82
30 70 21 30
81 79 11 11
83 32 23 48
81 7 25 48
11 22 19 34
33 16 32 42
24 35 66 6
22 21 3 36
13 82 82 10
14 11 42 41
29 68 41 33
44 4 8 87
37 51 32 46
33 59 88 81
5 21 6 36
35 44 34 47
39 15 33 35
0 66 78 16
27 1 72 28
56 71 4 4
44 1 34 4
8 40 23 70
72 13 90 73
12 74 50 87
46 9 58 24
81 24 18 7
31 15 85 44
51 2 22 10
21 5 9 70
73 76 65 23
40 7 30 56
28 68 10 44
19 76 52 3
23 28 67 27
66 66 7 71
48 29 25 69
88 2 21 45
60 46 27 14
25 30 74 24
65 34 31 54
67 44 15 49
81 49 50 14
10 25 25 20
1 70 1 0
36 24 83 13
47 35 18 45
25 5 4 43
23 72 25 27
19 6 0 89
38 69 24 77
83 1 5 69
16 51 35 79
51 70 11 34
71 40 86 17
5 76 59 61
36 32 52 86
15 9 14 20
49 90 16 23
15 16 35 16
34 6 8 28
51 63 29 45
7 3 16 33
77 18 24 67
90 29 2 0
40 19 71 86
58 2 13 19
12 21 72 36
35 13 80 80
13 22 58 22
40 14 72 80
2 76 55 27
16 3 78 60
4 59 6 10
25 63 2 71
2 88 22 6
86 30 1 13
42 23 27 50
30 76 33 19
11 90 26 25
6 10 84 27
87 87 19 16
19 53 21 54
21 29 71 37
56 30 24 69
2 2 32 7
25 7 40 76
53 17 83 16
35 72 0 81
7 3 20 49
76 4 86 43
12 57 22 49
68 32 19 89
86 27 15 85
64 46 5 9
21 79 16 8
18 57 50 17
76 74 35 17
31 21 57 57
7 1 10 19
45 85 68 37
19 24 17 30
71 18 7 1
74 46 26 30
55 9 43 34
0 46 8 22
86 20 36 85
49 72 12 6
28 63 24 38
29 31 4 68
30 59 8 7
64 88 41 68
3 53 63 76
46 76 65 31
46 31 1 32
2 2 2 48
26 18 35 78
7 25 69 8
23 36 24 88
51 52 15 16
35 35 5 37
12 71 34 6
34 11 16 2
66 84 32 19
53 68 29 52
90 17 3 82
58 0 24 23
84 19 89 15
25 46 40 4
25 28 48 45
13 84 2 21
14 55 37 1
79 88 1 30
70 14 5 18
46 28 12 35
4 25 87 67
23 85 43 21
11 37 39 82
56 15 67 38
88 31 6 75
45 35 2 15
5 78 7 13
42 40 73 18
32 45 5 27
44 25 38 43
72 11 63 82
23 5 0 13
7 48 17 34
75 5 33 68
38 7 2 40
59 76 7 58
2 12 72 30
27 32 22 81
57 65 32 34
68 75 28 5
44 54 79 49
2 27 10 13
35 49 24 10
19 40 44 83
35 71 29 20
90 27 23 49
22 10 31 1
3 18 55 85
30 33 69 8
66 31 48 62
43 55 11 31
22 40 44 25
20 48 0 36
4 1 9 21
3 89 20 34
85 60 85 6
47 33 72 21
10 27 55 78
31 59 14 16
35 78 17 65
68 74 60 24
80 31 44 61
53 57 9 5
0 82 56 3
34 65 44 27
43 25 9 83
13 78 32 62
17 14 17 89
2 18 79 88
69 6 23 23
78 39 2 9
8 9 83 20
79 69 4 71
6 29 29 13
20 33 25 47
16 47 12 34
65 36 32 85
49 80 8 82
29 83 31 7
35 69 89 36
15 46 1 32
9 55 17 67
11 66 15 50
17 75 21 10
30 59 74 37
8 36 49 3
51 27 43 1
40 51 25 19
41 73 59 64
86 29 15 60
27 29 30 23
19 23 55 39
7 83 5 71
8 44 1 7
20 69 35 75
21 11 18 35
84 58 27 42
16 71 88 11
13 62 3 36
39 43 30 61
64 55 0 3
14 65 45 59
21 6 5 22
77 39 26 89
63 75 43 74
30 30 14 48
43 21 87 82
10 19 58 4
40 50 75 57
77 23 45 84
81 12 1 32
4 53 29 40
37 81 2 32
15 73 20 23
81 24 0 2
25 79 76 44
53 23 42 31
72 19 45 44
50 35 35 6
18 23 87 11
77 17 80 29
10 19 58 90
57 11 78 8
15 10 42 29
15 70 61 69
11 9 6 26
31 64 18 40
30 63 80 36
36 87 32 53
64 72 54 83
28 43 7 63
9 31 20 4
14 7 89 16
8 47 7 6
4 1 27 12
78 84 32 13
20 65 59 6
34 88 59 45
53 45 52 58
41 8 14 76
80 80 0 63
9 43 80 32
19 12 12 80
9 1 54 84
51 86 5 12
35 2 10 19
26 31 36 32
63 72 6 14
23 42 44 17
31 63 31 83
33 2 28 2
73 85 24 90
35 20 87 85
23 0 31 62
6 23 72 50
13 18 72 9
66 6 19 34
46 50 30 68
35 61 17 60
52 63 39 82
5 40 72 74
44 24 88 14
59 5 7 30
16 41 37 51
79 71 20 3
32 38 4 80
0 16 14 81
21 42 35 0
28 8 63 27
85 2 27 33
28 15 59 49
5 34 54 77
10 44 42 25
65 89 75 6
37 4 86 57
78 18 12 30
24 35 86 49
53 27 17 80
69 32 74 68
82 77 62 17
35 21 14 90
3 71 35 17
41 25 48 21
26 34 73 12
63 44 49 15
65 76 65 43
25 81 7 19
14 21 21 87
33 73 50 14
27 28 23 65
26 6 78 5
50 50 11 25
60 32 13 80
10 24 34 35
19 5 2 84
36 66 4 27
47 6 72 20
14 26 14 67
2 69 21 84
9 85 90 2
8 58 24 9
23 78 53 23
80 38 27 0
17 25 7 48
75 63 17 66
37 21 4 72
64 57 53 14
18 33 70 8
13 38 89 6
61 60 8 0
79 77 3 17
37 59 84 47
12 55 5 0
20 32 60 1
39 66 51 3
86 37 61 6
28 36 90 53
42 22 6 22
87 50 28 6
72 16 7 11
6 13 85 52
18 33 87 33
78 86 23 31
7 32 44 70
36 75 4 83
4 11 0 86
1 89 25 41
41 74 68 15
79 69 68 32
29 7 74 4
76 12 89 28
67 58 52 79
14 67 24 66
47 38 36 72
30 78 12 40
75 74 56 52
24 89 8 23
86 68 5 13
5 49 3 53
3 79 66 30
78 15 40 83
28 73 35 20
15 57 15 26
9 43 67 73
70 55 15 19
89 3 30 3
21 30 60 80
30 54 30 25
47 55 49 87
0 58 84 73
20 1 32 3
89 61 60 9
26 58 50 78
30 10 87 79
53 87 79 0
30 1 80 13
13 10 16 37
48 23 66 10
25 15 16 23
38 4 27 43
4 14 49 45
28 6 30 6
10 56 70 15
3 10 18 37
9 5 38 16
23 2 66 59
31 1 85 22
57 30 36 37
12 3 32 48
4 80 24 13
36 9 10 9
27 90 2 16
35 44 71 36
54 41 90 23
27 74 10 32
9 9 14 19
59 14 83 75
19 90 10 36
2 79 17 6
20 20 11 38
8 61 24 59
33 25 4 38
0 61 61 87
37 2 8 16
0 8 2 58
26 25 43 66
31 26 69 32
11 66 22 31
5 10 0 19
75 52 8 31
1 26 26 79
51 11 50 72
27 47 13 41
65 62 10 50
12 7 63 28
28 43 28 82
11 26 56 80
15 85 3 68
89 27 67 15
14 25 16 54
66 87 5 43
25 38 18 36
37 63 39 73
11 1 72 74
12 65 64 84
63 39 3 1
36 7 28 87
20 6 31 26
20 13 12 7
33 8 60 13
70 62 36 86
40 58 14 29
16 11 4 16
66 46 23 27
66 83 14 24
64 21 38 40
86 13 72 19
62 20 85 13
12 36 7 4
23 81 7 71
80 81 76 58
26 14 41 31
9 51 66 62
14 60 5 42
34 76 25 0
60 15 37 77
36 38 34 84
88 7 3 3
85 3 5 29
14 86 52 6
59 73 60 35
44 68 51 13
62 14 25 72
48 49 81 13
21 7 85 65
2 88 73 3
8 45 26 78
64 29 4 48
55 10 62 31
0 8 38 73
10 11 0 36
7 5 37 54
1 65 13 26
13 20 23 15
32 36 42 87
32 36 22 26
29 36 4 11
11 15 14 64
59 69 51 31
21 17 18 5
20 36 28 12
28 76 16 55
29 7 36 22
71 51 9 0
57 23 1 66
15 51 15 25
24 66 9 75
0 55 37 13
78 4 37 79
5 21 67 72
65 12 54 52
18 1 2 7
5 39 44 25
74 11 40 17
10 9 54 62
24 31 13 34
8 52 18 24
35 17 16 17
20 38 77 41
68 0 78 27
29 26 29 30
0 74 82 41
8 62 74 25
80 34 17 72
4 57 13 35
52 38 6 64
50 20 1 25
60 27 73 11
50 15 24 80
69 42 6 37
64 28 44 28
56 34 78 6
8 54 18 2
73 30 81 27
21 9 79 20
36 0 28 34
13 77 15 11
67 69 26 65
60 9 17 20
63 70 56 17
19 2 29 4
4 28 55 2
33 32 63 42
63 79 15 56
70 13 6 13
84 13 21 33
45 21 34 22
36 25 30 24
64 76 24 34
5 58 4 84
84 28 41 25
11 89 54 10
23 18 3 14
0 56 6 78
37 20 14 55
49 10 45 49
64 14 8 34
22 72 47 18
44 49 37 41
55 52 35 11
17 16 22 19
13 47 13 4
25 1 30 76
39 30 86 12
20 80 52 11
59 1 53 50
4 65 44 64
57 81 47 47
50 0 26 17
90 27 17 66
0 69 31 53
24 20 8 14
4 65 53 12
35 28 69 53
85 34 59 21
30 1 3 44
31 17 45 9
87 6 20 2
52 7 76 89
13 51 16 17
34 58 69 20
26 3 29 5
79 15 44 20
50 65 30 86
18 15 16 5
89 56 36 10
37 51 33 33
64 48 58 21
15 7 16 77
80 31 69 35
59 53 36 64
11 33 25 6
3 41 5 32
11 24 31 33
38 21 16 10
23 24 7 31
33 4 35 29
67 16 84 37
90 74 18 6
60 3 27 2
24 21 85 60
50 42 12 12
25 0 74 27
53 28 48 19
19 90 68 23
71 36 62 9
6 9 17 7
45 27 90 34
26 28 22 30
58 49 52 70
70 24 78 32
35 83 34 71
81 4 14 20
8 50 12 67
14 30 89 20
6 69 41 56
31 6 62 40
25 1 14 82
80 0 23 3
78 8 21 1
48 58 15 5
14 33 79 19
77 79 25 36
61 78 24 82
72 1 78 14
75 36 1 12
13 74 29 5
19 88 0 59
37 74 37 81
9 8 27 27
6 37 84 11
16 35 90 36
49 4 22 17
27 8 20 39
23 82 40 21
73 6 85 13
62 65 15 1
88 30 29 2
28 0 26 26
29 21 69 51
19 85 11 12
10 50 46 30
23 35 30 3
46 30 87 37
72 10 33 40
26 36 7 20
2 2 53 28
34 59 9 20
88 61 6 37
45 19 13 68
52 81 51 24
10 21 27 16
54 3 8 26
54 32 14 5
74 86 18 58
7 44 76 67
42 0 48 86
36 56 82 26
14 21 26 12
28 54 0 21
36 76 84 8
72 51 68 50
85 87 68 15
22 5 40 78
71 50 23 11
37 51 74 16
23 47 3 14
71 20 26 37
46 1 66 89
89 62 23 38
38 42 41 67
19 40 30 7
42 45 3 54
65 17 29 10
66 24 14 20
32 28 88 22
10 27 84 12
71 44 37 5
21 39 50 56
19 4 17 29
31 3 12 54
5 34 52 14
0 26 22 68
35 33 18 45
1 61 20 75
89 46 37 2
28 8 60 3
2 10 27 24
83 47 17 85
67 81 52 54
80 15 0 34
28 88 78 48
13 39 57 70
19 15 49 11
47 48 77 14
52 86 26 86
69 10 38 78
16 5 16 8
6 16 33 13
36 82 50 87
6 90 3 37
13 27 52 66
18 33 1 28
63 29 35 72
66 37 8 7
26 86 89 48
7 52 14 26
1 59 33 22
23 76 23 2
90 13 37 9
22 40 0 74
62 0 16 26
40 11 72 81
80 71 30 17
89 83 18 60
77 7 32 29
78 24 56 4
22 6 14 70
37 21 11 19
35 6 55 12
28 58 17 33
62 89 7 33
9 88 10 51
54 70 34 15
27 62 20 5
86 43 67 28
4 65 48 82
33 28 13 32
38 32 88 51
13 6 26 0
85 50 12 1
36 72 12 0
5 13 88 31
3 31 73 39
54 3 21 42
28 12 49 9
1 37 75 55
46 41 49 77
53 34 61 4
5 8 14 27
68 67 52 23
15 3 62 61
68 24 14 29
56 55 25 3
9 24 0 47
14 37 64 87
86 20 32 15
16 25 15 1
35 7 75 15
37 16 18 52
26 25 13 54
26 68 87 18
8 6 31 5
3 13 8 63
3 9 30 65
85 7 86 88
7 25 2 24
39 13 23 30
11 14 81 87
15 20 45 11
37 50 38 48
11 55 4 19
47 5 17 2
31 2 5 8
25 27 7 21
47 89 58 41
47 25 3 71
67 56 11 76
84 29 6 1
32 26 18 58
22 78 13 6
9 15 3 2
48 15 15 65
88 42 60 42
7 20 27 11
33 30 11 28
22 3 60 78
7 30 78 83
25 9 81 18
70 29 77 86
51 43 0 56
19 41 16 5
6 9 25 23
66 81 25 22
58 85 26 4
76 4 6 7
66 14 52 27
32 19 24 63
66 16 80 60
59 87 9 84
12 42 57 29
1 40 2 41
1 45 27 32
80 39 22 30
14 54 16 28
54 37 19 24
35 12 75 18
62 1 8 23
76 20 6 11
13 11 12 81
18 22 22 67
51 74 36 24
20 5 74 47
27 32 31 7
76 13 35 7
59 58 12 14
76 1 1 13
31 17 29 18
39 35 74 0
68 2 45 53
40 21 45 27
62 80 21 18
87 36 18 71
7 13 53 34
88 2 34 5
17 45 16 90
67 42 75 62
65 64 11 12
42 1 13 39
22 28 8 22
3 9 7 15
23 42 78 57
39 3 22 77
13 73 55 38
22 3 77 67
26 27 13 2
82 28 34 13
89 86 20 4
36 13 59 74
34 58 21 19
81 21 65 66
78 7 19 49
44 6 51 49
17 6 28 13
0 82 88 88
57 4 22 2
18 33 49 20
46 86 50 36
35 88 75 39
16 44 28 59
81 10 36 39
62 90 21 51
50 31 8 13
5 48 29 54
37 30 17 7
36 21 44 55
47 0 1 35
68 18 49 75
21 58 27 61
28 21 57 33
70 5 21 70
65 67 24 51
86 16 8 13
30 21 81 82
44 28 70 36
2 31 29 20
54 69 22 21
6 50 42 36
27 11 90 30
9 35 15 66
23 1 34 82
81 7 24 87
41 25 48 87
60 21 18 9
45 8 0 6
66 21 25 18
19 35 86 18
17 81 32 55
42 75 14 30
31 10 21 47
13 48 89 32
39 4 90 77
15 22 21 8
83 18 10 61
1 40 60 30
56 8 9 24
14 83 75 43
60 10 0 22
74 9 64 27
16 86 55 33
27 24 72 45
1 12 2 6
21 26 1 46
19 6 2 10
49 58 34 21
13 47 3 67
79 19 86 2
11 18 2 50
51 63 16 78
31 33 14 86
73 11 10 89
81 35 15 89
44 10 23 35
9 89 26 6
74 18 4 70
65 12 38 15
15 89 11 58
3 56 32 29
84 73 77 18
6 27 75 13
64 25 15 12
8 11 18 24
36 52 79 4
23 9 45 87
17 13 68 42
8 31 37 52
74 82 78 60
57 34 82 22
25 22 65 8
87 90 28 47
34 19 90 54
58 38 77 12
14 83 12 26
19 76 69 49
7 23 43 60
34 65 25 16
47 63 30 7
38 83 2 10
26 29 90 16
9 7 50 14
77 66 23 0
5 88 22 38
10 37 42 32
28 56 25 26
32 16 22 58
17 21 12 65
12 87 84 2
23 26 77 85
60 61 26 20
39 2 86 49
22 40 26 67
15 2 61 90
47 55 64 64
69 19 17 34
12 52 23 19
54 33 21 40
32 86 33 64
4 16 50 79
7 54 1 40
11 20 31 29
5 33 48 23
47 47 65 65
29 68 19 42
14 20 15 26
3 1 21 65
50 15 11 90
46 25 12 24
55 25 8 33
2 22 68 37
20 75 2 44
55 31 74 17
76 52 4 55
12 26 14 31
60 22 75 36
72 19 32 66
54 48 57 77
37 39 35 5
60 70 89 56
26 59 31 50
19 42 2 39
54 76 53 29
36 17 16 85
43 34 53 17
37 32 9 27
39 16 21 84
57 89 2 0
33 22 0 30
36 23 9 43
15 80 38 20
61 22 17 7
74 15 68 49
55 0 39 24
29 55 64 42
3 38 10 25
53 48 7 82
61 5 72 79
58 74 23 33
84 13 34 14
86 4 15 55
11 54 77 15
7 55 33 88
14 0 9 32
47 73 6 20
75 81 52 21
36 62 80 33
63 16 21 52
87 46 89 22
77 75 12 62
32 22 29 55
12 38 88 66
83 55 60 32
69 22 43 35
79 12 36 62
5 88 22 24
8 89 63 34
55 10 15 26
32 6 87 54
35 10 10 14
18 74 82 11
24 72 37 10
4 5 86 62
20 70 33 73
0 20 27 48
51 50 25 25
87 89 33 72
23 19 73 28
45 89 8 67
89 19 3 86
42 15 77 33
89 2 21 8
10 47 5 36
20 15 2 63
12 76 21 31
15 5 2 36
68 19 82 4
74 15 8 33
23 85 59 35
8 76 17 80
32 35 56 55
41 19 37 56
41 67 18 20
17 65 27 38
31 35 32 3
32 47 1 26
29 88 7 70
90 84 42 47
30 88 28 31
46 11 24 10
72 88 20 35
23 10 26 38
23 46 60 86
4 74 17 33
15 6 36 65
61 52 77 28
0 19 42 40
34 38 30 59
6 21 88 1
84 35 20 8
20 31 8 22
31 16 49 23
62 34 20 7
21 15 43 87
37 1 35 8
43 33 7 30
22 28 84 58
15 8 45 77
2 3 67 25
62 24 29 82
80 9 10 44
74 25 37 46
86 54 11 61
56 8 51 74
0 14 21 15
14 76 50 52
86 4 74 54
39 49 23 78
58 83 5 2
15 67 42 32
33 1 90 36
0 27 31 32
0 11 11 86
14 43 35 44
79 67 19 22
50 32 21 47
22 17 13 37
84 25 17 9
66 79 22 26
4 64 33 30
48 47 14 86
85 3 73 3
2 35 29 15
68 88 28 8
51 36 24 70
1 20 56 63
25 0 19 5
8 12 51 10
75 32 54 30
24 17 35 46
81 81 26 34
6 19 3 64
9 13 4 73
88 26 38 49
41 4 8 19
1 31 29 28
17 7 67 32
77 27 1 21
67 75 36 31
45 33 23 28
34 90 32 17
63 69 68 4
23 84 24 31
74 37 17 37
51 14 53 43
32 8 88 84
6 87 73 60
36 84 74 10
77 75 24 80
46 38 11 42
49 48 1 22
2 33 74 64
18 18 7 21
81 39 19 4
85 8 79 86
37 64 14 18
35 24 70 9
20 48 26 81
19 10 72 31
59 87 69 52
86 72 2 85
31 29 53 5
87 44 33 82
86 55 58 13
34 83 38 48
38 76 20 2
49 13 78 0
75 42 80 30
9 37 65 63
3 39 6 30
27 42 26 37
52 8 87 31
20 68 61 6
39 37 5 59
58 81 16 28
10 30 85 46
2 17 56 19
16 21 81 4
6 39 22 9
17 50 9 28
12 9 8 65
75 79 83 54
42 9 6 34
49 13 34 36
69 82 9 54
83 33 6 10
30 39 33 20
2 75 49 17
26 34 81 76
69 53 36 33
59 27 30 27
47 24 68 76
18 85 13 23
47 5 62 14
43 42 76 4
6 71 4 29
11 39 15 23
19 28 58 40
4 0 15 12
4 6 60 85
62 8 58 35
21 7 30 89
4 28 36 49
77 84 14 24
61 20 76 71
39 33 29 58
41 22 33 36
18 7 53 18
73 4 27 86
80 62 20 28
48 38 28 9
25 90 30 35
47 10 42 36
7 28 19 26
37 17 7 65
89 45 33 59
28 28 13 16
27 52 56 24
65 88 79 63
28 21 21 10
11 43 90 37
52 12 5 71
48 6 61 23
80 59 51 4
79 55 56 85
33 0 36 27
23 27 16 27
45 63 30 8
79 10 15 59
83 88 65 48
12 90 35 30
35 55 37 68
36 64 21 26
8 6 6 22
27 77 11 10
85 78 44 17
9 7 66 69
22 52 85 30
17 12 5 41
11 51 38 30
78 50 29 36
25 12 32 5
64 80 20 10
2 74 11 78
39 86 30 12
8 53 89 12
19 29 67 51
4 66 14 73
86 12 79 77
15 16 37 58
64 5 68 31
42 25 9 59
1 59 70 24
71 56 85 29
70 82 6 21
11 64 20 17
12 77 16 47
44 35 49 28
12 87 41 13
7 1 17 1
37 69 2 74
21 12 56 0
2 32 17 3
68 5 4 6
23 7 50 56
38 75 90 4
20 57 86 38
30 3 36 13
71 77 14 71
45 14 6 24
58 23 28 79
30 71 5 37
44 35 1 12
48 15 13 10
31 34 15 63
14 7 13 29
48 7 70 43
3 6 49 8
74 65 22 29
30 5 31 21
83 28 34 66
69 72 9 14
10 59 72 80
76 2 5 64
74 32 76 70
15 23 20 35
6 17 89 1
87 36 29 75
54 83 10 23
79 18 2 71
30 30 9 19
80 2 72 11
18 2 57 8
56 8 14 33
3 52 13 83
66 29 41 59
31 65 29 47
22 18 43 34
28 19 49 22
54 38 33 19
65 27 77 89
87 47 36 28
43 58 17 56
86 4 36 35
52 25 19 25
75 22 41 34
8 77 72 53
11 67 85 58
66 56 5 36
37 3 66 77
20 66 68 1
76 10 27 12
9 11 72 8
26 20 58 85
78 38 18 25
73 19 12 49
2 82 54 9
79 5 10 1
25 84 20 13
7 9 18 82
40 2 21 31
7 9 29 26
40 86 59 33
81 4 67 24
0 78 21 41
23 52 30 23
5 35 35 39
33 24 13 14
2 11 1 44
9 70 22 10
50 88 60 28
15 27 30 15
4 8 3 30
66 28 57 11
53 18 35 4
44 13 69 1
7 48 85 36
35 69 34 3
22 51 28 73
26 66 15 31
22 72 8 48
21 70 6 28
61 57 8 6
55 12 24 34
75 50 22 19
1 14 5 23
7 78 57 16
18 63 23 6
90 12 23 31
20 70 49 2
68 86 12 80
79 74 70 2
19 8 28 85
86 40 1 15
24 14 20 0
34 19 33 35
18 1 21 20
38 6 63 34
55 21 6 72
2 26 32 55
59 73 50 11
15 77 14 22
32 65 3 29
36 60 23 29
3 6 22 55
20 9 79 32
38 72 2 25
32 41 69 12
20 71 29 10
22 89 36 39
3 17 60 59
44 61 28 28
63 54 22 34
3 50 19 47
61 24 38 18
18 70 76 66
45 72 81 42
81 22 16 17
33 10 79 78
55 89 72 6
31 30 34 4
56 4 81 30
36 54 21 1
89 42 79 4
20 34 5 8
31 14 58 16
62 12 17 21
18 28 56 36
87 31 34 37
69 28 31 9
86 29 9 44
14 31 13 63
3 3 55 37
31 37 2 46
15 9 62 43
42 65 14 57
14 17 9 15
49 77 2 24
24 9 4 90
27 7 50 4
84 27 2 20
47 70 19 5
36 45 14 85
32 75 18 44
25 36 25 26
0 33 78 64
37 89 26 20
48 8 23 12
36 3 61 46
51 74 49 90
9 25 30 16
70 35 70 2
9 1 52 47
8 52 2 28
22 22 10 86
35 24 15 32
20 37 87 23
49 40 70 43
4 15 29 82
77 24 9 56
23 25 72 59
75 28 77 1
71 3 35 89
6 26 3 7
21 74 27 2
7 17 80 62
32 35 26 2
38 32 28 24
2 78 34 21
73 17 56 26
6 14 69 19
11 33 25 77
3 46 63 5
38 40 18 84
47 16 25 79
40 6 27 34
64 81 36 16
84 8 9 28
40 14 28 49
66 68 32 40
67 27 9 73
64 4 79 39
65 52 9 59
30 42 65 14
12 74 78 56
16 8 79 2
81 12 64 22
6 9 10 85
90 9 15 21
24 42 68 61
9 45 63 32
47 87 24 34
28 59 83 41
70 64 5 11
19 9 17 74
22 37 0 67
40 39 76 13
41 65 87 68
33 24 60 38
77 54 70 78
83 40 30 3
11 1 27 6
17 30 70 18
30 29 31 7
36 15 22 80
37 71 16 67
36 4 7 30
2 38 65 15
23 7 8 22
18 68 16 52
25 69 31 10
9 4 87 28
20 83 50 73
42 87 45 70
86 86 52 88
60 30 4 8
63 50 75 17
36 11 29 10
47 69 2 25
57 77 5 77
22 40 4 9
68 1 80 1
7 14 5 57
34 77 37 11
7 6 29 27
63 87 81 63
21 36 33 15
19 43 17 25
23 4 8 8
37 70 19 35
5 32 36 16
26 11 8 24
54 32 55 19
10 43 72 14
13 65 66 23
3 79 30 0
30 61 31 83
5 64 0 27
1 1 3 65
25 44 3 58
9 80 57 9
81 34 1 26
18 37 4 3
17 9 30 29
67 41 8 21
31 23 26 78
65 14 51 18
13 1 25 58
28 10 13 4
55 32 75 6
1 36 25 16
16 58 20 73
81 36 82 32
24 86 87 86
57 0 88 64
10 64 26 58
8 35 13 53
13 85 34 73
46 70 58 58
36 89 5 23
7 14 60 14
4 20 36 53
16 52 2 16
18 13 65 66
4 8 18 19
17 25 2 66
33 66 31 19
21 9 30 89
30 90 37 22
25 49 72 70
53 17 19 53
24 1 32 81
29 73 77 74
0 4 34 7
3 23 74 3
69 20 16 19
80 18 11 33
29 22 50 26
29 5 82 26
7 31 67 10
42 22 34 44
59 12 78 23
19 25 28 64
82 21 70 0
82 14 75 17
13 13 54 14
25 0 30 32
86 23 88 41
54 37 51 23
28 85 10 55
67 62 83 65
0 21 79 66
4 53 28 22
61 29 86 51
19 15 20 51
1 5 28 81
47 54 1 8
16 68 7 1
48 83 30 36
0 37 30 83
65 9 36 41
24 87 63 56
79 6 29 24
14 24 26 9
37 7 5 20
76 90 50 63
31 64 37 67
50 35 5 85
33 6 45 14
33 58 41 13
40 18 15 35
18 50 20 86
12 30 76 22
40 57 12 14
84 14 9 48
13 8 32 56
40 11 2 6
35 64 49 2
63 35 13 44
37 66 26 33
31 13 4 22
8 75 75 6
30 21 36 21
24 14 5 6
8 28 27 85
13 8 60 60
4 27 27 24
50 17 36 27
2 87 17 14
62 30 57 1
24 36 7 22
51 1 10 47
12 4 15 10
78 26 30 62
90 40 26 28
13 49 29 12
2 82 4 23
47 8 85 37
4 16 39 33
22 13 4 14
76 36 2 23
42 26 33 69
45 3 68 70
9 47 24 13
61 3 30 83
22 67 3 20
85 90 71 29
30 3 10 22
16 45 34 11
30 8 11 34
13 21 10 38
33 63 30 6
25 26 79 67
40 3 31 15
61 36 23 64
85 81 33 87
8 81 32 18
4 5 12 50
57 18 3 4
22 38 6 12
69 89 88 34
86 60 84 8
7 57 39 74
77 88 23 12
9 35 32 60
66 21 29 4
43 10 77 30
18 85 3 5
9 51 55 87
21 85 25 35
19 0 51 34
89 61 70 15
17 50 44 78
3 5 31 34
70 47 15 24
55 84 24 9
30 64 62 28
20 46 0 16
56 81 62 3
16 72 88 73
29 19 20 12
17 79 5 14
25 39 83 14
28 27 14 32
28 7 45 25
19 32 13 67
24 49 30 56
18 27 53 50
19 46 40 31
0 18 74 6
55 30 42 29
4 19 80 63
9 13 8 89
73 7 60 86
37 24 61 45
23 21 32 58
59 67 89 88
7 26 18 47
20 17 27 22
80 66 55 69
53 35 9 41
3 32 78 20
13 63 81 60
33 24 33 65
22 69 41 78
6 6 25 37
80 61 27 28
35 21 72 7
62 59 41 88
42 55 25 80
57 23 8 30
30 70 82 60
65 47 86 48
28 40 22 27
31 4 8 50
0 16 0 32
7 18 25 78
15 66 82 43
11 28 2 58
58 24 49 33
61 86 84 4
83 36 30 11
41 89 40 9
14 65 83 0
23 70 9 43
80 31 1 61
2 47 60 36
76 17 80 22
48 37 31 29
37 26 83 23
21 22 86 16
44 10 86 78
24 20 89 77
12 19 28 34
83 85 77 28
5 35 51 51
29 8 11 65
78 36 65 77
37 78 74 28
52 20 3 15
2 12 12 31
22 66 56 58
37 52 30 89
24 24 35 68
76 67 78 40
85 78 80 21
7 73 9 26
47 41 59 3
0 26 7 19
35 65 37 16
22 62 2 63
66 31 39 46
29 79 39 63
34 26 8 25
42 87 52 80
12 87 61 25
55 29 20 1
59 13 69 37
29 31 31 80
4 22 10 35
73 42 26 53
33 49 23 2
87 3 17 36
77 12 89 5
55 29 3 32
25 6 65 37
22 34 71 85
77 18 19 6
26 19 36 81
74 54 81 65
81 4 16 72
81 15 39 37
5 27 77 22
47 90 46 40
18 70 4 44
85 1 21 88
55 89 16 50
50 5 63 12
17 76 29 72
46 29 22 0
65 56 4 83
73 8 16 85
82 14 31 0
17 64 30 15
30 60 71 79
26 85 12 34
80 25 36 67
7 87 20 63
36 29 0 35
84 53 68 32
35 8 15 25
86 66 65 8
37 18 65 34
61 17 56 37
35 0 81 89
60 5 27 49
30 15 69 33
35 38 29 79
82 78 39 34
56 28 38 57
11 5 32 21
4 38 26 64
27 13 31 23
60 15 82 38
3 20 50 46
16 9 18 26
14 23 6 2
19 44 1 50
90 44 50 41
78 3 30 55
7 12 75 39
21 27 82 24
40 28 4 20
21 41 40 28
50 22 76 85
23 71 82 9
11 82 35 26
71 6 17 86
10 8 33 20
24 46 9 8
16 4 2 35
25 6 52 47
30 33 85 18
22 8 3 34
83 77 26 35
49 44 16 32
35 12 1 46
7 34 14 55
22 37 11 54
66 47 74 17
26 4 16 32
3 42 28 28
23 73 19 65
21 33 31 20
30 2 5 26
6 11 32 40
4 89 9 84
21 78 28 78
4 2 5 24
9 19 10 10
59 28 47 58
36 21 79 14
18 23 9 2
30 14 48 12
79 65 7 89
68 72 0 1
38 83 84 84
5 45 73 39
71 49 29 80
12 2 19 5
16 72 3 21
14 2 11 81
13 58 62 0
37 2 84 71
82 3 46 23
57 86 11 30
54 89 1 37
72 12 27 1
48 69 17 13
83 40 25 6
85 87 44 22
10 5 35 16
35 31 86 79
0 53 19 23
36 13 22 62
15 59 36 56
34 12 17 0
86 66 13 13
82 44 31 27
50 25 53 48
2 49 71 25
10 82 36 2
9 8 34 30
78 70 43 22
86 46 16 0
30 45 79 71
29 2 18 32
5 10 19 19
40 36 65 66
23 75 69 56
79 43 66 13
49 84 86 14
85 59 70 66
4 48 90 25
26 9 16 29
32 21 56 37
21 15 38 8
26 63 6 54
20 19 1 27
8 4 70 8
53 7 45 33
32 75 90 24
5 80 24 48
80 25 87 61
6 0 69 52
35 61 87 89
46 34 76 71
40 22 8 29
30 14 13 1
78 4 17 74
55 19 38 3
23 16 35 15
45 10 10 33
34 48 45 16
18 83 39 22
66 22 31 23
32 45 70 37
15 8 76 24
30 43 26 20
60 67 12 35
19 24 48 13
22 53 47 8
89 6 11 18
0 28 31 22
18 55 85 49
48 4 1 36
10 20 46 44
14 63 16 16
90 54 34 43
84 85 1 75
60 14 18 24
11 26 70 31
23 12 38 53
12 58 64 8
50 9 38 83
11 33 24 48
60 74 51 20
63 16 49 46
36 9 59 27
9 31 13 35
86 35 14 8
15 9 3 4
7 52 89 8
7 64 32 28
14 7 73 31
33 2 10 77
2 35 46 20
0 86 23 9
40 21 36 22
44 30 51 71
65 10 58 9
34 54 21 71
86 10 86 14
42 13 9 15
4 28 59 7
29 29 68 34
31 78 3 23
22 52 4 73
12 67 5 37
58 47 5 34
72 21 5 8
70 29 25 24
30 29 18 74
5 75 37 75
59 46 27 69
39 22 60 34
16 12 18 58
14 90 83 4
17 18 90 16
61 64 37 34
25 76 38 27
55 22 0 68
89 21 10 0
8 33 75 55
19 34 2 14
22 30 7 4
58 35 26 7
12 72 28 30
27 79 75 22
25 8 6 69
32 34 11 27
70 36 60 3
35 62 36 14
16 18 88 40
62 10 76 20
31 17 65 86
71 35 48 31
21 28 36 66
44 60 72 22
13 28 65 83
27 26 22 38
63 58 23 57
85 66 54 67
27 80 21 12
19 7 50 52
36 71 66 30
40 60 36 71
75 35 26 33
42 1 25 4
57 58 8 40
19 2 19 65
43 40 6 6
18 46 15 35
5 41 20 3
20 10 5 22
66 80 11 0
10 28 30 34
31 31 29 11
25 16 64 4
43 56 27 79
89 4 47 5
32 19 30 11
53 34 29 5
81 1 4 19
10 50 35 40
53 59 36 39
5 86 37 62
31 32 16 4
53 28 8 68
49 28 18 52
22 26 90 13
16 53 28 26
59 72 29 65
32 15 4 11
86 5 1 39
18 51 20 57
16 81 80 29
49 48 9 55
36 24 13 87
26 21 75 40
83 89 3 31
40 42 87 3
12 29 41 84
15 20 22 24
87 6 69 7
28 29 13 68
1 21 27 58
42 33 78 58
4 20 28 27
9 26 4 52
21 9 76 62
51 62 17 88
11 37 15 7
5 25 5 30
49 53 85 34
89 85 32 54
42 60 37 27
31 78 41 10
75 14 58 14
80 84 32 31
62 86 32 19
59 73 20 87
73 58 3 30
71 11 29 43
37 28 24 89
0 44 64 68
33 69 88 17
38 58 1 36
32 72 65 66
40 14 35 36
27 5 9 63
7 70 53 85
74 52 56 61
22 86 64 77
75 7 24 36
66 82 0 0
23 31 33 61
27 88 40 20
68 87 28 19
1 60 23 62
11 47 80 9
6 21 64 46
8 13 34 71
54 13 49 45
3 41 57 26
85 27 80 22
13 53 33 8
27 18 17 66
84 24 75 19
68 61 9 76
73 20 25 83
60 16 41 76
33 72 12 72
26 31 45 2
4 33 3 73
17 26 50 29
42 2 78 63
36 16 13 31
18 82 23 5
38 31 29 66
81 90 17 44
43 4 50 3
74 74 13 34
86 19 35 10
25 50 8 82
86 55 48 37
6 11 55 2
4 13 12 23
28 72 27 64
31 5 7 7
34 62 20 9
51 39 2 24
30 12 86 29
30 1 37 11
31 81 17 63
9 31 47 69
38 41 85 62
37 49 12 34
75 66 27 16
37 0 3 70
60 50 23 46
32 19 53 80
85 15 28 35
75 70 32 67
78 54 41 23
43 47 15 2
58 19 2 22
13 56 36 35
22 89 72 1
14 12 12 21
64 36 55 23
10 36 84 1
10 89 57 46
79 82 61 4
36 30 60 21
38 5 70 90
63 57 25 32
90 0 8 46
15 9 32 37
87 45 64 9
43 29 5 62
39 12 48 21
2 26 90 25
60 35 28 16
34 25 46 25
36 4 72 38
58 71 8 75
44 8 9 48
72 84 61 63
64 90 34 30
2 14 49 41
47 31 11 72
78 26 46 34
32 22 2 9
36 40 26 40
47 37 5 51
30 81 1 80
14 19 63 22
62 54 21 76
45 51 8 76
4 35 59 7
25 23 2 54
10 82 88 30
17 25 20 28
1 8 6 64
10 38 20 52
79 24 14 30
31 54 61 29
77 73 29 67
6 13 46 41
15 31 37 20
19 21 8 74
18 25 42 52
38 82 70 6
19 19 59 14
37 49 47 32
53 75 26 20
48 74 29 55
27 21 27 45
25 8 37 36
14 18 34 41
36 69 34 77
61 5 83 1
18 77 9 48
68 32 76 42
50 61 64 84
38 26 36 13
50 20 33 27
65 52 83 17
6 77 17 90
29 33 50 10
30 17 57 0
89 46 81 71
20 35 6 75
69 37 14 90
6 38 11 18
66 59 68 1
34 32 3 8
62 2 58 13
34 73 17 2
55 0 32 63
81 7 5 31
74 0 3 22
55 76 59 36
66 20 22 13
28 17 28 19
12 35 49 49
54 37 34 72
3 20 46 22
18 34 3 28
43 15 5 85
2 19 58 0
26 61 84 34
30 16 25 39
86 47 21 10
50 53 9 42
84 16 13 54
34 72 33 2
70 60 21 19
18 48 6 34
11 1 25 3
33 30 35 17
1 11 13 22
88 1 87 22
56 55 0 6
84 45 33 31
24 54 22 60
37 0 30 62
69 82 33 7
56 66 73 34
11 10 74 13
35 29 76 50
5 41 26 4
48 27 26 31
64 16 8 37
2 80 1 5
15 6 24 53
21 3 31 65
3 13 30 15
16 57 83 57
8 6 20 35
81 17 20 6
65 53 34 15
87 22 22 48
23 19 40 18
84 23 7 33
1 31 67 17
61 82 36 30
40 75 2 1
33 38 80 11
10 20 37 39
52 60 19 12
82 46 90 57
73 37 19 4
67 67 11 5
29 32 5 11
21 66 77 27
18 21 38 31
17 66 11 3
73 33 18 26
0 78 41 57
2 18 19 30
75 35 3 55
60 7 3 36
71 43 69 2
9 77 1 70
51 26 7 26
33 45 0 36
0 6 18 7
53 13 41 89
30 59 8 90
68 7 54 78
29 7 63 70
29 13 73 86
38 85 11 55
42 24 29 89
36 29 22 8
28 20 50 21
46 31 17 36
3 16 2 74
7 53 49 57
33 28 24 37
38 9 37 79
41 34 14 9
79 21 48 17
30 35 32 60
40 20 50 51
88 13 4 34
62 74 8 85
2 14 35 5
13 26 72 79
69 69 2 3
37 48 59 77
15 14 35 23
75 6 88 4
29 16 3 28
22 75 57 0
57 59 47 17
5 1 23 32
79 18 83 44
81 35 20 3
2 22 19 22
17 27 78 24
58 63 26 11
25 7 12 44
88 20 30 66
71 68 27 7
29 44 26 46
22 15 42 82
5 20 31 31
52 0 25 4
80 23 64 86
70 72 79 23
47 17 69 26
28 4 50 42
44 36 33 71
61 21 57 84
17 61 27 0
16 16 26 13
22 89 71 20
0 17 3 62
31 12 33 12
79 0 21 77
14 15 65 35
0 18 50 20
9 90 31 76
82 23 87 12
55 33 12 21
9 35 38 84
34 12 8 27
19 11 44 47
31 65 25 18
40 18 82 55
9 29 16 70
84 27 60 29
89 7 20 15
32 4 20 17
85 87 71 32
74 14 2 10
2 13 55 32
88 17 60 32
12 3 0 20
7 77 34 22
79 35 35 44
71 36 61 23
83 50 34 30
22 87 44 60
62 74 26 21
69 6 63 52
57 84 48 25
12 14 83 90
30 61 6 83
19 1 81 0
2 25 22 82
17 20 72 36
17 13 35 49
55 13 45 25
18 20 0 37
45 24 27 87
19 37 44 21
86 88 66 8
8 1 31 54
2 21 83 70
14 7 23 74
80 18 51 73
28 11 31 37
20 68 49 33
0 4 67 20
23 36 88 70
3 82 68 14
12 12 2 85
44 89 12 78
1 71 30 72
42 17 31 0
32 13 22 61
19 79 31 13
61 7 83 34
7 48 19 68
29 6 22 4
49 14 5 83
7 42 27 31
69 79 21 80
59 54 37 37
3 29 87 56
90 0 0 6
7 81 56 0
64 37 26 66
7 20 15 72
84 20 18 82
20 6 30 48
74 18 36 48
34 48 68 76
18 72 76 52
25 27 3 18
62 20 38 25
82 42 42 89
41 71 60 28
10 41 72 30
89 1 15 70
43 85 22 10
51 21 24 62
59 26 7 77
2 26 34 29
31 22 77 71
80 13 27 81
26 34 3 3
34 10 84 90
42 28 11 87
36 77 52 88
42 4 16 0
25 17 9 76
30 31 7 15
60 70 21 20
29 34 44 19
7 33 61 26
74 32 23 0
31 40 7 67
28 10 14 30
20 56 14 55
36 73 4 32
0 0 70 49
2 21 36 19
5 79 39 67
31 37 43 76
44 13 69 49
12 63 24 36
22 18 37 30
28 30 8 13
70 27 6 74
9 71 5 47
90 89 37 27
69 39 81 10
30 29 5 6
8 12 17 31
69 73 60 7
80 60 19 19
31 6 5 14
19 16 0 9
27 19 33 55
72 87 7 15
24 68 55 4
65 86 13 73
1 14 22 51
78 57 7 78
66 19 30 89
9 30 81 75
76 11 28 12
42 72 81 15
45 56 44 17
37 13 79 4
55 35 37 30
69 9 14 42
35 11 15 79
14 22 55 25
1 20 26 19
77 19 36 15
32 69 19 21
51 23 24 85
20 23 49 25
7 41 1 90
3 40 34 64
82 51 21 23
5 26 6 34
51 6 68 14
81 6 82 67
26 37 9 67
18 61 46 27
44 30 27 81
63 66 23 5
22 21 10 80
22 15 46 1
9 14 81 26
5 27 88 18
55 2 49 6
44 59 29 17
65 49 35 12
0 57 6 59
29 66 19 54
80 36 66 55
2 5 18 62
24 34 44 29
7 45 33 83
26 30 0 5
14 82 8 29
69 8 39 32
25 17 18 30
38 10 4 27
6 27 37 23
12 33 20 46
9 11 13 20
0 53 49 9
88 31 35 24
77 1 71 39
23 66 11 87
24 21 29 26
30 25 7 71
9 66 38 54
61 42 51 0
35 26 27 79
56 55 78 5
69 46 22 7
2 6 26 79
43 55 25 90
38 7 80 69
36 57 28 26
82 34 59 15
55 19 50 28
13 27 34 36
30 65 18 7
60 57 38 15
36 73 79 10
54 22 31 86
24 86 72 22
44 68 56 69
32 64 6 56
22 32 62 23
47 25 52 76
44 25 58 30
30 22 61 59
5 41 33 34
4 4 9 26
67 57 17 22
80 50 1 24
39 20 40 42
31 80 12 35
73 70 85 27
26 40 42 17
57 22 1 34
12 77 20 82
32 7 37 20
28 83 53 86
36 14 26 17
86 75 35 0
38 87 3 0
71 55 71 64
26 23 25 6
87 25 1 30
14 67 50 34
74 40 51 67
75 79 8 19
59 22 46 22
65 37 10 14
26 37 26 66
3 49 46 59
14 33 52 7
5 3 81 12
10 11 16 25
2 66 37 2
9 61 30 76
58 42 15 72
68 62 21 46
0 68 26 70
23 11 73 34
4 19 23 1
1 75 45 40
8 26 8 0
20 50 21 41
54 23 60 49
36 36 11 17
17 36 81 77
37 16 81 24
58 79 27 15
69 33 29 36
46 82 30 14
57 36 3 25
19 32 46 53
28 13 87 37
26 45 84 57
48 71 22 15
29 53 29 43
49 28 48 3
79 64 10 16
83 56 9 18
22 7 15 72
81 1 8 56
34 83 63 77
40 73 32 52
10 2 22 67
28 63 77 34
27 27 80 35
64 7 14 38
3 44 41 60
20 15 38 87
3 80 42 72
43 21 35 36
33 7 13 11
21 3 58 58
29 87 85 57
23 23 8 17
20 52 79 17
7 2 48 36
72 51 2 33
33 85 12 28
75 29 21 19
28 30 8 86
20 32 59 17
6 2 62 23
88 64 4 34
11 9 25 85
3 65 21 51
14 15 90 78
74 30 31 20
68 68 20 28
8 65 45 10
35 31 10 31
32 34 75 8
83 18 15 33
53 54 29 35
75 36 3 64
13 57 47 71
15 44 3 21
33 37 66 1
70 85 37 15
22 35 70 35
26 37 5 5
6 11 8 25
68 4 69 89
49 81 20 33
35 41 33 15
43 19 54 29
49 1 27 78
58 48 24 0
39 32 1 28
67 29 2 28
79 63 48 13
45 41 34 40
28 25 25 2
3 19 3 78
67 44 0 90
27 19 20 4
27 82 16 49
4 82 64 23
15 90 43 22
61 35 9 15
2 85 19 24
30 78 4 36
14 4 4 16
19 5 6 10
61 51 25 20
23 1 27 87
5 84 88 77
80 71 22 13
31 59 31 78
35 54 71 10
7 16 9 40
9 29 30 82
30 31 81 18
29 59 34 68
86 11 1 61
87 16 15 8
2 18 8 8
31 24 71 50
39 59 48 22
17 20 53 55
10 40 8 64
8 14 79 15
24 16 2 58
35 66 87 33
40 1 32 3
80 22 1 47
66 68 16 27
22 78 64 14
47 17 67 36
68 37 27 7
75 29 59 37
6 27 3 47
73 4 84 90
46 80 80 67
33 33 52 58
72 11 22 14
62 23 2 27
8 43 33 37
7 84 37 22
77 58 35 32
45 8 1 35
76 71 47 51
6 4 10 30
49 28 83 79
88 35 24 17
16 49 8 5
6 38 83 32
44 64 20 64
35 52 16 78
31 24 40 22
26 16 63 45
56 23 10 40
16 25 33 13
84 35 0 4
28 51 13 28
40 33 10 30
15 23 13 90
26 7 6 48
88 57 0 12
33 26 27 68
17 7 14 10
88 47 33 31
75 10 72 1
8 74 3 82
18 5 70 19
37 8 79 86
26 81 69 22
43 66 34 57
10 30 68 76
60 26 79 5
26 17 34 88
9 20 21 11
27 9 17 87
88 19 34 23
63 51 18 63
31 32 67 74
75 13 52 21
20 3 11 22
7 49 44 30
37 46 65 2
14 60 60 3
88 22 70 10
72 12 31 79
28 23 52 1
2 13 5 32
31 3 35 38
2 34 17 19
58 2 31 57
53 78 40 6
0 0 19 27
73 25 56 5
33 10 37 19
19 87 31 17
36 43 44 50
5 24 4 18
0 66 11 17
21 62 22 37
82 28 2 59
0 15 77 39
39 84 7 16
7 25 49 29
14 29 56 87
36 9 14 11
5 0 75 18
3 87 60 16
45 30 1 75
33 12 29 83
10 44 4 25
58 38 88 77
19 75 84 35
27 80 8 86
48 40 12 49
19 73 8 34
8 47 32 12
19 86 19 53
67 4 9 74
6 85 28 85
27 16 27 77
25 13 44 72
56 69 1 36
7 7 14 31
49 51 28 87
8 66 63 77
31 82 26 27
29 19 62 47
64 14 12 64
28 44 71 34
58 7 47 34
60 75 90 46
68 43 24 15
17 41 71 88
29 38 52 72
53 85 4 5
85 12 36 20
20 14 9 33
81 73 13 68
57 36 82 3
42 75 35 13
14 53 61 26
14 89 75 2
42 80 49 90
10 83 71 15
42 1 67 31
56 58 17 9
17 17 4 57
27 12 1 37
1 3 29 49
75 25 77 52
84 3 86 90
65 29 16 17
88 20 17 84
53 10 65 37
55 1 24 31
69 16 82 0
18 64 69 50
19 66 22 23
42 89 12 42
69 81 63 15
6 11 20 1
12 7 10 32
30 29 25 22
1 5 88 17
17 55 1 75
28 28 7 27
29 13 12 42
61 26 1 1
86 6 12 1
19 43 64 56
0 2 50 29
46 69 6 67
11 13 16 37
28 26 25 67
3 90 89 3
24 11 60 51
39 75 68 42
86 13 31 49
23 54 47 4
2 84 22 43
7 24 58 7
84 85 4 53
57 74 7 83
84 60 10 18
57 8 82 6
15 2 85 45
1 4 14 22
67 84 36 26
14 29 64 19
13 75 84 54
17 48 60 5
45 16 74 34
47 58 15 22
4 6 12 12
33 6 45 46
33 33 27 64
57 26 22 19
36 38 51 73
65 24 12 62
8 35 73 9
77 10 4 14
32 40 28 32
22 20 8 6
26 2 84 17
60 37 14 79
18 22 51 87
23 65 88 27
16 39 76 29
34 22 21 35
61 12 13 9
56 51 0 29
29 8 34 70
24 29 70 21
4 59 52 10
22 7 29 53
3 0 87 26
57 26 36 70
24 33 49 78
51 16 88 11
86 38 35 10
31 25 6 9
52 5 54 13
33 88 14 51
27 21 66 63
20 16 32 27
70 10 20 78
77 26 33 53
21 74 0 81
57 67 7 1
52 23 3 10
48 82 51 16
5 41 36 17
89 2 35 77
63 36 36 25
7 29 59 75
57 24 30 28
46 3 63 64
56 28 16 24
33 25 37 47
79 21 23 69
23 43 41 34
15 53 34 35
33 10 83 88
15 78 28 51
27 16 76 28
30 9 5 59
25 40 81 63
7 22 4 66
2 85 0 15
16 63 23 7
24 6 10 63
53 26 8 69
51 31 34 64
76 48 24 31
21 65 28 45
19 27 82 10
31 48 20 16
86 9 63 33
5 16 17 56
14 24 87 26
46 83 9 5
80 8 52 7
26 0 30 64
42 2 65 60
72 35 28 71
70 24 0 37
40 86 82 33
11 12 44 74
19 11 66 16
9 38 7 8
29 44 52 0
83 71 89 12
28 37 38 26
60 17 64 48
63 25 5 53
56 72 10 15
22 10 13 1
79 31 26 7
5 77 29 12
3 27 30 60
1 70 32 81
31 72 37 11
69 84 20 7
73 14 0 86
26 53 64 28
25 35 18 79
4 13 46 0
14 19 52 35
62 36 8 29
71 1 47 52
28 50 63 89
23 30 19 19
9 20 38 67
26 47 57 3
87 60 16 20
78 21 7 57
57 6 31 8
53 11 9 26
12 21 85 14
43 15 19 31
4 49 4 67
53 67 47 49
50 29 2 84
41 82 19 20
47 25 14 61
9 57 26 73
0 47 2 54
5 0 42 37
17 56 11 61
38 90 35 15
14 7 4 16
18 34 75 65
29 75 7 44
68 38 1 85
25 25 49 0
38 51 23 31
45 29 19 50
47 88 7 22
29 60 78 27
42 57 75 44
86 37 66 7
4 67 15 85
27 42 35 36
21 36 6 11
36 69 71 81
2 5 19 6
46 5 74 45
9 3 86 19
54 62 13 26
83 26 63 26
14 73 65 21
31 63 0 87
76 2 10 30
73 66 73 26
21 12 6 80
30 18 31 70
10 84 80 36
24 14 44 48
6 35 37 12
53 63 53 15
67 27 8 30
25 72 43 14
2 32 76 15
66 21 71 77
24 75 8 29
28 80 53 37
28 9 69 80
4 44 28 24
66 76 14 65
21 27 89 15
2 49 72 80
0 44 9 1
80 23 27 30
28 56 2 16
41 16 49 2
76 11 20 3
5 75 77 7
12 54 28 1
25 15 34 26
36 66 84 73
47 33 49 12
14 24 55 3
47 70 35 12
38 58 65 35
53 16 22 21
17 31 61 61
9 21 4 6
50 23 71 29
15 84 59 7
48 3 17 27
17 70 8 33
14 77 29 21
80 74 49 87
64 23 10 68
43 8 35 78
16 13 42 20
36 61 79 24
70 24 23 36
20 6 57 89
83 28 12 45
66 22 78 23
8 28 35 41
64 29 66 14
15 63 71 6
30 28 27 77
35 0 0 81
55 14 27 49
84 3 8 31
30 20 46 4
49 36 84 14
34 16 22 30
13 47 63 78
51 76 26 3
55 87 11 42
7 36 71 21
44 28 18 46
2 18 30 56
41 5 43 63
47 36 20 10
29 19 76 19
10 51 41 35
63 11 48 28
16 21 23 36
58 33 35 78
78 74 64 64
61 55 0 30
13 37 58 19
53 79 76 16
41 8 57 25
37 53 25 3
77 7 12 3
64 86 21 36
22 21 79 80
56 9 8 71
22 82 69 26
37 20 85 24
15 67 12 17
9 38 38 13
46 46 41 39
89 65 72 22
7 79 20 24
82 9 18 28
71 72 36 22
22 80 31 57
14 51 22 0
23 7 30 29
34 61 5 47
14 15 5 63
30 4 22 4
41 54 5 71
29 78 71 2
3 58 78 21
8 71 37 45
35 88 37 66
27 52 89 17
59 9 62 8
25 51 30 37
23 27 38 17
66 28 61 11
25 15 48 23
40 34 36 19
25 79 17 49
36 31 86 16
25 14 24 27
8 33 32 57
35 78 85 57
73 12 13 38
5 64 24 23
79 36 76 2
11 4 24 2
4 20 74 25
46 83 17 2
59 34 23 39
2 2 14 19
29 61 84 18
42 46 88 35
39 34 25 3
4 67 11 38
27 1 34 22
23 45 35 53
76 51 26 65
34 85 18 29
59 35 41 41
64 1 80 20
37 75 28 27
0 8 21 22
5 8 69 0
11 36 38 26
10 66 22 10
39 82 72 28
9 87 17 53
38 46 0 71
7 30 78 84
1 13 33 37
54 22 57 47
7 44 19 19
29 61 82 64
50 23 49 73
33 34 28 59
18 47 62 43
25 41 70 75
24 64 33 4
17 18 19 10
53 18 69 65
53 0 15 12
5 38 3 36
58 37 85 11
41 67 8 18
5 19 7 63
25 34 28 61
55 7 29 1
60 12 41 39
24 5 85 33
5 34 6 49
57 4 61 15
14 8 9 1
49 29 18 26
45 16 10 32
12 29 7 17
19 43 20 20
87 31 26 56
46 87 22 35
83 42 5 13
39 76 29 5
58 12 62 83
22 21 9 15
51 67 8 84
29 60 77 28
89 48 8 33
2 8 80 22
10 5 32 40
41 50 73 35
29 32 34 36
22 13 10 26
6 43 33 1
7 27 8 79
44 12 32 68
4 16 27 61
26 9 18 43
10 32 89 24
66 74 13 23
39 75 69 13
49 89 7 12
19 8 42 73
86 71 37 24
24 51 11 26
23 55 5 30
48 36 35 49
22 17 5 26
11 6 21 10
18 41 24 17
5 2 53 21
84 26 42 46
17 73 69 6
33 34 20 57
30 75 14 60
37 76 49 38
83 4 54 33
11 17 50 5
19 57 82 6
72 24 90 43
9 3 17 7
22 7 30 45
79 14 18 0
81 74 82 55
52 2 66 86
38 85 12 85
25 1 50 22
37 8 53 11
3 33 21 21
74 43 66 81
77 11 23 85
7 19 26 64
23 15 44 7
31 23 16 27
31 15 55 34
83 89 61 56
16 17 7 47
23 82 80 12
72 71 83 36
51 73 68 25
34 17 5 83
23 26 62 48
15 40 3 1
16 76 23 74
8 4 41 33
14 18 64 23
3 39 85 5
75 73 16 16
90 30 50 36
20 85 9 36
37 77 2 20
0 33 8 9
46 54 19 50
56 51 11 43
72 11 70 57
42 35 21 49
37 36 11 10
29 44 28 24
20 2 57 19
2 60 9 18
6 71 19 87
5 59 12 58
5 26 7 74
77 39 6 83
2 37 86 3
10 25 69 36
20 20 1 49
13 35 4 53
7 21 0 2
32 22 27 51
2 84 14 48
26 84 9 89
27 36 20 62
22 85 28 20
8 2 66 70
65 27 69 46
46 45 14 7
90 80 65 45
52 52 47 43
80 56 33 12
78 18 15 21
72 30 31 86
32 4 14 12
46 20 19 26
58 12 23 43
23 2 82 28
27 41 4 48
88 83 11 3
80 31 70 58
29 54 7 45
1 5 56 0
18 18 35 10
3 90 32 86
10 79 15 0
1 20 11 2
26 41 7 21
61 25 18 65
9 12 18 28
80 1 74 47
19 37 22 77
51 21 68 75
74 21 24 42
46 9 40 22
11 10 6 27
46 72 64 3
22 18 18 15
83 47 56 37
25 57 17 60
28 30 12 65
16 14 76 32
69 27 64 22
9 34 18 26
33 68 10 75
14 14 31 78
79 28 20 88
8 3 67 33
62 6 1 33
75 53 42 61
82 45 8 32
58 87 75 64
10 2 1 63
16 42 31 27
49 75 46 88
72 34 82 7
24 79 10 21
32 4 74 71
34 7 49 23
81 12 36 80
75 28 37 29
30 28 54 3
69 15 37 18
22 9 14 36
73 18 7 33
71 30 82 51
64 37 20 7
16 7 4 25
21 31 18 44
65 11 35 79
79 50 26 78
2 84 86 7
37 30 0 82
89 82 45 28
32 17 59 59
4 21 22 6
0 55 8 74
25 62 57 1
55 39 23 25
8 22 33 35
21 5 0 52
6 90 56 74
3 82 88 14
15 41 4 39
69 64 68 57
87 31 75 85
14 16 32 37
9 64 0 61
79 31 46 36
46 86 16 14
20 23 75 11
59 82 74 12
31 46 32 42
39 8 71 31
48 71 39 81
73 23 40 78
41 29 29 18
39 35 80 31
37 8 34 16
87 30 37 62
65 80 14 7
27 24 86 16
0 39 7 53
61 21 50 15
15 54 1 34
10 58 10 62
58 22 28 53
34 73 59 0
58 78 28 65
57 10 6 86
11 0 27 3
54 2 29 60
12 17 13 4
87 61 62 27
81 26 4 47
34 46 27 8
19 37 62 39
12 14 53 88
32 70 16 57
54 3 83 88
82 17 65 36
19 50 28 21
73 63 8 23
33 0 53 10
40 29 29 23
85 1 2 19
20 66 31 3
24 65 14 10
43 13 0 69
24 47 10 43
25 82 10 17
22 20 82 25
29 21 52 73
11 25 81 18
16 90 66 46
24 61 14 83
24 75 50 22
29 4 71 9
77 27 80 2
16 17 77 66
41 30 27 13
89 83 46 79
5 11 12 37
66 24 79 33
83 34 87 49
32 6 6 13
27 88 59 8
27 46 29 51
20 0 16 28
8 33 25 6
35 75 46 12
6 33 89 4
18 59 14 35
88 10 7 11
27 13 7 2
90 61 64 7
42 76 8 82
81 15 40 62
18 88 28 64
7 55 45 38
29 62 44 5
31 4 29 58
62 27 23 32
75 79 3 29
22 3 0 16
28 41 38 24
16 13 35 56
5 63 4 66
58 27 31 72
80 34 15 2
3 82 19 46
35 5 90 68
30 5 17 79
4 2 35 71
46 33 55 8
24 73 0 64
39 71 22 5
67 26 39 74
0 20 62 13
30 13 87 3
56 65 88 4
26 25 66 83
26 31 39 2
33 14 16 11
71 35 17 56
77 14 48 8
56 55 80 36
58 47 11 36
2 84 38 10
1 51 21 12
22 21 24 89
52 25 55 37
47 61 55 37
31 18 89 23
54 31 82 43
39 68 63 52
40 8 82 13
15 32 63 27
20 22 48 80
45 55 30 82
68 40 22 46
80 6 76 55
53 9 52 85
0 82 76 89
36 44 8 50
32 49 55 27
61 3 51 1
10 25 9 60
54 5 29 1
32 14 81 30
58 23 46 69
58 75 84 77
24 2 48 65
46 28 90 45
25 34 56 34
32 66 45 43
8 79 28 6
14 31 44 5
82 51 7 70
5 72 0 46
90 86 76 73
34 0 86 24
59 26 73 37
28 81 18 40
6 48 55 60
27 57 55 87
81 47 25 13
40 2 21 14
90 81 33 22
74 53 30 88
14 36 88 78
55 38 34 44
37 22 62 74
28 36 87 56
17 16 24 34
88 34 81 89
33 2 41 34
27 6 3 29
31 9 17 11
59 16 8 1
2 0 47 20
39 33 21 74
36 73 78 2
25 88 55 21
31 9 0 10
57 33 88 1
14 82 65 8
21 13 63 60
22 13 76 47
2 4 14 22
76 72 34 75
73 5 71 30
36 56 23 58
78 4 26 46
16 80 82 37
6 24 49 53
13 89 18 31
10 35 21 78
24 62 12 43
85 29 8 33
32 23 44 55
46 60 4 55
4 55 16 24
85 19 44 53
20 20 15 13
5 83 5 3
68 35 69 69
83 32 34 38
70 82 35 20
25 35 8 11
27 2 64 3
56 11 3 59
25 18 61 34
26 45 88 13
42 10 65 24
14 10 35 16
64 4 30 29
21 44 14 0
9 51 26 3
50 23 71 85
1 49 34 69
23 62 9 9
21 46 20 24
15 80 41 86
40 14 35 42
80 36 84 5
50 68 4 83
54 37 29 23
29 7 14 22
3 39 33 13
36 62 64 44
68 77 1 14
89 22 43 14
6 29 26 45
59 45 68 36
54 11 43 3
56 35 22 53
31 63 34 9
50 82 15 33
7 13 79 89
52 64 74 33
77 14 10 15
28 36 45 22
11 75 25 17
89 70 8 3
48 35 14 55
53 63 90 84
56 64 14 12
37 11 76 16
1 3 20 29
80 7 22 2
21 8 64 80
10 61 37 13
32 3 31 31
58 59 12 72
78 2 65 3
38 17 9 16
15 9 12 44
2 69 13 87
6 87 25 16
79 76 86 14
68 43 43 12
20 0 18 9
9 24 28 64
17 1 77 20
86 71 8 74
30 47 80 62
44 9 3 25
57 61 18 35
38 5 14 2
85 1 3 24
31 34 2 58
22 78 68 86
6 0 87 2
87 33 18 16
10 4 18 32
30 3 10 17
16 72 78 66
37 23 12 66
53 47 23 34
1 11 23 27
12 29 9 70
56 44 10 43
69 64 24 5
23 28 17 18
86 26 34 46
10 61 34 49
12 28 26 59
53 4 40 9
10 19 16 28
63 77 13 11
14 42 68 80
17 32 6 47
39 7 82 16
68 6 17 81
31 31 19 12
5 27 80 18
14 26 81 42
73 37 30 11
17 18 23 36
32 34 27 89
58 19 11 57
79 84 22 29
28 1 3 46
78 36 1 62
83 25 84 24
20 53 29 36
16 25 53 26
74 42 4 5
14 21 68 77
8 5 46 19
68 24 66 27
2 36 18 16
80 53 32 10
66 70 9 78
28 2 14 29
4 4 20 56
31 77 5 69
15 56 85 24
5 0 43 58
7 88 6 90
59 72 60 32
21 25 6 13
62 75 17 67
14 76 22 90
72 90 4 28
50 0 28 49
36 82 90 33
9 88 90 6
2 40 85 19
29 84 76 84
40 25 52 41
24 74 55 42
75 0 28 30
15 8 0 15
64 35 4 8
72 90 17 6
32 21 12 29
90 83 8 14
26 84 5 2
73 3 5 32
7 75 23 37
82 89 48 61
62 12 48 30
57 54 15 63
37 22 71 5
58 19 47 7
45 30 11 78
81 15 68 12
19 11 16 33
78 71 88 1
16 16 36 8
17 67 9 22
24 69 38 24
18 27 32 26
37 6 64 36
52 5 77 83
41 15 19 90
49 15 55 28
7 10 12 84
75 90 49 37
10 81 62 83
87 23 30 20
37 16 70 29
88 59 45 43
36 4 12 30
1 26 55 61
13 24 76 77
24 9 16 24
90 18 18 14
50 44 24 2
79 64 13 34
29 32 75 9
25 51 17 47
13 41 0 67
23 15 5 11
12 10 45 43
34 31 34 17
14 60 1 33
5 5 64 35
33 67 45 19
70 7 33 63
27 14 51 63
50 3 77 67
80 24 82 49
26 10 36 84
50 64 73 79
58 31 15 25
52 48 11 3
59 55 11 37
37 36 87 64
2 57 14 51
12 25 4 74
23 34 17 57
61 79 65 12
54 24 46 46
1 78 56 59
9 0 33 71
20 61 33 34
58 19 6 26
32 18 77 73
78 28 42 34
40 62 57 57
22 59 75 28
49 70 30 11
8 9 15 1
89 30 2 49
42 28 80 49
41 62 26 22
31 15 5 59
37 74 18 5
53 0 40 57
6 10 15 35
31 21 35 14
27 75 36 81
11 32 79 45
74 54 36 22
34 17 21 20
77 68 7 8
61 24 44 2
14 18 27 34
3 23 36 70
37 87 40 70
68 15 80 78
21 17 20 54
85 73 9 14
26 89 50 67
54 45 74 57
29 27 68 54
69 16 41 75
29 21 25 17
83 54 17 72
33 33 0 56
61 56 44 67
31 53 3 5
23 31 8 41
4 9 23 2
39 21 5 34
18 5 53 51
18 6 89 70
54 16 83 70
77 14 20 19
88 2 14 75
0 4 63 68
18 15 80 35
44 20 37 27
10 36 25 9
18 81 21 16
33 83 25 63
8 78 84 39
70 0 33 22
16 84 71 75
51 71 74 38
18 28 79 44
8 29 55 36
4 54 85 3
40 69 60 32
62 0 7 80
0 11 29 36
46 24 53 14
25 77 11 35
1 1 66 11
36 16 20 11
70 8 52 87
0 4 60 9
88 40 31 10
79 23 54 6
16 19 51 8
83 16 18 23
70 9 37 73
7 36 58 47
7 31 21 71
20 28 12 87
72 85 14 31
12 51 19 75
52 9 45 33
54 23 19 47
66 42 8 29
51 30 50 59
34 5 74 14
46 78 26 90
8 9 35 35
37 33 69 2
32 7 74 83
8 38 55 4
20 41 13 8
68 16 32 64
67 35 9 27
62 31 31 0
3 68 3 12
26 65 3 42
34 25 86 8
27 1 61 15
33 65 75 25
12 3 14 27
86 63 35 76
62 49 15 30
16 89 89 38
3 50 7 38
85 50 54 44
79 26 8 38
58 32 32 19
3 34 7 3
13 10 33 18
1 2 39 67
2 22 16 68
25 29 16 35
42 37 27 28
24 39 89 66
88 49 90 46
1 50 21 5
6 42 20 21
22 36 56 21
48 55 50 70
9 20 1 21
41 22 30 68
15 36 20 13
73 15 49 10
26 82 65 59
28 27 3 78
53 29 32 17
86 47 1 31
17 22 40 55
17 20 0 37
3 18 34 9
38 79 28 57
1 76 17 43
64 53 0 31
59 90 5 37
16 18 22 6
31 11 2 55
2 33 51 61
16 7 74 29
76 1 14 36
2 76 22 60
79 42 34 25
13 37 15 10
27 72 38 4
66 22 58 49
16 85 44 65
29 14 23 89
22 1 33 2
84 21 87 38
3 51 22 66
1 49 51 75
80 15 16 35
77 76 23 25
60 49 21 58
62 63 54 87
30 17 32 7
33 13 60 76
36 57 29 27
26 18 25 75
31 23 10 0
28 74 21 15
3 6 21 54
45 44 1 30
47 13 23 12
9 47 51 32
31 37 41 72
6 37 2 6
19 6 12 16
13 90 8 18
36 14 32 23
59 28 13 23
34 34 65 9
29 8 75 27
2 84 34 68
33 52 12 71
49 8 81 5
22 24 35 25
7 6 19 60
75 74 90 41
7 81 25 40
11 74 44 89
21 35 19 7
2 27 26 6
67 6 35 20
24 66 32 85
62 3 11 27
66 44 6 0
40 82 21 60
56 14 60 12
31 22 5 61
63 30 12 49
51 18 33 48
66 28 14 14
23 45 55 66
36 27 0 15
38 14 57 73
89 17 12 1
3 61 85 48
4 28 9 13
69 4 67 53
13 15 65 30
20 29 56 3
67 48 25 74
36 2 53 26
82 13 4 34
20 24 85 36
47 43 18 81
24 34 61 31
23 12 15 10
10 72 49 67
40 80 35 69
31 33 19 2
25 77 33 45
34 24 70 18
63 45 23 89
31 38 34 10
37 81 69 33
7 9 16 28
77 40 8 6
8 52 64 3
23 39 6 35
14 21 15 66
82 65 29 42
43 47 8 70
33 12 9 64
1 73 71 19
35 17 33 1
42 16 69 21
43 52 37 20
51 45 9 16
60 26 11 15
62 7 30 66
12 22 42 40
63 85 85 9
90 67 62 44
69 75 81 33
34 77 80 34
29 2 76 68
8 29 29 20
90 16 1 33
83 39 26 38
20 4 48 34
24 13 0 65
35 80 7 66
0 35 68 41
2 22 4 78
78 85 84 57
33 5 77 32
62 20 55 9
62 89 27 40
13 8 15 11
21 66 67 35
58 15 14 34
64 17 1 5
70 14 0 82
67 79 32 63
9 37 81 60
37 19 29 1
7 17 11 80
35 17 20 37
36 88 5 34
23 16 4 8
9 21 3 38
73 82 20 67
57 74 54 45
38 85 20 26
25 70 52 35
9 9 46 72
16 19 16 13
58 70 15 43
7 32 6 8
31 15 54 80
24 43 62 24
53 1 28 45
81 8 12 49
22 39 6 65
3 10 21 29
89 31 35 28
23 30 2 83
29 52 55 28
78 90 14 27
85 32 33 86
33 2 35 55
77 7 11 83
73 10 67 18
51 63 54 57
15 10 3 33
78 21 80 30
4 51 27 34
71 84 22 66
6 51 77 36
2 8 10 66
80 9 15 19
51 21 45 6
9 75 14 43
32 24 11 12
4 67 17 23
39 13 7 22
37 56 9 17
1 62 89 23
80 75 14 35
66 52 13 88
4 78 61 86
40 61 66 10
19 63 82 0
79 8 45 77
1 51 13 46
13 45 4 5
60 16 24 13
21 41 50 15
61 20 23 16
20 48 33 26
50 31 35 34
7 32 9 81
28 24 2 67
35 90 90 42
3 68 37 6
73 37 82 80
69 20 33 51
23 23 49 14
41 59 33 23
15 41 66 63
45 24 36 3
70 70 48 13
73 39 78 36
2 30 6 46
1 52 66 8
49 74 64 18
22 39 18 15
5 30 37 70
2 1 36 37
86 2 69 58
60 8 49 65
0 67 5 0
12 29 28 64
7 58 10 23
23 23 4 2
2 23 9 10
55 12 73 4
23 8 11 86
85 9 45 56
63 50 19 56
31 28 68 45
18 16 4 39
23 14 32 80
0 11 68 58
29 26 58 10
37 7 37 36
80 23 51 35
6 46 35 4
30 81 29 55
35 9 3 3
28 36 54 77
21 7 15 52
16 40 70 31
28 59 4 73
33 69 51 23
28 29 7 18
8 20 9 3
9 55 20 25
31 1 17 65
15 83 24 16
69 11 74 36
15 32 76 76
64 35 87 75
32 30 67 25
14 31 64 34
16 3 56 7
23 25 52 11
72 17 38 25
39 10 50 15
47 79 34 29
47 4 50 88
75 6 46 81
18 75 27 14
41 11 3 20
27 11 52 68
30 39 65 6
22 63 28 4
18 33 14 32
66 29 31 22
74 50 90 56
41 27 12 30
17 11 29 65
55 27 77 13
38 83 49 71
20 0 52 36
18 17 70 44
24 77 4 25
11 75 5 56
30 57 57 84
32 15 31 28
62 66 33 32
10 11 16 66
55 41 81 24
42 79 61 42
29 82 12 46
48 45 79 1
60 63 20 6
1 77 72 40
16 16 15 38
15 0 11 21
42 54 27 37
85 82 7 39
39 21 37 29
35 64 53 36
40 14 9 67
37 31 89 7
3 45 7 28
1 81 59 37
7 10 75 22
51 59 26 16
90 13 46 18
16 41 77 38
15 56 29 4
14 3 7 25
62 72 6 5
59 80 33 11
8 2 64 10
3 43 29 8
49 68 81 8
81 29 28 84
69 1 16 24
13 35 32 10
42 33 6 58
41 11 59 29
2 87 30 12
11 53 2 29
48 0 25 74
38 0 60 75
9 30 12 11
28 10 54 87
24 50 55 71
90 16 1 29
77 54 34 4
88 7 65 14
59 40 16 26
61 37 20 21
58 61 48 16
42 1 64 36
0 30 10 42
18 26 24 25
47 71 36 54
5 11 6 37
32 87 10 0
7 24 24 15
17 27 53 20
37 36 11 4
16 27 7 2
44 18 43 43
34 27 1 73
20 21 4 25
5 60 9 25
12 27 32 59
16 53 6 26
32 84 57 26
19 36 25 9
30 44 73 68
27 4 29 30
37 59 36 8
61 87 31 3
14 71 7 20
73 51 52 14
76 24 58 72
28 17 30 30
35 49 15 24
35 32 10 20
21 20 62 31
1 41 82 78
26 22 59 22
11 20 53 8
80 33 82 81
2 42 39 19
7 6 33 8
24 26 14 76
87 57 65 83
4 3 31 60
25 85 31 20
39 27 14 23
84 65 75 33
36 53 31 63
43 34 77 23
32 64 3 9
83 16 57 0
52 24 37 86
74 49 20 29
16 64 42 39
9 59 33 57
40 81 46 18
50 90 57 9
10 79 77 58
0 57 19 34
42 0 26 32
14 15 28 62
57 43 4 20
53 9 19 43
34 52 16 85
75 2 57 9
49 77 19 68
64 33 24 32
0 0 2 4
26 45 9 34
35 25 49 30
85 66 24 4
2 27 23 29
89 61 20 6
38 18 76 54
14 24 30 17
37 29 25 47
69 35 38 37
44 60 4 23
17 52 15 7
19 41 18 36
26 2 18 67
4 13 52 53
45 90 7 71
24 9 18 56
70 42 40 73
13 64 6 32
39 77 22 82
9 16 31 15
1 23 1 59
52 62 26 30
30 24 26 53
14 27 0 9
28 59 81 24
83 82 83 67
35 34 24 89
3 69 66 14
25 54 8 67
21 63 64 27
53 32 17 18
19 87 86 41
2 87 21 8
62 24 45 28
52 41 74 88
41 39 42 58
51 18 57 81
19 27 19 12
78 45 0 75
70 22 7 27
19 4 21 60
74 33 54 4
3 57 30 74
11 36 65 3
73 7 77 57
34 25 67 73
79 31 12 12
0 70 25 18
79 25 2 28
10 88 31 66
39 46 39 7
58 87 66 30
8 13 24 12
0 50 68 51
84 88 34 53
27 14 27 59
67 9 65 79
31 29 13 42
20 75 38 46
71 16 22 19
87 33 5 0
81 81 14 51
14 21 34 72
41 82 82 4
28 29 73 30
35 90 79 32
24 20 63 17
3 25 32 26
22 76 2 30
23 61 4 11
84 55 76 74
32 20 21 68
47 30 16 33
82 35 70 1
8 13 44 54
11 3 84 0
34 20 15 58
37 44 24 55
14 85 51 82
18 14 29 36
16 86 2 29
70 83 41 3
86 86 29 9
35 26 12 64
66 50 64 14
8 59 61 80
23 32 6 34
6 6 70 59
68 5 2 35
21 10 15 4
13 20 5 22
20 88 31 34
57 19 0 2
15 22 20 71
35 30 10 30
10 49 73 34
31 28 17 66
8 51 48 32
21 26 10 33
60 2 52 10
32 41 82 0
49 22 10 5
51 79 66 14
6 10 4 82
43 80 37 86
3 56 28 85
73 58 13 66
52 30 1 77
13 5 29 17
10 37 44 1
12 39 18 10
64 8 41 9
33 10 44 6
47 75 62 67
55 45 81 62
7 88 80 0
81 13 69 36
87 20 4 28
11 90 59 22
7 7 0 26
26 22 75 72
53 0 59 76
27 3 76 49
15 8 51 29
4 36 8 12
25 36 12 89
83 11 42 77
31 37 33 25
7 2 78 25
84 10 13 65
33 33 29 33
37 83 90 2
34 4 33 44
68 42 80 57
50 21 5 79
82 41 20 57
78 2 33 2
17 33 49 9
84 72 35 3
25 22 88 19
35 27 20 3
18 20 32 83
9 10 74 6
35 19 19 71
37 33 12 74
44 34 82 28
59 80 86 83
74 29 34 34
26 0 34 30
1 6 15 6
87 21 70 23
22 72 36 78
60 15 45 29
26 59 17 22
20 17 3 15
49 33 42 69
28 41 18 4
18 9 81 65
26 20 45 78
71 71 1 12
9 12 24 10
24 5 66 45
29 29 14 81
10 71 41 57
40 4 66 18
0 0 0 24
37 86 8 1
66 65 42 87
7 0 37 14
62 48 39 57
30 8 33 17
10 60 4 53
23 5 12 21
78 87 19 10
5 7 3 1
8 12 30 47
39 20 21 62
84 25 3 23
13 36 32 68
27 37 87 3
11 14 15 4
74 71 26 45
67 18 47 7
56 16 26 7
36 43 56 55
2 78 58 45
34 29 16 76
69 26 20 34
30 33 90 79
90 72 81 7
53 90 59 10
58 40 75 58
26 34 45 29
47 90 24 86
27 30 17 21
80 57 31 6
35 23 16 17
47 25 78 30
79 22 85 31
52 44 56 36
32 19 33 33
12 59 32 31
43 75 26 81
26 16 44 30
75 90 28 13
62 61 25 1
56 58 17 10
7 82 10 45
36 67 57 14
57 4 22 4
90 5 15 34
87 21 64 24
37 1 67 45
52 50 62 5
11 41 34 75
2 66 15 9
45 22 36 60
18 20 13 32
71 34 80 67
7 14 29 35
22 67 48 87
30 28 37 40
61 65 15 36
57 8 10 5
0 49 2 32
8 11 72 17
23 36 59 69
49 67 26 2
59 34 78 15
80 52 2 7
27 75 1 5
33 13 6 39
81 62 34 73
36 48 7 1
74 68 42 4
85 40 20 20
2 49 20 34
78 17 36 31
49 6 25 18
35 42 31 60
89 21 31 61
62 22 0 51
90 67 21 32
64 28 87 75
45 13 89 28
5 2 24 52
25 13 29 9
0 3 10 41
22 17 69 82
6 2 90 25
6 6 72 29
47 41 31 86
30 4 46 11
79 21 27 79
22 25 75 21
61 67 52 86
32 45 5 7
37 87 23 39
28 3 83 23
41 66 37 4
13 15 9 15
20 86 5 19
65 18 66 20
27 6 22 81
37 88 32 41
88 34 24 31
27 28 49 8
33 32 3 18
3 17 24 65
59 60 46 65
6 45 69 75
51 47 11 74
36 29 57 35
29 72 62 32
20 32 23 1
81 13 28 33
22 6 83 84
37 39 49 52
27 2 2 12
44 5 6 72
57 15 28 59
41 29 70 12
79 23 3 9
77 15 68 13
55 27 64 47
23 26 30 52
17 6 40 57
12 87 33 68
41 23 62 84
22 15 74 71
18 83 10 27
36 67 5 20
71 29 42 15
34 14 30 48
30 22 23 15
70 15 20 72
19 62 43 84
85 25 81 33
16 65 62 57
30 36 66 37
5 16 9 3
18 41 29 48
33 31 15 37
62 24 46 44
89 36 6 66
8 5 3 45
22 40 66 57
68 12 62 3
31 28 31 28
6 25 41 45
58 66 29 51
11 31 10 28
53 82 31 19
23 71 40 80
54 86 73 79
79 73 68 25
86 24 7 19
65 18 21 28
44 79 3 53
43 44 22 43
13 51 36 44
82 80 53 5
54 28 31 47
31 61 21 49
31 22 16 0
78 18 34 34
3 56 88 72
89 52 13 18
6 19 24 38
90 23 53 11
10 5 55 63
12 1 87 4
47 57 16 17
12 9 48 9
18 35 14 1
39 54 83 17
7 69 86 20
66 25 80 36
30 47 22 62
29 11 8 62
72 18 30 38
37 77 31 77
31 48 23 6
51 26 34 25
13 82 36 23
11 7 22 75
22 20 18 6
15 74 84 54
51 28 27 10
50 4 75 57
1 88 15 36
8 37 30 72
2 49 5 37
42 44 82 5
32 10 38 34
80 22 87 37
36 9 12 37
9 75 17 0
54 36 45 88
16 90 89 1
25 44 83 27
32 20 13 34
2 59 36 29
29 23 9 41
59 3 11 66
16 90 25 7
35 27 0 61
28 54 59 43
15 13 0 29
53 70 0 34
32 1 25 89
81 63 15 26
31 25 0 52
34 20 36 0
43 51 9 3
22 83 15 43
19 11 19 56
15 73 34 90
28 25 88 67
80 28 67 76
21 14 27 76
42 37 47 23
12 33 50 18
4 16 39 35
16 82 29 24
8 90 34 82
67 12 71 12
40 46 12 0
5 6 33 17
58 54 69 75
12 27 21 71
48 39 76 77
20 52 57 61
2 9 14 30
89 8 33 17
86 57 28 29
55 68 72 66
32 30 13 5
32 74 45 86
63 18 74 75
35 32 28 89
78 26 1 72
7 30 4 13
34 4 68 6
77 18 59 5
84 31 2 2
82 30 0 36
62 21 76 9
66 43 21 88
31 37 59 9
45 65 89 31
31 44 68 59
5 10 37 43
32 36 31 5
20 60 60 59
29 52 27 65
77 74 37 47
37 21 7 27
70 22 88 35
53 28 32 1
55 49 27 4
8 17 52 10
15 45 6 64
59 35 12 4
50 49 17 36
43 43 18 13
31 55 29 2
85 31 1 4
54 20 73 62
10 80 9 59
81 56 83 18
20 40 84 46
21 14 57 18
45 0 22 14
47 76 7 83
33 10 16 9
17 45 28 28
13 29 13 33
5 57 29 50
70 33 7 2
29 6 28 18
34 60 12 40
26 28 26 53
24 5 43 3
82 24 29 0
72 87 8 68
59 3 29 73
49 1 33 57
39 8 61 24
29 73 2 12
20 0 22 4
24 69 20 72
19 58 32 23
63 63 11 13
19 3 67 0
52 75 65 10
10 88 35 40
28 14 74 33
43 4 25 82
6 49 49 41
45 4 26 63
64 33 3 4
82 10 37 12
19 21 19 17
80 69 20 8
2 17 0 10
30 31 7 72
18 11 81 16
26 46 76 6
53 60 3 9
51 23 26 11
33 53 4 31
29 4 13 13
10 44 20 90
37 22 22 39
12 51 25 26
7 4 87 37
87 7 9 14
60 28 50 61
68 89 80 27
27 34 0 50
15 31 35 45
47 23 29 80
86 59 37 56
78 9 66 85
19 20 47 89
12 77 86 87
19 23 35 8
77 12 74 3
1 77 31 43
1 67 31 69
59 85 24 30
6 59 36 89
87 88 49 44
36 41 1 24
7 33 22 70
3 83 87 1
33 34 11 27
19 10 62 15
61 29 37 41
90 54 0 46
56 33 11 74
11 19 34 49
37 32 60 41
23 11 46 45
59 38 26 36
35 87 78 4
73 15 75 15
2 2 58 55
29 44 48 1
30 17 76 8
36 19 30 5
30 87 89 28
70 14 85 10
76 70 31 15
2 4 84 0
27 62 24 33
9 90 19 87
41 0 73 35
54 21 8 78
29 5 5 8
77 27 6 1
42 5 67 60
23 15 2 8
48 33 2 22
85 61 58 71
52 20 11 68
89 30 3 10
80 77 15 2
34 75 59 22
38 53 19 84
15 27 40 83
76 39 47 66
3 21 76 11
31 61 14 5
37 34 16 78
8 6 70 42
3 83 71 12
1 29 62 6
90 37 2 56
16 39 34 33
32 28 85 8
22 30 28 82
37 71 10 42
71 14 81 82
69 12 64 69
1 58 5 1
6 8 58 52
64 20 31 20
3 37 26 7
78 33 37 77
24 26 56 22
7 19 4 57
75 28 47 10
86 71 22 11
36 78 2 19
68 45 83 33
62 12 24 28
34 60 12 9
7 13 52 34
8 6 19 19
27 32 79 36
7 23 31 35
36 45 34 74
10 17 89 67
0 6 17 18
0 30 64 7
30 50 4 47
62 4 66 34
76 10 1 8
26 80 90 34
7 42 16 21
29 88 81 79
55 10 27 15
84 88 65 46
83 17 84 45
21 12 17 50
47 51 22 43
23 34 33 49
28 7 69 25
0 25 25 57
89 35 16 41
15 90 86 32
40 59 14 3
39 48 8 51
56 82 72 52
64 73 31 10
3 42 79 70
60 28 37 34
11 20 24 65
9 8 86 19
31 20 68 39
27 9 78 13
57 13 49 4
40 9 14 4
28 31 8 28
24 20 53 3
13 1 14 87
26 19 13 4
6 50 39 47
54 59 85 30
54 79 24 61
36 15 64 88
24 24 36 62
86 15 2 71
53 80 30 21
25 88 45 77
71 7 79 47
37 14 40 68
9 81 47 48
36 31 18 21
6 16 50 8
51 83 29 71
29 37 13 83
56 69 0 86
85 63 43 55
23 55 0 34
25 63 16 19
13 32 18 56
15 15 12 32
40 67 68 9
82 0 31 40
26 31 29 73
13 43 80 37
12 82 84 72
76 4 65 23
79 12 37 0
42 8 32 24
75 89 24 63
35 23 49 13
89 77 17 63
36 7 55 51
29 62 83 22
71 3 32 38
26 16 2 69
13 12 1 42
43 64 50 30
1 30 23 33
26 7 5 24
41 42 52 37
2 90 3 25
0 29 56 29
34 10 34 15
54 37 22 60
66 39 7 44
56 51 87 2
70 21 41 29
5 44 88 73
68 23 11 1
59 82 30 44
13 72 18 75
45 38 67 57
67 9 9 2
40 1 41 20
11 36 6 82
40 69 60 25
88 21 2 79
4 35 82 30
34 32 42 83
26 32 41 42
25 32 21 39
20 19 90 18
24 7 32 0
4 16 60 35
71 0 89 26
1 21 29 53
28 3 17 24
68 72 49 34
90 11 12 30
46 79 21 66
37 28 85 16
35 70 4 41
30 35 6 49
51 5 4 16
0 11 40 73
11 83 56 18
24 22 60 72
71 6 78 0
55 10 54 53
23 37 64 36
67 64 3 39
17 86 12 8
4 30 78 32
35 35 72 30
74 29 61 83
4 24 26 22
6 50 11 62
6 21 87 29
47 12 24 88
79 67 16 26
14 48 15 89
66 29 42 81
79 22 2 71
75 5 11 10
31 77 73 56
52 73 12 83
37 30 66 5
30 35 3 2
65 66 11 64
0 28 50 18
44 46 39 22
19 7 13 21
26 5 25 72
32 26 16 12
74 10 65 9
41 47 49 9
17 40 36 16
51 19 2 37
54 70 9 63
38 33 54 7
0 63 1 8
8 3 41 51
52 6 84 17
48 21 22 6
85 28 18 30
38 26 86 33
33 29 40 20
25 53 89 3
79 84 36 29
82 51 74 16
22 57 1 63
4 52 60 50
80 34 51 76
16 34 18 22
1 27 24 14
3 33 75 74
79 58 1 69
35 15 9 10
84 1 52 16
40 2 73 68
15 19 47 9
75 66 28 23
62 50 34 29
30 85 82 15
36 23 6 35
34 80 22 54
79 48 13 26
10 62 63 3
34 12 35 81
2 64 51 77
25 57 36 32
20 73 82 36
88 40 61 57
74 33 65 89
44 78 6 67
15 46 3 67
63 43 72 7
9 44 3 53
9 44 16 18
1 75 87 85
31 4 52 90
23 18 48 26
36 1 74 75
23 52 6 30
37 31 36 57
55 28 76 89
6 23 9 33
4 55 39 17
36 89 79 16
87 44 37 23
66 46 10 82
20 36 57 68
45 22 81 16
23 42 25 55
4 54 68 38
66 4 1 89
36 31 64 60
18 82 11 19
25 26 18 24
20 34 29 60
49 5 80 70
55 34 31 43
11 3 22 42
18 70 33 51
7 33 89 66
36 0 37 6
42 15 7 12
2 42 16 23
8 7 86 18
14 12 28 68
12 69 51 80
27 1 13 66
26 9 23 8
48 36 77 10
73 21 54 10
42 14 68 57
37 8 14 70
21 19 84 32
35 1 20 67
53 35 83 32
88 35 6 1
0 73 26 22
29 3 22 40
71 2 64 24
43 56 29 35
13 77 74 82
57 25 29 70
70 26 36 54
41 71 13 44
29 74 38 35
81 57 6 53
37 84 12 1
67 4 83 49
52 50 33 71
41 65 13 32
69 5 2 51
63 64 43 2
31 27 64 17
69 70 36 24
66 35 6 15
22 2 86 27
77 49 18 68
0 35 0 75
50 26 3 77
27 29 56 11
35 82 90 32
9 85 75 41
66 89 11 20
39 81 44 23
31 17 1 18
12 12 18 34
18 55 12 54
18 3 77 15
46 88 57 45
38 0 70 68
32 61 82 69
44 49 71 90
60 9 4 76
18 26 82 5
19 17 1 66
40 87 36 5
8 23 22 27
4 63 20 7
44 12 2 26
67 0 28 38
84 67 21 11
51 57 2 70
30 29 9 11
7 46 49 5
35 19 69 27
85 35 43 18
33 35 3 64
17 14 35 3
37 2 10 60
0 22 72 82
80 28 5 24
46 14 26 33
24 62 58 62
9 26 50 13
78 0 65 89
32 65 23 57
34 7 19 7
54 4 72 40
50 33 64 2
68 2 43 12
34 43 3 43
9 0 37 31
66 47 62 42
44 3 20 26
7 13 20 84
33 19 55 65
80 7 32 24
4 82 16 24
18 45 28 10
79 68 80 31
15 56 25 84
52 7 80 50
43 39 86 12
32 25 9 21
18 55 3 61
24 25 13 77
6 76 16 33
29 82 78 1
79 18 46 75
7 67 14 85
58 19 25 81
77 33 20 3
2 80 57 2
16 44 85 30
63 8 67 54
29 83 62 0
37 76 39 25
35 83 2 21
78 29 35 29
7 31 10 44
18 11 20 20
32 29 28 39
12 82 4 35
38 48 7 83
30 47 87 59
0 21 19 3
86 36 4 53
37 69 35 11
34 59 83 20
11 16 16 23
73 29 25 45
72 67 79 58
16 81 79 37
19 76 11 24
38 34 72 59
78 68 28 54
40 77 69 18
86 16 51 56
11 50 90 15
26 41 85 0
87 10 20 59
76 47 38 29
13 89 5 38
63 71 51 55
74 33 83 1
55 88 34 45
31 32 72 21
50 54 65 79
89 29 83 1
10 38 3 68
12 48 38 9
62 78 0 65
14 82 38 8
0 29 14 13
11 17 67 34
25 31 23 49
43 2 5 21
13 10 22 3
14 18 48 37
35 17 6 32
25 88 59 32
24 67 74 35
29 55 1 12
27 30 8 58
64 45 16 7
12 52 0 29
4 10 39 8
40 37 8 84
68 20 0 14
76 31 23 22
44 17 78 11
27 19 29 36
33 41 89 76
70 53 1 15
12 21 26 3
75 45 17 6
29 67 14 36
2 43 8 33
28 65 12 52
24 22 25 82
41 1 14 30
26 0 56 8
5 65 14 23
2 10 58 55
23 20 76 72
23 38 34 23
59 86 9 55
19 26 19 63
65 79 36 44
33 61 6 23
32 7 10 6
30 44 19 33
63 77 2 5
52 63 6 86
23 12 38 0
66 1 86 38
33 37 57 87
84 63 45 88
26 54 48 6
80 29 19 5
10 73 77 23
75 14 8 31
26 5 15 7
6 82 10 37
42 29 90 16
17 0 61 17
0 79 26 36
11 8 23 57
47 3 83 90
35 38 12 8
3 19 80 21
48 60 56 66
21 33 45 47
33 28 28 14
80 17 43 52
15 21 34 23
11 51 7 60
34 71 46 59
11 83 53 7
85 26 31 11
46 2 35 49
13 37 73 10
13 43 34 24
75 58 75 6
45 6 55 19
1 30 53 32
2 74 43 36
29 86 10 3
6 13 13 82
18 18 78 60
30 80 37 22
74 18 15 25
15 83 68 9
22 29 26 73
63 36 1 31
11 25 76 28
30 19 54 83
76 29 64 27
30 57 33 16
74 6 8 90
44 52 59 46
74 42 85 65
7 33 77 21
84 69 81 32
71 73 33 35
46 82 61 11
34 53 8 21
68 12 57 22
21 17 78 0
37 31 10 12
21 8 41 4
74 74 41 50
0 4 43 11
89 90 24 26
21 31 54 29
35 36 15 25
20 42 83 40
18 33 38 4
43 25 56 88
24 66 1 9
46 83 40 8
2 74 37 32
74 66 55 28
26 29 28 60
66 68 4 0
30 32 35 21
42 2 54 17
57 47 3 14
49 44 8 30
44 63 53 35
40 59 90 12
22 79 28 27
31 52 7 34
13 37 20 7
60 71 44 39
34 87 39 7
34 31 85 23
8 90 22 86
60 34 80 11
37 66 23 58
40 32 7 72
18 26 17 38
81 7 9 26
3 49 28 71
25 24 79 3
43 64 86 37
63 33 19 62
74 73 36 14
79 68 46 2
10 52 18 66
76 29 32 44
32 3 55 15
11 70 90 2
19 12 41 20
37 22 10 55
79 14 65 37
3 44 75 5
22 40 31 2
7 3 81 14
65 0 68 20
6 23 43 20
71 63 30 49
22 17 84 34
24 15 72 88
19 29 59 84
12 64 20 65
35 85 50 84
64 67 6 24
16 73 58 7
25 27 47 33
37 39 52 54
28 3 18 12
65 13 22 71
21 44 30 37
46 5 88 5
25 1 9 0
0 10 16 30
56 4 63 34
52 71 20 18
10 0 50 59
24 15 20 70
24 89 75 13
28 29 54 26
85 36 38 0
72 15 42 6
38 60 64 30
12 14 20 29
19 53 7 19
1 51 11 30
26 3 44 28
15 13 10 37
18 28 54 34
36 19 56 3
28 14 23 52
19 4 61 9
31 20 41 25
85 26 44 32
7 36 76 12
89 17 4 11
49 2 33 20
21 63 58 6
33 10 6 31
20 23 19 42
17 87 52 11
4 78 0 18
30 27 12 0
24 30 79 42
49 56 20 90
21 68 33 28
8 39 85 3
35 15 27 3
79 78 7 60
31 1 1 87
5 13 67 23
53 23 59 9
13 35 58 22
9 11 69 20
2 62 16 46
25 16 32 9
51 31 46 90
5 20 8 30
89 71 35 33
1 32 61 9
34 26 23 17
6 41 5 74
26 44 59 32
44 0 12 84
52 76 31 48
35 27 52 5
4 36 24 17
27 21 20 67
51 84 19 71
90 11 81 76
28 60 0 46
74 90 20 22
51 5 34 73
1 80 29 66
86 29 33 22
28 25 24 18
59 63 78 43
54 16 17 65
17 21 68 34
56 64 35 35
68 39 24 55
78 57 78 20
53 74 42 44
22 47 4 35
30 25 22 46
29 8 42 35
32 21 17 32
69 45 1 56
30 1 87 64
26 32 31 44
80 31 25 54
34 9 37 88
85 21 9 3
55 28 41 3
88 8 19 1
77 16 50 25
58 26 39 31
58 6 46 14
23 40 82 4
3 35 39 70
2 32 45 25
89 10 44 8
28 55 87 8
28 79 13 33
23 88 0 71
27 13 31 67
31 24 23 26
51 5 8 10
3 31 88 68
16 7 1 30
13 6 33 16
35 26 59 73
33 15 9 16
61 80 24 10
33 83 76 44
24 45 47 72
73 25 83 51
10 14 11 22
87 23 37 42
4 26 72 34
3 11 8 27
79 21 3 7
12 32 28 32
7 8 22 4
82 88 35 17
2 47 34 28
12 19 38 64
45 83 81 55
76 77 24 42
1 31 37 1
26 44 60 30
16 26 57 42
82 26 44 14
90 52 62 53
35 66 25 67
60 11 24 12
56 49 24 76
55 27 55 68
80 9 18 3
70 20 34 26
30 23 83 66
54 58 65 77
0 1 36 6
88 7 45 7
16 33 25 28
14 24 20 5
22 35 31 39
27 2 37 9
50 16 16 64
33 13 7 61
18 81 54 53
48 86 14 8
7 48 34 15
6 22 18 57
78 16 45 45
36 73 82 51
45 75 70 81
42 13 72 44
45 45 0 51
35 61 21 18
13 76 46 8
20 5 1 11
24 28 32 15
55 31 49 1
8 90 6 86
86 22 68 78
35 66 45 86
32 36 21 23
83 5 78 35
40 33 12 18
57 24 1 25
43 62 33 57
6 28 1 34
14 11 35 88
15 28 10 17
12 41 46 9
30 27 1 2
32 50 8 4
2 63 49 90
59 12 18 77
21 37 28 11
7 17 66 42
38 64 61 35
1 80 23 71
68 8 31 33
8 57 26 9
13 35 15 11
19 15 38 79
43 67 72 51
54 75 31 23
13 85 64 33
18 9 57 16
65 3 50 70
46 29 24 14
63 15 82 0
47 40 44 52
65 2 57 36
69 42 16 41
24 15 29 65
1 89 37 26
87 54 29 53
18 15 73 30
9 13 58 57
12 30 82 40
0 35 30 31
47 22 18 73
22 52 51 39
47 15 12 50
17 29 83 35
73 35 6 36
37 41 28 87
89 60 31 36
60 34 90 48
54 18 27 13
31 32 69 89
37 12 19 81
23 13 23 29
46 64 3 31
31 37 85 12
34 23 11 89
26 85 1 45
1 19 15 78
29 50 13 88
66 8 29 16
7 70 8 76
73 7 81 87
34 59 9 31
38 45 81 17
45 74 36 75
33 79 22 28
17 46 16 45
0 80 21 20
19 10 9 37
6 68 29 16
89 1 63 77
24 88 30 25
26 39 89 89
56 15 9 20
49 12 6 5
20 31 34 23
73 67 18 3
69 41 29 22
29 11 61 37
61 37 10 66
2 35 26 69
66 12 69 15
27 55 62 3
3 10 87 14
49 33 36 34
5 87 2 78
13 13 32 27
60 51 28 23
57 24 36 2
72 2 19 25
74 0 47 22
33 73 6 77
14 27 62 48
69 40 7 89
54 60 25 12
55 74 9 29
10 68 75 65
13 55 18 42
73 13 3 15
26 64 20 16
7 87 18 7
44 45 36 49
82 25 20 80
13 86 65 38
37 16 73 41
1 14 6 46
32 11 34 34
20 13 2 2
37 43 35 70
34 54 61 9
87 45 37 17
34 16 60 73
69 26 55 9
80 2 20 14
11 19 36 20
36 48 52 89
15 29 6 8
60 28 65 12
24 54 80 16
34 81 72 43
46 26 46 8
21 37 82 10
23 59 89 64
50 73 30 13
7 0 36 68
4 66 24 19
37 53 26 19
26 55 41 80
35 3 15 36
57 17 13 35
50 21 7 58
29 42 27 8
26 76 17 9
9 9 16 28
3 2 52 16
78 45 0 21
23 43 22 54
71 70 7 53
18 82 31 34
27 70 9 3
27 15 29 76
15 69 82 54
59 30 11 23
47 2 68 44
9 53 0 21
69 5 76 33
40 78 79 17
16 75 12 89
6 27 21 10
4 26 33 59
2 3 83 64
24 68 21 38
76 69 78 2
30 17 74 9
15 1 18 30
8 55 42 64
64 2 0 57
15 16 3 0
17 85 51 28
31 0 6 62
73 77 70 43
17 85 5 13
7 51 31 26
55 50 0 34
5 73 24 22
30 7 22 24
65 85 32 35
89 28 29 40
51 4 13 61
58 54 33 66
2 8 29 17
70 41 23 31
68 74 31 14
77 57 34 82
21 6 61 32
13 69 58 5
7 1 20 15
55 88 17 56
31 18 45 78
1 28 45 6
33 76 33 45
0 65 89 27
1 0 3 24
62 50 0 0
21 74 82 37
42 45 36 2
1 72 19 61
14 90 65 81
26 13 33 16
36 36 62 86
33 23 68 17
89 67 80 53
70 41 5 11
23 43 10 82
2 86 54 29
46 87 66 23
25 38 53 11
28 16 47 86
10 54 63 32
85 13 52 20
10 34 70 26
46 41 26 61
65 72 75 13
36 74 67 24
13 44 73 45
46 45 15 34
74 15 57 28
27 83 5 27
62 77 88 19
19 22 71 15
3 21 12 87
20 21 10 3
22 37 9 84
40 83 17 3
20 26 83 18
39 5 39 11
19 40 57 67
19 11 20 5
28 79 18 30
14 15 87 80
15 88 43 2
18 74 79 0
13 81 25 85
30 40 36 3
18 43 36 2
32 35 28 7
51 86 30 33
64 54 27 0
26 5 65 24
14 16 18 21
5 41 2 31
36 18 90 46
57 21 30 29
19 18 45 16
32 28 29 60
65 6 18 37
41 4 63 4
64 20 0 15
8 55 81 11
22 74 26 2
20 61 26 39
8 47 19 13
35 67 89 11
25 30 28 32
79 39 6 82
20 45 88 71
25 69 36 10
4 86 26 36
22 75 12 7
47 23 67 71
70 25 33 13
90 48 19 46
76 46 32 84
18 11 16 31
45 3 19 16
66 82 6 36
84 8 90 39
55 14 26 32
68 28 61 24
77 14 51 27
5 79 21 27
50 22 53 0
10 41 51 5
4 7 84 42
75 9 86 14
84 22 12 50
52 60 15 9
17 0 88 14
84 90 28 7
35 5 13 35
11 58 19 89
8 28 64 41
16 64 40 83
16 27 3 34
74 53 70 44
32 57 70 40
26 70 4 82
28 65 15 59
20 76 13 72
23 25 57 34
32 77 22 81
15 8 18 43
19 32 70 28
26 4 11 46
2 8 8 33
86 9 39 43
90 30 5 28
57 8 4 3
30 47 39 64
7 25 56 13
24 62 3 44
21 10 6 28
46 10 46 23
21 51 41 8
78 6 72 3
22 11 88 6
2 69 6 76
7 69 33 37
52 6 25 65
7 20 89 21
63 8 27 66
53 32 44 35
37 70 62 52
43 34 31 19
4 45 16 23
50 16 12 3
13 16 33 10
16 75 40 35
5 3 54 57
49 76 80 36
0 17 10 14
28 6 0 12
14 63 10 17
2 25 68 14
8 4 38 28
37 18 35 39
63 75 28 34
58 90 7 2
62 74 20 28
86 50 57 0
78 2 75 12
8 18 15 34
14 84 35 27
21 28 55 8
46 12 12 37
59 33 20 49
21 87 23 47
64 57 13 20
45 9 80 21
13 39 11 48
84 21 30 85
19 65 64 10
33 27 79 27
19 68 0 21
35 9 78 33
7 73 68 74
38 27 68 9
3 27 6 4
74 31 82 72
1 62 27 3
5 7 28 64
8 67 86 79
74 44 17 21
8 28 35 1
26 17 0 36
53 18 46 28
15 29 72 37
35 11 16 26
78 22 64 78
15 11 1 7
86 29 58 28
73 74 5 33
18 53 82 12
32 89 9 66
21 68 15 11
58 87 18 40
18 11 5 41
13 39 40 26
67 28 23 19
71 25 16 31
7 18 23 24
20 46 17 23
48 17 42 8
19 30 53 20
5 12 80 90
17 2 32 0
9 59 64 13
37 8 33 32
13 50 69 3
9 87 11 59
25 58 74 35
29 28 37 26
19 51 4 39
12 71 8 37
1 19 7 17
34 46 35 2
55 51 12 6
61 36 53 24
32 13 78 21
23 70 75 7
79 67 0 1
1 13 85 70
42 14 9 0
37 3 10 26
60 87 6 80
67 5 28 14
84 71 89 57
32 29 47 30
81 68 83 14
82 22 10 4
26 47 36 84
82 16 8 84
64 27 5 5
65 6 32 23
66 26 59 20
22 32 48 85
6 24 9 78
31 11 87 26
11 10 52 37
14 7 0 27
8 37 19 68
68 47 32 16
83 84 61 36
84 32 56 71
10 24 70 15
84 13 24 37
26 40 51 15
87 61 11 0
13 28 29 11
11 19 23 21
7 22 33 64
77 28 3 89
15 60 15 66
55 50 31 23
22 41 43 78
38 62 68 28
48 70 22 8
45 35 4 86
28 72 3 45
30 30 24 27
2 38 84 18
8 31 24 20
26 43 59 13
64 61 14 34
14 84 63 72
17 23 42 1
5 17 29 35
30 83 13 16
84 33 1 17
2 11 85 18
18 14 77 75
89 53 25 20
18 56 5 14
31 25 58 82
25 42 20 87
14 4 77 52
90 37 61 86
23 69 23 25
51 61 85 51
90 53 87 35
72 35 30 89
82 89 87 21
68 34 25 2
58 6 59 40
7 41 82 76
39 85 26 55
56 72 5 65
25 90 48 8
89 18 6 48
50 34 90 28
17 23 50 36
23 61 82 5
62 7 28 11
6 5 30 16
28 34 52 68
5 26 30 67
70 53 21 14
13 29 20 89
23 46 13 68
89 70 35 79
1 3 55 73
15 2 33 20
34 40 47 31
19 29 0 20
43 90 68 72
1 43 53 17
3 58 12 80
28 4 64 69
28 4 27 27
63 0 75 56
32 58 21 36
29 22 21 84
77 0 57 7
43 82 0 22
16 72 26 47
11 6 29 35
10 0 14 39
64 56 51 51
87 23 8 80
20 22 29 7
13 90 23 77
22 68 67 18
41 50 61 21
29 19 51 8
22 23 14 76
36 34 26 11
65 84 22 54
1 9 8 53
44 30 29 90
28 66 51 17
29 61 10 34
8 29 66 63
22 4 84 51
16 74 27 40
45 64 77 1
14 11 71 84
43 65 33 68
17 5 13 17
16 20 48 6
78 16 23 31
0 5 50 61
42 0 25 43
16 24 3 32
17 30 29 68
6 23 74 90
14 10 32 5
80 78 9 20
21 32 4 7
23 11 22 1
63 76 60 32
12 12 40 67
31 24 28 44
86 15 12 89
16 1 5 10
32 27 44 1
75 87 11 2
25 9 27 19
12 82 59 11
27 21 89 14
23 28 69 2
50 61 33 37
58 21 35 31
29 63 17 20
40 40 15 71
32 48 1 36
22 24 60 59
35 26 14 52
2 1 32 87
33 24 69 64
76 26 57 57
52 46 11 21
28 9 21 84
34 58 27 42
10 7 25 79
60 21 61 26
84 21 17 57
31 16 15 73
68 34 19 15
9 32 4 4
74 19 11 13
14 33 14 58
89 55 36 18
36 85 58 65
61 3 15 47
15 4 9 36
90 1 24 24
85 9 14 77
32 37 4 79
10 37 30 28
16 20 62 38
65 73 42 16
30 26 76 21
18 19 34 59
70 68 35 38
16 75 68 28
78 32 62 27
5 48 11 55
79 34 90 1
79 29 83 32
73 10 38 1
19 10 79 35
36 16 86 66
7 82 30 81
16 6 65 64
12 19 50 41
22 22 21 72
46 66 29 13
6 10 25 82
49 87 24 14
32 44 50 74
64 19 38 18
1 32 34 18
40 22 9 27
26 80 71 26
11 57 8 80
19 72 33 88
69 86 85 19
33 7 21 79
34 1 58 33
71 25 77 0
90 76 69 21
35 50 35 4
88 11 89 11
2 24 19 58
80 2 23 12
16 19 48 15
78 11 60 36
56 49 8 64
45 36 1 50
30 86 29 87
36 7 78 56
0 69 32 5
31 39 89 48
10 69 67 31
20 10 77 77
14 38 19 1
31 20 55 29
4 12 58 23
82 82 82 74
30 19 35 58
21 60 47 0
2 26 26 37
56 80 22 1
28 6 24 29
21 11 37 24
24 13 68 23
84 8 10 32
56 73 47 4
28 57 5 1
64 26 56 85
58 29 77 39
2 11 27 9
71 14 11 5
13 15 31 31
72 3 80 83
65 84 34 18
15 2 30 35
3 28 8 21
74 9 87 15
63 53 5 20
25 1 28 0
21 13 9 27
11 6 34 51
47 14 70 87
44 61 12 22
9 87 81 5
59 63 69 16
12 75 58 42
41 84 72 26
8 76 78 39
30 22 0 26
63 76 37 39
22 36 9 53
8 81 15 11
41 31 10 53
87 13 89 9
18 53 16 34
31 37 56 26
14 46 5 66
36 81 7 44
29 15 66 68
52 19 73 6
29 23 30 15
26 27 8 26
24 75 22 9
81 11 58 15
71 8 0 58
67 10 30 89
43 50 37 42
29 22 90 88
34 58 43 9
25 6 1 90
24 16 36 16
33 50 25 6
35 31 13 30
34 65 78 39
6 35 32 57
22 82 77 48
27 54 31 59
27 51 22 32
1 62 69 62
51 74 1 65
10 66 3 85
22 87 65 0
65 76 21 26
21 81 59 84
0 82 71 82
7 18 57 51
10 17 33 18
73 4 8 16
43 18 61 45
36 60 9 67
73 22 0 4
16 33 70 16
51 27 5 59
1 86 89 23
65 47 29 7
32 16 1 7
78 76 86 6
31 66 4 22
4 38 38 22
25 37 37 86
1 37 33 71
47 30 9 4
90 64 68 24
7 37 54 47
50 31 25 28
10 55 32 19
27 87 66 34
4 20 19 11
73 5 66 87
3 19 79 37
64 0 85 4
30 21 6 73
27 88 48 49
10 9 18 80
8 88 69 27
34 16 59 33
31 24 32 32
33 32 27 15
24 12 37 76
14 37 35 62
22 76 90 87
86 88 36 40
65 90 3 3
15 48 2 78
61 79 4 28
5 68 74 76
19 50 35 27
84 24 1 80
89 12 52 35
32 74 2 26
10 79 71 43
18 10 5 70
21 84 36 28
60 19 24 64
47 9 42 23
70 7 23 76
34 5 45 14
35 22 38 59
66 48 1 18
58 49 53 19
89 64 40 69
74 9 25 23
22 2 0 12
86 38 55 40
90 10 20 9
21 26 43 29
32 22 61 57
27 48 15 3
32 83 84 37
3 10 45 2
33 1 9 90
1 19 24 17
13 42 37 42
25 61 62 81
