458 269
331 102
426 238
330 410
177 151
199 347
313 118
338 127
263 119
245 78
494 126
99 92
83 453
497 213
475 341
179 465
238 131
5 405
11 64
457 212
310 238
121 248
491 6
316 371
105 74
149 23
40 199
38 396
222 350
333 83
122 102
441 460
247 361
395 164
210 388
509 460
134 396
157 205
416 470
334 376
365 87
478 497
179 337
356 233
313 163
402 136
139 291
54 103
411 493
433 84
424 163
19 325
81 473
253 49
505 22
173 56
191 347
497 133
49 111
494 51
97 415
468 354
66 195
124 449
482 292
106 21
265 145
493 253
356 367
291 72
85 376
76 136
112 463
110 14
133 352
447 496
388 45
483 138
477 143
510 492
20 245
425 167
416 458
419 240
170 163
12 297
174 499
356 50
317 29
413 455
85 361
287 109
32 182
447 21
231 109
271 274
219 307
331 248
299 256
171 465
37 315
366 200
147 207
318 506
426 234
111 457
25 20
294 232
46 405
369 70
352 324
477 127
348 457
174 234
245 152
230 52
166 435
393 452
234 266
73 162
405 395
136 389
403 237
370 470
265 365
459 113
400 460
252 13
182 388
142 26
493 199
490 275
296 26
113 117
361 439
299 129
480 201
462 179
69 371
248 281
492 11
222 175
119 250
258 48
287 55
122 273
59 387
504 279
425 487
229 371
210 345
116 353
382 159
389 393
279 454
380 485
431 126
49 321
88 332
363 267
139 41
100 5
222 206
270 488
259 252
107 490
189 45
474 329
262 70
102 210
78 354
394 152
467 454
487 83
238 95
238 162
494 239
332 269
224 227
9 348
413 377
154 467
126 128
263 483
380 371
269 97
394 27
101 295
367 68
426 510
408 24
219 292
207 461
491 163
270 141
294 139
37 399
338 386
167 74
67 42
363 18
345 5
149 431
26 430
204 31
95 468
144 420
311 365
501 318
180 238
428 83
389 249
407 171
76 504
321 365
153 460
78 492
96 460
315 128
443 403
45 221
401 354
182 398
152 255
297 30
336 302
392 92
56 341
235 388
294 36
255 385
461 300
389 34
350 109
331 92
202 69
131 471
79 105
83 328
312 161
400 486
192 164
487 493
176 253
252 358
124 44
452 44
411 370
275 167
126 208
411 70
420 15
151 217
431 80
410 460
286 455
225 493
2 468
395 323
13 348
445 123
16 407
503 318
475 142
187 102
175 276
185 470
4 299
441 52
284 380
72 196
78 509
390 179
378 378
438 19
112 72
82 390
221 82
300 180
270 215
209 144
343 337
431 13
493 2
424 197
112 348
239 278
65 227
47 167
480 385
84 486
280 473
158 78
83 272
107 353
81 432
330 504
308 202
178 20
35 498
485 77
487 381
148 56
171 130
341 251
383 19
313 76
449 9
413 212
220 83
373 390
216 412
80 175
267 269
340 91
155 251
169 465
282 292
300 502
15 495
141 348
100 94
167 145
148 198
410 221
77 436
342 81
466 263
74 378
71 350
384 197
505 121
60 95
162 306
235 365
230 346
335 296
137 421
265 210
282 270
6 330
23 167
152 500
316 69
102 391
332 201
481 86
337 496
437 412
36 305
279 347
92 39
420 349
335 375
301 344
299 476
448 56
122 287
188 59
307 113
217 104
363 96
156 60
24 93
362 259
342 468
381 57
346 188
444 326
182 440
258 6
473 248
467 497
394 421
347 508
0 317
487 294
305 224
304 59
281 281
369 305
465 167
501 70
112 505
355 10
403 99
439 9
130 152
171 47
392 210
379 444
467 100
319 93
279 310
172 498
39 72
401 348
487 379
416 91
230 360
297 114
411 436
333 265
48 374
87 225
396 502
392 422
498 108
213 14
62 92
337 101
422 164
121 47
55 190
180 264
414 500
288 246
234 216
104 372
468 409
216 499
138 350
220 423
418 179
138 133
241 296
296 463
219 58
475 24
472 76
51 401
233 0
314 158
467 312
173 369
417 112
126 185
412 423
275 453
227 85
397 486
196 195
165 174
227 216
103 199
164 318
445 440
119 35
177 268
17 61
487 56
487 56
198 148
455 472
3 96
351 11
430 441
434 302
402 68
364 306
283 100
345 17
144 174
37 192
180 434
135 64
86 119
449 246
142 210
367 452
187 457
23 413
243 40
327 145
158 343
166 142
353 469
145 456
145 136
500 223
278 141
85 85
111 413
322 354
274 506
335 478
44 302
312 173
477 423
260 489
498 360
166 99
4 219
105 404
75 466
258 325
265 192
164 387
62 163
134 63
369 117
401 0
67 308
486 169
313 15
82 360
340 336
368 149
62 158
112 233
119 65
432 76
83 80
74 48
360 494
5 504
247 298
123 288
35 388
352 499
495 436
456 51
2 39
460 47
362 97
453 251
286 13
276 116
324 32
52 343
326 468
174 400
355 320
32 276
54 184
284 237
312 209
21 81
113 277
351 214
266 247
227 48
109 163
100 295
215 360
214 393
88 274
141 2
310 478
384 267
483 469
280 148
37 14
461 387
100 503
102 145
25 404
423 2
43 103
508 200
232 324
187 365
356 28
474 115
30 75
375 30
237 373
484 10
311 318
53 285
501 234
83 197
309 268
252 381
65 288
416 173
269 92
197 13
155 247
321 408
118 391
219 391
442 219
36 109
154 285
212 422
282 39
263 121
416 90
362 190
421 479
323 229
146 131
352 379
138 439
220 219
200 343
268 177
328 267
147 412
138 132
280 113
201 496
216 313
7 152
42 29
331 273
336 245
114 153
89 210
37 82
61 327
389 191
391 30
467 347
168 220
306 94
485 331
114 75
175 178
371 216
274 476
156 296
175 199
430 393
272 235
260 316
397 489
312 98
298 454
382 458
62 186
179 167
243 457
1 422
118 330
101 250
19 118
133 242
389 488
198 216
15 142
361 295
445 280
163 143
270 7
153 126
136 25
262 274
337 433
456 419
109 147
348 195
52 393
201 12
153 289
9 125
435 53
388 463
462 131
223 278
455 33
12 340
102 172
227 134
347 106
369 113
347 49
499 399
401 435
110 387
493 76
362 417
74 104
99 207
443 494
510 223
4 279
441 145
105 215
342 461
30 86
143 49
191 30
353 281
84 53
375 161
264 331
156 112
508 324
385 410
235 375
343 474
184 23
362 14
493 39
29 270
205 105
101 479
129 507
49 263
110 472
111 174
100 451
36 192
199 159
114 333
351 434
314 172
126 268
340 478
241 443
508 356
389 321
52 324
240 478
25 253
510 106
199 233
10 212
357 280
208 47
275 144
58 119
145 365
160 231
243 30
442 26
310 232
139 92
48 65
37 225
274 421
354 403
420 176
423 42
73 95
347 444
70 361
363 464
182 349
51 472
332 387
504 44
47 107
468 338
450 243
338 10
253 104
432 393
488 348
3 199
390 55
0 313
423 45
419 503
369 264
149 304
186 240
346 229
2 457
463 87
277 392
475 155
478 331
150 40
82 94
176 340
11 372
356 498
476 436
274 480
192 38
85 270
244 109
82 448
149 193
83 496
114 209
264 115
152 318
14 503
42 399
269 121
506 309
192 15
169 161
229 38
112 53
408 24
480 308
214 164
76 152
7 374
217 85
410 101
100 493
240 285
219 44
136 72
247 346
62 349
108 474
148 256
332 284
463 393
187 325
316 293
255 423
142 391
489 420
148 505
460 194
474 445
148 60
173 379
355 442
103 67
372 215
273 328
446 62
187 14
113 7
495 448
295 224
41 30
233 95
156 156
40 69
243 274
167 19
243 482
389 246
497 3
489 282
449 175
409 19
1 254
50 127
317 95
52 191
69 301
319 479
94 1
356 489
190 225
175 206
320 148
437 452
13 215
134 395
257 82
283 191
130 155
53 79
294 392
258 372
107 168
389 265
244 53
67 171
281 365
422 222
23 154
229 10
358 130
110 360
112 424
454 292
409 336
332 332
38 347
202 108
147 267
425 87
12 317
465 224
140 473
407 130
86 440
22 391
306 18
463 197
120 217
282 217
279 290
43 378
152 453
424 448
413 326
142 96
44 439
53 42
291 228
376 278
256 5
34 71
135 129
439 176
431 46
395 228
268 116
299 316
59 359
471 405
145 251
199 373
3 228
9 286
403 52
5 48
54 119
55 161
281 218
82 227
45 426
474 476
135 232
378 202
473 447
156 340
269 223
154 179
171 166
131 507
262 229
28 224
277 239
20 461
422 65
350 305
492 252
362 75
407 283
63 216
315 270
46 7
233 255
236 98
300 124
458 73
423 306
371 109
2 427
224 509
51 287
332 504
3 88
264 145
458 59
193 1
63 225
123 434
454 195
474 217
18 338
62 375
403 382
206 240
263 44
189 131
439 449
439 188
121 372
379 178
450 340
107 101
80 213
335 377
426 97
289 124
404 345
26 357
471 217
177 449
275 266
322 305
502 390
117 4
446 277
346 431
373 199
59 451
124 487
18 47
315 178
479 17
479 138
86 149
326 218
353 441
255 329
366 59
149 150
334 90
61 178
115 256
422 439
71 406
211 144
61 462
225 45
461 161
443 450
27 159
385 278
414 465
504 178
270 274
341 119
384 272
135 287
188 168
170 433
341 128
485 403
78 299
32 5
417 142
206 238
180 246
426 454
241 419
235 107
503 60
339 482
110 246
428 215
3 336
257 276
119 252
84 226
187 225
151 450
385 106
352 14
367 251
141 364
386 312
140 271
101 314
70 85
421 206
430 40
55 277
133 263
285 345
245 52
217 157
350 267
299 21
29 408
192 304
504 145
143 53
107 169
491 223
418 486
336 473
508 89
260 201
81 64
390 331
239 143
26 440
500 87
387 238
186 44
151 370
467 390
457 444
21 387
220 434
259 498
307 279
482 369
272 324
364 173
313 505
458 346
142 256
133 61
109 125
0 456
24 344
266 304
408 295
387 129
417 2
177 108
444 60
292 119
276 416
415 322
456 242
211 64
386 48
311 177
487 331
227 242
48 179
469 0
374 379
9 497
226 505
68 266
405 92
464 107
215 77
314 125
141 27
406 255
321 173
51 490
41 393
5 267
295 349
127 226
470 179
422 359
466 270
341 377
288 307
23 251
73 140
77 32
158 325
260 35
305 332
132 142
256 479
198 256
134 494
135 484
122 157
168 459
341 324
386 0
31 83
176 219
56 215
356 45
447 370
375 183
436 397
2 353
288 332
175 18
372 436
254 482
193 338
327 197
223 153
501 26
464 10
222 148
414 109
274 329
282 70
248 372
28 6
173 208
56 259
340 279
70 242
41 480
508 264
43 183
438 368
450 246
386 102
425 466
149 198
342 294
29 436
118 311
145 431
391 332
118 411
259 85
108 283
132 491
165 305
77 417
420 249
31 494
161 249
352 469
438 460
434 345
327 113
276 336
462 311
432 88
456 395
317 222
138 355
350 454
145 402
146 501
318 229
430 10
276 173
321 111
123 178
61 161
417 95
21 466
481 487
228 61
423 243
366 324
8 289
295 271
243 305
406 332
414 111
453 395
232 76
69 38
149 337
277 283
176 37
185 266
42 253
479 157
179 167
218 420
164 101
334 203
307 485
210 75
132 298
258 236
98 147
94 18
285 18
449 11
81 185
471 81
411 251
155 247
9 175
69 37
454 433
147 500
434 200
429 492
188 22
212 321
60 146
483 192
49 331
111 98
134 239
67 349
112 85
64 18
380 487
65 491
241 335
405 236
87 394
211 230
421 74
405 445
421 264
147 390
208 13
427 441
209 325
32 320
285 224
470 431
448 199
260 306
18 141
450 412
188 298
269 427
167 412
9 105
436 127
78 470
34 432
258 339
261 215
209 52
410 261
485 194
492 247
509 434
499 312
143 336
119 266
238 124
359 44
190 164
371 216
411 114
446 174
147 458
464 76
365 382
133 330
326 165
446 483
351 418
321 460
281 434
383 367
325 386
161 10
48 359
85 416
357 118
504 469
390 148
142 40
188 216
406 407
317 391
87 206
69 47
415 227
459 367
92 38
283 226
237 346
378 170
94 409
21 178
401 384
420 374
461 459
445 238
304 85
68 8
160 351
433 196
192 316
245 112
299 281
324 161
262 487
339 226
77 120
169 369
309 146
321 381
299 151
92 117
97 63
335 366
391 97
502 244
481 364
134 171
402 203
392 132
22 274
301 256
252 376
264 377
330 62
296 346
411 22
35 69
454 19
363 471
33 317
293 419
42 385
249 129
281 239
429 314
293 364
187 437
270 63
273 247
358 359
53 99
417 346
507 440
357 396
317 14
234 246
307 468
457 315
19 384
467 379
332 318
360 171
387 58
39 60
247 286
332 61
115 160
183 293
173 204
476 494
102 238
312 288
344 182
135 241
418 475
280 42
289 357
309 439
475 19
423 269
476 244
61 407
395 16
139 10
448 471
115 143
331 138
332 482
121 80
178 56
78 467
38 216
94 42
430 176
353 43
407 498
491 16
475 59
414 201
29 131
195 63
17 454
394 75
93 172
80 340
438 448
149 357
299 56
290 93
217 64
337 272
170 446
425 476
188 129
350 184
240 196
104 375
158 4
497 349
481 39
411 432
504 275
413 190
236 232
139 181
203 92
181 114
137 355
352 486
93 295
271 204
144 212
227 191
473 453
60 142
365 483
97 461
106 331
507 256
195 477
120 440
501 181
322 410
153 325
497 12
364 289
162 56
266 235
376 313
163 81
327 252
475 239
335 395
132 163
183 395
243 403
61 200
450 270
360 184
129 106
44 477
411 147
424 114
107 17
105 57
148 483
270 293
420 288
58 504
40 320
343 277
357 367
400 111
471 358
130 462
269 337
132 235
311 408
288 425
337 373
332 88
101 217
361 19
342 145
229 160
401 227
97 480
150 189
439 469
260 237
330 406
464 295
297 31
246 509
117 470
505 396
88 432
295 226
291 26
322 126
315 453
302 361
432 423
46 177
447 507
4 85
354 70
397 155
75 390
72 213
278 146
78 416
476 443
138 329
195 191
229 391
498 488
383 410
102 386
166 128
38 158
391 346
135 32
44 189
490 335
480 396
226 444
255 29
232 267
125 422
105 316
195 420
474 190
10 279
132 328
415 328
353 486
72 185
446 371
473 458
91 433
339 361
7 427
500 494
251 431
65 367
491 306
310 248
12 460
137 203
485 59
192 163
441 220
398 205
326 223
297 476
225 213
447 259
345 286
5 213
495 412
210 117
330 262
482 489
270 166
100 132
383 340
434 187
183 453
248 34
214 53
501 125
218 285
370 337
255 330
256 438
256 305
379 201
209 11
154 491
364 147
344 83
166 69
21 52
228 234
366 354
355 143
230 96
116 389
366 182
190 206
506 493
458 241
49 431
147 409
226 150
275 53
291 102
288 459
332 401
8 308
60 145
194 483
114 334
233 472
120 451
294 189
260 217
468 57
229 171
90 216
9 416
295 357
237 201
27 373
305 311
492 419
205 235
303 428
413 237
388 216
454 21
40 12
139 87
7 370
492 320
171 96
3 48
437 139
100 131
376 498
493 30
469 381
61 168
47 161
103 14
341 387
406 388
97 303
158 146
100 342
394 46
425 286
324 371
303 315
271 39
325 471
488 79
23 393
489 453
36 123
211 24
31 424
53 318
195 215
27 386
415 333
456 11
348 208
208 162
450 51
489 138
166 150
380 338
216 214
16 285
504 101
243 347
156 334
64 474
288 160
330 328
49 173
280 187
146 387
267 304
405 35
10 412
443 87
191 172
219 465
23 99
204 210
182 393
361 501
88 79
129 287
276 122
379 218
457 179
48 229
462 334
444 369
485 406
23 486
208 416
133 9
257 287
51 488
118 100
502 230
156 378
251 89
165 268
437 36
21 251
353 346
46 220
129 68
199 26
11 339
24 315
328 384
319 329
438 391
248 496
4 135
117 189
32 443
54 272
483 462
306 235
39 413
57 296
85 73
55 394
49 76
269 119
310 93
157 146
37 269
265 314
402 278
361 41
189 228
109 248
498 14
377 83
52 414
488 87
437 95
348 238
109 493
149 454
88 161
238 427
348 508
427 299
391 192
130 332
407 365
106 77
122 285
126 268
77 439
12 85
424 299
175 221
230 247
447 78
167 124
474 422
507 3
302 391
309 249
159 141
18 41
239 88
86 89
5 22
147 34
105 13
191 68
258 496
30 19
92 179
474 132
71 38
234 425
46 180
481 315
376 498
136 284
271 506
273 53
360 78
338 358
454 317
118 53
390 304
339 183
175 339
207 236
255 278
46 305
44 355
272 233
357 5
2 339
44 269
22 50
206 226
276 34
234 53
297 73
390 464
275 2
483 118
57 264
107 343
366 303
125 84
446 264
21 15
278 341
130 414
125 33
257 392
480 357
254 243
131 340
319 153
250 417
416 468
277 267
63 123
90 229
4 330
490 63
459 290
70 244
88 440
89 8
66 298
454 219
376 441
400 315
344 406
163 13
280 457
134 470
464 2
481 135
311 458
321 410
342 141
294 466
399 381
46 155
181 370
275 84
496 73
99 133
44 157
259 418
425 348
373 151
118 389
351 86
260 152
188 134
268 379
487 274
307 427
262 178
374 184
384 9
100 480
401 346
283 255
41 375
259 18
359 200
185 40
318 176
195 493
179 117
427 429
150 58
70 150
479 332
251 46
288 238
447 378
201 20
125 222
339 487
189 212
328 433
289 230
503 285
348 401
442 29
29 128
8 290
246 83
395 388
146 35
232 434
192 462
290 165
124 236
151 419
355 65
106 192
3 108
165 401
224 491
335 154
80 227
100 223
178 420
300 244
314 377
243 166
357 109
241 250
507 142
314 321
318 324
63 34
186 165
386 87
116 402
202 449
207 51
1 474
195 363
507 429
510 237
360 372
375 426
224 264
442 65
117 13
282 171
314 416
27 105
228 54
88 353
126 51
430 496
18 458
256 114
180 80
450 215
420 192
138 384
70 225
453 345
509 160
105 212
252 426
83 244
5 43
168 374
84 161
464 369
430 406
421 181
451 128
270 425
65 461
120 61
457 307
336 46
342 509
317 63
433 181
327 87
208 368
119 230
180 291
248 419
448 248
200 226
389 67
268 136
334 264
421 351
312 41
333 318
134 390
463 467
483 398
412 39
231 471
56 333
109 81
82 39
454 116
166 183
38 406
387 55
247 11
80 54
337 31
341 334
301 348
76 150
148 20
93 241
131 311
239 350
333 303
472 193
154 414
11 228
284 416
32 313
403 366
132 374
187 313
324 484
432 443
410 80
119 256
68 347
220 368
324 27
369 302
205 501
257 88
368 85
15 420
111 159
136 22
431 368
60 422
66 407
156 496
102 431
430 29
306 26
313 102
10 376
128 401
204 49
128 25
304 329
12 358
355 120
416 428
65 161
279 454
410 424
309 289
386 246
395 51
190 205
481 331
281 61
506 450
325 98
138 301
398 441
288 310
26 315
74 505
103 10
390 206
487 335
10 332
200 176
371 133
178 27
329 31
444 505
173 185
470 490
451 180
159 214
396 358
141 470
389 287
12 249
372 426
309 404
187 491
508 340
414 207
42 217
345 100
26 256
219 269
43 114
431 171
383 242
0 27
342 436
472 439
2 192
64 436
185 182
122 201
42 457
3 247
331 185
482 181
394 49
211 316
9 262
484 284
20 399
472 77
85 121
330 89
349 267
328 433
50 440
89 29
256 412
138 18
474 407
154 164
78 170
203 430
354 254
148 38
151 123
402 82
226 122
98 81
265 3
368 56
451 244
76 463
357 378
331 497
426 351
260 142
152 372
430 122
419 481
143 0
206 66
325 457
324 37
43 187
445 387
186 336
134 26
360 24
200 382
199 42
89 179
223 302
145 260
27 155
233 504
71 316
379 25
124 40
437 510
397 479
15 118
119 338
385 353
484 135
132 384
299 345
105 184
153 336
149 8
328 16
212 137
322 265
258 89
285 372
251 273
232 468
244 280
115 451
134 129
56 145
259 446
241 362
321 393
228 123
40 332
88 24
232 403
79 263
338 135
83 305
193 59
489 201
373 76
273 175
176 250
241 203
282 200
212 346
485 421
178 428
206 453
276 389
187 350
85 208
336 58
212 216
231 486
304 396
153 156
191 76
497 47
496 110
480 176
482 468
487 162
482 371
105 18
97 127
122 200
254 178
130 94
294 381
398 467
484 136
259 173
220 50
336 329
183 355
160 94
457 476
415 233
481 312
390 388
84 79
478 457
36 464
145 218
395 61
396 344
411 370
44 424
101 99
423 499
129 456
392 132
38 102
368 24
0 88
181 262
197 371
196 337
347 266
228 64
251 446
441 113
165 41
74 420
99 357
66 275
111 427
186 348
94 62
495 153
316 467
172 150
462 320
223 87
4 309
110 387
281 311
438 394
377 413
451 435
263 319
412 285
14 449
368 218
161 19
458 422
160 123
29 276
281 296
445 48
91 509
62 375
89 262
371 84
467 414
329 382
410 495
183 384
186 35
70 108
469 237
93 363
370 177
170 304
406 16
166 459
409 430
312 397
398 409
355 328
46 99
56 37
229 27
376 174
142 31
387 307
329 414
490 14
163 107
288 8
429 394
331 393
176 257
79 348
293 373
12 420
438 32
270 78
142 126
288 241
290 506
98 447
508 412
316 360
69 163
102 468
157 457
376 83
171 448
229 412
172 77
84 258
20 399
120 38
507 214
204 69
321 252
248 262
33 320
168 436
375 132
300 257
322 219
26 47
155 392
83 268
183 329
159 169
31 157
144 394
430 377
286 354
68 300
260 71
258 331
103 285
392 442
194 431
281 57
16 446
35 241
236 332
403 361
282 296
484 341
335 247
275 38
37 163
311 233
174 480
235 259
311 482
136 478
355 266
454 78
224 417
454 266
274 287
114 354
367 28
478 206
185 331
466 315
25 377
487 205
154 362
283 488
506 270
400 283
33 28
302 380
316 122
352 420
267 236
15 427
388 108
139 260
463 159
398 333
142 299
221 413
56 385
386 202
285 367
343 242
418 4
444 256
230 123
175 27
115 487
469 337
386 202
37 83
310 156
364 3
227 217
65 117
337 216
335 181
292 314
217 179
445 11
145 409
372 427
252 186
285 411
199 22
274 17
321 385
9 487
180 393
64 195
484 345
355 485
14 396
150 447
352 125
1 81
65 284
78 8
355 119
469 136
482 115
366 190
238 198
26 197
494 50
345 189
380 115
378 430
342 199
265 396
358 45
408 297
32 283
31 218
342 97
41 454
55 129
208 305
68 439
384 394
56 486
458 189
238 417
332 273
26 150
354 298
354 265
64 116
29 13
279 271
250 495
239 33
438 154
352 35
240 434
421 446
191 313
161 195
434 290
115 169
198 18
38 341
210 459
244 320
460 309
346 82
342 399
299 425
341 359
319 71
162 443
267 286
447 500
183 155
80 74
162 392
126 272
409 416
308 181
140 296
287 383
325 465
75 4
331 349
435 389
146 60
364 439
46 343
1 428
500 347
447 406
139 503
136 251
241 5
265 376
35 157
308 133
308 91
321 228
160 374
339 410
180 306
335 6
195 314
408 471
432 411
424 510
120 226
434 414
265 156
259 355
393 421
292 317
390 268
385 54
141 132
82 69
226 328
406 288
326 107
198 475
207 496
245 389
421 211
230 239
288 458
127 343
281 196
466 251
305 377
382 197
65 414
264 355
186 456
234 241
406 281
342 348
14 152
355 118
137 72
234 413
394 16
211 217
260 51
141 89
307 19
196 296
440 245
299 474
149 74
498 377
285 420
493 221
491 134
223 333
365 97
200 417
36 423
102 17
226 110
470 86
230 338
294 460
366 252
198 396
463 405
143 338
209 214
69 211
383 81
1 22
146 146
461 40
209 213
257 89
165 421
415 309
332 79
409 285
93 147
385 53
268 424
245 371
278 447
44 339
83 154
493 220
233 296
337 237
451 318
128 510
272 428
291 441
93 490
50 97
189 44
342 248
413 11
65 501
424 244
62 157
45 254
485 254
108 308
493 58
91 381
198 224
482 359
374 168
324 86
366 256
77 92
50 0
86 327
120 352
222 313
51 121
400 307
332 69
255 467
91 166
467 496
407 386
344 280
373 242
75 168
361 168
153 455
255 153
251 81
419 151
253 437
488 455
423 404
341 471
280 495
333 88
473 164
374 270
80 457
228 234
272 233
19 312
105 423
347 86
280 430
60 140
4 153
311 246
84 182
314 475
341 14
63 189
248 454
264 406
166 440
473 393
25 212
127 56
138 30
17 31
485 347
81 19
384 144
17 225
385 214
228 199
4 200
129 473
435 275
432 279
245 22
126 308
74 345
383 134
373 6
145 109
116 161
183 56
491 368
430 255
58 284
308 463
162 472
63 381
17 32
460 430
493 506
338 277
229 333
150 77
73 292
476 479
382 212
390 197
143 333
395 433
496 227
374 103
138 160
369 234
136 442
289 239
206 209
389 197
80 272
453 465
253 192
461 438
335 359
375 319
496 316
252 257
49 152
159 481
100 112
321 230
186 186
27 205
433 175
233 438
232 30
219 503
400 234
212 370
344 35
157 41
83 213
457 286
375 229
455 201
421 462
442 411
445 286
37 304
92 495
322 453
452 138
362 157
252 180
410 172
109 270
358 67
53 110
31 143
57 437
108 134
283 35
128 109
142 465
243 20
175 171
210 11
252 218
155 153
245 14
223 129
123 461
337 41
222 430
381 351
128 276
8 207
240 475
483 496
286 423
321 239
310 443
207 482
219 283
403 279
410 392
54 118
286 426
333 441
140 336
419 352
173 333
436 434
175 436
273 9
498 133
349 129
463 478
355 20
263 490
190 53
4 140
385 134
335 252
62 339
397 3
160 197
147 176
483 45
378 84
3 79
71 21
345 293
425 386
472 33
47 434
97 105
29 65
293 152
364 4
291 373
383 183
492 363
199 180
238 87
430 82
439 336
410 163
405 229
459 316
364 339
374 421
132 111
312 31
446 390
284 212
47 121
91 68
130 141
193 83
348 319
51 12
264 328
27 35
432 71
358 193
287 436
159 472
444 313
476 490
314 281
263 498
407 370
312 419
22 243
107 153
282 188
358 293
325 501
240 232
62 202
37 470
361 262
112 268
444 227
359 456
345 174
503 358
300 192
444 488
335 21
404 485
468 168
344 2
159 450
283 354
284 3
257 428
465 433
161 308
13 336
250 316
192 55
349 330
153 240
323 246
261 24
260 94
128 81
47 226
291 260
271 231
204 237
405 499
173 33
192 187
199 460
425 453
458 448
459 81
347 347
103 65
252 341
216 346
498 197
186 189
319 6
262 455
364 193
308 25
478 342
295 37
504 442
146 59
89 230
468 505
443 217
24 397
138 158
110 216
294 499
13 161
200 310
124 254
265 454
273 361
202 126
364 79
170 254
415 234
244 483
310 180
161 106
505 274
300 135
359 414
284 96
421 87
198 341
40 65
497 457
32 225
93 293
182 202
101 114
165 17
486 45
217 306
346 56
232 191
112 116
434 500
476 323
438 3
369 370
90 334
383 17
451 231
197 86
18 24
230 329
130 152
144 379
40 445
218 22
427 393
71 418
125 359
29 129
431 127
249 494
189 248
130 307
0 326
486 369
130 311
468 53
69 108
198 282
39 498
129 343
398 169
502 144
135 408
96 348
301 240
33 47
209 110
302 400
215 380
280 338
402 95
111 156
378 47
415 12
18 417
371 17
27 340
320 332
414 223
57 394
427 345
454 497
485 332
120 197
178 464
328 81
293 220
99 9
331 279
139 18
31 504
20 227
429 274
243 135
131 50
466 420
336 462
431 336
228 250
22 342
350 506
248 67
198 91
164 50
99 22
419 438
333 244
500 58
200 223
76 227
342 432
353 130
385 335
80 108
226 177
474 446
102 483
74 362
35 245
85 353
172 351
389 224
482 432
430 461
62 270
285 29
69 27
416 261
96 148
46 126
212 254
25 412
207 309
489 60
276 361
121 236
493 319
304 167
87 280
445 328
83 447
31 160
1 199
398 368
140 17
417 348
463 488
347 280
319 130
135 111
411 259
25 480
479 207
454 444
445 494
308 504
56 140
509 150
495 156
426 235
393 252
243 493
437 331
486 177
344 297
124 396
65 414
56 479
246 326
225 124
392 427
374 506
68 261
440 0
210 294
415 216
4 499
123 350
76 421
286 494
333 166
446 32
142 190
287 415
274 474
216 182
47 254
230 45
324 143
489 128
129 390
393 482
272 175
378 251
308 462
152 234
4 356
60 136
475 144
359 430
0 113
502 20
335 392
374 177
337 245
296 298
265 67
231 50
67 26
63 214
459 248
53 38
35 50
324 376
61 412
455 386
302 409
26 43
239 178
17 217
34 7
240 122
100 431
157 442
76 122
58 167
41 139
168 468
212 88
126 321
152 227
28 380
358 370
114 71
41 257
420 262
126 190
378 283
316 260
63 55
374 352
67 27
40 194
256 364
63 223
128 212
447 75
180 307
505 247
473 141
482 294
504 165
266 425
264 425
178 103
27 322
131 331
101 36
399 22
222 334
28 265
292 200
339 259
396 123
328 362
431 417
319 491
466 249
165 270
286 100
417 209
380 456
491 384
493 460
95 104
440 490
149 451
391 245
372 76
13 380
443 127
168 192
333 371
442 405
65 189
282 444
43 315
5 158
305 66
82 445
63 74
13 244
402 117
508 251
100 105
266 381
447 387
209 487
232 396
361 441
2 99
280 38
307 399
131 2
428 454
255 446
484 240
382 243
190 357
491 279
331 453
321 314
153 57
202 78
120 460
446 249
26 310
478 334
44 286
338 489
201 461
456 225
350 205
416 365
479 458
327 310
69 373
74 251
484 315
371 443
55 432
365 179
30 466
140 165
416 483
304 225
330 453
410 27
249 315
72 174
339 265
137 147
267 442
364 297
41 13
473 227
32 36
39 46
239 102
475 274
269 146
341 371
46 160
203 179
432 103
501 485
283 432
328 136
478 177
277 438
19 408
33 360
213 75
248 304
195 323
126 391
344 2
59 485
95 475
450 40
46 220
428 211
330 147
483 61
79 501
182 299
371 407
280 197
126 391
500 449
384 66
125 195
244 377
186 65
251 166
89 410
229 66
7 187
450 79
438 500
14 354
402 241
95 401
68 335
255 490
435 6
397 426
359 450
5 103
447 432
376 417
220 469
427 468
150 189
497 466
337 331
189 77
250 96
86 330
325 327
23 31
98 448
270 206
90 155
462 333
176 20
315 390
118 510
442 146
380 347
1 82
148 452
366 170
478 276
483 131
106 197
13 282
179 401
114 485
297 415
441 282
249 193
112 348
202 318
413 96
288 418
361 170
146 182
249 337
224 392
83 399
320 235
254 329
220 237
297 205
294 337
482 2
440 211
440 295
224 417
387 492
311 92
220 456
448 487
115 279
428 390
330 76
357 199
296 460
508 348
339 402
418 240
309 188
122 254
486 330
445 475
458 182
368 73
156 108
104 344
413 215
388 451
42 452
388 345
495 447
183 349
196 400
35 214
249 64
508 51
45 498
255 219
423 217
222 89
222 2
357 423
116 49
316 498
267 413
58 151
301 302
362 122
45 281
169 467
284 135
291 435
264 335
173 205
307 281
383 0
125 390
423 508
408 335
114 252
11 473
358 97
150 25
218 348
409 97
449 100
303 32
227 194
24 492
70 377
144 359
222 478
37 337
401 142
346 271
13 207
138 362
48 448
122 341
354 287
163 403
266 500
29 340
151 402
349 500
316 456
356 67
125 182
103 85
85 42
461 124
335 483
299 116
493 356
337 294
39 307
187 325
391 6
487 476
381 134
386 463
17 335
207 413
331 71
49 266
411 78
154 481
244 294
36 1
34 127
27 310
2 225
306 304
4 458
320 366
202 212
379 386
505 301
433 158
79 180
454 23
382 205
364 70
414 371
106 412
503 137
329 374
286 307
452 109
406 38
368 242
23 508
469 323
49 30
115 153
493 215
293 249
235 399
381 212
390 491
163 408
292 324
137 318
209 122
145 413
460 456
240 352
147 414
419 226
58 148
428 206
507 420
294 270
14 101
238 202
23 141
52 310
54 189
124 472
123 35
152 43
7 87
446 32
192 213
428 196
399 341
154 338
211 175
473 63
399 210
196 384
117 124
194 299
370 367
80 3
413 231
416 224
133 305
312 122
241 128
342 429
160 80
268 88
430 408
313 244
335 119
404 266
85 434
271 221
485 329
475 444
479 375
215 386
164 170
8 227
105 136
291 486
243 272
493 299
480 112
230 98
470 262
182 427
339 355
445 4
360 264
216 45
38 139
54 263
398 192
505 95
277 62
187 167
469 456
336 485
265 144
316 300
455 356
211 176
149 362
449 383
504 157
147 236
145 291
492 228
3 326
485 83
242 468
44 295
442 288
144 184
60 351
408 75
84 409
471 300
264 151
165 122
114 338
432 102
249 301
76 476
286 36
419 130
388 226
344 392
270 253
56 6
45 334
165 177
303 192
510 248
186 173
302 40
441 270
475 382
63 410
22 498
108 239
56 381
490 205
80 153
229 95
277 286
474 250
389 51
503 412
86 211
420 465
69 473
102 488
349 433
43 387
145 46
172 375
455 163
208 167
46 354
477 488
477 195
498 145
470 240
502 144
214 15
479 443
295 341
332 292
289 67
59 308
118 198
264 323
423 14
171 180
336 226
3 406
365 498
52 220
190 88
121 127
450 46
364 387
123 466
10 468
315 187
474 25
403 503
306 493
346 354
272 461
287 404
428 92
247 343
126 11
231 179
337 206
192 462
29 66
19 233
200 107
358 414
432 282
401 468
232 324
120 25
144 178
484 371
53 388
159 58
187 130
351 167
504 166
201 43
509 487
47 383
303 438
133 296
121 343
203 265
237 135
68 176
419 271
263 0
0 173
195 362
353 45
229 85
119 168
83 391
438 307
2 117
441 470
433 149
274 184
47 48
87 70
339 128
298 6
379 122
197 491
490 138
1 83
215 485
348 488
17 118
434 295
203 142
17 410
285 215
68 74
306 173
73 69
434 386
16 379
93 393
119 326
171 437
333 10
373 196
209 96
501 155
200 377
272 90
46 101
471 54
479 266
469 349
236 139
274 18
346 74
108 228
391 198
369 232
13 153
455 18
104 311
167 329
417 170
273 486
237 222
181 460
43 424
508 163
258 508
344 169
308 421
492 456
5 204
84 379
354 406
154 140
433 26
0 372
368 249
371 411
341 106
209 186
61 250
138 158
135 158
330 200
155 214
412 274
394 164
59 133
13 253
381 333
69 71
315 276
422 509
459 303
217 462
79 104
218 198
182 66
334 7
55 297
280 394
190 452
440 324
403 427
289 69
193 168
208 118
115 384
353 274
218 95
498 249
71 446
413 119
42 158
106 351
162 13
371 236
193 23
57 246
163 139
290 236
172 127
116 111
75 79
289 179
311 397
22 402
491 389
293 387
298 505
178 321
312 419
358 61
24 134
397 447
197 307
121 475
330 163
369 104
161 153
182 91
230 224
60 132
461 424
81 224
365 29
502 251
506 129
227 411
455 162
129 398
464 486
131 300
416 319
103 454
149 418
122 360
175 122
506 234
126 302
153 390
484 358
2 113
7 465
230 76
118 73
483 350
387 418
326 104
239 446
160 314
285 104
277 420
377 165
263 324
157 308
463 442
201 233
301 167
379 1
197 138
445 435
45 497
327 194
335 287
155 395
353 73
494 331
337 414
60 247
495 301
152 319
438 220
360 296
472 407
211 399
23 106
389 165
241 171
393 315
76 473
458 280
116 477
380 456
7 412
172 362
482 314
127 80
121 210
128 485
343 269
506 319
25 353
258 413
104 473
59 385
370 389
106 116
291 146
182 414
54 388
381 254
356 337
502 402
69 71
411 451
427 356
173 193
100 204
5 108
340 211
147 61
50 473
474 239
153 397
213 482
510 403
278 157
452 327
217 76
4 498
142 96
338 76
388 13
410 290
229 249
373 96
122 6
145 408
71 223
357 175
487 186
163 222
370 295
221 2
411 415
244 494
403 45
232 375
184 321
325 144
32 452
504 308
154 336
459 31
199 367
309 145
241 85
136 469
360 215
70 451
505 484
441 37
474 336
111 129
227 261
211 415
148 68
151 429
109 390
488 493
120 84
164 350
247 205
445 279
300 166
251 208
43 90
48 443
90 49
419 100
343 393
495 243
38 80
233 331
339 74
509 350
119 133
30 132
69 145
120 396
297 240
68 192
31 174
446 203
365 8
111 419
171 290
167 339
431 368
460 282
48 116
416 67
347 356
396 93
346 196
290 353
378 453
43 80
88 501
180 221
200 226
321 309
167 146
18 322
460 415
313 276
192 383
206 436
220 189
179 501
376 18
398 420
51 185
301 302
133 456
69 367
184 148
328 356
252 190
223 152
415 21
65 278
268 200
376 385
443 298
125 405
267 77
250 251
87 373
194 50
33 193
440 7
314 339
69 132
292 458
125 374
260 461
3 194
212 125
261 25
54 372
42 28
368 164
453 486
41 399
94 306
219 255
129 250
316 46
510 202
224 178
154 9
70 373
207 366
164 393
269 87
429 28
173 107
417 69
492 342
163 175
49 321
499 343
408 453
439 26
444 203
329 199
150 331
66 402
144 302
447 467
372 472
457 69
398 41
321 450
381 194
479 232
415 508
298 270
332 402
314 61
388 105
446 5
504 400
431 71
256 433
77 335
272 441
336 140
367 351
421 31
415 305
346 208
475 386
224 306
499 252
127 483
368 353
85 422
151 344
104 100
108 312
375 132
499 363
346 153
33 234
76 48
121 154
284 283
305 309
210 98
99 163
66 371
324 109
57 386
197 510
348 161
298 149
119 259
270 489
27 221
132 66
389 16
394 181
28 385
273 274
384 171
420 154
261 508
445 436
20 182
260 73
69 335
170 195
285 258
510 475
499 227
124 339
398 79
165 263
68 265
429 476
47 494
168 314
412 286
387 244
201 32
211 89
55 119
440 132
62 419
425 405
507 424
315 362
276 38
101 458
145 356
377 98
251 100
34 85
345 262
197 203
238 38
98 109
77 387
79 115
302 458
217 281
201 131
458 488
327 447
414 447
114 330
431 314
139 407
233 503
77 485
133 2
300 242
150 458
209 211
127 297
177 490
76 208
169 107
179 287
389 239
490 241
264 108
173 425
274 163
435 273
218 213
209 431
483 368
478 87
201 239
65 342
475 28
367 97
311 482
434 440
216 351
298 315
71 209
78 78
388 160
83 304
373 250
121 137
191 368
446 305
46 290
443 183
65 488
209 307
497 426
409 41
410 274
418 169
35 361
53 319
278 347
78 169
422 187
166 33
126 140
387 202
46 274
191 499
388 119
244 393
467 272
27 93
443 334
473 153
126 28
54 75
506 222
248 242
476 152
140 271
231 182
257 89
115 132
504 227
238 270
426 234
56 456
75 143
57 60
152 3
24 174
498 358
91 81
95 356
405 29
350 69
407 255
55 164
85 213
21 29
467 468
242 124
481 125
118 502
117 431
35 478
389 125
14 446
126 187
375 204
376 45
127 241
378 396
312 14
481 292
385 458
101 467
426 289
98 475
285 135
467 150
60 274
353 447
191 501
342 159
39 463
20 71
149 185
436 170
436 29
109 457
34 65
190 80
146 184
375 208
235 188
499 176
221 197
106 301
14 473
54 209
420 33
366 435
135 444
286 395
146 506
61 366
462 138
397 130
167 470
446 258
156 72
143 9
482 503
354 122
301 360
126 261
387 415
165 507
367 58
257 189
243 29
410 253
218 441
56 207
485 193
106 409
82 335
179 304
509 1
21 25
215 343
221 111
379 130
481 101
265 172
490 11
61 510
295 268
114 493
394 125
470 375
493 486
159 135
91 226
463 331
103 325
362 502
238 462
42 100
179 246
312 215
468 402
330 485
413 406
438 247
374 327
312 430
3 457
434 387
363 253
155 331
19 463
430 193
314 314
389 394
498 241
200 40
323 45
439 23
111 203
46 356
241 118
139 128
448 434
259 378
465 492
208 19
178 237
39 9
491 79
479 97
427 360
334 381
265 404
272 471
184 485
300 104
330 142
478 429
9 46
156 227
264 354
378 424
291 497
318 329
252 233
296 104
3 167
446 347
153 197
232 460
320 154
195 387
472 193
6 232
38 371
422 405
102 284
442 306
358 129
230 134
66 324
451 12
161 171
85 495
165 125
190 147
163 385
100 452
64 111
504 68
174 114
302 122
61 430
12 251
425 201
43 492
468 296
340 403
395 120
90 289
275 510
27 460
328 5
442 236
368 371
217 324
294 251
228 329
365 32
158 182
334 501
441 8
137 310
387 391
178 88
497 419
188 461
78 281
218 228
322 277
347 33
368 172
218 352
287 380
58 291
37 280
416 111
333 62
271 310
47 320
510 83
17 180
96 33
276 167
340 52
345 43
108 52
159 300
186 409
82 299
368 486
119 160
176 12
391 344
298 405
359 193
58 131
53 333
458 13
242 374
198 281
282 3
95 1
439 377
420 480
339 38
481 263
47 101
58 472
290 123
246 403
72 266
293 491
320 272
236 427
136 215
443 466
193 185
168 70
298 194
423 325
182 29
128 18
148 351
488 256
256 226
273 36
455 97
124 5
168 217
222 78
175 403
111 238
75 3
340 307
336 350
426 404
427 490
416 288
496 338
35 336
178 449
18 17
460 151
400 202
216 312
53 4
286 197
0 198
7 431
177 357
20 431
344 170
44 198
509 449
339 207
370 299
399 488
212 323
158 211
102 301
239 314
446 218
38 355
124 172
34 326
108 37
149 357
71 3
95 219
204 285
295 46
252 500
65 15
171 79
301 188
37 218
18 60
47 204
112 223
436 137
498 437
431 255
125 321
256 450
481 244
478 465
130 139
329 292
59 228
123 41
123 247
70 242
495 436
98 408
203 434
44 481
461 257
25 372
296 55
29 233
178 393
159 207
299 376
250 329
113 469
457 76
217 323
44 24
433 359
408 211
206 504
343 174
464 387
141 27
421 59
430 111
159 329
392 232
476 148
464 367
510 237
34 329
205 359
81 440
276 24
113 479
94 32
471 418
66 63
406 421
179 505
403 438
417 23
11 107
490 249
21 275
478 374
158 171
357 399
298 51
86 335
74 50
356 412
230 245
170 247
19 50
469 16
337 28
180 267
257 452
327 487
426 169
402 497
290 479
489 129
72 65
172 291
414 198
422 107
216 205
115 297
118 102
303 190
393 246
47 376
78 392
322 242
315 166
317 495
68 307
186 300
29 355
262 308
443 266
47 398
281 320
167 229
493 213
60 68
421 272
298 292
488 95
392 476
311 235
483 503
335 12
122 94
487 147
327 324
137 248
200 398
289 131
463 412
214 25
183 19
412 366
464 162
65 244
239 183
312 236
201 35
447 335
362 5
197 373
171 304
200 211
474 204
200 482
165 320
487 200
448 478
6 43
30 171
122 510
34 251
510 54
106 72
467 406
503 274
308 111
310 106
78 362
1 9
39 161
168 71
168 16
460 472
286 264
382 128
216 7
441 13
235 467
503 156
8 22
278 211
143 153
124 326
188 142
78 305
152 63
403 285
21 75
433 279
141 423
42 236
73 221
197 427
146 98
269 459
63 60
422 326
423 86
105 306
240 362
116 443
334 510
164 342
392 410
272 140
335 104
278 500
506 455
413 248
146 406
57 261
269 200
486 364
78 111
153 475
348 427
396 272
319 138
261 58
146 361
424 431
18 342
288 362
349 451
148 471
48 172
122 427
398 157
56 457
20 426
454 355
229 34
182 339
69 337
351 13
81 128
312 454
141 285
214 361
501 209
182 354
267 379
243 309
66 135
358 344
343 171
451 428
262 165
495 477
69 5
208 328
373 50
493 339
267 37
12 196
229 135
428 495
2 52
257 459
486 410
390 509
6 131
388 116
13 19
372 271
123 325
146 226
280 255
222 179
157 178
42 51
402 239
332 162
355 284
441 409
247 155
331 393
429 261
15 281
395 189
323 30
359 38
372 131
143 14
253 192
492 119
75 502
363 260
486 374
334 173
94 439
410 284
164 366
409 12
446 348
428 229
46 1
155 82
347 490
369 172
78 373
327 74
318 98
46 46
376 302
3 350
341 248
158 353
107 35
317 353
30 462
398 406
358 81
189 0
255 155
77 116
282 459
446 195
301 274
178 11
126 333
467 316
75 326
171 216
496 374
1 127
396 85
59 446
32 3
410 387
278 83
82 393
383 258
95 286
336 2
501 209
46 183
228 68
483 158
436 348
114 493
500 461
304 369
8 509
83 182
179 242
198 22
337 381
361 146
219 231
219 50
64 107
368 96
29 496
466 472
104 155
387 138
297 108
147 44
33 119
370 164
59 7
109 113
213 373
179 159
224 37
32 340
408 367
230 403
269 116
244 55
227 418
155 123
321 401
69 56
408 8
229 142
232 294
380 452
423 118
452 157
283 29
29 331
419 387
5 205
277 134
228 336
501 377
100 408
273 444
434 197
428 457
396 455
110 263
387 427
12 56
136 240
313 200
65 272
23 234
223 70
440 509
205 91
471 328
65 160
274 27
12 429
328 460
468 406
126 128
126 234
186 475
362 281
234 36
140 504
277 200
262 68
295 32
386 410
231 150
371 215
364 233
143 144
500 369
333 359
125 14
225 491
14 129
208 122
354 404
222 203
381 136
299 434
354 387
236 243
62 258
197 437
420 386
461 286
407 490
270 345
496 345
238 282
395 88
339 120
152 435
47 65
433 189
45 13
415 503
210 340
122 179
224 281
381 345
7 65
230 184
497 142
384 66
220 410
376 252
375 255
352 294
141 122
113 292
182 86
22 208
191 324
492 21
299 120
146 346
210 228
79 228
55 367
84 505
462 225
28 321
343 88
103 333
270 427
289 254
347 348
66 348
154 223
2 421
123 389
356 432
312 159
237 470
428 416
58 51
276 328
476 188
475 41
137 95
366 230
507 258
158 317
11 433
1 26
110 51
175 409
185 55
218 496
286 33
383 483
56 33
52 468
481 467
42 381
219 223
84 237
70 144
37 139
493 499
350 464
334 221
13 157
92 14
397 221
394 280
348 509
12 275
242 24
323 363
13 442
502 24
110 170
81 431
234 273
9 315
402 240
189 111
209 268
160 29
292 162
490 179
60 7
255 178
429 277
332 229
363 490
70 219
171 27
278 281
359 308
170 375
397 143
409 325
353 148
411 462
354 489
446 495
365 22
458 179
431 222
481 449
312 162
128 281
109 180
359 278
437 188
360 349
425 357
467 132
489 155
318 48
313 239
233 484
338 454
354 494
480 402
166 136
275 158
281 386
321 109
62 115
411 323
139 186
325 207
374 412
446 333
191 498
451 364
472 145
46 75
251 99
432 426
303 190
335 317
255 457
307 241
329 178
126 104
136 13
468 8
290 445
198 12
423 477
86 315
99 460
422 10
453 64
341 401
410 45
399 23
279 168
328 403
418 451
443 359
199 2
61 264
9 17
441 113
81 115
143 375
401 179
196 3
347 169
437 261
288 27
257 29
429 13
19 281
194 346
416 181
134 431
308 65
194 189
279 383
441 234
138 65
376 71
378 118
274 34
154 110
416 452
344 403
192 408
251 1
30 151
42 485
374 114
504 225
38 92
39 338
212 442
83 360
289 48
0 480
458 204
246 393
334 355
438 281
356 19
66 181
139 210
461 175
476 184
62 474
163 327
508 97
1 67
454 210
457 58
242 498
76 221
134 325
98 476
296 334
273 35
84 264
147 64
179 381
330 281
400 437
463 473
479 407
454 92
260 416
402 487
37 487
303 484
383 101
456 508
187 52
310 191
463 188
38 493
292 66
34 222
349 322
166 508
78 50
70 449
435 324
198 317
366 459
362 309
43 322
12 395
473 298
86 478
261 351
179 504
405 0
468 183
405 263
236 158
132 224
355 497
406 124
244 53
132 486
183 150
144 11
315 469
228 224
199 278
426 101
184 391
127 307
102 184
65 401
199 328
306 492
106 420
375 46
132 301
508 351
261 300
509 302
266 408
40 202
161 26
142 14
176 146
233 40
3 132
253 180
298 65
80 239
168 178
123 430
54 216
328 273
20 436
422 441
261 420
476 13
467 377
47 490
129 465
429 494
397 291
208 494
356 240
440 478
411 182
423 484
455 233
180 174
329 86
150 255
499 102
235 446
125 430
510 210
389 483
473 106
71 415
489 344
160 455
3 139
360 217
65 22
358 100
93 243
414 127
77 311
234 322
55 240
185 356
392 91
342 100
373 137
10 204
6 274
168 58
100 368
318 94
249 467
294 184
480 354
22 341
170 213
134 269
202 441
46 440
176 447
293 236
265 161
272 487
483 50
297 300
419 202
355 502
471 171
42 404
368 164
498 459
187 409
509 174
19 229
239 70
54 203
403 440
359 364
477 382
171 137
133 384
84 379
83 380
304 14
346 296
430 297
319 184
158 484
432 354
165 392
415 328
158 114
127 320
382 331
310 71
97 341
201 295
169 283
503 369
61 188
379 144
9 437
302 64
259 352
159 410
17 270
93 289
509 138
71 194
237 337
179 201
147 265
82 216
401 56
74 509
295 82
206 283
284 6
427 470
64 88
228 359
127 396
403 464
261 250
456 439
296 466
324 397
436 414
42 487
97 129
375 75
76 353
412 169
131 145
4 289
346 341
68 284
370 307
219 7
416 379
322 247
186 356
10 150
9 24
67 163
302 190
371 320
105 27
240 481
147 218
51 187
128 255
459 124
148 64
442 473
134 410
176 461
4 31
375 45
287 382
130 87
101 80
486 397
434 462
117 214
394 92
108 351
88 83
79 275
493 498
510 458
17 108
460 245
117 451
169 478
12 220
204 38
418 286
220 385
300 200
254 51
182 486
467 380
224 464
235 36
385 25
211 402
456 78
296 198
151 382
476 201
217 421
168 260
31 263
292 104
116 356
458 267
397 113
12 98
144 405
478 58
187 167
243 140
48 362
285 487
5 75
352 203
142 216
186 155
80 352
313 52
281 22
18 432
130 222
142 116
45 145
207 326
254 87
320 109
328 456
130 13
249 330
388 54
184 66
465 429
304 494
293 68
26 103
461 285
338 275
371 10
508 60
191 187
7 111
314 420
380 388
85 491
450 341
326 24
140 185
498 195
333 339
184 425
204 75
165 280
43 214
139 41
313 403
316 442
272 239
268 363
181 322
475 499
273 339
79 212
272 61
302 324
328 365
52 371
446 285
179 76
87 5
497 267
85 375
299 258
112 56
463 161
441 67
83 160
211 402
408 280
248 192
250 358
41 382
175 119
19 145
453 88
360 90
47 92
202 190
378 352
6 231
128 174
128 372
63 105
377 179
16 488
502 453
22 289
288 231
260 433
9 455
292 3
40 493
249 401
386 258
95 489
55 234
355 15
506 450
289 216
396 286
300 502
182 207
102 270
425 155
177 420
324 9
347 453
50 129
157 36
189 258
395 327
306 249
233 382
331 464
103 204
430 133
244 90
191 440
500 354
63 144
196 460
362 107
220 239
460 241
386 274
474 328
352 483
383 302
486 422
308 457
441 183
348 274
382 131
142 259
305 162
321 188
209 217
229 159
371 149
368 45
4 79
148 461
494 333
81 240
290 160
441 209
90 473
314 385
114 93
487 107
418 2
502 160
315 245
225 306
229 186
6 157
220 475
61 365
32 398
2 423
29 166
219 345
219 322
306 388
371 467
215 468
51 249
301 434
481 388
294 466
269 323
318 234
389 167
157 418
499 212
109 396
118 435
375 10
263 502
98 298
31 484
358 173
163 408
75 415
169 120
206 138
226 320
312 29
353 495
12 316
426 366
194 486
414 211
86 189
249 205
270 391
127 101
420 13
19 242
168 377
186 327
305 400
502 363
377 128
149 45
457 49
365 190
477 371
355 224
489 276
29 279
41 343
14 387
255 34
244 92
62 344
221 4
483 306
166 106
239 390
302 403
148 289
41 159
284 199
372 50
19 440
137 297
7 215
139 39
449 404
476 198
137 401
87 63
83 342
306 493
54 463
443 338
218 181
303 332
255 409
187 302
415 385
232 72
435 487
499 223
15 278
152 328
222 98
455 487
123 138
402 402
421 241
480 333
179 459
494 46
279 59
66 411
273 129
51 26
478 99
202 447
151 194
305 193
201 125
430 275
316 336
446 348
494 299
265 200
19 211
256 289
151 84
500 458
175 396
451 245
153 283
365 63
412 394
13 352
323 459
265 57
363 57
231 333
71 25
24 354
176 400
305 237
350 256
217 389
445 348
451 323
152 395
42 88
501 493
30 483
451 137
116 466
137 118
504 358
233 111
76 201
309 385
121 365
108 504
340 409
272 47
463 233
427 436
32 265
275 29
77 493
285 361
258 158
151 211
175 344
110 187
498 502
27 136
390 213
61 201
194 189
395 503
437 380
194 373
112 281
354 204
228 154
164 112
297 269
433 492
38 251
106 390
501 20
427 229
265 488
337 188
92 341
86 427
54 34
487 256
137 362
300 15
224 338
472 409
145 186
505 408
94 64
13 342
319 143
290 43
263 8
383 261
150 86
161 504
22 329
224 345
239 300
279 64
299 179
188 435
43 113
80 175
368 135
63 106
465 310
113 199
451 497
184 510
441 170
484 106
166 460
426 189
301 207
78 177
459 135
203 139
391 104
106 314
68 152
86 29
270 478
421 192
217 196
154 19
312 98
316 110
234 226
18 217
486 170
360 100
136 473
401 369
397 259
298 170
137 138
504 345
210 340
157 61
43 461
42 27
171 404
486 278
383 332
182 436
262 101
78 277
239 505
141 428
505 5
278 338
358 466
179 104
257 84
19 41
83 214
3 174
90 308
196 193
499 393
169 243
451 220
354 92
257 154
287 44
366 246
116 286
113 327
281 144
91 400
182 342
83 281
85 436
166 172
26 509
90 493
31 329
304 489
39 267
30 82
399 431
61 70
200 29
372 297
159 274
146 134
128 327
396 241
71 171
439 91
331 219
414 83
385 260
365 236
401 95
421 370
182 354
362 503
337 340
353 204
62 147
237 218
365 313
21 317
448 267
283 492
277 367
496 72
248 180
426 244
15 339
126 144
166 441
252 275
357 354
254 208
130 131
64 443
503 140
203 311
244 137
407 115
126 416
172 325
228 202
106 371
87 132
70 281
99 53
250 262
349 160
81 318
348 64
72 32
284 193
481 390
251 422
134 11
88 375
49 311
95 330
233 318
227 295
261 19
221 105
41 477
498 224
255 173
1 177
285 126
15 23
288 101
387 118
116 319
350 207
193 416
309 311
300 421
469 305
303 86
258 88
307 365
9 470
97 328
43 299
233 73
147 351
215 51
324 19
425 164
313 63
296 389
197 505
28 214
339 117
4 325
137 356
3 196
432 407
413 404
114 146
492 53
119 337
377 4
150 5
356 437
263 329
429 345
359 498
493 292
127 369
96 369
405 378
271 151
315 247
268 87
233 314
392 276
23 61
386 354
448 226
297 265
428 67
497 230
430 462
61 20
61 366
250 145
125 435
446 143
433 439
351 428
504 116
162 30
35 487
482 96
116 272
253 321
304 450
350 3
247 431
265 38
320 363
363 211
365 497
485 72
350 394
19 36
404 269
395 467
309 261
446 293
165 53
50 6
395 35
126 451
450 292
336 429
396 131
477 149
300 360
347 491
401 332
198 367
238 177
114 459
352 120
231 88
306 10
414 383
264 315
56 442
375 314
240 322
478 181
450 396
218 320
166 378
316 405
411 363
55 424
142 284
250 280
63 150
302 54
293 226
466 150
493 276
422 193
205 4
44 505
228 182
169 116
91 387
285 428
386 339
112 144
141 438
336 448
238 62
45 180
263 11
200 235
434 474
82 126
115 183
495 487
294 317
48 57
336 14
256 319
198 107
139 135
271 407
338 504
158 137
179 101
463 339
115 483
426 399
359 186
236 151
293 78
260 392
5 333
296 464
87 417
167 25
299 111
121 149
288 369
349 177
285 356
286 264
266 278
414 230
227 130
261 134
406 280
241 86
65 260
262 438
21 23
103 55
290 30
110 435
98 281
441 334
369 261
128 143
220 483
348 277
271 296
146 27
65 214
186 159
51 399
299 317
136 329
476 334
307 197
108 358
464 405
385 145
57 482
184 460
106 415
396 456
493 382
183 99
294 426
80 357
437 455
154 280
191 388
314 389
285 0
365 372
323 291
64 116
254 63
242 223
249 151
485 22
201 498
466 8
501 366
360 321
477 505
232 181
391 415
380 409
508 186
409 247
486 65
216 366
352 132
360 162
33 158
174 348
48 257
82 304
160 458
191 159
286 167
319 351
285 281
416 130
243 101
461 167
224 259
479 195
387 98
398 269
335 360
391 117
104 205
7 185
35 130
7 308
118 145
85 374
4 188
337 17
127 337
431 293
76 509
118 190
47 429
437 48
134 38
143 480
345 30
33 30
68 196
245 220
57 360
475 316
34 20
400 453
391 248
422 468
181 335
391 59
373 198
67 136
472 219
204 482
17 146
195 496
150 492
456 336
420 382
428 229
346 74
185 379
366 158
62 49
237 123
40 175
344 490
374 179
79 289
396 33
256 134
356 466
107 469
510 406
319 415
360 19
358 48
385 24
317 494
308 327
206 337
63 375
17 195
294 479
182 164
124 46
87 423
234 161
300 184
309 68
447 200
200 20
19 169
169 473
242 293
309 84
139 64
297 24
284 453
398 183
100 73
181 241
170 158
93 30
82 43
295 323
161 168
8 3
176 381
423 279
245 145
33 323
251 141
361 4
370 493
317 137
82 251
465 203
498 471
213 91
7 361
120 378
120 171
333 217
438 169
421 89
293 423
277 318
187 190
344 196
416 311
34 325
396 137
507 493
200 459
252 435
359 11
280 259
397 313
476 106
67 296
187 258
307 496
324 250
231 261
170 376
464 403
126 500
438 220
33 152
271 474
503 493
361 457
227 500
215 25
278 403
86 42
87 456
139 252
432 21
201 368
246 282
105 80
232 114
391 81
182 168
451 369
424 452
423 287
246 474
487 86
218 310
142 327
210 371
146 20
388 39
19 488
330 31
368 167
113 396
251 22
326 184
225 236
133 399
505 192
195 410
295 322
508 344
117 403
235 39
501 26
68 415
25 342
359 12
70 27
404 49
180 55
173 414
206 184
306 429
377 464
438 172
246 462
437 188
306 208
80 469
509 224
420 385
336 178
279 433
430 133
28 161
220 62
76 98
193 481
193 197
499 171
140 99
400 333
374 183
356 244
343 150
426 14
19 271
267 170
425 90
377 167
198 111
338 457
338 487
250 89
353 245
267 8
450 222
331 129
82 104
35 391
360 497
471 77
62 391
497 270
116 189
414 377
393 255
444 203
350 373
358 319
392 311
271 367
487 48
167 70
219 508
294 379
383 394
397 193
277 321
488 129
398 392
258 193
447 120
9 285
93 247
262 358
260 431
333 383
93 233
51 47
292 230
203 434
33 156
344 122
449 282
274 170
406 205
456 479
378 225
401 138
423 20
25 161
476 51
103 216
220 240
500 308
489 183
267 224
279 323
279 334
469 217
183 417
49 49
473 381
464 305
132 261
445 366
8 462
481 494
402 469
263 167
219 40
223 113
225 194
111 190
408 416
166 393
198 164
56 284
418 263
259 260
62 335
125 238
249 379
262 265
101 303
13 202
267 80
322 380
150 229
492 419
354 386
106 48
171 125
142 396
503 246
137 429
237 203
59 88
213 201
59 231
413 91
115 11
504 384
155 223
104 243
358 179
77 404
215 39
473 121
425 461
504 0
495 478
98 74
294 88
93 60
298 6
375 69
47 5
272 466
40 118
204 203
394 3
235 214
224 391
135 138
326 124
116 90
5 422
0 7
72 233
311 272
440 296
341 136
462 285
51 118
444 389
176 97
451 474
503 248
451 244
398 457
487 313
426 457
31 500
10 349
332 424
113 210
406 500
17 75
72 331
293 12
29 248
9 312
396 376
129 140
484 91
414 453
51 454
281 248
5 179
377 446
46 393
220 369
277 260
475 240
294 441
502 360
395 488
472 44
420 79
213 324
297 486
442 77
73 506
405 70
479 84
266 383
318 246
376 45
403 60
206 447
161 147
197 359
88 432
147 386
346 347
161 421
90 429
320 108
251 277
422 408
264 508
291 294
64 306
199 497
191 505
241 398
93 156
19 114
295 438
261 218
398 18
43 402
467 189
156 305
113 15
261 299
135 181
204 120
248 449
413 144
292 502
295 361
33 199
328 283
470 231
313 452
282 336
436 177
248 425
244 371
258 104
226 344
115 20
401 439
53 387
129 504
257 341
238 127
272 250
103 103
353 228
122 132
210 10
81 210
112 302
252 205
212 7
452 56
264 163
476 277
6 54
494 154
349 398
431 322
31 369
257 296
120 57
239 168
430 493
189 153
454 93
77 180
390 140
481 329
144 202
170 30
99 130
5 247
95 105
303 96
234 6
248 443
56 319
425 162
342 333
221 390
317 322
58 317
300 4
328 189
320 368
506 146
191 455
386 340
444 223
299 159
129 132
411 252
97 375
205 437
159 247
298 274
445 298
407 341
489 256
242 252
275 346
243 189
238 483
421 180
349 326
338 272
380 473
112 438
280 402
49 363
446 437
274 450
269 439
456 355
233 498
232 147
475 398
49 390
171 70
87 63
332 259
74 438
76 114
289 142
206 64
231 29
343 8
442 251
17 422
198 132
330 205
443 263
390 510
75 431
472 302
128 365
480 415
446 400
184 212
281 187
30 241
83 13
90 61
52 222
357 262
335 190
12 82
502 217
420 390
55 109
372 502
256 423
336 387
142 162
397 319
247 313
92 351
229 394
244 493
90 403
56 102
71 341
189 149
197 469
24 307
184 329
480 490
67 84
307 92
309 351
453 142
394 148
180 435
408 475
451 68
65 168
503 343
162 324
291 386
285 376
197 51
3 366
110 138
91 190
439 321
382 14
295 21
445 251
360 350
424 400
113 42
202 447
302 169
12 407
498 478
457 93
232 18
207 329
30 22
233 495
331 236
309 38
3 122
268 397
397 270
494 279
47 66
454 108
8 481
94 153
402 58
225 212
308 128
408 363
143 254
388 504
369 373
345 471
330 264
207 129
239 282
115 376
222 252
105 270
158 349
424 231
383 153
329 436
167 16
393 234
263 133
71 319
20 405
287 350
156 0
316 356
442 72
106 424
223 113
313 149
114 178
288 206
106 200
450 97
261 130
267 332
59 334
386 73
210 439
47 469
20 403
485 91
182 481
263 303
214 219
430 70
26 399
305 334
176 356
101 382
271 506
409 482
362 172
411 52
277 171
292 25
411 232
357 158
177 135
428 408
139 441
294 186
172 324
151 187
197 59
394 428
204 192
82 401
259 10
35 82
395 113
507 442
207 498
22 37
347 393
214 402
118 419
23 225
291 333
258 282
506 98
408 418
315 127
327 111
21 182
325 437
346 146
83 344
73 337
464 329
170 50
241 505
4 11
439 494
313 469
375 232
452 266
45 341
348 285
78 485
484 201
316 408
208 168
473 197
108 62
236 174
389 284
399 271
223 340
141 202
470 299
472 445
298 24
402 100
159 50
210 395
269 59
368 409
413 439
62 376
257 151
116 397
53 15
37 112
503 110
376 215
24 227
494 26
366 385
365 149
204 229
399 133
158 297
316 301
427 141
238 381
53 236
374 75
45 5
464 509
171 70
297 454
90 273
231 66
125 187
206 231
41 188
101 292
413 445
457 341
380 98
165 344
72 47
461 82
199 151
79 267
341 489
2 204
152 387
89 273
273 199
288 14
172 327
228 418
338 265
317 246
483 400
24 48
0 123
240 116
182 42
331 252
506 440
391 481
21 13
281 76
82 37
129 25
26 214
337 90
384 264
489 209
263 482
265 111
462 462
352 27
505 54
454 462
290 464
398 94
227 140
168 168
466 40
107 265
134 454
327 213
277 500
84 340
160 412
485 317
434 8
67 39
290 453
188 357
103 303
409 266
405 201
57 350
24 263
281 196
47 334
279 462
178 46
477 438
467 270
219 115
468 142
309 85
476 25
316 282
73 385
481 76
295 226
78 282
119 174
198 448
422 140
188 46
106 96
411 327
208 395
71 405
106 426
301 122
181 95
115 250
467 121
510 87
400 409
181 384
462 188
131 79
322 148
71 460
259 46
347 197
485 362
353 265
452 261
163 333
390 428
169 3
378 250
103 22
147 104
363 215
412 84
304 143
349 434
160 503
266 216
333 110
332 26
315 72
347 427
353 84
3 439
476 382
309 453
164 115
211 386
210 354
363 413
477 143
230 342
427 263
156 316
376 330
495 328
405 499
330 308
376 423
365 11
408 354
271 295
13 433
440 468
40 189
104 276
417 263
379 360
68 462
507 488
447 460
285 477
179 4
97 378
308 70
62 283
228 471
220 49
279 471
185 32
304 83
194 181
195 164
154 410
231 69
343 161
485 39
77 329
507 208
427 332
156 246
41 23
185 192
253 269
135 8
407 190
191 59
50 122
260 11
1 375
394 334
210 383
205 472
412 70
486 391
191 242
297 467
491 32
81 89
154 460
105 183
270 452
251 75
369 37
300 437
197 421
140 272
46 302
47 301
357 230
500 209
103 118
336 72
228 303
386 101
467 243
175 323
449 304
273 37
51 325
247 24
341 232
135 186
324 80
115 320
106 167
51 31
270 375
331 258
233 202
249 269
422 273
359 440
181 137
191 156
8 341
280 281
0 141
100 162
242 382
480 506
107 295
177 291
65 212
452 55
112 41
389 322
342 285
307 288
225 510
47 331
342 12
480 47
56 432
459 318
347 500
77 239
265 194
301 447
141 474
211 134
291 37
203 396
23 317
416 116
425 393
220 333
104 396
450 470
20 277
327 353
154 164
146 302
54 51
78 43
490 387
334 275
74 490
207 94
23 490
150 391
345 86
500 252
52 369
336 314
231 308
27 409
296 442
430 187
181 426
205 400
155 463
176 478
497 213
476 478
492 400
325 92
440 73
497 300
132 335
353 442
415 369
9 191
509 59
478 453
346 183
109 237
354 352
415 182
194 494
436 365
24 462
147 53
446 417
236 195
13 189
271 405
130 236
149 415
240 305
301 504
475 241
76 121
507 62
226 465
107 492
468 132
66 347
164 346
109 419
170 290
135 329
16 92
27 370
269 38
292 86
94 118
73 191
361 252
367 31
7 221
240 408
459 166
25 297
467 413
322 228
217 389
491 140
15 304
30 510
293 486
221 198
319 181
203 313
138 477
96 186
402 235
262 506
346 476
306 483
470 315
186 364
451 81
13 73
435 165
59 406
458 156
491 34
449 106
426 262
400 351
146 31
403 392
335 401
0 55
272 503
208 167
489 145
4 211
133 202
395 123
203 68
42 356
8 25
324 34
499 12
224 176
47 135
276 160
495 325
102 154
163 458
72 498
22 463
424 468
380 145
430 503
388 249
318 45
210 224
377 152
216 210
107 426
84 246
125 201
80 14
196 139
303 159
87 486
295 474
28 356
98 480
407 154
496 161
455 229
412 262
437 6
189 103
187 57
374 219
75 472
508 343
9 22
222 172
221 389
319 279
12 410
311 233
43 254
189 211
85 412
365 372
16 207
9 368
331 9
69 185
472 63
272 75
251 96
233 46
226 461
461 478
147 483
452 197
72 158
109 296
314 130
356 107
166 161
481 306
486 431
262 78
157 229
169 349
398 251
379 235
147 326
346 61
429 397
283 79
267 21
179 78
397 412
44 88
328 83
104 441
163 443
329 401
238 327
353 174
445 117
121 374
476 224
327 113
293 139
369 116
182 52
95 507
75 112
294 305
193 375
503 438
104 391
417 147
74 167
473 326
213 297
466 239
15 196
66 96
217 472
360 281
367 34
487 126
304 195
446 271
113 2
320 67
392 435
164 415
117 363
76 84
234 282
123 95
487 255
402 243
29 103
8 429
264 404
394 341
363 370
436 251
101 404
506 48
383 461
476 445
202 242
355 360
278 264
93 264
413 85
132 94
492 95
309 254
89 342
382 234
447 505
39 321
335 93
305 332
277 134
369 295
266 161
39 22
52 188
293 410
174 389
229 313
13 254
10 227
141 7
93 477
127 211
275 446
37 323
160 376
233 399
115 40
372 146
489 383
407 32
324 436
458 167
376 397
400 447
87 391
46 419
495 240
297 291
81 157
323 354
178 281
107 316
417 27
497 365
392 435
112 506
5 459
44 343
319 17
373 71
89 133
424 291
383 386
428 490
49 294
437 489
459 213
111 352
392 254
433 469
317 219
200 144
270 43
78 145
432 106
147 253
502 306
19 361
499 496
217 433
22 144
212 302
341 319
239 127
316 228
213 199
132 151
348 268
262 371
71 362
250 89
497 348
426 101
410 436
286 403
266 264
218 197
291 392
450 97
490 455
138 381
8 89
18 408
158 101
112 16
195 506
11 480
398 372
186 252
24 310
51 101
300 102
174 188
91 279
442 309
195 316
267 58
81 379
48 11
301 158
255 464
408 463
120 278
90 72
503 433
486 471
85 128
274 354
309 223
497 354
492 419
315 137
421 465
235 85
335 337
100 136
246 502
75 402
452 171
238 431
501 130
71 426
175 19
122 389
318 257
162 379
94 207
178 377
473 234
104 78
196 140
199 254
109 50
448 98
5 164
469 480
140 508
20 33
475 264
231 223
377 463
398 57
449 40
114 444
157 365
362 11
61 438
5 329
219 369
470 369
341 315
490 402
163 470
369 111
497 282
70 506
347 168
351 122
126 494
85 63
389 329
66 91
347 69
344 36
234 361
138 492
354 344
17 387
6 93
116 167
145 130
308 373
98 325
149 9
426 395
238 7
345 415
436 66
52 369
15 402
237 138
185 372
152 389
42 29
202 96
224 463
230 84
103 491
314 350
420 255
216 490
183 111
362 133
211 259
174 283
110 61
44 182
321 306
168 305
23 105
166 491
398 383
252 438
316 425
212 230
367 358
488 69
359 352
370 190
505 224
107 423
392 309
351 354
27 21
505 200
293 167
134 368
362 497
231 305
335 422
428 237
206 230
387 16
363 335
190 164
172 427
477 1
75 160
37 283
261 376
169 157
63 437
185 468
97 144
86 77
216 450
467 310
259 18
49 437
17 157
366 5
447 118
222 71
380 35
237 503
298 269
285 98
445 195
304 33
441 135
241 49
483 216
426 80
278 326
177 305
401 466
208 433
297 353
387 463
110 345
250 302
154 462
56 235
271 355
498 469
387 497
345 369
25 179
29 348
277 252
278 442
17 149
346 388
29 80
190 147
363 481
459 231
66 255
215 463
347 312
236 317
342 281
339 22
456 315
96 276
103 265
468 220
398 183
160 484
367 146
252 495
4 351
95 454
303 397
165 184
11 497
264 175
152 326
278 259
413 151
229 483
256 188
414 100
209 53
325 268
360 103
272 141
425 87
380 465
238 382
345 451
266 171
404 302
418 61
137 345
105 235
38 87
323 63
185 223
239 423
168 434
417 322
258 454
231 494
115 150
158 213
367 438
230 313
210 167
199 130
132 456
492 121
364 278
52 15
406 260
475 114
479 3
446 202
503 36
335 205
198 317
3 232
378 67
141 295
296 499
471 32
367 498
114 508
56 471
350 157
137 493
120 487
391 148
210 34
17 145
277 342
403 435
90 241
216 336
423 97
317 77
253 277
295 277
86 202
180 241
70 382
109 342
177 376
177 376
18 273
431 94
130 375
479 508
7 272
270 324
355 297
304 228
35 391
363 368
278 342
313 195
299 2
83 415
239 321
286 98
114 176
483 376
312 478
127 320
89 189
136 35
97 242
108 461
265 116
284 278
183 336
374 437
258 195
24 405
351 16
356 485
111 61
258 183
461 283
37 352
0 318
170 2
62 99
45 151
152 71
277 476
323 35
72 418
340 431
412 42
114 112
305 118
184 163
240 332
322 330
35 454
3 242
278 471
86 49
27 133
257 85
326 143
501 360
31 411
119 23
118 233
266 178
83 250
428 280
492 252
125 48
86 242
45 85
80 353
237 361
