128
128 0 0 1 2 46 2181 4294 1128 5153 2208 620 5188 4097 1093 4430 2521 1717 3204 5347 557 4486 1821 2835 1782 3943 4435 5280 4158 4176 3046 1595 3879 5436 4634 2022 4056 775 2939 2606 5584 3559 3414 3776 3272 3214 3790 2794 817 5590 4642 1259 
129 1 0 3 2 47 5641 13 15 3640 5888 2159 1132 3554 3092 4506 5713 548 4355 1558 3113 2958 751 3232 5263 4725 2711 4867 4080 1512 758 1984 137 5568 1187 3866 1218 4428 3162 2508 4887 4941 5067 4650 1815 3316 4823 5481 180 2543 1274 741 1581 
130 0 2 1 6 47 1839 1516 3646 1313 1395 5271 5601 67 1651 2580 1971 3408 5196 5302 997 494 1903 600 5659 1053 1418 4210 4962 3467 4509 2620 3551 5103 4636 5117 3730 3041 4283 4329 856 4386 3780 4693 1945 646 1881 152 3425 3368 1523 3471 3168 
131 1 2 3 6 47 5886 750 2768 4674 3274 4102 3108 1942 4604 1420 3561 3453 3454 5528 2006 5209 1719 2312 3610 2916 4813 2823 78 4736 4277 909 5344 1288 5148 4633 2087 5704 323 733 5265 4493 4490 716 140 458 25 33 2385 465 4638 5341 4451 
132 3 0 4 3 47 5138 5225 1904 2373 3206 5917 5399 2518 5075 3183 4483 5881 1536 4274 961 3430 4767 1767 2365 18 2535 397 2736 3114 1980 2467 5592 3090 1465 5245 2775 2544 3531 3941 1818 1631 829 371 5536 5873 691 598 1153 3037 3024 2287 5340 
133 4 0 6 3 47 4487 5934 541 336 1948 5407 689 380 5339 3118 81 5998 1031 5438 1946 2069 5168 673 5019 3213 4328 3961 3079 1895 4976 3716 3018 3106 801 72 5526 468 3877 2207 3012 3648 5342 4238 791 1148 1178 5585 1691 1466 5370 5046 1199 
134 3 3 4 6 47 731 3182 682 4244 3680 4875 5413 5921 730 4205 4876 74 3731 1096 4383 2770 4153 2202 762 4669 5772 4267 2214 2803 3795 3865 2821 2101 2752 3437 5638 3873 788 5145 697 2032 5720 2076 1326 428 1229 2968 1057 4498 3758 5391 3545 
135 4 3 6 6 47 5524 3533 3761 2018 4496 2079 1445 2011 2792 1730 1459 1502 1848 3219 2744 2517 19 5267 2631 5540 4325 3390 1861 5516 2280 103 709 2109 97 5860 2773 182 3929 4690 3058 4365 784 5778 70 2017 1906 1196 2921 2831 3671 2149 507 
136 0 6 1 9 46 1590 5775 3956 1826 4124 831 4816 4156 1645 5613 298 1415 4320 895 151 787 3732 4173 2829 2400 4550 109 179 3321 819 1790 952 4057 3933 5178 5223 392 1349 767 4183 1907 2670 4881 4978 4482 1557 4028 5479 2652 3652 3295 
137 1 6 3 9 47 2408 3263 4361 4322 5235 3560 563 2659 5379 5310 2344 60 4995 3101 2052 4443 2104 5365 3145 278 5044 2834 1921 1055 5237 4997 3896 5442 3209 1437 3812 1371 722 865 2453 2595 1183 4258 495 4672 3033 3005 2933 1448 3698 65 1599 
138 0 9 1 12 47 752 4585 1305 3362 1024 1158 91 3951 2021 50 3428 3069 3419 5191 5914 3028 3215 849 2307 5136 4063 2228 2808 760 1525 139 921 4635 5364 3464 1264 539 1142 2704 4644 1712 5915 2456 5753 926 4078 1831 2111 5417 2703 4587 446 
139 1 9 3 12 47 5308 2479 2460 1580 434 3901 1310 508 4221 4653 5440 2849 5155 5869 3632 1560 744 4208 3196 1680 4085 1441 1534 5771 1238 1727 5193 1034 4645 1566 2054 5877 3752 633 4333 1262 4403 3675 1108 5384 5835 3275 5257 2395 1556 2245 2468 
140 3 6 4 9 47 307 990 3586 4671 4733 4351 4101 4049 2192 5639 2166 4207 960 4723 5167 4866 1275 4314 4594 3444 5535 1314 4684 1897 1029 4420 763 1704 912 3353 2875 104 5405 5690 4193 2173 4292 5042 1107 3736 2630 88 5969 5128 3186 4891 1807 
141 4 6 6 9 47 4586 4819 2267 2850 800 5374 2889 4461 4429 3846 3806 4954 338 3285 2961 4981 4175 2685 4584 3699 1332 4216 5299 4318 5665 1070 3886 2757 5337 3537 4656 4923 3075 4745 5422 4257 5632 2463 1919 221 5850 2427 306 1278 4392 712 2972 
142 3 9 4 12 47 2156 5366 402 3226 110 3102 1650 441 1450 178 3552 4190 5203 4288 2254 1793 4364 379 2086 3522 3858 4822 601 4159 3482 2129 3309 1747 2244 3687 3035 1785 114 5336 2731 4577 3651 3077 3677 3820 2879 5746 1013 4742 5202 1216 2213 
143 4 9 6 12 47 4598 3714 348 3212 2509 647 3853 4935 2533 265 5974 4973 2164 4707 4504 951 5456 4593 2643 2333 5862 3306 3371 3667 2096 534 5292 3743 3457 718 5071 2283 1373 1069 5701 559 5813 5751 1828 4730 4521 3770 2121 3527 5929 667 583 
144 6 0 7 3 46 2437 1774 660 1582 3391 2567 3638 382 1115 5014 1331 1277 1390 5313 1706 4925 4137 2495 4666 4241 874 1087 3080 5289 2782 5570 1882 1345 2906 4082 5096 5298 3608 5003 429 5710 1990 1192 2605 28 4103 5236 3258 4893 1400 4079 
145 7 0 9 3 47 3447 2102 3129 2948 3147 5207 5150 2553 2570 2682 4054 4087 1693 1776 627 5218 1494 2975 2732 2679 2304 2500 95 4014 5239 2485 2416 1866 5329 587 1796 3288 165 1151 1169 63 2625 5475 3715 2671 414 3794 5305 2163 2128 481 3298 
146 6 3 7 6 47 857 1702 3571 418 4606 427 3932 4077 3485 2984 3304 3900 4524 2545 2084 4444 5396 4782 959 5499 5228 4548 4243 1205 473 2548 3455 5608 4347 1336 1396 3538 2539 4528 1683 2065 1854 5616 2882 5991 2063 3663 4571 3429 173 4696 4270 
147 7 3 9 6 47 5844 1966 1433 3596 4368 5801 5501 3584 2795 1920 5156 3911 2318 2873 3876 3916 593 3838 1335 488 870 589 2435 5116 202 1668 3641 2363 5125 2651 5779 5716 3505 5889 995 2673 5793 5297 2935 5651 696 3857 5764 4360 2993 1526 5080 
148 9 0 11 3 47 5655 1887 2199 4560 224 256 1743 5498 5255 4433 3 2324 4276 3352 242 222 5784 4658 5747 1935 2225 47 2175 405 1509 4558 4824 864 4903 376 322 4951 4332 1568 3920 4946 2475 2218 2802 184 187 3872 4061 3692 4029 2641 5300 
149 11 0 12 3 47 5940 577 3216 1742 2627 4450 1912 5386 2885 4841 2891 3722 3656 472 5916 5452 1813 2614 4614 4926 1209 1095 532 2432 4300 2118 3821 460 5723 5927 2088 1665 100 3512 2940 3224 3725 3931 5317 5098 5984 2196 2751 573 125 5565 111 
150 9 3 11 6 47 4338 82 2382 3949 3971 5029 4301 3229 5476 5721 3992 863 5961 5057 3990 1794 1816 1671 245 4998 3926 2329 1688 3737 2367 3813 4899 2433 263 4711 1696 4034 5482 146 4130 5034 1496 2562 388 3955 3135 3902 5796 2688 3465 4851 3923 
151 11 3 12 6 47 4133 1334 3273 4297 1342 4389 5406 2675 3801 505 3991 5552 3935 4831 4111 5935 4868 1225 748 852 5079 4589 3160 1497 4503 4508 1164 4052 4830 3781 2418 3504 5068 3178 966 2894 5868 4806 664 3831 2790 4667 5957 5318 5467 4234 1085 
152 6 6 8 9 46 4710 599 296 2506 1352 5358 4913 4826 2896 1292 3243 5190 2563 1475 2255 1844 2327 3629 2724 847 1480 1200 1521 1764 4489 1261 710 4232 2616 5556 5976 3314 303 3530 3049 4882 5212 1612 4336 4655 1311 4668 3619 5702 5738 16 
153 8 6 9 9 47 3008 3015 1452 2276 2806 154 4160 2089 3547 2369 3331 1168 4191 5780 3845 1145 1987 3116 2490 3666 2962 1853 2689 2637 2952 567 2301 641 2597 26 5258 2515 2246 4184 4286 369 4864 1134 524 2690 5232 5120 1622 5400 1189 4958 1211 
154 6 9 7 12 47 939 2828 2574 1110 1843 1027 1360 2668 2877 2750 1043 555 4559 1484 189 2383 4349 1653 4408 5421 1641 789 2867 1322 1054 4495 2271 5981 565 3506 2040 101 4185 5579 3469 653 896 1555 1344 5968 199 3835 424 4453 1254 302 5204 
155 7 9 9 12 47 3003 5715 1780 4697 260 2765 122 1376 1751 4254 3673 4907 4308 2530 562 252 5685 239 3320 2977 4459 5769 3302 238 2132 2604 3462 878 3493 3558 3043 3042 4249 5936 5480 5594 4720 3702 254 4776 3127 713 669 695 5923 2809 4612 
156 9 6 11 9 47 4391 2861 1198 3401 771 3326 1898 4762 1878 2393 5798 2712 471 2848 4436 1569 1871 1103 918 2311 5314 4953 3624 2482 2420 1753 3986 3988 2114 1709 2046 2692 955 903 2389 1681 4005 1302 2402 3322 1242 5472 721 5895 423 5830 2291 
157 11 6 12 9 47 2654 2411 561 1806 2519 1792 316 588 629 4020 3134 4797 1443 4042 4955 5503 4138 854 4434 2152 5822 698 4128 2776 766 5220 1256 2992 1656 2642 5430 1913 1410 3612 300 2436 1570 3998 3146 4281 680 4699 280 2347 4942 581 2078 
158 9 9 10 12 47 570 1519 4757 4847 1655 80 2067 4889 4685 4324 3993 4240 4750 1363 3228 1770 3084 1820 2537 1369 753 5164 170 1296 4579 3975 3431 4083 4242 2924 2455 3027 4956 5907 5629 2826 2498 3495 3789 1628 3729 2401 4870 5179 5129 1411 4021 
159 10 9 12 12 47 1905 5876 1412 5960 4397 3171 149 3594 826 674 5084 989 1720 4760 5656 3132 2421 3816 4273 5598 2785 4639 2863 5911 934 2897 3383 3997 2332 954 5865 452 1624 5861 2422 971 1143 4621 5424 2957 3089 2038 132 732 5901 5768 1016 
160 0 12 1 16 46 5952 92 503 3239 3086 4810 4223 5285 2621 3678 2391 2155 5231 5864 553 2824 5485 57 1763 1637 2702 3939 5971 2538 326 1811 372 5489 4620 1757 4407 246 3449 5095 3566 723 5735 1847 2759 200 931 4874 1355 1317 617 4170 
161 1 12 3 16 47 3460 5581 693 411 881 3385 5925 1830 984 2918 4251 5018 3297 1962 5326 4990 5000 658 4335 2661 2161 3376 4609 5025 3735 5466 3707 1638 39 136 3774 4982 1540 1391 531 1814 5256 4716 2721 3359 3719 143 1932 1872 2560 4222 3006 
162 0 16 1 19 47 1690 1325 3315 204 24 822 813 3591 2691 5577 2903 1863 1808 4625 466 2859 1545 3565 994 236 1983 5564 206 4839 2007 5805 1623 3417 1060 2601 3744 4228 4065 5918 5197 96 2248 2413 5874 4834 1841 123 1504 1963 4248 355 4306 
163 1 16 3 19 47 5100 5127 1327 5221 2841 2186 2843 5011 3019 4763 4462 2470 4269 8 4117 5419 4758 4759 1073 1213 708 2023 5373 4293 4987 2499 3840 389 724 4657 1098 914 1429 1009 3683 3448 4901 2464 249 3597 3370 5449 4046 3784 1298 5322 2004 
164 3 12 4 16 47 5908 3193 4784 2945 4316 976 1804 950 4502 3940 2969 1442 2701 4809 4945 2584 2905 294 3514 2220 1165 3257 5005 5742 5827 3963 3296 1279 2446 4442 991 432 5800 5783 3978 3009 3709 3689 4405 5157 230 797 3883 5812 148 5546 5840 
165 4 12 6 16 47 4088 5286 4375 3022 2355 218 4719 1265 4312 3869 2466 312 4371 2946 1186 3580 1 1669 1193 4665 1859 3890 3889 130 3269 3633 2278 5241 3521 3572 2898 5967 5896 4401 5316 5195 969 5687 3581 4268 5569 3600 4025 5411 798 5755 3947 
166 3 16 5 19 47 1947 4626 5692 1383 3280 156 440 349 1402 4543 1664 850 3534 5988 0 3574 4081 3281 648 1915 1725 515 2130 2452 5871 3851 3443 4002 44 4835 5354 2723 4617 2542 353 3842 4769 3248 3070 2289 3256 947 3924 1276 4940 4950 1988 
167 5 16 6 19 47 5371 2649 3342 556 3076 5012 3888 3723 3242 188 3032 5296 655 5402 2525 5620 542 4702 4469 2693 2964 5458 705 2707 1501 461 3999 3948 1303 337 3995 4123 5724 4947 5863 2306 591 4761 1517 3078 4224 4119 3111 2954 1596 1869 2780 
168 0 19 1 23 46 1994 2201 455 456 5021 5224 530 5081 1092 536 2923 1476 4367 71 4678 3002 2928 5372 2970 4794 3475 5032 5303 2392 2763 4211 2798 1663 3654 2045 410 3154 3293 4213 1781 210 3418 2963 4310 4113 5905 1220 2966 56 2817 3459 
169 1 19 3 23 47 4362 2359 2334 5883 2107 1626 4108 4909 3868 3718 1666 5930 2469 5663 41 4059 3837 3259 1689 3487 2297 4778 1532 982 2881 5567 2154 869 291 5115 2655 715 4218 4838 5671 127 4027 5348 1838 4186 2607 2656 502 76 2240 4670 2788 
170 0 23 1 26 47 4413 3557 3548 3856 4600 3647 1505 4607 5311 2284 4732 1117 5532 3844 5234 3133 1648 3020 2029 4116 1951 2005 2232 2650 1455 3891 3674 3658 1956 5837 4544 5295 727 4317 119 4573 4212 4182 1227 4661 1091 1456 1694 374 1894 1886 2288 
171 1 23 3 26 47 2915 2527 4833 1149 212 261 1083 5062 5810 485 5719 3344 683 1837 4145 370 1237 1825 2141 4006 4698 274 2396 4209 3786 5605 1842 1740 4129 4817 227 1112 4541 4201 4091 42 1636 521 381 3700 3672 4445 2357 2979 4438 5020 1938 
172 3 19 4 22 47 5186 5807 1760 5679 3073 1485 920 2866 5795 1249 1537 938 5023 2917 14 243 902 107 1194 1846 3348 2381 1613 105 2577 68 3982 5315 5093 4623 1819 1602 5562 5573 1014 1910 932 4992 5183 5483 1381 4477 5288 333 4938 941 905 
173 4 19 6 22 47 1440 5264 2999 2944 992 3825 4974 4070 5658 2991 1319 4808 2714 3818 3276 1281 5140 3917 157 3830 2477 3750 1401 1307 3767 4388 99 3959 2448 421 4396 4844 2058 3164 2634 3217 4979 5880 3203 1541 2041 1111 2676 1954 4692 3802 2845 
174 3 22 4 26 47 2115 1685 1406 1999 2513 128 1923 4412 3944 4624 5680 4094 3395 2532 1629 4069 5635 2352 2472 1777 4072 4704 5443 3490 331 3665 4380 2229 5287 5454 2378 2698 1605 5636 3468 933 5185 3822 244 4417 3595 448 4507 2030 1047 3621 3913 
175 4 22 6 26 47 5833 5819 3151 120 5802 3153 2 5409 4164 650 2144 36 4517 4278 3823 546 343 5948 917 1533 1202 2434 1675 3463 2356 2394 4911 3787 1840 635 2558 783 2153 2820 5050 1011 509 5792 4505 1067 3579 4045 686 3976 2338 2336 1514 
176 6 12 7 15 46 533 2583 1586 4532 1571 1188 283 4988 358 2789 1157 3785 5887 2310 5176 5121 5162 3404 2510 3922 285 5260 5572 1436 3796 1208 1934 194 5602 586 795 2745 684 4960 5283 4143 486 824 3520 5645 2943 2741 4315 12 4980 5490 
177 7 12 9 15 47 4038 4353 1711 1285 1551 2142 5514 3270 315 4825 2483 4511 1068 5625 4474 366 5808 5053 1800 3386 726 1197 102 3299 3738 4734 5543 621 1350 435 566 3568 5943 3387 4327 5502 3324 5765 2249 2423 2677 906 3510 2719 846 1140 1457 
178 6 15 7 19 47 4683 675 3363 2925 4728 1687 3777 526 5192 5252 2878 3622 3695 5184 719 3927 5505 1855 4055 4337 3592 1398 537 1761 522 1282 4534 891 1286 3703 1018 4705 4196 237 5135 3669 983 5554 3341 4963 228 5312 3045 4610 2445 1253 742 
179 7 15 9 19 47 5966 5762 2211 1251 3415 21 1426 5727 2390 417 1078 3131 2091 5947 5346 5381 3432 4829 1941 1930 2454 4527 3788 5447 3874 4927 2653 3839 1603 772 1341 2746 1779 5542 626 4048 1487 1575 922 2059 3057 4037 3364 4275 112 163 687 
180 9 12 11 16 47 5353 2812 3166 2931 4588 3357 1472 808 5149 1124 2771 2524 1989 4305 5580 5989 396 5412 794 5938 1005 5519 1425 3589 2842 2819 1212 1138 572 3223 4422 3349 977 2035 1676 5726 1162 390 4768 2379 3136 2465 3343 2638 5099 2696 2053 
181 11 12 12 16 47 1207 907 4651 2377 3051 5999 3972 2726 3261 5242 3627 2725 1146 5194 875 1368 3508 1081 3355 4197 5856 1155 1567 5395 2316 4574 1058 3824 2531 5828 743 4478 3634 2839 5614 1329 5509 1864 2020 2910 2112 4516 2014 1204 5214 2167 3211 
182 9 16 10 19 47 4261 3494 1074 3366 5770 5745 1652 3803 3684 5319 2388 4592 2507 1607 2265 493 3245 5006 962 4721 2953 5506 3104 4414 940 3748 988 2302 4090 223 868 3409 1139 916 2717 3921 5060 3130 690 2290 3381 4180 2247 5740 1635 5674 4555 
183 10 16 12 19 47 1524 2457 1754 1427 3964 714 1063 2286 2047 1023 836 2760 332 3282 2043 4359 5393 4616 5995 585 2559 807 4959 4454 5756 4884 4576 5717 777 4163 5066 4649 4944 1470 5451 2431 5174 3067 10 4357 656 5170 232 2217 838 3121 2932 
184 6 19 8 22 46 3637 1801 4099 2598 5739 5684 3004 4618 73 1404 3755 3937 3711 4581 38 5549 5841 890 4563 3779 2442 4568 2568 1351 4172 1461 436 662 4551 5180 5469 3252 124 554 4161 198 2937 5230 3120 4640 5496 3686 5646 1588 2965 30 
185 8 19 9 22 47 1718 4553 4144 3850 147 1150 1273 2298 1931 271 4996 841 2869 3497 5460 4250 4203 2160 2985 3157 3836 1056 5369 1493 5633 1290 4781 1180 3519 4780 2566 670 1454 3644 138 3393 2222 1731 1579 267 3407 5825 3804 4321 3895 1735 711 
186 6 22 7 26 47 1985 5839 4549 1338 970 235 2319 342 3346 3374 665 1798 4726 2443 5761 809 186 3241 5041 3336 185 3679 4198 5376 5919 5963 859 979 953 5773 1657 4500 2674 4878 1845 792 5133 4908 5628 5105 551 1601 3001 2591 5013 3398 377 
187 7 22 9 26 47 1677 4494 3290 5531 1784 1392 2177 1870 2450 3329 1293 5293 843 4802 1232 1294 2071 1478 5510 415 2581 4526 5597 4933 5586 1424 3161 1201 1122 2779 815 1347 3048 4264 5427 5872 2628 3264 55 3392 3416 638 5964 3905 668 1741 5086 
188 9 19 11 22 47 1543 4569 1127 1766 1362 2097 4562 1041 5978 4485 4031 3987 2516 1563 5527 1170 5065 1888 1061 2108 1833 4148 5551 1223 2410 5547 409 1097 5385 1287 2555 5595 5309 5143 35 1927 2489 394 4086 1382 5962 3424 2000 422 3588 1312 4342 
189 11 19 12 22 47 5691 747 1961 2140 3426 3476 309 2194 1163 5681 2303 5357 4331 5380 4410 924 5146 1708 3181 5920 1479 5513 3360 2070 5574 4379 5073 3244 2672 1633 944 3616 4836 2074 2833 4157 257 3159 3602 3705 4060 4067 645 3103 4664 1678 4800 
190 9 22 11 26 47 258 2048 523 3380 2511 2718 2870 2739 240 195 279 1444 4564 2796 725 2728 3150 1291 4861 3859 1215 5074 3618 1284 1619 5664 4346 754 2868 2016 3158 4615 4897 2633 3739 3614 4922 144 3240 2561 4803 5266 858 5533 4961 4298 5647 
191 11 22 12 26 47 3422 4686 5845 340 5177 3358 1131 1644 1458 5662 5857 4044 3081 4098 2478 219 268 2980 5642 1399 5832 827 4918 4195 1710 2920 2756 579 4654 1230 2488 1884 2754 3172 467 3628 2902 4151 618 181 1997 4425 299 79 1214 3746 5776 
192 12 0 14 3 46 4957 3249 2126 4828 735 596 62 2657 4377 5686 4675 2461 477 825 483 3523 3489 3710 5718 3855 4514 1577 4225 442 5247 4012 1318 5159 2865 2735 3486 3688 4188 5304 2165 3828 1899 4036 5323 4791 4613 2134 373 661 5913 2171 
193 14 0 15 3 47 595 2762 1562 385 4023 897 4917 3970 1902 2582 51 2648 5270 4409 1490 2880 2777 5250 2982 2987 5544 3585 4795 1309 2624 1553 3952 3305 4084 7 558 4154 3864 2901 1964 4632 3977 203 1511 5433 5933 5537 4647 5119 5181 3100 5151 
194 12 3 14 6 47 3541 1258 5675 162 3773 328 3549 4754 4064 5037 3433 4916 1431 4374 3814 2113 3498 419 4919 4126 3238 3862 2349 2778 1244 2697 5714 3728 2429 679 4376 5453 5294 5550 269 1759 3307 2911 1527 5946 899 1615 5152 4472 4040 2176 1715 
195 14 3 15 6 47 1038 3266 2492 3179 5217 1967 375 4565 404 1531 4701 3904 4570 1896 5851 3635 453 3122 3456 3406 823 5070 5474 359 2904 1102 4265 1358 886 2296 3741 3882 2959 2956 5975 2908 1210 877 785 1002 736 3912 5983 4204 5730 3899 4770 
196 15 0 17 3 47 4807 1203 4856 5986 2709 3849 3170 1356 5345 1462 3892 2362 4343 3827 2191 3811 3875 2168 5410 5979 1001 654 4358 3141 4284 5660 1771 2742 1901 2158 3817 1076 272 652 5977 5789 3815 3378 4446 606 3271 1304 3175 197 1328 3169 4390 
197 17 0 19 3 47 2210 1604 5040 1900 3834 4652 4796 4431 2105 142 2822 4217 609 5083 2263 4873 4304 5591 4804 2235 3208 1805 2617 1728 2579 5757 4499 5276 4869 3954 1036 946 3068 3563 1673 5491 2575 5790 1697 5900 3532 5534 2929 3345 361 974 5061 
198 15 3 17 6 47 3903 880 1724 927 4440 475 2743 1564 1576 4448 704 305 2847 2934 855 1260 535 4255 5676 3218 1206 205 3696 1222 4468 2797 4853 672 510 3338 5820 1272 4949 1762 1522 1750 480 4735 1617 659 2341 5866 5077 884 4330 2459 2615 
199 17 3 19 6 47 3543 407 1982 1552 2514 1028 4595 3765 866 5610 2103 1978 4004 2270 2804 1958 904 2237 5229 393 2099 5248 5997 1765 4554 5575 4814 3063 5477 2117 2805 4134 492 2608 5328 607 755 1953 192 5166 5688 3946 575 5027 700 4793 5092 
200 12 6 14 9 46 4964 2274 498 5703 3038 347 2172 4662 3501 234 3660 5558 1473 5101 945 5254 2722 5699 1700 3491 5834 968 2034 4146 3466 5728 5539 1243 4141 1975 2994 5333 1548 993 642 872 5504 420 3412 761 2710 4219 4708 1374 3598 3039 
201 14 6 16 9 47 445 2990 4139 3945 4406 4849 314 1721 3712 1090 2138 4629 3934 1050 275 5431 3950 4681 1221 2315 3793 873 5545 972 625 1594 1822 2556 1059 580 1408 1682 4092 3630 3389 3909 3611 4646 3536 2864 2986 1173 3098 882 2462 4307 5064 
202 12 9 14 12 47 1300 3372 701 5201 4479 3379 20 2912 2326 141 1538 437 765 1950 34 1703 4455 1075 1051 330 1089 973 538 3356 1858 4872 2941 4703 3969 2487 400 2713 2837 1993 3502 1893 1071 94 153 3833 1991 5891 975 1394 2384 5906 2694 
203 14 9 16 12 47 2534 2252 5729 2540 5956 4801 3373 4676 4187 3397 159 401 3413 1852 5970 5893 2786 5953 3311 3278 5219 4050 4263 4370 5161 4488 1247 1181 1006 1066 5351 2406 5420 5244 334 4871 4673 2737 1797 145 5394 3593 4751 4287 1748 2268 5630 
204 16 6 17 9 47 5158 3327 121 4074 5211 1832 490 1639 578 4542 4862 2183 1257 193 2399 2428 2272 365 4682 3062 5332 1592 5518 611 1271 5022 2930 2578 1799 4865 1421 5744 1960 3287 616 4914 2279 49 848 814 3854 5457 2800 1167 1217 1659 356 
205 17 6 19 9 47 5607 3056 1529 5748 5404 3573 4200 1643 3188 2573 3441 1500 4590 4227 2321 2120 3966 2147 1726 790 517 4530 174 2974 1933 3848 574 4096 518 4295 2716 4687 2398 3771 4921 1879 2996 5028 1559 1891 5132 318 2339 3055 5226 965 1917 
206 16 9 18 12 47 4452 1679 4105 4536 4471 4051 2695 3026 1100 3294 1477 3369 5587 5200 4557 4695 439 1377 937 3442 4713 1952 2747 317 3607 3809 4262 3659 770 4537 1428 4722 5004 1911 4777 255 1528 4883 2125 364 2182 2883 5401 2024 2989 3919 2541 
207 18 9 19 12 47 5063 3625 1250 2592 3143 3500 5621 3303 4525 5618 3670 2189 5846 5473 1986 550 5462 5882 412 631 251 4411 5972 3778 2612 729 4289 1924 1851 5949 64 1503 1695 749 1430 3546 5108 5725 4743 3065 325 5815 247 5848 1621 2858 4181 
208 19 0 20 2 46 911 3664 4939 4189 4132 4748 3655 2667 4501 1387 5890 5464 5290 4419 5794 3328 2137 1414 2636 681 1746 5 5553 2644 2230 1175 4169 3645 2814 3472 5426 3388 378 253 4631 584 5829 150 1270 514 4018 3747 2366 2900 3668 3010 
209 20 0 22 2 47 2874 612 2368 2862 3337 651 5650 821 288 2729 4089 1109 5561 2947 2951 1177 5187 663 1585 2039 3474 172 830 4718 5137 1488 774 3603 4845 5016 4473 383 1434 3885 2787 2774 1824 4533 4902 5418 1892 999 4426 2330 1674 5114 4282 
210 19 2 21 6 47 2269 3918 4989 4582 4115 2851 699 4001 3717 84 2317 5338 3279 3382 4522 2647 1732 2323 2619 2397 40 4106 1174 4680 66 5982 2686 5058 5110 398 2380 5182 4245 2174 5492 3198 2292 3109 3200 5007 5990 2331 2622 5275 2730 3791 479 
211 21 2 22 6 47 2588 1283 2816 781 1337 3347 487 1397 4520 4 5017 2907 1812 5904 3044 1572 3676 2151 728 3606 1589 5763 1403 292 1908 1943 4900 1423 3631 3330 2753 4202 4786 3174 528 2600 3799 5631 367 4993 3757 861 2094 2852 5082 1280 4986 
212 22 0 24 2 47 3199 1926 281 1981 4311 2602 3983 2273 1918 3375 31 1979 5375 5215 449 2536 2973 1957 3643 4363 4790 5965 2012 930 2949 4775 1062 981 3980 1877 1266 2031 1228 5392 4700 5089 5722 1600 59 5054 4339 1190 4013 1451 1226 2844 2293 
213 24 0 26 2 47 4591 1171 5123 3247 5035 113 1573 644 516 883 3989 387 3140 4166 32 958 1361 4266 1315 459 4341 5932 2618 2854 5945 5455 1246 1850 5804 3250 4971 1492 4220 5666 4691 5657 3452 2576 4463 474 5799 497 5216 5088 2438 630 4556 
214 22 2 25 6 47 3609 450 1549 1372 2139 3526 5843 2072 2133 2810 1417 4465 4529 4779 3119 4043 416 1860 3690 2253 482 4299 2447 2262 1040 5942 2340 5824 3685 4256 5330 5777 628 5897 5752 5818 649 341 5165 613 2415 4026 1354 1614 3234 2360 1909 
215 25 2 26 6 47 5439 1587 5892 1890 2876 2981 5894 2663 5493 1045 2370 4622 3661 3601 3427 5097 2557 5259 816 1684 622 357 3139 290 2180 5425 4890 1998 4095 2264 2926 4515 987 2549 1156 3881 1072 2075 3915 5588 2308 2234 2372 4291 862 5879 4167 
216 19 6 20 9 46 5172 773 2887 5367 3268 1252 3435 3657 1791 2572 1007 27 3152 3569 5791 5465 1616 4404 5559 5619 1219 643 2314 1929 3367 4848 11 2884 3480 5878 1182 1176 5269 1077 2733 3649 4886 5423 928 1809 3017 1384 5389 3570 4805 1019 
217 20 6 23 9 47 3107 3605 3300 1649 3694 5334 395 5583 213 1739 5884 3930 5210 4118 4637 5459 3863 3323 3984 5706 1048 3626 1810 5010 1736 46 5030 1992 5707 834 2061 3516 1126 5909 3335 3539 2216 5870 5814 2610 164 1161 1937 3384 5899 1970 3246 
218 19 9 21 12 47 1550 5987 5199 1714 5111 2002 1972 2444 4352 2995 1191 692 4345 2261 4905 2313 513 282 3074 3148 2503 4215 3059 4011 837 4058 3870 454 3071 5732 3332 1520 1119 311 5924 759 3194 2486 295 2351 5609 214 9 2458 5497 2322 5470 
219 21 9 23 12 47 4837 451 5959 5112 2414 3797 2082 2593 1359 5782 3177 166 3126 3377 3974 4076 4449 720 4112 4755 2646 3112 4843 1510 4302 4476 540 1079 4820 3617 4226 5678 4984 3535 4764 5670 1914 839 327 1608 69 2523 1330 5649 676 3481 2888 
220 23 6 25 9 47 799 1876 4965 900 804 1135 4041 5954 2871 3578 4714 3800 83 913 90 4855 1515 2441 3477 5515 1346 4319 1012 3682 4738 3907 964 4008 519 2064 2417 5335 5811 2294 2856 915 2354 2010 2684 769 1786 87 425 3810 1660 4017 1080 
221 25 6 26 9 47 4546 3697 3478 1039 413 5471 4977 3220 2135 5291 1064 5320 5603 1609 4107 3783 5836 5154 1439 2599 3576 2715 5563 512 3125 5634 3769 892 4827 4739 3681 3662 4068 5246 4547 2613 3016 1379 3763 3760 1707 3878 2491 4334 4737 3582 876 
222 23 9 25 12 47 2669 1340 3142 5463 5039 2221 5094 511 818 85 590 1722 3423 564 329 3410 1506 4694 4894 2551 5523 1849 3053 569 2037 1422 6 2997 1032 4348 4969 2204 3613 5816 1172 3967 2188 2219 286 3507 632 2013 3230 5538 3599 1152 2419 
223 25 9 26 12 47 5643 5817 2899 3137 5377 5508 1235 796 3528 2585 2493 3720 885 2277 2077 1875 4480 4178 1733 1460 4427 5522 5548 942 469 2793 4972 4398 169 2571 1737 3575 3884 5383 190 3255 2320 5107 3207 1584 484 5627 2586 2295 2761 2886 1389 
224 12 12 14 15 46 3014 3898 5272 5677 887 5055 3236 3085 2660 4239 386 3354 5626 231 5593 3897 5249 3577 2784 1916 2505 3195 4605 5511 2073 3420 1769 5847 5937 3529 3308 1686 443 4110 2223 603 5277 2708 4575 3496 4458 1343 1179 1435 2350 2988 
225 14 12 16 15 47 3163 4975 4272 321 5173 608 1949 4885 3965 1104 2095 5432 778 5494 3050 5238 3590 1486 2145 3283 1744 5091 1959 5852 1823 4192 2480 5134 985 5390 4689 2700 3025 998 3819 4904 5922 840 4147 894 1658 2818 1955 3110 3957 901 1021 
226 12 15 14 19 47 5253 5668 1469 4437 5273 1817 3587 3187 707 2565 1803 4135 5950 2299 4047 4928 4545 1088 3351 1241 3525 3286 241 3751 1432 2044 5624 4484 5838 5939 1713 5661 1995 1239 5163 438 5428 4619 3115 1873 1610 2857 1928 3007 5398 3334 4016 
227 14 15 16 19 47 3721 935 5992 3190 4798 4127 4252 5408 1547 3440 2815 5557 1618 889 2257 5343 4896 2242 3000 2187 4303 3197 1829 220 2146 3013 5222 4418 1856 3061 2640 4340 5955 1518 756 1768 4746 4229 3782 5437 301 58 1489 4385 384 2497 2666 
228 16 12 17 16 47 5205 3011 3867 5517 496 3484 3094 4596 963 2001 5648 457 3996 2281 5785 2564 4863 2136 5142 2057 4323 3742 671 4114 929 4053 2092 1862 276 444 2003 2872 1409 4162 4236 1835 4369 2185 1634 4858 2528 3693 4120 910 1099 2449 5429 
229 17 12 19 16 47 2801 1166 2015 118 4481 3185 4460 1046 1778 3938 5124 5484 739 1407 1749 2025 3733 5090 3518 4513 1010 77 2197 1413 3253 1297 853 5855 706 131 3470 4659 4421 4812 2927 1447 702 3124 2705 3805 2259 4387 4724 5734 2361 3403 5106 
230 16 16 18 19 47 5854 2009 3555 345 5414 4168 5144 3726 98 860 5002 5600 3524 4966 5669 2807 4441 986 5069 3202 5708 3400 196 4970 4073 3852 2783 3052 5980 408 529 4910 2623 4003 3173 5261 177 2645 1106 1597 5049 2162 4920 734 3650 5693 3123 
231 18 16 19 19 47 2019 5047 368 3149 4799 2720 2687 624 2325 3292 313 5910 2123 2143 4932 2832 308 4985 5576 3291 4752 5113 2827 2699 5141 3318 5085 842 3540 5281 636 4285 1015 4381 1299 803 5251 5698 3953 1885 1699 2424 2603 923 4583 3434 3772 
232 12 19 14 22 46 93 3023 4991 3556 1130 5008 5009 1008 1357 2791 4432 3492 2680 1642 4399 5733 2068 86 666 3754 1773 980 1973 1137 1233 5403 1446 3511 3054 4879 2767 1868 2594 2371 717 4104 5673 4142 1787 2529 2178 745 4519 1037 4279 5696 
233 14 19 15 22 47 5321 5169 399 2345 2206 3567 1654 1385 5307 4788 1160 2305 2157 5667 2343 3759 1144 4744 3753 2727 5849 5644 3319 3451 2664 2811 3829 2836 5766 1857 5233 2335 5282 1546 4356 3807 4290 2755 4009 5078 1705 17 4943 898 4165 1105 4627 
234 12 22 14 26 47 3034 549 3871 3968 1968 2081 3210 3411 5468 1353 3925 1662 1017 4491 1723 2226 867 1977 293 1661 2205 5361 3289 3450 4439 3942 75 5741 403 1378 1380 5786 2184 5731 5448 1003 3301 4999 5368 4859 1834 4747 133 4774 3421 5652 4539 
235 14 22 15 26 47 2300 5043 4456 5560 4309 1159 1234 4915 4177 4842 764 2830 4179 2404 5571 4259 2387 782 5623 1114 1101 1121 1375 1632 4230 1042 2080 5139 117 4766 4729 3201 3167 908 4237 2976 5926 478 447 4731 3517 828 5566 4630 5360 1940 2840 
236 15 19 17 23 47 1120 637 948 2224 5301 1630 956 4475 3981 5697 5754 3847 1026 1136 5606 3047 3550 3962 888 2430 3093 1240 2083 3542 2193 4467 1386 4648 1482 1116 2635 4171 3237 604 5582 552 5941 2860 215 1598 4415 3235 1245 362 2526 264 3724 
237 17 19 19 23 47 160 3184 5478 4233 4247 2150 2893 1755 5767 29 2632 2781 3251 4280 3583 5227 1591 3826 1231 2922 499 4075 2148 2203 2764 4603 5996 2251 936 576 4967 740 1544 4572 2260 1147 2033 2116 344 678 1438 4599 2813 4854 1084 1118 175 
238 15 23 18 26 47 2892 5826 4643 3105 3768 2062 5758 4131 5931 703 1289 346 3887 1020 2825 3339 209 2512 4066 571 5444 5821 5118 3438 5759 4753 476 4787 5705 3436 1647 3262 115 3399 504 1836 2471 582 3095 4373 4136 1324 4000 4019 3808 925 4015 
239 18 23 19 26 47 3072 5750 4538 217 2629 4447 248 2484 2552 4039 3222 3439 2026 805 4214 319 270 1783 802 4679 2337 1499 5853 134 406 5774 4354 2085 560 5700 4231 2440 5617 4523 2914 3458 1263 3544 1611 1044 5596 1667 4580 844 5355 871 5993 
240 19 12 21 15 46 4821 4815 3636 363 2639 4934 4930 2749 2611 4010 2501 1388 605 657 116 426 1468 1692 1049 3176 2426 3091 4253 4271 1467 5445 89 2212 3394 597 5903 4007 5622 4567 4457 1670 3623 688 3088 5694 284 4510 4394 3225 5324 4660 
241 21 12 23 15 47 4857 191 737 4566 4601 4093 2364 1788 2405 2200 4937 52 3914 1874 161 1625 1883 3762 3083 1530 2740 694 1035 2285 2678 5859 430 5325 2772 1133 5806 757 1593 5951 812 2169 3620 1772 3488 3841 3333 2386 339 3396 2093 4206 470 
242 19 15 21 19 47 3564 978 4030 2028 4906 431 3860 3861 3405 1453 3350 3265 4850 4712 3317 4416 5500 5737 2425 5038 2950 135 211 2106 4246 3764 5036 2239 1113 208 4597 1471 1969 5973 615 2049 1802 3284 4518 3513 5175 310 207 1474 5788 3192 3979 
243 21 15 23 19 47 1419 3117 4150 5026 5171 4424 1094 1936 3138 851 5712 216 5382 5388 3734 5056 5928 786 2855 1306 2412 5189 463 3843 3701 3642 2110 506 5327 1123 1974 4531 2124 1867 776 1965 1195 5541 4344 4877 634 1065 3096 4326 4062 2758 2569 
244 23 12 24 16 47 5555 1729 5363 5072 5378 3653 3798 5578 226 1627 5809 2266 3461 5749 1301 433 2913 5520 5262 54 3031 2496 623 5615 525 614 4994 1267 4393 3727 3985 2474 3775 2056 2748 1022 3365 2476 957 5122 4492 4740 1698 1405 1498 3060 4296 
245 24 12 26 16 47 3030 5051 4608 3756 768 5274 2346 2050 1574 5672 4765 4931 1184 501 4709 3233 350 5160 5031 4968 2190 1640 2042 5033 1491 5898 5885 5243 250 4382 158 5104 3473 5130 1944 1889 2179 1154 5682 3706 2439 2127 5944 2665 4789 1542 845 
246 23 16 25 19 47 3503 5507 1701 3691 2683 5530 4898 2066 2051 2236 3483 3180 5781 53 2238 335 5076 167 2520 1481 3029 2589 1004 464 5803 2250 810 3312 176 5589 5048 1224 3749 4400 4983 304 2587 3191 1738 2799 5487 2967 5760 2546 1129 1976 1775 
247 25 16 26 19 47 273 1565 1316 1734 568 233 4466 2282 833 544 352 5797 4035 4773 4199 4155 3087 3205 5349 779 4423 5045 3766 5387 1583 2119 4749 2706 2681 2090 793 5350 3361 2256 780 3446 4497 5689 2215 4852 1495 266 129 168 4174 201 5278 
248 19 19 21 22 46 4366 354 545 2342 5486 4602 1606 3231 2036 4756 5695 5787 4561 4109 1333 5435 639 3553 2846 1752 4402 4952 2909 5024 491 3973 3128 1795 3958 48 2481 1348 171 2662 5842 2522 2170 2978 1513 2596 3792 2890 5711 3936 3908 183 
249 21 19 23 22 47 4715 5709 3036 43 3340 2353 4811 619 5359 3906 4552 4033 3604 2502 2243 4464 3402 746 5015 1463 1620 2008 1922 1483 360 3066 5131 4741 1236 2766 3893 2100 943 4152 3704 1758 602 5208 2027 1364 5858 3227 677 2494 2374 547 4688 
250 19 22 21 26 47 1996 1320 4771 2209 3894 5198 5654 3740 738 2275 5599 4121 106 5912 37 3880 5415 126 5059 2609 5306 2983 5902 5102 5736 3928 4372 811 2938 1939 4194 4888 61 4792 685 23 5284 2734 2554 3713 1507 1366 3221 3155 1086 835 3260 
251 21 22 23 26 47 1082 462 2375 2451 2407 155 5126 879 949 5958 1554 592 391 4395 3189 297 5240 820 2098 3097 3313 5001 2738 4948 5611 1756 3254 5529 1269 806 3082 4235 2919 919 324 2195 3910 5994 4611 3515 1716 489 3099 4384 1141 5495 2348 
252 23 19 24 22 47 1827 4677 2853 3064 1393 3708 1248 45 3639 5683 4024 500 4100 1449 2998 1295 2955 2838 543 108 5640 5461 1880 1646 5441 4818 289 22 351 4880 3040 3021 3562 967 1052 5109 4663 4350 640 4783 5213 2409 2626 3325 527 4832 5446 
253 24 19 26 22 47 1508 1539 5206 5352 2769 1268 4892 893 2241 3267 5653 1367 5525 3144 287 3615 832 520 4936 4727 5612 2060 4140 2231 3310 2131 2198 3994 1464 5397 5831 4032 5416 4860 1365 2942 1321 4470 594 4641 5604 5362 5823 5279 277 996 4785 
254 23 22 25 26 47 2895 1000 262 4071 2590 3745 1535 5512 5875 2547 1185 2504 2309 5867 2227 5356 4512 2358 2122 1745 3156 3509 1925 2971 3499 5434 3479 4313 1339 4122 4628 610 225 4706 4912 1255 2328 1033 5743 4924 1308 4149 3960 4022 3277 1025 2960 
255 25 22 26 26 47 2473 1030 320 4717 5147 2376 2936 2550 2233 1865 4929 5268 5087 3445 5637 3165 4846 1323 1370 1416 5052 1789 2403 1672 4772 259 4895 5331 5450 1125 2258 4578 5985 5521 1561 2658 2055 4260 4125 5488 4540 4535 4840 3832 4378 1578 229 
