512
512 0 0 0 0 0 0 2 1 2 4 5 5 29 0 18 3764 3756 36 4 3770 50 17 30 3 44 46 32 45 2 21 31 163 119 120 153 135 167 134 148 147 162 161 
513 0 0 2 0 0 0 2 1 5 4 5 5 29 136 149 121 251 279 280 252 253 3999 284 264 237 265 235 266 270 238 356 398 387 368 382 381 355 354 369 383 396 370 
514 0 1 0 0 0 0 2 2 3 4 5 5 29 969 953 937 956 985 938 942 941 971 952 984 970 983 957 1101 1070 1054 1057 1069 1100 1073 1087 1088 1086 1102 1055 1074 1059 1205 
515 0 1 3 0 0 0 2 2 5 4 5 5 30 1218 1172 1191 1171 1187 1186 4936 1219 1176 1204 1190 1177 1203 1294 1307 1321 1322 1320 1318 1336 1303 1308 1293 1337 1304 1335 1288 1289 401 397 
516 2 0 0 0 0 0 2 1 2 4 5 5 29 3799 3750 3784 3766 3780 3798 3767 3793 3751 3794 3783 3781 3752 3779 3765 3873 3869 3899 3887 3916 3911 3915 3882 3913 3897 3867 3883 3910 3868 
517 2 0 2 0 0 0 2 1 5 4 5 5 29 3898 3986 4000 3990 4015 4034 4030 4028 4005 3984 4014 4016 4001 4029 3985 4105 4151 4147 4131 4133 4137 4119 4120 4148 4132 4145 4104 4118 4103 
518 2 1 0 0 0 0 2 2 3 4 5 5 29 4704 4721 4702 4692 4691 4720 4719 4705 4734 4735 4687 4733 4706 4839 3896 4853 4821 4805 4851 4819 4824 4809 4852 4838 4820 4810 4834 4804 4923 
519 2 1 3 0 0 0 2 2 5 4 5 5 30 4927 4970 4951 4956 4955 4969 4942 4922 4968 4020 4938 4926 4941 4937 5085 5039 5059 5054 5058 5086 5053 5056 5068 5041 5073 5040 5087 5044 4146 5072 
520 0 0 0 0 0 5 2 2 3 4 5 8 29 1 16 939 35 19 33 47 5 34 49 48 6 20 51 138 166 137 165 164 118 150 152 123 151 122 133 168 283 239 
521 0 0 3 0 0 5 2 2 5 4 5 8 29 255 285 1207 1193 282 250 254 236 267 269 281 240 268 352 384 400 358 353 399 367 4106 386 402 371 372 357 1310 1338 385 
522 0 2 0 0 0 5 2 2 2 4 5 8 29 958 987 967 972 954 982 940 943 973 968 986 944 955 959 1090 1072 1058 1099 1089 1104 1061 1060 4808 1071 1103 1075 1076 1056 1084 
523 0 2 2 0 0 5 2 2 5 4 5 8 30 1085 1179 1201 1188 1178 1173 1220 1221 1174 1192 1206 1189 1216 1202 1217 1175 1319 1306 1292 1309 1324 1296 1305 1295 1290 1334 1333 1323 5057 1291 
524 2 0 0 0 0 5 2 2 2 4 5 8 29 4737 3771 3801 3786 3755 3782 3797 3795 3796 3768 3753 3785 3769 3800 3754 3917 3870 3903 3885 3884 3918 3886 3902 3912 4811 3888 3914 3872 3900 
525 2 0 2 0 0 5 2 2 5 4 5 8 29 3901 3871 4002 4031 4019 3987 4018 4035 3988 4004 3989 4032 4003 4033 4017 4134 4150 4122 4136 4121 4117 4107 4135 4102 4149 4152 5083 4125 4219 
526 2 2 0 0 0 5 2 2 3 4 5 8 29 4718 4722 4708 4690 4707 4703 4736 4689 4717 4694 4732 4693 4825 4807 4840 4850 4823 4849 4837 4812 4854 4822 4841 4806 4826 4835 4836 4855 4952 
527 2 2 3 0 0 5 2 2 5 4 5 8 30 4929 4972 4953 4943 4928 4939 4924 4958 4966 4940 4971 4967 4957 4954 4925 5088 5046 5042 5075 5089 5045 5070 5043 5084 5069 5061 5060 5071 5055 5074 
528 0 0 0 0 5 0 1 2 2 4 8 5 29 41 965 27 54 40 55 37 22 12 7 26 8 38 13 56 139 124 125 154 129 173 143 144 172 1079 130 159 158 171 
529 0 0 2 0 5 0 1 2 5 4 8 5 29 257 286 246 242 241 290 288 271 289 260 1196 256 261 275 276 247 393 374 375 360 373 359 388 389 392 378 363 364 361 
530 0 2 0 0 5 0 1 2 2 4 8 5 29 975 990 960 976 947 961 948 989 945 946 979 951 974 994 993 1082 1064 1063 1093 1077 1110 1078 1097 1062 1111 1105 1092 1106 1068 
531 0 2 2 0 5 0 1 2 5 4 8 5 30 1091 1181 1223 1182 1227 1214 1180 1194 1222 1210 1209 1185 1228 1195 1298 1344 1317 1342 1339 1340 1326 1299 1331 1302 1327 1345 1328 1311 1312 1313 
532 1 0 0 0 5 0 2 2 3 4 8 5 29 3757 4738 3807 4728 3788 3761 3774 3802 4710 3775 3776 3803 3790 3789 3762 3891 3893 3907 3921 3905 3920 4857 3892 3879 3878 3906 3874 3924 4038 
533 1 0 3 0 5 0 2 2 5 4 8 5 29 4025 4040 4039 4010 4023 3991 4036 4021 3996 4006 4024 4961 4946 4011 3995 4127 4123 4109 4142 4157 4138 4113 4108 4128 4155 5091 4111 4156 4114 
534 1 2 0 0 5 0 2 2 2 4 8 5 29 4739 4697 4695 4696 4743 4715 4701 4729 988 4709 4725 4698 4723 4724 4711 4828 4814 4856 4862 4829 4843 4816 4858 4815 4842 4847 4827 4844 4833 
535 1 2 2 0 5 0 2 2 5 4 8 5 30 4933 4979 4975 4950 4960 4974 4944 1208 4932 4976 4973 4931 4959 4945 4964 5092 5063 5096 5048 5078 5077 1325 5064 5090 5082 5093 5050 5049 5076 5067 
536 0 0 0 0 5 5 1 1 2 4 8 8 29 23 9 11 53 39 15 24 10 29 58 52 57 14 42 43 155 156 126 157 175 145 140 127 141 174 131 142 132 169 
537 0 0 2 0 5 5 1 1 5 4 8 8 29 146 170 249 258 291 243 262 277 273 259 244 245 274 278 292 272 248 263 366 390 394 362 365 377 403 395 379 380 376 
538 0 1 0 0 5 5 1 2 2 4 8 8 29 992 950 28 977 962 981 964 963 991 949 995 966 996 980 1083 160 1109 1080 1066 1094 1113 1081 1108 1098 1065 1067 1107 1095 1112 
539 0 1 2 0 5 5 1 2 5 4 8 8 30 1096 1224 1225 1197 1198 1200 1229 1230 1211 1215 1212 1199 287 1184 1183 1213 1346 1314 1297 1343 1300 1347 1316 1329 1332 1330 1315 1301 1341 404 
540 1 0 0 0 5 5 2 1 2 4 8 8 29 3804 3805 25 3792 3773 3758 3787 3772 3760 3806 3763 3777 3759 3778 3881 3923 3876 3922 128 3919 3889 3908 3895 3909 3877 3894 3880 3875 3904 
541 1 0 2 0 5 5 2 1 5 4 8 8 30 3890 3992 3998 4009 4013 4008 4027 3997 3994 4007 4041 4037 4012 4022 4026 4140 4143 4141 4126 4154 4115 4116 4129 4112 4159 4110 4153 4158 4124 391 
542 1 1 0 0 5 5 2 2 2 4 8 8 29 978 4745 3791 4727 4713 4726 4716 4714 4700 4740 4744 4730 4731 4712 4742 4741 4699 4846 4830 4860 4832 4863 4813 4817 4831 4845 4861 4859 4848 
543 1 1 2 0 5 5 2 2 5 4 8 8 30 4818 4949 4948 4965 4930 4947 4963 4980 4977 4978 4962 3993 1226 4935 4934 5081 5097 5052 5095 5094 5065 5066 5080 5051 5047 4130 5079 5062 4144 4139 
544 0 0 0 4 0 0 1 2 2 8 4 5 29 74 105 92 88 106 73 60 63 64 107 93 78 59 191 196 181 180 205 223 220 190 195 1142 176 178 224 222 177 210 
545 0 0 2 4 0 0 1 2 5 8 4 5 29 209 341 337 326 307 308 322 294 309 1233 327 312 340 293 295 411 439 412 459 416 425 410 444 443 454 430 424 429 458 
546 0 2 0 4 0 0 1 2 2 8 4 5 29 1011 1025 1017 1039 1041 1002 1013 1045 998 1027 1012 1026 1044 1040 999 1031 1144 1143 1129 1134 1161 1162 1116 1131 1115 1128 1117 1158 1130 
547 0 2 2 4 0 0 1 2 5 8 4 5 30 1157 1148 1245 1247 1234 1248 1232 1265 1261 1251 1274 1246 1275 1276 1260 1350 1393 1351 1391 1377 1364 1379 1363 1365 1392 1368 1349 1382 1378 1362 
548 1 0 0 4 0 0 2 1 3 8 4 5 29 3856 3827 3825 3855 3812 3826 3809 3840 3813 3841 3838 3808 3854 3958 3930 3940 3941 3971 3972 3973 3959 3944 3925 3929 3957 3943 4060 4076 4072 
549 1 0 3 4 0 0 2 1 5 8 4 5 29 4089 4042 4057 4048 4090 313 4047 4062 4077 4058 4091 4043 4208 4180 4207 4164 4189 4204 4175 4161 4160 4165 4194 4190 4206 4174 4179 4193 4162 
550 1 1 0 4 0 0 2 2 2 8 4 5 29 4762 4748 4795 4752 4775 4776 4766 4777 4763 4747 4790 4794 4746 4761 4789 4781 4908 4893 4867 4882 4907 4895 4880 4866 4899 4881 4894 4909 4913 
551 1 1 2 4 0 0 2 2 5 8 4 5 30 4884 4865 5030 4999 5026 5012 4998 5011 5010 4997 5016 4983 4984 5024 5025 5098 5142 5114 5128 5101 5133 5147 5100 5115 5116 5102 5143 5129 5127 1397 
552 0 0 0 4 0 5 1 1 3 8 4 8 29 65 62 80 89 109 61 103 76 108 75 91 79 77 104 212 208 192 206 179 183 193 182 198 225 197 310 315 314 298 
553 0 0 3 4 0 5 1 1 5 8 4 8 29 338 323 300 325 339 296 311 343 342 329 328 324 445 440 457 446 441 460 427 415 426 431 432 456 413 414 455 428 442 
554 0 1 0 4 0 5 1 2 2 8 4 8 29 1032 90 1029 1001 66 1047 1028 1030 1014 1043 1015 1042 1000 1046 1016 997 1149 1114 211 226 1159 1132 207 1145 221 1133 1163 1118 1147 
555 0 1 2 4 0 5 1 2 5 8 4 8 30 1160 1164 1119 1264 1235 1262 1263 1280 1231 1236 1250 1278 299 1277 1249 1281 1266 1380 1366 1396 1348 1381 1394 417 1352 1383 1367 1398 1395 1353 
556 1 0 0 4 0 5 2 1 3 8 4 8 29 3824 3815 3839 3811 3810 3853 3843 3823 3814 3828 3842 3858 3857 3829 3975 3928 3955 3970 3961 194 3946 3945 3926 3956 3932 3931 3942 4050 4079 
557 1 0 3 4 0 5 2 1 5 8 4 8 30 4063 4045 4087 4046 4075 4073 4088 297 4064 4093 4074 4061 4092 4044 4059 4078 4049 4192 4205 4210 4182 4181 4166 4177 4209 4196 4176 4167 4191 4178 
558 1 1 0 4 0 5 2 2 2 8 4 8 29 4782 4793 4796 4780 4765 4764 4751 4797 4778 4749 4792 4779 4750 4791 4767 4868 4914 3960 3927 3974 4898 4912 4864 1146 4883 4910 4879 4869 4896 
559 1 1 2 4 0 5 2 2 5 8 4 8 30 4897 4911 4981 4985 4982 5000 5001 5014 5029 5028 4986 5013 5015 5027 5031 4996 5144 5113 5117 5131 5148 5130 5132 5146 4163 5103 5118 4195 5145 5099 
560 0 0 0 4 4 0 1 1 3 8 8 5 29 111 82 97 81 116 98 101 96 110 68 112 70 83 113 227 214 230 233 200 229 187 204 199 219 185 215 228 213 350 
561 0 0 3 4 4 0 1 1 5 8 8 5 29 318 304 321 302 345 303 346 331 332 336 317 453 463 435 464 462 420 467 449 406 448 436 434 421 407 419 447 405 461 
562 0 1 0 4 4 0 1 2 2 8 8 5 29 1008 1035 87 69 1022 1020 1018 1050 1003 1007 1033 1037 1021 1019 1049 1036 1051 1135 1124 1120 1153 1139 1125 1166 1152 1154 1167 186 1168 
563 0 1 2 4 4 0 1 2 5 8 8 5 30 1252 1238 1242 1285 1237 1271 1269 344 1241 330 1279 1284 1283 1256 1257 1270 1267 1387 1386 1374 1388 1402 1359 1355 1384 1369 1373 1354 1401 1400 
564 1 0 0 4 4 0 2 1 2 8 8 5 29 3817 3859 3861 3844 3850 3832 3847 3845 3818 3836 3849 3830 3863 3864 3816 3831 3822 3846 3860 3976 3963 3962 3934 3953 3981 3967 3939 3948 3966 
565 1 0 2 4 4 0 2 1 5 8 8 5 29 3949 3935 4096 4097 4080 4082 4095 4052 4081 4085 4071 4067 4054 4100 4065 4066 4197 4212 4183 4198 4199 4213 4184 4188 4217 4171 4169 4170 4211 
566 1 1 0 4 4 0 2 2 3 8 8 5 29 4786 4753 4801 4771 4784 4772 4757 4770 4785 4800 4758 4799 4919 4918 3947 3933 4904 3977 4889 4885 4875 4900 4917 4876 4871 4890 4870 4903 4992 
567 1 1 3 4 4 0 2 2 5 8 8 5 30 5007 4987 5006 5036 5034 4988 5022 5035 4094 5017 4993 5021 4053 5002 5003 5018 5153 5151 5104 5120 5124 5139 5134 5135 5110 5109 5119 5152 5105 5138 
568 0 0 0 4 4 5 2 2 3 8 8 8 29 115 95 72 100 1053 94 86 67 102 99 71 84 117 85 114 218 217 184 188 189 1156 203 201 216 202 234 231 232 333 
569 0 0 3 4 4 5 2 2 5 8 8 8 29 347 319 306 305 301 349 320 335 4070 1272 316 348 334 351 437 452 418 451 450 468 465 438 422 423 433 466 409 408 1361 
570 0 2 0 4 4 5 2 2 3 8 8 8 29 1009 1010 1004 1048 1024 4756 1052 1006 1005 1034 1023 1038 1141 1137 1169 1127 1165 1151 1155 1123 1170 1140 1121 1136 1150 1122 1138 1126 1254 
571 0 2 3 4 4 5 2 2 5 8 8 8 30 1268 1259 1282 1286 4991 1253 1273 1244 1240 1258 1287 1243 1239 1255 1376 1385 1399 1356 1403 1371 1372 1404 1360 1357 1358 1370 1389 1375 5108 1390 
572 2 0 0 4 4 5 2 2 2 8 8 8 29 3820 3819 3851 3835 3852 3834 3837 3821 3865 3833 3848 3862 3866 3936 3952 3980 3937 3938 3951 3968 3979 3950 3954 4902 3982 4906 3965 3978 3964 
573 2 0 2 4 4 5 2 2 5 8 8 8 30 3983 3969 4084 4068 4086 4056 4055 4051 4083 4099 4069 5004 4101 4098 4173 4216 4186 4201 4187 4215 4200 4218 4185 4214 4168 4172 4202 5155 5140 4203 
574 2 2 0 4 4 5 2 2 2 8 8 8 29 4769 4759 4768 4755 4773 4787 4798 4760 4788 4754 4803 4774 4802 4783 4886 4877 4921 4892 4901 4888 4887 4878 4872 4915 4905 4891 4920 4916 4873 
575 2 2 2 4 4 5 2 2 5 8 8 8 30 4874 5009 4994 5008 5033 5023 5019 4990 4995 5038 5020 4989 5037 5032 5005 5150 5122 5149 5154 5112 5107 5141 5123 5106 5121 5125 5136 5111 5126 5137 
576 0 0 5 0 0 0 2 2 6 4 5 5 29 471 4249 473 486 487 515 513 499 485 500 516 519 504 472 514 588 602 617 586 1543 636 631 589 603 630 632 621 590 618 
577 0 0 6 0 0 0 2 2 8 4 5 5 29 604 707 706 753 748 747 705 734 736 735 719 749 718 721 703 720 839 853 854 825 836 866 867 824 868 852 835 820 1787 
578 0 2 5 0 0 0 2 2 6 4 5 5 29 1454 1406 5176 1411 1452 1425 1424 1439 1453 1405 1420 1435 1410 1572 1524 1567 1552 1558 1539 1525 1529 1523 1553 1538 1571 1526 5279 5287 1557 
579 0 2 6 0 0 0 2 2 8 4 5 5 30 1542 1672 1684 1643 1656 1642 1671 1657 1661 1676 1689 1658 1690 1685 1647 1670 1641 1806 1774 1802 1773 1807 1789 1764 1793 1760 1788 1779 1801 1775 
580 2 0 5 0 0 0 2 1 7 4 5 5 29 4237 4268 4264 4263 4254 4221 4236 4222 4248 4251 4250 4235 4385 4339 4340 4382 4365 4352 4381 4366 4336 4353 4338 4371 4380 4367 4354 4470 4499 
581 2 0 7 0 0 0 2 1 8 4 5 5 29 4497 4500 4469 4457 4455 4498 4471 4483 4484 4501 4456 4488 4575 4603 4616 4589 4592 4570 4588 4585 4587 4602 4571 4621 4617 4593 4618 4574 4622 
582 2 1 5 0 0 0 2 2 7 4 5 5 29 5170 5185 5204 5190 5189 5203 5171 5158 5157 5172 5156 5162 5175 5200 5321 5273 5293 5275 5302 5306 5307 5317 5289 5292 5288 5274 5303 5322 5392 
583 2 1 7 0 0 0 2 2 8 4 5 5 30 5391 5439 5420 5419 5396 5424 5410 5438 5434 5404 5390 5409 5406 5405 5523 5509 5537 5527 5508 5526 5542 5556 5541 5507 5522 5555 5513 5536 5551 5510 
584 0 0 5 0 0 5 1 2 7 4 5 8 29 489 1437 488 470 475 474 1441 484 469 517 502 518 501 503 605 633 620 1560 1540 634 592 587 606 619 616 591 601 709 737 
585 0 0 7 0 0 5 1 2 8 4 5 8 29 752 750 704 722 708 723 751 738 1686 733 826 856 855 837 821 850 823 851 827 841 870 822 1803 1778 1804 840 869 865 838 
586 0 2 5 0 0 5 1 2 6 4 5 8 29 1422 1451 1408 1455 1423 1409 1440 1407 1438 1426 1412 1456 1450 1413 1421 1427 1436 1528 1541 1544 1545 1568 1559 1569 1573 1570 1556 1555 1530 
587 0 2 6 0 0 5 1 2 8 4 5 8 30 1527 1574 1554 1677 1659 1645 1687 1662 1691 1675 1692 1646 1644 1660 1673 1688 1674 1790 1762 1791 1759 1763 1808 1777 1805 1809 1794 1776 1792 1761 
588 1 0 5 0 0 5 2 2 7 4 5 8 29 4266 4265 5174 5161 5191 4269 4239 4224 4223 4253 4267 4238 4234 4220 4252 4383 4370 635 4341 4337 4384 4369 4355 5295 4351 4386 4356 4368 4453 
589 1 0 7 0 0 5 2 2 8 4 5 8 29 4485 4458 4472 4454 4503 4502 5395 5425 4473 4459 4487 4468 4486 4572 4604 4577 4619 4590 4586 4576 4573 5514 4620 4591 4600 4601 4605 5543 4615 
590 1 2 5 0 0 5 2 2 6 4 5 8 29 5188 5159 5173 5201 5163 5177 5206 5187 5186 5192 5160 5202 5178 5205 5318 5309 5294 5323 5278 5276 5319 5308 5280 5291 5305 5277 5320 5304 5290 
591 1 2 6 0 0 5 2 2 8 4 5 8 30 5435 5411 5426 5397 5394 5412 5421 5422 5440 5407 5423 5436 5393 5408 5441 5437 5538 5554 5540 5512 5511 5539 5557 5528 5552 5558 5525 5524 5553 5529 
592 0 0 5 0 5 0 2 1 7 4 8 5 29 524 491 496 495 505 476 490 509 481 477 522 478 595 626 637 627 640 4376 607 613 641 608 612 594 593 622 710 713 730 
593 0 0 7 0 5 0 2 1 8 4 8 5 29 716 743 729 754 4460 724 744 759 739 712 711 857 848 871 844 861 845 829 872 859 828 834 842 843 877 862 830 858 874 
594 0 1 5 0 5 0 2 2 6 4 8 5 29 523 1429 1458 480 510 1461 1444 1445 1417 1457 1416 1442 1415 1434 1462 1430 1443 1448 1428 1534 1566 1575 1577 1580 1533 1561 1547 1562 1563 
595 0 1 6 0 5 0 2 2 8 4 8 5 30 1535 1576 1548 1549 1652 1667 1696 1648 1653 1666 1665 1695 1681 758 725 1680 1694 1765 1770 1797 1769 1798 1812 1811 1784 1783 1799 1813 1782 876 
596 2 0 5 0 5 0 2 2 7 4 8 5 29 4240 4273 4260 4259 4226 4245 4225 4244 4230 4255 4274 4272 4241 4231 4390 4362 4342 4389 4377 4357 4358 4372 4347 4360 4343 4391 4348 4461 4479 
597 2 0 7 0 5 0 2 2 8 4 8 5 29 4509 4508 4464 4477 4465 4504 4480 4462 4489 4493 4475 5414 4474 4494 4580 4598 4611 4583 4581 4625 4594 4579 4595 4607 4626 4612 4606 4578 5519 
598 2 2 5 0 5 0 2 2 6 4 8 5 29 5207 5180 5166 5194 5182 5165 5195 5167 5213 5208 5196 5199 5193 5184 5181 5209 5284 5326 5297 5327 5316 5310 5311 5330 5324 5313 5312 5298 5325 
599 2 2 6 0 5 0 2 2 8 4 8 5 30 5283 5299 5415 5416 5401 5400 5428 5443 5402 5447 5442 5433 5429 5427 5430 5444 5547 5533 5559 5545 5517 5546 5564 5531 5560 5532 5550 5544 5561 5518 
600 0 0 5 0 5 5 1 1 6 4 8 8 29 498 479 520 507 494 493 492 508 497 521 526 511 483 482 525 506 512 598 600 623 625 629 610 597 611 599 609 596 624 
601 0 0 6 0 5 5 1 1 8 4 8 8 29 642 639 614 615 638 628 740 726 727 714 728 757 715 755 760 745 717 732 731 878 832 863 873 846 849 833 879 875 831 
602 0 1 5 0 5 5 1 2 7 4 8 8 29 1464 1418 1460 1449 1431 1447 1459 1414 1433 1446 1432 1463 1419 1581 1551 643 1546 1536 1531 1578 1550 1537 1532 1564 1579 1565 1683 1649 1651 
603 0 1 7 0 5 5 1 2 8 4 8 8 30 1678 1679 746 1682 1650 1664 1668 1669 756 1655 1693 1654 1663 1697 1800 1786 1796 1768 1771 1814 1766 1795 1772 1810 1780 1785 1767 847 1815 864 
604 1 0 5 0 5 5 2 1 6 4 8 8 29 4275 4270 4233 4227 4276 4247 4258 4257 4262 4228 4256 4232 4229 4261 4242 4271 4246 4350 4346 4375 4349 4374 4345 4344 4379 4373 4393 4388 4361 
605 1 0 6 0 5 5 2 1 8 4 8 8 30 4378 4364 4387 4359 4495 4496 4490 4466 742 4482 4492 4506 4511 4507 4478 4510 4467 741 4624 4614 4596 4627 4610 4582 4608 860 4613 4584 4623 4609 
606 1 1 5 0 5 5 2 2 7 4 8 8 29 5212 5210 5183 5211 5197 5198 5164 5179 4243 5214 5168 5169 4363 5286 5315 5301 4392 5328 5314 5285 5296 5281 5300 5282 5331 5329 5399 5417 4505 
607 1 1 7 0 5 5 2 2 8 4 8 8 30 5431 5418 4481 5448 5398 5445 5413 4476 4491 4463 1698 5446 5403 5432 5530 5565 5534 5520 5521 5515 5516 5535 4599 5548 4597 5562 5563 5549 1781 4628 
608 0 0 5 4 0 0 2 1 7 8 4 5 29 542 560 556 576 527 529 557 528 541 4324 575 546 533 547 561 663 645 664 646 673 647 659 692 678 4408 676 693 650 763 
609 0 0 7 4 0 0 2 1 8 8 4 5 29 767 776 777 781 761 780 810 805 796 811 793 778 791 790 914 894 927 885 922 881 880 895 910 908 4677 928 896 909 911 
610 0 1 5 4 0 0 2 2 6 8 4 5 29 1468 1515 1480 1467 1496 571 1500 1466 1495 1510 1509 1481 1494 1511 1485 1600 1615 1629 644 688 674 1614 1599 1630 1585 1628 1584 1616 1601 
611 0 1 6 4 0 0 2 2 8 8 4 5 30 1586 1746 1699 1745 1700 1731 1704 1733 1703 806 1714 795 1732 1718 1719 1747 762 1864 1850 1817 1848 1836 1835 1863 1849 1831 1821 1816 1862 923 
612 2 0 5 4 0 0 2 1 7 8 4 5 29 4306 4280 4291 4323 4296 4282 4310 4311 4277 4325 4292 4279 4278 4321 4294 4396 4409 4413 4442 4427 4395 4428 4423 4394 4438 4527 4542 4541 4543 
613 2 0 7 4 0 0 2 1 8 8 4 5 29 4558 4560 4526 4545 4513 4514 4528 4555 4512 4518 4546 4556 4661 4645 4631 4672 4644 4673 4646 4649 4632 4643 4630 4629 4658 4663 4659 4660 4675 
614 2 1 5 4 0 0 2 2 6 8 4 5 29 5219 5232 5245 5247 5218 5231 4297 5244 5259 5260 5246 5250 5217 5261 5233 5349 5336 5367 5377 5335 5364 5376 5334 5348 5350 4400 5382 5378 4414 
615 2 1 6 4 0 0 2 2 8 8 4 5 30 5363 5467 5495 5481 5484 5482 5451 5466 5465 5453 5499 5494 4561 4532 5452 5493 5480 5612 5597 5568 5614 5598 5584 5583 5613 5570 5599 5569 4635 4678 
616 0 0 5 4 0 5 1 1 6 8 4 8 29 534 574 559 572 548 549 563 544 531 543 545 578 577 530 562 573 558 661 694 649 662 666 648 660 689 695 651 690 675 
617 0 0 6 4 0 5 1 1 8 8 4 8 29 680 679 665 797 766 798 808 813 779 783 764 765 782 794 768 792 900 898 930 899 929 924 882 913 884 915 925 883 897 
618 0 1 5 4 0 5 1 2 7 8 4 8 29 1513 532 1499 1514 1498 1484 1497 1482 1469 1483 1470 1512 1603 1598 1597 1602 1582 1587 1583 1612 1613 1631 1627 1618 1588 1617 1729 1744 1720 
619 0 1 7 4 0 5 1 2 8 8 4 8 30 1734 1730 1715 1735 1705 1702 1706 1716 807 812 1717 1701 1748 1866 1834 1820 1846 1823 1861 1865 1847 1852 1838 1818 1837 1822 1833 1832 1819 1851 
620 1 0 5 4 0 5 2 1 6 8 4 8 29 4284 4295 4326 4307 4293 4322 4313 4308 4312 4327 4283 4411 677 4412 691 4425 4398 4397 4441 4440 4443 4430 4399 4426 4415 4429 4410 4424 4416 
621 1 0 6 4 0 5 2 1 8 8 4 8 30 4401 4444 4439 4516 4548 4529 4547 4517 4559 4562 4557 4531 4563 4533 4515 4530 809 4650 926 4647 4648 4665 4676 4633 4664 4634 4662 912 4680 4674 
622 1 1 5 4 0 5 2 2 6 8 4 8 29 4281 5234 4299 4298 5220 4309 5248 5221 5216 1465 5262 5263 5235 5249 5230 5215 5351 5366 5381 5362 5380 5379 5365 5333 5347 5352 1632 5332 5337 
623 1 1 6 4 0 5 2 2 8 8 4 8 30 5338 5469 5483 5497 5468 5454 5498 4544 5455 1749 5450 5464 5479 5496 5449 5615 5600 5566 5601 5585 5582 5586 5581 5567 5616 5596 5571 5611 4679 5572 
624 0 0 5 4 4 0 2 2 6 8 8 5 29 565 579 551 1506 566 538 537 570 564 552 584 580 553 681 668 701 696 4437 687 1623 698 1595 670 669 654 697 655 683 682 
625 0 0 6 4 4 0 2 2 8 8 8 5 29 656 801 815 787 769 785 786 772 802 816 771 1723 1755 773 817 800 1727 903 905 918 919 891 932 886 890 934 904 887 933 
626 0 2 5 4 4 0 2 2 6 8 8 5 29 1502 1490 1491 1505 1486 1477 1516 1472 1471 1487 1476 1501 1520 1604 1606 1620 1638 1624 1634 5339 1590 1589 1605 1591 1592 1610 1639 1633 1619 
627 0 2 6 4 4 0 2 2 8 8 8 5 30 1722 1713 1751 1750 1721 1708 1736 1756 1709 1738 1741 1707 1737 1839 1825 1868 1840 1854 1867 1853 1830 1872 1844 1873 1826 1870 1824 5592 1855 1859 
628 2 0 5 4 4 0 2 2 6 8 8 5 29 4302 5255 4316 4288 4320 4331 4286 4314 4330 4328 4301 4334 4329 4287 4305 4315 4447 4431 4448 4433 4403 4419 4404 5353 4405 4432 4446 4445 4420 
629 2 0 6 4 4 0 2 2 8 8 8 5 29 4418 4451 4550 4519 4536 4537 4551 4538 4523 4564 5457 4569 4566 4552 4565 4655 4669 4683 4653 4640 4668 4636 4641 4686 4682 4667 5574 4654 5593 
630 2 2 5 4 4 0 2 2 7 8 8 5 29 5241 5242 5236 5251 5226 5264 5269 5270 5268 5227 5237 5222 5223 5256 5344 5358 5354 5373 5387 5368 5386 5369 5372 5355 5340 5341 5359 5385 5503 
631 2 2 7 4 4 0 2 2 8 8 8 5 30 5504 5500 5470 5476 5471 5475 5485 5490 5458 5489 5456 5501 5459 5462 5622 5607 5602 5587 5575 5603 5617 5618 5623 5604 5619 5605 5579 5573 5608 5588 
632 0 0 5 4 4 5 1 2 7 8 8 8 29 582 581 540 583 585 555 535 554 569 568 539 550 567 536 686 671 699 672 667 652 684 702 653 685 700 658 657 804 803 
633 0 0 7 4 4 5 1 2 8 8 8 8 29 775 818 1710 1726 1757 1742 788 774 784 799 789 814 819 770 888 935 893 892 917 936 921 931 920 916 901 907 906 889 902 
634 0 2 5 4 4 5 1 2 6 8 8 8 29 1508 1493 1507 1479 1473 1518 1478 1519 1488 1517 1475 1492 1489 1521 1522 1503 1474 1637 1594 1596 1607 1625 1636 1609 1635 1626 1640 1593 1622 
635 0 2 6 4 4 5 1 2 8 8 8 8 30 1621 1608 1611 1758 1752 1725 1740 1724 1754 1728 1753 1712 1743 1711 1739 1842 1874 1871 1857 1860 1843 1827 1828 1829 1875 1841 1856 1858 1845 1869 
636 1 0 5 4 4 5 2 2 7 8 8 8 29 4303 4333 4335 4332 4300 4318 4290 4304 4285 4289 4317 4319 5345 5360 4435 4450 4434 4417 4402 4406 4452 4436 4422 4407 4421 4449 4540 4554 4521 
637 1 0 7 4 4 5 2 2 8 8 8 8 30 4549 4567 4539 4535 4524 4520 4534 5477 5502 4553 4525 4568 4522 4638 4684 4642 4685 4666 4639 4657 4671 4637 4651 5610 5594 4681 4670 4656 5580 4652 
638 1 2 5 4 4 5 2 2 6 8 8 8 29 5224 5267 5252 5229 5271 5257 5266 1504 5265 5243 5240 5258 5238 5253 5225 5239 5228 5272 5254 5346 5389 5361 5343 5374 5370 5371 5384 5388 5342 
639 1 2 6 4 4 5 2 2 8 8 8 8 30 5357 5356 5375 5383 5463 5491 5473 5492 5461 5486 5506 5487 5460 5478 5472 5505 5474 5488 5577 5576 5606 5578 5624 5609 5590 5621 5589 5591 5620 5595 
640 0 2 0 0 0 0 2 3 2 4 4 5 29 5625 1919 1881 1896 1878 1892 1921 1891 1910 1923 1904 1890 1924 1879 1877 1920 1995 2008 1994 2027 2009 2036 2038 2013 2021 2041 1996 2007 2022 
641 0 2 2 0 0 0 2 3 4 4 4 5 29 2037 2023 2112 2125 2111 2155 2139 2113 2140 2153 2144 2126 2124 2154 2159 2270 2272 2247 2258 2271 2243 2276 2257 2241 2256 2230 2242 2228 2244 
642 0 3 0 0 0 0 2 8 3 4 4 5 29 1906 2817 1905 2812 2813 2860 2816 2831 2862 2859 2843 2858 2830 2829 2845 2844 2946 2947 2929 2977 2948 2975 2933 2961 2962 2934 2976 3066 3081 
643 0 3 3 0 0 0 2 8 4 4 4 5 30 3046 3095 3094 3061 3052 3051 3047 3065 3076 2130 3080 3093 3179 3183 3169 3164 3182 3208 3197 3213 3168 3212 3209 3163 3178 3198 3193 3180 2261 2229 
644 2 2 0 0 0 0 2 3 2 4 4 5 29 5673 5657 5668 5640 5631 5641 5642 5626 5645 5655 5627 5674 5654 5656 5760 5748 5791 5763 5757 5744 5758 5785 5773 5772 5790 5786 5771 5759 5777 
645 2 2 2 0 0 0 2 3 4 4 4 5 29 5877 5903 5908 5874 5888 5889 5880 5862 5907 5861 5876 5904 5894 5875 5997 5992 5993 6023 5991 5978 6008 6021 6026 6012 6022 6006 5980 5979 6009 
646 2 3 0 0 0 0 2 8 3 4 4 5 29 6608 5669 6609 6581 5660 6582 6596 6562 6564 6595 6594 6566 6563 6610 6577 6567 6679 6712 6726 6684 6711 6713 6725 6699 6698 6727 6694 6680 6796 
647 2 3 3 0 0 0 2 8 4 4 4 5 30 6844 6830 6815 5890 5865 6816 5863 6797 6843 6812 6801 6828 6829 6811 6841 6913 6943 6932 6919 6914 6961 6962 6960 6928 6933 6946 6918 6007 6947 6929 
648 0 2 0 0 0 5 2 4 2 4 4 8 29 1895 1911 2828 1893 1925 1894 1926 1876 1908 1907 1880 1922 1909 2936 2025 2040 2012 2930 2960 1997 2028 2011 2026 2043 2024 2039 2010 1998 2042 
649 0 2 2 0 0 5 2 4 4 4 4 8 29 1993 2129 2157 2158 2145 2114 2115 2160 2142 2143 2156 5892 2127 2128 2110 2141 2227 2246 2273 2259 2232 2262 2231 2275 2277 2245 2260 3165 2274 
650 0 4 0 0 0 5 2 8 3 4 4 8 29 2819 2833 2814 2847 2832 2818 2846 2827 2861 2842 2857 2815 2944 2949 2932 2945 2931 2964 2935 2963 2979 2978 2974 2950 2959 3053 3063 3097 3096 
651 0 4 3 0 0 5 2 8 4 4 4 8 30 3054 3067 3092 3049 3077 3062 3064 3068 3082 3079 3091 3048 3050 3078 3211 3171 3185 3166 3194 3167 3199 3210 3170 3215 3214 3196 3181 3200 3184 3195 
652 2 2 0 0 0 5 2 4 2 4 4 8 29 4688 5643 6579 5661 5628 5629 5676 5658 5675 5670 5646 5644 5671 5659 5672 5630 5743 5746 5747 5745 5761 5788 5787 5776 5762 5775 6700 5778 5774 
653 2 2 2 0 0 5 2 4 4 4 4 8 29 6729 5789 5793 5792 5909 5910 5860 5879 5905 5891 5906 5893 6846 5864 5895 5878 5995 6025 5977 6027 6011 5996 6010 6024 6920 6935 5981 5994 5982 
654 2 4 0 0 0 5 2 8 2 4 4 8 29 6611 6598 6607 6569 6580 6565 6612 6592 6568 6597 6593 6578 6583 6584 6701 6728 6709 6685 6683 6710 6696 6695 6682 6714 6724 6715 6681 6686 6697 
655 2 4 2 0 0 5 2 8 4 4 4 8 30 6826 6818 6799 6845 6842 6813 6832 6827 6817 6798 6803 6814 6831 6800 6804 6916 6964 6915 6944 6934 6963 6949 6958 6930 6917 6931 6948 6945 6959 6921 
656 0 2 0 0 4 0 1 4 3 4 8 5 29 1928 1897 2854 1916 1930 1914 1882 1915 1886 1900 1929 1901 1887 2014 2045 2047 2031 2971 2019 2003 2046 2033 2018 2004 2032 2000 1999 2116 2117 
657 0 2 3 0 4 0 1 4 4 4 8 5 29 2135 2119 2148 2131 3089 2121 3070 2163 2162 2164 2136 2150 2149 2233 2267 2253 2281 2239 2266 2236 2238 2248 3187 3175 3207 2234 3186 2252 2280 
658 0 4 0 0 4 0 1 8 2 4 8 5 29 2864 2834 2820 2851 2867 2848 2840 2853 2821 2868 2863 2835 2849 2825 2836 2822 2953 2938 2967 2980 2985 2984 2939 2952 2957 2970 2966 2937 2951 
659 0 4 2 0 4 0 1 8 4 4 8 5 30 2942 2940 3099 3075 3103 3086 3058 3069 3085 3100 3098 3057 3071 3102 3101 3072 3083 3056 3084 3217 3218 3174 3216 3192 3222 3188 3202 3203 3189 3173 
660 1 2 0 0 4 0 2 4 2 4 8 5 29 5637 6586 6570 5636 5680 5632 5649 5651 5665 5664 5678 5650 5679 6731 5796 5768 5782 5781 5766 6688 6735 5754 5783 6687 5767 5749 5753 5795 5797 
661 1 2 2 0 4 0 2 4 4 4 8 5 29 5899 5884 5866 5885 5871 5912 5913 6821 5898 5870 5900 5914 5881 6030 5988 6017 6032 6018 6031 6014 5983 6013 6003 6001 5987 5998 6936 6938 2265 
662 1 4 0 0 4 0 2 8 3 4 8 5 29 6618 6600 6572 6601 6576 6614 6619 6571 6613 6573 6585 6599 6590 6716 6707 6717 6736 2965 6690 6730 6722 6689 6718 6693 6704 6705 6703 6702 6853 
663 1 4 3 0 4 0 2 8 4 4 8 5 30 6847 6825 6806 6835 6833 6852 6839 6848 6834 6802 6836 6805 6807 6810 6819 6820 6952 6924 6927 6969 6970 6937 6965 6953 6950 6956 6923 3201 6942 6951 
664 0 2 0 0 4 5 2 3 3 4 8 8 29 1917 1899 1888 1889 1885 1902 1932 1913 1884 1912 1903 1883 1931 1927 2030 2006 2034 2017 2016 2049 2035 2020 2002 2015 2005 2029 2001 2166 2147 
665 0 2 3 0 4 5 2 3 4 4 8 8 29 2118 2151 2146 2165 2123 2161 2122 2134 2132 2138 2133 2152 2137 2255 2268 2283 2263 2279 2254 2251 2237 2235 2250 2264 2240 2282 2269 2249 2278 
666 0 3 0 0 4 5 2 8 2 4 8 8 29 1898 1918 2826 2823 2838 2855 2839 2869 2865 2866 2856 2841 2850 2837 2852 2824 2870 2973 2958 2982 2956 2981 2048 2044 2941 2968 2987 2955 2972 
667 0 3 2 0 4 5 2 8 4 4 8 8 30 2969 2954 2943 2986 2983 3105 3074 3055 3059 3090 3104 6838 6809 2120 3073 3060 3087 3088 3221 3204 3176 3206 3191 3172 3220 3177 3219 6954 3190 3205 
668 2 2 0 0 4 5 2 3 2 4 8 8 29 5677 5663 5662 5647 5634 5639 5682 5648 5666 5653 5681 5638 5652 5633 5635 5667 5780 5794 5770 5799 5798 5752 5765 5779 5756 5784 5769 5750 5755 
669 2 2 2 0 4 5 2 3 4 4 8 8 30 5896 5915 5916 5868 5911 5897 5872 5873 5869 5867 5902 5882 5883 5901 6033 5984 5985 6029 5986 6034 5989 6019 5990 6028 6016 6000 5999 6015 6002 6020 
670 2 3 0 0 4 5 2 8 2 4 8 8 29 6574 6602 6606 6588 6604 6575 6621 6591 6605 6617 6589 6603 6616 6620 6587 6615 6738 6732 6708 6733 5764 6706 6723 5751 6737 6719 6720 6721 6692 
671 2 3 2 0 4 5 2 8 4 4 8 8 30 6691 6734 6840 6855 6849 6851 6824 6854 6837 5886 6823 6822 5887 6850 6808 6955 6967 6926 6971 6972 6940 6925 6957 6968 6922 6939 6966 6941 6005 6004 
672 0 2 0 4 0 0 1 4 3 8 5 5 29 1938 1981 1966 1980 1939 1953 1967 1933 1948 1949 1952 1965 1934 2099 2083 2084 2066 2097 2098 2070 2082 2050 2056 2065 2055 2069 2051 2197 2214 
673 0 2 3 4 0 0 1 4 4 8 5 5 29 2172 2201 2186 2173 2187 2168 2215 2167 2183 2200 2182 2216 2303 2333 2285 2318 2314 2290 2284 2319 2331 2299 2300 2307 2332 2287 2289 2304 3254 
674 0 4 0 4 0 0 1 8 2 8 5 5 29 2915 2919 2904 2891 2877 2887 2901 2905 2920 2886 2900 2873 2885 2872 2914 2871 3021 3019 3018 3034 3023 3038 3033 3003 3009 3032 2989 3020 3004 
675 0 4 2 4 0 0 1 8 4 8 5 5 30 2994 2990 3005 2988 3150 3149 3121 3109 3151 3107 3122 3108 3155 3135 3141 3136 3126 3138 3137 3268 3267 3255 3227 3256 3226 3273 3240 3241 3269 3225 
676 1 2 0 4 0 0 2 3 2 8 5 5 29 5730 5687 5717 5715 5698 5702 5716 5731 5703 5688 5683 5699 5729 5802 5847 5833 5815 5819 5846 5832 5816 5820 5823 5804 5805 5834 5800 5801 5848 
677 1 2 2 4 0 0 2 3 4 8 5 5 29 5965 5950 5936 5933 5923 5949 5932 5918 5964 5937 5922 5951 5917 6036 6068 6069 6054 6049 6055 6041 6050 6064 6084 6037 6079 6035 6051 6052 6083 
678 1 3 0 4 0 0 2 8 2 8 5 5 29 6669 6665 6637 6670 6636 6650 6642 6623 6652 6656 6638 6627 6624 6651 6784 6767 6742 6754 6783 6755 6740 6759 6769 6773 6782 6786 6753 6768 6741 
679 1 3 2 4 0 0 2 8 4 8 5 5 30 6787 6901 6859 6872 6899 6870 6871 6890 6900 6887 6885 6857 6886 6858 6876 7007 6976 7017 6975 7016 6974 7018 7004 7003 6993 6989 7002 6987 7022 6988 
680 0 2 0 4 0 5 1 3 2 8 5 8 29 1979 1968 1969 1955 1978 1951 1954 1935 1983 1937 1950 1963 1936 1982 2054 2080 2052 2068 2072 2053 2086 2095 2081 2096 2100 2071 2058 2057 2067 
681 0 2 2 4 0 5 1 3 4 8 5 8 29 2085 2217 2212 2169 2202 2170 2213 2184 2171 2218 2188 2175 2203 2198 2199 2185 2288 2301 2329 2315 2306 2334 2291 2316 2335 2330 2292 2286 2317 
682 0 3 0 4 0 5 1 8 3 8 5 8 29 2890 2903 1940 1964 2907 2888 2902 2906 2876 2874 2875 2892 2921 2916 2889 2917 3024 2992 3035 3036 2991 3037 3008 3039 2993 3007 3022 3006 3111 
683 0 3 3 4 0 5 1 8 4 8 5 8 30 3156 3152 3153 3140 3123 3106 3125 2174 2189 3110 3139 3154 3124 2302 3271 3253 3257 3243 3228 3272 3242 3239 3223 3229 3238 3270 2305 3258 3224 2320 
684 1 2 0 4 0 5 2 3 3 8 5 8 29 5714 5685 5684 5700 5713 5690 5733 5686 5719 5718 5728 5732 5689 5701 5830 5818 5850 5803 5831 5822 5807 5835 5845 5849 5821 5817 5963 5924 5962 
685 1 2 3 4 0 5 2 3 4 8 5 8 30 5947 5921 5967 5938 5948 5919 5920 5953 5939 5966 5952 5934 5935 6082 6039 6038 6080 6053 6085 6057 6040 6066 6067 6071 6070 6081 6065 6058 6042 6056 
686 1 3 0 4 0 5 2 8 2 8 5 8 29 6655 5704 6666 6622 6672 6671 6625 6657 6667 6626 2918 6668 6654 6653 6639 6640 6641 6744 6789 6772 6743 6788 6739 6774 5836 5806 6756 6757 6785 
687 1 3 2 4 0 5 2 8 4 8 5 8 30 6758 6770 6771 6889 6861 6856 6906 6888 6904 6891 6902 6873 6860 6905 6875 6874 6903 6977 7008 7020 7021 6978 7005 6990 6992 7023 7006 7019 6973 6991 
688 0 2 0 4 5 0 1 3 2 8 8 5 29 1984 1989 1942 1990 1957 1985 1947 1941 1956 1976 1987 1961 1971 1970 2104 2088 2061 2079 2101 2060 2090 2076 2093 2075 2087 2073 2074 2102 2089 
689 0 2 2 4 5 0 1 3 4 8 8 5 29 2107 2064 2106 2190 2210 2179 2191 2221 2181 2220 2224 2205 2206 2192 2196 2177 2324 2327 2308 2296 2338 2341 2322 2294 2295 2339 2336 2313 2323 
690 0 3 0 4 5 0 1 8 3 8 8 5 29 2895 2881 1943 2909 1972 1958 2928 2910 2878 2923 2882 2911 2924 2897 2922 2896 3029 3027 3028 3042 2995 3014 3010 3043 2999 3015 3159 3146 3118 
691 0 3 3 4 5 0 1 8 4 8 8 5 30 2219 3161 3112 3160 3132 2204 2178 3117 3115 3144 3127 3113 3145 3131 3274 3230 3244 3259 3260 3279 3245 3278 3232 3236 3250 3249 2321 3264 2337 3231 
692 1 2 0 4 5 0 2 3 2 8 8 5 29 5705 5691 5725 5692 5707 5735 5697 5721 5706 5737 5740 5734 5739 5711 5720 5857 5856 5839 5808 5824 5810 5837 5854 5852 5851 5838 5843 5828 5809 
693 1 2 2 4 5 0 2 3 4 8 8 5 29 5940 5942 5925 5955 5968 5960 2223 5969 5973 5943 5954 5927 5931 5974 5945 6061 6045 6087 6072 6074 6088 6089 6059 6078 6060 6086 6073 6092 2309 
694 1 3 0 4 5 0 2 8 3 8 8 5 29 6643 6632 6661 5693 5722 6646 6628 6676 6660 6647 6662 6674 6633 6675 6765 6749 6793 6779 6792 6791 6760 5814 3000 6745 6764 6777 6778 6750 6910 
695 1 3 3 4 5 0 2 8 4 8 8 5 30 5956 6909 6894 6882 5926 6908 6896 6863 5941 6862 6877 6866 6881 6895 6867 6998 6984 6979 7027 7013 6994 6980 7011 7026 6982 6999 7012 7025 3263 6046 
696 0 2 0 4 5 5 2 4 2 8 8 8 29 1962 2879 2908 1991 1945 1944 1988 1986 1974 1977 1946 1959 1973 1960 1975 1992 2059 2105 2103 2091 2109 2108 3045 2078 2094 2077 3040 2092 2063 
697 0 2 2 4 5 5 2 4 4 8 8 8 29 2062 2195 2176 2194 2225 2222 2226 3148 2207 2208 2209 2211 2193 2180 2311 2328 2326 2340 2312 2297 2342 2325 3266 3275 2343 2298 2310 2293 3265 
698 0 4 0 4 5 5 2 8 2 8 8 8 29 2894 2883 2880 6677 2927 2926 6648 2899 2898 2913 2893 2884 2912 2925 3002 3013 3016 2998 3030 3001 3044 3031 3041 2997 3012 2996 3011 3026 3017 
699 0 4 2 4 5 5 2 8 4 8 8 8 30 3025 3119 3134 3120 3116 3158 3162 3142 3133 3157 3143 3130 3129 3147 3128 3114 3234 3281 3246 3248 3277 3237 3235 3261 3251 3247 3252 3233 3262 3276 
700 2 2 0 4 5 5 2 4 2 8 8 8 29 6644 5696 5709 5694 5736 5724 6649 5738 5712 5741 5708 5723 5727 5726 5695 5742 5710 5811 5858 5841 5813 5827 5826 5812 5859 5825 5840 5842 5829 
701 2 2 2 4 5 5 2 4 4 8 8 8 30 5855 5853 5844 5975 5976 5972 5928 5970 5961 5957 5944 5971 5959 5958 5946 5930 5929 6044 6063 6091 6047 6048 6043 6076 6093 6077 6075 6090 7000 6062 
702 2 4 0 4 5 5 2 8 3 8 8 8 29 6645 6634 6678 6658 6635 6630 6664 6663 6673 6659 6631 6629 6790 6775 6794 6748 6795 6752 6766 6776 6762 6780 6781 6746 6761 6751 6747 6763 6893 
703 2 4 3 4 5 5 2 8 4 8 8 8 30 6897 6883 6884 6911 6879 6878 6892 6907 6864 6912 6880 6898 6865 6868 6869 6986 7010 6997 6983 6996 6985 7009 6995 7024 7028 7015 6981 7001 7014 7029 
704 0 2 4 0 0 0 1 4 6 4 5 5 29 2393 2374 2346 3310 2379 2360 2375 2345 2388 2387 3282 2373 2389 2347 3283 2463 2478 2493 2465 2492 3415 3447 2506 2505 2507 2464 2494 2479 2511 
705 0 2 6 0 0 0 1 4 8 4 5 5 29 2480 2611 2595 2625 2582 2596 2609 2622 2581 2624 2610 2578 3532 3522 2597 2628 2745 2699 2713 2712 2741 2700 2695 3649 2714 2726 2710 2728 2727 
706 0 4 4 0 0 0 1 8 7 4 5 5 29 3298 3297 3315 3299 3330 3326 3311 3287 3329 3296 3316 3325 3404 3432 3443 3413 3401 3442 3399 3433 3414 3400 3428 3446 3429 3419 3427 3546 3530 
707 0 4 7 0 0 0 1 8 8 4 5 5 30 3518 3559 3560 3549 3519 3563 3550 3564 3536 3517 3544 3533 3531 3545 3516 3676 3666 3636 3634 3681 3639 3679 3677 3648 3635 3647 3633 3653 3662 3667 
708 1 2 4 0 0 0 2 4 6 4 5 5 29 6129 2364 6111 6097 6110 6138 6112 6096 6124 6144 6098 6139 6125 6140 6246 6261 6214 6258 6243 6242 6256 6211 6215 6255 6229 6227 6213 6257 6228 
709 1 2 6 0 0 0 2 4 8 4 5 5 29 6331 6345 6360 6373 6361 6378 6343 6328 2623 7314 6346 6332 6374 6330 6372 6359 6478 6492 6477 6491 6449 6465 6450 6493 6479 6464 6475 6460 6445 
710 1 4 4 0 0 0 2 8 7 4 5 5 29 7035 7078 7065 7050 7060 7036 7064 7031 7030 7045 7049 7079 7077 7152 7192 7163 7147 7181 7195 7148 7166 7194 7177 7153 7167 7182 7162 7196 7309 
711 1 4 7 0 0 0 2 8 8 4 5 5 30 7266 7271 7294 7282 7295 7285 7281 7267 7299 7300 7280 7283 7313 7431 7388 7383 7430 7427 7400 7411 7385 7426 7397 7384 7417 7403 7399 7398 7412 7416 
712 0 2 4 0 0 5 2 4 6 4 5 8 29 2362 2376 2344 2394 2363 2349 2390 2391 2377 2392 2361 2348 2359 2378 2495 2496 2462 6231 2466 3435 2476 2477 2491 2481 2508 2461 2510 2509 2467 
713 0 2 6 0 0 5 2 4 8 4 5 8 29 2599 2612 2598 3520 3551 2608 2626 2613 2580 2627 2594 2593 2583 2584 2579 2743 2742 2701 2697 2729 2716 2698 2711 2696 2744 2730 2740 2715 2725 
714 0 4 4 0 0 5 2 8 6 4 5 8 29 3331 3302 3286 3332 3288 3318 3314 3312 3301 3313 3328 3285 3300 3317 3284 3303 3327 3434 3448 3405 3417 3402 3418 3449 3416 3445 3420 3444 3407 
715 0 4 6 0 0 5 2 8 8 4 5 8 30 3403 3431 3430 3535 3547 3537 3566 3534 3561 3565 7269 3552 3548 3521 3562 3654 3652 3638 3668 3664 3680 3650 3669 3683 3651 3665 3663 3682 3637 3678 
716 2 2 4 0 0 5 2 4 7 4 5 8 29 6114 6142 6127 6126 6141 6094 6095 6099 7066 6109 6113 6128 6100 6143 6226 7168 6230 6244 6245 7183 6241 6216 7198 6260 6212 6259 6217 6334 6348 
717 2 2 7 0 0 5 2 4 8 4 5 8 29 6347 6362 6333 6363 6375 6377 7286 7316 6376 6329 6344 6358 6462 6495 6466 6448 6452 6490 6451 6494 6463 6476 7428 7418 6446 6480 6481 6447 6461 
718 2 4 4 0 0 5 2 8 6 4 5 8 29 7063 7038 7081 7032 7062 7076 7037 7061 7075 7033 7048 7052 7046 7080 7034 7047 7051 7184 7179 7165 7164 7169 7193 7154 7150 7178 7180 7149 7151 
719 2 4 6 0 0 5 2 8 8 4 5 8 30 7155 7197 7301 7284 7287 7297 7311 7310 7270 7315 7302 7272 7296 7268 7312 7298 7429 7386 7419 7402 7387 7433 7404 7432 7414 7415 7401 7413 7389 7405 
720 0 2 4 0 5 0 2 3 7 4 8 5 29 2384 2383 2398 2397 2382 2350 2370 2365 2355 2356 2399 2488 2482 2516 6251 6265 2497 2501 2498 2487 2470 2469 2483 2512 2468 2474 2502 2587 2585 
721 0 2 7 0 5 0 2 3 8 4 8 5 29 2600 2601 2620 2602 2604 2634 2615 2633 2591 2605 2629 2619 6383 2586 2614 2746 2732 2717 2731 2751 2704 2750 2708 2733 2718 2722 2737 2702 2736 
722 0 3 4 0 5 0 2 8 6 4 8 5 29 3291 3339 2351 2369 3333 3305 3306 3321 3334 3307 3335 3320 3293 3292 3324 3456 3439 3409 2517 3452 3437 3423 3410 3424 3422 3438 3450 3451 7157 
723 0 3 6 0 5 0 2 8 8 4 8 5 30 7205 3408 3567 3573 3554 3555 3568 3556 3541 3569 3527 3525 3526 3540 3523 3684 3644 3659 3685 2703 3657 3643 3690 2719 3658 3673 3640 3672 3686 3671 
724 2 2 4 0 5 0 2 3 7 4 8 5 29 6104 6130 6116 6147 6106 6148 6103 6102 6131 6149 6121 6105 6135 6115 6262 6224 6234 6218 6220 6263 6219 6238 6266 6233 6247 6252 6232 6337 6336 
725 2 2 7 0 5 0 2 3 8 4 8 5 29 6354 6364 6369 6349 6379 6365 6368 6384 6350 6380 6341 6355 6484 6459 6496 6487 6467 6501 6453 6468 6454 6482 6455 6469 6486 6497 6483 6502 6473 
726 2 3 4 0 5 0 2 8 6 4 8 5 29 6101 7082 6120 6134 7087 7067 7059 7041 7086 7055 7053 7042 7054 7068 7083 7069 7040 7073 7084 7186 7199 7200 7190 7159 6237 7170 7176 7172 7185 
727 2 3 6 0 5 0 2 8 8 4 8 5 30 7171 7158 7201 7276 7291 7305 7318 7304 7277 6335 7290 7317 7289 7319 7323 7308 7275 7422 7435 7434 7421 7408 7393 7392 7423 7440 7406 7436 7407 7394 
728 0 2 4 0 5 5 1 3 6 4 8 8 29 2357 2400 2401 2380 2353 2386 2381 2385 2366 2372 2354 2368 2367 2396 2395 2371 2358 2499 2513 2515 2514 2500 2490 2471 2486 2473 2475 2519 2503 
729 0 2 6 0 5 5 1 3 8 4 8 8 29 2484 2518 2504 2618 2590 2588 2589 2636 2632 2617 2616 2607 2606 2631 2621 2753 2705 2709 2738 2752 2707 2748 2739 2734 2706 2724 2747 2735 2721 
730 0 3 4 0 5 5 1 8 7 4 8 8 29 3289 3304 3336 2352 3295 3290 3338 3309 3337 3319 3323 3322 3308 3294 3440 3453 3406 3436 2489 3441 2485 3425 3455 3421 3412 3454 3426 3411 3570 
731 0 3 7 0 5 5 1 8 8 4 8 8 30 3524 2592 3543 3553 3542 3538 3557 2635 3539 3529 3558 2630 3572 3571 3528 3660 3656 3655 3687 3642 3688 3670 3646 3645 3674 3675 2720 3641 3661 2723 
732 1 2 4 0 5 5 2 3 7 4 8 8 29 6145 6146 6117 6122 6136 6133 6108 6132 6119 6151 6107 6150 6118 6250 6240 2472 6225 6267 6222 6236 6249 6235 6239 6254 6253 6221 6248 6351 6382 
733 1 2 7 0 5 5 2 3 8 4 8 8 30 6357 6385 6353 6367 6370 6352 6356 6340 2603 6338 6339 6342 6371 6381 6500 6470 6474 6456 6471 6489 6499 6457 6472 6458 6504 6485 6488 6503 2749 6498 
734 1 3 4 0 5 5 2 8 6 4 8 8 29 7057 7039 6123 7070 6137 7071 7072 7058 7089 7074 7043 7085 7088 7044 7056 7202 7204 7175 7160 6264 7187 6223 7173 6268 7203 7191 7188 7189 7174 
735 1 3 6 0 5 5 2 8 8 4 8 8 30 7156 7206 7161 7293 7306 7303 7307 7292 7274 7320 7288 7279 7321 6366 7273 7322 7278 7395 7391 7424 7438 7420 7410 7425 7439 7390 7437 7396 7409 3689 
736 0 2 4 4 0 0 2 3 6 8 4 5 29 2437 2446 2404 2432 2419 2422 2408 2405 2402 2436 2403 2417 2451 2420 2563 2535 2520 2537 2548 2550 6303 2536 2554 2553 2540 2521 2567 2525 2534 
737 0 2 6 4 0 0 2 3 8 8 4 5 29 2568 2549 2667 2670 2657 2671 2666 2665 2642 2653 2638 2685 2637 2684 2680 2652 2774 2769 2756 2788 2770 2760 2782 2801 2755 2797 2768 2754 2783 
738 0 3 4 4 0 0 2 8 6 8 4 5 29 3371 2450 3341 2418 3340 2431 3384 3390 3358 3385 3386 3344 3359 3373 3343 3372 3357 3457 3489 3474 3476 3502 3462 3490 3461 3507 3488 3503 3475 
739 0 3 6 4 0 0 2 8 8 8 4 5 30 3607 3574 3605 3621 3579 3606 3624 3593 2639 3620 2651 3592 3591 3578 3738 3691 3737 3722 3710 3695 3696 3723 3709 3708 3739 2787 2802 3724 2798 3706 
740 2 2 4 4 0 0 2 3 7 8 4 5 29 6172 6181 6197 6158 6200 6186 6183 6152 6167 6182 6196 6154 6153 6171 6285 6299 6298 6289 6271 6275 6269 6318 6317 6288 6270 6300 6284 6313 6403 
741 2 2 7 4 0 0 2 3 8 8 4 5 29 6404 6436 6392 6417 6386 6388 6431 6407 6418 6387 6401 6416 6402 6547 6539 6522 6520 6521 6506 6548 6553 6519 6505 6507 6533 6510 6535 6525 6534 
742 2 3 4 4 0 0 2 8 6 8 4 5 29 7133 7092 7120 6201 6185 6166 7135 7125 7091 7110 7139 7119 7093 7134 7105 7121 7106 7224 7239 7253 7211 7238 7209 7225 7210 7251 7257 7240 7252 
743 2 3 6 4 0 0 2 8 8 8 4 5 30 7328 7370 7355 7357 6422 7341 7374 7343 6430 7342 6435 7324 7326 7368 7356 7369 7327 7460 7474 7445 7473 7459 7458 7491 7442 7487 7441 7472 7486 6552 
744 0 2 4 4 0 5 1 3 7 8 4 8 29 2433 2439 2423 2448 2452 2434 2438 2447 2424 2421 2406 2453 2551 2523 2552 2522 2566 2541 2526 2570 2539 2569 2538 2564 2524 2556 2565 2673 2643 
745 0 2 7 4 0 5 1 3 8 8 4 8 29 2641 2681 2668 2654 2658 2669 2683 2640 2655 2682 2686 2687 2656 2759 2800 2790 2785 2771 2773 2799 2772 2804 2775 2786 2757 2784 2789 2758 2803 
746 0 3 4 4 0 5 1 8 6 8 4 8 29 3370 2407 3387 2409 3355 3389 3356 3342 3388 3375 3345 3374 3360 3361 3346 3478 3463 3472 3487 3505 2555 3477 3492 3491 3460 3506 3473 3504 3458 
747 0 3 6 4 0 5 1 8 8 8 4 8 30 3459 3581 3623 3622 3595 3580 3619 2672 3609 3608 3604 3590 3594 3575 3576 3589 3692 3721 3698 3725 3736 3741 3707 3711 3693 3726 3740 3697 3694 3712 
748 1 2 4 4 0 5 2 3 6 8 4 8 29 6188 2435 2449 6157 6155 6169 6199 6184 6173 6202 6159 6156 6168 6170 6203 6174 6198 6287 6305 6314 6273 6301 6290 6315 6316 6319 6286 6274 6272 
749 1 2 6 4 0 5 2 3 8 8 4 8 30 6291 6302 6406 6393 6420 6405 6408 6391 6432 6390 6421 6434 6437 6389 6438 6419 6423 6536 6524 6523 6549 6508 6537 6550 6509 6555 6551 6538 6540 6554 
750 1 3 4 4 0 5 2 8 6 8 4 8 29 7108 6187 7124 7095 7107 7123 7090 7109 7138 7137 7136 7122 7094 7140 7256 7222 7212 7237 7213 6276 6320 7254 6304 7255 7226 7241 7207 7223 7227 
751 1 3 6 4 0 5 2 8 8 8 4 8 30 7242 7208 7329 7373 7371 7372 7354 7325 7340 7344 7330 6433 3577 7359 7358 7339 7457 7476 7444 7446 7462 7443 7456 7490 7471 7488 7489 7447 7461 7475 
752 0 2 4 4 4 0 2 4 6 8 8 5 29 2460 6176 2455 3347 2414 2426 2412 2427 2445 2428 2454 2441 2413 2456 2530 2562 2558 2559 2572 6293 2531 2571 3484 2529 2543 2560 2577 2545 2544 
753 0 2 6 4 4 0 2 4 8 8 8 5 29 2573 2690 2689 2676 2661 2694 2662 3630 2647 2677 3615 2675 2648 2646 2688 2765 2792 2764 2780 2794 2763 2779 2793 2811 3747 2805 2807 2778 2806 
754 0 4 4 4 4 0 2 8 6 8 8 5 29 3392 3362 3349 3395 3366 3348 3377 3396 3376 3381 3353 3367 3391 3508 3481 3480 3466 3464 3495 3483 3479 3494 3470 3513 3512 3498 3465 3493 3499 
755 0 4 6 4 4 0 2 8 8 8 8 5 30 3625 3599 3597 3611 3629 3596 3626 3583 3582 3616 3587 3598 3610 3701 3714 3715 3699 3702 3728 3713 3733 3700 3704 3742 3727 3729 3730 3746 3719 3732 
756 2 2 4 4 4 0 2 4 6 8 8 5 29 6204 6191 6177 6209 6160 6206 6163 6190 6195 6178 6164 6189 6205 7143 6162 6324 6277 6280 6323 7234 6312 6307 6322 6295 6308 6294 6281 6321 6326 
757 2 2 6 4 4 0 2 4 8 8 8 5 29 6306 6279 6409 6398 6440 6412 6426 6424 6413 6441 6396 6411 6442 6427 6425 6397 6516 6511 6543 6530 6515 6557 6544 6528 6559 6558 6541 6529 7463 
758 2 4 4 4 4 0 2 8 7 8 8 5 29 7128 7101 7130 7129 7102 7096 7097 7098 7111 7144 7115 7116 7247 7217 7214 7244 7229 7259 7262 7243 7233 7258 7248 7220 7216 7228 7263 7215 7365 
759 2 4 7 4 4 0 2 8 8 8 8 5 30 7333 7379 7351 7350 7337 7345 7346 7380 7361 7332 7348 7362 7331 7376 7360 7375 7454 7492 7483 7450 7496 7482 7464 7449 7448 7468 7478 7467 7497 7477 
760 0 2 4 4 4 5 1 4 6 8 8 8 29 2416 2429 2459 2415 2442 2411 2444 2440 2410 2443 2458 3363 2425 2430 2457 2533 2557 3471 2561 2532 2542 2574 2527 3514 2528 2576 2575 2546 2547 
761 0 2 6 4 4 5 1 4 8 8 8 8 29 2649 2678 2645 2660 2692 2644 2691 2659 2650 3603 2663 2693 2679 2674 2762 2795 2767 2810 2808 2791 2766 2809 2776 2777 3718 2781 2796 2761 3705 
762 0 4 4 4 4 5 1 8 6 8 8 8 29 3280 3378 3398 3368 3394 3365 3354 3364 3351 3350 3393 3369 3352 3383 3397 3382 3379 3510 3486 3515 3467 3485 3496 3511 3468 3501 3469 3500 3482 
763 0 4 6 4 4 5 1 8 8 8 8 8 30 3497 3509 3631 3617 3586 3601 3613 3602 3618 3628 3627 3600 3585 3614 3588 3632 3612 3584 3731 3734 3744 3735 3748 3716 3749 3745 3717 3720 3703 3743 
764 1 2 4 4 4 5 2 4 7 8 8 8 29 6193 6175 6179 6210 6165 6161 6192 6180 7113 6207 6194 7117 6208 7132 7260 6282 7250 7219 6297 6283 6278 6292 6310 6325 6309 6327 6311 6296 6429 
765 1 2 7 4 4 5 2 4 8 8 8 8 30 6415 6394 6395 6400 6399 6444 2664 7378 7352 6414 6439 6443 6410 6428 6546 6518 6532 6517 6560 6527 6514 7469 6512 6545 6561 6556 6542 6526 6531 6513 
766 1 4 4 4 4 5 2 8 7 8 8 8 29 7099 7103 7142 3380 7126 7141 7127 7104 7100 7114 7146 7112 7131 7145 7118 7249 7231 7221 7235 7232 7236 7261 7245 7265 7246 7218 7230 7264 7381 
767 1 4 7 4 4 5 2 8 8 8 8 8 30 7367 7334 7377 7347 7353 7366 7336 7382 7349 7338 7363 7335 7364 7451 7466 7453 7481 7465 7493 7452 7484 7495 7480 7470 7494 7485 7479 7498 7455 7499 
768 2 0 0 0 0 0 4 1 2 5 5 5 29 7500 7548 11266 7521 7545 7544 11251 7535 7504 7518 7549 7531 7515 7503 7516 7530 7517 7632 7647 7620 7648 7619 7649 7652 7638 7661 7664 7634 7635 
769 2 0 2 0 0 0 4 1 4 5 5 5 29 7662 7663 7633 7738 7769 7765 7755 7784 7750 7778 7736 7764 7749 7780 7737 7779 7896 7883 7855 7867 7881 7895 7872 7854 7882 7886 7898 7897 7901 
770 2 1 0 0 0 0 4 2 2 5 5 5 29 8460 8483 8470 8469 8485 8454 7529 7502 8442 8455 8441 8468 8456 8487 8437 8484 8601 8572 7646 8573 7621 8577 8559 7666 8576 8586 8600 8602 8587 
771 2 1 2 0 0 0 4 2 4 5 5 5 30 8571 8558 8554 8719 8675 8689 8671 8717 8676 8718 8690 8688 8704 8705 7751 8703 8835 8808 8807 8803 8837 8836 8793 7853 8823 8792 8822 8788 8818 7868 
772 4 0 0 0 0 0 8 1 3 5 5 5 29 11293 11250 11265 11285 11253 11270 11298 11252 11280 11256 11299 11281 11294 11413 11383 11370 11388 11399 11411 11416 11398 11373 11397 11410 11382 11415 11501 11514 11515 
773 4 0 3 0 0 0 8 1 4 5 5 5 29 11529 11502 11519 11486 11505 11499 11500 11513 11528 11532 11488 11487 11490 11631 11647 11618 11636 11616 11604 11648 11622 11630 11632 11603 11646 11619 11645 11617 11605 
774 4 1 0 0 0 0 8 2 2 5 5 5 29 12187 12207 12206 12235 11267 12219 11279 12188 12192 12233 12202 12220 12221 12191 12234 12338 12324 12304 12336 12351 11369 11384 11396 11402 12305 12309 12323 12352 12319 
775 4 1 2 0 0 0 8 2 4 5 5 5 30 12337 12421 12453 12468 12426 12470 12440 12454 12427 12441 11533 12455 12436 12422 12469 12572 12586 12568 12541 12558 12544 12543 12557 12539 12553 12587 12571 12538 11650 12585 
776 2 0 0 0 0 5 4 2 2 5 5 8 29 7501 7532 8440 7536 7506 7520 7551 7547 7550 7534 7519 7533 7546 7505 7618 7623 7651 8557 7667 7650 7665 7636 7668 7637 8555 8604 8561 7653 7622 
777 2 0 2 0 0 5 4 2 4 5 5 8 29 7752 7753 7754 7735 8686 7781 7768 7782 8672 7739 7766 7783 7767 7770 7785 7740 7870 7871 7852 7884 7900 7899 7887 7856 7869 7857 7885 7902 11634 
778 2 2 0 0 0 5 4 2 3 5 5 8 29 8452 8453 8467 12218 8486 8472 8471 8458 8439 8444 8443 8457 8482 8438 8575 8599 8603 8560 8584 8569 8570 8585 8556 12308 8574 8589 8588 8677 8716 
779 2 2 3 0 0 5 4 2 4 5 5 8 30 8673 8678 8674 8692 8691 8701 8721 8702 8706 8687 8720 8791 8819 8804 8794 8824 8821 8810 8834 8833 8790 8839 8820 8838 8805 8825 8795 8809 8806 8789 
780 4 0 0 0 0 5 8 2 2 5 5 8 29 11282 11283 11300 11254 11286 11255 11297 11271 11284 11268 12222 11296 11301 11269 11295 11385 11401 11368 12353 12310 11386 11412 11387 11371 11417 11418 11372 11414 11403 
781 4 0 2 0 0 5 8 2 4 5 5 8 29 11400 11531 11485 11516 11520 11535 11504 11530 11534 11518 11503 11517 12456 12442 11489 11607 11651 11637 11649 11621 11635 12560 11652 11602 12583 12584 11620 11633 11606 
782 4 2 0 0 0 5 8 2 2 5 5 8 29 12194 12236 12204 12203 12189 12237 12209 12208 12205 12193 12217 12232 12190 12223 12339 12325 12321 12311 12354 12335 12306 12349 12350 12334 12326 12340 12320 12322 12307 
783 4 2 2 0 0 5 8 2 4 5 5 8 30 12466 12467 12429 12437 12451 12471 12443 12428 12425 12438 12452 12424 12457 12423 12439 12574 12589 12556 12573 12554 12546 12540 12545 12570 12598 12542 12555 12569 12559 12588 
784 2 0 0 0 5 0 3 2 3 5 8 5 29 7554 7522 7507 7511 7539 7555 7540 7526 7512 7541 7553 7657 7656 7670 7643 7628 7625 7629 7639 8564 7672 7671 8596 7658 8562 7624 7644 7773 7760 
785 2 0 3 0 5 0 3 2 4 5 8 5 29 7788 7742 7761 7746 7744 7774 7756 8699 8727 8681 7787 7789 7775 7741 7861 7873 7892 7905 7878 7863 7906 7877 8842 7864 7858 7891 7890 7859 8797 
786 2 2 0 0 5 0 3 2 2 5 8 5 29 8445 8493 8446 8461 8476 8459 8465 8478 8488 8447 8473 8462 8450 8474 8479 8492 8582 8578 8610 8567 8605 8590 8579 8609 8595 8591 8565 8606 8563 
787 2 2 2 0 5 0 3 2 4 5 8 5 30 8708 8695 8713 8694 8707 8679 8685 8680 8723 8725 8712 8722 8682 8693 8831 8813 8798 8802 8846 8811 8841 8817 8840 8826 8828 8814 8812 8843 8796 8827 
788 3 0 0 0 5 0 8 2 2 5 8 5 29 11322 11290 12197 12195 12225 11275 11261 11262 11289 11305 11276 11303 11257 11274 11304 11391 11406 11408 11421 11392 11374 11422 11407 11379 11378 11393 12360 12341 11420 
789 3 0 2 0 5 0 8 2 4 5 8 5 29 11495 11510 11509 11539 11491 11506 11524 11537 12431 12477 12478 11525 11496 11523 11538 11656 11641 11628 11612 11609 11642 12581 11623 11608 11654 11627 11655 11613 11640 
790 3 2 0 0 5 0 8 2 2 5 8 5 29 12210 12201 12238 12239 12215 12211 12226 12244 12224 12196 12230 12212 12243 12327 12312 12347 12355 12361 12329 12314 12332 12328 12342 12343 12318 12330 12344 12315 12356 
791 3 2 2 0 5 0 8 2 4 5 8 5 30 12313 12461 12464 12459 12472 12473 12444 12446 12430 12435 12445 12450 12460 12458 12552 12567 12595 12575 12548 12549 12564 12562 12594 12576 12578 12590 12561 12577 12563 12591 
792 2 0 0 0 5 5 3 1 2 5 8 8 29 7543 7538 7527 7508 7525 7557 7556 7537 7528 7542 7509 7510 7524 7514 7523 7552 7654 7669 7640 7627 7660 7645 7642 7674 7655 7641 7673 7626 7659 
793 2 0 2 0 5 5 3 1 4 5 8 8 29 7630 7745 7772 7748 7743 7762 7776 7747 7763 7786 7791 7790 7771 7888 7866 7865 7862 7894 7875 7907 7874 7889 7904 7903 7908 7860 7880 7876 7879 
794 2 1 0 0 5 5 3 2 2 5 8 8 29 8466 8489 8490 7513 8475 8491 8495 8451 8449 8494 8477 8480 8463 8481 8464 8608 8568 8580 8581 8592 8597 8583 8598 7631 8612 8566 8593 8611 8607 
795 2 1 2 0 5 5 3 2 4 5 8 8 30 8709 8728 8684 8697 8724 8698 8683 8710 8700 8696 8711 8715 8729 8726 7758 8714 7777 7757 8800 8845 8847 8799 8801 8816 8832 8829 8830 7893 8815 8844 
796 3 0 0 0 5 5 8 1 3 5 8 8 29 11278 11263 11302 11260 11306 11292 11291 11287 11272 11259 11273 11277 11258 11288 11307 11389 11394 11380 11390 11405 11377 11409 11376 11419 11375 11404 11395 11540 11512 
797 3 0 3 0 5 5 8 1 4 5 8 8 30 11521 11498 11492 11541 11493 11507 11536 11522 11526 11527 7759 11508 11494 11511 11497 11643 11614 11638 11615 11639 11657 11653 11610 11626 11629 11658 11624 11644 11611 11625 
798 3 1 0 0 5 5 8 2 2 5 8 8 29 12240 12199 12213 11264 12214 12242 12245 12229 12216 12227 12228 12241 12198 8448 12246 12231 12200 12348 12362 12333 12346 12363 12357 11424 11381 11423 12317 12359 8594 
799 3 1 2 0 5 5 8 2 4 5 8 8 30 12331 12345 12358 12316 12433 12463 12447 12462 12480 12449 12448 12432 12479 12476 12474 12465 12434 12475 12592 12579 12550 12580 12565 12597 12596 12551 12582 12547 12593 12566 
800 2 0 0 5 0 0 3 2 2 8 4 5 29 7591 8496 7605 7590 7606 7564 7573 7577 7578 8540 7563 7559 8545 8512 7592 7678 7676 8642 7675 7694 7690 7681 7695 7691 7722 7724 7709 7723 7707 
801 2 0 2 5 0 0 3 2 4 8 4 5 29 7708 7705 7793 7807 7826 7822 7840 7812 7797 8730 7841 7811 7839 7792 7957 7909 7944 7958 7956 7943 7910 7929 7925 7914 7928 7915 8866 7939 7924 
802 2 2 0 5 0 0 3 2 2 8 4 5 29 8525 8510 8502 8529 8511 8499 8497 8544 8498 8539 8516 8526 8530 8643 8644 8647 8629 8657 8627 8615 8616 8619 8656 8659 8628 8633 8661 8613 8662 
803 2 2 2 5 0 0 3 2 4 8 4 5 30 8614 8779 8760 8773 8761 8750 8732 8778 8745 8759 8731 8774 8746 8762 8765 8736 8776 8865 8883 8864 8878 8850 8879 8877 8891 8892 8868 8893 8897 8851 
804 3 0 0 5 0 0 8 2 2 8 4 5 29 11354 7558 11309 11312 11313 11308 11324 11340 11341 11323 11327 11328 11342 11356 11355 11441 11457 7680 11440 11471 11425 11458 11473 11472 11444 11426 11459 11445 11430 
805 3 0 2 5 0 0 8 2 4 8 4 5 29 11557 11542 11574 11548 12483 11576 11543 11562 7798 11590 11558 11589 11545 11561 11575 11547 11706 11664 11662 11659 11707 11708 11692 11679 11660 11678 11674 11691 11693 
806 3 2 0 5 0 0 8 2 2 8 4 5 29 12263 12275 12262 12248 12252 12277 12276 12267 12281 12249 12295 12290 12294 12261 12408 12367 12365 12407 12411 12379 12409 12393 12384 12366 12392 12394 12378 12398 12380 
807 3 2 2 5 0 0 8 2 4 8 4 5 30 12412 12511 12524 12526 12501 12497 12515 12496 12484 12510 12525 12482 12495 12530 12600 12599 12632 12613 12643 12641 12614 12629 12647 12642 12601 12628 12618 12627 12612 8849 
808 2 0 0 5 0 5 3 1 3 8 4 8 29 7574 7566 7562 7576 7604 7560 7579 7603 7565 7588 7561 7593 7607 7580 7589 7693 7677 7721 7706 7682 7696 7725 7697 7683 7679 7813 7796 7814 7827 
809 2 0 3 5 0 5 3 1 4 8 4 8 29 7800 7838 7837 7809 7794 7843 7824 7810 7825 7842 7795 7799 7823 7808 7945 7942 7917 7926 7954 7940 7916 7931 7912 7955 7911 7960 7941 7959 7927 
810 2 1 0 5 0 5 3 2 2 8 4 8 29 8513 8517 7594 8546 7608 8542 8514 7575 8527 8500 8531 8515 8543 8541 8532 8501 8528 8649 8658 8664 8634 8617 7711 7720 8630 7710 8632 7692 8618 
811 2 1 2 5 0 5 3 2 4 8 4 8 30 8645 8646 8648 8663 8749 8751 8747 8775 8735 8748 8780 8763 8733 8781 8777 8734 8764 8766 8896 8848 8853 8863 8882 8867 8894 8880 8852 7930 8898 8881 
812 3 0 0 5 0 5 8 1 3 8 4 8 29 11344 11310 11314 11353 11311 11315 11325 11338 11329 11358 11357 11343 11339 11326 11428 11442 11461 11470 11455 11443 11475 11432 11456 11429 11447 11474 11431 11446 11588 
813 3 0 3 5 0 5 8 1 4 8 4 8 30 11577 11591 11572 11546 11564 11560 11544 11549 11573 11592 11587 11559 11563 11663 11681 11690 11661 11705 11666 11694 11680 11667 11677 11689 11675 11676 7913 11704 11695 11709 
814 3 1 0 5 0 5 8 2 2 8 4 8 29 12247 12293 12297 12296 12265 12291 12292 12280 12278 12279 12251 12266 12282 12250 12264 12396 12364 12399 11460 11427 8660 12383 12397 12369 8631 12413 12382 12414 12368 
815 3 1 2 5 0 5 8 2 4 8 4 8 30 12395 12381 12410 12500 12486 12531 12499 12514 12513 12485 12529 12527 12481 12498 12516 12512 12528 12602 12617 12631 12615 12603 12644 12645 12646 12648 8895 12630 12616 12633 
816 2 0 0 5 4 0 3 1 2 8 8 5 29 7609 7601 7572 7596 7568 7615 7597 7611 7595 7581 7586 7610 7614 7612 7583 7698 7731 7704 7729 7732 7685 7689 7712 7686 7726 7713 7718 7700 7727 
817 2 0 2 5 4 0 3 1 4 8 8 5 29 7699 7714 7831 7829 7803 7848 7816 7835 7849 7802 7804 7817 7821 7844 7963 7938 7947 7948 7921 7934 7962 7946 7966 7949 7919 7932 7952 7933 7920 
818 2 1 0 5 4 0 3 2 3 8 8 5 29 8522 7567 7582 8503 8547 8504 8553 8520 8535 8521 8506 8536 8507 8534 8549 8548 8652 8639 8637 8666 8653 8651 8638 8620 8625 8624 8670 8787 8755 
819 2 1 3 5 4 0 3 2 4 8 8 5 30 8754 8741 8770 8768 8785 7815 8783 7830 8769 7845 8752 8737 8742 8784 8756 8901 8859 8888 8869 8887 8855 8860 8902 8884 8857 8873 8874 8899 8854 8903 
820 3 0 0 5 4 0 8 1 3 8 8 5 29 11332 11365 11330 11346 11331 11318 11317 11359 11364 11360 11316 11362 11336 11345 11468 11448 11482 11481 11433 11462 11439 11476 11463 11477 11435 11464 11598 11580 11566 
821 3 0 3 5 4 0 8 1 4 8 8 5 29 11581 11593 11579 11570 11596 11599 11565 11551 11567 11556 11594 11550 11585 11696 11688 11698 11683 11697 11682 11673 11716 11684 11670 11669 11702 11711 11710 11665 7961 
822 3 1 0 5 4 0 8 2 2 8 8 5 29 12283 12271 11350 12257 12299 12287 11347 12258 12286 12253 12285 12301 12300 12272 12268 12389 12375 12404 12370 12416 11434 11453 12402 11449 12390 12403 12385 12418 12417 
823 3 1 2 5 4 0 8 2 4 8 8 5 30 12374 12507 12502 12519 12487 12492 12521 12520 12535 12506 12534 12491 11552 12489 12533 12488 12649 12605 12604 12619 12609 12651 12637 12634 12623 12624 12652 12636 12638 11715 
824 2 0 0 5 4 5 4 1 2 8 8 8 29 7613 11335 7617 7571 7599 7616 7598 7602 7600 7587 7570 7584 7569 7585 7703 7688 7717 7702 7716 11451 11452 7733 7687 7730 7728 7684 7715 7701 7719 
825 2 0 2 5 4 5 4 1 4 8 8 8 29 7734 7834 7806 7832 7850 7820 7819 7833 7836 7846 7805 7828 7847 7801 7818 7851 7950 7953 7964 7965 7937 7923 7951 7922 7968 7935 7967 7936 7918 
826 2 1 0 5 4 5 4 2 2 8 8 8 29 8518 8524 8550 8505 12256 8508 8538 8523 8551 8552 8533 8519 8537 8509 8626 8622 8641 8655 8667 8635 8621 8654 8665 12388 8650 8640 8669 8668 8636 
827 2 1 2 5 4 5 4 2 4 8 8 8 30 8623 8743 8772 8786 8757 8782 8753 8758 8744 8740 8767 8738 8771 8739 8886 8885 8876 8861 8858 8856 8904 8905 8875 8872 8889 8870 8862 8871 8890 8900 
828 4 0 0 5 4 5 8 2 3 8 8 8 29 11334 11361 11363 11349 11320 11348 11337 11319 11321 11351 11333 11367 11366 11352 11437 11479 11438 11450 11483 11466 11484 11480 11478 11436 11467 11454 11465 11469 11586 
829 4 0 3 5 4 5 8 2 4 8 8 8 30 11597 11554 11553 11569 11582 11583 11571 11601 11578 12532 11595 11568 11584 11555 11600 11686 11703 11699 11717 11700 11714 11701 11718 11672 11713 11671 11687 11668 11712 11685 
830 4 2 0 5 4 5 8 2 2 8 8 8 29 12259 12273 12288 12302 12303 12298 12269 12289 12260 12254 12274 12270 12284 12255 12387 12372 12391 12376 12405 12401 12371 12377 12400 12420 12415 12386 12406 12373 12419 
831 4 2 2 5 4 5 8 2 4 8 8 8 30 12508 12518 12509 12493 12517 12523 12503 12522 12504 12494 12505 12490 12537 12536 12606 12621 12650 12639 12625 12608 12620 12635 12626 12611 12640 12654 12653 12622 12607 12610 
832 2 0 4 0 0 0 3 2 6 4 4 5 29 8015 8004 8014 7972 8954 7989 8013 7986 8001 7998 7970 7985 8000 7971 8019 9058 8104 8131 8101 8089 8136 8119 8117 8090 8088 8105 8103 8132 8130 
833 2 0 6 0 0 0 3 2 8 4 4 5 29 8118 8236 8218 8248 8204 8206 8234 8203 8249 8235 8247 8253 9169 8221 8222 8207 8339 8324 8352 8320 8366 8335 8337 8325 8353 8370 8338 8351 9258 
834 2 2 4 0 0 0 3 2 6 4 4 5 29 8907 8953 8910 8940 8911 8921 8925 8952 8906 8935 8926 8939 8920 9026 9040 9071 9024 9072 9039 9044 9025 9029 9053 9067 9055 9052 9038 9027 9057 
835 2 2 6 0 0 0 3 2 8 4 4 5 30 9143 9175 9141 9185 9157 9170 9142 9147 9188 9155 9184 9189 9161 9174 9156 9273 9289 9278 9301 9272 9260 9292 9291 9302 9264 9306 9274 9261 9259 9287 
836 3 0 4 0 0 0 8 1 6 4 4 5 29 11748 7999 11734 11750 11720 11762 11763 11764 11739 11735 11722 11768 11721 11753 11733 11749 11881 11885 11866 11879 11837 11856 11852 11838 11865 11880 11851 11850 11867 
837 3 0 6 0 0 0 8 1 8 4 4 5 29 11839 11870 11983 11954 11955 11985 11999 11973 11998 11984 11996 12003 8220 11997 11956 11982 11988 12075 12102 12085 12117 12116 12086 12118 12070 12104 12089 12074 12103 
838 3 1 4 0 0 0 8 2 6 4 4 5 29 12655 12660 12703 12661 12670 12656 12690 12674 12689 12675 12704 12671 12685 12702 12792 12821 12802 12806 12773 12807 12789 12777 12817 12772 12791 12822 12787 12788 12778 
839 3 1 6 0 0 0 8 2 8 4 4 5 30 12924 12920 12892 12907 12939 12919 12934 12906 11969 12905 12896 12891 12925 12938 13013 13028 13037 13008 13023 13010 13041 13024 13042 13036 13055 13022 13056 13009 13051 12090 
840 2 0 4 0 0 5 4 2 7 4 4 8 29 7984 7988 8018 8016 7987 8002 8003 7974 8937 7973 8017 7969 8121 8133 8092 8106 8134 8120 8135 11884 8087 8116 8091 8102 8086 8209 8208 8251 8237 
841 2 0 7 0 0 5 4 2 8 4 4 8 29 8205 8223 8238 11987 8250 11986 8219 8224 12002 8233 8252 8322 8355 8341 8354 8323 8350 8336 8369 8365 8367 8321 8326 8368 9304 9294 9262 9303 8340 
842 2 2 4 0 0 5 4 2 6 4 4 8 29 8913 8942 8951 8912 8956 8927 8908 8936 8950 8941 8924 12688 8923 8909 8938 8955 8922 9043 9059 9042 9030 9060 9041 9068 9045 9028 9073 9070 9074 
843 2 2 6 0 0 5 4 2 8 4 4 8 30 9054 9069 9056 9160 9171 9190 9162 9145 9176 9159 9144 9146 9177 9172 9158 9186 9191 9187 9173 9275 9288 9305 9279 9263 9277 9290 9293 9307 9276 9308 
844 4 0 4 0 0 5 8 2 6 4 4 8 29 12657 11719 11751 11767 11723 11765 11766 11737 11754 11724 12663 11738 12677 11769 11752 11736 12779 11883 11840 11841 11868 11869 11855 11853 11836 11882 11854 11871 11886 
845 4 0 6 0 0 5 8 2 8 4 4 8 29 12001 11971 11970 12000 11958 11972 12912 12910 12926 12941 11957 11953 11968 12072 12073 12087 12119 12105 12091 12088 12076 12101 12071 12115 12120 13057 13043 12077 12100 
846 4 2 4 0 0 5 8 2 6 4 4 8 29 12701 12673 12706 12659 12686 12687 12662 12691 12672 12705 12676 12700 12658 12790 12824 12794 12805 12808 12776 12809 12819 12818 12793 12775 12820 12774 12804 12803 12823 
847 4 2 6 0 0 5 8 2 8 4 4 8 30 12780 12937 12911 12893 12897 12927 12894 12921 12940 12908 12895 12935 12909 12923 12936 12922 13012 13029 13054 13027 13040 13039 13058 13052 13053 13014 13026 13038 13011 13025 
848 2 0 4 0 4 0 3 1 7 4 8 5 29 7981 7994 7975 7980 8005 8024 8010 7990 7976 8020 8009 8025 8109 8124 8112 8113 8141 8137 8123 8107 8094 8127 8093 8122 8095 8108 8099 8239 8240 
849 2 0 7 0 4 0 3 1 8 4 8 5 29 8244 8216 8230 8254 8245 8255 8259 8211 8229 8241 8225 8226 8212 8362 8356 8342 8328 8361 8375 8376 8327 8358 8343 8357 8371 8329 8347 8344 8333 
850 2 1 4 0 4 0 3 2 6 4 8 5 29 7995 8916 8930 8928 8963 8934 8959 8929 8944 8917 8915 8945 8943 8957 8948 8958 9049 9035 9063 9076 9075 8142 9048 9064 9081 9077 9033 9062 9034 
851 2 1 6 0 4 0 3 2 8 4 8 5 30 9192 9167 9179 9194 9181 9166 9150 9165 9152 8258 8210 9180 9193 9151 9198 9163 9311 9284 9265 9269 9309 9296 9310 9283 9315 9297 9266 9298 9268 9282 
852 3 0 4 0 4 0 8 2 7 4 8 5 29 11745 11759 11773 11772 12708 12694 11771 11758 11744 11757 11730 11726 11725 11740 11887 11843 11889 11875 11847 11861 11844 11842 11890 11874 11876 11862 11848 11857 11992 
853 3 0 7 0 4 0 8 2 8 4 8 5 29 11965 11959 12008 11979 11993 11978 11991 11974 12009 11960 11964 12004 12121 12094 12078 12098 12108 12112 12122 12109 12080 12093 12079 12092 12084 12111 12127 12126 12107 
854 3 2 4 0 4 0 8 2 6 4 8 5 29 12698 12693 12710 12712 12707 12709 12666 12667 12692 12665 12678 12680 12679 12684 12711 12795 12810 12784 12782 12826 12797 12831 12828 12812 12811 12796 12827 12783 12801 
855 3 2 6 0 4 0 8 2 8 4 8 5 30 12816 12825 12900 12944 12942 12915 12916 12901 12943 12930 12933 12914 12902 12929 12948 13061 13032 13062 13059 13046 13065 13047 13018 13060 13031 13017 13019 13048 13033 13015 
856 2 0 4 0 4 5 3 1 6 4 8 8 29 8007 7977 8008 8006 8011 7993 8022 7992 7991 7978 7983 8021 7997 8012 7979 7996 8023 8111 8126 8098 8144 8097 8140 8115 8138 8129 8096 8100 8125 
857 2 0 6 0 4 5 3 1 8 4 8 8 29 8139 8110 8257 8261 8215 8213 8217 8227 8260 8231 8242 8214 8232 8364 8374 8360 8346 8330 8332 8331 8363 8348 8334 8372 8345 8349 8373 8377 8359 
858 2 1 4 0 4 5 3 2 6 4 8 8 29 8026 8946 8919 8960 7982 8931 8961 8918 8947 8914 8949 8932 8964 8962 9080 9078 9037 9036 9050 8128 9046 8143 9065 9032 8114 9061 9051 9079 9066 
859 2 1 6 0 4 5 3 2 8 4 8 8 30 9031 9047 9178 9196 9182 9183 9195 9164 9149 8246 8256 9168 9197 9154 9148 9153 9267 9313 9270 9312 9286 9295 9280 9285 9299 9314 9271 8378 9281 9300 
860 3 0 4 0 4 5 8 1 7 4 8 8 29 11756 11761 11729 11732 11774 11742 11728 11747 11760 11731 11755 11770 11746 11727 11741 11743 11863 11846 11872 11878 11860 11891 11888 11849 11864 11858 11845 11980 12010 
861 3 0 7 0 4 5 8 1 8 4 8 8 30 11963 12007 11989 11977 11995 8243 8228 11966 12005 11981 11976 11994 12006 12011 11962 12113 12129 12095 12097 12128 12123 12125 12110 12081 12114 12082 12099 12124 12106 12096 
862 3 1 4 0 4 5 8 2 6 4 8 8 29 12683 8933 12696 12714 12682 12668 12681 12699 11775 12669 12697 12695 12713 12664 12814 11873 11859 12798 11892 12786 11877 12800 12815 12785 12830 12781 12829 12813 12799 
863 3 1 6 0 4 5 8 2 8 4 8 8 30 12913 12947 12932 12946 12928 12904 12931 11975 12918 12899 12898 11990 12917 12945 11961 12903 11967 12083 13049 13064 13063 13016 13050 13030 13021 13045 13034 13044 13035 13020 
864 2 0 4 4 0 0 3 1 7 8 5 5 29 8076 8027 8033 8062 8061 8042 8059 8044 8057 8030 8043 8047 8029 8179 8176 8147 8188 8145 8173 8150 8161 8192 8160 8193 8159 8146 8174 8310 8265 
865 2 0 7 4 0 0 3 1 8 8 5 5 29 8291 8276 8296 8264 8293 8277 8282 8305 8295 8263 8267 8262 8381 8399 8385 8422 8393 8395 8407 8380 8379 8394 8413 8408 8427 8423 8382 8412 8410 
866 2 1 4 4 0 0 3 2 6 8 5 5 29 8075 9000 9015 9010 8982 8071 8967 8028 8996 8056 8983 9009 8968 8994 8995 9011 9101 9100 8165 9113 9087 8178 9082 9115 9086 9127 9114 9132 9128 
867 2 1 6 4 0 0 3 2 8 8 5 5 30 9099 9218 9204 9230 9249 8278 8309 9217 9246 9199 9245 9231 9203 9216 8290 8306 9232 9339 9348 9334 9362 9363 9349 9316 9321 9335 9333 9364 9338 9320 
868 3 0 4 4 0 0 8 1 7 8 5 5 29 11795 11776 11796 11777 11809 11810 11781 11823 11779 11824 11791 11825 11806 11782 11940 11927 11894 11913 11909 11899 11898 11912 11908 11928 11941 11893 11923 12028 12027 
869 3 0 7 4 0 0 8 1 8 8 5 5 29 12060 12047 12042 12044 12061 12013 12041 12032 12043 12056 12055 12014 12158 12160 12177 12178 12145 12131 12135 12173 12159 12144 12172 12147 12130 12164 12132 12161 12146 
870 3 1 4 4 0 0 8 2 6 8 5 5 29 8981 12750 12764 12746 12731 12718 12735 12730 12717 12716 12758 12745 12759 12760 12744 12747 12849 12878 12877 11942 12834 12836 12863 12864 12865 12876 12850 12835 12882 
871 3 1 6 4 0 0 8 2 8 8 5 5 30 12981 12982 12957 12994 12999 12953 12995 12968 12980 12018 12949 12993 12012 12029 12967 12952 12966 13085 13098 13111 13083 13066 13070 13112 13071 13099 13084 13116 13097 12150 
872 2 0 4 4 0 5 3 1 6 8 5 8 29 8048 8073 8063 8031 8077 8049 8074 8072 8045 8034 8046 8060 8058 8064 8032 8177 8166 8162 8164 8180 8195 8149 8175 8194 8151 8189 8181 8190 8148 
873 2 0 6 4 0 5 3 1 8 8 5 8 29 8268 8279 8312 8292 8298 8307 8311 8283 8280 8294 8297 8308 8281 8397 8414 8400 8429 8401 8402 8425 8396 8428 8411 8384 8383 8398 8424 8409 8415 
874 2 1 4 4 0 5 3 2 7 8 5 8 29 8969 8078 8997 9012 8966 9013 8985 8998 8984 8970 8999 8980 9014 8965 9117 9116 9097 8191 9098 9088 9129 9083 9102 9103 9084 9131 9085 9130 9214 
875 2 1 7 4 0 5 3 2 8 8 5 8 30 9205 9202 9206 9219 9200 9244 9247 9248 9220 9234 9233 9201 9229 9215 9336 9351 9318 9346 9317 9365 9319 9350 9347 9337 9331 9361 9322 9366 9323 9332 
876 3 0 4 4 0 5 8 1 6 8 5 8 29 11827 11783 11798 11780 11792 11808 11794 11811 11812 11822 11797 11826 11793 11784 11778 11807 11896 8163 11929 11924 11939 11910 11911 11915 11943 11900 11897 11925 11944 
877 3 0 6 4 0 5 8 1 8 8 5 8 30 11895 11901 11926 11938 11914 12048 12058 12017 12015 12059 12016 8266 12045 12057 12030 12062 12046 12031 12180 12163 8426 12175 12133 12149 12174 12162 12148 12165 12176 12134 
878 3 1 4 4 0 5 8 2 7 8 5 8 29 12762 12720 11821 12748 12761 12719 12749 12732 12763 12733 12715 12765 12734 12852 12837 12862 9112 12832 12879 12851 12838 12881 12847 12866 12848 12867 12880 12833 12954 
879 3 1 7 4 0 5 8 2 8 8 5 8 30 12965 12979 12955 12970 12998 12950 12964 12997 12951 12063 12033 12984 12969 12983 12996 13068 13087 13069 13081 13096 13100 13072 13113 13086 13115 13082 13101 13114 13067 12179 
880 2 0 4 4 5 0 4 2 7 8 8 5 29 8991 8081 8066 8053 8070 8079 8085 8080 8039 8038 8052 8037 8051 8155 8168 8197 8152 8156 8183 8187 8184 8169 8154 8202 8198 8185 8196 8170 8300 
881 2 0 7 4 5 0 4 2 8 8 8 5 29 8314 8272 8286 8316 8315 8313 8287 8273 8302 8301 8271 8319 8418 8431 8436 8417 8389 8403 8390 8404 8388 8430 8419 8405 8432 9344 9371 12140 9372 
882 2 2 4 4 5 0 4 2 6 8 8 5 29 9006 9002 8972 8977 8971 9016 9021 9003 8990 9004 9020 8986 8976 9001 9095 9109 9137 9124 9089 9118 9105 9090 9091 9138 9123 9104 9106 9133 9108 
883 2 2 6 4 5 0 4 2 8 8 8 5 30 9119 9227 9208 9221 9250 9223 9212 9222 9240 9255 9237 12985 9254 9251 9236 9241 9207 9235 9324 9358 9327 9329 9354 9353 9352 9340 9325 9326 9357 9367 
884 4 0 4 4 5 0 8 2 6 8 8 5 29 11788 11787 11805 11790 11832 11813 11828 11814 11829 11819 11830 11800 11833 11815 11801 11799 11786 11931 11918 11903 11930 11947 11917 11948 11950 12858 11946 11904 12840 
885 4 0 6 4 5 0 8 2 8 8 8 5 29 11922 11932 11936 11945 11905 11916 12066 12019 12038 12051 12023 12052 12037 12067 12036 12065 12020 12024 12136 12184 12168 12182 12155 12154 12170 12153 12169 12183 12141 
886 4 2 4 4 5 0 8 2 6 8 8 5 29 12755 12741 12769 12721 12770 12726 12724 12753 12740 12768 12736 12754 12722 12727 12870 12853 12883 12888 12887 12839 12868 12873 12854 12859 12872 12869 12845 12841 12842 
887 4 2 6 4 5 0 8 2 8 8 8 5 30 12958 13000 12956 13005 12971 12975 12976 12988 12962 12990 12986 12987 13004 13121 13104 13090 13089 13108 13103 13074 13075 13117 13073 13088 13107 13122 13093 13102 13092 13079 
888 2 0 4 4 5 5 4 2 6 8 8 8 29 8050 8068 8035 8055 8041 8083 8069 9008 8065 8040 8067 8082 8084 8054 8036 9017 8153 8171 9126 8167 9110 8201 8199 9092 8200 8172 8158 8186 8182 
889 2 0 6 4 5 5 4 2 8 8 8 8 29 8157 8275 8318 8288 8270 8317 8284 8304 8289 8269 8285 8299 8303 8274 8420 8387 8421 8435 8416 8392 8391 8434 9343 9368 9328 9374 8406 8386 8433 
890 2 2 4 4 5 5 4 2 6 8 8 8 29 8987 9023 8974 8973 8988 8978 8979 8989 9018 9005 8975 9022 9007 9019 8993 8992 9125 9136 9122 9111 9121 9135 9094 9093 9096 12857 9134 9107 9120 
891 2 2 6 4 5 5 4 2 8 8 8 8 30 9139 9140 9211 9243 9228 9242 9209 9252 9256 9238 9257 9224 9253 9213 9210 9226 9225 9239 9355 9330 9359 9341 9342 9370 9373 9360 9345 9356 9369 13077 
892 4 0 4 4 5 5 8 2 7 8 8 8 29 11816 11817 12738 11785 11820 11831 11835 11818 11789 11834 11802 11804 11803 11920 11907 11921 11934 11919 11906 11937 11933 11935 11902 11949 11951 11952 12889 12068 12069 
893 4 0 7 4 5 5 8 2 8 8 8 8 30 12053 12991 12050 12021 12022 12039 12035 12034 12054 12025 12026 12049 12040 12064 12167 12138 12157 12139 12137 12143 12152 12186 12156 12142 12181 12151 13120 12171 12166 12185 
894 4 2 4 4 5 5 8 2 6 8 8 8 29 12743 12756 12737 12752 12729 12757 12728 12742 12723 12725 12767 12766 12751 12739 12771 12871 12846 12856 12874 12860 12843 12885 12875 12886 12890 12855 12861 12884 12844 
895 4 2 6 4 5 5 8 2 8 8 8 8 30 13003 12978 12977 13002 13006 12963 12972 13007 12960 12989 12973 12959 12974 12992 12961 13001 13080 13091 13105 13076 13123 13119 13124 13078 13110 13094 13109 13095 13118 13106 
896 2 2 0 0 0 0 3 3 2 4 4 5 29 9378 9421 9407 9391 9424 9419 9406 9376 9405 9390 9395 9418 9377 9423 9375 9404 9389 9494 9540 9498 9507 9535 9493 9512 9536 9508 9523 9527 9522 
897 2 2 2 0 0 0 3 3 4 4 4 5 29 9521 9492 9541 9641 9640 9626 9642 9611 9659 9612 9613 9653 9645 9655 9627 9630 9654 9771 9770 9758 9745 9759 9728 9762 9744 9743 9776 9757 9729 
898 2 3 0 0 0 0 3 8 3 4 4 5 29 10328 10315 10357 10362 9408 10345 10358 10356 10316 10314 10330 10343 10344 10329 10448 10429 10477 10461 10434 10475 10433 10476 10462 10463 10444 10547 10567 10581 10551 
899 2 3 3 0 0 0 3 8 4 4 4 5 30 10593 10580 10552 9639 10566 10576 10561 10549 10548 10594 10595 10562 10712 10698 10708 10710 10684 10679 10666 10664 10665 10683 10697 9756 10667 10711 9772 10693 9730 10678 
900 3 2 0 0 0 0 8 3 2 4 4 5 29 13125 13158 13172 13126 13141 13139 13169 13159 13156 13168 13127 13173 13154 13140 13244 13276 13257 13273 13259 13243 13286 13290 13285 13271 13258 13275 13242 13248 13256 
901 3 2 2 0 0 0 8 3 4 4 4 5 29 13361 13389 13374 13402 13362 13407 13373 13390 13408 13376 13392 13375 13388 13360 13365 13403 13522 13521 13478 13508 13491 13477 13520 13523 13526 13476 13482 13506 13509 
902 3 3 0 0 0 0 8 8 3 4 4 5 29 13145 14095 14062 14108 14080 13131 14109 14066 13153 14094 14093 14067 14081 14079 14110 14212 14227 14184 13262 14183 14196 14197 14226 14179 14198 14225 14211 14343 14314 
903 3 3 3 0 0 0 8 8 4 4 4 5 30 14328 14315 13393 14311 14313 14329 13359 14301 14296 14344 14342 14300 13379 14330 14414 14443 14428 14419 14460 14413 14433 14462 14429 13496 14461 13507 14448 14447 13492 14418 
904 2 2 0 0 0 5 4 4 2 4 4 8 29 9396 9425 9420 9392 9426 10318 9380 9411 9379 9422 9394 9393 10445 9538 9509 9524 9539 9497 9526 9513 9543 9528 9542 9510 9511 9537 9525 9496 9495 
905 2 2 2 0 0 5 4 4 4 4 4 8 29 9656 9643 9644 9657 9610 9615 9658 9614 13406 10569 9660 10568 10592 9629 9628 9625 9774 9731 9732 9777 9773 9747 9742 9775 10709 9727 9760 9746 9761 
906 2 4 0 0 0 5 4 8 2 4 4 8 29 10327 10313 14097 10312 10332 10361 10347 10331 10359 10317 10360 10346 10342 10460 10478 10479 10465 10435 10430 10436 10446 10459 10464 10432 10474 10449 10450 10431 10447 
907 2 4 2 0 0 5 4 8 4 4 4 8 30 10563 10597 10579 10591 10583 10564 10554 10553 10577 10578 10596 10550 10582 10565 10685 10713 10671 10680 10700 10670 10695 10686 10668 10699 10681 10696 10714 10694 14415 10682 
908 4 2 0 0 0 5 8 4 2 4 4 8 29 13157 13128 14112 13130 13174 13171 13161 13160 13146 13129 13170 13143 13144 13155 13175 13142 13289 13288 13260 13274 13246 13245 13247 13272 13291 13278 13287 13292 13261 
909 4 2 2 0 0 5 8 4 4 4 4 8 29 13263 13277 13410 13404 13380 13409 13377 14298 13394 13378 13395 13363 13364 13391 13405 13479 13525 13494 13481 13480 13497 13527 13524 13511 13493 13510 13495 14417 13512 
910 4 4 0 0 0 5 8 8 2 4 4 8 29 14069 14096 14111 14092 14064 14065 14082 14063 14068 14083 14077 14107 14078 14229 14228 14180 14210 14195 14185 14194 14186 14181 14224 14200 14213 14209 14214 14182 14199 
911 4 4 2 0 0 5 8 8 4 4 4 8 30 14341 14331 14317 14303 14299 14297 14327 14302 14312 14345 14316 14346 14326 14463 14445 14458 14434 14421 14464 14420 14449 14459 14435 14444 14431 14430 14450 14432 14446 14416 
912 2 2 0 0 4 0 3 4 2 4 8 5 29 9381 9413 9427 9409 9414 9399 10367 10339 9386 9432 9382 9401 9400 9387 9415 9428 9531 9546 9530 9500 9516 9503 9549 9504 9518 9499 9532 9517 9545 
913 2 2 2 0 4 0 3 4 4 4 8 5 29 9617 9665 9616 9649 9622 10575 9646 9664 9618 9635 9650 9621 9631 9636 9734 9778 9733 9753 9782 9738 9780 9767 9752 9764 9748 9768 9763 9781 9739 
914 2 4 0 0 4 0 3 8 2 4 8 5 29 10348 10334 10368 10338 10364 10319 10363 10325 10352 10333 10321 10320 10353 10438 10485 10481 10453 10480 10437 10457 10486 10483 10466 10439 10470 10467 10451 10443 10452 
915 2 4 2 0 4 0 3 8 4 4 8 5 30 10471 10599 10558 10570 10589 10604 10557 10571 10587 10556 10585 10598 10586 10600 10584 10702 10715 10689 10673 10717 10688 10675 10716 10721 10692 10701 10674 10669 10707 10703 
916 3 2 0 0 4 0 8 4 2 4 8 5 29 13164 13149 13165 13150 13134 13182 13177 13132 13163 13136 13178 13176 13135 13179 13266 14207 13264 13299 14202 14235 13253 13268 13281 13249 13295 13252 13280 13267 13282 
917 3 2 2 0 4 0 8 4 4 4 8 5 29 13294 13293 13370 13411 13416 13413 13371 13383 13412 13399 13397 13385 13398 9663 14348 13384 13366 13483 13517 13488 13516 13487 13500 13502 13531 13530 13503 13515 13513 
918 3 4 0 0 4 0 8 8 3 4 8 5 29 14117 14085 14084 14075 14090 14099 14098 14103 14118 14104 14100 14113 14086 14070 14071 14189 14187 14221 14188 14215 14201 14231 14230 14216 14234 14192 14203 14220 14320 
919 3 4 3 0 4 0 8 8 4 4 8 5 30 14347 14333 14304 14352 14305 14319 14306 14332 14318 14324 14338 14310 14335 14350 14334 14337 14424 14423 14451 14471 14467 14466 14425 14442 14438 14437 14465 14436 14452 14456 
920 2 2 0 0 4 5 3 3 3 4 8 8 29 9431 9385 9410 9397 9416 9388 9383 9398 9403 9412 9384 9430 9429 9402 9515 9506 9548 9529 9514 9502 9501 9544 9533 9534 9519 9520 9661 9633 9647 
921 2 2 3 0 4 5 3 3 4 4 8 8 29 9632 9667 9666 9624 9620 9651 9652 9662 9648 9638 9637 9619 9634 9749 9779 9765 9754 9769 9783 9741 9750 9751 9737 9784 9736 9735 9766 9755 9740 
922 2 3 0 0 4 5 3 8 2 4 8 8 29 10324 10354 9417 10323 10337 10349 10355 10365 10322 10326 10341 10369 10336 10335 10350 10340 10366 10440 10455 10458 10441 10487 10482 10456 10473 10454 10468 10442 9547 
923 2 3 2 0 4 5 3 8 4 4 8 8 30 9505 10488 10484 10472 10602 10555 10588 10590 10605 10603 9623 10560 10601 10574 10573 10559 10572 10704 10677 10718 10691 10722 10720 10672 10676 10706 10690 10719 10705 10687 
924 3 2 0 0 4 5 8 4 2 4 8 8 29 13166 13151 13133 13167 13138 13162 13152 14076 13147 13148 13137 13181 13180 14223 13284 14193 14236 13297 13279 13251 13298 13255 13269 13265 13296 13270 13254 13250 13283 
925 3 2 2 0 4 5 8 4 4 4 8 8 30 13382 13386 13415 13414 13401 13368 13372 13369 13396 13400 13367 13381 13387 13518 13485 13504 13486 13529 13505 13533 13501 13499 13519 13484 13489 13532 13514 13498 13528 13490 
926 3 4 0 0 4 5 8 8 2 4 8 8 29 14088 14116 14102 14091 14115 14120 10351 14072 14101 14114 14087 14073 14089 14106 14119 14074 14105 14218 14222 14208 14219 10469 14205 14233 14191 14232 14206 14237 14190 
927 3 4 2 0 4 5 8 8 4 4 8 8 30 14204 14217 14339 14325 14323 14351 14309 14353 14349 14340 14336 14308 14354 14321 14307 14322 14472 14426 14440 14470 14422 14454 14457 14427 14468 14441 14453 14455 14469 14439 
928 2 2 0 4 0 0 4 4 3 8 5 5 29 9480 9467 9452 9466 9450 9479 9433 9451 9481 9438 9437 9465 9448 9582 9566 9596 9554 9583 9565 9597 9555 9568 9598 9550 9584 9569 9701 9716 9673 
929 2 2 3 4 0 0 4 4 4 8 5 5 29 9682 9683 9715 10637 9702 9672 9687 9714 9684 9668 9697 9790 9785 9833 9786 9832 9804 9814 9819 9800 9801 9805 9799 9789 9818 13540 13534 9831 9787 
930 2 4 0 4 0 0 4 8 2 8 5 5 29 10399 10386 10370 10419 14170 10420 10376 10371 10415 10372 10389 10405 10390 10402 10385 10400 10404 10414 10387 10519 10534 10518 10533 10494 10505 10507 10532 10489 10506 
931 2 4 2 4 0 0 4 8 4 8 5 5 30 10524 10538 10520 10490 10609 10624 10655 10649 10623 10636 10608 14370 10622 10651 10650 10641 10635 10767 10739 10726 10725 10772 10740 10768 10741 10753 10758 10727 10754 10752 
932 4 2 0 4 0 0 8 4 2 8 5 5 29 13233 13230 14165 13202 13200 13188 13183 13214 13198 13201 13229 13187 13216 13215 13331 13301 13315 13346 14282 13319 13347 14267 13318 13332 13317 13300 13333 13304 13348 
933 4 2 2 4 0 0 8 4 4 8 5 5 29 13305 13463 13464 13422 13432 13434 13435 13436 13417 13450 13465 13421 13449 13550 13569 13554 13583 13581 13568 13553 13564 13539 13536 13582 14490 13549 13551 14517 13535 
934 4 4 0 4 0 0 8 8 2 8 5 5 29 14122 14123 14135 14152 14127 14169 14151 14164 14141 14150 14154 14155 14137 14121 14136 14287 14238 14244 14252 14268 14240 14253 14258 14281 14286 14254 14272 14239 14269 
935 4 4 2 4 0 0 8 8 4 8 5 5 30 14355 14403 14404 14356 14390 14384 14385 14357 14398 14375 14386 14371 14358 14361 14387 14401 14399 14504 14518 14508 14476 14489 14502 14491 14475 14503 14516 14493 14474 14522 
936 2 2 0 4 0 5 3 3 3 8 5 8 29 9453 9482 9468 9436 9435 9434 9454 9464 9483 9439 9449 9478 9463 9580 9600 9553 9551 9599 9552 9571 9567 9581 9556 9557 9585 9570 9595 9586 9671 
937 2 2 3 4 0 5 3 3 4 8 5 8 29 9698 9685 9669 9670 9700 9718 9675 9717 9704 9688 9699 9703 9712 9713 9802 9835 9803 9820 9816 9791 9792 9815 9830 9829 9788 9834 9821 9807 9817 
938 2 3 0 4 0 5 3 8 2 8 5 8 29 9440 10377 10375 10373 10422 10406 10374 10393 10391 10417 10421 10401 10416 10388 10392 10407 10403 10493 10521 10509 10537 10522 10491 10508 10535 10539 10504 10492 10523 
939 2 3 2 4 0 5 3 8 4 8 5 8 30 10606 10621 10639 10652 10610 10656 10611 10640 10607 10626 10638 9689 9674 10625 10653 10654 10738 10773 10743 10728 10742 10769 10770 10771 10756 10755 10723 10757 10724 9806 
940 3 2 0 4 0 5 8 3 3 8 5 8 29 13217 13199 13184 13185 13190 13218 13186 13228 13189 13204 13213 13231 13232 13203 13307 13320 13350 13330 13349 13303 13345 13321 13335 13302 13316 13334 13306 13420 13467 
941 3 2 3 4 0 5 8 3 4 8 5 8 30 13447 13437 13462 13466 13418 9686 13424 13433 13452 13438 13451 13419 13448 13423 13579 13556 13538 13552 13584 13567 13571 13585 13580 13565 13555 13542 13566 13570 13541 13537 
942 3 3 0 4 0 5 8 8 2 8 5 8 29 14156 14172 14157 10418 14125 14171 14139 14168 14142 14166 14138 14124 14126 14140 14153 14167 14256 14289 14260 14274 14285 14243 14271 14273 10536 14255 14288 14241 14242 
943 3 3 2 4 0 5 8 8 4 8 5 8 30 14283 14270 14259 14284 14257 14402 14388 14372 14405 14359 14389 14360 14400 14376 14374 14391 14406 14373 14505 14478 14519 14492 14473 14520 14488 14523 14477 14507 14521 14506 
944 2 2 0 4 5 0 3 3 3 8 8 5 29 9486 9461 9447 9475 9470 9471 9442 9443 9474 9484 9456 9441 9469 9489 9592 9601 9558 9572 9588 9564 9606 9560 9574 9604 9559 9591 9587 9607 9722 
945 2 2 3 4 5 0 3 3 4 8 8 5 29 9721 9696 9677 9719 9691 9678 9690 9692 9710 9693 9707 9720 9725 9823 9794 9838 9828 9839 9808 9836 9822 9796 9795 9824 9813 9809 9842 9825 9837 
946 2 3 0 4 5 0 3 8 3 8 8 5 29 9457 10424 10426 9455 10425 10411 10381 10382 10410 10380 10409 10394 10396 10542 10501 10529 10544 9578 10526 10510 9602 10496 10515 10495 10543 10499 10514 10612 10631 
947 2 3 3 4 5 0 3 8 4 8 8 5 30 10659 10661 9679 9705 10632 10617 10660 10627 10642 10618 10647 10613 10628 9706 10646 10657 10763 10759 10735 10744 10730 10776 10777 10749 10729 10746 10778 10745 10764 10734 
948 3 2 0 4 5 0 8 3 3 8 8 5 29 13196 13219 9488 13224 13239 9485 13234 13206 13191 13207 13238 13235 13205 13220 13225 13313 13310 13308 9573 13309 13337 13351 13355 13342 13323 13356 13336 13341 13439 
949 3 2 3 4 5 0 8 3 4 8 8 5 29 13431 13469 13427 13425 13445 13458 13440 13468 13459 13472 13456 13453 13454 13426 13586 13587 13557 13591 13546 13577 13563 13572 13589 13558 13573 13545 13559 13588 13544 
950 3 3 0 4 5 0 8 8 2 8 8 5 29 13192 14147 14175 14159 10395 14146 14178 14174 14132 14128 14161 14160 14173 14145 14278 14262 14250 14263 14264 14291 13328 13322 13324 14276 10525 14249 10500 14292 14246 
951 3 3 2 4 5 0 8 8 4 8 8 5 30 14245 14277 14295 14395 14408 14410 14394 14393 14381 14367 14409 13441 13473 14362 14380 14379 14366 14526 14498 14499 14485 14527 14484 14513 14528 14512 14479 14494 14509 14480 
952 2 2 0 4 5 5 4 4 2 8 8 8 29 9462 13223 9446 9477 9444 13194 9460 9490 9459 9472 9473 9445 9458 9491 9487 9476 9576 9561 9563 9590 10527 9589 9593 9577 9575 9608 9605 9579 9562 
953 2 2 2 4 5 5 4 4 4 8 8 8 29 9594 9603 9609 9709 9708 9694 9724 9695 9681 10658 9723 9726 9676 9711 9680 9812 9797 9798 9843 9793 9840 9811 9810 9826 10751 10774 9841 10780 9827 
954 2 4 0 4 5 5 4 8 3 8 8 8 29 10378 10398 10408 10383 10397 10427 10384 10413 10412 10428 10379 10423 10511 10498 10503 10497 10540 10528 10545 10512 10541 10502 10531 10516 10513 10546 10517 10530 10644 
955 2 4 3 4 5 5 4 8 4 8 8 8 30 10634 10629 10645 10663 10633 10662 10630 10614 10620 10615 10648 10643 10619 10616 10747 10762 10731 10750 10779 10748 10760 10761 10733 10766 10737 10736 10765 14497 10732 10775 
956 4 2 0 4 5 5 8 3 2 8 8 8 29 13226 13193 13211 13236 13209 13208 13227 13221 13241 13210 13197 13212 13222 13195 13240 13314 13357 13326 13311 13358 13312 13340 13338 13325 13353 13344 13339 13352 13327 
957 4 2 2 4 5 5 8 3 4 8 8 8 30 13354 13329 13343 13446 13457 13444 13475 13470 13430 13429 13442 13455 13428 13461 13460 13471 13443 13474 13578 13592 13590 13575 13548 13560 13574 13561 13576 13562 13593 13547 
958 4 3 0 4 5 5 8 8 3 8 8 8 29 13237 14131 14130 14176 14149 14143 14148 14162 14134 14144 14158 14177 14129 14163 14133 14251 14248 14247 14261 14290 14266 14275 14265 14279 14294 14293 14280 14383 14412 
959 4 3 3 4 5 5 8 8 4 8 8 8 30 14378 14368 14369 14407 14396 14364 14363 14382 14365 14392 14377 14397 14411 14524 14500 14496 14511 14515 14514 14529 14510 14483 14525 14495 14486 14501 14487 14482 14481 13543 
960 2 2 4 0 0 0 3 4 7 4 5 5 29 10787 9875 9874 9873 9861 9846 9893 9888 9889 9847 9862 9879 9990 10006 9993 9964 9963 10007 9977 9991 10918 9978 9996 9979 9965 9992 10010 10005 10080 
961 2 2 7 0 0 0 3 4 8 4 5 5 29 10108 10124 10123 10082 10095 10122 10113 10081 10110 11035 10109 10096 10128 10213 10241 10245 10212 10239 10240 10226 10199 10197 10198 10230 11152 10242 11161 10227 10211 
962 2 4 4 0 0 0 3 8 6 4 5 5 29 10829 10801 10814 10796 10810 10781 10783 10782 10825 10800 10795 10798 10815 10932 10917 10927 10898 10899 10915 10928 10947 10946 10900 10912 10904 10901 10913 10942 10931 
963 2 4 6 0 0 0 3 8 8 4 5 5 30 11064 11059 11016 11015 11017 11063 11049 11034 11030 11032 11029 11021 11018 11044 11045 11147 11133 11167 11176 11132 11134 11162 11148 11166 11135 11164 11181 11180 11151 11138 
964 3 2 4 0 0 0 8 4 6 4 5 5 29 13639 9860 13595 13597 13625 13640 13626 13610 13611 13641 14551 13638 13627 13596 14565 13612 13644 13756 13744 13711 13757 13729 13742 13728 13755 13714 13743 13761 13730 
965 3 2 6 0 0 0 8 4 8 4 5 5 29 13713 13715 13828 13859 13878 13875 13861 13874 13845 13873 13860 10094 14784 13847 13846 13832 13949 13978 13945 13977 13950 13963 13976 13991 13964 14901 13995 13992 13962 
966 3 4 4 0 0 0 8 8 6 4 5 5 29 14536 14578 14548 14535 14577 14545 14546 14560 14564 14531 14579 14533 14532 14550 14695 14649 14696 14648 14650 14682 14694 14681 14667 14651 14653 14668 14663 14677 14662 
967 3 4 6 0 0 0 8 8 8 4 5 5 30 14767 14766 14765 14813 14812 14771 14809 14794 14779 14798 14799 14780 14785 14782 14768 14912 14916 14926 14899 14884 14882 14883 14915 14896 14897 14911 14931 14888 14902 14930 
968 2 2 4 0 0 5 4 4 6 4 5 8 29 9849 10826 9877 9844 9859 9890 9892 9876 10831 9845 9848 9878 9891 10799 9863 9894 10817 9864 10948 9980 9981 9966 10944 9976 10008 9995 10011 9994 9962 
969 2 2 6 0 0 5 4 4 8 4 5 8 29 9961 9967 10009 10125 10097 10078 10112 10079 10098 10111 10093 10126 10083 10084 10127 11022 10210 10229 10200 10225 10195 10228 10243 10196 10201 11139 10214 10244 10215 
970 2 4 4 0 0 5 4 8 7 4 5 8 29 10828 10816 10827 10811 10803 10830 10812 10785 10813 10802 10786 10797 10784 10788 10930 10919 10902 10929 10914 10905 10934 10903 10920 10916 10933 10945 10943 11061 11060 
971 2 4 7 0 0 5 4 8 8 4 5 8 30 11019 11046 11037 11036 14797 11050 11062 11033 11065 11020 11051 11066 11031 11048 11047 11179 11177 11178 11154 11183 11137 11136 11150 11168 11153 11165 11149 11163 11182 11169 
972 4 2 4 0 0 5 8 4 7 4 5 8 29 13624 13628 13609 14537 14552 14581 13629 14549 13594 13599 13642 13614 13613 13598 13643 13726 13760 13759 13758 13716 13741 13717 13745 13746 13727 13731 13712 13831 13848 
973 4 2 7 0 0 5 8 4 8 4 5 8 29 13877 13830 13863 13849 14769 13834 13862 13858 13844 13833 13829 13843 13876 13947 13994 13993 13961 13979 13960 13975 13946 13990 14889 13951 13965 13980 13966 14913 13948 
974 4 4 4 0 0 5 8 8 7 4 5 8 29 14562 14576 14561 14580 14575 14547 14567 14538 14566 14563 14534 14670 14693 14698 14666 14669 14655 14679 14678 14665 14684 14652 14692 14654 14697 14683 14680 14664 14783 
975 4 4 7 0 0 5 8 8 8 4 5 8 30 14811 14772 14800 14815 14786 14787 14796 14810 14801 14814 14795 14770 14781 14918 14914 14886 14917 14887 14903 14898 14929 14890 14927 14932 14885 14904 14900 14905 14891 14928 
976 2 2 4 0 5 0 4 3 7 4 8 5 29 9865 9853 13630 9880 9869 9867 9866 9850 9870 9856 9851 9884 9855 9885 9897 9898 9973 10015 9982 10014 10001 9985 9997 10002 9983 9972 9987 9968 10100 
977 2 2 7 0 5 0 4 3 8 4 8 5 29 10087 10105 10114 10132 10133 10090 10115 10102 10119 10104 10118 10085 10086 10099 10089 10131 10203 10216 10222 10217 10246 10235 10221 10202 10249 10250 10231 14000 10204 
978 2 3 4 0 5 0 4 8 6 4 8 5 29 10807 9899 10790 10805 10806 10792 10838 10791 10819 10832 10833 10820 10818 10834 10824 10936 10908 10950 10924 10016 10922 10935 10949 10952 10955 10937 10909 10951 10941 
979 2 3 6 0 5 0 4 8 8 4 8 5 30 10923 11052 11054 11026 11068 11041 11058 14808 11072 11025 11053 11027 11067 11039 11040 11175 11156 11157 11143 11170 11185 11142 10236 11171 11158 11144 11186 14933 11187 11184 
980 4 2 4 0 5 0 8 3 6 4 8 5 29 13616 13621 13649 13634 13606 13605 13645 13632 13620 13650 13635 13600 13631 13601 13719 13763 13762 13735 13738 13733 13748 13734 13752 13737 13767 13766 13747 13732 13720 
981 4 2 6 0 5 0 8 3 8 4 8 5 29 13724 13718 13835 13854 13837 13851 13838 13836 13870 13869 13841 13855 13884 13883 13865 13879 13953 13986 14001 13996 13969 13958 13982 13968 13954 13981 13967 13983 13952 
982 4 3 4 0 5 0 8 8 6 4 8 5 29 14540 14542 14570 14553 13615 14559 14584 14541 14554 14568 14569 14583 14555 14588 14573 14582 14691 14686 14672 14657 14676 14705 14659 14687 14658 14701 14700 14685 14699 
983 4 3 6 0 5 0 8 8 8 4 8 5 30 14804 14790 14818 14776 14791 14802 14774 13850 14775 13864 14822 14803 14789 14817 14793 14816 14939 14921 14892 14907 14893 14920 14934 14919 14908 14935 14906 13972 13987 14925 
984 2 2 4 0 5 5 3 3 6 4 8 8 29 9883 9901 9881 9887 9852 9854 9882 9895 9896 9871 9900 9857 9858 10003 9984 9989 9971 9974 10012 9970 10013 9975 10018 9969 9986 10004 9999 10000 9998 
985 2 2 6 0 5 5 3 3 8 4 8 8 29 10092 10088 10106 10135 10101 10130 10134 10117 10129 10103 10120 10218 10248 10233 10232 10247 10207 10224 10234 10238 10220 10209 10219 10208 10205 10237 10252 10251 10206 
986 2 3 4 0 5 5 3 8 6 4 8 8 29 10839 10835 10822 10793 10809 10794 9872 9886 10808 9868 10823 10804 10836 10821 10837 10789 9988 10017 10956 10939 10921 10926 10938 10925 10911 10953 10907 10940 10906 
987 2 3 6 0 5 5 3 8 8 4 8 8 30 10910 11057 11042 11073 11028 11069 10091 10107 10116 11023 11056 11043 10121 11055 11071 11024 11038 11070 11140 11141 11160 11155 11188 11146 11159 11174 11145 11172 11173 10223 
988 3 2 4 0 5 5 8 3 7 4 8 8 29 13603 13608 13648 13618 13622 13651 13623 13636 13646 13619 13602 13604 13633 13617 13721 13736 13764 13751 13723 13740 13725 13769 13768 13750 13753 13722 13754 13765 13868 
989 3 2 7 0 5 5 8 3 8 4 8 8 30 13885 13866 13842 13886 13881 13882 13853 13871 13867 13857 13872 13840 13852 13839 13856 13985 13955 13988 13973 13984 13971 13997 13959 14003 13989 13956 13970 13998 13957 13999 
990 3 3 4 0 5 5 8 8 6 4 8 8 29 13647 14572 14586 14587 13607 14543 13637 14544 14557 14589 14585 14556 14571 14574 14539 14558 14689 13739 13749 10954 14675 14671 14702 14706 14703 14661 14690 14674 14673 
991 3 3 6 0 5 5 8 8 8 4 8 8 30 14656 14660 14704 14688 14806 14819 14805 14788 14778 13880 14807 14777 14792 14821 14823 14773 14820 14936 14937 14909 14924 14910 14923 13974 14940 14895 14922 14938 14894 14002 
992 2 2 4 4 0 0 4 3 6 8 4 5 29 9931 9950 9921 9902 9916 9919 9935 9917 9936 9922 9903 9904 9946 9949 10036 10067 10038 10053 10063 10019 10039 10048 10034 10033 10020 10021 10068 10052 10025 
993 2 2 6 4 0 0 4 3 8 8 4 5 29 10180 10165 10136 10185 10151 10184 10156 10166 10138 10155 10137 10169 10142 10150 10283 10272 10254 10256 10282 14005 10255 10285 10297 10287 10301 10268 10253 10302 14052 
994 2 3 4 4 0 0 4 8 6 8 4 5 29 10843 10885 10886 10870 10857 10844 10858 10871 10875 10856 10889 10842 10872 10884 10887 10975 11003 10989 10992 11002 14710 14751 10974 11001 10973 11007 10959 10988 10960 
995 2 3 6 4 0 0 4 8 8 8 4 5 30 10961 11124 11107 11076 11106 11120 11119 11105 11078 11118 11091 11092 11090 10170 11121 11077 11239 11209 11193 11194 11210 11225 11208 11223 11238 11224 11195 11237 10259 10273 
996 4 2 4 4 0 0 8 3 6 8 4 5 29 13658 13653 13670 13687 13696 13667 13655 13684 13669 13681 13668 13700 13701 13654 13686 13672 13682 13652 13772 13813 13799 13801 13785 13817 13798 13784 13771 13803 13790 
997 4 2 6 4 0 0 8 3 8 8 4 5 29 13818 13775 13930 13902 13935 13901 13921 13903 13934 13931 13920 13915 13889 13888 13887 13916 14019 14010 14037 14038 14004 14047 14033 14032 14018 14006 14048 14020 14007 
998 4 3 4 4 0 0 8 8 6 8 4 5 29 14636 14593 14592 14639 14607 14625 14608 14634 14633 14619 14635 14606 14620 14621 14725 14737 14756 13786 13770 14711 14709 13804 14742 14752 14724 14738 14736 14739 14723 
999 4 3 6 4 0 0 8 8 8 8 4 5 30 14870 14826 14828 14853 14841 14855 14854 14873 14840 14842 13907 13892 14868 14869 14859 14827 14957 14991 14987 14958 14976 14973 14986 14945 14959 14985 14943 14972 14024 14944 
1000 2 2 4 4 0 5 3 3 6 8 4 8 29 9924 9952 9937 9906 9908 9905 9920 9909 9918 9948 9938 9923 9932 9951 9907 9934 10054 10064 10022 10055 10066 10050 10069 10041 10049 10051 10040 10035 10024 
1001 2 2 6 4 0 5 3 3 8 8 4 8 29 10065 10026 10172 10167 10168 10153 10139 10152 10183 10154 10141 10182 10140 10187 10157 10289 10303 10304 10274 10269 10288 10275 10300 10258 10270 10271 10286 10284 10260 
1002 2 3 4 4 0 5 3 8 7 8 4 8 29 10841 9947 10874 10873 10855 10890 10860 10859 10845 10846 10888 10840 10991 10037 11004 10957 10972 10962 10987 10976 11005 10990 10963 10958 11094 11122 11075 11093 11079 
1003 2 3 7 4 0 5 3 8 8 8 4 8 30 10158 11074 10181 11089 11109 11108 10143 11104 11123 10171 11080 10186 11222 11207 11197 11240 11226 10298 11196 11191 10257 11227 11221 11236 11211 11212 11206 11192 11241 10299 
1004 3 2 4 4 0 5 8 3 6 8 4 8 29 13685 13698 9933 13703 13659 13673 13697 13674 13671 13657 13702 13699 13683 13656 13787 10023 13776 13815 13774 13788 13802 13806 13816 13820 13791 13805 13814 13800 13789 
1005 3 2 6 4 0 5 8 3 8 8 4 8 30 13932 13906 13922 13891 13908 13936 13933 13890 13919 13905 13917 13923 13918 13937 13893 13904 14051 14039 14025 14054 14022 14023 14036 14035 14021 14049 14009 14040 14034 14050 
1006 3 3 4 4 0 5 8 8 6 8 4 8 29 14640 14622 14610 13688 14605 13689 14590 14591 14637 14638 14594 14624 14595 14609 14623 14755 14712 14757 14740 14707 14722 14741 14708 13819 13773 11006 14753 10977 14726 
1007 3 3 6 4 0 5 8 8 8 8 4 8 30 14727 14754 14857 14830 14829 14874 14825 14843 14856 14824 14839 14844 14871 14872 14858 14942 14971 14947 14990 14961 14988 14960 14941 14946 14053 14008 14974 14975 14989 14956 
1008 2 2 4 4 4 0 3 4 6 8 8 5 29 9953 10876 9927 9913 9939 9955 9930 9941 9942 9912 9954 9959 9911 9945 9926 9956 10030 10070 10058 10062 10056 10029 10028 10997 10057 10071 10072 10044 10043 
1009 2 2 6 4 4 0 3 4 8 8 8 5 29 10045 10076 10162 10193 10161 10147 10189 10179 10160 10173 10146 10174 11083 10175 10265 10310 10292 10263 10305 10279 10307 10290 10264 10278 10306 10296 10277 11219 10293 
1010 2 4 4 4 4 0 3 8 7 8 8 5 29 10862 10866 10881 10895 10851 10867 10861 10893 10848 10847 10852 10880 10979 10984 10978 10966 10983 11012 11011 10965 10993 10994 10969 11010 11008 10998 10964 11082 11081 
1011 2 4 7 4 4 0 3 8 8 8 8 5 30 11129 11110 11100 11115 11101 11096 11095 11126 11087 11125 11098 11114 11248 11247 11242 11232 11204 11243 11215 11198 11199 11233 11230 11213 11214 11229 11200 11244 11228 11189 
1012 3 2 4 4 4 0 8 4 7 8 8 5 29 13710 9940 13663 13691 13707 13704 13706 13662 13692 13676 13705 13677 13664 13678 13695 13794 13822 13821 13810 13809 13779 13781 13795 13827 13823 13780 13793 13808 13911 
1013 3 2 7 4 4 0 8 4 8 8 8 5 29 13944 13926 13897 13940 13939 13896 13927 13938 13925 10188 13898 13912 14061 14057 14056 14013 14043 14015 14030 14011 14042 14044 14055 14014 14028 14029 10291 14948 14963 
1014 3 4 4 4 4 0 8 8 6 8 8 5 29 14643 14596 10894 14611 14644 14630 14612 14599 14601 14631 14615 14616 14626 14597 14645 14602 14743 14747 14762 14713 14748 14760 14714 14728 14761 14729 14718 14758 14733 
1015 3 4 6 4 4 0 8 8 8 8 8 5 30 14719 14865 14860 14877 14879 14835 14846 14861 14831 14878 14875 14851 14845 14832 14864 14850 14836 14962 14982 14981 14996 14968 14995 14950 14977 14949 14978 14953 14994 14967 
1016 2 2 4 4 4 5 4 4 6 8 8 8 29 9960 9944 10892 9943 9929 9958 9925 10877 9957 9928 10869 10863 9910 9915 9914 10042 10031 10047 10074 10032 10061 13812 10073 10059 10077 10027 10060 10046 10075 
1017 2 2 6 4 4 5 4 4 8 8 8 8 29 10145 10163 10194 10177 10178 10148 10144 10191 10149 10192 10164 10159 10190 11128 11130 10176 10267 10262 10294 10266 10308 10261 10280 10281 10295 10309 10276 11218 10311 
1018 2 4 4 4 4 5 4 8 6 8 8 8 29 10896 10850 10864 10868 10878 10854 10879 10882 10865 10883 10853 10891 10897 10849 11009 10982 10971 10986 10968 10970 11014 10981 11000 10985 10980 10996 10999 10995 11013 
1019 2 4 6 4 4 5 4 8 8 8 8 8 30 10967 11131 11116 11099 11102 11117 11084 11103 11088 11127 11097 11112 11086 11111 11085 11113 11203 11245 11235 11220 11231 11234 11249 11201 11246 11216 11202 11217 11205 11190 
1020 4 2 4 4 4 5 8 4 7 8 8 8 29 13665 13694 13679 13661 13660 13693 13666 13690 14600 13680 13708 13675 13709 14750 14735 13777 13783 14720 13782 13811 13797 13792 13796 13826 13825 13807 13778 13824 13900 
1021 4 2 7 4 4 5 8 4 8 8 8 8 30 13899 13894 13943 13910 13914 13895 13928 13913 13909 13929 13941 14847 13942 13924 14017 14045 14026 14012 14058 14041 14016 14027 14998 14031 14993 14954 14046 14964 14060 14059 
1022 4 4 4 4 4 5 8 8 6 8 8 8 29 14530 14632 14647 14603 14641 14614 14646 14598 14613 14618 14629 14617 14628 14604 14642 14627 14730 14744 14732 14716 14763 14764 14721 14759 14734 14715 14717 14749 14731 
1023 4 4 6 4 4 5 8 8 8 8 8 8 30 14745 14746 14867 14876 14848 14834 14866 14852 14862 14838 14837 14880 14881 14863 14849 14833 14983 14980 14955 14984 14979 14965 14997 14966 14970 14992 14951 14969 14952 14999 
