128
128 0 0 0 0 0 0 5 12 13 12 13 11 15 1437 1407 1861 1268 934 1186 816 1450 1458 1895 589 1720 1355 1834 150 
129 5 0 0 0 0 0 13 12 13 12 13 11 16 1136 192 1627 17 353 246 650 1365 1797 1317 1103 1445 836 1017 1134 903 
130 0 0 0 0 0 11 7 12 13 12 13 26 15 1041 1512 85 1990 875 1967 422 1733 1004 1189 1772 741 1494 761 286 
131 7 0 0 0 0 11 13 12 13 12 13 26 16 1209 1980 1555 1014 1027 1457 689 1285 1255 928 1010 1828 694 939 1456 516 
132 0 0 0 0 13 0 4 12 13 12 26 13 15 1993 578 1684 938 784 1284 1499 1377 461 1142 1786 241 449 1807 494 
133 4 0 0 0 13 0 13 12 13 12 26 13 16 297 1152 178 1597 1649 1123 1032 806 1363 989 715 1028 1053 156 1373 1405 
134 0 0 0 0 13 13 6 12 13 12 26 26 16 921 675 713 1869 386 649 522 729 611 333 1574 26 1385 1116 313 962 
135 6 0 0 0 13 13 13 12 13 12 26 26 16 1357 908 1360 599 319 1564 830 1675 1579 1518 347 1581 321 848 1698 432 
136 0 0 0 12 0 0 5 12 13 26 12 9 15 920 885 1916 701 603 1174 544 79 1388 1452 1030 1549 677 1207 766 
137 5 0 0 12 0 0 13 12 13 26 12 9 16 774 976 1412 152 310 710 135 1185 1382 725 1845 1245 698 148 1132 511 
138 0 0 0 12 0 9 5 12 13 26 12 26 15 1589 1179 181 1253 259 466 122 285 965 1536 968 1205 1759 959 1139 
139 5 0 0 12 0 9 13 12 13 26 12 26 16 894 1337 1678 298 1989 1575 1921 510 1352 33 1323 76 1078 1709 665 644 
140 0 0 0 12 12 0 6 12 13 26 26 12 15 1527 1233 254 1683 1231 164 407 581 1594 1646 1359 1371 798 260 1239 
141 6 0 0 12 12 0 13 12 13 26 26 12 16 1454 849 44 1446 404 1025 1217 1482 708 397 471 757 348 311 34 999 
142 0 0 0 12 12 12 6 12 13 26 26 26 16 307 28 899 1726 501 746 1611 1318 462 1214 629 1634 1898 654 1220 906 
143 6 0 0 12 12 12 13 12 13 26 26 26 16 103 1091 401 1871 1621 1962 1208 813 1171 951 1203 1529 440 305 1384 1513 
144 0 0 13 0 0 0 6 12 26 13 12 13 15 1792 114 78 1783 1800 956 595 752 363 1520 1905 1290 1616 1819 211 
145 6 0 13 0 0 0 13 12 26 13 12 13 16 278 22 1155 1232 74 1582 1648 941 1922 661 1602 1985 669 277 1275 81 
146 0 0 13 0 0 13 7 12 26 13 12 26 15 1829 228 870 106 874 1642 480 1521 758 1668 843 846 233 912 465 
147 7 0 13 0 0 13 13 12 26 13 12 26 16 1325 1744 804 1026 1289 1453 994 1038 1226 1727 68 877 1223 1557 58 979 
148 0 0 13 0 12 0 7 12 26 13 26 10 15 56 18 1138 1867 1893 1716 1551 320 387 594 953 223 329 1346 1169 
149 7 0 13 0 12 0 13 12 26 13 26 10 16 1178 622 590 72 834 359 1656 696 1319 464 1334 410 1770 1918 1537 517 
150 0 0 13 0 12 10 4 12 26 13 26 26 16 235 828 1082 1440 183 913 1326 672 1280 1605 252 227 119 124 172 1804 
151 4 0 13 0 12 10 13 12 26 13 26 26 16 887 389 767 958 1908 393 1934 1847 113 1650 1043 980 732 1703 1661 24 
152 0 0 13 13 0 0 7 12 26 26 12 11 15 1544 1790 817 1378 541 102 1636 176 633 847 783 1715 1474 985 792 
153 7 0 13 13 0 0 13 12 26 26 12 11 16 490 1299 1930 165 1933 1613 1488 29 608 483 1545 138 1693 1891 1250 690 
154 0 0 13 13 0 11 5 12 26 26 12 26 15 1187 948 1003 1877 1630 1850 1422 1614 463 1669 1705 1890 642 882 303 
155 5 0 13 13 0 11 13 12 26 26 12 26 16 1418 468 458 1942 189 1417 207 606 450 62 1833 573 87 615 890 1379 
156 0 0 13 13 12 0 5 12 26 26 26 14 15 1466 170 295 1218 1738 160 864 918 1045 791 585 1553 154 1539 1109 
157 5 0 13 13 12 0 13 12 26 26 26 14 16 1193 1788 688 1524 532 325 1046 84 1825 279 118 1903 895 753 1658 730 
158 0 0 13 13 12 14 3 12 26 26 26 26 16 772 316 897 1657 345 423 1799 1121 1477 548 1455 1492 1278 1849 984 469 
159 3 0 13 13 12 14 13 12 26 26 26 26 16 204 258 625 1386 1730 408 1023 1975 276 645 776 1780 1568 607 927 1950 
160 0 12 0 0 0 0 5 26 12 13 11 14 15 728 1374 395 376 1348 1753 1480 199 1952 1848 1525 54 584 919 1404 
161 5 12 0 0 0 0 13 26 12 13 11 14 16 1047 971 1113 681 1161 564 1835 974 1971 379 1431 70 630 1339 995 827 
162 0 12 0 0 0 14 6 26 12 13 11 26 15 315 1747 190 185 1986 1633 991 1143 212 1641 182 1876 1029 513 720 
163 6 12 0 0 0 14 13 26 12 13 11 26 16 1667 554 1216 220 1973 856 900 621 337 717 1306 1291 1731 291 1049 413 
164 0 12 0 0 11 0 7 26 12 13 26 13 15 1308 742 716 1102 600 788 1517 1912 445 127 1885 1006 476 1301 149 
165 7 12 0 0 11 0 13 26 12 13 26 13 16 1778 1381 865 545 646 1277 1425 1297 1204 794 1719 367 1961 526 269 764 
166 0 12 0 0 11 13 7 26 12 13 26 26 16 1639 832 1 643 1907 417 213 249 693 1353 137 238 1840 262 593 1889 
167 7 12 0 0 11 13 13 26 12 13 26 26 16 1590 1680 1516 489 880 925 820 1172 986 1808 1666 225 358 161 434 1475 
168 0 12 0 13 0 0 6 26 12 26 12 11 15 1991 421 1787 430 1153 1064 446 1631 926 1714 264 1260 803 796 1853 
169 6 12 0 13 0 0 13 26 12 26 12 11 16 94 492 1831 105 745 1157 658 824 612 1723 1079 1875 829 1924 65 1909 
170 0 12 0 13 0 11 8 26 12 26 12 26 15 560 1810 378 527 3 1144 1057 1362 306 400 426 1367 314 1461 1506 
171 8 12 0 13 0 11 13 26 12 26 12 26 16 1740 1081 1024 1397 1070 493 1342 1235 785 1133 107 1303 1040 1076 1718 910 
172 0 12 0 13 12 0 8 26 12 26 26 11 15 484 1395 1462 1271 1728 1127 1478 381 89 318 1608 839 1160 67 1104 
173 8 12 0 13 12 0 13 26 12 26 26 11 16 1210 229 299 288 317 482 592 1640 973 1687 1798 1505 1434 561 759 1572 
174 0 12 0 13 12 11 6 26 12 26 26 26 16 1256 1037 664 697 243 542 8 1073 1313 1711 1647 366 1350 706 261 1316 
175 6 12 0 13 12 11 13 26 12 26 26 26 16 1166 1500 1550 1957 1491 415 872 1211 392 1432 100 982 240 509 1302 1312 
176 0 12 12 0 0 0 4 26 26 13 12 14 15 627 555 1722 748 823 519 13 1625 1970 343 1665 871 1785 1735 503 
177 4 12 12 0 0 0 13 26 26 13 12 14 16 488 770 1737 47 616 1857 1108 48 40 975 1279 879 733 1400 247 518 
178 0 12 12 0 0 14 6 26 26 13 12 26 15 1327 686 1269 1691 1925 763 1514 1870 537 459 768 591 1048 568 1177 
179 6 12 12 0 0 14 13 26 26 13 12 26 16 888 562 1508 75 1734 1194 922 1576 734 1115 565 1460 826 1652 1007 1335 
180 0 12 12 0 12 0 5 26 26 13 26 13 15 1117 475 1344 1495 678 1913 1773 641 1843 777 1822 1816 1399 801 1438 
181 5 12 12 0 12 0 13 26 26 13 26 13 16 1252 270 1015 171 954 802 140 37 893 1814 1519 265 1329 1981 1919 1690 
182 0 12 12 0 12 13 4 26 26 13 26 26 16 852 1322 444 1900 328 1370 596 90 141 1137 1309 1570 473 1068 576 549 
183 4 12 12 0 12 13 13 26 26 13 26 26 16 479 437 1609 1328 433 1944 126 350 214 244 354 623 1394 1578 1199 273 
184 0 12 12 13 0 0 4 26 26 26 14 11 15 1592 1274 1864 372 361 861 1823 790 1393 529 1969 805 1307 453 97 
185 4 12 12 13 0 0 13 26 26 26 14 11 16 567 1746 1535 497 812 1283 721 1163 77 365 364 1779 1948 1560 604 1775 
186 0 12 12 13 0 11 5 26 26 26 14 26 15 932 775 136 331 500 1573 256 414 628 1777 1617 237 1917 1938 990 
187 5 12 12 13 0 11 13 26 26 26 14 26 16 1100 436 1789 1674 200 486 1758 1965 1809 133 1696 1262 1874 338 1156 1612 
188 0 12 12 13 14 0 4 26 26 26 26 12 15 1694 1509 1320 1879 349 1035 281 1826 1364 1476 1643 1911 1955 751 1887 
189 4 12 12 13 14 0 13 26 26 26 26 12 16 442 6 876 1464 168 1219 1762 1148 743 1125 39 428 263 280 266 1485 
190 0 12 12 13 14 12 5 26 26 26 26 26 16 651 1563 431 520 534 917 342 96 339 162 131 1390 1654 1717 1292 35 
191 5 12 12 13 14 12 13 26 26 26 26 26 16 1242 1158 1182 1033 1409 1600 1159 1931 1886 1949 362 873 765 619 115 1749 
192 13 0 0 0 0 0 18 12 13 12 13 10 15 1670 636 352 530 1713 1093 177 1725 1793 1465 1345 685 173 1966 1863 
193 18 0 0 0 0 0 26 12 13 12 13 10 16 780 855 155 558 703 1708 1559 771 1566 731 944 38 218 1982 1920 1380 
194 13 0 0 0 0 10 19 12 13 12 13 26 15 535 1201 854 1751 1977 508 1011 940 83 1565 911 1180 377 736 275 
195 19 0 0 0 0 10 26 12 13 12 13 26 16 1338 1300 1444 1126 747 255 1221 374 1147 1547 455 20 1034 1240 684 145 
196 13 0 0 0 13 0 21 12 13 12 26 14 15 1042 1523 73 59 478 904 1019 1087 1472 992 9 1604 831 1577 601 
197 21 0 0 0 13 0 26 12 13 12 26 14 16 419 1671 640 1433 1052 1569 1402 1791 294 1276 1237 1858 1824 1063 1190 1606 
198 13 0 0 0 13 14 16 12 13 12 26 26 16 1018 1659 399 755 52 1904 19 1310 1429 1632 80 1331 1953 1392 586 1122 
199 16 0 0 0 13 14 26 12 13 12 26 26 16 1419 312 1741 653 652 11 981 1502 293 289 1427 998 789 5 935 1463 
200 13 0 0 12 0 0 20 12 13 26 13 14 15 1265 184 143 1664 1257 470 955 1120 1862 1441 1704 1135 546 16 1635 
201 20 0 0 12 0 0 26 12 13 26 13 14 16 1212 224 598 679 1228 1530 10 301 950 402 1008 99 930 42 1336 1504 
202 13 0 0 12 0 14 20 12 13 26 13 26 15 205 498 1420 1548 1411 1615 915 167 1361 1672 485 809 1099 1745 1507 
203 20 0 0 12 0 14 26 12 13 26 13 26 16 95 857 1721 188 175 1009 1937 1398 750 868 1448 683 1838 1368 398 822 
204 13 0 0 12 13 0 19 12 13 26 26 13 15 123 1663 1724 290 1468 219 1999 1484 1092 639 1175 142 1314 557 773 
205 19 0 0 12 13 0 26 12 13 26 26 13 16 1743 1154 1451 1526 547 53 566 692 524 671 533 117 1701 1644 101 810 
206 13 0 0 12 13 13 18 12 13 26 26 26 16 1998 1851 1188 1270 901 1244 807 405 1198 1098 657 163 502 787 302 1054 
207 18 0 0 12 13 13 26 12 13 26 26 26 16 109 496 412 1795 1854 705 682 1168 896 638 655 460 1112 1580 943 1660 
208 13 0 13 0 0 0 20 12 26 11 13 15 15 714 1946 609 1994 64 1251 540 552 707 1784 1561 159 128 1926 531 
209 20 0 13 0 0 0 26 12 26 11 13 15 16 724 125 477 1164 1638 50 1558 326 1236 506 1118 239 1165 699 1997 1051 
210 13 0 13 0 0 15 18 12 26 11 13 26 15 1002 835 1802 222 782 1261 1510 867 786 1341 582 859 960 27 499 
211 18 0 13 0 0 15 26 12 26 11 13 26 16 1739 704 1229 382 1493 993 1868 504 1170 82 456 1097 521 818 1072 1149 
212 13 0 13 0 13 0 19 12 26 11 26 13 15 186 898 583 1844 1603 553 69 158 574 373 216 1710 217 1881 1281 
213 19 0 13 0 13 0 26 12 26 11 26 13 16 1756 1806 130 1587 1403 1366 845 1601 1096 1183 206 1140 1830 1841 368 1940 
214 13 0 13 0 13 13 19 12 26 11 26 26 16 1213 749 1000 429 457 41 587 1036 1923 1522 1248 575 1880 55 1988 443 
215 19 0 13 0 13 13 26 12 26 11 26 26 16 866 108 841 112 32 966 12 1005 4 838 1197 937 1511 336 1571 1888 
216 13 0 13 11 0 0 18 12 26 26 14 12 15 1585 1383 1069 663 1375 735 1832 902 391 536 947 1443 1130 1552 1496 
217 18 0 13 11 0 0 26 12 26 26 14 12 16 580 1801 1470 1515 1247 251 1839 1901 1016 1058 1230 1471 863 1837 1050 551 
218 13 0 13 11 0 12 20 12 26 26 14 26 15 210 1533 14 248 691 1430 1224 1865 1899 1750 1534 837 491 687 134 
219 20 0 13 11 0 12 26 12 26 26 14 26 16 201 1311 1435 821 274 495 360 121 795 1598 563 1954 695 1757 384 1776 
220 13 0 13 11 14 0 16 12 26 26 26 12 15 1976 1080 1623 187 1588 1910 1896 1077 1624 1915 1503 1022 388 194 1340 
221 16 0 13 11 14 0 26 12 26 26 26 12 16 215 1827 853 712 467 1428 610 631 1415 1459 842 1676 617 420 1145 1114 
222 13 0 13 11 14 12 19 12 26 26 26 26 16 1119 60 1439 169 322 700 427 1541 1692 396 144 1855 632 356 147 1968 
223 19 0 13 11 14 12 26 12 26 26 26 26 16 1354 1369 1707 936 1044 1754 1586 884 978 987 191 1321 963 1596 1062 49 
224 13 12 0 0 0 0 19 26 12 13 13 15 15 452 282 1755 1619 1702 889 296 1960 528 132 1546 1894 139 1330 1288 
225 19 12 0 0 0 0 26 26 12 13 13 15 16 1813 1447 370 208 86 634 946 624 174 539 1489 1225 1258 961 369 111 
226 13 12 0 0 0 15 19 26 12 13 13 26 15 1095 332 1752 487 1333 709 1075 1556 271 1655 1811 1686 1356 120 383 
227 19 12 0 0 0 15 26 26 12 13 13 26 16 1424 340 778 800 439 1296 1873 1796 1391 635 605 1618 1490 1055 375 1653 
228 13 12 0 0 13 0 18 26 12 13 26 11 15 1487 1083 1978 1765 1414 409 1315 1706 1416 1996 754 659 209 1697 1486 
229 18 12 0 0 13 0 26 26 12 13 26 11 16 61 1884 1176 1622 1173 1771 1347 0 571 1408 341 1332 572 197 371 390 
230 13 12 0 0 13 11 19 26 12 13 26 26 16 283 1421 892 1243 1929 814 676 739 588 104 507 613 403 1984 1401 334 
231 19 12 0 0 13 11 26 26 12 13 26 26 16 1712 570 931 719 304 1151 662 330 942 1031 447 1939 933 1413 203 1094 
232 13 12 0 13 0 0 19 26 12 26 14 11 15 1959 2 1805 1396 1983 727 284 1124 881 1626 597 406 1567 1673 21 
233 19 12 0 13 0 0 26 26 12 26 14 11 16 1689 451 1150 1812 1273 1766 1685 151 964 1528 1086 550 905 819 1682 1469 
234 13 12 0 13 0 11 19 26 12 26 14 26 15 957 1803 1628 1074 862 454 1110 505 577 969 967 1020 355 1736 1821 
235 19 12 0 13 0 11 26 26 12 26 14 26 16 737 1423 1782 93 46 57 1688 1351 63 1089 656 1769 1866 1897 1060 98 
236 13 12 0 13 14 0 19 26 12 26 26 12 15 1882 66 327 1979 1131 300 1272 1532 674 193 250 1995 292 660 1542 
237 19 12 0 13 14 0 26 26 12 26 26 12 16 1479 1206 1295 1815 840 1538 711 851 1607 1192 92 1298 435 1426 1878 602 
238 13 12 0 13 14 12 20 26 12 26 26 26 16 1497 815 744 637 88 1764 202 257 808 157 1729 23 1859 1013 1540 7 
239 20 12 0 13 14 12 26 26 12 26 26 26 16 1146 952 673 25 1324 797 385 858 1595 1410 1928 1294 146 667 1467 1249 
240 13 12 12 0 0 0 19 26 26 12 14 15 15 36 1846 116 1088 648 860 1645 514 1191 308 1761 1061 1266 232 1583 
241 19 12 12 0 0 0 26 26 26 12 14 15 16 618 723 472 91 1935 1246 972 1263 833 1651 997 1700 129 1056 31 1349 
242 13 12 12 0 0 15 19 26 26 12 14 26 15 579 1387 996 1406 988 1695 448 1932 1436 268 1629 811 1781 1293 907 
243 19 12 12 0 0 15 26 26 26 12 14 26 16 756 1774 1768 718 1021 166 394 1065 1376 1059 221 380 1227 1902 869 1852 
244 13 12 12 0 14 0 18 26 26 12 26 13 15 914 1001 1287 1637 1856 666 1241 1956 1763 1215 357 1872 1951 1498 226 
245 18 12 12 0 14 0 26 26 26 12 26 13 16 1732 556 1305 543 970 1066 324 726 1012 1389 323 1543 346 512 850 1106 
246 13 12 12 0 14 13 18 26 26 12 26 26 16 1259 740 781 886 309 1184 1936 949 1222 626 418 1531 1162 891 43 1892 
247 18 12 12 0 14 13 26 26 26 12 26 26 16 883 267 1129 351 424 559 1473 234 1481 1304 1818 1927 1343 195 668 1141 
248 13 12 12 12 0 0 21 26 26 26 11 11 15 1987 45 1202 1842 1238 1662 441 1267 272 1679 793 1860 196 438 620 
249 21 12 12 12 0 0 26 26 26 26 11 11 16 344 1964 1593 614 335 680 1105 569 1677 1610 1449 245 1883 1264 1562 15 
250 13 12 12 12 0 11 17 26 26 26 11 26 15 71 1181 1483 1914 110 1067 1974 411 1945 825 1071 916 1286 523 425 
251 17 12 12 12 0 11 26 26 26 26 11 26 16 1195 762 929 416 179 909 1254 799 1167 1742 1836 236 1820 1748 983 1128 
252 13 12 12 12 11 0 19 26 26 26 26 14 15 538 1958 1794 474 769 1372 1599 1699 1090 1501 1196 198 481 1620 230 
253 19 12 12 12 11 0 26 26 26 26 26 14 16 1234 702 844 779 287 738 1039 878 1941 1992 51 30 924 722 977 1767 
254 13 12 12 12 11 14 18 26 26 26 26 26 16 1681 1943 1947 1760 180 923 1107 1963 1591 1584 1817 945 1442 1358 1084 1282 
255 18 12 12 12 11 14 26 26 26 26 26 26 16 1906 647 1111 1200 525 1554 231 670 1972 242 253 153 515 1101 760 1085 
