1024
1024 0 0 0 0 0 0 2 2 2 2 5 5 4 40 1250 1 317 
1025 0 0 0 2 0 0 2 2 2 4 5 5 5 45 10 49 15 54 
1026 0 0 2 0 0 0 2 2 4 2 5 5 5 118 79 84 1333 123 
1027 0 0 2 2 0 0 2 2 4 4 5 5 5 1338 88 127 132 93 
1028 0 2 0 0 0 0 2 2 3 3 5 5 5 352 351 312 356 362 
1029 0 2 0 3 0 0 2 2 3 4 5 5 5 323 401 367 406 328 
1030 0 2 3 0 0 0 2 2 4 2 5 5 5 390 429 431 392 395 
1031 0 2 3 2 0 0 2 2 4 4 5 5 5 434 439 440 445 1656 
1032 2 0 0 0 0 0 2 2 2 3 5 5 4 1255 1294 1261 1260 
1033 2 0 0 3 0 0 2 2 2 4 5 5 5 1265 1266 1264 1303 1305 
1034 2 0 2 0 0 0 2 2 4 2 5 5 5 1368 1289 1681 1328 1373 
1035 2 0 2 2 0 0 2 2 4 4 5 5 5 1374 1377 1299 1382 1343 
1036 2 2 0 0 0 0 2 2 2 2 5 5 5 1603 1562 1601 1568 1567 
1037 2 2 0 2 0 0 2 2 2 4 5 5 5 1606 1573 1611 1617 1578 
1038 2 2 2 0 0 0 2 2 4 2 5 5 5 1642 1680 1647 1645 1686 
1039 2 2 2 2 0 0 2 2 4 4 5 5 5 1684 1685 1650 1689 1695 
1040 0 0 0 0 0 5 1 2 2 2 5 8 4 0 39 5 6 
1041 0 0 0 2 0 5 1 2 2 4 5 8 5 44 322 11 327 16 
1042 0 0 2 0 0 5 1 2 4 3 5 8 5 117 78 122 83 402 
1043 0 0 2 3 0 5 1 2 4 4 5 8 5 89 128 50 55 133 
1044 0 2 0 0 0 5 1 2 2 2 5 8 5 314 313 353 318 319 
1045 0 2 0 2 0 5 1 2 2 4 5 8 5 358 357 324 363 366 
1046 0 2 2 0 0 5 1 2 4 2 5 8 5 430 391 397 436 396 
1047 0 2 2 2 0 5 1 2 4 4 5 8 5 400 441 361 444 405 
1048 1 0 0 0 0 5 2 2 2 2 5 8 4 1251 1290 1256 1295 
1049 1 0 0 2 0 5 2 2 2 4 5 8 5 1613 1300 1616 1618 1304 
1050 1 0 2 0 0 5 2 2 4 2 5 8 5 119 1329 1367 1334 1372 
1051 1 0 2 2 0 5 2 2 4 4 5 8 5 1339 1378 1383 1344 94 
1052 1 2 0 0 0 5 2 2 3 2 5 8 5 1564 1563 1602 1607 1569 
1053 1 2 0 2 0 5 2 2 3 4 5 8 5 1608 1572 1612 1577 1655 
1054 1 2 3 0 0 5 2 2 4 3 5 8 5 1641 435 1646 1652 1651 
1055 1 2 3 3 0 5 2 2 4 4 5 8 5 1690 1691 1696 1657 1694 
1056 0 0 0 0 5 0 1 1 2 1 8 5 4 2 4 41 43 
1057 0 0 0 1 5 0 1 1 2 4 8 5 5 46 7 13 57 18 
1058 0 0 2 0 5 0 1 1 4 2 8 5 5 120 82 121 80 85 
1059 0 0 2 2 5 0 1 1 4 4 8 5 5 124 129 90 135 96 
1060 0 1 0 0 5 0 1 2 2 3 8 5 5 354 320 359 326 364 
1061 0 1 0 3 5 0 1 2 2 4 8 5 5 369 370 329 368 331 
1062 0 1 2 0 5 0 1 2 4 4 8 5 5 393 398 403 442 408 
1063 0 1 2 4 5 0 1 2 4 4 8 5 5 409 446 407 448 447 
1064 1 0 0 0 5 0 2 1 2 2 8 5 4 1291 1252 1258 1257 
1065 1 0 0 2 5 0 2 1 2 4 8 5 5 1297 1302 51 12 1263 
1066 1 0 2 0 5 0 2 1 4 2 8 5 5 1330 1371 1369 1370 1335 
1067 1 0 2 2 5 0 2 1 4 4 8 5 5 1340 1379 1341 1385 1346 
1068 1 1 0 0 5 0 2 2 2 3 8 5 5 315 1565 1605 1570 1574 
1069 1 1 0 3 5 0 2 2 2 4 8 5 5 1576 325 1614 1580 1579 
1070 1 1 2 0 5 0 2 2 4 2 8 5 5 1644 1683 1609 437 1648 
1071 1 1 2 2 5 0 2 2 4 4 8 5 5 1653 1692 1619 1697 1658 
1072 0 0 0 0 5 5 1 1 2 2 8 8 4 42 3 8 9 
1073 0 0 0 2 5 5 1 1 2 4 8 8 5 47 52 56 19 58 
1074 0 0 2 0 5 5 1 1 4 3 8 8 5 81 125 87 91 53 
1075 0 0 2 3 5 5 1 1 4 4 8 8 5 131 130 134 136 95 
1076 0 1 0 0 5 5 1 2 3 2 8 8 5 316 355 394 321 360 
1077 0 1 0 2 5 5 1 2 3 4 8 8 5 48 365 14 17 330 
1078 0 1 3 0 5 5 1 2 4 2 8 8 5 432 433 86 126 399 
1079 0 1 3 2 5 5 1 2 4 4 8 8 5 438 443 404 92 97 
1080 1 0 0 0 5 5 2 1 2 2 8 8 4 1293 1254 1253 1259 
1081 1 0 0 2 5 5 2 1 2 4 8 8 5 1296 1298 1262 1301 1306 
1082 1 0 2 0 5 5 2 1 4 2 8 8 5 1331 1332 1336 1337 1375 
1083 1 0 2 2 5 5 2 1 4 4 8 8 5 1376 1381 1380 1342 1386 
1084 1 1 0 0 5 5 2 2 2 2 8 8 5 1566 1292 1604 1571 1610 
1085 1 1 0 2 5 5 2 2 2 4 8 8 5 1615 1575 1307 1581 1620 
1086 1 1 2 0 5 5 2 2 4 2 8 8 5 1682 1643 1688 1649 1687 
1087 1 1 2 2 5 5 2 2 4 4 8 8 5 1654 1693 1384 1659 1698 
1088 0 0 0 4 0 0 1 1 3 6 5 5 4 59 60 63 103 
1089 0 0 0 6 0 0 1 1 3 8 5 5 5 65 29 68 74 113 
1090 0 0 3 4 0 0 1 1 4 6 5 5 5 98 137 104 102 141 
1091 0 0 3 6 0 0 1 1 4 8 5 5 5 143 146 107 112 151 
1092 0 1 0 4 0 0 1 2 2 6 5 5 5 21 372 24 376 337 
1093 0 1 0 6 0 0 1 2 2 8 5 5 5 342 381 348 346 387 
1094 0 1 2 4 0 0 1 2 4 6 5 5 5 411 450 417 415 454 
1095 0 1 2 6 0 0 1 2 4 8 5 5 5 420 459 464 425 426 
1096 1 0 0 4 0 0 2 1 2 6 5 5 4 1269 1308 1275 1313 
1097 1 0 0 6 0 0 2 1 2 8 5 5 5 1280 1319 1285 1324 35 
1098 1 0 2 4 0 0 2 1 4 6 5 5 5 1349 1347 1387 1348 1352 
1099 1 0 2 6 0 0 2 1 4 8 5 5 5 1314 1357 1396 1402 1363 
1100 1 1 0 4 0 0 2 2 3 7 5 5 5 1582 1622 1627 1587 1592 
1101 1 1 0 7 0 0 2 2 3 8 5 5 5 1670 1631 1598 1636 1596 
1102 1 1 3 4 0 0 2 2 4 6 5 5 5 1388 1661 1700 1666 1393 
1103 1 1 3 6 0 0 2 2 4 8 5 5 5 1391 1705 1709 1675 1714 
1104 0 0 0 4 0 5 1 1 2 6 5 8 4 20 26 25 64 
1105 0 0 0 6 0 5 1 1 2 8 5 8 5 30 69 31 34 36 
1106 0 0 2 4 0 5 1 1 4 7 5 8 5 138 144 142 148 108 
1107 0 0 2 7 0 5 1 1 4 8 5 8 5 70 147 152 114 153 
1108 0 1 0 4 0 5 1 2 2 6 5 8 5 333 371 332 338 377 
1109 0 1 0 6 0 5 1 2 2 8 5 8 5 343 382 73 75 347 
1110 0 1 2 4 0 5 1 2 4 6 5 8 5 99 410 449 455 416 
1111 0 1 2 6 0 5 1 2 4 8 5 8 5 109 421 460 386 465 
1112 1 0 0 4 0 5 2 1 2 5 5 8 4 1310 1309 1270 1271 
1113 1 0 0 5 0 5 2 1 2 8 5 8 5 1315 1276 1274 1318 1323 
1114 1 0 2 4 0 5 2 1 4 7 5 8 5 1353 1392 1354 1320 1358 
1115 1 0 2 7 0 5 2 1 4 8 5 8 5 1359 1397 1403 1401 1362 
1116 1 1 0 4 0 5 2 2 2 7 5 8 5 1583 1621 1626 1588 1632 
1117 1 1 0 7 0 5 2 2 2 8 5 8 5 1593 1279 1637 1284 1597 
1118 1 1 2 4 0 5 2 2 4 7 5 8 5 1660 1699 1665 1704 1671 
1119 1 1 2 7 0 5 2 2 4 8 5 8 5 1398 1710 1364 1715 1676 
1120 0 0 0 4 5 0 2 2 2 7 8 5 4 23 27 66 71 
1121 0 0 0 7 5 0 2 2 2 8 8 5 5 32 1286 76 37 350 
1122 0 0 2 4 5 0 2 2 4 6 8 5 5 62 140 101 145 1355 
1123 0 0 2 6 5 0 2 2 4 8 8 5 5 110 149 115 154 389 
1124 0 2 0 4 5 0 2 2 2 6 8 5 5 373 334 339 340 1590 
1125 0 2 0 6 5 0 2 2 2 8 8 5 5 378 345 1634 383 384 
1126 0 2 2 4 5 0 2 2 4 7 8 5 5 375 412 451 456 423 
1127 0 2 2 7 5 0 2 2 4 8 8 5 5 462 1711 467 1678 428 
1128 2 0 0 4 5 0 2 1 2 6 8 5 4 1267 1311 1272 1277 
1129 2 0 0 6 5 0 2 1 2 8 8 5 5 1283 1281 1321 1282 1326 
1130 2 0 2 4 5 0 2 1 4 7 8 5 5 1390 1351 1394 1316 1322 
1131 2 0 2 7 5 0 2 1 4 8 8 5 5 1360 1399 1404 1365 1325 
1132 2 1 0 4 5 0 2 2 3 6 8 5 5 1623 1624 1584 1625 1667 
1133 2 1 0 6 5 0 2 2 3 8 8 5 5 1628 1633 1595 1639 1600 
1134 2 1 3 4 5 0 2 2 4 5 8 5 5 1664 1702 1662 1703 1663 
1135 2 1 3 5 5 0 2 2 4 8 8 5 5 1701 1706 1672 1717 1677 
1136 0 0 0 4 5 5 1 2 2 6 8 8 4 61 22 28 341 
1137 0 0 0 6 5 5 1 2 2 8 8 8 5 344 33 72 38 77 
1138 0 0 2 4 5 5 1 2 4 6 8 8 5 414 139 100 105 106 
1139 0 0 2 6 5 5 1 2 4 8 8 8 5 67 111 150 155 116 
1140 0 2 0 4 5 5 1 2 3 6 8 8 5 374 336 335 379 419 
1141 0 2 0 6 5 5 1 2 3 8 8 8 5 380 422 385 388 349 
1142 0 2 3 4 5 5 1 2 4 6 8 8 5 453 452 418 457 458 
1143 0 2 3 6 5 5 1 2 4 8 8 8 5 424 463 461 427 466 
1144 1 0 0 4 5 5 2 2 3 6 8 8 5 1345 1268 1312 1273 1278 
1145 1 0 0 6 5 5 2 2 3 8 8 8 5 1591 1317 1327 1288 1287 
1146 1 0 3 4 5 5 2 2 4 6 8 8 5 1389 1350 1356 1708 1395 
1147 1 0 3 6 5 5 2 2 4 8 8 8 5 1361 1400 1366 1405 1716 
1148 1 2 0 4 5 5 2 2 2 6 8 8 5 1586 1585 1589 1629 1630 
1149 1 2 0 6 5 5 2 2 2 8 8 8 5 1594 1635 1640 1638 1599 
1150 1 2 2 4 5 5 2 2 4 7 8 8 5 413 1669 1668 1707 1674 
1151 1 2 2 7 5 5 2 2 4 8 8 8 5 1673 1713 1712 1718 1679 
1152 0 0 4 0 0 0 2 2 7 1 4 5 4 196 157 470 234 
1153 0 0 4 1 0 0 2 2 7 4 4 5 5 162 201 166 210 171 
1154 0 0 7 0 0 0 2 2 8 3 4 5 5 273 235 278 240 245 
1155 0 0 7 3 0 0 2 2 8 4 4 5 5 1494 284 249 602 289 
1156 0 2 4 0 0 0 2 2 6 2 4 5 5 508 468 1725 473 514 
1157 0 2 4 2 0 0 2 2 6 4 4 5 5 478 519 517 522 484 
1158 0 2 6 0 0 0 2 2 8 3 4 5 5 547 552 591 1803 557 
1159 0 2 6 3 0 0 2 2 8 4 4 5 5 596 561 600 562 563 
1160 2 0 4 0 0 0 2 2 6 2 4 5 4 1758 1446 1407 1762 
1161 2 0 4 2 0 0 2 2 6 4 4 5 5 1451 1412 1416 1460 1421 
1162 2 0 6 0 0 0 2 2 8 2 4 5 5 1485 1523 1490 1801 1529 
1163 2 0 6 2 0 0 2 2 8 4 4 5 5 1455 1534 1539 1499 1500 
1164 2 2 4 0 0 0 2 2 7 3 4 5 5 1719 1802 1764 1723 1728 
1165 2 2 4 3 0 0 2 2 7 4 4 5 5 1807 1767 1772 1733 1734 
1166 2 2 7 0 0 0 2 2 8 3 4 5 5 1797 1836 1841 1842 1806 
1167 2 2 7 3 0 0 2 2 8 4 4 5 5 1847 1846 1845 1850 1811 
1168 0 0 4 0 0 5 1 1 6 2 4 8 4 195 197 156 161 
1169 0 0 4 2 0 5 1 1 6 4 4 8 5 200 206 167 205 211 
1170 0 0 6 0 0 5 1 1 8 2 4 8 5 274 236 239 279 280 
1171 0 0 6 2 0 5 1 1 8 4 4 8 5 283 244 285 250 288 
1172 0 1 4 0 0 5 1 2 6 3 4 8 5 158 469 474 475 518 
1173 0 1 4 3 0 5 1 2 6 4 4 8 5 480 483 485 172 524 
1174 0 1 6 0 0 5 1 2 8 1 4 8 5 586 509 275 548 587 
1175 0 1 6 1 0 5 1 2 8 4 4 8 5 513 592 558 597 601 
1176 1 0 4 0 0 5 2 2 6 2 4 8 4 1445 1406 1450 1411 
1177 1 0 4 2 0 5 2 2 6 4 4 8 5 1417 1730 1456 1461 1422 
1178 1 0 6 0 0 5 2 2 8 2 4 8 5 1484 1486 1524 1525 1530 
1179 1 0 6 2 0 5 2 2 8 4 4 8 5 1528 1489 1495 1533 1538 
1180 1 2 4 0 0 5 2 2 6 3 4 8 5 1720 1759 1724 1729 479 
1181 1 2 4 3 0 5 2 2 6 4 4 8 5 1768 1773 1735 523 1774 
1182 1 2 6 0 0 5 2 2 8 3 4 8 5 1798 1837 1763 553 1808 
1183 1 2 6 3 0 5 2 2 8 4 4 8 5 1769 1812 1851 1852 1813 
1184 0 0 4 0 4 0 1 1 6 2 8 5 4 159 160 165 163 
1185 0 0 4 2 4 0 1 1 6 4 8 5 5 203 202 168 213 174 
1186 0 0 6 0 4 0 1 1 8 2 8 5 5 198 276 237 281 243 
1187 0 0 6 2 4 0 1 1 8 4 8 5 5 246 287 207 290 292 
1188 0 1 4 0 4 0 1 2 6 2 8 5 5 511 472 476 204 516 
1189 0 1 4 2 4 0 1 2 6 4 8 5 5 481 520 212 487 525 
1190 0 1 6 0 4 0 1 2 8 2 8 5 5 588 549 241 555 594 
1191 0 1 6 2 4 0 1 2 8 4 8 5 5 560 599 565 604 251 
1192 1 0 4 0 4 0 2 1 6 2 8 5 4 1410 1408 1449 1413 
1193 1 0 4 2 4 0 2 1 6 4 8 5 5 1452 1453 1418 1463 1424 
1194 1 0 6 0 4 0 2 1 8 3 8 5 5 1526 1487 1488 1491 1457 
1195 1 0 6 3 4 0 2 1 8 4 8 5 5 1496 1535 1537 1501 1540 
1196 1 1 4 0 4 0 2 2 6 2 8 5 5 1760 1722 1447 1761 1766 
1197 1 1 4 2 4 0 2 2 6 4 8 5 5 1727 1731 1770 1736 1775 
1198 1 1 6 0 4 0 2 2 8 2 8 5 5 1800 1839 1493 1805 1531 
1199 1 1 6 2 4 0 2 2 8 4 8 5 5 1844 1848 1809 1853 1814 
1200 0 0 4 0 4 5 1 1 6 3 8 8 4 199 164 170 169 
1201 0 0 4 3 4 5 1 1 6 4 8 8 5 209 208 173 175 214 
1202 0 0 6 0 4 5 1 1 8 3 8 8 5 277 238 242 282 248 
1203 0 0 6 3 4 5 1 1 8 4 8 8 5 247 286 252 291 253 
1204 0 1 4 0 4 5 1 2 7 2 8 8 5 510 512 471 477 556 
1205 0 1 4 2 4 5 1 2 7 4 8 8 5 515 521 482 559 486 
1206 0 1 7 0 4 5 1 2 8 2 8 8 5 590 550 589 551 554 
1207 0 1 7 2 4 5 1 2 8 4 8 8 5 595 593 598 603 564 
1208 1 0 4 0 4 5 2 1 6 3 8 8 4 1409 1415 1414 1419 
1209 1 0 4 3 4 5 2 1 6 4 8 8 5 1420 1458 1423 1462 1464 
1210 1 0 6 0 4 5 2 1 8 3 8 8 5 1448 1532 1492 1497 1498 
1211 1 0 6 3 4 5 2 1 8 4 8 8 5 1459 1536 1503 1541 1542 
1212 1 1 4 0 4 5 2 2 7 3 8 8 5 1721 1726 1765 1454 1732 
1213 1 1 4 3 4 5 2 2 7 4 8 8 5 1771 1737 1776 526 1502 
1214 1 1 7 0 4 5 2 2 8 2 8 8 5 1799 1527 1840 1838 1804 
1215 1 1 7 2 4 5 2 2 8 4 8 8 5 1843 1849 1810 1854 1815 
1216 0 0 4 4 0 0 2 1 7 6 4 5 4 254 182 1432 180 
1217 0 0 4 6 0 0 2 1 7 8 4 5 5 185 224 268 190 270 
1218 0 0 7 4 0 0 2 1 8 7 4 5 5 293 259 298 260 265 
1219 0 0 7 7 0 0 2 1 8 8 4 5 5 263 264 303 309 307 
1220 0 1 4 4 0 0 2 2 6 6 4 5 5 215 528 489 176 493 
1221 0 1 4 6 0 0 2 2 6 8 4 5 5 533 221 498 229 503 
1222 0 1 6 4 0 0 2 2 8 7 4 5 5 566 605 571 610 616 
1223 0 1 6 7 0 0 2 2 8 8 4 5 5 577 538 621 582 543 
1224 2 0 4 4 0 0 2 1 6 6 4 5 4 1426 1469 1430 1471 
1225 2 0 4 6 0 0 2 1 6 8 4 5 5 1435 1474 1479 1440 1441 
1226 2 0 6 4 0 0 2 1 8 7 4 5 5 1465 1543 1509 1548 1514 
1227 2 0 6 7 0 0 2 1 8 8 4 5 5 1515 1553 1559 1520 1518 
1228 2 1 4 4 0 0 2 2 7 6 4 5 5 1739 1778 1427 1744 1822 
1229 2 1 4 6 0 0 2 2 7 8 4 5 5 1783 1748 1827 1792 1753 
1230 2 1 7 4 0 0 2 2 8 6 4 5 5 1504 1855 1817 1856 1861 
1231 2 1 7 6 0 0 2 2 8 8 4 5 5 1866 1554 1871 1831 1557 
1232 0 0 4 4 0 5 1 2 6 7 4 8 4 177 220 181 187 
1233 0 0 4 7 0 5 1 2 6 8 4 8 5 225 504 231 192 542 
1234 0 0 6 4 0 5 1 2 8 7 4 8 5 216 294 255 299 226 
1235 0 0 6 7 0 5 1 2 8 8 4 8 5 617 304 308 620 269 
1236 0 2 4 4 0 5 1 2 7 6 4 8 5 488 529 527 494 534 
1237 0 2 4 6 0 5 1 2 7 8 4 8 5 532 539 499 537 576 
1238 0 2 7 4 0 5 1 2 8 6 4 8 5 568 567 606 607 572 
1239 0 2 7 6 0 5 1 2 8 8 4 8 5 573 612 615 578 581 
1240 1 0 4 4 0 5 2 2 6 7 4 8 4 1779 1431 186 1475 
1241 1 0 4 7 0 5 2 2 6 8 4 8 5 1436 1480 1442 230 191 
1242 1 0 6 4 0 5 2 2 8 6 4 8 5 1544 1505 1466 1470 1549 
1243 1 0 6 6 0 5 2 2 8 8 4 8 5 1510 1476 1519 1558 1481 
1244 1 2 4 4 0 5 2 2 6 6 4 8 5 1738 1740 1777 1743 1782 
1245 1 2 4 6 0 5 2 2 6 8 4 8 5 1749 1787 1788 1793 1754 
1246 1 2 6 4 0 5 2 2 8 6 4 8 5 1857 1818 1816 1821 1860 
1247 1 2 6 6 0 5 2 2 8 8 4 8 5 611 1826 1865 1832 1870 
1248 0 0 4 4 4 0 2 2 6 5 8 5 4 218 490 492 179 
1249 0 0 4 5 4 0 2 2 6 8 8 5 5 184 188 227 232 193 
1250 0 0 6 4 4 0 2 2 8 6 8 5 5 295 257 262 223 301 
1251 0 0 6 6 4 0 2 2 8 8 8 5 5 267 306 311 1521 272 
1252 0 2 4 4 4 0 2 2 7 7 8 5 5 569 530 495 535 500 
1253 0 2 4 7 4 0 2 2 7 8 8 5 5 579 541 546 544 505 
1254 0 2 7 4 4 0 2 2 8 7 8 5 5 608 574 613 618 580 
1255 0 2 7 7 4 0 2 2 8 8 8 5 5 583 1834 585 624 622 
1256 2 0 4 4 4 0 2 2 6 6 8 5 4 1429 1468 1747 1784 
1257 2 0 4 6 4 0 2 2 6 8 8 5 5 1750 1438 1477 1482 1443 
1258 2 0 6 4 4 0 2 2 8 6 8 5 5 1506 1545 1512 1786 1473 
1259 2 0 6 6 4 0 2 2 8 8 8 5 5 1551 1828 1556 1517 1874 
1260 2 2 4 4 4 0 2 2 7 6 8 5 5 1742 1781 1780 1746 1745 
1261 2 2 4 6 4 0 2 2 7 8 8 5 5 1823 1789 1795 1756 1833 
1262 2 2 7 4 4 0 2 2 8 6 8 5 5 1858 1819 1825 1863 1862 
1263 2 2 7 6 4 0 2 2 8 8 8 5 5 1864 1867 1869 1873 1872 
1264 0 0 4 4 4 5 2 1 6 6 8 8 4 217 219 178 183 
1265 0 0 4 6 4 5 2 1 6 8 8 8 5 222 189 228 233 194 
1266 0 0 6 4 4 5 2 1 8 6 8 8 5 296 256 297 261 300 
1267 0 0 6 6 4 5 2 1 8 8 8 8 5 302 305 266 310 271 
1268 0 1 4 4 4 5 2 2 6 7 8 8 5 531 491 497 496 502 
1269 0 1 4 7 4 5 2 2 6 8 8 8 5 540 501 1790 507 506 
1270 0 1 6 4 4 5 2 2 8 6 8 8 5 258 609 570 575 536 
1271 0 1 6 6 4 5 2 2 8 8 8 8 5 614 619 623 545 584 
1272 2 0 4 4 4 5 2 1 7 7 8 8 5 1425 1507 1428 1434 1439 
1273 2 0 4 7 4 5 2 1 7 8 8 8 5 1516 1478 1483 1522 1444 
1274 2 0 7 4 4 5 2 1 8 6 8 8 5 1546 1508 1547 1513 1511 
1275 2 0 7 6 4 5 2 1 8 8 8 8 5 1552 1550 1555 1560 1561 
1276 2 1 4 4 4 5 2 2 6 6 8 8 5 1741 1467 1433 1785 1472 
1277 2 1 4 6 4 5 2 2 6 8 8 8 5 1751 1752 1437 1757 1755 
1278 2 1 6 4 4 5 2 2 8 7 8 8 5 1820 1859 1824 1791 1868 
1279 2 1 6 7 4 5 2 2 8 8 8 8 5 1829 1830 1835 1796 1794 
1280 0 2 0 0 0 0 2 4 2 2 5 5 4 626 665 630 669 
1281 0 2 0 2 0 0 2 4 2 4 5 5 5 635 992 680 640 641 
1282 0 2 2 0 0 0 2 4 4 3 5 5 5 704 743 708 747 674 
1283 0 2 2 3 0 0 2 4 4 4 5 5 5 713 752 757 679 718 
1284 0 4 0 0 0 0 2 8 3 2 5 5 5 976 1017 937 1015 943 
1285 0 4 0 2 0 0 2 8 3 4 5 5 5 982 987 948 1031 953 
1286 0 4 3 0 0 0 2 8 4 2 5 5 5 1055 1056 1054 1016 1020 
1287 0 4 3 2 0 0 2 8 4 4 5 5 5 2270 1059 1064 1025 1069 
1288 2 2 0 0 0 0 2 3 2 3 5 5 4 1875 1919 1880 1885 
1289 2 2 0 3 0 0 2 3 2 4 5 5 5 1924 1928 1929 1930 1891 
1290 2 2 2 0 0 0 2 3 4 2 5 5 5 1993 1954 1960 1997 1958 
1291 2 2 2 2 0 0 2 3 4 4 5 5 5 1963 2002 2007 1969 1968 
1292 2 3 0 0 0 0 2 8 3 3 5 5 5 2226 2187 2192 2231 2198 
1293 2 3 0 3 0 0 2 8 3 4 5 5 5 2237 2276 2203 2242 2281 
1294 2 3 3 0 0 0 2 8 4 1 5 5 5 2265 2267 2266 2306 2305 
1295 2 3 3 1 0 0 2 8 4 4 5 5 5 2304 2309 2314 2315 2320 
1296 0 2 0 0 0 5 1 4 3 2 5 8 4 978 664 625 631 
1297 0 2 0 2 0 5 1 4 3 4 5 8 5 709 670 675 947 636 
1298 0 2 3 0 0 5 1 4 4 3 5 8 5 742 703 1061 748 753 
1299 0 2 3 3 0 5 1 4 4 4 5 8 5 714 1066 759 719 758 
1300 0 4 0 0 0 5 1 8 2 2 5 8 5 938 977 939 942 944 
1301 0 4 0 2 0 5 1 8 2 4 5 8 5 983 981 986 991 952 
1302 0 4 2 0 0 5 1 8 4 3 5 8 5 1060 1021 1022 1065 1026 
1303 0 4 2 3 0 5 1 8 4 4 5 8 5 1027 1071 1032 1070 1030 
1304 1 2 0 0 0 5 2 4 2 2 5 8 4 2188 1915 1876 1881 
1305 1 2 0 2 0 5 2 4 2 4 5 8 5 1920 1886 2236 1925 1890 
1306 1 2 2 0 0 5 2 4 4 2 5 8 5 1914 1992 1953 1959 2272 
1307 1 2 2 2 0 5 2 4 4 4 5 8 5 1998 1964 2003 2280 2008 
1308 1 4 0 0 0 5 2 8 2 2 5 8 5 2189 2228 2193 2232 2194 
1309 1 4 0 2 0 5 2 8 2 4 5 8 5 2199 2238 2197 2241 2202 
1310 1 4 2 0 0 5 2 8 4 2 5 8 5 2227 2233 2311 2310 2271 
1311 1 4 2 2 0 5 2 8 4 4 5 8 5 2275 2277 2316 2321 2319 
1312 0 2 0 0 5 0 1 3 2 2 8 5 4 627 666 671 632 
1313 0 2 0 2 5 0 1 3 2 4 8 5 5 633 637 677 638 682 
1314 0 2 2 0 5 0 1 3 4 2 8 5 5 744 705 746 710 749 
1315 0 2 2 2 5 0 1 3 4 4 8 5 5 715 755 754 760 721 
1316 0 3 0 0 5 0 1 8 2 3 8 5 5 979 940 984 945 951 
1317 0 3 0 3 5 0 1 8 2 4 8 5 5 990 949 988 954 993 
1318 0 3 2 0 5 0 1 8 4 3 8 5 5 1058 1019 1062 1023 716 
1319 0 3 2 3 5 0 1 8 4 4 8 5 5 1028 1067 1033 1034 1072 
1320 1 2 0 0 5 0 2 4 2 2 8 5 4 1916 1877 1922 1883 
1321 1 2 0 2 5 0 2 4 2 4 8 5 5 1888 1927 1893 2245 643 
1322 1 2 2 0 5 0 2 4 4 3 8 5 5 1994 1955 1961 1999 1966 
1323 1 2 2 3 5 0 2 4 4 4 8 5 5 2004 1971 2010 2009 1932 
1324 1 4 0 0 5 0 2 8 2 3 8 5 5 2190 2195 2234 2200 2239 
1325 1 4 0 3 5 0 2 8 2 4 8 5 5 2206 2204 2205 2244 2243 
1326 1 4 2 0 5 0 2 8 4 3 8 5 5 2229 2268 2273 2312 2278 
1327 1 4 2 3 5 0 2 8 4 4 8 5 5 2317 2284 2282 2323 2283 
1328 0 2 0 0 5 5 1 3 2 2 8 8 4 628 667 672 634 
1329 0 2 0 2 5 5 1 3 2 4 8 8 5 639 676 678 681 642 
1330 0 2 2 0 5 5 1 3 4 2 8 8 5 668 707 745 706 712 
1331 0 2 2 2 5 5 1 3 4 4 8 8 5 711 750 717 756 720 
1332 0 3 0 0 5 5 1 8 2 2 8 8 5 629 941 980 946 673 
1333 0 3 0 2 5 5 1 8 2 4 8 8 5 950 995 994 955 956 
1334 0 3 2 0 5 5 1 8 4 2 8 8 5 1018 1057 985 1024 751 
1335 0 3 2 2 5 5 1 8 4 4 8 8 5 1063 989 1029 1068 1073 
1336 1 2 0 0 5 5 2 3 3 2 8 8 4 1879 1917 1878 1882 
1337 1 2 0 2 5 5 2 3 3 4 8 8 5 1887 1926 1931 1892 1970 
1338 1 2 3 0 5 5 2 3 4 2 8 8 5 1995 1957 1956 1962 2001 
1339 1 2 3 2 5 5 2 3 4 4 8 8 5 2000 2005 2006 1967 2011 
1340 1 3 0 0 5 5 2 8 2 2 8 8 5 1918 2191 2230 2196 1884 
1341 1 3 0 2 5 5 2 8 2 4 8 8 5 1921 1923 2235 2240 2201 
1342 1 3 2 0 5 5 2 8 4 2 8 8 5 2269 2307 1996 2308 2274 
1343 1 3 2 2 5 5 2 8 4 4 8 8 5 2313 2318 1965 2279 2322 
1344 0 2 0 4 0 0 1 3 2 5 4 5 4 646 683 684 644 
1345 0 2 0 5 0 0 1 3 2 8 4 5 5 649 655 694 660 699 
1346 0 2 2 4 0 0 1 3 4 5 4 5 5 762 722 724 763 761 
1347 0 2 2 5 0 0 1 3 4 8 4 5 5 766 688 771 733 777 
1348 0 3 0 4 0 0 1 8 2 7 4 5 5 957 996 1001 962 968 
1349 0 3 0 7 0 0 1 8 2 8 4 5 5 967 1006 1011 971 973 
1350 0 3 2 4 0 0 1 8 4 6 4 5 5 1036 1075 1040 1080 727 
1351 0 3 2 6 0 0 1 8 4 8 4 5 5 1045 732 1085 1089 1050 
1352 1 2 0 4 0 0 2 3 2 5 4 5 4 1889 1894 1934 1933 
1353 1 2 0 5 0 0 2 3 2 8 4 5 5 1899 1938 1905 1944 1910 
1354 1 2 2 4 0 0 2 3 4 6 4 5 5 1972 2012 1977 2018 2016 
1355 1 2 2 6 0 0 2 3 4 8 4 5 5 2017 1983 2021 2026 738 
1356 1 3 0 4 0 0 2 8 2 7 4 5 5 2247 2251 2212 2217 2256 
1357 1 3 0 7 0 0 2 8 2 8 4 5 5 1949 2261 2262 2222 2223 
1358 1 3 2 4 0 0 2 8 4 6 4 5 5 1974 2325 2286 2329 2290 
1359 1 3 2 6 0 0 2 8 4 8 4 5 5 2295 2334 1988 2339 2300 
1360 0 2 0 4 0 5 1 3 2 7 4 8 4 645 689 650 654 
1361 0 2 0 7 0 5 1 3 2 8 4 8 5 656 693 695 698 659 
1362 0 2 2 4 0 5 1 3 4 7 4 8 5 723 767 768 728 772 
1363 0 2 2 7 0 5 1 3 4 8 4 8 5 773 778 737 739 776 
1364 0 3 0 4 0 5 1 8 3 6 4 8 5 958 997 651 963 1002 
1365 0 3 0 6 0 5 1 8 3 8 4 8 5 690 1007 734 1012 972 
1366 0 3 3 4 0 5 1 8 4 6 4 8 5 1074 1035 1076 1041 729 
1367 0 3 3 6 0 5 1 8 4 8 4 8 5 1079 1046 1084 1051 1090 
1368 1 2 0 4 0 5 2 3 2 6 4 8 4 1895 1896 1935 1900 
1369 1 2 0 6 0 5 2 3 2 8 4 8 5 1901 1906 1904 1909 1948 
1370 1 2 2 4 0 5 2 3 4 7 4 8 5 1973 2013 1939 1978 1984 
1371 1 2 2 7 0 5 2 3 4 8 4 8 5 1945 1943 2022 2027 1987 
1372 1 3 0 4 0 5 2 8 3 6 4 8 5 2207 2246 2208 2213 1940 
1373 1 3 0 6 0 5 2 8 3 8 4 8 5 1979 2252 2291 2257 2218 
1374 1 3 3 4 0 5 2 8 4 7 4 8 5 2324 2285 2330 2296 1982 
1375 1 3 3 7 0 5 2 8 4 8 4 8 5 2023 2335 2028 2340 2301 
1376 0 2 0 4 4 0 1 3 2 6 8 5 4 647 685 691 652 
1377 0 2 0 6 4 0 1 3 2 8 8 5 5 657 696 700 661 663 
1378 0 2 2 4 4 0 1 3 4 7 8 5 5 726 765 730 769 735 
1379 0 2 2 7 4 0 1 3 4 8 8 5 5 774 741 702 779 780 
1380 0 3 0 4 4 0 1 8 2 6 8 5 5 998 960 959 965 1003 
1381 0 3 0 6 4 0 1 8 2 8 8 5 5 970 1008 1009 1014 974 
1382 0 3 2 4 4 0 1 8 4 6 8 5 5 1039 1037 1077 1042 1081 
1383 0 3 2 6 4 0 1 8 4 8 8 5 5 1083 1082 1048 1053 1091 
1384 1 2 0 4 4 0 2 3 2 7 8 5 4 1936 1897 1902 1908 
1385 1 2 0 7 4 0 2 3 2 8 8 5 5 1907 1946 1913 1950 1911 
1386 1 2 2 4 4 0 2 3 4 7 8 5 5 1975 2015 1980 2020 1985 
1387 1 2 2 7 4 0 2 3 4 8 8 5 5 2024 1989 1991 2029 1952 
1388 1 3 0 4 4 0 2 8 2 6 8 5 5 2209 2248 2214 2215 2253 
1389 1 3 0 6 4 0 2 8 2 8 8 5 5 1941 2220 2259 2225 2264 
1390 1 3 2 4 4 0 2 8 4 7 8 5 5 2287 2326 2292 2331 2298 
1391 1 3 2 7 4 0 2 8 4 8 8 5 5 1086 2258 2337 2342 2303 
1392 0 2 0 4 4 5 2 4 2 6 8 8 4 648 687 686 653 
1393 0 2 0 6 4 5 2 4 2 8 8 8 5 658 1947 697 701 662 
1394 0 2 2 4 4 5 2 4 4 6 8 8 5 725 764 692 731 770 
1395 0 2 2 6 4 5 2 4 4 8 8 8 5 1047 736 775 1049 740 
1396 0 4 0 4 4 5 2 8 2 6 8 8 5 999 961 1000 966 964 
1397 0 4 0 6 4 5 2 8 2 8 8 8 5 1005 969 1010 975 1013 
1398 0 4 2 4 4 5 2 8 4 6 8 8 5 1078 1038 1043 1044 1004 
1399 0 4 2 6 4 5 2 8 4 8 8 8 5 1087 1088 1092 1052 1093 
1400 2 2 0 4 4 5 2 4 3 6 8 8 5 1976 1898 1937 1903 1942 
1401 2 2 0 6 4 5 2 4 3 8 8 8 5 2260 1986 1990 1951 1912 
1402 2 2 3 4 4 5 2 4 4 6 8 8 5 2014 2288 1981 2019 2333 
1403 2 2 3 6 4 5 2 4 4 8 8 8 5 2338 2025 2297 2030 2302 
1404 2 4 0 4 4 5 2 8 2 6 8 8 5 2210 2250 2211 2254 2216 
1405 2 4 0 6 4 5 2 8 2 8 8 8 5 2255 2221 2219 2224 2263 
1406 2 4 2 4 4 5 2 8 4 6 8 8 5 2249 2327 2289 2328 2293 
1407 2 4 2 6 4 5 2 8 4 8 8 8 5 2332 2294 2336 2299 2341 
1408 0 2 4 0 0 0 2 4 7 2 4 5 4 821 782 859 1138 
1409 0 2 4 2 0 0 2 4 7 4 4 5 5 826 791 831 835 796 
1410 0 2 7 0 0 0 2 4 8 2 4 5 5 898 860 865 904 903 
1411 0 2 7 2 0 0 2 4 8 4 4 5 5 870 1222 909 1186 874 
1412 0 4 4 0 0 0 2 8 6 3 4 5 5 1133 1094 1099 1142 1105 
1413 0 4 4 3 0 0 2 8 6 4 4 5 5 1103 1144 2359 1147 1108 
1414 0 4 6 0 0 0 2 8 8 3 4 5 5 1172 1211 1177 1216 1181 
1415 0 4 6 3 0 0 2 8 8 4 4 5 5 1143 1221 2398 1226 1225 
1416 2 2 4 0 0 0 2 4 6 1 4 5 4 2384 2071 2032 2031 
1417 2 2 4 1 0 0 2 4 6 4 4 5 5 2037 2076 2041 2085 2046 
1418 2 2 6 0 0 0 2 4 8 2 4 5 5 2148 2109 2110 2153 2115 
1419 2 2 6 2 0 0 2 4 8 4 4 5 5 2159 2120 2472 2124 2164 
1420 2 4 4 0 0 0 2 8 7 2 4 5 5 2382 2343 2383 2345 2348 
1421 2 4 4 2 0 0 2 8 7 4 4 5 5 2387 2427 2392 2353 2436 
1422 2 4 7 0 0 0 2 8 8 3 4 5 5 2461 2422 2428 2466 2431 
1423 2 4 7 3 0 0 2 8 8 4 4 5 5 2432 2470 2471 2433 2475 
1424 0 2 4 0 0 5 2 3 6 2 4 8 4 820 822 781 787 
1425 0 2 4 2 0 5 2 3 6 4 4 8 5 786 825 830 792 797 
1426 0 2 6 0 0 5 2 3 8 2 4 8 5 861 899 2149 900 866 
1427 0 2 6 2 0 5 2 3 8 4 4 8 5 869 908 914 875 913 
1428 0 3 4 0 0 5 2 8 6 3 4 8 5 1095 1134 1100 1139 1104 
1429 0 3 4 3 0 5 2 8 6 4 4 8 5 836 1148 1149 1110 1109 
1430 0 3 6 0 0 5 2 8 8 2 4 8 5 1173 1212 905 1217 864 
1431 0 3 6 2 0 5 2 8 8 4 4 8 5 1178 1182 1187 1188 1227 
1432 2 2 4 0 0 5 2 3 6 2 4 8 4 2072 2033 2075 2036 
1433 2 2 4 2 0 5 2 3 6 4 4 8 5 2080 2042 2081 2086 2047 
1434 2 2 6 0 0 5 2 3 8 2 4 8 5 2070 2111 2150 2154 2155 
1435 2 2 6 2 0 5 2 3 8 4 4 8 5 2119 2160 2158 2125 2163 
1436 2 3 4 0 0 5 2 8 6 2 4 8 5 2344 2349 2350 2388 2389 
1437 2 3 4 2 0 5 2 8 6 4 4 8 5 2354 2393 2399 2358 2360 
1438 2 3 6 0 0 5 2 8 8 3 4 8 5 2462 2423 2467 2114 2394 
1439 2 3 6 3 0 5 2 8 8 4 4 8 5 2437 2438 2397 2476 2477 
1440 0 2 4 0 4 0 2 3 6 2 8 5 4 785 783 823 2040 
1441 0 2 4 2 4 0 2 3 6 4 8 5 5 829 827 832 837 798 
1442 0 2 6 0 4 0 2 3 8 3 8 5 5 862 901 868 907 873 
1443 0 2 6 3 4 0 2 3 8 4 8 5 5 871 912 910 915 876 
1444 0 3 4 0 4 0 2 8 6 2 8 5 5 1097 1136 788 1102 1141 
1445 0 3 4 2 4 0 2 8 6 4 8 5 5 794 1146 1111 799 1150 
1446 0 3 6 0 4 0 2 8 8 2 8 5 5 1213 1175 1214 906 1180 
1447 0 3 6 2 4 0 2 8 8 4 8 5 5 1219 1224 1183 1185 1189 
1448 2 2 4 0 4 0 2 3 6 2 8 5 4 2034 2035 2038 2079 
1449 2 2 4 2 4 0 2 3 6 4 8 5 5 2077 2082 2043 2088 2049 
1450 2 2 6 0 4 0 2 3 8 3 8 5 5 2151 2156 2118 2116 2121 
1451 2 2 6 3 4 0 2 3 8 4 8 5 5 2161 2165 2126 2087 2166 
1452 2 3 4 0 4 0 2 8 6 2 8 5 5 2073 2386 2347 2390 2351 
1453 2 3 4 2 4 0 2 8 6 4 8 5 5 2356 2395 2400 2361 2362 
1454 2 3 6 0 4 0 2 8 8 2 8 5 5 2112 2425 2464 2430 2469 
1455 2 3 6 2 4 0 2 8 8 4 8 5 5 2474 2162 2167 2439 2478 
1456 0 2 4 0 4 5 1 3 6 3 8 8 4 784 789 790 793 
1457 0 2 4 3 4 5 1 3 6 4 8 8 5 795 833 834 800 838 
1458 0 2 6 0 4 5 1 3 8 2 8 8 5 824 863 902 828 867 
1459 0 2 6 2 4 5 1 3 8 4 8 8 5 872 911 878 839 917 
1460 0 3 4 0 4 5 1 8 6 2 8 8 5 1137 1096 1098 1140 1101 
1461 0 3 4 2 4 5 1 8 6 4 8 8 5 1107 1106 1145 1112 1151 
1462 0 3 6 0 4 5 1 8 8 2 8 8 5 1135 1215 1176 1174 1179 
1463 0 3 6 2 4 5 1 8 8 4 8 8 5 1218 1220 1184 1223 1190 
1464 1 2 4 0 4 5 2 3 6 3 8 8 4 2074 2078 2039 2044 
1465 1 2 4 3 4 5 2 3 6 4 8 8 5 2045 2083 2084 2050 2048 
1466 1 2 6 0 4 5 2 3 8 3 8 8 5 2113 2152 2157 2117 2123 
1467 1 2 6 3 4 5 2 3 8 4 8 8 5 2122 877 2127 916 2128 
1468 1 3 4 0 4 5 2 8 7 2 8 8 5 2385 2426 2346 2352 2391 
1469 1 3 4 2 4 5 2 8 7 4 8 8 5 2355 2396 2357 2089 2401 
1470 1 3 7 0 4 5 2 8 8 2 8 8 5 2465 2463 2424 2429 2468 
1471 1 3 7 2 4 5 2 8 8 4 8 8 5 2434 2435 2473 2479 2440 
1472 0 2 4 4 0 0 1 3 6 7 5 5 4 807 806 811 810 
1473 0 2 4 7 0 0 1 3 6 8 5 5 5 812 849 850 854 815 
1474 0 2 6 4 0 0 1 3 8 7 5 5 5 879 840 845 884 890 
1475 0 2 6 7 0 0 1 3 8 8 5 5 5 889 851 927 929 932 
1476 0 3 4 4 0 0 1 8 7 6 5 5 5 1152 1113 1114 1119 1158 
1477 0 3 4 6 0 0 1 8 7 8 5 5 5 1124 888 1163 1167 1128 
1478 0 3 7 4 0 0 1 8 8 6 5 5 5 918 1230 1191 1197 1236 
1479 0 3 7 6 0 0 1 8 8 8 5 5 5 923 1202 1241 1246 893 
1480 1 2 4 4 0 0 2 3 6 6 5 5 4 801 2051 2055 2056 
1481 1 2 4 6 0 0 2 3 6 8 5 5 5 2057 2060 2100 2065 2104 
1482 1 2 6 4 0 0 2 3 8 6 5 5 5 2090 2129 2168 2096 2173 
1483 1 2 6 6 0 0 2 3 8 8 5 5 5 2134 2099 2184 2182 2145 
1484 1 3 4 4 0 0 2 8 7 6 5 5 5 2364 2403 2368 2447 2408 
1485 1 3 4 6 0 0 2 8 7 8 5 5 5 2373 2413 2417 2378 2456 
1486 1 3 7 4 0 0 2 8 8 7 5 5 5 2480 2441 2442 2486 2452 
1487 1 3 7 7 0 0 2 8 8 8 5 5 5 2139 2178 2491 2495 2143 
1488 0 2 4 4 0 5 1 4 7 8 5 8 4 802 841 846 1168 
1489 0 2 4 8 0 5 1 4 7 8 5 8 5 856 816 817 855 894 
1490 0 2 7 4 0 5 1 4 8 6 5 8 5 880 919 885 924 1237 
1491 0 2 7 6 0 5 1 4 8 8 5 8 5 928 934 1245 933 895 
1492 0 4 4 4 0 5 1 8 7 6 5 8 5 1153 1154 1193 1115 1157 
1493 0 4 4 6 0 5 1 8 7 8 5 8 5 1120 1118 1159 1162 1129 
1494 0 4 7 4 0 5 1 8 8 6 5 8 5 1192 1232 1231 1196 1198 
1495 0 4 7 6 0 5 1 8 8 8 5 8 5 1235 1201 1240 1206 1207 
1496 1 2 4 4 0 5 2 3 6 7 5 8 4 2052 2097 2061 2062 
1497 1 2 4 7 0 5 2 3 6 8 5 8 5 2101 2105 2067 2106 2066 
1498 1 2 6 4 0 5 2 3 8 6 5 8 5 2091 2130 2169 2095 2174 
1499 1 2 6 6 0 5 2 3 8 8 5 8 5 2135 2140 2179 2144 2183 
1500 1 3 4 4 0 5 2 8 6 6 5 8 5 2402 2404 2363 2407 2369 
1501 1 3 4 6 0 5 2 8 6 8 5 8 5 2374 1123 2412 2418 2379 
1502 1 3 6 4 0 5 2 8 8 6 5 8 5 2482 2443 2481 2446 2487 
1503 1 3 6 6 0 5 2 8 8 8 5 8 5 2485 2451 2490 2496 2457 
1504 0 2 4 4 5 0 1 4 7 5 8 5 4 843 882 1116 804 
1505 0 2 4 5 5 0 1 4 7 8 8 5 5 848 809 853 857 818 
1506 0 2 7 4 5 0 1 4 8 6 8 5 5 1228 921 1194 926 887 
1507 0 2 7 6 5 0 1 4 8 8 8 5 5 892 1205 931 935 896 
1508 0 4 4 4 5 0 1 8 6 7 8 5 5 1155 1161 1122 1126 1125 
1509 0 4 4 7 5 0 1 8 6 8 8 5 5 1166 1165 1164 1169 1130 
1510 0 4 6 4 5 0 1 8 8 7 8 5 5 1233 1160 1199 1238 1203 
1511 0 4 6 7 5 0 1 8 8 8 8 5 5 1244 1242 1243 1247 1208 
1512 1 2 4 4 5 0 2 4 6 6 8 5 4 2054 2370 2059 2098 
1513 1 2 4 6 5 0 2 4 6 8 8 5 5 2409 2063 2102 2068 2381 
1514 1 2 6 4 5 0 2 4 8 6 8 5 5 2093 2170 2132 2137 2176 
1515 1 2 6 6 5 0 2 4 8 8 8 5 5 2142 2181 2147 2186 2107 
1516 1 4 4 4 5 0 2 8 7 6 8 5 5 2365 2367 2405 2410 2411 
1517 1 4 4 6 5 0 2 8 7 8 8 5 5 2450 2414 2376 2419 2458 
1518 1 4 7 4 5 0 2 8 8 7 8 5 5 2483 2444 2448 2489 2492 
1519 1 4 7 7 5 0 2 8 8 8 8 5 5 2454 2453 2494 2493 2497 
1520 0 2 4 4 5 5 1 3 6 6 8 8 4 844 803 805 847 
1521 0 2 4 6 5 5 1 3 6 8 8 8 5 808 813 814 852 819 
1522 0 2 6 4 5 5 1 3 8 6 8 8 5 920 922 883 881 886 
1523 0 2 6 6 5 5 1 3 8 8 8 8 5 925 891 930 897 936 
1524 0 3 4 4 5 5 1 8 6 7 8 8 5 842 1117 1156 1121 1127 
1525 0 3 4 7 5 5 1 8 6 8 8 8 5 1171 1131 1132 858 1170 
1526 0 3 6 4 5 5 1 8 8 6 8 8 5 1229 1234 1195 1200 1239 
1527 0 3 6 6 5 5 1 8 8 8 8 8 5 1204 1248 1210 1209 1249 
1528 1 2 4 4 5 5 2 3 7 6 8 8 5 2094 2053 2092 2136 2058 
1529 1 2 4 6 5 5 2 3 7 8 8 8 5 2103 2064 2141 2069 2108 
1530 1 2 7 4 5 5 2 3 8 6 8 8 5 2172 2133 2131 2171 2177 
1531 1 2 7 6 5 5 2 3 8 8 8 8 5 2138 2175 2180 2146 2185 
1532 1 3 4 4 5 5 2 8 6 7 8 8 5 2366 2406 2371 2372 2377 
1533 1 3 4 7 5 5 2 8 6 8 8 8 5 2416 2415 2375 2421 2380 
1534 1 3 6 4 5 5 2 8 8 7 8 8 5 2484 2445 2488 2449 2455 
1535 1 3 6 7 5 5 2 8 8 8 8 8 5 2459 2499 2460 2498 2420 
1536 2 0 0 0 0 0 4 2 2 2 5 5 4 2540 2501 2544 2505 
1537 2 0 0 2 0 0 4 2 2 4 5 5 5 2818 2510 2549 2516 2515 
1538 2 0 2 0 0 0 4 2 4 3 5 5 5 2579 2618 2622 2583 2627 
1539 2 0 2 3 0 0 4 2 4 4 5 5 5 2588 2593 2554 2632 2555 
1540 2 2 0 0 0 0 4 2 3 3 5 5 5 2851 2812 2896 2857 2861 
1541 2 2 0 3 0 0 4 2 3 4 5 5 5 2862 2823 2867 2906 2828 
1542 2 2 3 0 0 0 4 2 4 3 5 5 5 2890 2929 4145 2934 2901 
1543 2 2 3 3 0 0 4 2 4 4 5 5 5 2939 4189 4190 4195 2945 
1544 4 0 0 0 0 0 8 1 3 3 5 5 4 3750 3755 3794 3838 
1545 4 0 0 3 0 0 8 1 3 4 5 5 5 3760 3799 3766 3803 3764 
1546 4 0 3 0 0 0 8 1 4 2 5 5 5 3829 3874 3833 3872 3835 
1547 4 0 3 2 0 0 8 1 4 4 5 5 5 3877 3843 3844 3883 3882 
1548 4 1 0 0 0 0 8 2 2 3 5 5 5 4062 4101 4102 4067 4111 
1549 4 1 0 3 0 0 8 2 2 4 5 5 5 4073 4112 3805 4078 4117 
1550 4 1 2 0 0 0 8 2 4 1 5 5 5 4179 4140 3868 4181 4141 
1551 4 1 2 1 0 0 8 2 4 4 5 5 5 4142 4106 4184 4151 4156 
1552 2 0 0 0 0 5 3 2 2 2 5 8 4 2500 2814 2506 2545 
1553 2 0 0 2 0 5 3 2 2 4 5 8 5 2817 2511 2550 2866 2827 
1554 2 0 2 0 0 5 3 2 4 2 5 8 5 2539 2578 2617 2584 2623 
1555 2 0 2 2 0 5 3 2 4 4 5 8 5 2628 2589 2633 2594 2946 
1556 2 2 0 0 0 5 3 2 3 2 5 8 5 2853 2891 2813 2852 2819 
1557 2 2 0 2 0 5 3 2 3 4 5 8 5 2858 2856 2895 2822 2905 
1558 2 2 3 0 0 5 3 2 4 2 5 8 5 2931 2930 2892 2897 2935 
1559 2 2 3 2 0 5 3 2 4 4 5 8 5 2936 2941 2940 2900 2944 
1560 3 0 0 0 0 5 8 2 2 2 5 8 4 3789 3751 4069 3756 
1561 3 0 0 2 0 5 8 2 2 4 5 8 5 3795 3761 3800 3804 3765 
1562 3 0 2 0 0 5 8 2 4 2 5 8 5 3867 3790 3828 3796 3834 
1563 3 0 2 2 0 5 8 2 4 4 5 8 5 3873 4152 3878 3839 4194 
1564 3 2 0 0 0 5 8 2 2 2 5 8 5 4063 4103 4064 4068 4108 
1565 3 2 0 2 0 5 8 2 2 4 5 8 5 4107 4074 4072 4113 4077 
1566 3 2 2 0 0 5 8 2 4 2 5 8 5 4180 4186 4147 4185 4146 
1567 3 2 2 2 0 5 8 2 4 4 5 8 5 4150 4191 4155 4196 4116 
1568 2 0 0 0 5 0 3 2 3 2 8 5 4 2541 2502 2585 2507 
1569 2 0 0 2 5 0 3 2 3 4 8 5 5 2546 2513 2552 2557 2518 
1570 2 0 3 0 5 0 3 2 4 2 8 5 5 2620 2619 2580 2621 2624 
1571 2 0 3 2 5 0 3 2 4 4 8 5 5 2630 2591 2635 2596 2947 
1572 2 2 0 0 5 0 3 2 2 3 8 5 5 2815 2820 2859 2826 2824 
1573 2 2 0 3 5 0 3 2 2 4 8 5 5 2825 2865 2863 2829 2868 
1574 2 2 2 0 5 0 3 2 4 3 8 5 5 2932 2893 2937 2898 2904 
1575 2 2 2 3 5 0 3 2 4 4 8 5 5 2902 2903 2864 2942 2907 
1576 3 0 0 0 5 0 8 2 2 2 8 5 4 3752 3791 3758 3757 
1577 3 0 0 2 5 0 8 2 2 4 8 5 5 3797 3763 3802 3768 3807 
1578 3 0 2 0 5 0 8 2 4 3 8 5 5 3869 3830 3836 3841 3879 
1579 3 0 2 3 5 0 8 2 4 4 8 5 5 3880 4192 3846 3885 4198 
1580 3 2 0 0 5 0 8 2 2 3 8 5 5 4065 4070 4109 4075 4114 
1581 3 2 0 3 5 0 8 2 2 4 8 5 5 4081 4080 4120 4079 4118 
1582 3 2 2 0 5 0 8 2 4 2 8 5 5 2854 4104 4143 4187 4148 
1583 3 2 2 2 5 0 8 2 4 4 8 5 5 4153 4159 4158 4157 4119 
1584 2 0 0 0 5 5 3 1 2 2 8 8 4 2543 2504 2503 2509 
1585 2 0 0 2 5 5 3 1 2 4 8 8 5 2508 2548 2512 2514 2517 
1586 2 0 2 0 5 5 3 1 4 2 8 8 5 2581 2542 2582 2626 2625 
1587 2 0 2 2 5 5 3 1 4 4 8 8 5 2590 2631 2551 2595 2634 
1588 2 1 0 0 5 5 3 2 2 2 8 8 5 2855 2816 2821 2860 2547 
1589 2 1 0 2 5 5 3 2 2 4 8 8 5 2553 2556 2831 2870 2830 
1590 2 1 2 0 5 5 3 2 4 2 8 8 5 2933 2894 2938 2899 2587 
1591 2 1 2 2 5 5 3 2 4 4 8 8 5 2592 2629 2943 2909 2908 
1592 3 0 0 0 5 5 8 1 3 1 8 8 4 3792 3831 3793 3754 
1593 3 0 0 1 5 5 8 1 3 4 8 8 5 3759 3798 3801 3762 3767 
1594 3 0 3 0 5 5 8 1 4 2 8 8 5 3832 3870 3871 3837 2586 
1595 3 0 3 2 5 5 8 1 4 4 8 8 5 3876 3875 3881 3842 3845 
1596 3 1 0 0 5 5 8 2 3 2 8 8 5 3753 4066 4105 4144 4071 
1597 3 1 0 2 5 5 8 2 3 4 8 8 5 4110 4076 4115 3806 2869 
1598 3 1 3 0 5 5 8 2 4 3 8 8 5 4182 4183 4149 4188 4193 
1599 3 1 3 3 5 5 8 2 4 4 8 8 5 3840 4154 4197 3884 2948 
1600 2 0 0 4 0 0 3 1 2 6 4 5 4 2558 2519 2521 2524 
1601 2 0 0 6 0 0 3 1 2 8 4 5 5 2563 2529 2569 2530 2535 
1602 2 0 2 4 0 0 3 1 4 6 4 5 5 2636 2560 2638 2599 2641 
1603 2 0 2 6 0 0 3 1 4 8 4 5 5 2607 2568 2646 2613 2652 
1604 2 1 0 4 0 0 3 2 2 7 4 5 5 2871 2832 2837 2876 2882 
1605 2 1 0 7 0 0 3 2 2 8 4 5 5 2843 2881 2846 2885 2887 
1606 2 1 2 4 0 0 3 2 4 6 4 5 5 2597 2950 2910 2915 2955 
1607 2 1 2 6 0 0 3 2 4 8 4 5 5 2920 2926 2925 2964 2924 
1608 3 0 0 4 0 0 8 1 3 6 4 5 4 3769 3774 3813 3852 
1609 3 0 0 6 0 0 8 1 3 8 4 5 5 3780 3819 3818 2574 3785 
1610 3 0 3 4 0 0 8 1 4 6 4 5 5 3847 3888 3886 3849 2602 
1611 3 0 3 6 0 0 8 1 4 8 4 5 5 3891 3897 3857 3858 3902 
1612 3 1 0 4 0 0 8 2 2 7 4 5 5 4122 3808 4126 4087 4092 
1613 3 1 0 7 0 0 8 2 2 8 4 5 5 4131 4136 4098 3824 2848 
1614 3 1 2 4 0 0 8 2 4 7 4 5 5 4200 4161 4165 4204 4170 
1615 3 1 2 7 0 0 8 2 4 8 4 5 5 2959 4209 4175 4214 3863 
1616 2 0 0 4 0 5 4 1 3 6 4 8 4 2520 2559 2526 2565 
1617 2 0 0 6 0 5 4 1 3 8 4 8 5 2564 2604 2603 2570 2531 
1618 2 0 3 4 0 5 4 1 4 7 4 8 5 2637 2598 2608 2609 2648 
1619 2 0 3 7 0 5 4 1 4 8 4 8 5 2647 2651 2653 2614 2612 
1620 2 1 0 4 0 5 4 2 2 6 4 8 5 2872 2833 2525 2838 2877 
1621 2 1 0 6 0 5 4 2 2 8 4 8 5 2842 2534 2573 2847 2886 
1622 2 1 2 4 0 5 4 2 4 6 4 8 5 2911 2949 2916 2642 4205 
1623 2 1 2 6 0 5 4 2 4 8 4 8 5 2954 2643 2921 2960 2965 
1624 4 0 0 4 0 5 8 1 2 6 4 8 4 3771 3770 3775 3814 
1625 4 0 0 6 0 5 8 1 2 8 4 8 5 3815 3779 3820 3784 3823 
1626 4 0 2 4 0 5 8 1 4 6 4 8 5 3810 3887 3854 3893 3853 
1627 4 0 2 6 0 5 8 1 4 8 4 8 5 3892 3898 3896 3859 3862 
1628 4 1 0 4 0 5 8 2 2 6 4 8 5 3809 4083 4082 4088 3776 
1629 4 1 0 6 0 5 8 2 2 8 4 8 5 4127 3781 4093 4132 4097 
1630 4 1 2 4 0 5 8 2 4 6 4 8 5 4121 4199 3848 4160 4166 
1631 4 1 2 6 0 5 8 2 4 8 4 8 5 4171 4210 3901 4215 4176 
1632 2 0 0 4 4 0 4 1 2 7 8 5 4 2522 2527 2566 2532 
1633 2 0 0 7 4 0 4 1 2 8 8 5 5 2571 2538 3788 2577 2575 
1634 2 0 2 4 4 0 4 1 4 7 8 5 5 2640 2601 2605 2644 2610 
1635 2 0 2 7 4 0 4 1 4 8 8 5 5 2649 3903 2655 2616 2654 
1636 2 1 0 4 4 0 4 2 3 6 8 5 5 2835 2873 2834 2840 2918 
1637 2 1 0 6 4 0 4 2 3 8 8 5 5 2879 2845 2884 2849 2536 
1638 2 1 3 4 4 0 4 2 4 7 8 5 5 2953 2951 2912 2956 2923 
1639 2 1 3 7 4 0 4 2 4 8 8 5 5 2961 4173 2962 2967 2928 
1640 4 0 0 4 4 0 8 1 2 7 8 5 4 3811 3772 3777 3782 
1641 4 0 0 7 4 0 8 1 2 8 8 5 5 3821 3783 3786 3825 3787 
1642 4 0 2 4 4 0 8 1 4 7 8 5 5 3850 3816 3855 3860 3899 
1643 4 0 2 7 4 0 8 1 4 8 8 5 5 3827 3864 3905 3904 3866 
1644 4 1 0 4 4 0 8 2 2 6 8 5 5 4123 4084 4128 4090 4089 
1645 4 1 0 6 4 0 8 2 2 8 8 5 5 4095 4094 4139 4100 4137 
1646 4 1 2 4 4 0 8 2 4 6 8 5 5 4201 4202 4162 4167 3894 
1647 4 1 2 6 4 0 8 2 4 8 8 5 5 4206 4212 4134 4217 4178 
1648 2 0 0 4 4 5 3 2 2 6 8 8 4 2562 2561 2523 2839 
1649 2 0 0 6 4 5 3 2 2 8 8 8 5 2528 2567 2533 2576 2537 
1650 2 0 2 4 4 5 3 2 4 6 8 8 5 2600 2639 2952 2878 2606 
1651 2 0 2 6 4 5 3 2 4 8 8 8 5 2645 2650 2611 2966 2615 
1652 2 2 0 4 4 5 3 2 2 6 8 8 5 2836 2875 2874 2841 2880 
1653 2 2 0 6 4 5 3 2 2 8 8 8 5 2883 2844 2889 2850 2888 
1654 2 2 2 4 4 5 3 2 4 6 8 8 5 2913 2914 2917 2919 2958 
1655 2 2 2 6 4 5 3 2 4 8 8 8 5 2957 2922 2963 2968 2927 
1656 3 0 0 4 4 5 8 2 3 6 8 8 5 3812 3773 3851 3817 3778 
1657 3 0 0 6 4 5 8 2 3 8 8 8 5 3822 2572 4135 4138 3826 
1658 3 0 3 4 4 5 8 2 4 6 8 8 5 3890 3889 4208 3856 3895 
1659 3 0 3 6 4 5 8 2 4 8 8 8 5 4174 3861 3900 4213 3865 
1660 3 2 0 4 4 5 8 2 2 6 8 8 5 4086 4125 4124 4085 4091 
1661 3 2 0 6 4 5 8 2 2 8 8 8 5 4130 4129 4133 4096 4099 
1662 3 2 2 4 4 5 8 2 4 6 8 8 5 4164 4203 4163 4169 4207 
1663 3 2 2 6 4 5 8 2 4 8 8 8 5 4168 4172 4211 4216 4177 
1664 2 0 4 0 0 0 3 2 6 2 4 5 4 3008 2696 2657 2975 
1665 2 0 4 2 0 0 3 2 6 4 4 5 5 2701 2666 2706 2710 2671 
1666 2 0 6 0 0 0 3 2 8 2 4 5 5 2734 2773 2735 2740 2739 
1667 2 0 6 2 0 0 3 2 8 4 4 5 5 2779 3056 2784 2745 2749 
1668 2 2 4 0 0 0 3 2 7 3 4 5 5 2970 2973 3052 3013 3017 
1669 2 2 4 3 0 0 3 2 7 4 4 5 5 3019 3018 2978 3022 2984 
1670 2 2 7 0 0 0 3 2 8 3 4 5 5 3086 3047 3091 3057 3058 
1671 2 2 7 3 0 0 3 2 8 4 4 5 5 3096 3097 3100 3061 3101 
1672 3 0 4 0 0 0 8 2 6 2 4 5 4 4220 3946 3907 3911 
1673 3 0 4 2 0 0 8 2 6 4 4 5 5 3950 3955 3916 4267 3921 
1674 3 0 6 0 0 0 8 2 8 3 4 5 5 3985 4023 4028 3994 4034 
1675 3 0 6 3 0 0 8 2 8 4 4 5 5 4033 4039 4311 3999 3960 
1676 3 2 4 0 0 0 8 2 6 2 4 5 5 4259 4218 4219 4257 4223 
1677 3 2 4 2 0 0 8 2 6 4 4 5 5 4262 4228 4234 4233 4272 
1678 3 2 6 0 0 0 8 2 8 2 4 5 5 4258 4336 4297 4302 4341 
1679 3 2 6 2 0 0 8 2 8 4 4 5 5 4306 4347 4345 4308 4350 
1680 2 0 4 0 0 5 4 1 6 2 4 8 4 2697 2695 2656 2661 
1681 2 0 4 2 0 5 4 1 6 4 4 8 5 2662 2700 2667 2672 3922 
1682 2 0 6 0 0 5 4 1 8 3 4 8 5 2774 2778 2741 2780 2705 
1683 2 0 6 3 0 5 4 1 8 4 4 8 5 2783 2750 2788 2789 2711 
1684 2 1 4 0 0 5 4 2 6 3 4 8 5 3009 2969 3014 2974 2980 
1685 2 1 4 3 0 5 4 2 6 4 4 8 5 2979 3023 3024 2985 2983 
1686 2 1 6 0 0 5 4 2 8 2 4 8 5 2775 2736 3048 3087 3053 
1687 2 1 6 2 0 5 4 2 8 4 4 8 5 3092 2744 3062 3102 3063 
1688 4 0 4 0 0 5 8 2 7 2 4 8 4 3945 3906 3912 3951 
1689 4 0 4 2 0 5 8 2 7 4 4 8 5 3989 3917 3956 3961 4274 
1690 4 0 7 0 0 5 8 2 8 2 4 8 5 4024 4025 3984 3990 4029 
1691 4 0 7 2 0 5 8 2 8 4 4 8 5 4030 4035 3995 4038 4000 
1692 4 2 4 0 0 5 8 2 6 3 4 8 5 4264 4263 4224 4225 4230 
1693 4 2 4 3 0 5 8 2 6 4 4 8 5 4229 4269 4268 4273 4235 
1694 4 2 6 0 0 5 8 2 8 3 4 8 5 4337 4298 4303 4342 4307 
1695 4 2 6 3 0 5 8 2 8 4 4 8 5 4346 4313 4351 4312 4352 
1696 2 0 4 0 4 0 3 1 7 2 8 5 4 2698 2660 2663 2702 
1697 2 0 4 2 4 0 3 1 7 4 8 5 5 2668 2707 2712 2673 2751 
1698 2 0 7 0 4 0 3 1 8 2 8 5 5 2776 2737 2743 2782 2781 
1699 2 0 7 2 4 0 3 1 8 4 8 5 5 2785 2748 2746 2787 2790 
1700 2 1 4 0 4 0 3 2 6 2 8 5 5 2972 2658 3011 2976 2704 
1701 2 1 4 2 4 0 3 2 6 4 8 5 5 3016 2981 3021 3025 2986 
1702 2 1 6 0 4 0 3 2 8 2 8 5 5 3049 3089 3088 3050 3055 
1703 2 1 6 2 4 0 3 2 8 4 8 5 5 3094 3099 3060 3103 3064 
1704 3 0 4 0 4 0 8 1 7 2 8 5 4 3908 3949 3947 3952 
1705 3 0 4 2 4 0 8 1 7 4 8 5 5 3913 3997 3958 3962 3924 
1706 3 0 7 0 4 0 8 1 8 2 8 5 5 3987 3988 4026 3991 4031 
1707 3 0 7 2 4 0 8 1 8 4 8 5 5 4037 4036 4040 4042 4001 
1708 3 1 4 0 4 0 8 2 6 3 8 5 5 4261 4222 4226 4265 3919 
1709 3 1 4 3 4 0 8 2 6 4 8 5 5 4231 4270 4275 4236 4237 
1710 3 1 6 0 4 0 8 2 8 2 8 5 5 4339 4300 4299 3986 4305 
1711 3 1 6 2 4 0 8 2 8 4 8 5 5 4344 4349 4314 3963 4353 
1712 2 0 4 0 4 5 3 1 6 2 8 8 4 2659 2699 2664 2703 
1713 2 0 4 2 4 5 3 1 6 4 8 8 5 2670 2669 2708 2714 2674 
1714 2 0 6 0 4 5 3 1 8 3 8 8 5 2777 2738 2742 2747 2709 
1715 2 0 6 3 4 5 3 1 8 4 8 8 5 2786 2792 2791 2752 2753 
1716 2 1 4 0 4 5 3 2 6 2 8 8 5 3010 2971 2977 2665 3015 
1717 2 1 4 2 4 5 3 2 6 4 8 8 5 2982 3020 2987 2713 2675 
1718 2 1 6 0 4 5 3 2 8 2 8 8 5 3090 3012 3051 3054 3095 
1719 2 1 6 2 4 5 3 2 8 4 8 8 5 3093 3059 3098 3065 3026 
1720 3 0 4 0 4 5 8 1 6 2 8 8 4 3948 3909 3910 3915 
1721 3 0 4 2 4 5 8 1 6 4 8 8 5 3914 3953 3957 3920 3959 
1722 3 0 6 0 4 5 8 1 8 2 8 8 5 4027 3954 3992 4032 3993 
1723 3 0 6 2 4 5 8 1 8 4 8 8 5 3996 3998 4041 4002 4003 
1724 3 1 4 0 4 5 8 2 7 3 8 8 5 4260 4221 4266 4227 4232 
1725 3 1 4 3 4 5 8 2 7 4 8 8 5 4271 3918 4309 4276 3923 
1726 3 1 7 0 4 5 8 2 8 2 8 8 5 4301 4338 4340 4304 4343 
1727 3 1 7 2 4 5 8 2 8 4 8 8 5 4310 4348 4315 4354 3104 
1728 2 0 4 4 0 0 3 1 6 6 4 5 4 2715 2676 2681 2720 
1729 2 0 4 6 0 0 3 1 6 8 4 5 5 2682 2687 2726 2686 2685 
1730 2 0 6 4 0 0 3 1 8 7 4 5 5 2793 2754 2759 2798 2765 
1731 2 0 6 7 0 0 3 1 8 8 4 5 5 2763 2803 2807 2808 2768 
1732 2 1 4 4 0 0 3 2 6 7 4 5 5 2989 2994 3033 3032 2998 
1733 2 1 4 7 0 0 3 2 6 8 4 5 5 2724 3042 2729 3003 2690 
1734 2 1 6 4 0 0 3 2 8 6 4 5 5 3027 3105 3066 3111 3072 
1735 2 1 6 6 0 0 3 2 8 8 4 5 5 3077 3038 2804 3116 3121 
1736 3 0 4 4 0 0 8 1 6 6 4 5 4 3927 3925 3966 3930 
1737 3 0 4 6 0 0 8 1 6 8 4 5 5 3969 3935 3974 3980 3941 
1738 3 0 6 4 0 0 8 1 8 6 4 5 5 3964 4043 4004 4009 4048 
1739 3 0 6 6 0 0 8 1 8 8 4 5 5 4014 4053 2802 4018 4020 
1740 3 1 4 4 0 0 8 2 7 6 4 5 5 4317 4278 4239 4243 4283 
1741 3 1 4 6 0 0 8 2 7 8 4 5 5 3936 4248 4288 4292 4253 
1742 3 1 7 4 0 0 8 2 8 6 4 5 5 4355 4316 4322 4321 4361 
1743 3 1 7 6 0 0 8 2 8 8 4 5 5 4327 4366 4331 4057 4370 
1744 2 0 4 4 0 5 4 2 7 6 4 8 4 2755 2716 2677 2721 
1745 2 0 4 6 0 5 4 2 7 8 4 8 5 2725 2692 2730 2731 2691 
1746 2 0 7 4 0 5 4 2 8 6 4 8 5 2794 3068 4010 2799 2760 
1747 2 0 7 6 0 5 4 2 8 8 4 8 5 3071 2764 2809 2770 2769 
1748 2 2 4 4 0 5 4 2 7 6 4 8 5 3028 3029 2988 2993 3034 
1749 2 2 4 6 0 5 4 2 7 8 4 8 5 3037 2999 3076 3043 3004 
1750 2 2 7 4 0 5 4 2 8 6 4 8 5 3067 3107 3106 3073 3112 
1751 2 2 7 6 0 5 4 2 8 8 4 8 5 3110 3115 3081 3082 3120 
1752 4 0 4 4 0 5 8 1 6 6 4 8 4 3926 3965 3971 3932 
1753 4 0 4 6 0 5 8 1 6 8 4 8 5 3937 3975 3942 3940 3979 
1754 4 0 6 4 0 5 8 1 8 7 4 8 5 4005 4044 3970 4049 4054 
1755 4 0 6 7 0 5 8 1 8 8 4 8 5 4015 3976 4058 3981 4019 
1756 4 1 4 4 0 5 8 2 6 6 4 8 5 4279 4277 4238 3931 4244 
1757 4 1 4 6 0 5 8 2 6 8 4 8 5 4282 4249 4287 4254 4293 
1758 4 1 6 4 0 5 8 2 8 6 4 8 5 4318 4356 4357 4323 4360 
1759 4 1 6 6 0 5 8 2 8 8 4 8 5 4362 4326 4365 4371 4332 
1760 2 0 4 4 4 0 4 2 6 6 8 5 4 2678 2718 2679 2684 
1761 2 0 4 6 4 0 4 2 6 8 8 5 5 2995 2723 2728 2732 2693 
1762 2 0 6 4 4 0 4 2 8 6 8 5 5 3108 2796 2757 2762 3113 
1763 2 0 6 6 4 0 4 2 8 8 8 5 5 2801 2806 2767 2810 2771 
1764 2 2 4 4 4 0 4 2 6 6 8 5 5 2992 3030 2990 3035 4284 
1765 2 2 4 6 4 0 4 2 6 8 8 5 5 3039 3041 3000 3044 3005 
1766 2 2 6 4 4 0 4 2 8 7 8 5 5 3069 3036 3074 3119 3078 
1767 2 2 6 7 4 0 4 2 8 8 8 5 5 3080 3117 4367 3122 3083 
1768 4 0 4 4 4 0 8 1 6 6 8 5 4 3968 3929 3933 3972 
1769 4 0 4 6 4 0 8 1 6 8 8 5 5 3938 3977 3983 3944 3982 
1770 4 0 6 4 4 0 8 1 8 6 8 5 5 4045 4006 4011 4051 4012 
1771 4 0 6 6 4 0 8 1 8 8 8 5 5 4017 4056 4061 4022 4059 
1772 4 1 4 4 4 0 8 2 6 6 8 5 5 4242 4240 4280 4286 4245 
1773 4 1 4 6 4 0 8 2 6 8 8 5 5 4250 4251 4289 4294 4256 
1774 4 1 6 4 4 0 8 2 8 6 8 5 5 4319 4358 4325 4363 4364 
1775 4 1 6 6 4 0 8 2 8 8 8 5 5 4329 4328 4369 4372 4333 
1776 2 0 4 4 4 5 3 1 6 6 8 8 4 2680 2719 2717 2683 
1777 2 0 4 6 4 5 3 1 6 8 8 8 5 2722 2689 2727 2733 2694 
1778 2 0 6 4 4 5 3 1 8 6 8 8 5 2795 2797 2756 2758 2761 
1779 2 0 6 6 4 5 3 1 8 8 8 8 5 2800 2805 2766 2811 2772 
1780 2 1 4 4 4 5 3 2 6 7 8 8 5 2991 2996 2997 3002 3001 
1781 2 1 4 7 4 5 3 2 6 8 8 8 5 2688 3040 3045 3007 3046 
1782 2 1 6 4 4 5 3 2 8 7 8 8 5 3031 3070 3109 3114 3079 
1783 2 1 6 7 4 5 3 2 8 8 8 8 5 3118 3124 3084 3085 3123 
1784 3 0 4 4 4 5 8 2 7 5 8 8 5 3928 3967 4008 4007 4281 
1785 3 0 4 5 4 5 8 2 7 8 8 8 5 3973 3934 3978 3939 3943 
1786 3 0 7 4 4 5 8 2 8 6 8 8 5 4047 4046 4013 4050 4052 
1787 3 0 7 6 4 5 8 2 8 8 8 8 5 4055 4016 4060 4021 4373 
1788 3 2 4 4 4 5 8 2 6 7 8 8 5 4241 4285 4246 4247 4252 
1789 3 2 4 7 4 5 8 2 6 8 8 8 5 4291 3006 4296 4255 4295 
1790 3 2 6 4 4 5 8 2 8 7 8 8 5 4320 4359 3075 4324 4330 
1791 3 2 6 7 4 5 8 2 8 8 8 8 5 4290 4368 4334 4374 4335 
1792 2 2 0 0 0 0 3 4 2 2 5 5 4 3125 3438 3164 3169 
1793 2 2 0 2 0 0 3 4 2 4 5 5 5 3130 3135 3136 3139 3141 
1794 2 2 2 0 0 0 3 4 4 3 5 5 5 3204 3243 3248 3174 3213 
1795 2 2 2 3 0 0 3 4 4 4 5 5 5 3252 3180 3257 3178 3218 
1796 2 4 0 0 0 0 3 8 3 2 5 5 5 3476 3443 3442 3522 3481 
1797 2 4 0 2 0 0 3 8 3 4 5 5 5 3487 3486 3448 3452 3492 
1798 2 4 3 0 0 0 3 8 4 2 5 5 5 3555 3556 3517 3520 3559 
1799 2 4 3 2 0 0 3 8 4 4 5 5 5 3561 3525 3569 3531 3570 
1800 3 2 0 0 0 0 8 3 2 2 5 5 4 4414 4375 4380 4419 
1801 3 2 0 2 0 0 8 3 2 4 5 5 5 4384 4386 4425 4428 4389 
1802 3 2 2 0 0 0 8 3 4 3 5 5 5 4492 4453 4497 4458 4464 
1803 3 2 2 3 0 0 8 3 4 4 5 5 5 4463 4502 4507 4469 4467 
1804 3 3 0 0 0 0 8 8 3 2 5 5 5 4765 4726 4687 4693 4771 
1805 3 3 0 2 0 0 8 8 3 4 5 5 5 4732 4698 4737 4742 4703 
1806 3 3 3 0 0 0 8 8 4 3 5 5 5 4806 4804 4770 4809 4814 
1807 3 3 3 3 0 0 8 8 4 4 5 5 5 3564 4776 4782 4820 4781 
1808 2 2 0 0 0 5 4 4 2 2 5 8 4 3126 3165 3132 3131 
1809 2 2 0 2 0 5 4 4 2 4 5 8 5 3170 3175 3140 4430 3179 
1810 2 2 2 0 0 5 4 4 4 2 5 8 5 3242 3203 3247 3208 3209 
1811 2 2 2 2 0 5 4 4 4 4 5 8 5 3526 3214 3253 3219 3258 
1812 2 4 0 0 0 5 4 8 2 2 5 8 5 3477 3478 3437 3439 3482 
1813 2 4 0 2 0 5 4 8 2 4 5 8 5 3483 3488 3447 3491 3453 
1814 2 4 2 0 0 5 4 8 4 3 5 8 5 3516 4767 3521 3560 3527 
1815 2 4 2 3 0 5 4 8 4 4 5 8 5 3565 3566 3571 3530 3532 
1816 4 2 0 0 0 5 8 4 2 2 5 8 4 4415 4688 4376 4381 
1817 4 2 0 2 0 5 8 4 2 4 5 8 5 4736 4385 4429 4390 4391 
1818 4 2 2 0 0 5 8 4 4 2 5 8 5 4454 4493 4420 4772 4459 
1819 4 2 2 2 0 5 8 4 4 4 5 8 5 4498 4424 4503 4508 4468 
1820 4 4 0 0 0 5 8 8 2 2 5 8 5 4727 4689 4728 4694 4692 
1821 4 4 0 2 0 5 8 8 2 4 5 8 5 4731 4733 4697 4741 4702 
1822 4 4 2 0 0 5 8 8 4 3 5 8 5 4766 4805 4810 4811 4816 
1823 4 4 2 3 0 5 8 8 4 4 5 8 5 4775 4815 4819 4821 4780 
1824 2 2 0 0 5 0 4 3 3 2 8 5 4 3166 3127 3133 3172 
1825 2 2 0 2 5 0 4 3 3 4 8 5 5 3171 3138 3216 3177 4392 
1826 2 2 3 0 5 0 4 3 4 2 8 5 5 3207 3244 3205 3246 3210 
1827 2 2 3 2 5 0 4 3 4 4 8 5 5 3249 3215 3254 3260 3221 
1828 2 3 0 0 5 0 4 8 2 2 8 5 5 3440 3479 3484 3445 3444 
1829 2 3 0 2 5 0 4 8 2 4 8 5 5 3446 3449 4699 3454 3142 
1830 2 3 2 0 5 0 4 8 4 3 8 5 5 3558 3519 3523 3490 3567 
1831 2 3 2 3 5 0 4 8 4 4 8 5 5 3528 3533 3493 3495 3572 
1832 4 2 0 0 5 0 8 3 2 2 8 5 4 4377 4378 4417 4382 
1833 4 2 0 2 5 0 8 3 2 4 8 5 5 4383 4422 4421 4427 4388 
1834 4 2 2 0 5 0 8 3 4 2 8 5 5 4494 4416 4455 4460 4461 
1835 4 2 2 2 5 0 8 3 4 4 8 5 5 4499 4505 4470 4431 4510 
1836 4 3 0 0 5 0 8 8 3 2 8 5 5 4690 4729 4695 4734 4773 
1837 4 3 0 2 5 0 8 8 3 4 8 5 5 4701 4740 4738 4743 4704 
1838 4 3 3 0 5 0 8 8 4 3 8 5 5 4808 4768 4812 4777 4779 
1839 4 3 3 3 5 0 8 8 4 4 8 5 5 4778 4466 4817 4822 4783 
1840 2 2 0 0 5 5 3 3 3 1 8 8 4 3206 3128 3168 3129 
1841 2 2 0 1 5 5 3 3 3 4 8 8 5 3167 3173 3134 3181 3143 
1842 2 2 3 0 5 5 3 3 4 3 8 8 5 3245 3250 3212 3217 3256 
1843 2 2 3 3 5 5 3 3 4 4 8 8 5 3255 3220 3222 3259 3261 
1844 2 3 0 0 5 5 3 8 2 3 8 8 5 3441 3480 3176 3137 3451 
1845 2 3 0 3 5 5 3 8 2 4 8 8 5 3450 3456 3182 3455 3494 
1846 2 3 2 0 5 5 3 8 4 2 8 8 5 3557 3485 3563 3562 3524 
1847 2 3 2 2 5 5 3 8 4 4 8 8 5 3251 3529 3568 3489 3534 
1848 3 2 0 0 5 5 8 3 3 1 8 8 4 4457 4418 4379 4456 
1849 3 2 0 1 5 5 8 3 3 4 8 8 5 4423 4462 4387 4432 4393 
1850 3 2 3 0 5 5 8 3 4 2 8 8 5 4496 4495 3211 4501 4500 
1851 3 2 3 2 5 5 8 3 4 4 8 8 5 4465 4504 4506 4471 4509 
1852 3 3 0 0 5 5 8 8 2 3 8 8 5 4730 4691 4696 4735 4700 
1853 3 3 0 3 5 5 8 8 2 4 8 8 5 4426 4744 4745 4705 4706 
1854 3 3 2 0 5 5 8 8 4 2 8 8 5 4807 4769 3518 4774 4813 
1855 3 3 2 2 5 5 8 8 4 4 8 8 5 4739 4818 4823 3573 4784 
1856 2 2 0 4 0 0 4 3 3 6 5 5 4 3183 3144 3150 3188 
1857 2 2 0 6 0 0 4 3 3 8 5 5 5 3189 3155 3232 3194 3160 
1858 2 2 3 4 0 0 4 3 4 6 5 5 5 3263 3224 3262 4511 3266 
1859 2 2 3 6 0 0 4 3 4 8 5 5 5 3268 3227 3271 3277 3238 
1860 2 3 0 4 0 0 4 8 2 6 5 5 5 3457 3496 3462 3502 3463 
1861 2 3 0 6 0 0 4 8 2 8 5 5 5 3468 3466 3471 3473 3199 
1862 2 3 2 4 0 0 4 8 4 7 5 5 5 3536 3575 3580 3541 3545 
1863 2 3 2 7 0 0 4 8 4 8 5 5 5 3506 3584 3550 3589 3511 
1864 4 2 0 4 0 0 8 4 2 6 5 5 4 4394 4433 4400 4438 
1865 4 2 0 6 0 0 8 4 2 8 5 5 5 4439 4444 4405 4449 4762 
1866 4 2 2 4 0 0 8 4 4 6 5 5 5 4513 4472 4516 4478 4477 
1867 4 2 2 6 0 0 8 4 4 8 5 5 5 4795 4483 4521 4488 4527 
1868 4 4 0 4 0 0 8 8 2 7 5 5 5 4707 4746 4712 4751 4718 
1869 4 4 0 7 0 0 8 8 2 8 5 5 5 4757 4756 4721 4723 4722 
1870 4 4 2 4 0 0 8 8 4 7 5 5 5 4825 4785 4790 4830 4834 
1871 4 4 2 7 0 0 8 8 4 8 5 5 5 4800 4801 4799 4760 4839 
1872 2 2 0 4 0 5 3 3 2 6 5 8 4 3145 3184 3185 3149 
1873 2 2 0 6 0 5 3 3 2 8 5 8 5 3151 3193 3154 3198 3159 
1874 2 2 2 4 0 5 3 3 4 6 5 8 5 3223 3190 3229 3267 3228 
1875 2 2 2 6 0 5 3 3 4 8 5 8 5 3195 3273 3276 3239 3237 
1876 2 3 0 4 0 5 3 8 3 6 5 8 5 3497 3458 3146 3540 3464 
1877 2 3 0 6 0 5 3 8 3 8 5 8 5 3501 3507 3467 3512 3472 
1878 2 3 3 4 0 5 3 8 4 7 5 8 5 3574 3535 3579 3234 3546 
1879 2 3 3 7 0 5 3 8 4 8 5 8 5 3272 3585 3551 3278 3590 
1880 3 2 0 4 0 5 8 3 2 6 5 8 4 4434 4396 4395 4401 
1881 3 2 0 6 0 5 8 3 2 8 5 8 5 4440 4399 4409 4448 4410 
1882 3 2 2 4 0 5 8 3 4 6 5 8 5 4512 4435 4474 4473 4518 
1883 3 2 2 6 0 5 8 3 4 8 5 8 5 3233 4523 4482 4443 4528 
1884 3 3 0 4 0 5 8 8 3 6 5 8 5 4747 4708 4714 4713 4791 
1885 3 3 0 6 0 5 8 8 3 8 5 8 5 4479 4752 4404 4717 4761 
1886 3 3 3 4 0 5 8 8 4 7 5 8 5 4824 4786 4517 4829 4796 
1887 3 3 3 7 0 5 8 8 4 8 5 8 5 4522 4835 4840 4526 4487 
1888 2 2 0 4 5 0 3 4 2 7 8 5 4 3147 3191 3152 3156 
1889 2 2 0 7 5 0 3 4 2 8 8 5 5 3196 3197 3200 3202 3161 
1890 2 2 2 4 5 0 3 4 4 6 8 5 5 3186 3226 3537 3265 3230 
1891 2 2 2 6 5 0 3 4 4 8 8 5 5 3269 3235 3274 3279 3240 
1892 2 4 0 4 5 0 3 8 2 6 8 5 5 3500 3459 3460 3498 3465 
1893 2 4 0 6 5 0 3 8 2 8 8 5 5 3503 3470 3508 3475 3514 
1894 2 4 2 4 5 0 3 8 4 6 8 5 5 3539 3576 3578 3542 3581 
1895 2 4 2 6 5 0 3 8 4 8 8 5 5 3547 3586 3553 3592 3552 
1896 3 2 0 4 5 0 8 3 2 7 8 5 4 4402 4441 4406 3158 
1897 3 2 0 7 5 0 8 3 2 8 8 5 5 4408 4447 4445 4450 4411 
1898 3 2 2 4 5 0 8 3 4 7 8 5 5 4475 4515 4480 4519 4486 
1899 3 2 2 7 5 0 8 3 4 8 8 5 5 4484 4524 4529 4530 4489 
1900 3 3 0 4 5 0 8 8 3 5 8 5 5 4787 4397 4709 4436 4748 
1901 3 3 0 5 5 0 8 8 3 8 8 5 5 4715 4754 4720 4759 4724 
1902 3 3 3 4 5 0 8 8 4 6 8 5 5 4826 4827 4828 4793 4831 
1903 3 3 3 6 5 0 8 8 4 8 8 5 5 4836 4837 4798 4842 4803 
1904 2 2 0 4 5 5 3 4 2 7 8 8 4 3148 3153 3192 3469 
1905 2 2 0 7 5 5 3 4 2 8 8 8 5 3510 3157 3201 3162 3163 
1906 2 2 2 4 5 5 3 4 4 6 8 8 5 3187 3264 3225 3270 3231 
1907 2 2 2 6 5 5 3 4 4 8 8 8 5 3236 3275 3280 3593 3241 
1908 2 4 0 4 5 5 3 8 3 7 8 8 5 3461 3499 3504 3505 3509 
1909 2 4 0 7 5 5 3 8 3 8 8 8 5 3549 3515 3513 3474 3554 
1910 2 4 3 4 5 5 3 8 4 6 8 8 5 3538 3577 3543 3544 3582 
1911 2 4 3 6 5 5 3 8 4 8 8 8 5 3583 3548 3587 3588 3591 
1912 3 2 0 4 5 5 8 4 2 7 8 8 5 4437 4398 4403 4442 4407 
1913 3 2 0 7 5 5 8 4 2 8 8 8 5 4446 4412 4763 4413 4451 
1914 3 2 2 4 5 5 8 4 4 6 8 8 5 4514 4476 4789 4481 4520 
1915 3 2 2 6 5 5 8 4 4 8 8 8 5 4485 4525 4490 4491 4452 
1916 3 4 0 4 5 5 8 8 2 6 8 8 5 4711 4710 4750 4716 4755 
1917 3 4 0 6 5 5 8 8 2 8 8 8 5 4753 4758 4719 4764 4725 
1918 3 4 2 4 5 5 8 8 4 6 8 8 5 4749 4788 4794 4832 4833 
1919 3 4 2 6 5 5 8 8 4 8 8 8 5 4792 4797 4838 4802 4841 
1920 2 2 4 0 0 0 4 4 6 2 4 5 4 3321 3282 3637 3287 
1921 2 2 4 2 0 0 4 4 6 4 4 5 5 3291 3330 4546 3296 3335 
1922 2 2 6 0 0 0 4 4 8 2 4 5 5 3360 3399 3365 3326 3404 
1923 2 2 6 2 0 0 4 4 8 4 4 5 5 3678 3369 3413 3374 3725 
1924 2 4 4 0 0 0 4 8 6 2 4 5 5 3594 3633 3598 3600 3599 
1925 2 4 4 2 0 0 4 8 6 4 4 5 5 3639 3603 3642 3647 3608 
1926 2 4 6 0 0 0 4 8 8 2 4 5 5 3672 3711 3717 3676 3716 
1927 2 4 6 2 0 0 4 8 8 4 4 5 5 3681 3720 3722 3721 3686 
1928 4 2 4 0 0 0 8 4 6 1 4 5 4 4883 4845 4570 4532 
1929 4 2 4 1 0 0 8 4 6 4 4 5 5 4571 4576 4537 4542 4585 
1930 4 2 6 0 0 0 8 4 8 2 4 5 5 4648 4609 4922 4615 4654 
1931 4 2 6 2 0 0 8 4 8 4 4 5 5 4620 4931 4581 4659 4624 
1932 4 4 4 0 0 0 8 8 6 2 4 5 5 4884 4844 4848 4850 4889 
1933 4 4 4 2 0 0 8 8 6 4 4 5 5 4887 4888 4853 4898 4859 
1934 4 4 6 0 0 0 8 8 8 2 4 5 5 4961 4965 4926 4967 4928 
1935 4 4 6 2 0 0 8 8 8 4 4 5 5 4892 4970 4975 4936 4937 
1936 2 2 4 0 0 5 4 3 7 2 4 8 4 3320 3281 3322 3325 
1937 2 2 4 2 0 5 4 3 7 4 4 8 5 3331 3292 3370 3336 3297 
1938 2 2 7 0 0 5 4 3 8 2 4 8 5 3398 4649 3359 3400 3364 
1939 2 2 7 2 0 5 4 3 8 4 4 8 5 3403 3409 3408 3414 3375 
1940 2 3 4 0 0 5 4 8 6 3 4 8 5 3634 3595 3638 3286 3604 
1941 2 3 4 3 0 5 4 8 6 4 4 8 5 3643 3610 3649 3648 3609 
1942 2 3 6 0 0 5 4 8 8 3 4 8 5 3361 3673 3712 3677 3683 
1943 2 3 6 3 0 5 4 8 8 4 4 8 5 3682 3687 3688 3726 3727 
1944 4 2 4 0 0 5 8 3 7 2 4 8 4 4531 4610 4572 4536 
1945 4 2 4 2 0 5 8 3 7 4 4 8 5 4575 4580 4541 4586 4547 
1946 4 2 7 0 0 5 8 3 8 2 4 8 5 4611 4650 4614 4655 4653 
1947 4 2 7 2 0 5 8 3 8 4 4 8 5 4658 4619 4663 4664 4625 
1948 4 3 4 0 0 5 8 8 7 3 4 8 5 4849 4854 4894 4855 4893 
1949 4 3 4 3 0 5 8 8 7 4 4 8 5 4897 4858 4860 4899 4938 
1950 4 3 7 0 0 5 8 8 8 2 4 8 5 4962 4923 4616 4927 4966 
1951 4 3 7 2 0 5 8 8 8 4 4 8 5 4971 4932 4972 4976 4977 
1952 2 2 4 0 4 0 3 3 7 2 8 5 4 3285 3327 3366 3288 
1953 2 2 4 2 4 0 3 3 7 4 8 5 5 3332 3293 3338 3299 3377 
1954 2 2 7 0 4 0 3 3 8 2 8 5 5 3363 3362 3368 3405 3406 
1955 2 2 7 2 4 0 3 3 8 4 8 5 5 3407 3371 3410 3416 3415 
1956 2 3 4 0 4 0 3 8 6 2 8 5 5 3283 3636 3324 3597 3602 
1957 2 3 4 2 4 0 3 8 6 4 8 5 5 3641 3606 3645 3611 3650 
1958 2 3 6 0 4 0 3 8 8 2 8 5 5 3714 3401 3675 3713 3680 
1959 2 3 6 2 4 0 3 8 8 4 8 5 5 3719 3723 3684 3689 3728 
1960 3 2 4 0 4 0 8 3 6 2 8 5 4 4533 4535 4540 4579 
1961 3 2 4 2 4 0 8 3 6 4 8 5 5 4577 4538 4543 4582 4548 
1962 3 2 6 0 4 0 8 3 8 3 8 5 5 4612 4656 4617 4621 4623 
1963 3 2 6 3 4 0 8 3 8 4 8 5 5 4662 4660 4665 4626 4587 
1964 3 3 4 0 4 0 8 8 7 2 8 5 5 4847 4573 4886 4851 4618 
1965 3 3 4 2 4 0 8 8 7 4 8 5 5 4856 4895 4861 4939 4900 
1966 3 3 7 0 4 0 8 8 8 2 8 5 5 4963 4925 4651 4964 4969 
1967 3 3 7 2 4 0 8 8 8 4 8 5 5 4930 4657 4973 4934 4978 
1968 2 2 4 0 4 5 3 3 6 3 8 8 4 3323 3328 3290 3295 
1969 2 2 4 3 4 5 3 3 6 4 8 8 5 3333 3298 3337 3300 3339 
1970 2 2 6 0 4 5 3 3 8 3 8 8 5 3402 3329 3367 3334 3372 
1971 2 2 6 3 4 5 3 3 8 4 8 8 5 3411 3373 3412 3376 3378 
1972 2 3 4 0 4 5 3 8 6 2 8 8 5 3284 3635 3596 3640 3601 
1973 2 3 4 2 4 5 3 8 6 4 8 8 5 3607 3644 3605 3646 3612 
1974 2 3 6 0 4 5 3 8 8 3 8 8 5 3715 3674 3679 3718 3685 
1975 2 3 6 3 4 5 3 8 8 4 8 8 5 3724 3690 3651 3417 3729 
1976 3 2 4 0 4 5 8 3 6 2 8 8 4 4534 3289 4539 4578 
1977 3 2 4 2 4 5 8 3 6 4 8 8 5 4545 3294 4544 4550 4549 
1978 3 2 6 0 4 5 8 3 8 4 8 8 5 4574 4613 4661 4622 4627 
1979 3 2 6 4 4 5 8 3 8 4 8 8 5 4589 4628 4588 4667 4666 
1980 3 3 4 0 4 5 8 8 6 3 8 8 5 4885 4846 4852 4890 4857 
1981 3 3 4 3 4 5 8 8 6 4 8 8 5 4584 4583 4896 4862 4901 
1982 3 3 6 0 4 5 8 8 8 2 8 8 5 4924 4652 4891 4968 4929 
1983 3 3 6 2 4 5 8 8 8 4 8 8 5 4935 4933 4974 4979 4940 
1984 2 2 4 4 0 0 3 3 6 6 5 5 4 3301 3344 3305 3346 
1985 2 2 4 6 0 0 3 3 6 8 5 5 5 3345 3310 3349 3316 3315 
1986 2 2 6 4 0 0 3 3 8 6 5 5 5 3379 3383 3424 3385 3423 
1987 2 2 6 6 0 0 3 3 8 8 5 5 5 3388 3428 3427 3432 3393 
1988 2 3 4 4 0 0 3 8 6 6 5 5 5 3653 3340 3614 3619 3307 
1989 2 3 4 6 0 0 3 8 6 8 5 5 5 3658 3623 3354 3667 3628 
1990 2 3 6 4 0 0 3 8 8 6 5 5 5 3418 3730 3692 3731 3697 
1991 2 3 6 6 0 0 3 8 8 8 5 5 5 3736 3741 3702 3746 3706 
1992 3 2 4 4 0 0 8 3 6 6 5 5 4 4590 4551 4557 4556 
1993 3 2 4 6 0 0 8 3 6 8 5 5 5 4560 4562 4601 4600 4604 
1994 3 2 6 4 0 0 8 3 8 7 5 5 5 4668 4629 4634 4638 4640 
1995 3 2 6 7 0 0 8 3 8 8 5 5 5 4639 4679 4677 4682 4643 
1996 3 3 4 4 0 0 8 8 6 6 5 5 5 4865 4864 4869 4908 4595 
1997 3 3 4 6 0 0 8 8 6 8 5 5 5 4873 4912 4599 4878 4565 
1998 3 3 6 4 0 0 8 8 8 6 5 5 5 4942 4903 4981 4947 4673 
1999 3 3 6 6 0 0 8 8 8 8 5 5 5 4986 4951 4956 4917 4995 
2000 2 2 4 4 0 5 3 4 7 6 5 8 4 3302 3341 3380 3306 
2001 2 2 4 6 0 5 3 4 7 8 5 8 5 3311 3351 3312 3356 3317 
2002 2 2 7 4 0 5 3 4 8 7 5 8 5 3419 3732 3384 3696 3389 
2003 2 2 7 7 0 5 3 4 8 8 5 8 5 3390 3429 3395 3434 3394 
2004 2 4 4 4 0 5 3 8 6 6 5 8 5 3613 3652 3615 3654 3618 
2005 2 4 4 6 0 5 3 8 6 8 5 8 5 3657 3624 3662 3668 3629 
2006 2 4 6 4 0 5 3 8 8 7 5 8 5 3693 3691 3737 3735 3701 
2007 2 4 6 7 0 5 3 8 8 8 5 8 5 3740 3742 3663 3707 3745 
2008 3 2 4 4 0 5 8 3 6 7 5 8 4 4552 4591 4596 4561 
2009 3 2 4 7 0 5 8 3 6 8 5 8 5 3350 4567 3355 4605 4566 
2010 3 2 6 4 0 5 8 3 8 7 5 8 5 4630 4669 4635 4674 4678 
2011 3 2 6 7 0 5 8 3 8 8 5 8 5 4645 4683 4644 3433 4684 
2012 3 3 4 4 0 5 8 8 7 6 5 8 5 4863 4941 4902 4868 4907 
2013 3 3 4 6 0 5 8 8 7 8 5 8 5 4913 4874 4606 4918 4879 
2014 3 3 7 4 0 5 8 8 8 6 5 8 5 4943 4980 4982 4946 4985 
2015 3 3 7 6 0 5 8 8 8 8 5 8 5 4952 4990 4991 4957 4996 
2016 2 2 4 4 5 0 3 4 7 6 8 5 4 3343 3382 3304 3348 
2017 2 2 4 6 5 0 3 4 7 8 8 5 5 3352 3313 3391 3357 3318 
2018 2 2 7 4 5 0 3 4 8 6 8 5 5 3381 3421 3733 3387 3426 
2019 2 2 7 6 5 0 3 4 8 8 8 5 5 3700 3430 3435 3747 3396 
2020 2 4 4 4 5 0 3 8 6 6 8 5 5 3655 3656 3617 3622 3620 
2021 2 4 4 6 5 0 3 8 6 8 8 5 5 3659 3661 3625 3631 3630 
2022 2 4 6 4 5 0 3 8 8 7 8 5 5 3694 3738 3698 3664 3744 
2023 2 4 6 7 5 0 3 8 8 8 8 5 5 3703 3670 3749 3708 3669 
2024 3 2 4 4 5 0 8 4 6 6 8 5 4 4554 4593 4559 4598 
2025 3 2 4 6 5 0 8 4 6 8 8 5 5 4914 4603 4607 4568 4881 
2026 3 2 6 4 5 0 8 4 8 6 8 5 5 4671 4670 4631 4632 4637 
2027 3 2 6 6 5 0 8 4 8 8 8 5 5 4676 4681 4642 4646 4685 
2028 3 4 4 4 5 0 8 8 7 6 8 5 5 4905 4904 4867 4906 4909 
2029 3 4 4 6 5 0 8 8 7 8 8 5 5 4870 4950 4875 4953 4920 
2030 3 4 7 4 5 0 8 8 8 6 8 5 5 4984 4945 4983 4989 4948 
2031 3 4 7 6 5 0 8 8 8 8 8 5 5 4987 4992 4997 4998 4959 
2032 2 2 4 4 5 5 4 3 6 6 8 8 4 3303 3342 3309 3308 
2033 2 2 4 6 5 5 4 3 6 8 8 8 5 3314 3353 3319 3358 4569 
2034 2 2 6 4 5 5 4 3 8 6 8 8 5 3420 3422 3386 3347 3425 
2035 2 2 6 6 5 5 4 3 8 8 8 8 5 3392 3431 3436 3397 4686 
2036 2 3 4 4 5 5 4 8 7 7 8 8 5 3616 3660 3621 3626 3627 
2037 2 3 4 7 5 5 4 8 7 8 8 8 5 3704 3665 3666 3671 3632 
2038 2 3 7 4 5 5 4 8 8 7 8 8 5 3734 3695 3739 3699 3705 
2039 2 3 7 7 5 5 4 8 8 8 8 8 5 4994 3743 3748 3709 3710 
2040 4 2 4 4 5 5 8 4 6 6 8 8 5 4555 4553 4594 4866 4597 
2041 4 2 4 6 5 5 8 4 6 8 8 8 5 4558 4563 4877 4564 4608 
2042 4 2 6 4 5 5 8 4 8 6 8 8 5 4592 4672 4633 4636 4675 
2043 4 2 6 6 5 5 8 4 8 8 8 8 5 4602 4641 4680 4960 4647 
2044 4 4 4 4 5 5 8 8 6 7 8 8 5 4911 4872 4871 4915 4876 
2045 4 4 4 7 5 5 8 8 6 8 8 8 5 4880 4882 4919 4921 4843 
2046 4 4 6 4 5 5 8 8 8 7 8 8 5 4944 4910 4988 4949 4954 
2047 4 4 6 7 5 5 8 8 8 8 8 8 5 4955 4916 4993 4958 4999 
