2048
2048 0 0 0 0 0 0 2 1 3 2 3 4 1 3652 
2049 0 0 0 0 3 0 2 1 3 2 5 4 2 641 3952 
2050 0 0 0 2 0 0 2 1 3 5 3 4 2 1471 1884 
2051 0 0 0 2 3 0 2 1 3 5 5 4 2 1879 1474 
2052 0 0 3 0 0 0 2 1 5 2 3 4 2 2401 2 
2053 0 0 3 0 3 0 2 1 5 2 5 4 2 0 5 
2054 0 0 3 2 0 0 2 1 5 5 4 4 2 3005 7 
2055 0 0 3 2 4 0 2 1 5 5 5 4 2 1 3 
2056 0 1 0 0 0 0 2 1 3 3 4 4 2 1497 3663 
2057 0 1 0 0 4 0 2 1 3 3 5 4 2 1189 3067 
2058 0 1 0 3 0 0 2 1 3 5 4 4 2 3658 2393 
2059 0 1 0 3 4 0 2 1 3 5 5 4 2 1492 3056 
2060 0 1 3 0 0 0 2 1 5 2 5 4 2 3681 44 
2061 0 1 3 0 5 0 2 1 5 2 5 4 2 3993 3957 
2062 0 1 3 2 0 0 2 1 5 5 4 4 2 2402 38 
2063 0 1 3 2 4 0 2 1 5 5 5 4 2 3011 6 
2064 2 0 0 0 0 0 3 1 2 2 3 4 1 3045 
2065 2 0 0 0 3 0 3 1 2 2 5 4 2 1198 556 
2066 2 0 0 2 0 0 3 1 2 5 4 4 2 28 1203 
2067 2 0 0 2 4 0 3 1 2 5 5 4 2 1202 1199 
2068 2 0 2 0 0 0 3 1 5 2 3 4 2 1205 3992 
2069 2 0 2 0 3 0 3 1 5 2 5 4 2 3734 52 
2070 2 0 2 2 0 0 3 1 5 5 3 4 2 33 45 
2071 2 0 2 2 3 0 3 1 5 5 5 4 2 46 953 
2072 2 1 0 0 0 0 3 1 2 1 3 4 2 3039 3040 
2073 2 1 0 0 3 0 3 1 2 1 5 4 2 3834 3042 
2074 2 1 0 1 0 0 3 1 2 5 2 4 2 1896 3718 
2075 2 1 0 1 2 0 3 1 2 5 5 4 2 32 3710 
2076 2 1 2 0 0 0 3 1 5 3 3 4 2 1553 112 
2077 2 1 2 0 3 0 3 1 5 3 5 4 2 130 3750 
2078 2 1 2 3 0 0 3 1 5 5 3 4 2 124 113 
2079 2 1 2 3 3 0 3 1 5 5 5 4 2 120 40 
2080 0 0 0 0 0 4 2 1 4 3 3 8 1 3721 
2081 0 0 0 0 3 4 2 1 4 3 5 8 2 3084 3041 
2082 0 0 0 3 0 4 2 1 4 5 2 8 2 3073 1506 
2083 0 0 0 3 2 4 2 1 4 5 5 8 2 39 3051 
2084 0 0 4 0 0 4 2 1 5 2 2 8 2 1904 1503 
2085 0 0 4 0 2 4 2 1 5 2 5 8 2 3670 3965 
2086 0 0 4 2 0 4 2 1 5 5 2 8 2 1214 1505 
2087 0 0 4 2 2 4 2 1 5 5 5 8 2 2446 1504 
2088 0 1 0 0 0 4 2 1 3 2 1 8 2 643 1491 
2089 0 1 0 0 1 4 2 1 3 2 5 8 2 952 3719 
2090 0 1 0 2 0 4 2 1 3 5 3 8 2 3711 3055 
2091 0 1 0 2 3 4 2 1 3 5 5 8 2 3048 3712 
2092 0 1 3 0 0 4 2 1 5 2 4 8 2 1905 3081 
2093 0 1 3 0 4 4 2 1 5 2 5 8 2 3083 3735 
2094 0 1 3 2 0 4 2 1 5 5 2 8 2 2449 1906 
2095 0 1 3 2 2 4 2 1 5 5 5 8 2 3762 3738 
2096 2 0 0 0 0 4 3 1 3 3 3 8 2 644 3736 
2097 2 0 0 0 3 4 3 1 3 3 5 8 2 3046 3722 
2098 2 0 0 3 0 4 3 1 3 5 2 8 2 34 3050 
2099 2 0 0 3 2 4 3 1 3 5 5 8 2 3070 3052 
2100 2 0 3 0 0 4 3 1 5 2 1 8 2 1206 1509 
2101 2 0 3 0 1 4 3 1 5 2 5 8 2 1903 951 
2102 2 0 3 2 0 4 3 1 5 5 3 8 2 1207 1555 
2103 2 0 3 2 3 4 3 1 5 5 5 8 2 3096 3086 
2104 2 1 0 0 0 4 3 1 3 3 4 8 2 118 3836 
2105 2 1 0 0 4 4 3 1 3 3 5 8 2 3838 3846 
2106 2 1 0 3 0 4 3 1 3 5 2 8 2 1547 114 
2107 2 1 0 3 2 4 3 1 3 5 5 8 2 119 3848 
2108 2 1 3 0 0 4 3 1 5 2 4 8 2 1552 3857 
2109 2 1 3 0 4 4 3 1 5 2 5 8 2 3294 3859 
2110 2 1 3 2 0 4 3 1 5 5 3 8 2 1556 1554 
2111 2 1 3 2 3 4 3 1 5 5 5 8 2 125 133 
2112 0 0 0 0 5 0 2 1 3 2 8 4 1 3003 
2113 0 0 0 0 8 0 2 1 3 2 8 4 2 2992 2998 
2114 0 0 0 2 5 0 2 1 3 5 8 4 2 3666 1472 
2115 0 0 0 2 8 0 2 1 3 5 8 4 2 2397 1188 
2116 0 0 3 0 5 0 2 1 5 2 7 4 2 2399 1479 
2117 0 0 3 0 7 0 2 1 5 2 8 4 2 642 1192 
2118 0 0 3 2 5 0 2 1 5 5 7 4 2 3682 945 
2119 0 0 3 2 7 0 2 1 5 5 8 4 2 1480 1886 
2120 0 1 0 0 5 0 2 1 3 3 5 4 2 3653 943 
2121 0 1 0 0 5 0 2 1 3 3 8 4 2 944 2396 
2122 0 1 0 3 5 0 2 1 3 5 6 4 2 1191 1477 
2123 0 1 0 3 6 0 2 1 3 5 8 4 2 3646 3657 
2124 0 1 3 0 5 0 2 1 5 3 6 4 2 739 3752 
2125 0 1 3 0 6 0 2 1 5 3 8 4 2 2444 3674 
2126 0 1 3 3 5 0 2 1 5 5 6 4 2 745 746 
2127 0 1 3 3 6 0 2 1 5 5 8 4 2 1907 1208 
2128 2 0 0 0 5 0 3 1 3 3 6 4 1 741 
2129 2 0 0 0 6 0 3 1 3 3 8 4 2 1498 946 
2130 2 0 0 3 5 0 3 1 3 5 7 4 2 742 949 
2131 2 0 0 3 7 0 3 1 3 5 8 4 2 954 947 
2132 2 0 3 0 5 0 3 1 5 3 6 4 2 958 53 
2133 2 0 3 0 6 0 3 1 5 3 8 4 2 645 2441 
2134 2 0 3 3 5 0 3 1 5 5 6 4 2 3754 1213 
2135 2 0 3 3 6 0 3 1 5 5 8 4 2 2450 956 
2136 2 1 0 0 5 0 3 1 4 2 6 4 2 557 3837 
2137 2 1 0 0 6 0 3 1 4 2 8 4 2 1544 3082 
2138 2 1 0 2 5 0 3 1 4 5 6 4 2 3739 3847 
2139 2 1 0 2 6 0 3 1 4 5 8 4 2 3737 3297 
2140 2 1 4 0 5 0 3 1 5 3 6 4 2 3858 3860 
2141 2 1 4 0 6 0 3 1 5 3 8 4 2 131 54 
2142 2 1 4 3 5 0 3 1 5 5 6 4 2 132 55 
2143 2 1 4 3 6 0 3 1 5 5 8 4 2 1510 959 
2144 0 0 0 0 5 4 2 1 3 2 6 8 1 3654 
2145 0 0 0 0 6 4 2 1 3 2 8 8 2 3958 3665 
2146 0 0 0 2 5 4 2 1 3 5 7 8 2 3644 3655 
2147 0 0 0 2 7 4 2 1 3 5 8 8 2 3656 2999 
2148 0 0 3 0 5 4 2 1 5 3 6 8 2 3966 3959 
2149 0 0 3 0 6 4 2 1 5 3 8 8 2 3673 3683 
2150 0 0 3 3 5 4 2 1 5 5 6 8 2 4 3684 
2151 0 0 3 3 6 4 2 1 5 5 8 8 2 3667 3012 
2152 0 1 0 0 5 4 2 1 3 3 6 8 2 3664 3643 
2153 0 1 0 0 6 4 2 1 3 3 8 8 2 3953 3645 
2154 0 1 0 3 5 4 2 1 3 5 6 8 2 3954 3000 
2155 0 1 0 3 6 4 2 1 3 5 8 8 2 2993 3006 
2156 0 1 3 0 5 4 2 1 5 2 6 8 2 3671 3672 
2157 0 1 3 0 6 4 2 1 5 2 8 8 2 3004 3010 
2158 0 1 3 2 5 4 2 1 5 5 7 8 2 3753 3755 
2159 0 1 3 2 7 4 2 1 5 5 8 8 2 3740 3085 
2160 2 0 0 0 5 4 3 1 2 3 6 8 2 3043 3723 
2161 2 0 0 0 6 4 3 1 2 3 8 8 2 3049 3047 
2162 2 0 0 3 5 4 3 1 2 5 6 8 2 3713 3071 
2163 2 0 0 3 6 4 3 1 2 5 8 8 2 3072 3053 
2164 2 0 2 0 5 4 3 1 5 3 6 8 2 3751 3720 
2165 2 0 2 0 6 4 3 1 5 3 8 8 2 2445 3069 
2166 2 0 2 3 5 4 3 1 5 5 7 8 2 47 3087 
2167 2 0 2 3 7 4 3 1 5 5 8 8 2 2448 2442 
2168 2 1 0 0 5 4 3 1 3 2 7 8 2 3835 3044 
2169 2 1 0 0 7 4 3 1 3 2 8 8 2 3068 2440 
2170 2 1 0 2 5 4 3 1 3 5 8 8 2 3724 1546 
2171 2 1 0 2 8 4 3 1 3 5 8 8 2 3054 3088 
2172 2 1 3 0 5 4 3 1 5 3 7 8 2 3095 3097 
2173 2 1 3 0 7 4 3 1 5 3 8 8 2 3295 3099 
2174 2 1 3 3 5 4 3 1 5 5 6 8 2 3296 3098 
2175 2 1 3 3 6 4 3 1 5 5 8 8 2 3861 2447 
2176 0 0 0 5 0 0 2 1 3 6 3 4 1 2995 
2177 0 0 0 5 3 0 2 1 3 6 5 4 2 3001 1880 
2178 0 0 0 6 0 0 2 1 3 8 4 4 2 2398 3956 
2179 0 0 0 6 4 0 2 1 3 8 5 4 2 3008 1882 
2180 0 0 3 5 0 0 2 1 5 7 4 4 2 3685 2404 
2181 0 0 3 5 4 0 2 1 5 7 5 4 2 3676 2405 
2182 0 0 3 7 0 0 2 1 5 8 3 4 2 3690 3007 
2183 0 0 3 7 3 0 2 1 5 8 5 4 2 3677 3693 
2184 0 1 0 5 0 0 2 1 3 7 4 4 2 3059 3659 
2185 0 1 0 5 4 0 2 1 3 7 5 4 2 3057 1200 
2186 0 1 0 7 0 0 2 1 3 8 4 4 2 3061 3964 
2187 0 1 0 7 4 0 2 1 3 8 5 4 2 3078 3662 
2188 0 1 3 5 0 0 2 1 5 7 4 4 2 3960 3962 
2189 0 1 3 5 4 0 2 1 5 7 5 4 2 3688 3967 
2190 0 1 3 7 0 0 2 1 5 8 4 4 2 3766 3118 
2191 0 1 3 7 4 0 2 1 5 8 5 4 2 3759 3679 
2192 2 0 0 5 0 0 3 1 3 6 1 4 1 743 
2193 2 0 0 5 1 0 3 1 3 6 5 4 2 3725 3091 
2194 2 0 0 6 0 0 3 1 3 8 2 4 2 1493 2439 
2195 2 0 0 6 2 0 3 1 3 8 5 4 2 1210 1201 
2196 2 0 3 5 0 0 3 1 5 7 2 4 2 1507 1499 
2197 2 0 3 5 2 0 3 1 5 7 5 4 2 3756 3765 
2198 2 0 3 7 0 0 3 1 5 8 2 4 2 1508 3119 
2199 2 0 3 7 2 0 3 1 5 8 5 4 2 2455 3121 
2200 2 1 0 5 0 0 3 1 3 6 3 4 2 3741 3839 
2201 2 1 0 5 3 0 3 1 3 6 5 4 2 3714 3840 
2202 2 1 0 6 0 0 3 1 3 8 3 4 2 3994 3851 
2203 2 1 0 6 3 0 3 1 3 8 5 4 2 3747 3852 
2204 2 1 3 5 0 0 3 1 5 6 4 4 2 2452 3763 
2205 2 1 3 5 4 0 3 1 5 6 5 4 2 134 3997 
2206 2 1 3 6 0 0 3 1 5 8 3 4 2 1557 3764 
2207 2 1 3 6 3 0 3 1 5 8 5 4 2 3317 3292 
2208 0 0 0 5 0 4 2 1 3 7 1 8 1 29 
2209 0 0 0 5 1 4 2 1 3 7 5 8 2 30 31 
2210 0 0 0 7 0 4 2 1 3 8 3 8 2 744 3731 
2211 0 0 0 7 3 4 2 1 3 8 5 8 2 3996 3744 
2212 0 0 3 5 0 4 2 1 5 7 1 8 2 1908 1500 
2213 0 0 3 5 1 4 2 1 5 7 5 8 2 1909 1910 
2214 0 0 3 7 0 4 2 1 5 8 4 8 2 3120 50 
2215 0 0 3 7 4 4 2 1 5 8 5 8 2 3760 3758 
2216 0 1 0 5 0 4 2 1 3 7 2 8 2 36 35 
2217 0 1 0 5 2 4 2 1 3 7 5 8 2 42 3728 
2218 0 1 0 7 0 4 2 1 3 8 1 8 2 1501 1494 
2219 0 1 0 7 1 4 2 1 3 8 5 8 2 37 3748 
2220 0 1 3 5 0 4 2 1 5 6 2 8 2 2451 41 
2221 0 1 3 5 2 4 2 1 5 6 5 8 2 49 48 
2222 0 1 3 6 0 4 2 1 5 8 4 8 2 3117 58 
2223 0 1 3 6 4 4 2 1 5 8 5 8 2 59 57 
2224 2 0 0 5 0 4 3 1 3 8 3 8 2 3062 3716 
2225 2 0 0 5 3 4 3 1 3 8 5 8 2 3842 3715 
2226 2 0 0 8 0 4 3 1 3 8 3 8 2 1211 3844 
2227 2 0 0 8 3 4 3 1 3 8 5 8 2 3063 3732 
2228 2 0 3 5 0 4 3 1 5 7 1 8 2 1548 1209 
2229 2 0 3 5 1 4 3 1 5 7 5 8 2 122 3298 
2230 2 0 3 7 0 4 3 1 5 8 2 8 2 2454 1911 
2231 2 0 3 7 2 4 3 1 5 8 5 8 2 123 43 
2232 2 1 0 5 0 4 3 1 3 7 1 8 2 116 1549 
2233 2 1 0 5 1 4 3 1 3 7 5 8 2 115 121 
2234 2 1 0 7 0 4 3 1 3 8 2 8 2 117 3841 
2235 2 1 0 7 2 4 3 1 3 8 5 8 2 1545 3855 
2236 2 1 3 5 0 4 3 1 5 7 3 8 2 126 127 
2237 2 1 3 5 3 4 3 1 5 7 5 8 2 128 129 
2238 2 1 3 7 0 4 3 1 5 8 1 8 2 1550 3316 
2239 2 1 3 7 1 4 3 1 5 8 5 8 2 3319 3302 
2240 0 0 0 5 5 0 2 1 2 7 5 4 1 1475 
2241 0 0 0 5 5 0 2 1 2 7 8 4 2 2394 2996 
2242 0 0 0 7 5 0 2 1 2 8 7 4 2 3651 1473 
2243 0 0 0 7 7 0 2 1 2 8 8 4 2 1190 3002 
2244 0 0 2 5 5 0 2 1 5 7 7 4 2 3961 1478 
2245 0 0 2 5 7 0 2 1 5 7 8 4 2 1193 1885 
2246 0 0 2 7 5 0 2 1 5 8 6 4 2 3691 1476 
2247 0 0 2 7 6 0 2 1 5 8 8 4 2 2406 3678 
2248 0 1 0 5 5 0 2 1 2 5 6 4 2 1900 2994 
2249 0 1 0 5 6 0 2 1 2 5 8 4 2 1897 1883 
2250 0 1 0 5 5 0 2 1 2 8 5 4 2 3647 3649 
2251 0 1 0 5 5 0 2 1 2 8 8 4 2 1899 2395 
2252 0 1 2 5 5 0 2 1 5 5 6 4 2 3668 3675 
2253 0 1 2 5 6 0 2 1 5 5 8 4 2 3686 2403 
2254 0 1 2 5 5 0 2 1 5 8 6 4 2 3757 3680 
2255 0 1 2 5 6 0 2 1 5 8 8 4 2 3689 3013 
2256 2 0 0 5 5 0 3 1 2 5 5 4 1 3074 
2257 2 0 0 5 5 0 3 1 2 5 8 4 2 3075 1495 
2258 2 0 0 5 5 0 3 1 2 8 6 4 2 1204 1901 
2259 2 0 0 5 6 0 3 1 2 8 8 4 2 3727 948 
2260 2 0 2 5 5 0 3 1 5 6 6 4 2 3100 3742 
2261 2 0 2 5 6 0 3 1 5 6 8 4 2 950 955 
2262 2 0 2 6 5 0 3 1 5 8 7 4 2 1212 3102 
2263 2 0 2 6 7 0 3 1 5 8 8 4 2 3092 1902 
2264 2 1 0 5 5 0 3 1 3 7 5 4 2 3726 3849 
2265 2 1 0 5 5 0 3 1 3 7 8 4 2 3995 3077 
2266 2 1 0 7 5 0 3 1 3 8 6 4 2 3729 3843 
2267 2 1 0 7 6 0 3 1 3 8 8 4 2 3856 3733 
2268 2 1 3 5 5 0 3 1 5 7 6 4 2 3299 3862 
2269 2 1 3 5 6 0 3 1 5 7 8 4 2 3865 957 
2270 2 1 3 7 5 0 3 1 5 8 5 4 2 3320 3122 
2271 2 1 3 7 5 0 3 1 5 8 8 4 2 3866 2456 
2272 0 0 0 5 5 4 2 1 2 6 7 8 1 3648 
2273 0 0 0 5 7 4 2 1 2 6 8 8 2 1881 3660 
2274 0 0 0 6 5 4 2 1 2 8 7 8 2 3955 3650 
2275 0 0 0 6 7 4 2 1 2 8 8 8 2 3661 2997 
2276 0 0 2 5 5 4 2 1 5 7 7 8 2 3968 2400 
2277 0 0 2 5 7 4 2 1 5 7 8 8 2 3687 3669 
2278 0 0 2 7 5 4 2 1 5 8 8 8 2 3963 3692 
2279 0 0 2 7 8 4 2 1 5 8 8 8 2 3009 3024 
2280 0 1 0 5 5 4 2 1 3 7 8 8 2 3060 3076 
2281 0 1 0 5 8 4 2 1 3 7 8 8 2 3058 2437 
2282 0 1 0 7 5 4 2 1 3 8 5 8 2 3717 1496 
2283 0 1 0 7 5 4 2 1 3 8 8 8 2 3079 3093 
2284 0 1 3 5 5 4 2 1 5 6 7 8 2 3090 3101 
2285 0 1 3 5 7 4 2 1 5 6 8 8 2 2443 3743 
2286 0 1 3 6 5 4 2 1 5 8 6 8 2 2453 3761 
2287 0 1 3 6 6 4 2 1 5 8 8 8 2 3745 3998 
2288 2 0 0 5 5 4 3 1 3 7 5 8 2 3089 2438 
2289 2 0 0 5 5 4 3 1 3 7 8 8 2 3730 3746 
2290 2 0 0 7 5 4 3 1 3 8 6 8 2 3064 3065 
2291 2 0 0 7 6 4 3 1 3 8 8 8 2 3080 3066 
2292 2 0 3 5 5 4 3 1 5 8 7 8 2 56 1502 
2293 2 0 3 5 7 4 3 1 5 8 8 8 2 1511 3104 
2294 2 0 3 8 5 4 3 1 5 8 6 8 2 51 3103 
2295 2 0 3 8 6 4 3 1 5 8 8 8 2 3749 3094 
2296 2 1 0 5 5 4 3 1 3 7 6 8 2 2436 1898 
2297 2 1 0 5 6 4 3 1 3 7 8 8 2 3850 3854 
2298 2 1 0 7 5 4 3 1 3 8 6 8 2 3845 1551 
2299 2 1 0 7 6 4 3 1 3 8 8 8 2 3853 3293 
2300 2 1 3 5 5 4 3 1 5 6 7 8 2 3291 3300 
2301 2 1 3 5 7 4 3 1 5 6 8 8 2 3863 3301 
2302 2 1 3 6 5 4 3 1 5 8 6 8 2 3864 3303 
2303 2 1 3 6 6 4 3 1 5 8 8 8 2 3318 3304 
2304 0 0 5 0 0 0 2 1 7 2 4 5 1 740 
2305 0 0 5 0 4 0 2 1 7 2 5 5 2 3697 10 
2306 0 0 5 2 0 0 2 1 7 4 4 5 2 3969 3971 
2307 0 0 5 2 4 0 2 1 7 4 5 5 2 1887 2407 
2308 0 0 7 0 0 0 2 1 8 3 3 5 2 1488 3702 
2309 0 0 7 0 3 0 2 1 8 3 5 5 2 3704 1197 
2310 0 0 7 3 0 0 2 1 8 4 4 5 2 1195 3985 
2311 0 0 7 3 4 0 2 1 8 4 5 5 2 2419 1893 
2312 0 1 5 0 0 0 2 1 6 3 3 5 2 2478 3767 
2313 0 1 5 0 3 0 2 1 6 3 5 5 2 1482 3694 
2314 0 1 5 3 0 0 2 1 6 4 4 5 2 1481 2481 
2315 0 1 5 3 4 0 2 1 6 4 5 5 2 8 2412 
2316 0 1 6 0 0 0 2 1 8 2 1 5 2 1931 1920 
2317 0 1 6 0 1 0 2 1 8 2 5 5 2 2497 3984 
2318 0 1 6 2 0 0 2 1 8 4 4 5 2 2491 3977 
2319 0 1 6 2 4 0 2 1 8 4 5 5 2 2492 1894 
2320 2 0 5 0 0 0 3 1 6 2 1 5 1 1912 
2321 2 0 5 0 1 0 3 1 6 2 5 5 2 1913 3999 
2322 2 0 5 2 0 0 3 1 6 4 2 5 2 2464 3108 
2323 2 0 5 2 2 0 3 1 6 4 5 5 2 747 1914 
2324 2 0 6 0 0 0 3 1 8 2 2 5 2 1918 2495 
2325 2 0 6 0 2 0 3 1 8 2 5 5 2 3782 3783 
2326 2 0 6 2 0 0 3 1 8 4 3 5 2 3155 3156 
2327 2 0 6 2 3 0 3 1 8 4 5 5 2 1933 961 
2328 2 1 5 0 0 0 3 1 7 3 3 5 2 3338 3307 
2329 2 1 5 0 3 0 3 1 7 3 5 5 2 3874 3870 
2330 2 1 5 3 0 0 3 1 7 4 3 5 2 3324 3326 
2331 2 1 5 3 3 0 3 1 7 4 5 5 2 140 141 
2332 2 1 7 0 0 0 3 1 8 1 4 5 2 3333 3885 
2333 2 1 7 0 4 0 3 1 8 1 5 5 2 3354 3355 
2334 2 1 7 1 0 0 3 1 8 4 2 5 2 155 3353 
2335 2 1 7 1 2 0 3 1 8 4 5 5 2 3358 3367 
2336 0 0 5 0 0 5 2 1 7 1 3 8 1 3105 
2337 0 0 5 0 3 5 2 1 7 1 5 8 2 3133 3106 
2338 0 0 5 1 0 5 2 1 7 4 2 8 2 1215 3770 
2339 0 0 5 1 2 5 2 1 7 4 5 8 2 2469 3107 
2340 0 0 7 0 0 5 2 1 8 2 4 8 2 3780 3797 
2341 0 0 7 0 4 5 2 1 8 2 5 8 2 3799 3976 
2342 0 0 7 2 0 5 2 1 8 4 2 8 2 1221 3801 
2343 0 0 7 2 2 5 2 1 8 4 5 8 2 3802 3158 
2344 0 1 5 0 0 5 2 1 6 2 3 8 2 2461 2457 
2345 0 1 5 0 3 5 2 1 6 2 5 8 2 3123 3768 
2346 0 1 5 2 0 5 2 1 6 4 3 8 2 2468 3124 
2347 0 1 5 2 3 5 2 1 6 4 5 8 2 3771 2465 
2348 0 1 6 0 0 5 2 1 8 2 2 8 2 1932 2490 
2349 0 1 6 0 2 5 2 1 8 2 5 8 2 3149 3781 
2350 0 1 6 2 0 5 2 1 8 4 3 8 2 1517 3785 
2351 0 1 6 2 3 5 2 1 8 4 5 8 2 3157 3152 
2352 2 0 5 0 0 5 3 1 6 3 1 8 2 1513 1559 
2353 2 0 5 0 1 5 3 1 6 3 5 8 2 3308 3871 
2354 2 0 5 3 0 5 3 1 6 4 3 8 2 3127 3125 
2355 2 0 5 3 3 5 3 1 6 4 5 8 2 3875 3867 
2356 2 0 6 0 0 5 3 1 8 3 3 8 2 3135 3339 
2357 2 0 6 0 3 5 3 1 8 3 5 8 2 3323 3360 
2358 2 0 6 3 0 5 3 1 8 4 2 8 2 1520 2499 
2359 2 0 6 3 2 5 3 1 8 4 5 8 2 3137 3368 
2360 2 1 5 0 0 5 3 1 7 2 3 8 2 3321 3305 
2361 2 1 5 0 3 5 3 1 7 2 5 8 2 3872 3306 
2362 2 1 5 2 0 5 3 1 7 4 4 8 2 3309 3340 
2363 2 1 5 2 4 5 3 1 7 4 5 8 2 3873 3327 
2364 2 1 7 0 0 5 3 1 8 2 2 8 2 1575 3336 
2365 2 1 7 0 2 5 3 1 8 2 5 8 2 3887 3337 
2366 2 1 7 2 0 5 3 1 8 4 3 8 2 1578 3363 
2367 2 1 7 2 3 5 3 1 8 4 5 8 2 3359 3364 
2368 0 0 5 0 5 0 2 1 7 2 7 4 1 3015 
2369 0 0 5 0 7 0 2 1 7 2 8 4 2 3698 2409 
2370 0 0 5 2 5 0 2 1 7 4 6 4 2 11 18 
2371 0 0 5 2 6 0 2 1 7 4 8 4 2 1484 3025 
2372 0 0 7 0 5 0 2 1 8 2 6 4 2 3703 2420 
2373 0 0 7 0 6 0 2 1 8 2 8 4 2 23 24 
2374 0 0 7 2 5 0 2 1 8 4 7 4 2 19 25 
2375 0 0 7 2 7 0 2 1 8 4 8 4 2 1895 17 
2376 0 1 5 0 5 0 2 1 6 2 8 4 2 3014 1919 
2377 0 1 5 0 8 0 2 1 6 2 8 4 2 3017 2463 
2378 0 1 5 2 5 0 2 1 6 4 5 4 2 12 13 
2379 0 1 5 2 5 0 2 1 6 4 8 4 2 61 1194 
2380 0 1 6 0 5 0 2 1 8 2 6 4 2 2496 16 
2381 0 1 6 0 6 0 2 1 8 2 8 4 2 68 77 
2382 0 1 6 2 5 0 2 1 8 4 7 4 2 964 78 
2383 0 1 6 2 7 0 2 1 8 4 8 4 2 1514 1218 
2384 2 0 5 0 5 0 3 1 6 1 6 4 1 2458 
2385 2 0 5 0 6 0 3 1 6 1 8 4 2 2459 60 
2386 2 0 5 1 5 0 3 1 6 4 7 4 2 63 3109 
2387 2 0 5 1 7 0 3 1 6 4 8 4 2 1216 2479 
2388 2 0 6 0 5 0 3 1 8 2 7 4 2 1927 1512 
2389 2 0 6 0 7 0 3 1 8 2 8 4 2 3134 3153 
2390 2 0 6 2 5 0 3 1 8 4 6 4 2 3803 70 
2391 2 0 6 2 6 0 3 1 8 4 8 4 2 62 69 
2392 2 1 5 0 5 0 3 1 7 2 6 4 2 139 138 
2393 2 1 5 0 6 0 3 1 7 2 8 4 2 3335 1558 
2394 2 1 5 2 5 0 3 1 7 4 8 4 2 3888 148 
2395 2 1 5 2 8 0 3 1 7 4 8 4 2 149 150 
2396 2 1 7 0 5 0 3 1 8 3 6 4 2 3334 3800 
2397 2 1 7 0 6 0 3 1 8 3 8 4 2 147 156 
2398 2 1 7 3 5 0 3 1 8 4 6 4 2 3365 3369 
2399 2 1 7 3 6 0 3 1 8 4 8 4 2 71 157 
2400 0 0 5 0 5 4 2 1 6 2 6 8 1 3970 
2401 0 0 5 0 6 4 2 1 6 2 8 8 2 3016 1890 
2402 0 0 5 2 5 4 2 1 6 4 8 8 2 3018 2411 
2403 0 0 5 2 8 4 2 1 6 4 8 8 2 2413 3019 
2404 0 0 6 0 5 4 2 1 8 1 7 8 2 3695 1889 
2405 0 0 6 0 7 4 2 1 8 1 8 8 2 3033 1483 
2406 0 0 6 1 5 4 2 1 8 4 7 8 2 3706 3699 
2407 0 0 6 1 7 4 2 1 8 4 8 8 2 3978 2410 
2408 0 1 5 0 5 4 2 1 7 2 8 8 2 3769 2460 
2409 0 1 5 0 8 4 2 1 7 2 8 8 2 960 1921 
2410 0 1 5 2 5 4 2 1 7 4 7 8 2 3110 2480 
2411 0 1 5 2 7 4 2 1 7 4 8 8 2 1485 1915 
2412 0 1 7 0 5 4 2 1 8 3 7 8 2 3798 3786 
2413 0 1 7 0 7 4 2 1 8 3 8 8 2 3784 1217 
2414 0 1 7 3 5 4 2 1 8 4 6 8 2 3154 3986 
2415 0 1 7 3 6 4 2 1 8 4 8 8 2 3705 3034 
2416 2 0 5 0 5 4 3 1 6 3 6 8 2 3322 2462 
2417 2 0 5 0 6 4 3 1 6 3 8 8 2 2466 2467 
2418 2 0 5 3 5 4 3 1 6 4 7 8 2 3126 1923 
2419 2 0 5 3 7 4 3 1 6 4 8 8 2 1569 1922 
2420 2 0 6 0 5 4 3 1 8 2 6 8 2 3136 3356 
2421 2 0 6 0 6 4 3 1 8 2 8 8 2 3150 3151 
2422 2 0 6 2 5 4 3 1 8 4 7 8 2 3889 3159 
2423 2 0 6 2 7 4 3 1 8 4 8 8 2 3138 2498 
2424 2 1 5 0 5 4 3 1 6 2 7 8 2 1567 1565 
2425 2 1 5 0 7 4 3 1 6 2 8 8 2 1568 1566 
2426 2 1 5 2 5 4 3 1 6 4 6 8 2 3325 3876 
2427 2 1 5 2 6 4 3 1 6 4 8 8 2 3310 1560 
2428 2 1 6 0 5 4 3 1 8 2 6 8 2 3361 3886 
2429 2 1 6 0 6 4 3 1 8 2 8 8 2 3357 3362 
2430 2 1 6 2 5 4 3 1 8 4 7 8 2 3341 3366 
2431 2 1 6 2 7 4 3 1 8 4 8 8 2 1579 3370 
2432 0 0 5 4 0 0 2 1 7 5 3 5 1 1891 
2433 0 0 5 4 3 0 2 1 7 5 5 5 2 9 14 
2434 0 0 5 5 0 0 2 1 7 8 3 5 2 1487 3027 
2435 0 0 5 5 3 0 2 1 7 8 5 5 2 3972 3031 
2436 0 0 7 4 0 0 2 1 8 6 4 5 2 3979 1489 
2437 0 0 7 4 4 0 2 1 8 6 5 5 2 3700 3707 
2438 0 0 7 6 0 0 2 1 8 8 4 5 2 3038 3981 
2439 0 0 7 6 4 0 2 1 8 8 5 5 2 3990 3987 
2440 0 1 5 4 0 0 2 1 7 6 3 5 2 3111 3030 
2441 0 1 5 4 3 0 2 1 7 6 5 5 2 3115 3029 
2442 0 1 5 6 0 0 2 1 7 8 5 5 2 3974 3973 
2443 0 1 5 6 5 0 2 1 7 8 5 5 2 2487 3790 
2444 0 1 7 4 0 0 2 1 8 7 3 5 2 3037 3789 
2445 0 1 7 4 3 0 2 1 8 7 5 5 2 1219 1222 
2446 0 1 7 7 0 0 2 1 8 8 2 5 2 1521 3166 
2447 0 1 7 7 2 0 2 1 8 8 5 5 2 3792 3811 
2448 2 0 5 4 0 0 3 1 7 5 2 5 1 3772 
2449 2 0 5 4 2 0 3 1 7 5 5 5 2 3787 3788 
2450 2 0 5 5 0 0 3 1 7 8 2 5 2 1930 3145 
2451 2 0 5 5 2 0 3 1 7 8 5 5 2 3351 3143 
2452 2 0 7 4 0 0 3 1 8 6 2 5 2 3160 3890 
2453 2 0 7 4 2 0 3 1 8 6 5 5 2 3344 3372 
2454 2 0 7 6 0 0 3 1 8 8 3 5 2 3810 3893 
2455 2 0 7 6 3 0 3 1 8 8 5 5 2 3807 3805 
2456 2 1 5 4 0 0 3 1 6 5 3 5 2 3311 3328 
2457 2 1 5 4 3 0 3 1 6 5 5 5 2 3329 1561 
2458 2 1 5 5 0 0 3 1 6 8 1 5 2 3331 1571 
2459 2 1 5 5 1 0 3 1 6 8 5 5 2 3879 3878 
2460 2 1 6 4 0 0 3 1 8 6 4 5 2 3342 3891 
2461 2 1 6 4 4 0 3 1 8 6 5 5 2 1576 3373 
2462 2 1 6 6 0 0 3 1 8 8 3 5 2 1577 3349 
2463 2 1 6 6 3 0 3 1 8 8 5 5 2 3378 3376 
2464 0 0 5 4 0 5 2 1 6 5 1 8 1 3128 
2465 0 0 5 4 1 5 2 1 6 5 5 8 2 3773 3113 
2466 0 0 5 5 0 5 2 1 6 8 2 8 2 1516 1515 
2467 0 0 5 5 2 5 2 1 6 8 5 8 2 3132 15 
2468 0 0 6 4 0 5 2 1 8 5 3 8 2 1928 3129 
2469 0 0 6 4 3 5 2 1 8 5 5 8 2 3140 3161 
2470 0 0 6 5 0 5 2 1 8 8 2 8 2 1519 3804 
2471 0 0 6 5 2 5 2 1 8 8 5 8 2 3774 3808 
2472 0 1 5 4 0 5 2 1 7 6 3 8 2 2482 2484 
2473 0 1 5 4 3 5 2 1 7 6 5 8 2 65 64 
2474 0 1 5 6 0 5 2 1 7 8 3 8 2 3791 3775 
2475 0 1 5 6 3 5 2 1 7 8 5 8 2 3777 3778 
2476 0 1 7 4 0 5 2 1 8 6 3 8 2 3139 3142 
2477 0 1 7 4 3 5 2 1 8 6 5 8 2 2501 2494 
2478 0 1 7 6 0 5 2 1 8 8 3 8 2 3147 1935 
2479 0 1 7 6 3 5 2 1 8 8 5 8 2 2502 3167 
2480 2 0 5 4 0 5 3 1 7 7 3 8 2 2471 3112 
2481 2 0 5 4 3 5 3 1 7 7 5 8 2 3869 135 
2482 2 0 5 7 0 5 3 1 7 8 3 8 2 3131 3794 
2483 2 0 5 7 3 5 3 1 7 8 5 8 2 137 136 
2484 2 0 7 4 0 5 3 1 8 7 2 8 2 2493 2500 
2485 2 0 7 4 2 5 3 1 8 7 5 8 2 3343 3894 
2486 2 0 7 7 0 5 3 1 8 8 2 8 2 3165 2505 
2487 2 0 7 7 2 5 3 1 8 8 5 8 2 3375 3896 
2488 2 1 5 4 0 5 3 1 6 6 3 8 2 3314 3868 
2489 2 1 5 4 3 5 3 1 6 6 5 8 2 3312 3330 
2490 2 1 5 6 0 5 3 1 6 8 3 8 2 3332 3882 
2491 2 1 5 6 3 5 3 1 6 8 5 8 2 3880 3883 
2492 2 1 6 4 0 5 3 1 8 6 4 8 2 3877 3345 
2493 2 1 6 4 4 5 3 1 8 6 5 8 2 3892 3346 
2494 2 1 6 6 0 5 3 1 8 8 1 8 2 3371 3348 
2495 2 1 6 6 1 5 3 1 8 8 5 8 2 3374 3350 
2496 0 0 5 4 5 0 2 1 7 5 5 4 1 3696 
2497 0 0 5 4 5 0 2 1 7 5 8 4 2 1888 3026 
2498 0 0 5 5 5 0 2 1 7 8 7 4 2 3028 2415 
2499 0 0 5 5 7 0 2 1 7 8 8 4 2 3032 2417 
2500 0 0 7 4 5 0 2 1 8 6 6 4 2 20 3980 
2501 0 0 7 4 6 0 2 1 8 6 8 4 2 3708 2422 
2502 0 0 7 6 5 0 2 1 8 8 6 4 2 1490 3989 
2503 0 0 7 6 6 0 2 1 8 8 8 4 2 2423 3982 
2504 0 1 5 4 5 0 2 1 6 7 8 4 2 3021 2414 
2505 0 1 5 4 8 0 2 1 6 7 8 4 2 1916 1925 
2506 0 1 5 7 5 0 2 1 6 8 7 4 2 3975 1892 
2507 0 1 5 7 7 0 2 1 6 8 8 4 2 3023 2408 
2508 0 1 6 4 5 0 2 1 8 6 6 4 2 2421 3035 
2509 0 1 6 4 6 0 2 1 8 6 8 4 2 3144 2503 
2510 0 1 6 6 5 0 2 1 8 8 6 4 2 3701 3983 
2511 0 1 6 6 6 0 2 1 8 8 8 4 2 3988 1196 
2512 2 0 5 4 5 0 3 1 7 5 7 4 1 1518 
2513 2 0 5 4 7 0 3 1 7 5 8 4 2 1929 962 
2514 2 0 5 5 5 0 3 1 7 8 6 4 2 2485 3779 
2515 2 0 5 5 6 0 3 1 7 8 8 4 2 3148 1917 
2516 2 0 7 4 5 0 3 1 8 7 6 4 2 3162 3806 
2517 2 0 7 4 6 0 3 1 8 7 8 4 2 1936 3164 
2518 2 0 7 7 5 0 3 1 8 8 5 4 2 3146 1223 
2519 2 0 7 7 5 0 3 1 8 8 8 4 2 2504 2506 
2520 2 1 5 4 5 0 3 1 6 7 7 4 2 2473 3313 
2521 2 1 5 4 7 0 3 1 6 7 8 4 2 3116 1562 
2522 2 1 5 7 5 0 3 1 6 8 7 4 2 1563 1564 
2523 2 1 5 7 7 0 3 1 6 8 8 4 2 1926 1572 
2524 2 1 6 4 5 0 3 1 8 7 7 4 2 3895 3898 
2525 2 1 6 4 7 0 3 1 8 7 8 4 2 1570 1934 
2526 2 1 6 7 5 0 3 1 8 8 6 4 2 3881 3793 
2527 2 1 6 7 6 0 3 1 8 8 8 4 2 3352 3884 
2528 0 0 5 4 5 4 2 1 7 5 8 8 1 1924 
2529 0 0 5 4 8 4 2 1 7 5 8 8 2 3020 21 
2530 0 0 5 5 5 4 2 1 7 8 7 8 2 3776 2418 
2531 0 0 5 5 7 4 2 1 7 8 8 8 2 3022 2416 
2532 0 0 7 4 5 4 2 1 8 6 8 8 2 26 1486 
2533 0 0 7 4 8 4 2 1 8 6 8 8 2 3036 22 
2534 0 0 7 6 5 4 2 1 8 8 7 8 2 3991 3709 
2535 0 0 7 6 7 4 2 1 8 8 8 8 2 3168 27 
2536 0 1 5 4 5 4 2 1 6 7 8 8 2 2470 2483 
2537 0 1 5 4 8 4 2 1 6 7 8 8 2 2486 2474 
2538 0 1 5 7 5 4 2 1 6 8 7 8 2 2475 2476 
2539 0 1 5 7 7 4 2 1 6 8 8 8 2 2489 2477 
2540 0 1 6 4 5 4 2 1 8 7 6 8 2 3130 72 
2541 0 1 6 4 6 4 2 1 8 7 8 8 2 3163 963 
2542 0 1 6 7 5 4 2 1 8 8 6 8 2 3795 3809 
2543 0 1 6 7 6 4 2 1 8 8 8 8 2 81 1220 
2544 2 0 5 4 5 4 3 1 7 7 7 8 2 3114 2472 
2545 2 0 5 4 7 4 3 1 7 7 8 8 2 67 74 
2546 2 0 5 7 5 4 3 1 7 8 7 8 2 66 1573 
2547 2 0 5 7 7 4 3 1 7 8 8 8 2 2488 1574 
2548 2 0 7 4 5 4 3 1 8 6 7 8 2 3141 79 
2549 2 0 7 4 7 4 3 1 8 6 8 8 2 158 73 
2550 2 0 7 6 5 4 3 1 8 8 8 8 2 3796 75 
2551 2 0 7 6 8 4 3 1 8 8 8 8 2 76 80 
2552 2 1 5 4 5 4 3 1 7 6 7 8 2 142 151 
2553 2 1 5 4 7 4 3 1 7 6 8 8 2 143 3315 
2554 2 1 5 6 5 4 3 1 7 8 7 8 2 154 145 
2555 2 1 5 6 7 4 3 1 7 8 8 8 2 146 144 
2556 2 1 7 4 5 4 3 1 8 7 7 8 2 153 152 
2557 2 1 7 4 7 4 3 1 8 7 8 8 2 3377 3347 
2558 2 1 7 7 5 4 3 1 8 8 6 8 2 3379 3380 
2559 2 1 7 7 6 4 3 1 8 8 8 8 2 159 3897 
2560 0 1 0 0 0 0 3 2 2 2 1 4 1 648 
2561 0 1 0 0 1 0 3 2 2 2 6 4 2 1224 3178 
2562 0 1 0 2 0 0 3 2 2 4 4 4 2 107 1938 
2563 0 1 0 2 4 0 3 2 2 4 6 4 2 966 1525 
2564 0 1 2 0 0 0 3 2 4 3 5 4 2 968 558 
2565 0 1 2 0 5 0 3 2 4 3 6 4 2 652 1945 
2566 0 1 2 3 0 0 3 2 4 4 1 4 2 490 414 
2567 0 1 2 3 1 0 3 2 4 4 6 4 2 83 1231 
2568 0 2 0 0 0 0 3 8 3 3 5 4 2 3812 1261 
2569 0 2 0 0 5 0 3 8 3 3 6 4 2 796 1296 
2570 0 2 0 3 0 0 3 8 3 4 3 4 2 420 429 
2571 0 2 0 3 3 0 3 8 3 4 6 4 2 661 1228 
2572 0 2 3 0 0 0 3 8 4 2 3 4 2 450 565 
2573 0 2 3 0 3 0 3 8 4 2 6 4 2 1010 1633 
2574 0 2 3 2 0 0 3 8 4 4 5 4 2 82 1637 
2575 0 2 3 2 5 0 3 8 4 4 6 4 2 3815 1311 
2576 3 1 0 0 0 0 3 2 1 2 3 4 1 3381 
2577 3 1 0 0 3 0 3 2 1 2 6 4 2 3235 3231 
2578 3 1 0 2 0 0 3 2 1 4 2 4 2 108 161 
2579 3 1 0 2 2 0 3 2 1 4 6 4 2 1974 3240 
2580 3 1 1 0 0 0 3 2 4 3 5 4 2 1275 3261 
2581 3 1 1 0 5 0 3 2 4 3 6 4 2 489 1265 
2582 3 1 1 3 0 0 3 2 4 4 2 4 2 1004 1988 
2583 3 1 1 3 2 0 3 2 4 4 6 4 2 1979 756 
2584 3 2 0 0 0 0 3 8 2 2 1 4 2 160 208 
2585 3 2 0 0 1 0 3 8 2 2 6 4 2 564 775 
2586 3 2 0 2 0 0 3 8 2 4 2 4 2 164 449 
2587 3 2 0 2 2 0 3 8 2 4 6 4 2 1031 1035 
2588 3 2 2 0 0 0 3 8 4 2 5 4 2 1590 209 
2589 3 2 2 0 5 0 3 8 4 2 6 4 2 2758 2759 
2590 3 2 2 2 0 0 3 8 4 4 3 4 2 169 430 
2591 3 2 2 2 3 0 3 8 4 4 6 4 2 800 2760 
2592 0 1 0 0 0 4 3 2 2 2 1 8 1 2424 
2593 0 1 0 0 1 4 3 2 2 2 6 8 2 3169 3236 
2594 0 1 0 2 0 4 3 2 2 4 2 8 2 2425 3234 
2595 0 1 0 2 2 4 3 2 2 4 6 8 2 3244 3270 
2596 0 1 2 0 0 4 3 2 4 2 1 8 2 1246 755 
2597 0 1 2 0 1 4 3 2 4 2 6 8 2 3385 3814 
2598 0 1 2 2 0 4 3 2 4 4 2 8 2 1247 1987 
2599 0 1 2 2 2 4 3 2 4 4 6 8 2 2656 3267 
2600 0 2 0 0 0 4 3 8 2 2 5 8 2 561 3387 
2601 0 2 0 0 5 4 3 8 2 2 6 8 2 2745 2749 
2602 0 2 0 2 0 4 3 8 2 4 3 8 2 3386 3382 
2603 0 2 0 2 3 4 3 8 2 4 6 8 2 3172 2746 
2604 0 2 2 0 0 4 3 8 4 3 4 8 2 3397 3395 
2605 0 2 2 0 4 4 3 8 4 3 6 8 2 2754 3185 
2606 0 2 2 3 0 4 3 8 4 4 2 8 2 782 1276 
2607 0 2 2 3 2 4 3 8 4 4 6 8 2 174 3196 
2608 3 1 0 0 0 4 3 2 2 2 1 8 2 1581 649 
2609 3 1 0 0 1 4 3 2 2 2 6 8 2 3229 3230 
2610 3 1 0 2 0 4 3 2 2 4 2 8 2 1582 1973 
2611 3 1 0 2 2 4 3 2 2 4 6 8 2 3239 3243 
2612 3 1 2 0 0 4 3 2 4 2 3 8 2 3260 1273 
2613 3 1 2 0 3 4 3 2 4 2 6 8 2 3264 2679 
2614 3 1 2 2 0 4 3 2 4 4 3 8 2 990 3266 
2615 3 1 2 2 3 4 3 2 4 4 6 8 2 3283 3284 
2616 3 2 0 0 0 4 3 8 2 3 1 8 2 1580 562 
2617 3 2 0 0 1 4 3 8 2 3 6 8 2 657 1585 
2618 3 2 0 3 0 4 3 8 2 4 1 8 2 658 1000 
2619 3 2 0 3 1 4 3 8 2 4 6 8 2 3388 2657 
2620 3 2 2 0 0 4 3 8 4 2 3 8 2 1588 1274 
2621 3 2 2 0 3 4 3 8 4 2 6 8 2 2665 2677 
2622 3 2 2 2 0 4 3 8 4 4 1 8 2 781 1012 
2623 3 2 2 2 1 4 3 8 4 4 6 8 2 662 2670 
2624 0 1 0 0 6 0 3 2 3 1 7 3 1 982 
2625 0 1 0 0 7 0 3 2 3 1 8 3 2 1522 752 
2626 0 1 0 1 6 0 3 2 3 4 7 3 2 760 753 
2627 0 1 0 1 7 0 3 2 3 4 8 3 2 2435 749 
2628 0 1 3 0 6 0 3 2 4 3 8 3 2 1944 1527 
2629 0 1 3 0 8 0 3 2 4 3 8 3 2 750 646 
2630 0 1 3 3 6 0 3 2 4 4 6 3 2 991 1234 
2631 0 1 3 3 6 0 3 2 4 4 8 3 2 751 973 
2632 0 2 0 0 6 0 3 8 2 1 6 3 2 1937 1295 
2633 0 2 0 0 6 0 3 8 2 1 8 3 2 965 1030 
2634 0 2 0 1 6 0 3 8 2 4 7 3 2 1225 748 
2635 0 2 0 1 7 0 3 8 2 4 8 3 2 656 1034 
2636 0 2 2 0 6 0 3 8 4 2 7 3 2 1037 3179 
2637 0 2 2 0 7 0 3 8 4 2 8 3 2 2513 1530 
2638 0 2 2 2 6 0 3 8 4 4 8 3 2 1038 971 
2639 0 2 2 2 8 0 3 8 4 4 8 3 2 798 777 
2640 3 1 0 0 6 0 3 2 2 2 7 3 1 1242 
2641 3 1 0 0 7 0 3 2 2 2 8 3 2 1244 1002 
2642 3 1 0 2 6 0 3 2 2 4 7 3 2 986 650 
2643 3 1 0 2 7 0 3 2 2 4 8 3 2 659 776 
2644 3 1 2 0 6 0 3 2 4 3 7 3 2 563 3285 
2645 3 1 2 0 7 0 3 2 4 3 8 3 2 560 1269 
2646 3 1 2 3 6 0 3 2 4 4 6 3 2 787 783 
2647 3 1 2 3 6 0 3 2 4 4 8 3 2 762 788 
2648 3 2 0 0 6 0 3 8 2 3 7 3 2 1301 771 
2649 3 2 0 0 7 0 3 8 2 3 8 3 2 493 1586 
2650 3 2 0 3 6 0 3 8 2 4 7 3 2 3389 1302 
2651 3 2 0 3 7 0 3 8 2 4 8 3 2 772 797 
2652 3 2 2 0 6 0 3 8 4 2 7 3 2 2753 1636 
2653 3 2 2 0 7 0 3 8 4 2 8 3 2 1591 1631 
2654 3 2 2 2 6 0 3 8 4 4 8 3 2 1011 492 
2655 3 2 2 2 8 0 3 8 4 4 8 3 2 799 801 
2656 0 1 0 0 6 3 3 2 2 2 7 8 1 3170 
2657 0 1 0 0 7 3 3 2 2 2 8 8 2 3233 2434 
2658 0 1 0 2 6 3 3 2 2 4 7 8 2 3237 2428 
2659 0 1 0 2 7 3 3 2 2 4 8 8 2 2427 2426 
2660 0 1 2 0 6 3 3 2 4 3 7 8 2 3187 3186 
2661 0 1 2 0 7 3 3 2 4 3 8 8 2 1947 2520 
2662 0 1 2 3 6 3 3 2 4 4 7 8 2 3268 2526 
2663 0 1 2 3 7 3 3 2 4 4 8 8 2 2525 2514 
2664 0 2 0 0 6 3 3 8 2 3 8 8 2 3171 1941 
2665 0 2 0 0 8 3 3 8 2 3 8 8 2 2507 2508 
2666 0 2 0 3 6 3 3 8 2 4 6 8 2 3173 3180 
2667 0 2 0 3 6 3 3 8 2 4 8 8 2 3181 2655 
2668 0 2 2 0 6 3 3 8 4 2 7 8 2 3195 2678 
2669 0 2 2 0 7 3 3 8 4 2 8 8 2 2519 2524 
2670 0 2 2 2 6 3 3 8 4 4 7 8 2 3398 2680 
2671 0 2 2 2 7 3 3 8 4 4 8 8 2 3197 2672 
2672 3 1 0 0 6 3 3 1 2 3 7 8 2 3232 3242 
2673 3 1 0 0 7 3 3 1 2 3 8 8 2 3238 1978 
2674 3 1 0 3 6 3 3 1 2 4 6 8 2 3241 3245 
2675 3 1 0 3 6 3 3 1 2 4 8 8 2 3271 3246 
2676 3 1 2 0 6 3 3 1 4 2 7 8 2 3265 3282 
2677 3 1 2 0 7 3 3 1 4 2 8 8 2 1981 3263 
2678 3 1 2 2 6 3 3 1 4 4 7 8 2 3281 3269 
2679 3 1 2 2 7 3 3 1 4 4 8 8 2 1982 3272 
2680 3 1 0 0 6 3 3 8 3 1 7 8 2 3396 3262 
2681 3 1 0 0 7 3 3 8 3 1 8 8 2 2667 1628 
2682 3 1 0 1 6 3 3 8 3 4 6 8 2 2654 2668 
2683 3 1 0 1 6 3 3 8 3 4 8 8 2 2750 2658 
2684 3 1 3 0 6 3 3 8 4 3 8 8 2 2666 1634 
2685 3 1 3 0 8 3 3 8 4 3 8 8 2 2669 1638 
2686 3 1 3 3 6 3 3 8 4 4 6 8 2 2755 2681 
2687 3 1 3 3 6 3 3 8 4 4 8 8 2 2671 2682 
2688 0 1 0 4 0 0 3 2 3 6 4 4 1 1226 
2689 0 1 0 4 4 0 3 2 3 6 6 4 2 3816 1229 
2690 0 1 0 6 0 0 3 2 3 8 4 4 2 651 1943 
2691 0 1 0 6 4 0 3 2 3 8 6 4 2 1940 1227 
2692 0 1 3 4 0 0 3 2 4 6 5 4 2 1991 1990 
2693 0 1 3 4 5 0 3 2 4 6 6 4 2 3189 1946 
2694 0 1 3 6 0 0 3 2 4 8 5 4 2 1532 1992 
2695 0 1 3 6 5 0 3 2 4 8 6 4 2 3191 1233 
2696 0 2 0 4 0 0 3 8 2 6 4 4 2 400 2509 
2697 0 2 0 4 4 0 3 8 2 6 6 4 2 1263 1267 
2698 0 2 0 6 0 0 3 8 2 8 5 4 2 404 3175 
2699 0 2 0 6 5 0 3 8 2 8 6 4 2 3813 1299 
2700 0 2 2 4 0 0 3 8 4 6 4 4 2 422 1232 
2701 0 2 2 4 4 0 3 8 4 6 6 4 2 1307 785 
2702 0 2 2 6 0 0 3 8 4 8 5 4 2 405 802 
2703 0 2 2 6 5 0 3 8 4 8 6 4 2 3200 1313 
2704 3 1 0 4 0 0 3 2 2 6 1 4 1 399 
2705 3 1 0 4 1 0 3 2 2 6 6 4 2 757 3248 
2706 3 1 0 6 0 0 3 2 2 8 1 4 2 1975 987 
2707 3 1 0 6 1 0 3 2 2 8 6 4 2 3249 3253 
2708 3 1 2 4 0 0 3 2 4 7 2 4 2 758 3275 
2709 3 1 2 4 2 0 3 2 4 7 6 4 2 988 992 
2710 3 1 2 7 0 0 3 2 4 8 3 4 2 1278 1996 
2711 3 1 2 7 3 0 3 2 4 8 6 4 2 993 3278 
2712 3 2 0 4 0 0 3 8 2 7 5 4 2 3392 1298 
2713 3 2 0 4 5 0 3 8 2 7 6 4 2 1304 1297 
2714 3 2 0 7 0 0 3 8 2 8 1 4 2 660 401 
2715 3 2 0 7 1 0 3 8 2 8 6 4 2 411 1268 
2716 3 2 2 4 0 0 3 8 4 6 1 4 2 1005 1006 
2717 3 2 2 4 1 0 3 8 4 6 6 4 2 2761 1309 
2718 3 2 2 6 0 0 3 8 4 8 1 4 2 421 406 
2719 3 2 2 6 1 0 3 8 4 8 6 4 2 3403 1015 
2720 0 1 0 4 0 4 3 2 1 5 2 8 1 109 
2721 0 1 0 4 2 4 3 2 1 5 6 8 2 3383 2429 
2722 0 1 0 5 0 4 3 2 1 8 3 8 2 1977 3247 
2723 0 1 0 5 3 4 3 2 1 8 6 8 2 3256 2432 
2724 0 1 1 4 0 4 3 2 4 7 3 8 2 1989 3400 
2725 0 1 1 4 3 4 3 2 4 7 6 8 2 3399 3900 
2726 0 1 1 7 0 4 3 2 4 8 2 8 2 759 1009 
2727 0 1 1 7 2 4 3 2 4 8 6 8 2 2675 3202 
2728 0 2 0 4 0 4 3 8 2 6 1 8 2 165 166 
2729 0 2 0 4 1 4 3 8 2 6 6 8 2 162 2515 
2730 0 2 0 6 0 4 3 8 2 8 2 8 2 163 3391 
2731 0 2 0 6 2 4 3 8 2 8 6 8 2 3384 3390 
2732 0 2 2 4 0 4 3 8 4 6 2 8 2 171 170 
2733 0 2 2 4 2 4 3 8 4 6 6 8 2 175 3198 
2734 0 2 2 6 0 4 3 8 4 8 1 8 2 1279 1007 
2735 0 2 2 6 1 4 3 8 4 8 6 8 2 779 3817 
2736 3 1 0 4 0 4 3 2 2 6 3 8 2 110 3273 
2737 3 1 0 4 3 4 3 2 2 6 6 8 2 3274 3250 
2738 3 1 0 6 0 4 3 2 2 8 3 8 2 111 3252 
2739 3 1 0 6 3 4 3 2 2 8 6 8 2 3257 3258 
2740 3 1 2 4 0 4 3 2 4 6 3 8 2 3286 3899 
2741 3 1 2 4 3 4 3 2 4 6 6 8 2 3289 3290 
2742 3 1 2 6 0 4 3 2 4 8 1 8 2 1249 1993 
2743 3 1 2 6 1 4 3 2 4 8 6 8 2 1250 1995 
2744 3 2 0 4 0 4 3 8 3 7 3 8 2 172 167 
2745 3 2 0 4 3 4 3 8 3 7 6 8 2 1583 2659 
2746 3 2 0 7 0 4 3 8 3 8 4 8 2 168 3394 
2747 3 2 0 7 4 4 3 8 3 8 6 8 2 2663 1003 
2748 3 2 3 4 0 4 3 8 4 6 1 8 2 784 1013 
2749 3 2 3 4 1 4 3 8 4 6 6 8 2 176 2673 
2750 3 2 3 6 0 4 3 8 4 8 4 8 2 177 173 
2751 3 2 3 6 4 4 3 8 4 8 6 8 2 3401 178 
2752 0 1 0 4 6 0 3 2 2 6 6 4 1 1942 
2753 0 1 0 4 6 0 3 2 2 6 8 4 2 3174 967 
2754 0 1 0 6 6 0 3 2 2 8 8 4 2 984 989 
2755 0 1 0 6 8 0 3 2 2 8 8 4 2 970 985 
2756 0 1 2 4 6 0 3 2 4 6 7 4 2 1948 2516 
2757 0 1 2 4 7 0 3 2 4 6 8 4 2 2522 763 
2758 0 1 2 6 6 0 3 2 4 8 7 4 2 3199 2523 
2759 0 1 2 6 7 0 3 2 4 8 8 4 2 972 1529 
2760 0 2 0 4 6 0 3 8 2 7 8 4 2 773 1523 
2761 0 2 0 4 8 0 3 8 2 7 8 4 2 1526 1524 
2762 0 2 0 7 6 0 3 8 2 8 6 4 2 1306 1230 
2763 0 2 0 7 6 0 3 8 2 8 8 4 2 1300 2511 
2764 0 2 2 4 6 0 3 8 4 7 7 4 2 969 974 
2765 0 2 2 4 7 0 3 8 4 7 8 4 2 2527 1528 
2766 0 2 2 7 6 0 3 8 4 8 6 4 2 1533 1272 
2767 0 2 2 7 6 0 3 8 4 8 8 4 2 1016 1949 
2768 3 1 0 4 6 0 3 2 1 6 6 4 1 1262 
2769 3 1 0 4 6 0 3 2 1 6 8 4 2 983 1001 
2770 3 1 0 6 6 0 3 2 1 8 7 4 2 1264 3259 
2771 3 1 0 6 7 0 3 2 1 8 8 4 2 774 754 
2772 3 1 1 4 6 0 3 2 4 6 6 4 2 1589 1266 
2773 3 1 1 4 6 0 3 2 4 6 8 4 2 1248 761 
2774 3 1 1 6 6 0 3 2 4 8 7 4 2 1271 1245 
2775 3 1 1 6 7 0 3 2 4 8 8 4 2 1994 1997 
2776 3 2 0 4 6 0 3 8 3 6 7 4 2 1032 1303 
2777 3 2 0 4 7 0 3 8 3 6 8 4 2 778 1584 
2778 3 2 0 6 6 0 3 8 3 8 7 4 2 1305 780 
2779 3 2 0 6 7 0 3 8 3 8 8 4 2 1033 786 
2780 3 2 3 4 6 0 3 8 4 7 7 4 2 2683 1014 
2781 3 2 3 4 7 0 3 8 4 7 8 4 2 2685 1039 
2782 3 2 3 7 6 0 3 8 4 8 7 4 2 2762 1310 
2783 3 2 3 7 7 0 3 8 4 8 8 4 2 803 1040 
2784 0 1 0 4 6 4 3 2 1 5 6 8 1 2430 
2785 0 1 0 4 6 4 3 2 1 5 8 8 2 1243 2431 
2786 0 1 0 5 6 4 3 2 1 8 7 8 2 3254 3176 
2787 0 1 0 5 7 4 3 2 1 8 8 8 2 2433 3177 
2788 0 1 1 4 6 4 3 2 4 7 6 8 2 3188 1939 
2789 0 1 1 4 6 4 3 2 4 7 8 8 2 3182 2517 
2790 0 1 1 7 6 4 3 2 4 8 7 8 2 3184 3201 
2791 0 1 1 7 7 4 3 2 4 8 8 8 2 2528 3277 
2792 0 2 0 4 6 4 3 8 2 6 8 8 2 1629 2510 
2793 0 2 0 4 8 4 3 8 2 6 8 8 2 1632 2747 
2794 0 2 0 6 6 4 3 8 2 8 8 8 2 3183 2751 
2795 0 2 0 6 8 4 3 8 2 8 8 8 2 2518 2512 
2796 0 2 2 4 6 4 3 8 4 7 6 8 2 3818 2521 
2797 0 2 2 4 6 4 3 8 4 7 8 8 2 2684 1531 
2798 0 2 2 7 6 4 3 8 4 8 6 8 2 2763 3393 
2799 0 2 2 7 6 4 3 8 4 8 8 8 2 3203 3190 
2800 3 1 0 4 6 4 3 2 2 6 8 8 2 1587 3251 
2801 3 1 0 4 8 4 3 2 2 6 8 8 2 1976 1980 
2802 3 1 0 6 6 4 3 2 2 8 7 8 2 3279 3255 
2803 3 1 0 6 7 4 3 2 2 8 8 8 2 3280 3276 
2804 3 1 2 4 6 4 3 2 4 6 8 8 2 3287 3288 
2805 3 1 2 4 8 4 3 2 4 6 8 8 2 1270 2674 
2806 3 1 2 6 6 4 3 2 4 8 7 8 2 3404 3402 
2807 3 1 2 6 7 4 3 2 4 8 8 8 2 1008 2662 
2808 3 2 0 4 6 4 3 8 3 7 7 8 2 2661 2660 
2809 3 2 0 4 7 4 3 8 3 7 8 8 2 2757 1036 
2810 3 2 0 7 6 4 3 8 3 8 6 8 2 2752 2748 
2811 3 2 0 7 6 4 3 8 3 8 8 8 2 2664 1630 
2812 3 2 3 4 6 4 3 8 4 5 7 8 2 1277 1639 
2813 3 2 3 4 7 4 3 8 4 5 8 8 2 1308 1635 
2814 3 2 3 5 6 4 3 8 4 8 8 8 2 1312 2756 
2815 3 2 3 5 8 4 3 8 4 8 8 8 2 1640 2676 
2816 0 1 4 0 0 0 3 2 6 1 4 4 1 84 
2817 0 1 4 0 4 0 3 2 6 1 6 4 2 3192 1984 
2818 0 1 4 1 0 0 3 2 6 4 4 4 2 2539 85 
2819 0 1 4 1 4 0 3 2 6 4 6 4 2 86 87 
2820 0 1 6 0 0 0 3 2 8 1 4 4 2 3220 3209 
2821 0 1 6 0 4 0 3 2 8 1 6 4 2 89 3213 
2822 0 1 6 1 0 0 3 2 8 4 4 4 2 3819 1541 
2823 0 1 6 1 4 0 3 2 8 4 6 4 2 3829 1240 
2824 0 2 4 0 0 0 3 8 7 2 4 4 2 435 2529 
2825 0 2 4 0 4 0 3 8 7 2 6 4 2 1655 210 
2826 0 2 4 2 0 0 3 8 7 4 2 4 2 438 431 
2827 0 2 4 2 2 0 3 8 7 4 6 4 2 1538 789 
2828 0 2 7 0 0 0 3 8 8 2 3 4 2 440 566 
2829 0 2 7 0 3 0 3 8 8 2 6 4 2 1049 1967 
2830 0 2 7 2 0 0 3 8 8 4 5 4 2 453 647 
2831 0 2 7 2 5 0 3 8 8 4 6 4 2 1968 981 
2832 3 1 4 0 0 0 3 2 6 3 1 4 1 423 
2833 3 1 4 0 1 0 3 2 6 3 6 4 2 186 653 
2834 3 1 4 3 0 0 3 2 6 4 1 4 2 415 416 
2835 3 1 4 3 1 0 3 2 6 4 6 4 2 417 764 
2836 3 1 6 0 0 0 3 2 8 3 1 4 2 427 403 
2837 3 1 6 0 1 0 3 2 8 3 6 4 2 795 792 
2838 3 1 6 3 0 0 3 2 8 4 1 4 2 426 418 
2839 3 1 6 3 1 0 3 2 8 4 6 4 2 491 998 
2840 3 2 4 0 0 0 3 8 6 3 2 4 2 433 451 
2841 3 2 4 0 2 0 3 8 6 3 6 4 2 187 663 
2842 3 2 4 3 0 0 3 8 6 4 3 4 2 1020 452 
2843 3 2 4 3 3 0 3 8 6 4 6 4 2 668 189 
2844 3 2 6 0 0 0 3 8 8 2 5 4 2 424 213 
2845 3 2 6 0 5 0 3 8 8 2 6 4 2 2708 3424 
2846 3 2 6 2 0 0 3 8 8 4 4 4 2 1047 807 
2847 3 2 6 2 4 0 3 8 8 4 6 4 2 3436 188 
2848 0 1 4 0 0 4 3 2 6 2 1 8 1 1983 
2849 0 1 4 0 1 4 3 2 6 2 6 8 2 1592 2698 
2850 0 1 4 2 0 4 3 2 6 4 4 8 2 1280 3820 
2851 0 1 4 2 4 4 3 2 6 4 6 8 2 180 92 
2852 0 1 6 0 0 4 3 2 8 3 3 8 2 1284 2707 
2853 0 1 6 0 3 4 3 2 8 3 6 8 2 2710 3413 
2854 0 1 6 3 0 4 3 2 8 4 4 8 2 2733 3824 
2855 0 1 6 3 4 4 3 2 8 4 6 8 2 3224 91 
2856 0 2 4 0 0 4 3 8 6 3 5 8 2 3406 3405 
2857 0 2 4 0 5 4 3 8 6 3 6 8 2 2689 3408 
2858 0 2 4 3 0 4 3 8 6 4 4 8 2 1593 3901 
2859 0 2 4 3 4 4 3 8 6 4 6 8 2 181 3415 
2860 0 2 6 0 0 4 3 8 8 3 3 8 2 1291 2696 
2861 0 2 6 0 3 4 3 8 8 3 6 8 2 2765 2764 
2862 0 2 6 3 0 4 3 8 8 4 4 8 2 3425 2716 
2863 0 2 6 3 4 4 3 8 8 4 6 8 2 215 216 
2864 3 1 4 0 0 4 3 2 7 4 2 8 2 1256 1999 
2865 3 1 4 0 2 4 3 2 7 4 6 8 2 2702 2701 
2866 3 1 4 4 0 4 3 2 7 4 1 8 2 1252 1612 
2867 3 1 4 4 1 4 3 2 7 4 6 8 2 1251 2715 
2868 3 1 7 0 0 4 3 2 8 3 1 8 2 1622 1024 
2869 3 1 7 0 1 4 3 2 8 3 6 8 2 1618 2728 
2870 3 1 7 3 0 4 3 2 8 4 1 8 2 1027 1624 
2871 3 1 7 3 1 4 3 2 8 4 6 8 2 2717 2731 
2872 3 2 4 0 0 4 3 8 6 2 4 8 2 1600 2697 
2873 3 2 4 0 4 4 3 8 6 2 6 8 2 1599 2699 
2874 3 2 4 2 0 4 3 8 6 4 3 8 2 1017 2690 
2875 3 2 4 2 3 4 3 8 6 4 6 8 2 2700 2703 
2876 3 2 6 0 0 4 3 8 8 1 3 8 2 1617 2725 
2877 3 2 6 0 3 4 3 8 8 1 6 8 2 2726 3423 
2878 3 2 6 1 0 4 3 8 8 4 4 8 2 1623 2711 
2879 3 2 6 1 4 4 3 8 8 4 6 8 2 2713 2734 
2880 0 1 4 0 6 0 3 2 7 1 6 4 1 3210 
2881 0 1 4 0 6 0 3 2 7 1 8 4 2 2530 1955 
2882 0 1 4 1 6 0 3 2 7 4 7 4 2 97 3204 
2883 0 1 4 1 7 0 3 2 7 4 8 4 2 975 1536 
2884 0 1 7 0 6 0 3 2 8 2 7 4 2 3214 102 
2885 0 1 7 0 7 0 3 2 8 2 8 4 2 96 103 
2886 0 1 7 2 6 0 3 2 8 4 6 4 2 3222 767 
2887 0 1 7 2 6 0 3 2 8 4 8 4 2 996 98 
2888 0 2 4 0 6 0 3 8 6 3 7 4 2 3193 494 
2889 0 2 4 0 7 0 3 8 6 3 8 4 2 559 669 
2890 0 2 4 3 6 0 3 8 6 4 6 4 2 1021 1534 
2891 0 2 4 3 6 0 3 8 6 4 8 4 2 1236 976 
2892 0 2 6 0 6 0 3 8 8 2 6 4 2 95 2542 
2893 0 2 6 0 6 0 3 8 8 2 8 4 2 90 203 
2894 0 2 6 2 6 0 3 8 8 4 6 4 2 978 813 
2895 0 2 6 2 6 0 3 8 8 4 8 4 2 1543 1542 
2896 3 1 4 0 6 0 3 2 6 2 6 4 1 3407 
2897 3 1 4 0 6 0 3 2 6 2 8 4 2 179 1253 
2898 3 1 4 2 6 0 3 2 6 4 8 4 2 1609 790 
2899 3 1 4 2 8 0 3 2 6 4 8 4 2 665 654 
2900 3 1 6 0 6 0 3 2 8 2 6 4 2 3434 195 
2901 3 1 6 0 6 0 3 2 8 2 8 4 2 3435 196 
2902 3 1 6 2 6 0 3 2 8 4 8 4 2 1028 770 
2903 3 1 6 2 8 0 3 2 8 4 8 4 2 793 197 
2904 3 2 4 0 6 0 3 8 6 2 8 4 2 1041 804 
2905 3 2 4 0 8 0 3 8 6 2 8 4 2 1317 1649 
2906 3 2 4 2 6 0 3 8 6 4 6 4 2 211 1044 
2907 3 2 4 2 6 0 3 8 6 4 8 4 2 805 670 
2908 3 2 6 0 6 0 3 8 8 2 6 4 2 219 214 
2909 3 2 6 0 6 0 3 8 8 2 8 4 2 220 226 
2910 3 2 6 2 6 0 3 8 8 4 6 4 2 1050 221 
2911 3 2 6 2 6 0 3 8 8 4 8 4 2 810 227 
2912 0 1 4 0 6 4 3 2 7 2 6 8 1 3215 
2913 0 1 4 0 6 4 3 2 7 2 8 8 2 3194 1537 
2914 0 1 4 2 6 4 3 2 7 4 7 8 2 2532 2533 
2915 0 1 4 2 7 4 3 2 7 4 8 8 2 2534 1951 
2916 0 1 7 0 6 4 3 2 8 3 7 8 2 3221 3223 
2917 0 1 7 0 7 4 3 2 8 3 8 8 2 3825 1237 
2918 0 1 7 3 6 4 3 2 8 4 7 8 2 3225 3216 
2919 0 1 7 3 7 4 3 2 8 4 8 8 2 104 2543 
2920 0 2 4 0 6 4 3 8 6 2 6 8 2 2531 3414 
2921 0 2 4 0 6 4 3 8 6 2 8 8 2 1607 1950 
2922 0 2 4 2 6 4 3 8 6 4 7 8 2 212 1958 
2923 0 2 4 2 7 4 3 8 6 4 8 8 2 1957 1956 
2924 0 2 6 0 6 4 3 8 8 2 7 8 2 2727 2712 
2925 0 2 6 0 7 4 3 8 8 2 8 8 2 1610 977 
2926 0 2 6 2 6 4 3 8 8 4 7 8 2 2774 3426 
2927 0 2 6 2 7 4 3 8 8 4 8 8 2 3830 205 
2928 3 1 4 0 6 4 3 3 7 1 7 8 2 2709 1998 
2929 3 1 4 0 7 4 3 3 7 1 8 8 2 1985 766 
2930 3 1 4 1 6 4 3 3 7 4 7 8 2 190 1611 
2931 3 1 4 1 7 4 3 3 7 4 8 8 2 1986 1608 
2932 3 1 7 0 6 4 3 3 8 2 7 8 2 2729 2730 
2933 3 1 7 0 7 4 3 3 8 2 8 8 2 791 1659 
2934 3 1 7 2 6 4 3 3 8 4 7 8 2 2714 204 
2935 3 1 7 2 7 4 3 3 8 4 8 8 2 2732 1025 
2936 3 3 4 0 6 4 3 8 6 3 8 8 2 1641 1318 
2937 3 3 4 0 8 4 3 8 6 3 8 8 2 1642 1643 
2938 3 3 4 3 6 4 3 8 6 4 8 8 2 1644 1319 
2939 3 3 4 3 8 4 3 8 6 4 8 8 2 1650 1645 
2940 3 3 6 0 6 4 3 8 8 2 6 8 2 2768 2769 
2941 3 3 6 0 6 4 3 8 8 2 8 8 2 809 671 
2942 3 3 6 2 6 4 3 8 8 4 6 8 2 2773 2775 
2943 3 3 6 2 6 4 3 8 8 4 8 8 2 228 811 
2944 0 1 4 4 0 0 3 2 6 5 4 4 1 88 
2945 0 1 4 4 4 0 3 2 6 5 6 4 2 1959 3211 
2946 0 1 4 5 0 0 3 2 6 8 5 4 2 3821 3823 
2947 0 1 4 5 5 0 3 2 6 8 6 4 2 1953 3206 
2948 0 1 6 4 0 0 3 2 8 5 4 4 2 1258 3217 
2949 0 1 6 4 4 0 3 2 8 5 6 4 2 2544 2541 
2950 0 1 6 5 0 0 3 2 8 8 4 4 2 3226 1971 
2951 0 1 6 5 4 0 3 2 8 8 6 4 2 3212 3219 
2952 0 2 4 4 0 0 3 8 7 6 4 4 2 436 1952 
2953 0 2 4 4 4 0 3 8 7 6 6 4 2 1018 3826 
2954 0 2 4 6 0 0 3 8 7 8 4 4 2 425 808 
2955 0 2 4 6 4 0 3 8 7 8 6 4 2 3417 2540 
2956 0 2 7 4 0 0 3 8 8 6 2 4 2 441 439 
2957 0 2 7 4 2 0 3 8 8 6 6 4 2 1241 3218 
2958 0 2 7 6 0 0 3 8 8 8 2 4 2 428 442 
2959 0 2 7 6 2 0 3 8 8 8 6 4 2 1621 1627 
2960 3 1 4 4 0 0 3 2 7 7 1 4 1 409 
2961 3 1 4 4 1 0 3 2 7 7 6 4 2 3409 1619 
2962 3 1 4 7 0 0 3 2 7 8 1 4 2 408 1283 
2963 3 1 4 7 1 0 3 2 7 8 6 4 2 407 3419 
2964 3 1 7 4 0 0 3 2 8 6 3 4 2 419 3427 
2965 3 1 7 4 3 0 3 2 8 6 6 4 2 1292 999 
2966 3 1 7 6 0 0 3 2 8 8 4 4 2 410 3439 
2967 3 1 7 6 4 0 3 2 8 8 6 4 2 1294 3432 
2968 3 2 4 4 0 0 3 8 6 6 5 4 2 434 3416 
2969 3 2 4 4 5 0 3 8 6 6 6 4 2 1314 2692 
2970 3 2 4 6 0 0 3 8 6 8 3 4 2 432 437 
2971 3 2 4 6 3 0 3 8 6 8 6 4 2 1042 2694 
2972 3 2 6 4 0 0 3 8 8 5 5 4 2 1322 1651 
2973 3 2 6 4 5 0 3 8 8 5 6 4 2 1051 1323 
2974 3 2 6 5 0 0 3 8 8 8 4 4 2 1290 1048 
2975 3 2 6 5 4 0 3 8 8 8 6 4 2 3443 3422 
2976 0 1 4 4 0 4 3 2 6 5 1 8 1 1601 
2977 0 1 4 4 1 4 3 2 6 5 6 8 2 664 93 
2978 0 1 4 5 0 4 3 2 6 8 5 8 2 3420 94 
2979 0 1 4 5 5 4 3 2 6 8 6 8 2 3410 3902 
2980 0 1 6 4 0 4 3 2 8 6 5 8 2 2736 3428 
2981 0 1 6 4 5 4 3 2 8 6 6 8 2 3831 99 
2982 0 1 6 6 0 4 3 2 8 8 5 8 2 3429 3827 
2983 0 1 6 6 5 4 3 2 8 8 6 8 2 3833 3828 
2984 0 2 4 4 0 4 3 8 6 6 4 8 2 1604 183 
2985 0 2 4 4 4 4 3 8 6 6 6 8 2 218 3442 
2986 0 2 4 6 0 4 3 8 6 8 2 8 2 1596 1597 
2987 0 2 4 6 2 4 3 8 6 8 6 8 2 3411 3412 
2988 0 2 6 4 0 4 3 8 8 5 5 8 2 2718 1660 
2989 0 2 6 4 5 4 3 8 8 5 6 8 2 2737 223 
2990 0 2 6 5 0 4 3 8 8 8 3 8 2 2720 3437 
2991 0 2 6 5 3 4 3 8 8 8 6 8 2 2766 3438 
2992 3 1 4 4 0 4 3 2 7 5 4 8 2 2691 182 
2993 3 1 4 4 4 4 3 2 7 5 6 8 2 1602 2705 
2994 3 1 4 5 0 4 3 2 7 8 3 8 2 2706 2704 
2995 3 1 4 5 3 4 3 2 7 8 6 8 2 3418 2723 
2996 3 1 7 4 0 4 3 2 8 7 3 8 2 2738 1626 
2997 3 1 7 4 3 4 3 2 8 7 6 8 2 2739 1293 
2998 3 1 7 7 0 4 3 2 8 8 3 8 2 1257 2742 
2999 3 1 7 7 3 4 3 2 8 8 6 8 2 3441 3433 
3000 3 2 4 4 0 4 3 8 7 5 3 8 2 1285 1594 
3001 3 2 4 4 3 4 3 8 7 5 6 8 2 1605 217 
3002 3 2 4 5 0 4 3 8 7 8 3 8 2 2693 2695 
3003 3 2 4 5 3 4 3 8 7 8 6 8 2 3421 1026 
3004 3 2 7 4 0 4 3 8 8 7 4 8 2 1620 3430 
3005 3 2 7 4 4 4 3 8 8 7 6 8 2 2719 2776 
3006 3 2 7 7 0 4 3 8 8 8 3 8 2 1029 2740 
3007 3 2 7 7 3 4 3 8 8 8 6 8 2 2743 2772 
3008 0 1 4 4 6 0 3 2 6 6 8 4 1 1535 
3009 0 1 4 4 8 0 3 2 6 6 8 4 2 995 994 
3010 0 1 4 6 6 0 3 2 6 8 7 4 2 1954 2536 
3011 0 1 4 6 7 0 3 2 6 8 8 4 2 1961 1235 
3012 0 1 6 4 6 0 3 2 8 7 7 4 2 1969 1539 
3013 0 1 6 4 7 0 3 2 8 7 8 4 2 655 1260 
3014 0 1 6 7 6 0 3 2 8 8 7 4 2 2546 1540 
3015 0 1 6 7 7 0 3 2 8 8 8 4 2 980 1972 
3016 0 2 4 4 6 0 3 8 7 7 7 4 2 1043 1286 
3017 0 2 4 4 7 0 3 8 7 7 8 4 2 1960 1238 
3018 0 2 4 7 6 0 3 8 7 8 6 4 2 1287 1966 
3019 0 2 4 7 6 0 3 8 7 8 8 4 2 2538 1023 
3020 0 2 7 4 6 0 3 8 8 5 7 4 2 1289 1965 
3021 0 2 7 4 7 0 3 8 8 5 8 4 2 1625 1661 
3022 0 2 7 5 6 0 3 8 8 8 7 4 2 1657 2721 
3023 0 2 7 5 7 0 3 8 8 8 8 4 2 1325 1970 
3024 3 1 4 4 6 0 3 2 6 6 7 4 1 1281 
3025 3 1 4 4 7 0 3 2 6 6 8 4 2 1613 1595 
3026 3 1 4 6 6 0 3 2 6 8 7 4 2 1615 1019 
3027 3 1 4 6 7 0 3 2 6 8 8 4 2 765 1255 
3028 3 1 6 4 6 0 3 2 8 7 7 4 2 3431 1259 
3029 3 1 6 4 7 0 3 2 8 7 8 4 2 1022 794 
3030 3 1 6 7 6 0 3 2 8 8 7 4 2 2722 2724 
3031 3 1 6 7 7 0 3 2 8 8 8 4 2 667 769 
3032 3 2 4 4 6 0 3 8 7 8 7 4 2 1656 1320 
3033 3 2 4 4 7 0 3 8 7 8 8 4 2 1288 806 
3034 3 2 4 8 6 0 3 8 7 8 7 4 2 1046 1321 
3035 3 2 4 8 7 0 3 8 7 8 8 4 2 2687 1648 
3036 3 2 7 4 6 0 3 8 8 7 6 4 2 222 2771 
3037 3 2 7 4 6 0 3 8 8 7 8 4 2 1324 198 
3038 3 2 7 7 6 0 3 8 8 8 7 4 2 2741 1658 
3039 3 2 7 7 7 0 3 8 8 8 8 4 2 672 1662 
3040 0 1 4 4 6 4 3 2 6 6 6 8 1 3822 
3041 0 1 4 4 6 4 3 2 6 6 8 8 2 2535 3205 
3042 0 1 4 6 6 4 3 2 6 8 8 8 2 3208 2537 
3043 0 1 4 6 8 4 3 2 6 8 8 8 2 1962 1964 
3044 0 1 6 4 6 4 3 2 8 5 8 8 2 2545 979 
3045 0 1 6 4 8 4 3 2 8 5 8 8 2 100 105 
3046 0 1 6 5 6 4 3 2 8 8 7 8 2 3227 106 
3047 0 1 6 5 7 4 3 2 8 8 8 8 2 101 3228 
3048 0 2 4 4 6 4 3 8 7 6 7 8 2 200 192 
3049 0 2 4 4 7 4 3 8 7 6 8 8 2 1646 3207 
3050 0 2 4 6 6 4 3 8 7 8 8 8 2 2767 2686 
3051 0 2 4 6 8 4 3 8 7 8 8 8 2 1963 1647 
3052 0 2 7 4 6 4 3 8 8 7 6 8 2 2777 3440 
3053 0 2 7 4 6 4 3 8 8 7 8 8 2 206 812 
3054 0 2 7 7 6 4 3 8 8 8 6 8 2 2778 3832 
3055 0 2 7 7 6 4 3 8 8 8 8 8 2 230 1239 
3056 3 1 4 4 6 4 3 2 6 6 7 8 2 1603 191 
3057 3 1 4 4 7 4 3 2 6 6 8 8 2 1282 1614 
3058 3 1 4 6 6 4 3 2 6 8 8 8 2 1606 1616 
3059 3 1 4 6 8 4 3 2 6 8 8 8 2 2688 1598 
3060 3 1 6 4 6 4 3 2 8 6 7 8 2 1254 199 
3061 3 1 6 4 7 4 3 2 8 6 8 8 2 768 997 
3062 3 1 6 6 6 4 3 2 8 8 7 8 2 201 194 
3063 3 1 6 6 7 4 3 2 8 8 8 8 2 2744 207 
3064 3 2 4 4 6 4 3 8 6 6 7 8 2 184 1315 
3065 3 2 4 4 7 4 3 8 6 6 8 8 2 1652 1316 
3066 3 2 4 6 6 4 3 8 6 8 6 8 2 185 193 
3067 3 2 4 6 6 4 3 8 6 8 8 8 2 1654 1653 
3068 3 2 6 4 6 4 3 8 8 5 6 8 2 2770 2735 
3069 3 2 6 4 6 4 3 8 8 5 8 8 2 666 224 
3070 3 2 6 5 6 4 3 8 8 8 8 8 2 202 229 
3071 3 2 6 5 8 4 3 8 8 8 8 8 2 225 1045 
3072 3 0 0 0 0 0 4 1 2 3 1 6 1 236 
3073 3 0 0 0 1 0 4 1 2 3 5 6 2 232 3445 
3074 3 0 0 3 0 0 4 1 2 5 2 6 2 1052 233 
3075 3 0 0 3 2 0 4 1 2 5 5 6 2 239 238 
3076 3 0 2 0 0 0 4 1 5 2 2 6 2 237 2571 
3077 3 0 2 0 2 0 4 1 5 2 5 6 2 3915 3476 
3078 3 0 2 2 0 0 4 1 5 5 2 6 2 498 2175 
3079 3 0 2 2 2 0 4 1 5 5 5 6 2 1677 3514 
3080 3 1 0 0 0 0 4 2 1 1 2 6 2 2025 3444 
3081 3 1 0 0 2 0 4 2 1 1 5 6 2 2625 2626 
3082 3 1 0 1 0 0 4 2 1 5 1 6 2 2628 284 
3083 3 1 0 1 1 0 4 2 1 5 5 6 2 2163 2860 
3084 3 1 1 0 0 0 4 2 5 2 2 6 2 2235 2037 
3085 3 1 1 0 2 0 4 2 5 2 5 6 2 289 3480 
3086 3 1 1 2 0 0 4 2 5 5 2 6 2 290 1065 
3087 3 1 1 2 2 0 4 2 5 5 5 6 2 285 2635 
3088 4 0 0 0 0 0 8 1 2 1 1 6 1 2159 
3089 4 0 0 0 1 0 8 1 2 1 5 6 2 231 3475 
3090 4 0 0 1 0 0 8 1 2 5 3 6 2 2779 3479 
3091 4 0 0 1 3 0 8 1 2 5 5 6 2 3903 3446 
3092 4 0 2 0 0 0 8 1 5 3 2 6 2 1667 496 
3093 4 0 2 0 2 0 8 1 5 3 5 6 2 2788 244 
3094 4 0 2 3 0 0 8 1 5 5 1 6 2 1331 462 
3095 4 0 2 3 1 0 8 1 5 5 5 6 2 250 251 
3096 4 1 0 0 0 0 8 2 2 1 2 6 2 288 283 
3097 4 1 0 0 2 0 8 2 2 1 5 6 2 3612 3607 
3098 4 1 0 1 0 0 8 2 2 5 3 6 2 2853 2859 
3099 4 1 0 1 3 0 8 2 2 5 5 6 2 2878 3613 
3100 4 1 2 0 0 0 8 2 5 2 3 6 2 1666 2176 
3101 4 1 2 0 3 0 8 2 5 2 5 6 2 3914 3617 
3102 4 1 2 2 0 0 8 2 5 5 3 6 2 2178 3502 
3103 4 1 2 2 3 0 8 2 5 5 5 6 2 245 3917 
3104 3 0 0 0 0 6 4 1 1 2 1 8 1 2547 
3105 3 0 0 0 1 6 4 1 1 2 5 8 2 2160 3447 
3106 3 0 0 2 0 6 4 1 1 5 3 8 2 2548 3450 
3107 3 0 0 2 3 6 4 1 1 5 5 8 2 3454 3458 
3108 3 0 1 0 0 6 4 1 5 3 3 8 2 673 3482 
3109 3 0 1 0 3 6 4 1 5 3 5 8 2 3500 2798 
3110 3 0 1 3 0 6 4 1 5 5 2 8 2 1053 3906 
3111 3 0 1 3 2 6 4 1 5 5 5 8 2 3485 3516 
3112 3 1 0 0 0 6 4 2 2 2 3 8 2 2850 2647 
3113 3 1 0 0 3 6 4 2 2 2 5 8 2 2629 2871 
3114 3 1 0 2 0 6 4 2 2 5 3 8 2 2650 2857 
3115 3 1 0 2 3 6 4 2 2 5 5 8 2 2881 2636 
3116 3 1 2 0 0 6 4 2 5 2 5 8 2 2874 2648 
3117 3 1 2 0 5 6 4 2 5 2 5 8 2 2651 2892 
3118 3 1 2 2 0 6 4 2 5 5 3 8 2 1668 2894 
3119 3 1 2 2 3 6 4 2 5 5 5 8 2 2653 2901 
3120 4 0 0 0 0 6 8 1 3 3 3 8 2 1669 3913 
3121 4 0 0 0 3 6 8 1 3 3 5 8 2 3451 3455 
3122 4 0 0 3 0 6 8 1 3 5 1 8 2 1055 1663 
3123 4 0 0 3 1 6 8 1 3 5 5 8 2 2780 3459 
3124 4 0 3 0 0 6 8 1 5 3 2 8 2 1676 1330 
3125 4 0 3 0 2 6 8 1 5 3 5 8 2 1675 3497 
3126 4 0 3 3 0 6 8 1 5 5 1 8 2 2180 1335 
3127 4 0 3 3 1 6 8 1 5 5 5 8 2 2801 3503 
3128 4 1 0 0 0 6 8 2 2 2 3 8 2 2870 2851 
3129 4 1 0 0 3 6 8 2 2 2 5 8 2 2854 2875 
3130 4 1 0 2 0 6 8 2 2 5 3 8 2 1345 2216 
3131 4 1 0 2 3 6 8 2 2 5 5 8 2 2882 2217 
3132 4 1 2 0 0 6 8 2 5 2 3 8 2 1068 2891 
3133 4 1 2 0 3 6 8 2 5 2 5 8 2 2236 2895 
3134 4 1 2 2 0 6 8 2 5 5 1 8 2 1064 836 
3135 4 1 2 2 1 6 8 2 5 5 5 8 2 1069 2898 
3136 3 0 0 0 5 0 4 1 2 2 6 5 1 1664 
3137 3 0 0 0 6 0 4 1 2 2 8 5 2 3452 2549 
3138 3 0 0 2 5 0 4 1 2 5 8 5 2 3481 2559 
3139 3 0 0 2 8 0 4 1 2 5 8 5 2 2550 572 
3140 3 0 2 0 5 0 4 1 5 3 8 5 2 2573 2171 
3141 3 0 2 0 8 0 4 1 5 3 8 5 2 2566 497 
3142 3 0 2 3 5 0 4 1 5 5 6 5 2 257 3504 
3143 3 0 2 3 6 0 4 1 5 5 8 5 2 1678 675 
3144 3 1 0 0 5 0 4 2 2 2 6 5 2 2627 3608 
3145 3 1 0 0 6 0 4 2 2 2 8 5 2 2224 815 
3146 3 1 0 2 5 0 4 2 2 5 7 5 2 2631 2634 
3147 3 1 0 2 7 0 4 2 2 5 8 5 2 674 495 
3148 3 1 2 0 5 0 4 2 5 2 7 5 2 835 2038 
3149 3 1 2 0 7 0 4 2 5 2 8 5 2 2908 2231 
3150 3 1 2 2 5 0 4 2 5 5 6 5 2 3916 2053 
3151 3 1 2 2 6 0 4 2 5 5 8 5 2 3517 1347 
3152 4 0 0 0 5 0 8 1 1 2 7 5 1 3453 
3153 4 0 0 0 7 0 8 1 1 2 8 5 2 567 3449 
3154 4 0 0 2 5 0 8 1 1 5 7 5 2 568 3457 
3155 4 0 0 2 7 0 8 1 1 5 8 5 2 3461 569 
3156 4 0 1 0 5 0 8 1 5 3 7 5 2 574 3498 
3157 4 0 1 0 7 0 8 1 5 3 8 5 2 571 461 
3158 4 0 1 3 5 0 8 1 5 5 7 5 2 575 3505 
3159 4 0 1 3 7 0 8 1 5 5 8 5 2 3487 578 
3160 4 1 0 0 5 0 8 2 2 2 6 5 2 2872 3905 
3161 4 1 0 0 6 0 8 2 2 2 8 5 2 2168 2856 
3162 4 1 0 2 5 0 8 2 2 5 6 5 2 3483 3460 
3163 4 1 0 2 6 0 8 2 2 5 8 5 2 3609 2781 
3164 4 1 2 0 5 0 8 2 5 3 6 5 2 2909 3515 
3165 4 1 2 0 6 0 8 2 5 3 8 5 2 2877 2897 
3166 4 1 2 3 5 0 8 2 5 5 6 5 2 2902 2883 
3167 4 1 2 3 6 0 8 2 5 5 8 5 2 2239 3507 
3168 3 0 0 0 5 5 4 2 2 2 6 8 1 3477 
3169 3 0 0 0 6 5 4 2 2 2 8 8 2 2026 2632 
3170 3 0 0 2 5 5 4 2 2 5 6 8 2 2630 2637 
3171 3 0 0 2 6 5 4 2 2 5 8 8 2 2789 2030 
3172 3 0 2 0 5 5 4 2 5 3 8 8 2 2572 2051 
3173 3 0 2 0 8 5 4 2 5 3 8 8 2 2046 2172 
3174 3 0 2 3 5 5 4 2 5 5 6 8 2 2575 2574 
3175 3 0 2 3 6 5 4 2 5 5 8 8 2 2576 2560 
3176 3 2 0 0 5 5 4 2 2 3 6 8 2 2028 2858 
3177 3 2 0 0 6 5 4 2 2 3 8 8 2 2027 2649 
3178 3 2 0 3 5 5 4 2 2 5 5 8 2 2633 2029 
3179 3 2 0 3 5 5 4 2 2 5 8 8 2 2861 2220 
3180 3 2 2 0 5 5 4 2 5 3 6 8 2 2879 2880 
3181 3 2 2 0 6 5 4 2 5 3 8 8 2 2652 2039 
3182 3 2 2 3 5 5 4 2 5 5 7 8 2 2903 2054 
3183 3 2 2 3 7 5 4 2 5 5 8 8 2 2047 2052 
3184 4 0 0 0 5 5 8 1 3 2 6 8 2 3904 3448 
3185 4 0 0 0 6 5 8 1 3 2 8 8 2 3499 2161 
3186 4 0 0 2 5 5 8 1 3 5 5 8 2 3486 3456 
3187 4 0 0 2 5 5 8 1 3 5 8 8 2 2169 2162 
3188 4 0 3 0 5 5 8 1 5 3 7 8 2 2800 2799 
3189 4 0 3 0 7 5 8 1 5 3 8 8 2 2177 2179 
3190 4 0 3 3 5 5 8 1 5 5 5 8 2 3518 3506 
3191 4 0 3 3 5 5 8 1 5 5 8 8 2 2803 2795 
3192 4 1 0 0 5 5 8 2 3 1 7 8 2 2852 3478 
3193 4 1 0 0 7 5 8 2 3 1 8 8 2 2215 2873 
3194 4 1 0 1 5 5 8 2 3 5 6 8 2 2855 2896 
3195 4 1 0 1 6 5 8 2 3 5 8 8 2 2876 3484 
3196 4 1 3 0 5 5 8 2 5 3 6 8 2 2900 2893 
3197 4 1 3 0 6 5 8 2 5 3 8 8 2 3501 2237 
3198 4 1 3 3 5 5 8 2 5 5 6 8 2 2899 2238 
3199 4 1 3 3 6 5 8 2 5 5 8 8 2 2802 3519 
3200 3 0 0 5 0 0 4 1 2 7 2 6 1 3466 
3201 3 0 0 5 2 0 4 1 2 7 5 6 2 2782 2556 
3202 3 0 0 7 0 0 4 1 2 8 2 6 2 2557 2565 
3203 3 0 0 7 2 0 4 1 2 8 5 6 2 3471 3472 
3204 3 0 2 5 0 0 4 1 5 6 3 6 2 2577 246 
3205 3 0 2 5 3 0 4 1 5 6 5 6 2 2806 252 
3206 3 0 2 6 0 0 4 1 5 8 1 6 2 1671 1674 
3207 3 0 2 6 1 0 4 1 5 8 5 6 2 1054 3909 
3208 3 1 0 5 0 0 4 2 2 7 1 6 2 2035 2164 
3209 3 1 0 5 1 0 4 2 2 7 5 6 2 2884 3489 
3210 3 1 0 7 0 0 4 2 2 8 2 6 2 2640 2229 
3211 3 1 0 7 2 0 4 2 2 8 5 6 2 2643 2644 
3212 3 1 2 5 0 0 4 2 5 5 2 6 2 291 296 
3213 3 1 2 5 2 0 4 2 5 5 5 6 2 2240 2173 
3214 3 1 2 5 0 0 4 2 5 8 2 6 2 2885 2057 
3215 3 1 2 5 2 0 4 2 5 8 5 6 2 3925 3512 
3216 4 0 0 5 0 0 8 1 2 6 2 6 1 234 
3217 4 0 0 5 2 0 8 1 2 6 5 6 2 3488 3907 
3218 4 0 0 6 0 0 8 1 2 8 2 6 2 817 3492 
3219 4 0 0 6 2 0 8 1 2 8 5 6 2 3494 3908 
3220 4 0 2 5 0 0 8 1 5 7 2 6 2 1672 1673 
3221 4 0 2 5 2 0 8 1 5 7 5 6 2 241 3920 
3222 4 0 2 7 0 0 8 1 5 8 2 6 2 2184 2808 
3223 4 0 2 7 2 0 8 1 5 8 5 6 2 499 2809 
3224 4 1 0 5 0 0 8 2 2 7 2 6 2 286 1346 
3225 4 1 0 5 2 0 8 2 2 7 5 6 2 1327 294 
3226 4 1 0 7 0 0 8 2 2 8 2 6 2 2867 2230 
3227 4 1 0 7 2 0 8 2 2 8 5 6 2 2865 3611 
3228 4 1 2 5 0 0 8 2 5 6 3 6 2 1056 302 
3229 4 1 2 5 3 0 8 2 5 6 5 6 2 301 297 
3230 4 1 2 6 0 0 8 2 5 8 1 6 2 2805 1679 
3231 4 1 2 6 1 0 8 2 5 8 5 6 2 2243 2241 
3232 3 0 0 5 0 6 4 1 3 5 2 8 1 2551 
3233 3 0 0 5 2 6 4 1 3 5 5 8 2 2552 2553 
3234 3 0 0 5 0 6 4 1 3 8 3 8 2 1334 2786 
3235 3 0 0 5 3 6 4 1 3 8 5 8 2 3467 2563 
3236 3 0 3 5 0 6 4 1 5 6 2 8 2 1670 2804 
3237 3 0 3 5 2 6 4 1 5 6 5 8 2 2568 2579 
3238 3 0 3 6 0 6 4 1 5 8 2 8 2 2578 248 
3239 3 0 3 6 2 6 4 1 5 8 5 8 2 249 254 
3240 3 1 0 5 0 6 4 2 2 5 3 8 2 2040 2218 
3241 3 1 0 5 3 6 4 2 2 5 5 8 2 2031 3462 
3242 3 1 0 5 0 6 4 2 2 8 3 8 2 816 2638 
3243 3 1 0 5 3 6 4 2 2 8 5 8 2 2221 2043 
3244 3 1 2 5 0 6 4 2 5 6 3 8 2 253 3508 
3245 3 1 2 5 3 6 4 2 5 6 5 8 2 2049 2055 
3246 3 1 2 6 0 6 4 2 5 8 2 8 2 2183 247 
3247 3 1 2 6 2 6 4 2 5 8 5 8 2 255 303 
3248 4 0 0 5 0 6 8 2 2 7 2 8 2 242 240 
3249 4 0 0 5 2 6 8 2 2 7 5 8 2 3463 2783 
3250 4 0 0 7 0 6 8 2 2 8 1 8 2 235 243 
3251 4 0 0 7 1 6 8 2 2 8 5 8 2 3616 3912 
3252 4 0 2 5 0 6 8 2 5 6 3 8 2 1332 2792 
3253 4 0 2 5 3 6 8 2 5 6 5 8 2 2796 298 
3254 4 0 2 6 0 6 8 2 5 8 2 8 2 2182 2185 
3255 4 0 2 6 2 6 8 2 5 8 5 8 2 3615 3523 
3256 4 2 0 5 0 6 8 2 2 6 3 8 2 2225 292 
3257 4 2 0 5 3 6 8 2 2 6 5 8 2 2863 293 
3258 4 2 0 6 0 6 8 2 2 8 3 8 2 287 295 
3259 4 2 0 6 3 6 8 2 2 8 5 8 2 2868 2228 
3260 4 2 2 5 0 6 8 2 5 5 2 8 2 1070 837 
3261 4 2 2 5 2 6 8 2 5 5 5 8 2 2910 2904 
3262 4 2 2 5 0 6 8 2 5 8 4 8 2 1067 299 
3263 4 2 2 5 4 6 8 2 5 8 5 8 2 300 2233 
3264 3 0 0 5 5 0 4 1 2 5 6 5 1 2790 
3265 3 0 0 5 6 0 4 1 2 5 8 5 2 2554 2562 
3266 3 0 0 5 5 0 4 1 2 8 6 5 2 3495 2166 
3267 3 0 0 5 6 0 4 1 2 8 8 5 2 2167 814 
3268 3 0 2 5 5 0 4 1 5 7 6 5 2 3910 579 
3269 3 0 2 5 6 0 4 1 5 7 8 5 2 2567 3921 
3270 3 0 2 7 5 0 4 1 5 8 6 5 2 3923 2570 
3271 3 0 2 7 6 0 4 1 5 8 8 5 2 818 820 
3272 3 1 0 5 5 0 4 2 3 6 7 5 2 2032 1333 
3273 3 1 0 5 7 0 4 2 3 6 8 5 2 1326 2042 
3274 3 1 0 6 5 0 4 2 3 8 7 5 2 838 2044 
3275 3 1 0 6 7 0 4 2 3 8 8 5 2 2646 1328 
3276 3 1 3 5 5 0 4 2 5 6 7 5 2 840 1066 
3277 3 1 3 5 7 0 4 2 5 6 8 5 2 2911 819 
3278 3 1 3 6 5 0 4 2 5 8 6 5 2 2906 3521 
3279 3 1 3 6 6 0 4 2 5 8 8 5 2 841 839 
3280 4 0 0 5 5 0 8 1 2 6 5 5 1 3464 
3281 4 0 0 5 5 0 8 1 2 6 8 5 2 3465 1329 
3282 4 0 0 6 5 0 8 1 2 8 6 5 2 3468 573 
3283 4 0 0 6 6 0 8 1 2 8 8 5 2 3491 3496 
3284 4 0 2 5 5 0 8 1 5 6 7 5 2 3918 3510 
3285 4 0 2 5 7 0 8 1 5 6 8 5 2 576 3520 
3286 4 0 2 6 5 0 8 1 5 8 6 5 2 3524 577 
3287 4 0 2 6 6 0 8 1 5 8 8 5 2 3919 2174 
3288 4 1 0 5 5 0 8 2 1 6 6 5 2 2862 3610 
3289 4 1 0 5 6 0 8 2 1 6 8 5 2 2784 1062 
3290 4 1 0 6 5 0 8 2 1 8 6 5 2 3473 570 
3291 4 1 0 6 6 0 8 2 1 8 8 5 2 2869 3470 
3292 4 1 1 5 5 0 8 2 5 7 6 5 2 3614 2887 
3293 4 1 1 5 6 0 8 2 5 7 8 5 2 3493 2234 
3294 4 1 1 7 5 0 8 2 5 8 7 5 2 2913 3525 
3295 4 1 1 7 7 0 8 2 5 8 8 5 2 580 2912 
3296 3 0 0 5 5 5 4 1 2 5 5 8 1 3490 
3297 3 0 0 5 5 5 4 1 2 5 8 8 2 2785 2555 
3298 3 0 0 5 5 5 4 1 2 8 7 8 2 3911 2793 
3299 3 0 0 5 7 5 4 1 2 8 8 8 2 2787 2558 
3300 3 0 2 5 5 5 4 1 5 6 6 8 2 3509 2561 
3301 3 0 2 5 6 5 4 1 5 6 8 8 2 2791 2564 
3302 3 0 2 6 5 5 4 1 5 8 7 8 2 3927 2569 
3303 3 0 2 6 7 5 4 1 5 8 8 8 2 2580 2581 
3304 3 1 0 5 5 5 4 2 2 7 6 8 2 2033 2639 
3305 3 1 0 5 6 5 4 2 2 7 8 8 2 2642 2034 
3306 3 1 0 7 5 5 4 2 2 8 5 8 2 2641 2645 
3307 3 1 0 7 5 5 4 2 2 8 8 8 2 2889 2036 
3308 3 1 2 5 5 5 4 2 5 5 7 8 2 2041 2056 
3309 3 1 2 5 7 5 4 2 5 5 8 8 2 2227 2048 
3310 3 1 2 5 5 5 4 2 5 8 7 8 2 2058 2050 
3311 3 1 2 5 7 5 4 2 5 8 8 8 2 2888 2045 
3312 4 0 0 5 5 5 8 1 3 7 6 8 2 1665 3469 
3313 4 0 0 5 6 5 8 1 3 7 8 8 2 2165 2170 
3314 4 0 0 7 5 5 8 1 3 8 6 8 2 3924 3474 
3315 4 0 0 7 6 5 8 1 3 8 8 8 2 3922 2794 
3316 4 0 3 5 5 5 8 1 5 6 7 8 2 3926 2797 
3317 4 0 3 5 7 5 8 1 5 6 8 8 2 3511 2181 
3318 4 0 3 6 5 5 8 1 5 8 7 8 2 2807 3522 
3319 4 0 3 6 7 5 8 1 5 8 8 8 2 3513 2186 
3320 4 1 0 5 5 5 8 2 2 7 7 8 2 2219 2886 
3321 4 1 0 5 7 5 8 2 2 7 8 8 2 2864 2222 
3322 4 1 0 7 5 5 8 2 2 8 5 8 2 2866 1063 
3323 4 1 0 7 5 5 8 2 2 8 8 8 2 2890 2223 
3324 4 1 2 5 5 5 8 2 5 6 6 8 2 2226 2905 
3325 4 1 2 5 6 5 8 2 5 6 8 8 2 2232 2242 
3326 4 1 2 6 5 5 8 2 5 8 6 8 2 304 2907 
3327 4 1 2 6 6 5 8 2 5 8 8 8 2 2914 2244 
3328 3 0 5 0 0 0 4 1 6 3 1 6 1 2588 
3329 3 0 5 0 1 0 4 1 6 3 4 6 2 2817 3528 
3330 3 0 5 3 0 0 4 1 6 5 1 6 2 2601 464 
3331 3 0 5 3 1 0 4 1 6 5 4 6 2 503 676 
3332 3 0 6 0 0 0 4 1 8 3 3 6 2 465 3556 
3333 3 0 6 0 3 0 4 1 8 3 4 6 2 3943 3578 
3334 3 0 6 3 0 0 4 1 8 5 1 6 2 2616 2615 
3335 3 0 6 3 1 0 4 1 8 5 4 6 2 3586 3562 
3336 3 1 5 0 0 0 4 2 6 2 2 6 2 2063 2059 
3337 3 1 5 0 2 0 4 2 6 2 4 6 2 2084 2916 
3338 3 1 5 2 0 0 4 2 6 5 2 6 2 2085 2261 
3339 3 1 5 2 2 0 4 2 6 5 4 6 2 2930 2928 
3340 3 1 6 0 0 0 4 2 8 3 1 6 2 2092 2100 
3341 3 1 6 0 1 0 4 2 8 3 4 6 2 2093 2834 
3342 3 1 6 3 0 0 4 2 8 5 2 6 2 505 2102 
3343 3 1 6 3 2 0 4 2 8 5 4 6 2 2948 2845 
3344 4 0 5 0 0 0 8 1 6 2 2 6 1 3526 
3345 4 0 5 0 2 0 8 1 6 2 4 6 2 3540 454 
3346 4 0 5 2 0 0 8 1 6 5 2 6 2 2197 1680 
3347 4 0 5 2 2 0 8 1 6 5 4 6 2 3549 3530 
3348 4 0 6 0 0 0 8 1 8 3 3 6 2 2828 3932 
3349 4 0 6 0 3 0 8 1 8 3 4 6 2 3582 3563 
3350 4 0 6 3 0 0 8 1 8 5 2 6 2 2842 3590 
3351 4 0 6 3 2 0 8 1 8 5 4 6 2 3565 3591 
3352 4 1 5 0 0 0 8 2 6 1 2 6 2 2810 502 
3353 4 1 5 0 2 0 8 2 6 1 4 6 2 2915 3527 
3354 4 1 5 1 0 0 8 2 6 5 1 6 2 463 822 
3355 4 1 5 1 1 0 8 2 6 5 4 6 2 2819 3531 
3356 4 1 6 0 0 0 8 2 8 2 2 6 2 2207 2923 
3357 4 1 6 0 2 0 8 2 8 2 4 6 2 2958 2963 
3358 4 1 6 2 0 0 8 2 8 5 2 6 2 507 2947 
3359 4 1 6 2 2 0 8 2 8 5 4 6 2 3547 2966 
3360 3 0 5 0 0 6 4 1 6 2 1 8 1 2582 
3361 3 0 5 0 1 6 4 1 6 2 4 8 2 2600 2585 
3362 3 0 5 2 0 6 4 1 6 5 2 8 2 2198 2006 
3363 3 0 5 2 2 6 4 1 6 5 4 8 2 2592 2589 
3364 3 0 6 0 0 6 4 1 8 3 2 8 2 2607 2614 
3365 3 0 6 0 2 6 4 1 8 3 4 8 2 2829 3544 
3366 3 0 6 3 0 6 4 1 8 5 1 8 2 1696 2013 
3367 3 0 6 3 1 6 4 1 8 5 4 8 2 1689 2608 
3368 3 1 5 0 0 6 4 2 7 2 3 8 2 2833 2064 
3369 3 1 5 0 3 6 4 2 7 2 4 8 2 3930 2245 
3370 3 1 5 2 0 6 4 2 7 5 3 8 2 2926 3542 
3371 3 1 5 2 3 6 4 2 7 5 4 8 2 2068 2072 
3372 3 1 7 0 0 6 4 2 8 2 3 8 2 2840 2099 
3373 3 1 7 0 3 6 4 2 8 2 4 8 2 3559 2941 
3374 3 1 7 2 0 6 4 2 8 5 3 8 2 2841 2969 
3375 3 1 7 2 3 6 4 2 8 5 4 8 2 2944 3587 
3376 4 0 5 0 0 6 8 1 6 2 3 8 2 2188 2814 
3377 4 0 5 0 3 6 8 1 6 2 4 8 2 3541 2811 
3378 4 0 5 2 0 6 8 1 6 5 2 8 2 2830 2191 
3379 4 0 5 2 2 6 8 1 6 5 4 8 2 3550 2818 
3380 4 0 6 0 0 6 8 1 8 3 1 8 2 1698 2202 
3381 4 0 6 0 1 6 8 1 8 3 4 8 2 3577 3942 
3382 4 0 6 3 0 6 8 1 8 5 1 8 2 1340 2209 
3383 4 0 6 3 1 6 8 1 8 5 4 8 2 3548 3566 
3384 4 1 5 0 0 6 8 2 6 3 2 8 2 2250 2247 
3385 4 1 5 0 2 6 8 2 6 3 4 8 2 2924 2927 
3386 4 1 5 3 0 6 8 2 6 5 3 8 2 1338 2253 
3387 4 1 5 3 3 6 8 2 6 5 4 8 2 2931 2929 
3388 4 1 6 0 0 6 8 2 8 3 2 8 2 2937 2962 
3389 4 1 6 0 2 6 8 2 8 3 4 8 2 2938 2945 
3390 4 1 6 3 0 6 8 2 8 5 2 8 2 1076 2274 
3391 4 1 6 3 2 6 8 2 8 5 4 8 2 2844 2275 
3392 3 0 5 0 4 0 4 1 5 2 6 6 1 2586 
3393 3 0 5 0 6 0 4 1 5 2 8 6 2 2587 2584 
3394 3 0 5 2 4 0 4 1 5 5 6 6 2 2001 1336 
3395 3 0 5 2 6 0 4 1 5 5 8 6 2 2590 581 
3396 3 0 5 0 4 0 4 1 8 3 7 6 2 2017 263 
3397 3 0 5 0 7 0 4 1 8 3 8 6 2 271 272 
3398 3 0 5 3 4 0 4 1 8 5 8 6 2 279 2007 
3399 3 0 5 3 8 0 4 1 8 5 8 6 2 827 280 
3400 3 1 5 0 4 0 4 2 6 2 6 6 2 2917 2065 
3401 3 1 5 0 6 0 4 2 6 2 8 6 2 2816 2067 
3402 3 1 5 2 4 0 4 2 6 5 7 6 2 2249 2066 
3403 3 1 5 2 7 0 4 2 6 5 8 6 2 500 2086 
3404 3 1 6 0 4 0 4 2 8 2 6 6 2 2959 2273 
3405 3 1 6 0 6 0 4 2 8 2 8 6 2 278 270 
3406 3 1 6 2 4 0 4 2 8 5 6 6 2 2964 2101 
3407 3 1 6 2 6 0 4 2 8 5 8 6 2 2967 1342 
3408 4 0 5 0 4 0 8 1 6 2 5 6 1 3931 
3409 4 0 5 0 5 0 8 1 6 2 8 6 2 2812 1688 
3410 4 0 5 2 4 0 8 1 6 5 7 6 2 256 264 
3411 4 0 5 2 7 0 8 1 6 5 8 6 2 582 1682 
3412 4 0 6 0 4 0 8 1 8 2 7 6 2 3583 262 
3413 4 0 6 0 7 0 8 1 8 2 8 6 2 1057 2206 
3414 4 0 6 2 4 0 8 1 8 5 6 6 2 3945 678 
3415 4 0 6 2 6 0 8 1 8 5 8 6 2 824 265 
3416 4 1 5 0 4 0 8 2 7 2 6 6 2 3529 2925 
3417 4 1 5 0 6 0 8 2 7 2 8 6 2 2246 1686 
3418 4 1 5 2 4 0 8 2 7 5 7 6 2 305 2190 
3419 4 1 5 2 7 0 8 2 7 5 8 6 2 2252 273 
3420 4 1 7 0 4 0 8 2 8 2 5 6 2 3560 3579 
3421 4 1 7 0 5 0 8 2 8 2 8 6 2 3558 2961 
3422 4 1 7 2 4 0 8 2 8 5 6 6 2 2970 3584 
3423 4 1 7 2 6 0 8 2 8 5 8 6 2 846 2965 
3424 3 0 5 0 4 6 4 1 5 1 5 8 1 2583 
3425 3 0 5 0 5 6 4 1 5 1 8 8 2 2813 2187 
3426 3 0 5 1 4 6 4 1 5 5 6 8 2 2820 2000 
3427 3 0 5 1 6 6 4 1 5 5 8 8 2 2591 2192 
3428 3 0 5 0 4 6 4 1 8 3 7 8 2 3933 3581 
3429 3 0 5 0 7 6 4 1 8 3 8 8 2 2018 2019 
3430 3 0 5 3 4 6 4 1 8 5 5 8 2 3588 3934 
3431 3 0 5 3 5 6 4 1 8 5 8 8 2 2008 3593 
3432 3 1 5 0 4 6 4 2 6 1 6 8 2 2060 2061 
3433 3 1 5 0 6 6 4 2 6 1 8 8 2 2062 1687 
3434 3 1 5 1 4 6 4 2 6 5 6 8 2 2932 2069 
3435 3 1 5 1 6 6 4 2 6 5 8 8 2 2070 2071 
3436 3 1 6 0 4 6 4 2 8 4 7 8 2 2960 2940 
3437 3 1 6 0 7 6 4 2 8 4 8 8 2 3561 2094 
3438 3 1 6 4 4 6 4 2 8 5 7 8 2 2949 2971 
3439 3 1 6 4 7 6 4 2 8 5 8 8 2 1073 2103 
3440 4 0 5 0 4 6 8 1 6 3 6 8 2 2815 3543 
3441 4 0 5 0 6 6 8 1 6 3 8 8 2 2189 1690 
3442 4 0 5 3 4 6 8 1 6 5 5 8 2 3545 3551 
3443 4 0 5 3 5 6 8 1 6 5 8 8 2 3546 1681 
3444 4 0 6 0 4 6 8 1 8 2 7 8 2 3557 3585 
3445 4 0 6 0 7 6 8 1 8 2 8 8 2 2208 823 
3446 4 0 6 2 4 6 8 1 8 5 6 8 2 3592 3564 
3447 4 0 6 2 6 6 8 1 8 5 8 8 2 677 2843 
3448 4 1 5 0 4 6 8 2 7 2 6 8 2 2248 3944 
3449 4 1 5 0 6 6 8 2 7 2 8 8 2 1071 1337 
3450 4 1 5 2 4 6 8 2 7 5 6 8 2 2251 2943 
3451 4 1 5 2 6 6 8 2 7 5 8 8 2 2946 2266 
3452 4 1 7 0 4 6 8 2 8 2 5 8 2 2272 2942 
3453 4 1 7 0 5 6 8 2 8 2 8 8 2 2939 3580 
3454 4 1 7 2 4 6 8 2 8 5 6 8 2 3567 3589 
3455 4 1 7 2 6 6 8 2 8 5 8 8 2 2968 2203 
3456 3 0 5 5 0 0 4 1 6 7 1 5 1 2602 
3457 3 0 5 5 1 0 4 1 6 7 4 5 2 2593 3553 
3458 3 0 5 7 0 0 4 1 6 8 1 5 2 2011 2012 
3459 3 0 5 7 1 0 4 1 6 8 4 5 2 2201 2004 
3460 3 0 6 5 0 0 4 1 8 7 1 5 2 2022 2014 
3461 3 0 6 5 1 0 4 1 8 7 4 5 2 2623 2619 
3462 3 0 6 7 0 0 4 1 8 8 1 5 2 2016 2023 
3463 3 0 6 7 1 0 4 1 8 8 4 5 2 2613 2624 
3464 3 1 5 5 0 0 4 2 7 6 2 5 2 1074 1072 
3465 3 1 5 5 2 0 4 2 7 6 4 5 2 2199 3946 
3466 3 1 5 6 0 0 4 2 7 8 2 5 2 2090 2257 
3467 3 1 5 6 2 0 4 2 7 8 4 5 2 1685 3536 
3468 3 1 7 5 0 0 4 2 8 7 2 5 2 2015 1075 
3469 3 1 7 5 2 0 4 2 8 7 4 5 2 2618 2836 
3470 3 1 7 7 0 0 4 2 8 8 2 5 2 825 2281 
3471 3 1 7 7 2 0 4 2 8 8 4 5 2 2108 3599 
3472 4 0 5 5 0 0 8 1 6 7 1 5 1 821 
3473 4 0 5 5 1 0 8 1 6 7 4 5 2 2821 1692 
3474 4 0 5 7 0 0 8 1 6 8 2 5 2 504 3537 
3475 4 0 5 7 2 0 8 1 6 8 4 5 2 3937 3538 
3476 4 0 6 5 0 0 8 1 8 7 2 5 2 2835 1697 
3477 4 0 6 5 2 0 8 1 8 7 4 5 2 508 2837 
3478 4 0 6 7 0 0 8 1 8 8 2 5 2 2205 1699 
3479 4 0 6 7 2 0 8 1 8 8 4 5 2 1694 3603 
3480 4 1 5 5 0 0 8 2 6 6 2 5 2 501 2919 
3481 4 1 5 5 2 0 8 2 6 6 4 5 2 2918 3928 
3482 4 1 5 6 0 0 8 2 6 8 3 5 2 3552 3935 
3483 4 1 5 6 3 0 8 2 6 8 4 5 2 307 2921 
3484 4 1 6 5 0 0 8 2 8 7 2 5 2 2953 506 
3485 4 1 6 5 2 0 8 2 8 7 4 5 2 3596 2950 
3486 4 1 6 7 0 0 8 2 8 8 2 5 2 2282 2265 
3487 4 1 6 7 2 0 8 2 8 8 4 5 2 2955 2975 
3488 3 0 5 5 0 5 4 1 6 6 3 8 1 2823 
3489 3 0 5 5 3 5 4 1 6 6 4 8 2 258 2604 
3490 3 0 5 6 0 5 4 1 6 8 1 8 2 2597 2594 
3491 3 0 5 6 1 5 4 1 6 8 4 8 2 3539 259 
3492 3 0 6 5 0 5 4 1 8 6 1 8 2 2617 2603 
3493 3 0 6 5 1 5 4 1 8 6 4 8 2 2610 2611 
3494 3 0 6 6 0 5 4 1 8 8 2 8 2 3598 2021 
3495 3 0 6 6 2 5 4 1 8 8 4 8 2 3571 3940 
3496 3 1 5 5 0 5 4 2 7 6 1 8 2 2074 2609 
3497 3 1 5 5 1 5 4 2 7 6 4 8 2 2087 2088 
3498 3 1 5 6 0 5 4 2 7 8 1 8 2 2080 2097 
3499 3 1 5 6 1 5 4 2 7 8 4 8 2 2077 2096 
3500 3 1 7 5 0 5 4 2 8 6 2 8 2 2104 2095 
3501 3 1 7 5 2 5 4 2 8 6 4 8 2 2269 2105 
3502 3 1 7 6 0 5 4 2 8 8 2 8 2 2974 2109 
3503 3 1 7 6 2 5 4 2 8 8 4 8 2 2098 2978 
3504 4 0 5 5 0 5 8 2 7 7 2 8 2 2935 3532 
3505 4 0 5 5 2 5 8 2 7 7 4 8 2 2831 3929 
3506 4 0 5 7 0 5 8 2 7 8 2 8 2 3535 1684 
3507 4 0 5 7 2 5 8 2 7 8 4 8 2 3554 1341 
3508 4 0 7 5 0 5 8 2 8 7 2 8 2 3572 2211 
3509 4 0 7 5 2 5 8 2 8 7 4 8 2 3595 3948 
3510 4 0 7 7 0 5 8 2 8 8 2 8 2 2839 2849 
3511 4 0 7 7 2 5 8 2 8 8 4 8 2 3574 3604 
3512 4 2 5 5 0 5 8 2 6 7 2 8 2 2920 2255 
3513 4 2 5 5 2 5 8 2 6 7 4 8 2 2263 2933 
3514 4 2 5 7 0 5 8 2 6 8 2 8 2 2264 2259 
3515 4 2 5 7 2 5 8 2 6 8 4 8 2 2936 2922 
3516 4 2 6 5 0 5 8 2 8 5 2 8 2 2262 2267 
3517 4 2 6 5 2 5 8 2 8 5 4 8 2 2276 2277 
3518 4 2 6 5 0 5 8 2 8 8 2 8 2 2271 2972 
3519 4 2 6 5 2 5 8 2 8 8 4 8 2 2952 2956 
3520 3 0 5 5 4 0 4 1 6 7 6 4 1 2596 
3521 3 0 5 5 6 0 4 1 6 7 8 4 2 2822 1683 
3522 3 0 5 7 4 0 4 1 6 8 6 4 2 2605 2827 
3523 3 0 5 7 6 0 4 1 6 8 8 4 2 2599 1695 
3524 3 0 6 5 4 0 4 1 8 6 7 4 2 2020 2621 
3525 3 0 6 5 7 0 4 1 8 6 8 4 2 2010 2009 
3526 3 0 6 6 4 0 4 1 8 8 8 4 2 2606 2024 
3527 3 0 6 6 8 0 4 1 8 8 8 4 2 2214 826 
3528 3 1 5 5 4 0 4 2 5 6 7 4 2 2256 2073 
3529 3 1 5 5 7 0 4 2 5 6 8 4 2 2824 842 
3530 3 1 5 6 4 0 4 2 5 8 6 4 2 2081 2598 
3531 3 1 5 6 6 0 4 2 5 8 8 4 2 2082 2083 
3532 3 1 5 5 4 0 4 2 8 6 6 4 2 2075 2210 
3533 3 1 5 5 6 0 4 2 8 6 8 4 2 3569 2212 
3534 3 1 5 6 4 0 4 2 8 8 7 4 2 2954 2107 
3535 3 1 5 6 7 0 4 2 8 8 8 4 2 1060 2079 
3536 4 0 5 5 4 0 8 1 7 6 7 4 1 266 
3537 4 0 5 5 7 0 8 1 7 6 8 4 2 2200 1058 
3538 4 0 5 6 4 0 8 1 7 8 6 4 2 3575 1059 
3539 4 0 5 6 6 0 8 1 7 8 8 4 2 3555 2826 
3540 4 0 7 5 4 0 8 1 8 6 6 4 2 3597 2204 
3541 4 0 7 5 6 0 8 1 8 6 8 4 2 2847 1343 
3542 4 0 7 6 4 0 8 1 8 8 7 4 2 1344 3573 
3543 4 0 7 6 7 0 8 1 8 8 8 4 2 3576 2213 
3544 4 1 5 5 4 0 8 2 7 6 6 4 2 3936 2254 
3545 4 1 5 5 6 0 8 2 7 6 8 4 2 844 3534 
3546 4 1 5 6 4 0 8 2 7 8 6 4 2 3949 2260 
3547 4 1 5 6 6 0 8 2 7 8 8 4 2 2258 2196 
3548 4 1 7 5 4 0 8 2 8 7 6 4 2 2973 1061 
3549 4 1 7 5 6 0 8 2 8 7 8 4 2 3602 847 
3550 4 1 7 7 4 0 8 2 8 8 6 4 2 2976 845 
3551 4 1 7 7 6 0 8 2 8 8 8 4 2 2979 2980 
3552 3 0 5 5 4 4 4 1 6 6 7 8 1 2003 
3553 3 0 5 5 7 4 4 1 6 6 8 8 2 2002 1691 
3554 3 0 5 6 4 4 4 1 6 8 6 8 2 2595 268 
3555 3 0 5 6 6 4 4 1 6 8 8 8 2 2194 2005 
3556 3 0 6 5 4 4 4 1 8 6 5 8 2 2620 3947 
3557 3 0 6 5 5 4 4 1 8 6 8 8 2 2622 275 
3558 3 0 6 6 4 4 4 1 8 8 4 8 2 3938 3600 
3559 3 0 6 6 4 4 4 1 8 8 8 8 2 277 2612 
3560 3 1 5 5 4 4 4 2 6 6 6 8 2 306 2089 
3561 3 1 5 5 6 4 4 2 6 6 8 8 2 2076 2825 
3562 3 1 5 6 4 4 4 2 6 8 6 8 2 260 308 
3563 3 1 5 6 6 4 4 2 6 8 8 8 2 2078 2091 
3564 3 1 6 5 4 4 4 2 8 5 6 8 2 2278 2279 
3565 3 1 6 5 6 4 4 2 8 5 8 8 2 2106 2951 
3566 3 1 6 5 4 4 4 2 8 8 7 8 2 329 281 
3567 3 1 6 5 7 4 4 2 8 8 8 8 2 2977 3950 
3568 4 0 5 5 4 4 8 1 7 6 6 8 2 3533 267 
3569 4 0 5 5 6 4 8 1 7 6 8 8 2 3570 1339 
3570 4 0 5 6 4 4 8 1 7 8 6 8 2 2838 269 
3571 4 0 5 6 6 4 8 1 7 8 8 8 2 1693 2193 
3572 4 0 7 5 4 4 8 1 8 7 6 8 2 3568 276 
3573 4 0 7 5 6 4 8 1 8 7 8 8 2 274 3594 
3574 4 0 7 7 4 4 8 1 8 8 5 8 2 3601 3605 
3575 4 0 7 7 5 4 8 1 8 8 8 8 2 3951 3606 
3576 4 1 5 5 4 4 8 2 7 6 6 8 2 2934 2832 
3577 4 1 5 5 6 4 8 2 7 6 8 8 2 2270 843 
3578 4 1 5 6 4 4 8 2 7 8 6 8 2 261 3939 
3579 4 1 5 6 6 4 8 2 7 8 8 8 2 3941 2195 
3580 4 1 7 5 4 4 8 2 8 6 5 8 2 2268 2846 
3581 4 1 7 5 5 4 8 2 8 6 8 8 2 2280 2848 
3582 4 1 7 6 4 4 8 2 8 8 6 8 2 1077 2957 
3583 4 1 7 6 6 4 8 2 8 8 8 8 2 282 330 
3584 3 2 0 0 0 0 4 3 2 1 4 4 1 402 
3585 3 2 0 0 4 0 4 3 2 1 6 4 2 2110 588 
3586 3 2 0 1 0 0 4 3 2 4 2 4 2 331 526 
3587 3 2 0 1 2 0 4 3 2 4 6 4 2 337 443 
3588 3 2 2 0 0 0 4 3 5 1 3 4 2 597 347 
3589 3 2 2 0 3 0 4 3 5 1 6 4 2 343 593 
3590 3 2 2 1 0 0 4 3 5 4 1 4 2 483 467 
3591 3 2 2 1 1 0 4 3 5 4 6 4 2 468 412 
3592 3 3 0 0 0 0 4 8 2 2 3 4 2 376 377 
3593 3 3 0 0 3 0 4 8 2 2 6 4 2 1128 2120 
3594 3 3 0 2 0 0 4 8 2 4 2 4 2 891 457 
3595 3 3 0 2 2 0 4 8 2 4 6 4 2 1130 606 
3596 3 3 2 0 0 0 4 8 5 2 4 4 2 613 351 
3597 3 3 2 0 4 0 4 8 5 2 6 4 2 635 553 
3598 3 3 2 2 0 0 4 8 5 4 4 4 2 910 535 
3599 3 3 2 2 4 0 4 8 5 4 6 4 2 380 1141 
3600 4 2 0 0 0 0 8 3 3 2 1 4 1 609 
3601 4 2 0 0 1 0 8 3 3 2 6 4 2 2283 848 
3602 4 2 0 2 0 0 8 3 3 4 1 4 2 338 532 
3603 4 2 0 2 1 0 8 3 3 4 6 4 2 466 481 
3604 4 2 3 0 0 0 8 3 5 2 1 4 2 1089 699 
3605 4 2 3 0 1 0 8 3 5 2 6 4 2 1349 1395 
3606 4 2 3 2 0 0 8 3 5 4 2 4 2 1091 536 
3607 4 2 3 2 2 0 8 3 5 4 6 4 2 1718 2332 
3608 4 3 0 0 0 0 8 8 3 2 4 4 2 336 1137 
3609 4 3 0 0 4 0 8 8 3 2 6 4 2 1848 1442 
3610 4 3 0 2 0 0 8 8 3 4 2 4 2 332 533 
3611 4 3 0 2 2 0 8 8 3 4 6 4 2 892 902 
3612 4 3 3 0 0 0 8 8 5 1 2 4 2 1394 909 
3613 4 3 3 0 2 0 8 8 5 1 6 4 2 379 378 
3614 4 3 3 1 0 0 8 8 5 4 2 4 2 870 906 
3615 4 3 3 1 2 0 8 8 5 4 6 4 2 726 1149 
3616 3 2 0 0 0 4 4 3 3 2 2 8 1 1088 
3617 3 2 0 0 2 4 4 3 3 2 6 8 2 2287 2317 
3618 3 2 0 2 0 4 4 3 3 4 3 8 2 333 2291 
3619 3 2 0 2 3 4 4 3 3 4 6 8 2 2292 2320 
3620 3 2 3 0 0 4 4 3 5 2 2 8 2 1716 1090 
3621 3 2 3 0 2 4 4 3 5 2 6 8 2 3624 2330 
3622 3 2 3 2 0 4 4 3 5 4 2 8 2 1350 1396 
3623 3 2 3 2 2 4 4 3 5 4 6 8 2 1351 1092 
3624 3 3 0 0 0 4 4 8 2 2 4 8 2 2286 2284 
3625 3 3 0 0 4 4 4 8 2 2 6 8 2 1847 1841 
3626 3 3 0 2 0 4 4 8 2 4 3 8 2 1391 2303 
3627 3 3 0 2 3 4 4 8 2 4 6 8 2 2308 2981 
3628 3 3 2 0 0 4 4 8 5 2 4 8 2 2319 2316 
3629 3 3 2 0 4 4 4 8 5 2 6 8 2 2304 1859 
3630 3 3 2 2 0 4 4 8 5 4 3 8 2 1100 2982 
3631 3 3 2 2 3 4 4 8 5 4 6 8 2 2323 1860 
3632 4 2 0 0 0 4 8 3 2 2 1 8 2 1701 1078 
3633 4 2 0 0 1 4 8 3 2 2 6 8 2 1385 2301 
3634 4 2 0 2 0 4 8 3 2 4 2 8 2 680 1703 
3635 4 2 0 2 2 4 8 3 2 4 6 8 2 2289 2306 
3636 4 2 2 0 0 4 8 3 5 3 3 8 2 1358 2300 
3637 4 2 2 0 3 4 8 3 5 3 6 8 2 2331 2329 
3638 4 2 2 3 0 4 8 3 5 4 5 8 2 1359 1720 
3639 4 2 2 3 5 4 8 3 5 4 6 8 2 2324 1794 
3640 4 3 0 0 0 4 8 8 2 3 1 8 2 1384 529 
3641 4 3 0 0 1 4 8 8 2 3 6 8 2 1762 1759 
3642 4 3 0 3 0 4 8 8 2 4 2 8 2 530 1386 
3643 4 3 0 3 2 4 8 8 2 4 6 8 2 2309 1775 
3644 4 3 2 0 0 4 8 8 5 1 2 8 2 869 860 
3645 4 3 2 0 2 4 8 8 5 1 6 8 2 1782 1790 
3646 4 3 2 1 0 4 8 8 5 4 1 8 2 861 863 
3647 4 3 2 1 1 4 8 8 5 4 6 8 2 1792 2305 
3648 3 2 0 0 6 0 4 3 2 1 6 4 1 854 
3649 3 2 0 0 6 0 4 3 2 1 8 4 2 583 828 
3650 3 2 0 1 6 0 4 3 2 4 6 4 2 831 590 
3651 3 2 0 1 6 0 4 3 2 4 8 4 2 584 509 
3652 3 2 2 0 6 0 4 3 5 3 7 4 2 510 594 
3653 3 2 2 0 7 0 4 3 5 3 8 4 2 589 511 
3654 3 2 2 3 6 0 4 3 5 4 6 4 2 620 513 
3655 3 2 2 3 6 0 4 3 5 4 8 4 2 598 697 
3656 3 3 0 0 6 0 4 8 2 3 7 4 2 1437 487 
3657 3 3 0 0 7 0 4 8 2 3 8 4 2 855 721 
3658 3 3 0 3 6 0 4 8 2 4 6 4 2 849 1132 
3659 3 3 0 3 6 0 4 8 2 4 8 4 2 695 634 
3660 3 3 2 0 6 0 4 8 5 3 7 4 2 862 2134 
3661 3 3 2 0 7 0 4 8 5 3 8 4 2 2119 724 
3662 3 3 2 3 6 0 4 8 5 4 7 4 2 907 897 
3663 3 3 2 3 7 0 4 8 5 4 8 4 2 700 614 
3664 4 2 0 0 6 0 8 3 2 3 6 4 1 1083 
3665 4 2 0 0 6 0 8 3 2 3 8 4 2 2290 1079 
3666 4 2 0 3 6 0 8 3 2 4 7 4 2 693 679 
3667 4 2 0 3 7 0 8 3 2 4 8 4 2 681 1702 
3668 4 2 2 0 6 0 8 3 5 3 7 4 2 610 2302 
3669 4 2 2 0 7 0 8 3 5 3 8 4 2 1783 1099 
3670 4 2 2 3 6 0 8 3 5 4 7 4 2 1084 1785 
3671 4 2 2 3 7 0 8 3 5 4 8 4 2 1352 1714 
3672 4 3 0 0 6 0 8 8 3 3 6 4 2 1446 1842 
3673 4 3 0 0 6 0 8 8 3 3 8 4 2 1843 2288 
3674 4 3 0 3 6 0 8 8 3 4 8 4 2 1844 722 
3675 4 3 0 3 8 0 8 8 3 4 8 4 2 1140 607 
3676 4 3 3 0 6 0 8 8 5 2 7 4 2 1864 1865 
3677 4 3 3 0 7 0 8 8 5 2 8 4 2 1156 1157 
3678 4 3 3 2 6 0 8 8 5 4 7 4 2 1856 1795 
3679 4 3 3 2 7 0 8 8 5 4 8 4 2 877 1151 
3680 3 2 0 0 6 4 4 3 2 1 7 8 1 2111 
3681 3 2 0 0 7 4 4 3 2 1 8 8 2 1700 1708 
3682 3 2 0 1 6 4 4 3 2 4 7 8 2 2114 2113 
3683 3 2 0 1 7 4 4 3 2 4 8 8 2 2123 2112 
3684 3 2 2 0 6 4 4 3 5 3 8 8 2 2122 2121 
3685 3 2 2 0 8 4 4 3 5 3 8 8 2 2135 1717 
3686 3 2 2 3 6 4 4 3 5 4 8 8 2 2137 2136 
3687 3 2 2 3 8 4 4 3 5 4 8 8 2 2138 2130 
3688 3 3 0 0 6 4 4 8 3 3 8 8 2 1850 1131 
3689 3 3 0 0 8 4 4 8 3 3 8 8 2 1763 1772 
3690 3 3 0 3 6 4 4 8 3 4 7 8 2 2307 1851 
3691 3 3 0 3 7 4 4 8 3 4 8 8 2 1784 1765 
3692 3 3 3 0 6 4 4 8 5 3 7 8 2 2128 2386 
3693 3 3 3 0 7 4 4 8 5 3 8 8 2 1861 2129 
3694 3 3 3 3 6 4 4 8 5 4 7 8 2 2388 1857 
3695 3 3 3 3 7 4 4 8 5 4 8 8 2 1796 1158 
3696 4 2 0 0 6 4 8 3 3 3 7 8 2 2285 2318 
3697 4 2 0 0 7 4 8 3 3 3 8 8 2 1760 1709 
3698 4 2 0 3 6 4 8 3 3 4 7 8 2 1764 1710 
3699 4 2 0 3 7 4 8 3 3 4 8 8 2 1776 1774 
3700 4 2 3 0 6 4 8 3 5 3 7 8 2 2983 2333 
3701 4 2 3 0 7 4 8 3 5 3 8 8 2 2321 1791 
3702 4 2 3 3 6 4 8 3 5 4 8 8 2 1719 1713 
3703 4 2 3 3 8 4 8 3 5 4 8 8 2 1360 1786 
3704 4 3 0 0 6 4 8 8 3 2 7 8 2 1849 1761 
3705 4 3 0 0 7 4 8 8 3 2 8 8 2 1138 1129 
3706 4 3 0 2 6 4 8 8 3 4 8 8 2 1773 1139 
3707 4 3 0 2 8 4 8 8 3 4 8 8 2 1150 1142 
3708 4 3 3 0 6 4 8 8 5 2 7 8 2 1854 1855 
3709 4 3 3 0 7 4 8 8 5 2 8 8 2 1147 1793 
3710 4 3 3 2 6 4 8 8 5 4 7 8 2 2322 1451 
3711 4 3 3 2 7 4 8 8 5 4 8 8 2 1148 1393 
3712 3 2 0 4 0 0 4 3 2 5 1 4 1 527 
3713 3 2 0 4 1 0 4 3 2 5 6 4 2 455 444 
3714 3 2 0 5 0 0 4 3 2 8 2 4 2 458 587 
3715 3 2 0 5 2 0 4 3 2 8 6 4 2 456 851 
3716 3 2 2 4 0 0 4 3 5 6 2 4 2 1353 512 
3717 3 2 2 4 2 0 4 3 5 6 6 4 2 537 599 
3718 3 2 2 6 0 0 4 3 5 8 4 4 2 469 445 
3719 3 2 2 6 4 0 4 3 5 8 6 4 2 868 2132 
3720 3 3 0 4 0 0 4 8 2 7 2 4 2 528 898 
3721 3 3 0 4 2 0 4 8 2 7 6 4 2 893 895 
3722 3 3 0 7 0 0 4 8 2 8 4 4 2 900 896 
3723 3 3 0 7 4 0 4 8 2 8 6 4 2 853 859 
3724 3 3 2 4 0 0 4 8 5 6 3 4 2 899 534 
3725 3 3 2 4 3 0 4 8 5 6 6 4 2 1159 2131 
3726 3 3 2 6 0 0 4 8 5 8 4 4 2 538 908 
3727 3 3 2 6 4 0 4 8 5 8 6 4 2 1145 1162 
3728 4 2 0 4 0 0 8 3 3 7 2 4 1 1354 
3729 4 2 0 4 2 0 8 3 3 7 6 4 2 694 833 
3730 4 2 0 7 0 0 8 3 3 8 1 4 2 682 482 
3731 4 2 0 7 1 0 8 3 3 8 6 4 2 1356 1707 
3732 4 2 3 4 0 0 8 3 5 6 1 4 2 1723 621 
3733 4 2 3 4 1 0 8 3 5 6 6 4 2 615 514 
3734 4 2 3 6 0 0 8 3 5 8 2 4 2 622 1355 
3735 4 2 3 6 2 0 8 3 5 8 6 4 2 1726 702 
3736 4 3 0 4 0 0 8 8 2 6 3 4 2 531 894 
3737 4 3 0 4 3 0 8 8 2 6 6 4 2 1085 1444 
3738 4 3 0 6 0 0 8 8 2 8 2 4 2 1389 1390 
3739 4 3 0 6 2 0 8 8 2 8 6 4 2 723 1445 
3740 4 3 2 4 0 0 8 8 5 6 2 4 2 636 617 
3741 4 3 2 4 2 0 8 8 5 6 6 4 2 1094 1160 
3742 4 3 2 6 0 0 8 8 5 8 2 4 2 1097 1096 
3743 4 3 2 6 2 0 8 8 5 8 6 4 2 905 1453 
3744 3 2 0 4 0 4 4 3 3 6 3 8 1 2293 
3745 3 2 0 4 3 4 4 3 3 6 6 8 2 3618 1704 
3746 3 2 0 6 0 4 4 3 3 8 6 8 2 2297 3619 
3747 3 2 0 6 6 4 4 3 3 8 6 8 2 3621 2294 
3748 3 2 3 4 0 4 4 3 5 6 3 8 2 1721 348 
3749 3 2 3 4 3 4 4 3 5 6 6 8 2 3625 2984 
3750 3 2 3 6 0 4 4 3 5 8 4 8 2 1727 3620 
3751 3 2 3 6 4 4 4 3 5 8 6 8 2 3622 2327 
3752 3 3 0 4 0 4 4 8 3 6 2 8 2 339 344 
3753 3 3 0 4 2 4 4 8 3 6 6 8 2 1766 1777 
3754 3 3 0 6 0 4 4 8 3 8 1 8 2 612 696 
3755 3 3 0 6 1 4 4 8 3 8 6 8 2 2310 2298 
3756 3 3 3 4 0 4 4 8 5 6 2 8 2 878 1101 
3757 3 3 3 4 2 4 4 8 5 6 6 8 2 1809 2325 
3758 3 3 3 6 0 4 4 8 5 8 2 8 2 873 1098 
3759 3 3 3 6 2 4 4 8 5 8 6 8 2 1400 2334 
3760 4 2 0 4 0 4 8 3 3 7 1 8 2 832 334 
3761 4 2 0 4 1 4 8 3 3 7 6 8 2 335 1705 
3762 4 2 0 7 0 4 8 3 3 8 3 8 2 342 2295 
3763 4 2 0 7 3 4 8 3 3 8 6 8 2 346 2314 
3764 4 2 3 4 0 4 8 3 5 7 2 8 2 1104 1399 
3765 4 2 3 4 2 4 8 3 5 7 6 8 2 345 349 
3766 4 2 3 7 0 4 8 3 5 8 2 8 2 1105 1725 
3767 4 2 3 7 2 4 8 3 5 8 6 8 2 350 2986 
3768 4 3 0 4 0 4 8 8 2 7 3 8 2 340 1082 
3769 4 3 0 4 3 4 8 8 2 7 6 8 2 1388 1767 
3770 4 3 0 7 0 4 8 8 2 8 3 8 2 341 2313 
3771 4 3 0 7 3 4 8 8 2 8 6 8 2 1770 852 
3772 4 3 2 4 0 4 8 8 5 6 1 8 2 701 698 
3773 4 3 2 4 1 4 8 8 5 6 6 8 2 871 1788 
3774 4 3 2 6 0 4 8 8 5 8 2 8 2 1779 879 
3775 4 3 2 6 2 4 8 8 5 8 6 8 2 354 1798 
3776 3 2 0 4 6 0 4 3 2 6 6 4 1 585 
3777 3 2 0 4 6 0 4 3 2 6 8 4 2 592 586 
3778 3 2 0 6 6 0 4 3 2 8 6 4 2 2116 830 
3779 3 2 0 6 6 0 4 3 2 8 8 4 2 608 834 
3780 3 2 2 4 6 0 4 3 5 7 6 4 2 591 864 
3781 3 2 2 4 6 0 4 3 5 7 8 4 2 866 2125 
3782 3 2 2 7 6 0 4 3 5 8 7 4 2 596 880 
3783 3 2 2 7 7 0 4 3 5 8 8 4 2 600 616 
3784 3 3 0 4 6 0 4 8 3 6 6 4 2 1447 1133 
3785 3 3 0 4 6 0 4 8 3 6 8 4 2 1143 904 
3786 3 3 0 6 6 0 4 8 3 8 6 4 2 858 1144 
3787 3 3 0 6 6 0 4 8 3 8 8 4 2 1136 901 
3788 3 3 3 4 6 0 4 8 5 7 8 4 2 1449 874 
3789 3 3 3 4 8 0 4 8 5 7 8 4 2 903 725 
3790 3 3 3 7 6 0 4 8 5 8 7 4 2 875 876 
3791 3 3 3 7 7 0 4 8 5 8 8 4 2 618 727 
3792 4 2 0 4 6 0 8 3 2 6 6 4 1 857 
3793 4 2 0 4 6 0 8 3 2 6 8 4 2 1080 829 
3794 4 2 0 6 6 0 8 3 2 8 7 4 2 2296 1081 
3795 4 2 0 6 7 0 8 3 2 8 8 4 2 1348 1087 
3796 4 2 2 4 6 0 8 3 5 5 7 4 2 872 683 
3797 4 2 2 4 7 0 8 3 5 5 8 4 2 1093 595 
3798 4 2 2 5 6 0 8 3 5 8 7 4 2 1102 1103 
3799 4 2 2 5 7 0 8 3 5 8 8 4 2 1799 1357 
3800 4 3 0 4 6 0 8 8 3 6 7 4 2 1152 1443 
3801 4 3 0 4 7 0 8 8 3 6 8 4 2 611 1134 
3802 4 3 0 6 6 0 8 8 3 8 7 4 2 1440 1441 
3803 4 3 0 6 7 0 8 8 3 8 8 4 2 1155 1135 
3804 4 3 3 4 6 0 8 8 5 7 7 4 2 1452 1862 
3805 4 3 3 4 7 0 8 8 5 7 8 4 2 1161 1154 
3806 4 3 3 7 6 0 8 8 5 8 7 4 2 1454 1858 
3807 4 3 3 7 7 0 8 8 5 8 8 4 2 1450 1164 
3808 3 2 0 4 6 4 4 3 2 7 7 8 1 2115 
3809 3 2 0 4 7 4 4 3 2 7 8 8 2 2124 2117 
3810 3 2 0 7 6 4 4 3 2 8 7 8 2 2118 2299 
3811 3 2 0 7 7 4 4 3 2 8 8 8 2 2126 1769 
3812 3 2 2 4 6 4 4 3 5 7 7 8 2 353 2335 
3813 3 2 2 4 7 4 4 3 5 7 8 8 2 2139 865 
3814 3 2 2 7 6 4 4 3 5 8 8 8 2 2140 2141 
3815 3 2 2 7 8 4 4 3 5 8 8 8 2 2133 2127 
3816 3 3 0 4 6 4 4 8 2 6 6 8 2 1778 1438 
3817 3 3 0 4 6 4 4 8 2 6 8 8 2 1845 2385 
3818 3 3 0 6 6 4 4 8 2 8 7 8 2 1852 1846 
3819 3 3 0 6 7 4 4 8 2 8 8 8 2 2311 1853 
3820 3 3 2 4 6 4 4 8 5 6 8 8 2 352 1397 
3821 3 3 2 4 8 4 4 8 5 6 8 8 2 1448 1153 
3822 3 3 2 6 6 4 4 8 5 8 6 8 2 2387 2336 
3823 3 3 2 6 6 4 4 8 5 8 8 8 2 2326 1863 
3824 4 2 0 4 6 4 8 3 2 5 8 8 2 850 1387 
3825 4 2 0 4 8 4 8 3 2 5 8 8 2 1392 1711 
3826 4 2 0 5 6 4 8 3 2 8 6 8 2 856 2312 
3827 4 2 0 5 6 4 8 3 2 8 8 8 2 1706 1712 
3828 4 2 2 4 6 4 8 3 5 6 8 8 2 1722 1715 
3829 4 2 2 4 8 4 8 3 5 6 8 8 2 1724 1095 
3830 4 2 2 6 6 4 8 3 5 8 6 8 2 3626 1361 
3831 4 2 2 6 6 4 8 3 5 8 8 8 2 3623 1789 
3832 4 3 0 4 6 4 8 8 2 7 7 8 2 1780 1768 
3833 4 3 0 4 7 4 8 8 2 7 8 8 2 1086 1439 
3834 4 3 0 7 6 4 8 8 2 8 7 8 2 1781 2315 
3835 4 3 0 7 7 4 8 8 2 8 8 8 2 1146 1771 
3836 4 3 2 4 6 4 8 8 5 7 6 8 2 1787 1797 
3837 4 3 2 4 6 4 8 8 5 7 8 8 2 867 1398 
3838 4 3 2 7 6 4 8 8 5 8 7 8 2 2985 2337 
3839 4 3 2 7 7 4 8 8 5 8 8 8 2 2328 1163 
3840 3 2 5 0 0 0 4 3 7 3 1 4 1 515 
3841 3 2 5 0 1 0 4 3 7 3 6 4 2 518 473 
3842 3 2 5 3 0 0 4 3 7 4 1 4 2 485 521 
3843 3 2 5 3 1 0 4 3 7 4 6 4 2 539 413 
3844 3 2 7 0 0 0 4 3 8 2 2 4 2 475 478 
3845 3 2 7 0 2 0 4 3 8 2 6 4 2 627 1120 
3846 3 2 7 2 0 0 4 3 8 4 2 4 2 546 550 
3847 3 2 7 2 2 0 4 3 8 4 6 4 2 486 363 
3848 3 3 5 0 0 0 4 8 6 2 1 4 2 460 459 
3849 3 3 5 0 1 0 4 8 6 2 6 4 2 488 381 
3850 3 3 5 2 0 0 4 8 6 4 3 4 2 484 921 
3851 3 3 5 2 3 0 4 8 6 4 6 4 2 446 911 
3852 3 3 6 0 0 0 4 8 8 2 1 4 2 631 623 
3853 3 3 6 0 1 0 4 8 8 2 6 4 2 554 382 
3854 3 3 6 2 0 0 4 8 8 4 4 4 2 639 640 
3855 3 3 6 2 4 0 4 8 8 4 6 4 2 920 1432 
3856 4 2 5 0 0 0 8 3 6 3 1 4 1 1362 
3857 4 2 5 0 1 0 8 3 6 3 6 4 2 1742 703 
3858 4 2 5 3 0 0 8 3 6 4 1 4 2 1371 1735 
3859 4 2 5 3 1 0 8 3 6 4 6 4 2 1744 471 
3860 4 2 6 0 0 0 8 3 8 2 1 4 2 1369 1750 
3861 4 2 6 0 1 0 8 3 8 2 6 4 2 1746 3627 
3862 4 2 6 2 0 0 8 3 8 4 1 4 2 1748 524 
3863 4 2 6 2 1 0 8 3 8 4 6 4 2 1754 519 
3864 4 3 5 0 0 0 8 8 7 2 2 4 2 707 619 
3865 4 3 5 0 2 0 8 8 7 2 6 4 2 918 929 
3866 4 3 5 2 0 0 8 8 7 4 2 4 2 628 624 
3867 4 3 5 2 2 0 8 8 7 4 6 4 2 712 543 
3868 4 3 7 0 0 0 8 8 8 1 2 4 2 1425 2368 
3869 4 3 7 0 2 0 8 8 8 1 6 4 2 717 937 
3870 4 3 7 1 0 0 8 8 8 4 2 4 2 1831 632 
3871 4 3 7 1 2 0 8 8 8 4 6 4 2 2355 737 
3872 3 2 5 0 0 4 4 3 6 2 1 8 1 1730 
3873 3 2 5 0 1 4 4 3 6 2 6 8 2 2143 3629 
3874 3 2 5 2 0 4 4 3 6 4 2 8 2 1403 1806 
3875 3 2 5 2 2 4 4 3 6 4 6 8 2 2345 2144 
3876 3 2 6 0 0 4 4 3 8 2 4 8 2 3636 3637 
3877 3 2 6 0 4 4 4 3 8 2 6 8 2 2372 2153 
3878 3 2 6 2 0 4 4 3 8 4 2 8 2 1753 1421 
3879 3 2 6 2 2 4 4 3 8 4 6 8 2 2362 312 
3880 3 3 5 0 0 4 4 8 7 2 2 8 2 2339 1800 
3881 3 3 5 0 2 4 4 8 7 2 6 8 2 1803 2343 
3882 3 3 5 2 0 4 4 8 7 4 3 8 2 1121 2342 
3883 3 3 5 2 3 4 4 8 7 4 6 8 2 2359 1807 
3884 3 3 7 0 0 4 4 8 8 2 4 8 2 1426 2369 
3885 3 3 7 0 4 4 4 8 8 2 6 8 2 2357 1874 
3886 3 3 7 2 0 4 4 8 8 4 2 8 2 2371 1427 
3887 3 3 7 2 2 4 4 8 8 4 6 8 2 2374 2360 
3888 4 2 5 0 0 4 8 3 6 2 2 8 2 1743 1728 
3889 4 2 5 0 2 4 8 3 6 2 6 8 2 1404 1801 
3890 4 2 5 2 0 4 8 3 6 4 2 8 2 1107 1733 
3891 4 2 5 2 2 4 8 3 6 4 6 8 2 1731 1736 
3892 4 2 6 0 0 4 8 3 8 2 1 8 2 1367 1752 
3893 4 2 6 0 1 4 8 3 8 2 6 8 2 2340 2353 
3894 4 2 6 2 0 4 8 3 8 4 1 8 2 1747 1115 
3895 4 2 6 2 1 4 8 3 8 4 6 8 2 1817 2375 
3896 4 3 5 0 0 4 8 8 6 3 2 8 2 1401 1418 
3897 4 3 5 0 2 4 8 8 6 3 6 8 2 1816 1406 
3898 4 3 5 3 0 4 8 8 6 4 2 8 2 1114 1108 
3899 4 3 5 3 2 4 8 8 6 4 6 8 2 1408 2347 
3900 4 3 6 0 0 4 8 8 8 2 3 8 2 1416 2352 
3901 4 3 6 0 3 4 8 8 8 2 6 8 2 2356 2344 
3902 4 3 6 2 0 4 8 8 8 4 4 8 2 1822 2377 
3903 4 3 6 2 4 4 8 8 8 4 6 8 2 2346 1833 
3904 3 2 5 0 6 0 4 3 6 1 6 4 1 310 
3905 3 2 5 0 6 0 4 3 6 1 8 4 2 684 1368 
3906 3 2 5 1 6 0 4 3 6 4 6 4 2 470 356 
3907 3 2 5 1 6 0 4 3 6 4 8 4 2 542 601 
3908 3 2 6 0 6 0 4 3 8 2 6 4 2 318 2152 
3909 3 2 6 0 6 0 4 3 8 2 8 4 2 326 685 
3910 3 2 6 2 6 0 4 3 8 4 6 4 2 319 691 
3911 3 2 6 2 6 0 4 3 8 4 8 4 2 371 327 
3912 3 3 5 0 6 0 4 8 7 2 7 4 2 383 1165 
3913 3 3 5 0 7 0 4 8 7 2 8 4 2 387 919 
3914 3 3 5 2 6 0 4 8 7 4 7 4 2 1181 713 
3915 3 3 5 2 7 0 4 8 7 4 8 4 2 357 728 
3916 3 3 7 0 6 0 4 8 8 2 6 4 2 1466 1431 
3917 3 3 7 0 6 0 4 8 8 2 8 4 2 1123 2154 
3918 3 3 7 2 6 0 4 8 8 4 6 4 2 887 718 
3919 3 3 7 2 6 0 4 8 8 4 8 4 2 938 930 
3920 4 2 5 0 6 0 8 3 6 2 7 4 1 1106 
3921 4 2 5 0 7 0 8 3 6 2 8 4 2 1802 1370 
3922 4 2 5 2 6 0 8 3 6 4 7 4 2 1804 1808 
3923 4 2 5 2 7 0 8 3 6 4 8 4 2 516 604 
3924 4 2 6 0 6 0 8 3 8 3 7 4 2 311 2373 
3925 4 2 6 0 7 0 8 3 8 3 8 4 2 372 320 
3926 4 2 6 3 6 0 8 3 8 4 8 4 2 365 689 
3927 4 2 6 3 8 0 8 3 8 4 8 4 2 321 625 
3928 4 3 5 0 6 0 8 8 7 2 7 4 2 1460 1173 
3929 4 3 5 0 7 0 8 8 7 2 8 4 2 1455 733 
3930 4 3 5 2 6 0 8 8 7 4 7 4 2 388 385 
3931 4 3 5 2 7 0 8 8 7 4 8 4 2 1167 637 
3932 4 3 7 0 6 0 8 8 8 3 7 4 2 394 389 
3933 4 3 7 0 7 0 8 8 8 3 8 4 2 364 734 
3934 4 3 7 3 6 0 8 8 8 4 6 4 2 1184 1183 
3935 4 3 7 3 6 0 8 8 8 4 8 4 2 931 395 
3936 3 2 5 0 6 4 4 3 6 2 6 8 1 2142 
3937 3 2 5 0 6 4 4 3 6 2 8 8 2 3628 1805 
3938 3 2 5 2 6 4 4 3 6 4 8 8 2 358 1407 
3939 3 2 5 2 8 4 4 3 6 4 8 8 2 1372 1732 
3940 3 2 6 0 6 4 4 3 8 2 7 8 2 2370 2358 
3941 3 2 6 0 7 4 4 3 8 2 8 8 2 2149 1751 
3942 3 2 6 2 6 4 4 3 8 4 7 8 2 2361 2376 
3943 3 2 6 2 7 4 4 3 8 4 8 8 2 2155 373 
3944 3 3 5 0 6 4 4 8 6 3 7 8 2 384 1866 
3945 3 3 5 0 7 4 4 8 6 3 8 8 2 1419 1456 
3946 3 3 5 3 6 4 4 8 6 4 6 8 2 1409 1457 
3947 3 3 5 3 6 4 4 8 6 4 8 8 2 1168 1461 
3948 3 3 6 0 6 4 4 8 8 2 7 8 2 1870 1873 
3949 3 3 6 0 7 4 4 8 8 2 8 8 2 638 1417 
3950 3 3 6 2 6 4 4 8 8 4 7 8 2 390 2391 
3951 3 3 6 2 7 4 4 8 8 4 8 8 2 396 1176 
3952 4 2 5 0 6 4 8 3 6 3 7 8 2 2341 1729 
3953 4 2 5 0 7 4 8 3 6 3 8 8 2 1420 1405 
3954 4 2 5 3 6 4 8 3 6 4 7 8 2 1363 1734 
3955 4 2 5 3 7 4 8 3 6 4 8 8 2 1364 1116 
3956 4 2 6 0 6 4 8 3 8 3 7 8 2 1828 1830 
3957 4 2 6 0 7 4 8 3 8 3 8 8 2 688 605 
3958 4 2 6 3 6 4 8 3 8 4 8 8 2 1433 1382 
3959 4 2 6 3 8 4 8 3 8 4 8 8 2 1755 714 
3960 4 3 5 0 6 4 8 8 7 1 7 8 2 2354 1402 
3961 4 3 5 0 7 4 8 8 7 1 8 8 2 1174 1113 
3962 4 3 5 1 6 4 8 8 7 4 6 8 2 2348 2363 
3963 4 3 5 1 6 4 8 8 7 4 8 8 2 1175 1166 
3964 4 3 7 0 6 4 8 8 8 1 8 8 2 1869 545 
3965 4 3 7 0 8 4 8 8 8 1 8 8 2 1829 1467 
3966 4 3 7 1 6 4 8 8 8 4 6 8 2 2378 1875 
3967 4 3 7 1 6 4 8 8 8 4 8 8 2 1832 1182 
3968 3 2 5 4 0 0 4 3 7 6 1 4 1 476 
3969 3 2 5 4 1 0 4 3 7 6 6 4 2 474 2145 
3970 3 2 5 6 0 0 4 3 7 8 3 4 2 472 544 
3971 3 2 5 6 3 0 4 3 7 8 6 4 2 447 2148 
3972 3 2 7 4 0 0 4 3 8 7 1 4 2 548 479 
3973 3 2 7 4 1 0 4 3 8 7 6 4 2 547 2156 
3974 3 2 7 7 0 0 4 3 8 8 2 4 2 552 480 
3975 3 2 7 7 2 0 4 3 8 8 6 4 2 448 890 
3976 3 3 5 4 0 0 4 8 6 6 3 4 2 540 914 
3977 3 3 5 4 3 0 4 8 6 6 6 4 2 913 705 
3978 3 3 5 6 0 0 4 8 6 8 2 4 2 924 541 
3979 3 3 5 6 2 0 4 8 6 8 6 4 2 917 916 
3980 3 3 6 4 0 0 4 8 8 6 2 4 2 551 939 
3981 3 3 6 4 2 0 4 8 8 6 6 4 2 940 885 
3982 3 3 6 6 0 0 4 8 8 8 2 4 2 927 934 
3983 3 3 6 6 2 0 4 8 8 8 6 4 2 926 2157 
3984 4 2 5 4 0 0 8 3 6 6 1 4 1 708 
3985 4 2 5 4 1 0 8 3 6 6 6 4 2 517 882 
3986 4 2 5 6 0 0 8 3 6 8 2 4 2 1366 520 
3987 4 2 5 6 2 0 8 3 6 8 6 4 2 626 709 
3988 4 2 6 4 0 0 8 3 8 7 1 4 2 477 522 
3989 4 2 6 4 1 0 8 3 8 7 6 4 2 525 1125 
3990 4 2 6 7 0 0 8 3 8 8 1 4 2 633 1381 
3991 4 2 6 7 1 0 8 3 8 8 6 4 2 1838 523 
3992 4 3 5 4 0 0 8 8 7 5 4 4 2 922 932 
3993 4 3 5 4 4 0 8 8 7 5 6 4 2 1109 1122 
3994 4 3 5 5 0 0 8 8 7 8 5 4 2 936 732 
3995 4 3 5 5 5 0 8 8 7 8 6 4 2 1810 923 
3996 4 3 7 4 0 0 8 8 8 7 3 4 2 630 933 
3997 4 3 7 4 3 0 8 8 8 7 6 4 2 1463 1464 
3998 4 3 7 7 0 0 8 8 8 8 2 4 2 738 941 
3999 4 3 7 7 2 0 8 8 8 8 6 4 2 942 1465 
4000 3 2 5 4 0 4 4 3 6 6 1 8 1 704 
4001 3 2 5 4 1 4 4 3 6 6 6 8 2 3630 3631 
4002 3 2 5 6 0 4 4 3 6 8 3 8 2 1413 2338 
4003 3 2 5 6 3 4 4 3 6 8 6 8 2 3634 3633 
4004 3 2 6 4 0 4 4 3 8 6 1 8 2 692 719 
4005 3 2 6 4 1 4 4 3 8 6 6 8 2 313 3638 
4006 3 2 6 6 0 4 4 3 8 8 5 8 2 3639 2381 
4007 3 2 6 6 5 4 4 3 8 8 6 8 2 3640 2367 
4008 3 3 5 4 0 4 4 8 7 6 2 8 2 1823 2349 
4009 3 3 5 4 2 4 4 8 7 6 6 8 2 1818 1824 
4010 3 3 5 6 0 4 4 8 7 8 2 8 2 1813 1821 
4011 3 3 5 6 2 4 4 8 7 8 6 8 2 2987 2989 
4012 3 3 7 4 0 4 4 8 8 6 2 8 2 629 2364 
4013 3 3 7 4 2 4 4 8 8 6 6 8 2 1835 2150 
4014 3 3 7 6 0 4 4 8 8 8 3 8 2 1839 2366 
4015 3 3 7 6 3 4 4 8 8 8 6 8 2 2383 2990 
4016 4 2 5 4 0 4 8 3 6 6 1 8 2 1738 1111 
4017 4 2 5 4 1 4 8 3 6 6 6 8 2 1737 1412 
4018 4 2 5 6 0 4 8 3 6 8 2 8 2 1811 3632 
4019 4 2 5 6 2 4 8 3 6 8 6 8 2 1814 3635 
4020 4 2 6 4 0 4 8 3 8 6 1 8 2 1380 1749 
4021 4 2 6 4 1 4 8 3 8 6 6 8 2 1428 1756 
4022 4 2 6 6 0 4 8 3 8 8 3 8 2 1826 2365 
4023 4 2 6 6 3 4 8 3 8 8 6 8 2 3641 2991 
4024 4 3 5 4 0 4 8 8 7 6 2 8 2 884 1411 
4025 4 3 5 4 2 4 8 8 7 6 6 8 2 1819 1825 
4026 4 3 5 6 0 4 8 8 7 8 2 8 2 1414 2350 
4027 4 3 5 6 2 4 8 8 7 8 6 8 2 1827 369 
4028 4 3 7 4 0 4 8 8 8 6 2 8 2 1124 1834 
4029 4 3 7 4 2 4 8 8 8 6 6 8 2 2379 1435 
4030 4 3 7 6 0 4 8 8 8 8 1 8 2 1436 720 
4031 4 3 7 6 1 4 8 8 8 8 6 8 2 889 1840 
4032 3 2 5 4 6 0 4 3 6 7 6 4 1 1374 
4033 3 2 5 4 6 0 4 3 6 7 8 4 2 602 2146 
4034 3 2 5 7 6 0 4 3 6 8 8 4 2 710 687 
4035 3 2 5 7 8 0 4 3 6 8 8 4 2 711 603 
4036 3 2 6 4 6 0 4 3 8 6 7 4 2 888 2151 
4037 3 2 6 4 7 0 4 3 8 6 8 4 2 1126 1383 
4038 3 2 6 6 6 0 4 3 8 8 6 4 2 1757 1758 
4039 3 2 6 6 6 0 4 3 8 8 8 4 2 2158 549 
4040 3 3 5 4 6 0 4 8 6 6 7 4 2 925 730 
4041 3 3 5 4 7 0 4 8 6 6 8 4 2 915 731 
4042 3 3 5 6 6 0 4 8 6 8 6 4 2 928 706 
4043 3 3 5 6 6 0 4 8 6 8 8 4 2 883 729 
4044 3 3 6 4 6 0 4 8 8 7 6 4 2 935 1185 
4045 3 3 6 4 6 0 4 8 8 7 8 4 2 1468 555 
4046 3 3 6 7 6 0 4 8 8 8 6 4 2 1429 1469 
4047 3 3 6 7 6 0 4 8 8 8 8 4 2 1470 1187 
4048 4 2 5 4 6 0 8 3 6 6 6 4 1 1118 
4049 4 2 5 4 6 0 8 3 6 6 8 4 2 686 1410 
4050 4 2 5 6 6 0 8 3 6 8 6 4 2 1422 1812 
4051 4 2 5 6 6 0 8 3 6 8 8 4 2 1376 1112 
4052 4 2 6 4 6 0 8 3 8 7 7 4 2 2988 1117 
4053 4 2 6 4 7 0 8 3 8 7 8 4 2 715 322 
4054 4 2 6 7 6 0 8 3 8 8 6 4 2 1127 1430 
4055 4 2 6 7 6 0 8 3 8 8 8 4 2 1424 1119 
4056 4 3 5 4 6 0 8 8 7 7 7 4 2 886 912 
4057 4 3 5 4 7 0 8 8 7 7 8 4 2 1458 1177 
4058 4 3 5 7 6 0 8 8 7 8 6 4 2 1459 1815 
4059 4 3 5 7 6 0 8 8 7 8 8 4 2 1172 1179 
4060 4 3 7 4 6 0 8 8 8 5 8 4 2 366 735 
4061 4 3 7 4 8 0 8 8 8 5 8 4 2 1434 1877 
4062 4 3 7 5 6 0 8 8 8 8 7 4 2 1872 2390 
4063 4 3 7 5 7 0 8 8 8 8 8 4 2 2382 1186 
4064 3 2 5 4 6 4 4 3 6 6 7 8 1 1745 
4065 3 2 5 4 7 4 4 3 6 6 8 8 2 1739 1365 
4066 3 2 5 6 6 4 4 3 6 8 7 8 2 2147 316 
4067 3 2 5 6 7 4 4 3 6 8 8 8 2 1378 1740 
4068 3 2 6 4 6 4 4 3 8 6 7 8 2 328 360 
4069 3 2 6 4 7 4 4 3 8 6 8 8 2 368 3642 
4070 3 2 6 6 6 4 4 3 8 8 7 8 2 2351 374 
4071 3 2 6 6 7 4 4 3 8 8 8 8 2 716 2380 
4072 3 3 5 4 6 4 4 8 6 6 7 8 2 386 1867 
4073 3 3 5 4 7 4 4 8 6 6 8 8 2 359 1820 
4074 3 3 5 6 6 4 4 8 6 8 6 8 2 1178 1868 
4075 3 3 5 6 6 4 4 8 6 8 8 8 2 1415 1462 
4076 3 3 6 4 6 4 4 8 8 6 6 8 2 1871 391 
4077 3 3 6 4 6 4 4 8 8 6 8 8 2 1836 392 
4078 3 3 6 6 6 4 4 8 8 8 6 8 2 1878 2389 
4079 3 3 6 6 6 4 4 8 8 8 8 8 2 2392 736 
4080 4 2 5 4 6 4 8 3 6 6 7 8 2 1110 1373 
4081 4 2 5 4 7 4 8 3 6 6 8 8 2 314 1375 
4082 4 2 5 6 6 4 8 3 6 8 7 8 2 309 315 
4083 4 2 5 6 7 4 8 3 6 8 8 8 2 1741 1423 
4084 4 2 6 4 6 4 8 3 8 7 7 8 2 324 323 
4085 4 2 6 4 7 4 8 3 8 7 8 8 2 1377 690 
4086 4 2 6 7 6 4 8 3 8 8 7 8 2 325 317 
4087 4 2 6 7 7 4 8 3 8 8 8 8 2 1379 375 
4088 4 3 5 4 6 4 8 8 6 6 7 8 2 1169 881 
4089 4 3 5 4 7 4 8 8 6 6 8 8 2 1170 1171 
4090 4 3 5 6 6 4 8 8 6 8 6 8 2 361 355 
4091 4 3 5 6 6 4 8 8 6 8 8 8 2 362 1180 
4092 4 3 6 4 6 4 8 8 8 6 7 8 2 1837 367 
4093 4 3 6 4 7 4 8 8 8 6 8 8 2 1876 397 
4094 4 3 6 6 6 4 8 8 8 8 6 8 2 393 370 
4095 4 3 6 6 6 4 8 8 8 8 8 8 2 2384 398 
