128
128 0 0 0 0 0 0 2 2 5 4 5 5 117 0 235 1070 953 396 265 1057 1187 17 1304 135 253 46 252 279 120 1100 937 163 1176 985 369 280 167 1190 942 1074 971 1336 1102 1293 1288 1308 370 121 1059 44 50 1088 1087 161 4 1337 1191 270 1322 983 398 387 18 382 970 1205 30 1335 1177 1204 956 397 401 1219 266 148 938 1307 1101 238 153 147 381 136 383 1320 969 45 1289 1172 162 1318 264 149 941 1218 1055 957 32 984 31 1069 952 1171 3 1186 1054 36 356 1303 368 237 355 1294 284 1321 1203 1086 1073 354 2 119 251 21 134 4936 3999 3770 3756 3764 
129 2 0 0 0 0 0 2 2 5 4 5 5 117 4942 3750 4005 4851 4034 3915 4968 4103 3751 4118 4000 4104 3752 5041 3765 4702 4719 4819 3887 4120 4941 4937 3882 5085 4030 4820 5054 5053 5068 4151 3986 4805 3990 5040 3780 4131 4951 4970 3799 4014 3897 4834 4804 3985 4927 5039 3867 4029 4734 3911 4704 5044 4923 4016 3779 4687 3794 4705 4146 4691 4692 4020 3896 4720 5086 3869 4839 5073 3873 3781 5059 4956 4721 4853 4955 3916 5087 5058 4001 4809 4133 4706 3898 3783 4733 3883 4119 4810 4132 4028 4852 4824 4969 4735 4015 4105 3868 3910 3784 4147 3766 3798 4137 4838 4926 3767 3793 4938 5056 4148 4145 3899 4922 3913 3984 4821 5072 
130 0 0 0 0 0 5 2 2 5 4 5 8 117 1 118 372 1217 1334 1099 281 164 1104 1061 400 982 20 1056 967 1291 1202 1319 944 1085 1179 352 123 1084 122 353 1324 5 1201 1296 1089 150 6 973 968 1173 1090 1290 1072 47 1333 33 152 384 19 1174 1216 1207 1338 35 1193 250 939 282 236 1310 367 399 267 1103 1206 1071 954 1323 358 1060 240 48 133 1221 168 51 1178 151 371 1295 402 1305 255 943 1188 34 16 1192 1076 1220 285 972 385 239 1309 955 959 1292 283 940 1075 386 1189 958 357 166 1306 138 1175 254 137 987 49 165 268 986 269 1058 4808 5057 4106 
131 2 0 0 0 0 5 2 2 5 4 5 8 117 4854 4003 4032 5071 4004 3782 4940 4149 4135 3768 4971 4107 4018 4121 4837 3800 4136 4957 4122 4925 3797 4019 3902 4825 4954 3771 5043 4943 3900 4972 4855 3914 4826 3888 4708 4958 4035 4690 4703 4689 4152 4693 3801 5045 4928 4840 5060 5074 3917 4722 3785 4811 4017 3795 4033 5083 4737 3903 4966 4117 3870 3885 5070 4823 4736 3912 4939 4694 3871 4219 5046 3886 4102 5088 3755 4849 4929 3988 3769 4718 3754 4924 4031 4835 4953 4952 4134 4707 3901 4836 3872 3796 4717 4806 4841 5069 5061 4822 4732 5075 3989 5042 4850 4150 3884 4002 5089 4807 3987 4967 5084 3753 3918 4812 3786 5055 4125 
132 0 0 0 0 5 0 1 2 5 4 8 5 117 1312 361 130 1328 948 1342 1185 1195 12 1344 993 951 990 1068 375 246 360 286 38 389 1182 143 7 1227 1062 1181 41 947 1210 27 378 1339 1082 1064 1093 1317 1299 289 260 159 13 1077 1110 976 173 393 247 276 275 965 172 55 261 392 1079 1196 256 144 1313 1078 960 139 124 8 1222 271 1228 363 290 1063 974 241 158 56 994 171 1345 961 242 1298 257 54 1311 22 26 1223 125 1340 975 1106 154 979 1214 1105 1194 1327 129 374 946 373 1092 359 945 37 388 1209 1091 1326 989 1331 1302 40 1180 364 1111 288 1097 
133 1 0 0 0 5 0 2 2 5 4 8 5 117 1208 988 1325 4959 3788 4964 5048 3920 4847 4931 4974 5077 4696 3789 4729 4842 4695 5063 4975 3775 4724 3991 3757 4723 5078 4039 5082 4038 3924 3802 4814 4979 3761 4114 5067 3892 4021 4862 4006 4829 4944 4739 4961 3874 3774 4728 4109 3995 4946 4138 3921 4710 4157 4857 5091 4123 4738 4011 3790 3807 4024 4933 4743 3996 3878 3906 5050 4128 4142 4127 3879 4828 4711 4025 4113 5096 3907 4950 4960 4816 4858 3893 3803 4709 4827 3762 4040 4833 5092 3891 4815 5049 3776 4697 5076 4932 4843 4973 3905 4108 4155 4844 4010 4715 4856 4945 4698 4111 4023 5064 5090 4725 5093 4156 4976 4036 4701 
134 0 0 0 0 5 5 1 2 5 4 8 8 117 1211 132 1330 1108 376 403 141 1065 29 964 127 991 1297 1199 126 155 1341 273 1094 1107 1300 1224 1197 258 1347 249 244 9 23 53 170 962 24 1316 243 1081 52 977 1230 146 10 380 169 992 272 15 263 1109 1198 1225 1212 156 140 1314 1213 292 278 131 404 981 28 1083 160 287 1343 395 174 1346 248 966 1315 145 390 1229 14 379 42 43 1200 262 291 39 362 1067 277 980 366 394 1329 1332 175 1098 996 157 1066 365 1215 995 259 1113 1095 1112 377 949 57 963 58 1096 245 142 1183 1184 11 950 1301 274 1080 
135 1 0 0 0 5 5 2 2 5 4 8 8 118 978 128 25 1226 391 4713 3994 4009 4700 3923 4846 4935 4934 4699 4158 3806 5095 3922 3805 4863 4818 3908 4744 3909 4745 4817 4980 4848 4965 3777 4112 3760 4730 4727 4141 4126 4129 3787 4115 4041 3877 3894 4845 4831 3904 4978 4012 5097 4731 5094 4948 3997 5047 4714 4716 3880 4027 4124 3773 4139 3993 3791 4144 4130 4977 4110 3875 3890 4740 4947 4116 4860 4830 5051 5065 4007 4742 4930 4154 4832 3758 4143 4962 4026 4022 5081 4013 4712 4949 5066 3772 3998 4159 5080 4963 4153 4726 4859 4008 3759 5062 3895 3889 4861 3804 5052 3876 3778 4741 3881 3992 3763 4140 4037 5079 3792 4813 3919 
136 0 0 0 4 0 0 1 2 5 8 4 5 117 309 1131 1382 1148 443 410 60 190 220 1365 1265 1232 1248 1041 416 459 1247 1045 1364 1130 1013 326 1027 1393 178 224 412 1161 444 341 209 999 1351 1144 1044 1362 1245 1128 1117 327 1234 1157 293 295 411 340 1025 1233 196 191 195 312 106 454 430 88 181 1142 1261 222 439 1158 210 64 176 294 998 1115 322 1026 107 1378 1392 1377 93 1143 177 429 73 74 1116 1391 92 63 1002 1039 337 307 1379 205 78 425 59 180 223 308 1349 1011 424 1017 1012 1040 1350 1260 1129 1276 1031 1275 1246 1363 1274 1134 1368 1251 458 1162 105 
137 1 0 0 4 0 0 2 2 5 8 4 5 117 313 1397 4762 4766 3812 4884 4997 3840 5100 4789 3940 4189 3854 5114 3808 5025 4781 5024 4207 5133 4746 4161 5116 4072 4794 4160 3957 4790 4165 4748 3925 5011 4899 3825 4880 5016 4062 4194 5142 3943 5101 4908 4747 3972 3826 5010 5143 4175 4043 4776 4058 4077 4795 4206 4047 5127 4193 3827 4179 4909 3959 5129 4894 4091 3971 4866 3930 3973 4895 4867 4893 4208 3856 3929 4984 3944 5147 4882 4907 5102 4174 4777 4048 4881 5026 4999 4057 5012 3813 5030 4865 4775 4076 4998 3841 4042 5115 3855 4180 4761 4164 4060 5098 3838 3958 5128 3941 4983 4913 4089 3809 4763 4204 4190 4752 4090 4162 
138 0 0 0 4 0 5 1 2 5 8 4 8 117 1236 1028 206 1394 1014 61 456 76 1396 1281 1133 1277 426 212 298 310 300 1250 415 441 193 1042 338 997 1352 75 1264 1119 104 1047 323 1001 413 1118 1353 427 1262 198 440 1145 1029 324 329 1132 343 183 1159 311 1235 77 296 432 103 339 192 455 89 1383 1280 1149 1231 1395 1266 211 299 1249 417 66 226 207 1114 1046 90 221 1348 1000 62 179 460 342 197 328 182 431 1032 65 446 457 1164 225 315 445 1163 1016 314 109 1015 80 1278 1398 79 91 1380 1043 208 1366 108 414 1381 428 1030 1147 1160 1367 442 325 1263 
139 1 0 0 4 0 5 2 2 5 8 4 8 118 297 194 1146 4178 5029 3928 3843 4793 5028 4765 4075 4046 5146 4209 3857 4883 4897 5117 5145 4898 5118 5000 4779 4911 4767 4192 5001 4879 3956 4063 3946 3811 4191 3842 3814 4780 3824 4064 4782 3858 5099 4166 4796 5148 3942 3931 4049 4078 5131 3815 4181 4985 4868 3829 5113 4061 4167 4074 3970 5031 4797 4764 3960 4163 3927 4914 4195 3974 3828 4792 4982 4177 4092 4210 4750 4059 5132 4044 4176 5014 4912 4864 4093 3839 5130 4205 4751 4050 3932 4079 4981 4791 3926 3945 4182 4045 3961 4896 4986 5103 4087 4749 4778 4996 5144 5027 5015 3810 4869 4910 3853 3975 4196 5013 4073 3823 3955 4088 
140 0 0 0 4 4 0 1 2 5 8 8 5 117 1279 185 1384 81 1033 204 1270 96 406 68 1019 1267 350 464 113 214 230 233 112 229 101 1007 1051 1008 1284 463 1401 1354 1050 1036 421 321 1022 1167 213 346 1154 420 1388 453 1387 1037 1153 1021 1374 332 1242 331 110 448 436 303 302 407 116 1285 1402 1139 1237 1271 1166 1400 186 69 87 344 330 1369 1355 461 1120 304 1135 219 467 1252 462 227 82 336 317 215 1020 449 345 1238 111 1049 1168 1359 228 1373 83 1269 1035 1241 434 318 435 97 1003 199 1018 1386 98 70 200 187 1124 1257 419 447 1125 1256 1283 405 1152 
141 1 0 0 4 4 0 2 2 5 8 8 5 117 3817 3934 5006 3844 5034 4054 4771 3845 5017 4171 4184 4212 3962 3864 4183 4211 5134 4784 3860 4885 4875 3863 3859 4900 5003 3967 3831 3816 3830 5002 4199 4871 3953 4993 3836 4095 4917 4988 4217 5109 4067 4870 5110 4065 4198 3949 4890 3948 4799 5120 3832 4071 5105 4753 4082 4758 4170 3939 3977 5124 4918 4770 4053 5139 5022 4094 3947 5036 4919 3933 4080 4987 4801 4085 4904 4786 3850 5151 5153 4100 4785 4876 4066 3966 4992 3935 4213 5007 3981 5152 4800 4889 3818 4757 5119 4052 4903 4169 4772 3849 4197 4096 3822 3963 3976 5104 5018 3846 5021 4097 5135 4081 3847 5035 4188 3861 5138 
142 0 0 0 4 4 5 2 2 5 8 8 8 117 1004 95 409 100 1273 1170 301 1287 1239 1376 1150 1371 1244 1253 347 218 418 1282 1155 1136 1122 1038 201 1121 99 333 1399 452 1024 1390 1357 84 1137 1254 216 1356 335 1370 203 1389 450 334 451 1048 232 217 1010 1165 184 1361 438 1272 1053 433 94 1156 67 316 348 351 1286 234 1169 465 1243 1375 1005 408 320 1141 86 102 202 1127 114 1009 1259 437 1360 231 72 1268 1385 115 1023 1034 349 189 319 117 1151 1006 85 1126 468 1372 1258 306 1052 1138 71 188 1255 1140 305 1403 422 1240 1404 423 1123 1358 466 4756 4991 5108 4070 
143 2 0 0 4 4 5 2 2 5 8 8 8 118 4069 4920 4083 3965 5020 3834 4055 4172 3865 4874 3951 4888 3952 5005 4056 4773 3937 3938 5123 3968 5150 4994 3954 4891 3982 4759 3835 5019 5136 4086 5137 3862 5111 4173 3866 3837 5008 3851 4099 3820 4203 4783 3983 4098 3969 4186 4101 4877 4798 5037 4995 3848 4892 5140 4902 4906 5155 4168 5004 3980 4921 4218 5125 3833 5038 4215 4760 4788 4754 4803 5112 3950 4886 4201 5009 3964 4216 4068 4769 4051 4990 3978 4915 3852 3821 5121 5106 5107 4187 4802 4774 4905 5033 5023 5154 4878 4200 4787 4185 5122 4084 5032 3936 4214 4989 5149 4872 3979 4873 5141 4202 4916 3819 4755 4887 4768 5126 4901 
144 0 0 5 0 0 0 2 2 8 4 5 5 117 586 1526 718 1557 836 602 513 703 1571 852 516 1424 753 707 1439 1405 1774 1525 1789 1410 1684 1793 486 515 1801 747 621 1642 618 472 604 1523 504 824 500 630 734 736 1454 589 1657 1453 867 1670 720 499 853 854 825 487 866 1425 590 868 473 1572 1543 1787 603 1406 1775 1690 1764 721 1685 839 632 1806 1802 636 1643 1689 1524 1567 1552 1558 1658 735 1676 706 1671 1538 748 514 1779 1788 1672 1542 631 471 820 1656 749 1553 1435 1661 1420 719 1807 1760 1539 1647 835 519 1641 705 1529 1773 588 485 1452 617 1411 5287 5279 4249 5176 
145 2 0 5 0 0 0 2 2 8 4 5 5 117 4498 4268 5170 5293 5156 4221 5404 4587 5157 5171 5288 5509 5405 5523 5527 4589 5522 4570 4381 5185 4469 4353 5526 5410 5537 5396 5158 5162 4617 5392 4235 5420 5303 5274 5508 5189 5190 5438 5321 4352 5200 4575 5175 5391 5513 4385 4456 5536 4248 5306 4602 5317 4263 5204 4593 5434 4338 4622 5551 4471 4501 4365 4340 5424 5302 5419 4588 4382 5555 4488 4603 4616 4367 5273 5507 5275 5556 4484 5307 4483 5542 4371 4237 4618 4457 4380 4222 4236 5439 5322 4354 4499 4254 4264 4455 4366 4470 5541 5292 4497 4339 4250 4500 5203 5406 4592 5409 5289 4251 5390 4585 4571 4336 5172 4621 4574 5510 
146 0 0 5 0 0 5 1 2 8 4 5 8 117 1761 1408 1421 470 1456 1790 865 1673 1555 1759 1436 518 1574 503 501 827 620 1427 1554 750 1659 489 1455 850 1692 1451 1569 1687 821 752 616 1528 1545 856 1450 751 1568 822 851 1407 488 1646 1644 591 619 1776 733 1803 502 517 1686 633 1778 1804 1560 1540 1441 1437 1422 1792 469 1794 1809 837 474 826 1573 1426 738 1675 587 1413 855 1544 1691 704 1777 601 1645 1677 1559 484 1438 1662 1556 737 475 1808 606 592 1412 709 1791 823 605 841 1762 1530 870 1409 840 869 1440 722 1674 634 708 1688 1763 1527 1541 1805 1423 1570 838 1660 723 
147 1 0 5 0 0 5 2 2 8 4 5 8 117 635 5423 5437 5188 4473 5540 5554 4383 5408 5291 4620 5305 5525 5277 5320 4604 4619 5394 5160 4266 4384 4472 5205 4605 5511 4590 4269 5177 5557 5280 4355 4573 4220 5528 5178 5397 4234 5294 4459 5411 5206 5163 5308 5529 5174 4356 4386 5543 5425 4468 5514 5191 5161 4576 5395 5295 4586 4239 4351 5440 5412 4572 4486 5558 4369 5187 5552 4253 5435 4267 5309 4341 5318 4601 5422 5323 5407 5276 4337 5201 4224 4453 4368 4485 5421 5304 4458 4502 5192 5426 5512 4503 5538 4252 4454 4600 4238 5524 4487 5393 4223 5441 5159 5173 4577 4370 5290 5202 5539 4591 5319 5186 5278 4615 5436 5553 4265 
148 0 0 5 0 5 0 2 2 8 4 8 5 117 724 874 1429 877 1782 842 1694 1428 859 713 845 1563 1445 710 1770 1444 1784 496 1562 613 1681 871 1548 1442 1667 522 478 848 730 716 1434 1549 1812 1535 641 744 1653 1547 834 1799 1416 1813 524 1577 1566 1448 829 1430 481 1462 1580 476 1696 627 862 830 759 607 1561 1417 1665 1695 510 758 480 725 876 523 1533 843 712 1652 711 872 1443 637 1648 1534 595 1575 495 477 857 608 739 505 1783 858 1811 828 612 622 593 594 729 1769 1666 1797 1765 754 491 640 1680 1458 844 743 861 626 1798 509 1576 490 1461 1457 1415 4460 4376 
149 2 0 5 0 5 0 2 2 8 4 8 5 117 4240 5518 5544 4259 4579 4493 4225 5180 4389 4255 5181 4611 4390 4461 4241 4362 4504 4580 4226 4489 4272 5195 4594 5194 4479 5546 5545 5559 4343 5298 4508 4464 4372 5325 4607 5165 4244 5400 5415 4475 4273 4358 4347 4230 5208 4342 5401 5297 4625 5443 5316 5311 5324 5433 5550 5414 4606 5519 5561 4612 5427 4626 4474 5330 5447 5167 5213 4260 5402 5310 4377 4494 5532 5284 5209 5326 4274 4583 5560 5199 4598 4245 5182 5166 5429 5428 4357 5283 5299 4480 5416 5564 4465 4509 5184 4391 5533 5442 4348 5312 5313 4231 4360 5547 4477 5196 5444 5517 5430 4581 5531 5193 5327 4462 4595 5207 4578 
150 0 0 5 0 5 5 1 2 8 4 8 8 117 831 757 596 1655 494 493 1431 1459 610 1578 526 727 879 1654 1579 1460 1768 726 600 878 1663 1800 1537 492 1796 599 1546 1795 498 497 639 614 615 1531 1664 1786 832 1532 1564 1565 833 1447 875 1433 849 642 732 638 1432 731 1810 1550 717 1668 1669 1551 1446 715 1650 1679 1678 643 1683 1649 1767 1414 847 1581 746 756 864 755 483 1449 1464 760 745 1785 482 863 1682 1463 623 1651 479 624 521 1766 846 1771 511 628 506 512 1536 520 609 1780 1418 507 714 629 1697 625 598 740 1814 525 873 1772 1419 1693 728 508 597 1815 611 
151 1 0 5 0 5 5 2 2 8 4 8 8 118 1781 860 1698 741 742 5563 5315 5446 4374 5286 4375 5329 4229 4610 4624 4271 4346 5169 5168 5403 5432 4262 5285 4344 4379 4373 5314 4275 5328 4378 5521 5183 4261 4495 4496 4608 5530 5281 4613 4492 4506 5534 5300 4478 5282 5515 4227 5417 4614 4361 5516 5535 5331 5214 5418 5448 4584 4490 4393 4463 4628 4491 4476 4392 5212 4599 5413 5301 5445 5399 4505 5431 5398 4363 4243 5197 4481 4597 5198 5164 4482 4270 4511 4582 4510 4627 4364 4467 4359 4507 4388 4276 5296 4466 5565 5211 4387 4242 5549 5548 4246 4623 4247 4349 5179 5520 4256 4596 4350 4232 4228 4257 4258 5562 4345 4233 4609 5210 
152 0 0 5 4 0 0 2 2 8 8 4 5 117 793 676 796 1515 527 911 1862 647 646 1704 1821 1467 910 1719 1630 561 547 533 761 1496 1864 922 767 1747 781 1584 693 914 763 1836 1616 1510 650 1733 1586 1509 805 1628 811 1601 778 885 1746 576 1494 1485 1511 1481 1745 673 1850 664 908 1500 928 896 1468 1863 1849 923 1699 795 1600 571 1816 1629 1495 1703 1731 644 688 762 806 674 1615 1848 1466 678 909 1700 692 1817 645 528 659 791 927 790 557 542 556 1614 575 546 541 777 1831 1714 776 894 1718 560 529 881 880 1585 663 895 1732 1835 1599 780 1480 810 4324 4677 4408 
153 2 0 5 4 0 0 2 2 8 8 4 5 117 5348 4526 4291 5334 4296 4643 5452 5217 4277 4413 4292 4527 5335 4409 5583 4396 5568 4644 4560 4427 5480 4541 4542 4279 5245 5218 4423 4631 4659 4310 4395 4442 4545 4306 5363 5569 4658 4630 5244 5466 4556 4394 5597 5612 4438 5495 4673 4321 4649 4278 5378 5350 5231 5261 5367 4528 5453 4513 4532 4561 4414 5499 4678 4635 4297 4400 5259 4514 5465 5376 5599 5570 4663 5349 5336 5233 4555 5613 5598 5451 4323 5484 4512 5614 5382 4282 4325 5494 5467 4518 5481 4546 5482 5250 4645 5246 5584 4428 4311 5232 5219 4660 5260 4661 4672 4280 4646 5247 5364 5493 4294 4632 5377 4543 4558 4629 4675 
154 0 0 5 4 0 5 1 2 8 8 4 8 117 1819 1497 764 695 808 897 798 544 531 925 1482 1512 1470 530 662 661 1618 573 694 649 797 766 1469 779 549 572 545 913 882 1834 1716 1702 1705 1587 563 548 813 1734 783 1866 534 924 794 1820 651 1627 1861 562 1865 768 782 1715 1484 1598 915 1818 1483 1744 1597 1498 1832 807 532 812 1833 1837 689 883 1729 543 1838 884 690 1499 1706 1735 1583 675 1730 1720 1847 792 898 1846 900 929 559 899 1822 1612 679 665 930 1582 577 1851 1513 1602 1613 1823 1631 680 648 1617 1748 1588 558 666 1852 1603 578 660 1701 574 1514 765 1717 
155 1 0 5 4 0 5 2 2 8 8 4 8 118 1632 691 912 1749 809 926 677 1465 4676 4648 5479 5601 5249 4412 4559 4425 5263 5333 4441 5347 4295 5235 4399 4426 5248 5234 5572 4424 4662 5337 4308 5571 5221 4444 5469 5332 5220 5586 4443 5600 5362 4647 5381 4650 4530 5585 4307 4533 4563 5366 4531 5380 4562 5582 5483 4416 4326 4680 4415 4281 5581 5596 5611 5497 5468 4309 4679 4298 4299 4544 5365 4401 4664 4557 4410 4293 5215 4322 4665 5230 4312 5615 5566 4633 5498 4429 4327 5216 5454 4283 5567 4439 5616 4516 4634 4547 4313 5338 4674 5464 4430 4440 4284 4398 4517 5449 4548 5351 5379 5496 5262 4529 5450 4411 4515 5352 4397 5455 
156 0 0 5 4 4 0 2 2 8 8 8 5 117 565 1487 1604 1870 1741 887 1872 1830 1477 1592 1633 668 769 1505 1502 772 933 579 1591 934 802 1826 1713 580 1619 553 1520 1756 1589 1476 682 1638 1624 1750 1708 1738 670 538 816 687 698 904 1723 817 566 1755 903 656 683 1623 1595 655 891 1727 919 654 773 1506 669 1490 1605 537 697 1859 1516 787 815 1855 905 1620 1606 1824 1751 1721 1471 1709 1634 1867 1590 564 1491 1472 1840 918 1868 932 1722 785 584 1825 1486 1839 1873 1736 886 551 786 1610 681 1639 1737 701 1501 552 1854 801 1853 570 890 1844 1707 800 771 696 5592 4437 5339 
157 2 0 5 4 4 0 2 2 8 8 8 5 117 5344 4682 5617 5268 5385 5462 4431 5251 5368 5618 4301 5603 5602 5386 5340 5359 5227 4564 5500 4286 4523 5623 5579 4287 5242 5485 5475 4537 5354 5471 4451 4329 4519 5504 5223 4551 4446 4403 4433 4334 5237 4418 5608 5358 4328 5269 4288 4316 5588 5476 4636 5241 5593 5255 5353 5574 5457 4686 4641 5490 5373 4668 5470 4569 4314 4669 4552 5503 4640 5222 4445 5256 4420 4550 4536 4305 4432 4405 5236 4404 5372 4419 5270 4302 5575 5587 4667 4315 5341 5622 5607 4538 4447 4683 4654 5458 5573 4655 5387 4330 4565 5226 4331 5459 4320 4566 5501 4653 5456 5355 5604 5619 5605 5369 5489 4448 5264 
158 0 0 5 4 4 5 1 2 8 8 8 8 117 652 581 916 1869 799 1518 667 1827 1753 1712 1621 1739 1743 686 536 1636 699 1724 1858 1841 902 1473 775 901 1626 888 535 1635 569 1752 818 567 684 550 1508 1607 920 921 1856 657 1479 1758 1474 819 700 1522 568 1711 1517 1829 931 1594 1710 1726 1742 1757 685 540 1625 1596 1507 774 1637 784 1478 1728 1488 936 585 1828 1860 1875 893 1503 770 658 814 653 539 907 917 1493 804 582 702 1521 1622 1874 1842 1611 1489 935 1845 803 672 892 1492 1843 1640 889 1475 1608 906 788 1871 1857 789 671 554 1519 555 1593 1754 1609 1740 1725 583 
159 1 0 5 4 4 5 2 2 8 8 8 8 118 1504 5240 5474 4332 5488 4450 4290 5505 5460 4656 5225 5388 4289 5461 5371 5578 4539 4524 5463 4406 5606 5357 5228 5271 5243 5254 5591 4449 4684 5491 4567 4407 5624 5253 5609 5343 5374 4335 5229 4525 5621 5370 5477 4421 4642 5580 4666 4639 4657 4300 5360 5502 5610 5594 4402 4303 5345 4685 4638 4522 5492 4568 4553 4417 5257 4681 4452 5265 5389 5478 5577 5487 4436 5506 4422 4304 4540 5346 4285 4318 5361 5266 4671 5595 5224 5272 4535 5589 4637 4520 5375 4651 4521 5239 5473 4554 4670 4319 4317 5238 4435 5383 5472 4549 5258 4434 4534 5576 5356 4333 5486 4652 5590 5252 5342 5384 5620 5267 
160 0 2 0 0 0 0 2 8 4 4 4 5 117 3080 2244 2228 2813 3180 2256 1921 2139 1910 2027 1904 2843 1924 2933 3209 3213 2858 2008 2862 1923 2113 1878 2257 2243 1919 1892 1996 3183 1879 2817 2977 2247 3065 2270 3198 3169 3182 2948 2153 2021 3197 2230 3066 2934 3163 2272 2845 3178 2860 2844 2159 2038 2241 3081 2124 3095 3052 2144 2816 2229 1905 2929 2261 2130 1906 3051 1881 2859 2947 3094 1896 3193 2009 2013 2829 3046 2271 3076 2258 2023 2022 2961 2962 2041 2154 2126 2975 2140 2276 3164 3061 1891 2155 3047 2037 2112 2812 1877 2831 3179 2007 2111 2125 2830 3208 2976 1920 3168 3212 1995 1994 1890 3093 2946 2036 2242 5625 
161 2 2 0 0 0 0 2 8 4 4 4 5 117 5763 5748 6843 5640 5631 5880 5992 5626 5645 6581 5627 5674 6022 6562 5874 6801 5791 6811 6563 5744 6914 5785 6021 5772 6610 5786 6577 5655 6698 6680 6828 5908 6928 6008 6694 5654 5862 5758 5771 5876 6797 6947 6960 5997 6608 5777 5904 6913 5790 6844 6679 6712 6943 5641 5889 6932 5979 5757 6595 5669 5865 6946 5660 6918 6684 5890 6007 5863 6830 6726 6962 5980 6012 5907 5773 6567 5861 6796 6711 6816 5991 5894 6919 6815 6596 5875 6933 6566 6594 6727 5642 6609 6699 6713 6023 6582 6026 5759 5903 6829 5656 5993 6725 5888 5978 6841 6006 6961 5657 5673 6009 6812 6564 5877 5760 5668 6929 
162 0 2 0 0 0 5 2 8 4 4 4 8 117 2931 3082 2842 1893 2260 2012 2129 2944 3091 2827 3048 2819 3078 2847 2979 3062 2143 3049 2959 1997 3215 1894 2857 1907 1880 2232 3054 2227 3171 3185 3166 3194 2158 3210 3063 2026 3195 2231 3077 2156 3068 3165 2024 2930 2259 1998 2010 2273 2936 2039 2128 2127 1895 2960 2141 2110 1911 2828 2028 2011 3092 3097 2160 2818 2846 2945 2861 3200 3196 2043 3214 3170 3053 2145 3067 2262 2935 1926 1993 2042 3064 3211 2246 2115 3199 2275 3096 2277 2950 2814 1925 3181 1876 3184 2114 2974 2833 2245 2815 2832 1909 3050 2978 1922 2963 2964 3167 2157 2025 2949 1908 2040 2932 3079 2274 2142 5892 
163 2 2 0 0 0 5 2 8 4 4 4 8 117 6814 5775 5893 5762 6683 6831 5878 6948 6931 6025 5761 6800 6728 6580 6611 5879 5672 5746 5747 6697 5646 6917 6565 5906 5661 6714 6583 6845 6818 5658 5675 5909 5792 6842 6813 6934 6584 6963 6930 5778 6597 6568 6817 6685 6579 6846 5895 5793 6935 6920 5789 6010 6729 6011 6027 5995 5676 6700 6803 4688 6607 6569 5670 5644 6827 6592 5981 5774 6959 5659 5905 5630 5860 5910 6709 6944 6798 6915 6696 6695 6682 6598 6724 5671 6681 6686 5891 6826 6964 6799 5629 6715 5982 6832 6916 6945 6921 6710 5643 6024 5996 6958 6612 5977 5743 5994 6701 5745 6949 6804 6578 5864 5788 5787 5776 6593 5628 
164 0 2 0 0 4 0 1 8 4 4 8 5 117 3101 2834 3072 2967 2822 2236 2940 2942 2864 3189 2239 3202 2119 2851 2825 3086 3103 1901 2019 1887 1929 2033 3057 2951 2840 2820 2957 2116 2939 2004 2281 3174 2821 2047 2121 3075 2163 3058 3217 2136 3218 2985 3192 3100 2253 3222 2854 3089 2971 3207 3070 3187 3175 2162 2164 3186 1916 2046 3102 3203 2150 2267 1930 2848 3216 2984 1999 2868 2980 2835 2003 2938 2836 2953 1914 2238 2248 3098 1886 1900 2032 2952 2233 3071 2000 2117 2135 2018 3188 3099 2849 2031 1897 2252 3069 3085 2234 2014 2148 2937 2131 1915 1882 3083 2863 2853 2149 2266 3084 2970 2867 2966 3056 2280 2045 1928 3173 
165 1 2 0 0 4 0 2 8 4 4 8 5 117 2265 3201 2965 6805 5912 6013 6599 6600 6834 6017 6833 5899 6969 5998 5866 6704 5782 6571 6703 6614 6003 6952 5884 5983 5767 5650 5678 6613 6717 6965 5632 5796 6852 6718 6923 6848 5987 6951 5749 6618 6731 5636 5881 5753 6688 6032 6018 6821 5870 6687 6570 6735 6586 5900 5914 6936 6938 5797 6031 5783 5913 6601 5680 5871 6839 6722 6956 5885 6707 5649 6835 6716 6585 5664 6736 5795 6970 5754 6853 6689 6806 5637 6825 6847 5766 6702 5781 6924 5768 5679 6590 5988 6937 6950 6942 5665 5651 6572 6619 6573 6693 6819 6705 6730 6820 6927 6810 6690 6807 6014 6953 6030 5898 6576 6001 6836 6802 
166 0 2 0 0 4 5 2 8 4 4 8 8 117 3219 2278 2161 2954 3206 2279 2123 2866 3088 3204 2006 2987 2837 2030 1927 2968 3205 1913 1889 3191 2122 1903 3105 2983 2005 2029 2986 2268 1912 2255 2151 2943 2020 3074 2264 2240 2826 1917 2138 3055 1888 3104 2956 1883 1899 2263 2839 2254 3190 3073 2137 2250 2841 2865 2958 2132 2249 2049 2982 1918 2044 2120 2048 2981 1898 2282 2133 3087 2856 2152 2016 2251 2852 2824 2870 2973 2869 1902 2001 2855 2015 2035 2941 3090 3059 2269 2972 2969 1932 2235 2118 1931 2002 3220 3221 2283 1884 2838 2165 2146 3172 2850 2166 3176 2147 2955 2034 2017 1885 3060 2823 2237 3177 2134 6954 6809 6838 
167 2 2 0 0 4 5 2 8 4 4 8 8 118 6575 6922 6002 6000 6615 6808 5682 6603 6016 6574 5681 6925 5798 5633 5799 5794 6588 6720 5986 6033 6926 5916 5915 6840 5634 6691 6019 5896 6692 6605 5666 6028 5652 6971 5897 5999 6020 5677 6737 6606 5769 6723 6029 5635 5984 5985 6972 6940 6034 6957 6738 5752 5902 6708 6966 6941 6015 5750 5869 6823 6004 5751 5886 6589 6591 6824 6005 6854 6837 5764 5887 5867 6620 5647 5765 5882 6732 5883 5770 5901 6706 5989 5653 5638 5667 6617 5755 5662 5784 6855 5648 5868 6849 6851 6955 6721 5911 5780 5872 6822 6968 5990 6719 6621 6967 6734 5779 6604 6587 5639 5756 6850 5663 6939 6733 6616 5873 6602 
168 0 2 0 4 0 0 1 8 4 8 5 5 117 2871 3021 1966 2287 2307 2183 3138 2097 2066 1949 2084 3137 3005 2905 3020 2303 2887 3107 3109 2070 2215 2988 2914 3240 2318 3227 3268 3032 2214 3267 2201 2186 2173 2187 3255 2319 1933 2056 2069 2290 3149 1952 3256 2216 3226 3273 3023 3151 1967 3038 3122 3108 1939 3241 3155 2289 3254 2304 2915 3141 3269 1980 2050 2167 3033 1953 2331 2284 2900 1934 3034 3150 3018 2314 2055 2333 2051 2168 3121 2285 2901 2877 3135 2197 2172 1938 2904 2994 2873 2065 2300 2872 2332 2990 1981 2886 2299 3225 1948 2891 3004 1965 2182 2099 2919 2989 2083 2920 2885 2200 3019 2098 2082 3126 3003 3009 3136 
169 1 2 0 4 0 0 2 8 4 8 5 5 117 6988 6870 6987 5832 6670 6993 6740 5833 5949 6759 6753 6974 6035 6975 6037 6636 5815 6876 5698 6787 6741 6049 6068 6036 5932 5715 5800 6069 6050 6857 6885 5801 6064 6627 6768 6624 5804 6872 7018 5848 6642 5730 7003 6637 7022 6651 7007 6900 5731 6784 6623 6767 6871 6754 5729 5702 6783 6083 5918 6665 6079 5847 7017 6650 5964 5937 5922 6656 5717 7002 5820 6054 6901 6899 6742 5951 6669 5687 5917 7004 5688 6773 6782 6786 5683 5805 6652 6084 6976 6859 5703 5834 6755 6769 6890 6638 6989 5950 5965 6886 6858 6055 5923 5819 6041 5936 7016 5699 5933 5802 5716 6051 6887 5846 5816 5823 6052 
170 0 2 0 4 0 5 1 8 4 8 5 8 117 3224 2175 2306 3258 2198 3238 2330 2993 2907 3243 2888 2080 2169 3006 2335 2170 2052 2902 1979 2053 2286 1963 3037 2096 3110 1936 2315 2876 2212 2991 2874 3106 2875 1935 2095 2213 2916 3253 3111 3242 2292 2889 1978 2917 2890 3035 2185 2329 2058 1969 2992 3152 2316 3270 3223 1968 2086 3123 2320 3272 1940 3257 2174 2189 2302 2906 1964 2305 2218 2203 2081 3228 3239 2291 3024 2199 1955 2301 2057 3156 3229 3039 2072 2188 3022 1951 1954 3271 2184 2921 2892 2071 2067 2085 1950 2334 2100 1982 3154 3124 2171 3139 2054 2217 1937 1983 3125 3007 2202 3140 3008 2317 3153 2903 2288 2068 3036 
171 1 2 0 4 0 5 2 8 4 8 5 8 118 2918 6785 5921 6668 6654 6992 5733 6978 6082 6039 6903 5732 5850 7020 5701 5818 6977 6771 6991 6757 6758 5835 6889 5849 6067 5686 6672 5817 5822 6888 6904 5685 5700 5821 6671 5689 6085 6788 5966 7023 5934 7008 6874 6744 5690 6905 6053 6789 6772 6657 6066 5948 5938 6070 5831 5967 6743 6739 6774 5806 5704 5836 6891 6056 6042 5714 5919 5920 5953 6873 6080 6875 5935 5719 6640 5718 6902 5952 6667 6861 5939 6040 6856 6666 6655 5684 6071 7019 6906 5963 7005 5845 6625 6626 5807 5962 7006 5713 6653 6973 6860 6756 6770 5728 7021 6057 6641 5830 5803 5924 6639 6990 6038 6081 5947 6065 6058 6622 
172 0 2 0 4 5 0 1 8 4 8 8 5 117 2076 2090 2336 2060 1957 2339 2177 2101 2079 2061 3250 1961 2104 3115 2922 1987 2327 2324 2294 2210 2221 2181 2224 3015 1984 3144 2179 2323 3043 2341 2296 2190 2295 1990 2074 2191 3264 3132 2075 2093 3236 2313 2928 1941 2338 3146 1976 2882 2064 1947 2107 2924 2196 2192 3112 3042 2206 3244 3161 3029 1943 2204 3279 2897 3118 3232 2321 2923 3159 2911 2219 1958 1972 3027 2337 2178 2102 1942 3274 3259 1985 2895 2896 2089 1970 1956 3245 2106 3278 2205 3160 2087 2909 3010 2073 2322 1989 2999 2220 3014 3131 2878 3230 3028 3145 3260 1971 3113 3127 2995 2308 2088 3249 2910 3117 2881 3231 
173 1 2 0 4 5 0 2 8 4 8 8 5 117 2309 3000 2223 3263 5968 6749 7012 5955 6745 6086 6877 6060 5969 6661 6628 6866 5856 5973 6881 5824 6895 6045 6074 5691 6984 5838 5739 6998 5721 6632 5942 5735 6778 5707 6764 6777 6994 6980 5852 6059 6073 6643 5706 6863 6908 5837 6087 5810 6646 5974 5720 6760 6779 6909 5839 5927 6910 6793 6647 5926 6792 5693 6791 5814 5956 5722 6046 5941 5954 6674 6633 6765 6092 7025 5734 5711 6660 6676 5931 5945 6061 6999 5697 5705 5851 6662 6675 5843 6979 6894 6882 7011 7026 6896 5725 5828 5809 5940 7013 7027 6750 6867 6088 5737 6072 5808 5740 6089 6078 5857 6862 6982 5960 5854 5925 5692 5943 
174 0 2 0 4 5 5 2 8 4 8 8 8 117 3233 2207 3247 2193 2925 1944 3281 2226 1974 3234 2913 1959 1973 3252 2894 1992 3116 3017 2103 3134 3162 3277 2884 2225 2912 3251 1962 2092 1975 3016 2310 2893 3030 3262 3133 3276 3041 2298 2343 2340 2211 2326 2879 1988 2328 3275 2209 3266 2297 3040 2342 2063 1991 2908 2180 3148 3045 3265 3143 2997 2062 1986 2222 3001 2078 2899 1977 3142 2176 1960 2077 3237 3002 2094 2325 2998 2108 2109 3044 3031 2880 2091 3120 3246 3011 2883 2105 3025 3119 3026 3012 2059 3158 3235 3261 2927 3157 2312 2195 1946 3147 2926 2996 2194 2311 3114 3248 2898 1945 3128 3129 3013 2208 3130 2293 6648 6677 
175 2 2 0 4 5 5 2 8 4 8 8 8 118 6062 5696 5812 6678 5826 5724 5944 5958 6063 5929 6658 6659 6794 5930 5858 6865 5710 6795 5695 5841 5813 5827 6868 6869 6746 6986 6997 6747 5736 5855 5976 6781 5975 6077 6076 6664 5970 7024 6995 6629 7009 6635 6634 7010 6996 6044 6897 5712 5946 6985 7028 5738 6790 5959 6907 6644 6649 7000 5844 6645 6864 7029 7014 6766 6630 5853 7001 6748 6981 6631 6775 5829 6878 6048 6893 6047 6663 5741 6776 5726 6883 6892 5842 6043 6751 6093 6673 6983 5742 6761 6884 6911 6879 6090 5859 5961 6780 6091 6880 6075 5928 6763 5840 5825 5709 5957 5972 6762 5971 5811 6898 6912 5727 7015 5723 6752 5708 5694 
176 0 2 4 0 0 0 1 8 8 4 5 5 117 2393 3533 3443 3681 2506 2710 3516 3429 3550 3519 3549 3546 3636 2463 3676 2581 3400 3563 3299 3326 2625 3679 3530 3296 3432 2346 3518 3559 2622 3635 2699 2379 3330 3413 2596 2609 3633 3298 2624 2373 3310 3532 3447 2375 2628 3415 3649 2494 3522 2741 2465 3283 2480 3282 2597 2700 2347 2464 2728 3564 2511 2582 2745 2611 2479 2713 2507 2505 2595 3677 3404 2360 2492 2712 3401 3297 3399 3433 2387 2389 3639 3446 2695 2478 3560 2610 3316 3287 3311 3662 2714 2493 3414 2388 3442 3667 3517 3544 3427 3531 3419 2345 2726 3666 3545 3634 2727 3428 3329 3325 3648 2578 3647 3315 3653 2374 3536 
177 1 2 4 0 0 0 2 8 8 4 5 5 117 2623 2364 7299 6256 6242 6460 7412 6243 7036 6144 7300 6464 7426 7065 6246 7430 7064 7388 7177 7417 6373 6360 7060 7383 7031 7271 7295 7182 7385 7148 7195 7309 7266 6479 6110 6445 6139 6129 6096 6227 7163 7045 6213 6492 6359 7030 7285 7398 7281 6125 7050 6450 7416 7078 6214 7314 6138 6112 7035 6346 6332 6330 6140 6098 6372 7147 6215 6374 6097 7384 7294 7152 7079 6493 6465 7181 6345 6331 7267 7194 6228 7153 7167 6257 6111 6361 6229 7411 7196 7077 7282 7162 6255 6478 7431 7166 7399 6378 7400 7427 6343 6477 6328 6491 7313 7283 7049 6261 6449 7397 7192 7280 7403 6258 6124 6475 6211 
178 0 2 4 0 0 5 2 8 8 4 5 8 117 3407 2376 2462 3552 3416 3418 2742 3650 3313 2593 2361 2627 2580 2701 3521 3430 2344 3332 2362 3663 2476 3652 3303 2481 2697 3284 3638 3312 2467 2740 3403 2598 2466 3444 2744 2696 3664 3561 2348 3402 3535 2583 3547 3683 2579 2390 2461 2508 3637 3678 2349 3286 3520 3435 3551 2394 2608 2626 3331 3302 2363 2584 2477 3318 3682 3651 3449 2743 3417 3669 3534 3405 3448 3566 3434 3327 2510 3317 2392 2594 2359 2711 3565 3668 3420 2509 3288 2725 2599 2716 3654 2378 3537 2491 2377 2715 3431 2612 2729 3680 3300 3328 3562 2495 2496 3314 3301 3548 2391 3285 2698 2613 3665 2730 3445 6231 7269 
179 2 2 4 0 0 5 2 8 8 4 5 8 117 7063 7312 7180 7402 7298 6363 6348 6245 6244 7429 7386 7151 6347 7401 6362 6128 6230 6480 7034 7415 6241 6127 7197 7051 7037 7301 6448 6466 6095 7052 6494 7284 7165 7315 7080 7048 7302 7272 7081 7038 6358 7198 7168 6113 6100 6142 7418 7428 6376 6463 7316 6329 6344 7183 7066 6495 6462 7286 7389 6490 6451 6259 7432 7154 7193 7404 6114 7169 6476 7164 7046 6212 6126 7433 6094 7184 7179 6333 6217 6143 6377 7287 7150 7297 7387 7419 7062 7155 7076 7033 6260 6452 6446 7311 7310 7270 6099 6226 7149 7296 7075 6481 6334 6109 6141 7032 6375 6216 7047 7061 7178 7414 6447 7268 7413 6461 7405 
180 0 2 4 0 5 0 2 8 8 4 8 5 117 2736 2702 3671 3526 3540 2350 2482 3690 2355 2733 2619 2488 2602 2516 2591 3523 3659 2383 2398 3424 3452 3335 2634 2722 2370 3527 3320 2502 2585 3684 2708 3292 3450 2604 2750 3644 3673 2487 3567 3293 2399 2501 2356 3555 3422 3541 3423 3568 3573 3324 3556 2474 3439 3569 3525 3307 3321 2384 2517 2719 3672 2369 3685 2703 2351 2497 3409 2629 2512 2382 2586 2483 2470 3456 2751 3334 2365 3686 3437 2717 3410 2498 2746 3438 3291 2731 2718 3640 2732 3408 2704 3554 2469 2468 2620 2600 2587 2601 2615 3657 3306 2633 2397 3451 2737 3305 3333 2605 3643 2614 3339 3658 7157 7205 6383 6251 6265 
181 2 2 4 0 5 0 2 8 8 4 8 5 117 7059 7086 6473 7308 6106 6454 6218 7440 7392 7275 6459 6341 6482 6262 6379 7055 7421 6468 6220 6130 6219 6483 7422 6102 6467 7406 7289 7407 6238 7290 6364 6233 6455 7304 7172 7185 6384 6232 6501 6484 7435 7171 6121 7068 7200 6247 6149 6350 7083 7186 6147 7393 7394 7069 6497 6336 7434 6116 7053 7323 6120 7041 7317 7067 6335 6134 6237 7408 6101 7159 6502 7190 7199 6486 7319 6369 6349 6148 6266 6487 7291 7042 7082 7318 7423 7305 6496 6105 6355 7276 7084 6368 6135 7170 6115 7277 7073 6354 6469 6453 7040 7436 6252 7201 6103 7158 7054 6337 6131 6380 6224 7176 6234 6365 6263 6104 7087 
182 0 2 4 0 5 5 1 8 8 4 8 8 117 2631 3304 2616 3661 2353 3641 2381 2490 2500 2514 3336 3453 2747 2396 2724 3337 2499 2617 3441 3528 2636 2366 2707 2386 3319 3309 3289 3539 3290 3421 2590 3538 3323 3294 2588 2400 3687 3656 2358 3655 2705 3557 3295 3558 3553 3670 3322 3570 2484 2385 2748 3440 2734 2513 2395 2367 2471 2380 2630 3646 2720 2352 2485 3406 2489 2592 3436 2635 3524 2723 3308 2621 2357 2372 3543 2519 2475 3642 2473 2739 3455 2753 3338 2401 2371 2709 2518 2738 3674 3454 3675 3542 2504 2752 2503 2607 3529 3425 2606 3412 2618 3411 3660 3426 2589 2354 2632 3688 2706 2368 3645 3571 3572 2515 2735 2721 2486 
183 1 2 4 0 5 5 2 8 8 4 8 8 118 2472 2749 2603 3689 6339 7058 6250 6458 6119 6353 7085 6500 7188 7071 6457 6367 7322 6267 6222 7203 6485 7057 6133 7321 6108 6382 7395 7307 6150 6107 6385 6151 7206 6370 6236 7306 7156 6132 6471 6474 6253 6371 7174 6381 6342 6136 7189 6122 7420 6254 6239 7191 7292 7043 7425 6488 6503 7439 6356 7088 6268 6123 7175 7074 6264 7160 7409 7279 6137 6223 7204 6366 7396 7390 6146 6249 6340 7320 7293 7187 7070 7173 6117 7039 6472 6489 6456 6221 6504 7303 7438 7424 6235 6498 6248 6351 7274 7072 7288 7089 6499 7410 6145 6352 7278 6225 7391 7161 6357 6118 7273 6470 7044 7056 7437 7202 6240 6338 
184 0 2 4 4 0 0 2 8 8 8 4 5 117 2638 2754 2553 2554 3706 3592 2408 2405 2537 2671 2797 3341 2801 2420 2417 2667 2520 3461 3358 2550 2419 2536 2788 3476 3390 2756 2567 2653 3695 3488 3578 3503 3738 2534 3371 3724 3722 3620 2770 2521 2685 3344 3579 2436 2568 3621 2680 3605 3710 2684 2760 3343 3696 3709 3372 3357 3708 2637 3462 2450 2802 3593 2651 2431 3490 2787 3739 2639 2418 3624 3359 3607 2798 2446 3457 2422 3489 2535 2563 3723 3606 3385 2451 2782 2432 2437 3373 3475 3574 3691 2652 2525 3507 2783 3386 3384 2642 3340 2665 2666 2769 2774 2549 3737 2403 2404 2657 2540 3502 2670 3474 2548 2402 2755 3591 2768 6303 
185 2 2 4 4 0 0 2 8 8 8 4 5 117 6172 6181 6289 6510 7133 6407 6298 6416 7326 6182 6196 7110 6299 6417 7441 7458 7356 6534 7369 7134 6535 6533 7224 6520 6270 7473 7487 6153 7092 7324 6525 6271 6171 6154 7486 6431 6284 6418 7125 7355 6167 6402 6152 6387 6313 7252 7121 6388 6548 7240 7091 6505 7341 7119 7370 6269 6392 7239 7105 7139 7472 6201 6185 7209 7357 6422 6166 6430 6435 7491 7211 7445 6552 7328 6436 7460 6158 7253 7093 6318 6386 7225 7343 7120 6317 6553 7106 6186 6288 6401 6539 7135 7257 7374 7474 7459 7342 6506 6275 6521 6403 7210 6300 7251 6519 7327 6404 6197 6183 6522 7238 7442 7368 6285 6507 6547 6200 
186 0 2 4 4 0 5 1 8 8 8 4 8 117 3387 2784 2757 3590 3721 3361 3575 3504 3473 3736 2654 2551 2771 2668 3741 2522 2673 3506 3346 3345 2800 2681 3692 2433 2524 2556 2448 2759 2565 2641 2790 2424 3459 3581 3458 3356 3355 3370 2785 3619 2687 2564 3623 3693 2656 2682 2453 2447 2799 3478 3576 2434 3589 3594 2539 3698 2758 2640 3472 2407 3487 3505 2409 3740 2672 2555 3604 2789 3463 2423 2570 2804 3580 2655 2439 3342 2452 3622 2686 2772 3697 3726 3707 3595 2538 2569 2803 2438 2406 2669 3725 2643 2526 3712 3477 2541 2552 2421 2523 2773 2658 2775 3360 3374 2566 3375 2786 3388 3608 3460 3711 3609 3491 3389 3492 3694 2683 
187 1 2 4 4 0 5 2 8 8 8 4 8 118 3577 2435 2449 6538 6434 7109 6551 6421 7359 6316 7358 7108 7124 6390 7227 7242 7123 6420 7241 7226 6273 6156 6290 7475 6202 6537 6173 6408 6199 6291 6393 7476 6302 6203 6405 7372 7140 6174 6170 6184 7137 7444 7462 6319 7443 7354 6198 6287 6523 6423 7344 7255 7090 7373 6159 7471 6437 6540 6554 7256 7461 7213 6320 6276 7340 6304 6187 7138 7237 7222 6433 7325 7371 7122 6274 7212 6389 6550 7329 7095 7254 7330 6438 7490 7456 6508 6315 6419 6155 6157 7208 6509 6391 6272 6406 7094 7457 7207 7489 6549 6314 6168 7488 7446 6536 7223 7107 7339 6432 6524 6305 6301 7136 6555 6286 7447 6169 6188 
188 0 2 4 4 4 0 2 8 8 8 8 5 117 3732 3495 2455 2647 3629 3470 2412 3626 3704 3587 3381 3376 3392 3730 3483 3746 3702 3599 3498 3729 3479 2427 2778 3353 2811 2793 3701 3481 3598 2690 2573 2544 3466 2529 3583 2662 2779 2807 2677 3596 2531 3349 3719 2545 2765 2454 2428 2648 2794 3484 2414 2560 3347 3747 3615 2543 2577 3630 2413 3362 2780 2805 2571 2456 3377 2689 3480 3610 2441 3367 2763 3508 2445 3616 3348 3464 3742 3611 2806 3597 2460 3513 3512 2694 3465 3700 3499 3625 2559 2661 2764 2676 2530 2646 3728 3699 2562 3715 3714 3391 2792 3396 2688 3582 3494 3366 3713 3733 3493 2558 2572 3727 2426 3395 2675 6176 6293 
189 2 2 4 4 4 0 2 8 8 8 8 5 117 6411 7262 6322 7144 7115 7360 7496 7483 6195 6312 6440 6529 6412 7375 6559 7263 7448 7096 7361 7258 6515 7497 7449 7097 6530 6294 7111 7492 7215 6543 6279 7450 6398 7482 6321 6426 7464 7478 7214 7467 7244 6191 6557 6511 6326 7346 6425 7229 6308 7477 7332 6189 7463 6162 6442 7143 7234 6528 6427 7233 7130 6178 6306 6397 7351 6295 7379 6558 6281 6413 7247 7365 7468 6209 7337 6516 7380 7243 6190 7129 7248 7102 7350 7333 7454 6164 7116 6205 6163 6204 7216 6177 7345 6441 6544 6323 7128 6280 7362 6277 7376 7220 7228 6324 6541 6409 7101 6307 7259 7098 6206 7331 6160 7217 6424 7348 6396 
190 0 2 4 4 4 5 1 8 8 8 8 8 117 2659 2796 3612 3496 2691 2527 2444 2574 3584 3716 3467 2777 2533 3743 2808 2425 3703 2762 2561 2410 3509 2440 2644 3749 3601 2692 3350 2546 2547 2416 3379 2645 3586 3613 2810 2442 2809 2650 2761 2663 3510 3364 2411 3515 3378 2767 3603 2457 2430 2679 2693 2776 3363 3718 3471 3514 2674 3705 2795 3588 2443 3486 3280 3748 3354 2766 3744 2528 3632 3369 2576 3383 2429 3602 2678 3618 3720 3585 3398 3485 3600 3368 3627 3501 2575 3382 2649 2660 3617 3631 2542 3397 3482 3352 3500 3469 3628 3735 3734 2458 2791 2557 3393 2781 3731 2532 2415 3351 3468 3365 2459 3497 3745 3717 3511 3394 3614 
191 1 2 4 4 4 5 2 8 8 8 8 8 118 2664 3380 7100 7452 7114 6297 7481 7218 7246 7364 7335 6561 7261 7495 6208 6514 6207 7146 7466 7131 6278 6399 6560 7145 7264 6327 7377 7484 7265 7366 6556 7381 7485 6310 6542 6193 7249 6165 6414 7367 7336 7235 7382 7349 7352 6439 7117 7260 7132 7469 6194 6161 6175 6517 6210 7378 7250 7113 7219 7338 7103 6410 7455 7236 7232 7127 6428 6546 7221 6443 7498 7353 6532 7118 6179 6311 6395 7494 7334 7470 6415 7245 6296 6429 6518 7141 6309 7465 6325 7230 7453 7347 6400 6527 6192 7104 6512 7099 6545 6282 6526 7451 6531 6180 6513 6394 7493 6283 7142 7363 7480 7126 6444 7231 7479 7112 6292 7499 
192 2 0 0 0 0 0 4 2 4 5 5 5 117 7500 7736 8576 7898 7635 7544 8688 7664 7778 7518 7652 7649 8483 8485 8602 7620 7750 8808 8823 8468 7648 8586 7738 7549 7867 7661 7755 7634 7784 8487 7535 7765 7895 7769 7872 7663 8600 7517 7504 8837 7897 8719 8587 8470 8717 8690 7883 7855 7638 7881 8559 7780 7516 8573 8484 7521 7764 7901 7868 7751 7666 7621 8676 8456 8705 8601 8442 7502 8835 7529 7646 7853 8793 7886 8455 8572 8675 7619 8792 8577 7737 8689 8460 7545 7779 7531 7633 8469 8454 8437 7749 7548 8807 8671 7662 7896 8718 8788 8818 7503 7530 8822 7647 8441 7632 7854 8803 8558 8836 8554 7882 8703 8571 7515 8704 11251 11266 
193 4 0 0 0 0 0 8 2 4 5 5 5 117 12206 11250 11265 12233 12571 11486 12202 11252 11383 12553 11487 11616 11604 12436 12422 12469 12319 12568 12337 12557 11298 11631 12309 11618 11514 12220 12454 11280 11397 11529 12305 12539 11411 11382 11499 11646 11603 11415 11294 12426 12191 12323 12586 12188 12543 12440 12207 11532 11256 12235 11630 12453 11513 11500 12304 11270 11617 11605 11533 11402 12468 11396 11267 12441 11279 11369 12336 12538 12587 11384 11650 11505 12324 12338 12234 11632 12192 12351 12421 12470 11528 11488 11398 11490 11647 12352 12558 11373 11410 11299 12544 11281 11645 11416 11501 12427 11622 12187 12455 11515 11285 12221 12572 11293 11519 12541 11502 11636 12219 11619 11413 11648 11370 11253 11388 11399 12585 
194 2 0 0 0 0 5 4 2 4 5 5 8 117 7501 8806 8795 7884 8825 7651 7623 7618 7900 8805 7766 8439 7546 7869 7781 7752 7520 8810 8706 7532 7665 8794 7551 8687 8824 8834 8482 7653 7622 7852 7650 8692 7735 8804 8673 8716 8438 8674 8791 7519 7550 8599 8569 7785 8833 8838 7871 8809 8672 7783 7899 7536 8561 8440 8604 8555 8686 8557 8452 8453 8585 7770 8486 7870 8839 8570 7740 7668 8560 8821 8790 8603 8575 7506 8819 8443 8584 7739 8678 7667 8467 8789 8458 8444 8677 7782 7505 7547 7902 8556 7887 7856 7857 8721 8457 7885 8574 8588 8589 8720 7637 7636 7754 8702 7753 8701 7533 8691 8471 8820 8472 7534 7767 7768 12218 11634 12308 
195 4 0 0 0 0 5 8 2 4 5 5 8 117 12588 12334 11503 11518 11504 12335 11387 11386 12573 11401 11620 12439 12217 12556 12569 12208 12320 11368 11284 11602 11531 11621 11297 12322 11534 12574 11271 11414 12425 12451 12209 12437 12190 12321 11535 12540 12306 12570 12559 11635 12438 12452 11283 12456 12222 11651 11403 12583 11412 12442 12560 11489 12310 11649 12584 11417 12353 11300 11606 11652 11371 12542 11607 12545 11418 12428 12443 12193 12466 12354 12311 12325 12339 11286 11520 11301 11295 12554 11372 12349 11400 12204 11637 12236 12189 12232 12589 11254 12467 12429 11530 11268 12471 12205 11485 12546 12326 11385 12194 12457 12340 11269 11516 12307 11296 11633 11255 12423 12223 12237 12350 12598 12203 12555 12424 11517 11282 
196 2 0 0 0 5 0 3 2 4 5 8 5 117 8459 8679 8828 7656 8447 8682 8802 7861 8473 8693 7553 8725 8843 8814 8811 8713 8462 8831 7744 8846 8565 8479 8579 8476 8610 7905 8578 7773 7658 7892 8817 7761 7878 8450 7541 8813 8680 8685 7864 8707 8461 7775 8446 7526 8797 8727 7624 8596 8681 8842 8562 7906 7555 7787 7789 8564 8699 7644 8567 8493 7741 7671 8582 7672 8465 7512 7629 8840 7628 8695 7639 8474 7511 8694 8827 7873 7522 8445 8605 7554 7858 8492 8708 7788 7746 7890 8798 7774 7625 7756 7760 7877 7742 8812 8590 8826 7657 8712 8841 8609 7859 8595 7891 8563 7540 8606 7863 8722 8591 7539 8723 7507 8488 8478 7670 8796 7643 
197 3 0 0 0 5 0 8 2 4 5 8 5 117 12472 12594 11524 12590 11537 11392 11612 11641 12473 11627 12239 12576 11391 12356 11495 12548 12575 12342 12238 12459 11374 11509 11407 12243 12226 12355 11275 12329 11257 11304 11420 11609 11274 11491 11506 12314 12360 11654 12225 11623 11378 12477 11523 12341 11656 11538 11496 11261 11525 11262 12581 12478 11628 12431 11379 12195 11305 12197 12343 11640 11276 11393 12446 12312 11290 12460 12327 12458 12595 12562 11539 12450 11613 12347 12577 12361 11289 12201 12332 12328 11408 11642 12563 12549 12210 11510 11608 11303 12318 11406 12211 12561 11421 12444 11655 12313 11422 12445 12224 12212 12315 12552 12567 12230 12344 12196 12330 12564 12244 12435 12430 12578 12215 11322 12464 12461 12591 
198 2 0 0 0 5 5 3 2 4 5 8 8 117 7641 8697 8489 8593 8698 8710 7642 7660 7528 7786 7627 8799 7640 8696 8490 8475 8714 7669 7875 8491 8726 7645 8715 7894 8612 7745 8847 7880 7874 8481 8832 8724 7748 7879 8480 8611 7747 8816 8494 7524 7866 8728 8830 7523 7865 8495 8815 8451 7542 8709 8477 7763 8800 7508 7762 7626 8463 8464 7631 7893 7757 8581 8597 8598 7758 8583 8729 7777 8592 7513 8580 8700 8568 8608 7743 7876 7903 7889 7659 7510 7630 8466 7514 8684 7771 7552 7537 7904 7776 7556 8845 7673 7527 8683 8801 7543 7772 7538 7860 8449 7907 7509 7888 7654 8566 7790 8711 7862 7791 7557 8607 7525 8829 7908 7674 7655 8844 
199 3 0 0 0 5 5 8 2 4 5 8 8 118 8594 8448 7759 12434 11377 11292 11405 12317 12200 12228 12242 12462 11658 12214 11307 12199 11277 12316 12345 12566 12359 12433 11527 12463 11306 11404 11291 12213 11512 12357 11498 11657 12582 12480 12449 12448 12551 11419 11376 11409 12479 11629 12565 11497 12550 11511 11375 11259 12597 12596 11653 11302 11380 12348 11258 12547 12362 11611 11263 12363 11381 11424 11264 11423 12346 12333 12229 11287 11273 11494 11272 11288 11643 12474 11614 11278 11638 11536 11507 11615 11639 11395 11540 11610 11526 12240 11522 11521 12331 11492 12580 11626 12579 11389 11541 11394 11624 12245 12216 11493 11390 12231 11644 12465 11260 12475 12592 12246 11625 12358 12476 12198 12241 12432 12447 12227 12593 11508 
200 2 0 0 5 0 0 3 2 4 8 4 5 117 7797 8762 7691 8499 8659 8776 7694 8765 8878 8616 8891 7840 8619 7678 8656 8865 7914 8761 7578 8498 8539 7929 7958 8530 8661 7724 7944 7812 7707 7708 7957 8851 8629 8778 8779 8893 8879 8773 7591 7841 8544 8883 7909 8529 8746 7709 7695 8892 8657 8512 8545 8540 7606 7910 8642 8866 8730 8496 7811 7839 7792 7564 8877 7559 8774 7943 7939 7723 7956 8644 7705 8643 7826 8647 7592 8525 7793 8731 8759 8526 8732 8750 8760 8633 7722 8613 7605 8516 7822 8850 7573 7925 7928 7807 7676 8745 7563 8615 8497 7915 7675 7577 8864 7690 7681 7590 8736 7924 8628 8662 8511 8502 8510 8868 8614 8897 8627 
201 3 0 0 5 0 0 8 2 4 8 4 5 117 8849 7558 7798 7680 11589 12612 12365 11340 12618 12628 12248 12267 12249 11692 11557 11323 12366 12495 11440 12378 11548 12530 12261 11674 11678 12412 12379 11354 11542 12496 12393 11574 12276 11660 12600 11543 12277 12392 11590 12384 12501 12510 12526 11707 11659 12599 12632 11341 12643 11575 11561 12525 12408 12252 12262 11472 12275 12483 12627 11691 11444 12642 11309 12367 11426 12647 12281 11313 11547 12290 12294 11327 12511 11459 11708 11328 12601 12484 12515 11445 11342 12614 11458 12263 11562 11576 12524 11356 12613 12629 12394 11430 12497 12409 11355 11706 12407 12380 11679 11473 11693 12398 11471 11312 12482 12295 12641 11324 11558 11545 11664 12411 11441 11662 11457 11308 11425 
202 2 0 0 5 0 5 3 2 4 8 4 8 117 7574 8618 7721 8735 7677 7931 8527 7926 7795 7588 7561 8515 7823 7808 7838 8733 8896 8532 7604 7960 8764 8501 8781 7955 8853 8645 7725 7941 8894 7706 7589 8880 7809 7794 7683 7824 7912 7940 7954 7917 7942 8775 7580 8882 8500 8542 7603 8513 7825 8747 7560 7810 8630 7911 8848 7837 8541 8734 8658 7710 7594 7720 8766 8664 8617 8852 7575 7930 8531 8780 8863 7711 7608 7692 8649 8528 7566 7800 8634 8751 8749 7682 7843 8517 8632 7916 8881 7579 8546 8648 8663 7565 7799 7607 7945 8898 7696 7959 7679 7813 7697 8777 7796 7814 7562 7827 8646 7693 8543 8763 8867 7593 8748 7842 8514 7576 7927 
203 3 0 0 5 0 5 8 2 4 8 4 8 118 8660 8895 7913 8631 11311 12528 11592 12368 11560 11591 12602 11577 12603 12645 12616 11677 12369 11694 12279 12617 11475 12266 12500 11429 11447 12499 11344 12414 11326 12265 12413 11446 11546 11663 11667 11474 11549 12293 11325 12529 11329 11666 11431 11314 12633 11443 12247 11563 12648 11680 11559 12364 11442 12250 12282 12485 12516 12399 12296 11427 12527 11460 11709 11587 12291 11704 12396 12644 11432 12646 12531 11676 11338 12631 12280 11357 12513 11315 11455 11690 12383 12397 11456 11573 11358 11343 11339 12615 12514 11544 11564 12264 12486 11681 11661 12251 12382 11705 11461 11572 12630 12395 11588 12278 11428 11689 12381 12410 11675 11470 12512 12292 12498 11353 11310 12481 12297 11695 
204 2 0 0 5 4 0 3 2 4 8 8 5 117 8752 8504 8899 7689 7848 8520 7829 7611 8873 7949 8857 7729 7698 7612 8637 8742 7731 8784 7835 7948 8534 8651 8549 7686 8756 8859 7938 7963 8624 8903 8860 7699 8547 7803 7568 7816 8625 8888 7920 8507 8785 7714 8768 7844 7718 7615 7586 7921 8887 8653 8536 7821 8506 7817 7932 8521 7726 7804 8535 7567 8874 8770 8854 7815 7830 7582 7845 7952 7581 7732 7614 8902 8639 8548 8652 8754 7704 8666 7700 8869 8522 8620 7597 7609 7849 8787 8755 8670 8741 8553 8855 7727 7919 8783 7966 8769 8638 7583 8737 8503 7610 7713 8901 7572 7712 7596 7947 7934 7962 7831 8884 7946 7595 7685 7933 7601 7802 
205 3 0 0 5 4 0 8 2 4 8 8 5 117 7961 12389 12636 11433 12285 11579 11317 11710 11711 12624 11580 11581 11336 11345 12623 12299 11482 11481 11346 11570 11439 12488 11463 11684 12374 11316 12268 11682 11360 11698 12533 12385 12487 11716 11462 12519 12253 11669 12507 11331 11683 11585 12605 12418 11435 11550 11697 12619 11673 11594 11477 12271 11567 11359 12370 12502 12652 11332 12301 11449 11350 12638 11453 12416 12258 11347 11434 12404 12375 11715 12520 12272 12492 11552 11551 11448 11468 12286 12287 12521 12402 11330 12506 12609 11464 11688 12417 11318 11556 11365 11565 11476 12604 11696 12300 12535 12651 12534 12491 12390 12403 11593 11598 12649 11362 11670 11702 12283 12489 12637 12634 11364 11566 11596 11599 11665 12257 
206 2 0 0 5 4 5 4 2 4 8 8 8 117 8667 8550 8862 8738 8885 7964 7828 7717 7688 7846 8636 8519 7569 8665 8767 7832 8621 8509 8758 7935 8871 8889 8538 8772 7728 7617 8856 7806 7834 7923 8870 8786 7600 7715 8654 7584 8518 8635 8905 7805 7598 8537 7701 7818 7851 8744 8622 8876 8533 7937 7734 7951 8739 8771 8641 8753 8505 8524 8900 7918 8782 7836 7687 8655 7684 7968 8861 7847 7965 7616 7719 7801 8626 7922 8743 7587 8890 7730 7733 7936 7950 7953 8650 8875 8508 7850 7613 7967 8858 8886 8904 8757 7833 7820 7571 7599 7602 7819 8872 7585 7703 7570 7702 8552 8551 8623 8668 8523 8669 8640 7716 8740 12388 11451 12256 11335 11452 
207 4 0 0 5 4 5 8 2 4 8 8 8 118 11334 12622 11466 11349 12273 12420 12490 12419 12536 12537 11671 12505 11437 11597 12373 11337 11438 11569 11483 11363 11700 11571 11717 12608 11583 12625 12508 11586 11686 12518 11554 12509 11454 11351 12610 12259 12635 12376 11480 12650 11320 12626 12284 11714 11469 11703 12493 12653 11484 11600 11366 11718 11584 12302 11333 12371 12503 12377 12532 11450 11568 11687 11367 12522 12639 11478 12405 12372 12387 12274 11348 11555 11436 11595 12620 12391 11685 12289 12401 11668 11672 11467 12611 12288 11465 12260 11352 12254 11553 11699 12255 12270 12607 12400 12269 12386 11361 11701 11713 12298 11582 11321 12606 12621 11319 11479 12494 12504 12406 12415 12303 11712 12640 12654 11601 11578 12523 12517 
208 2 0 4 0 0 0 3 2 8 4 4 5 117 9261 8004 9044 8101 9029 8131 8013 8247 8001 8910 9027 8104 8204 9184 8370 9055 8218 9301 9289 8335 9174 8926 8235 8366 9141 9057 8906 9188 7972 8352 8236 9274 8939 8000 8130 9026 9142 9040 8952 7986 8353 8911 8014 9072 8339 8954 8324 8118 8088 8090 9058 7989 8325 8221 8089 8207 9169 9258 8222 8953 9264 8940 8119 9189 9071 8117 8105 9291 8132 7998 9292 8248 9302 9175 9024 9147 9287 7985 8203 9306 8907 9157 9185 9052 8925 8103 9143 8015 9038 8320 8920 9067 9170 8249 9053 8935 9039 9025 8921 9273 8136 9156 9161 8206 9278 8337 9272 9260 8019 7971 7970 8234 8338 8253 8351 9259 9155 
209 3 0 4 0 0 0 8 2 8 4 4 5 117 8220 7999 12655 13009 12003 13022 11973 12905 11739 11983 11954 11955 12896 12670 13028 12661 13023 12906 13010 12656 11733 12085 12704 12788 11721 12778 12102 11850 12787 12822 12070 12892 13037 12104 12920 11837 12074 11998 12685 12802 11720 12103 11748 11763 11880 11870 12821 11851 13024 12117 12773 13056 13051 11988 11982 11734 12817 11997 12934 11969 12090 11956 12118 12919 12690 12807 11881 11764 12939 13036 11856 12792 13041 11722 11885 11866 12675 11865 11867 12777 11839 12703 12791 11735 12075 13013 12674 12924 11768 11838 12907 11852 11879 11749 11762 12660 12772 12116 12891 13008 12938 11984 11999 11753 12925 11985 12086 12702 12806 13042 12671 13055 11996 12689 11750 12789 12089 
210 2 0 4 0 0 5 4 2 8 4 4 8 117 8956 9041 8922 8923 8936 9054 8908 9275 9263 8913 9288 8121 7969 8326 8365 9172 9074 9160 8927 9069 9146 7987 9177 8951 8086 8322 9158 8091 9028 9171 7974 8950 9145 8250 7988 9060 8116 8321 8087 8016 9068 9144 9186 8018 8120 8350 9308 8003 8942 9303 9262 9304 8106 8133 9294 8233 8367 8937 9191 8092 9073 8912 8252 9045 7984 8355 8102 9276 8924 8219 9176 9030 9059 8955 9307 9043 8336 9042 9190 9293 8941 8002 8205 8017 7973 8209 8251 8341 8354 8224 8323 9056 8909 9162 8938 9290 9159 9277 9279 8369 8208 9305 8237 8368 9187 8340 8223 8134 9070 8238 9173 8135 11987 12688 11884 11986 12002 
211 4 0 4 0 0 5 8 2 8 4 4 8 117 12909 13026 11972 12923 12805 12001 11766 11883 13040 12776 13012 11971 13054 12105 11752 12820 12705 12894 12823 12937 12911 12673 12659 12897 13029 12662 12940 12824 12676 12073 11871 13014 12672 12808 12793 11751 12912 12076 11854 11886 12779 11968 12663 12677 12087 12910 12926 12941 12091 11769 11767 11957 11754 11953 13057 13043 12101 12657 12935 12775 13025 12077 12818 12809 11958 12691 11882 12794 12790 12700 12088 11765 11738 12072 13052 12119 13027 12687 11836 12000 11855 12908 11723 12774 12804 12803 11868 11841 12780 11840 12893 12686 12927 11737 12921 11970 13053 12895 13038 12701 11736 12071 12922 12115 12819 12936 11724 12120 13039 13058 11869 11853 12658 11719 12100 13011 12706 
212 2 0 4 0 4 0 3 2 8 4 8 5 117 8141 8113 9151 9266 9198 8124 8109 8358 9163 8241 8948 8944 9062 8255 8112 9034 9180 8259 8245 8244 8916 8333 8347 8928 9165 8959 8099 9166 9268 8361 9194 8230 7994 9077 9296 8329 9311 8010 9284 8375 9033 9269 9064 8009 8095 9181 9167 8225 9076 8945 8943 9309 9310 9297 9035 9192 9298 8127 8929 8210 9152 8258 8142 8934 9150 7995 8344 8093 8915 9063 8211 8371 9049 8229 8122 7990 8020 8376 8226 8212 8930 8362 9179 8094 8107 8327 8137 8024 8123 9283 8216 8328 8108 8239 8342 8963 8343 7981 8240 9282 9048 9081 8917 8254 8357 9265 8025 8356 7976 8958 8005 9315 8957 7980 9075 7975 9193 
213 3 0 4 0 4 0 8 2 8 4 8 5 117 11842 12811 11861 12801 13031 12126 12111 11889 13060 11843 12943 11726 12009 13046 12109 12665 13047 12678 13032 12900 12098 12127 12680 12684 12693 12008 12901 12826 12915 12692 12942 11862 11979 12679 12122 11757 13017 12093 12930 12810 11857 12782 12948 12902 12914 12831 12004 12694 11960 12080 11725 11744 11974 11991 11771 11874 11740 12708 12108 12797 12933 12712 11876 12078 12094 12121 11890 12929 11730 12092 11993 12795 12711 11848 11965 12784 12112 11758 13048 11773 13033 12698 11759 12916 12667 11745 13019 11978 12825 11959 12944 11847 13065 12796 12812 13018 11772 11992 12827 12783 12084 13061 12666 12709 13062 13059 11964 12707 12710 11887 12079 12107 12816 11875 11844 12828 13015 
214 2 0 4 0 4 5 3 2 8 4 8 8 117 8138 7977 8115 8006 9197 8144 9281 8098 8332 8960 9037 9148 9078 8364 8914 9312 8330 8021 9270 9047 9154 9300 9168 9079 9195 8129 7992 8213 8261 8359 9183 8947 8349 7978 8946 9031 8373 8372 9066 9149 9182 8232 9061 8096 7997 8931 8242 7991 8022 9032 9046 9286 9036 8345 8125 8227 8110 8139 9196 9295 8962 8378 9280 8114 8143 9299 9271 8128 8949 7982 9164 9080 8246 8256 8026 8260 8334 9178 8348 8961 9065 8231 7983 8012 7996 8023 8363 8374 8100 9267 8257 9314 8377 8007 8964 8008 8919 9051 8140 8011 7993 8217 9153 8918 9313 8215 8360 9050 7979 8932 9285 8214 8111 8346 8126 8331 8097 
215 3 0 4 0 4 5 8 2 8 4 8 8 118 8228 8243 8933 12096 12696 12830 11860 12829 11977 12903 12799 11963 12668 11846 12099 11743 12699 13063 12128 12010 12669 11980 13045 12097 11729 12917 12664 12713 12800 11770 12007 11731 11760 12928 13034 13064 11966 12082 12913 13016 12125 12129 12011 12113 12781 12682 12946 11849 11746 13021 11994 11863 12714 11981 12683 11741 12904 12798 11888 11877 11975 11990 11892 13050 12918 11873 12899 12814 13035 11961 12695 11775 12083 11967 12931 11859 11891 11755 12786 12005 12081 11727 12095 12006 11962 11976 11774 11756 13049 12947 12932 11858 11845 13020 12681 11747 12114 11995 12697 12785 11761 11732 11728 12123 12110 11872 12813 12124 11989 11878 11742 13030 12815 12945 12106 13044 12898 11864 
216 2 0 4 4 0 0 3 2 8 8 5 5 117 8410 8027 9338 8399 8176 8267 8059 8305 8382 8030 8179 8293 9249 8265 9015 8147 8427 9010 9349 8076 9114 9362 9231 8193 9348 9232 9115 8310 8996 8983 8395 8296 9009 8047 8422 9245 8044 9246 8994 9335 8145 8161 8062 8385 8262 9364 8995 8407 8033 9127 9218 8413 9132 8150 9204 8282 8173 9230 9000 9087 9113 8982 8165 9100 9101 9011 9321 8056 9216 9334 8968 8290 9339 8028 8306 8071 8309 8278 8178 8075 9082 8188 9333 8423 9363 8408 9128 9099 8174 8379 8192 8393 8042 8263 9316 8295 9199 8057 8029 9203 8291 8146 8394 8043 8967 8159 8160 8276 8264 8412 9217 8277 8061 9086 8381 8380 9320 
217 3 0 4 4 0 0 8 2 8 8 5 5 117 8981 11908 12745 11912 12967 12849 12028 12952 12966 11909 11791 13066 12060 13083 12130 12835 11894 13070 12144 12042 12159 11777 12717 11795 11941 12177 11806 11781 12027 11923 13084 11893 12145 12834 12949 12041 12173 12731 12056 12759 12760 12158 12014 12744 12850 12716 13112 11776 12863 11809 11824 12968 11927 11940 11913 12957 11898 12953 12150 12995 11942 12878 12718 12018 12735 13097 12980 12012 12029 13116 12061 12999 12994 13099 12981 12982 11825 12172 12993 12836 12032 12043 12865 12730 12055 13098 13085 12882 12178 12876 11810 12160 11928 12758 12864 13071 12131 12013 12146 12746 12750 11796 12135 11782 12747 12147 13111 12164 12132 11779 12764 11823 11899 12161 12047 12877 12044 
218 2 0 4 4 0 5 3 2 8 8 5 8 117 9129 8997 8396 8425 8402 8384 8162 8280 8045 9084 8970 9215 8980 9323 8279 9012 9214 8307 8073 9361 8383 8149 8401 8969 9083 8400 8181 8190 8046 8268 8032 8397 8064 8298 9332 8180 9244 8072 8049 9098 9202 9219 8148 9234 8189 9117 9351 9220 8031 8063 9116 8297 8294 9331 8048 8424 8409 8415 9322 8078 8191 9097 8195 8428 8308 8998 9347 8175 8999 9350 8429 9201 8414 8281 9346 8077 8194 8283 8034 8151 9200 8074 8311 9317 8166 8312 9318 9205 9337 9206 9013 9102 8292 9247 9088 9103 9014 9233 8965 8058 8060 9336 8177 9085 9130 9131 9365 9319 9229 8984 8985 8966 8411 8164 9366 9248 8398 
219 3 0 4 4 0 5 8 2 8 8 5 8 118 8163 8266 9112 8426 12046 13101 11794 12862 12149 12176 12852 11826 12984 12163 11778 12148 12059 12983 13100 11808 12763 12851 11911 11807 11943 12749 12880 12748 11944 11895 12881 12964 12866 12848 13086 11797 11926 12733 11924 12970 12867 12847 12997 13087 11811 13081 12031 11914 12950 13096 12062 11925 11798 12174 12057 13072 12734 12998 13082 13067 12033 11821 12838 12951 12063 12832 12179 13114 12979 11929 11783 12837 13115 12165 11915 11780 11901 11792 11812 12719 12162 12045 13068 12765 11822 12016 12954 12833 12965 11900 12955 11938 12180 12048 11793 11784 12761 12133 12720 11897 12969 13113 13069 12015 11910 12996 12879 11939 11827 12715 12134 12017 12058 12175 11896 12030 12732 12762 
220 2 0 4 4 5 0 4 2 8 8 8 5 117 8990 8313 8066 9109 8976 8300 8085 8389 8286 8152 9089 9251 9327 9354 8168 9237 9003 9212 9004 8316 8315 8418 9104 9123 8039 8977 9091 8404 9021 9227 8272 8198 8202 8986 8432 8081 9326 8170 9223 8271 8185 9137 9124 8156 8971 8183 9006 8390 9372 9371 9344 8419 8405 8287 8187 8273 8991 8302 8301 9367 9090 9105 8155 8319 8169 9240 9357 8196 8388 9095 9325 9208 8184 8070 8079 9016 9340 9118 9250 8972 8403 8431 8053 8154 9106 9133 9358 9020 9119 9329 9221 9138 8080 8436 9222 8038 9255 8052 9002 9353 8417 9236 9001 8051 9235 9324 9108 9207 9241 8037 9254 9352 8197 8314 8430 12140 12985 
221 4 0 4 4 5 0 8 2 8 8 8 5 117 11950 13102 12065 11917 11832 11813 13093 11814 12868 11930 12986 13103 12036 11815 11918 12869 11931 12182 12019 11903 12962 13079 13074 11787 12975 13108 13090 11904 12736 11922 12051 13089 12721 13000 12883 13117 12722 12038 13073 11799 12153 11946 12768 11833 13122 12971 13092 12136 11916 12854 11829 12155 12976 12769 12840 12169 12037 12858 12755 12741 11936 11805 12024 12873 11905 11932 11800 12067 13107 12888 13088 11786 11801 12168 12184 13005 12887 13075 11819 12956 12770 12859 12872 11945 12170 12958 13121 12841 11790 12052 11788 12753 12141 12183 11947 12066 12990 12023 12754 12845 12842 13104 13004 12726 12987 12154 11830 12839 12853 12727 12870 12020 12740 11828 11948 12724 12988 
222 2 0 4 4 5 5 4 2 8 8 8 8 117 8269 8158 9111 9134 8433 8199 8386 9355 8167 9120 8304 8082 9226 8973 8284 8434 9018 8084 9224 9238 9107 8201 8988 9341 8420 8275 8068 9121 9209 8035 8157 9211 9228 8182 8979 9369 8067 8289 8974 8036 8987 9092 8069 9374 8274 8421 9328 8083 9017 9126 8285 9343 9368 8299 8200 9008 9110 8303 8435 9023 8050 9213 8392 8978 8387 9096 9253 8288 9345 9135 9360 8318 9373 9136 9125 8270 8993 9007 8186 9022 9094 8041 9252 8416 9330 8317 8065 9359 8992 9019 9243 9005 9242 9140 9139 9256 9370 9257 8391 8054 8153 9356 8171 8040 8989 8406 8055 9239 9093 9342 9225 9122 8172 8975 9210 12857 13077 
223 4 0 4 4 5 5 8 2 8 8 8 8 118 13106 12989 12725 12871 12739 11934 12022 12974 12139 11921 11907 11920 12961 13091 12054 12156 12039 11817 11906 12886 12843 12053 13095 13094 11951 11952 12171 12181 12963 13080 13123 13006 12021 12142 11831 12728 11834 13003 12143 12157 13124 12040 13109 11803 12064 12026 12977 11937 12025 13007 11902 12874 12860 11949 12889 13120 11820 12738 12991 12743 12756 12960 11835 11818 12152 12846 12742 11789 11804 13110 12049 11802 12978 13002 12766 12035 12856 12166 12752 13119 12885 12972 12729 12771 12855 12137 11935 13105 12844 12861 12723 12890 13076 12186 12068 12757 12069 13118 11933 12875 12185 12992 12751 12884 13001 12138 12167 12034 12151 12737 11785 13078 12767 12959 12050 12973 11919 11816 
224 2 2 0 0 0 0 3 8 4 4 4 5 117 9378 9421 9407 9653 9424 9776 10552 10357 9535 10667 9395 9759 9659 10362 10549 9642 9641 9745 10356 9418 9626 10344 10684 9758 9406 10698 10712 10664 10329 9770 9728 9541 10463 10581 9762 10345 10567 9377 10593 9613 9391 9645 9655 9523 9527 10710 10461 9521 9512 10595 9498 10477 9630 9744 10330 10434 9627 9729 9730 9772 10316 10594 10358 10475 9408 9756 9639 9419 9536 9654 9375 10429 10448 10665 10547 9771 10314 9389 10328 10580 9508 9757 9404 10343 10693 9522 10551 10462 10476 9492 10711 10697 10576 10561 9640 10548 9390 10666 9405 10562 9612 10708 10444 9376 10679 9611 9540 9494 10683 10566 9423 9507 9493 10315 9743 10433 10678 
225 3 2 0 0 0 0 8 8 4 4 4 5 117 13125 14418 13373 13126 13290 13243 14183 13407 14196 14311 13127 14461 14329 13140 13244 14429 13257 13374 14062 13139 13286 14300 13285 13389 14211 13275 14414 13158 13361 13256 14443 14428 14179 13154 13491 13172 14296 14226 13271 14080 13242 13478 13360 14197 13521 14109 13403 13388 14343 14314 14093 13169 13141 14448 13392 14066 14447 14184 13145 13492 13359 13379 13507 13131 14212 13262 13153 14079 14227 14413 14328 13496 13393 14110 14315 13276 13506 14095 13173 13526 13375 14081 14198 13159 13508 14419 14225 14067 14094 13522 13365 13476 13258 14462 14301 13477 14344 14433 13402 13520 13248 13390 14330 14108 13408 14460 13523 14342 13259 13482 13362 13509 14313 13168 13156 13273 13376 
226 2 2 0 0 0 5 4 8 4 4 4 8 117 10474 9539 9656 9392 9524 10714 9509 9411 10681 10583 10564 9773 9394 9538 10359 9426 9425 9380 9658 10582 9777 9732 9379 10565 10317 10671 10431 9420 9495 10553 9537 9731 10670 10682 10430 10465 9497 10699 10685 10700 9396 10554 10478 10686 9511 9496 9625 10479 10591 10318 9628 10568 10592 10709 9629 10445 10569 9393 10446 10436 9543 10435 9528 10361 9747 9542 9775 10460 10360 9660 10550 9746 10695 9727 9526 10668 9513 10313 9742 10459 10579 10597 10327 10312 10450 10563 10447 10680 10432 10332 10694 10464 10331 9510 9774 10577 10578 9525 9643 9644 9657 9422 10713 10342 10596 10346 9614 9760 10347 10449 9615 9610 10696 9761 14097 14415 13406 
227 4 2 0 0 0 5 8 8 4 4 4 8 117 13157 14210 14096 14316 13274 14444 13511 13510 13260 14209 14092 13525 14214 14082 14182 14445 14213 14194 14195 14432 13246 14068 13247 13146 14434 14317 13287 14083 13380 14199 14069 13263 13155 14435 14331 13272 14299 14297 13378 13291 14302 14064 13391 13171 14463 13261 14063 13292 14464 13497 14111 13524 14345 14446 14417 14298 13394 14112 13395 13363 13364 14346 14180 13278 14326 13277 14327 14228 14229 14303 14078 14077 13130 13527 14341 13161 13160 13495 13129 14181 14430 13143 13170 14459 14420 14458 13410 13481 14186 13480 14107 13409 14185 13128 14449 14312 13174 14450 13512 13494 13175 13142 13289 13404 14421 14065 13144 13288 13493 14200 13479 14431 14224 13405 13377 13245 14416 
228 2 2 0 0 4 0 3 8 4 4 8 5 117 9381 10483 10669 9409 10587 9500 9622 9781 10364 10470 9764 10688 9778 9618 9546 9531 9428 9415 10443 10439 10600 9739 10702 9649 9753 10557 9399 9517 10558 10325 10333 10352 10674 10486 10368 10571 9768 9387 9635 9767 10485 10604 9636 10353 9400 10675 9518 9782 9738 9621 9650 10321 9382 10556 10367 10575 10339 9386 10457 10334 10480 10703 9748 10689 10692 10673 10453 10438 9401 9532 9631 9499 9780 10481 9646 9504 10437 10707 9549 10348 9763 9734 10721 9432 10320 10717 10599 9617 10452 9545 10570 10589 10467 9414 9427 10701 10363 10716 10319 10586 9616 9665 10584 10715 10598 10471 9733 9752 10451 10585 9530 9664 9516 10466 9503 9413 10338 
229 3 2 0 0 4 0 8 8 4 4 8 5 117 9663 14338 14084 13416 13134 14098 13515 14437 14187 13411 13530 13370 13531 14423 13500 13178 14085 13487 14099 14203 14117 14452 14104 14332 13371 13252 13488 14305 14304 14471 13177 14333 14352 14466 14086 14319 13383 13503 14221 14113 14318 14231 14465 14436 13384 13295 14216 14456 13280 13249 13299 14348 13502 13266 14207 13135 14202 14235 13366 13483 13281 14324 14090 14230 13164 14103 13398 13385 14442 13268 13399 14070 14189 13517 14425 13293 14188 14215 13150 13136 13176 14347 13294 14192 13282 14424 14320 14220 14451 14467 14438 13267 14071 14306 13516 13182 14075 13165 13253 14118 13412 13413 14337 13163 13179 14334 14234 14350 14100 13264 14201 14335 13132 13513 13397 14310 13149 
230 2 2 0 0 4 5 3 8 4 4 8 8 117 10349 10601 10706 9735 10440 10336 9514 9624 9736 9412 9506 10718 9429 10677 9647 9384 9548 9633 9750 10482 10572 9741 9661 10687 9397 10324 9388 9403 10488 9632 9667 9755 9398 10588 9520 10442 9662 10468 9638 9544 9619 10454 9749 10456 10704 10341 10335 10366 10676 9383 9515 9648 10322 9529 9519 9410 9651 10602 9623 9505 9417 10555 9547 10705 10355 9740 9652 10326 10487 10605 10441 9637 10350 10340 9501 10672 9634 10458 10691 9754 9765 9779 10473 9769 9416 9784 10722 10354 10369 10590 10472 10365 10720 9431 10484 9430 10603 9737 9666 10690 10337 10323 10559 9783 9502 9402 9751 9533 10573 10574 9534 10455 9766 9385 10719 9620 10560 
231 3 2 0 0 4 5 8 8 4 4 8 8 118 10469 10351 14219 14074 14322 14073 13414 14088 14102 14205 13386 14454 13180 13181 13415 14191 13514 13297 13532 13501 13298 13133 14206 13533 14472 14440 13254 14339 13486 14105 14340 14233 14353 14422 14222 13166 13369 14457 13519 14351 14119 14106 14208 13265 13504 13283 14325 14336 13162 14091 14116 13400 14193 13489 14223 14236 13279 14076 13484 14321 13367 14354 13167 14115 14469 14455 14072 14427 13505 14323 13529 13387 13269 13381 14218 13499 13396 13518 13485 13152 14349 14308 13270 13250 14120 14101 14309 13147 13137 14217 14470 13148 14087 14426 13296 13151 14232 13401 13498 13284 13382 14439 13528 14114 14237 14190 13490 14204 14089 13138 13251 13255 14468 14441 14453 13368 13372 14307 
232 2 2 0 4 0 0 4 8 4 8 5 5 117 9566 10608 10370 9466 9805 10753 9801 9451 9684 9789 9673 10405 9448 10768 10402 10414 9480 10740 9716 9597 10387 9438 9701 10532 10636 10767 10524 10624 9787 9554 10520 10609 9583 10725 10655 10649 10727 9819 9832 9569 9584 10752 9833 10758 10651 10404 10641 9481 9687 10741 10376 10420 9568 9702 10754 10399 10637 9555 9467 10507 9452 10505 10622 9672 9450 10371 10415 10533 10518 9433 10650 9814 10534 10400 9550 10635 9668 10519 9786 9697 10372 10494 9714 9800 10623 10386 10506 9799 9818 9596 10490 9683 9565 9598 9785 10419 9790 10389 9804 10385 9831 9437 10772 9715 10489 10739 10726 10538 9682 10390 9582 9465 9479 14170 14370 13540 13534 
233 4 2 0 4 0 0 8 8 4 8 5 5 117 13233 13346 14252 14361 14258 13331 14135 14239 14286 13434 14475 13554 14141 14240 13463 13569 13568 14493 13535 14253 13347 13549 13553 14136 14356 13300 14384 13200 13550 14385 13564 14491 14474 14268 14123 14355 13305 13417 14238 14375 13421 14504 14151 13304 13229 14399 13450 14127 14518 13436 14122 14282 14490 13183 14267 14165 14517 13214 13201 14522 14476 13318 13333 13465 13348 13187 14503 14150 13583 13581 14287 14403 13216 14508 14502 14244 13215 13319 13582 14398 13317 13188 13202 13230 14155 14137 14269 13332 14121 14404 14254 14390 14489 14281 14357 13422 14154 14386 13464 13539 13435 13449 13198 14164 14169 14152 13536 13432 14401 14272 13301 14387 13315 14516 14358 14371 13551 
234 2 2 0 4 0 5 3 8 4 8 5 8 117 10724 10393 9468 10521 9670 9807 9698 10654 10769 10407 10743 9478 9580 9669 9483 10491 9551 10522 9830 10373 10401 10652 10728 9463 9685 9570 9595 9815 10523 10606 9585 9557 9435 9482 9586 9675 10611 10535 10742 10417 9434 9712 9713 9802 9835 10638 10416 9816 10640 9704 9718 10755 9829 10607 10723 9821 10757 9453 9440 9806 10422 9689 9674 10406 9556 9439 9464 9552 10493 9581 9699 10656 10610 10639 10403 9703 10756 9820 10770 10377 10421 9688 9792 9717 10621 9454 9449 10492 10504 9803 9791 10392 10388 10539 9567 10391 10626 10773 9571 10738 10625 10771 9599 10375 9788 9671 9834 10508 9600 10537 9553 9436 10509 9700 10374 9817 10653 
235 3 2 0 4 0 5 8 8 4 8 5 8 118 10418 9686 10536 14285 14520 14373 14139 14478 14140 13420 13567 13552 14168 14477 13437 14492 13350 14389 13349 13303 14259 13186 14257 13538 13189 14171 13204 14242 13190 13185 14172 14125 14388 13316 13542 13541 13199 13306 14142 14488 14126 14153 13423 14376 14523 13451 13307 14243 14521 14506 13585 13321 13302 14288 13433 13566 13570 13424 14156 13217 14391 13555 13452 13320 14507 14273 14374 13584 13213 13448 14405 14260 14402 14289 14167 14256 13579 13419 14166 13184 13438 14271 13466 14372 13462 14157 13334 13571 14283 14400 13231 14519 13218 14505 14284 13345 14124 14359 13418 14360 13556 13203 13232 14241 14138 14270 13330 13228 13580 13335 14473 13467 13447 14274 14406 13565 14255 13537 
236 2 2 0 4 5 0 3 8 4 8 8 5 117 9486 9564 10646 9475 10746 9471 9693 9839 9828 10657 9588 10526 10381 9601 10499 9825 10763 10543 9722 10734 9677 9836 10496 9604 10618 9721 10777 9794 9824 9813 9441 9489 10627 9559 9591 9690 9692 9710 10660 9796 9838 10425 9725 9607 10396 9474 9443 10617 10647 9822 9707 10411 9442 9678 10729 9842 9719 10529 9457 10778 10542 10661 9705 9578 9679 10382 10764 10544 9455 9602 10631 10612 9706 9837 9691 9795 10776 10510 9560 10424 10628 10426 10642 9574 10659 10730 9720 10514 10409 10744 9469 10632 10759 9587 9606 9456 9696 10495 10613 10515 9461 9808 9572 9809 9592 10735 9823 10394 9558 9484 10749 10380 9470 10501 10745 10410 9447 
237 3 2 0 4 5 0 8 8 4 8 8 5 117 9573 10525 9488 10500 10395 9485 13234 13206 14245 13207 14362 14295 13310 13313 13587 14277 13205 13191 14379 13469 13337 13559 14526 14366 13220 13591 13225 14178 14276 13323 13586 14509 13545 13445 13238 14499 13468 14128 14160 14484 13309 13454 14173 14146 13336 13219 14394 14494 14381 13440 13572 13355 13558 13573 13425 13351 14480 14528 13192 14263 14250 14262 14291 14513 13328 13473 14132 14393 13322 14498 14395 14145 14278 14161 13441 13324 14264 14408 14410 14159 13544 14409 13427 13342 13472 14292 13356 14147 13453 14174 13426 13224 14485 13546 13239 13563 14367 14512 13588 13341 13439 14380 14249 13196 13589 14246 13577 13431 14527 13235 13458 13308 13459 14479 13456 14175 13557 
238 2 2 0 4 5 5 4 8 4 8 8 8 117 9681 10775 9827 9563 9444 10732 10614 9724 10760 10546 10384 10731 9709 9491 9810 10412 10643 9708 10541 10620 10512 9589 10766 10423 9575 10379 10530 10644 10413 9798 10663 9458 9812 10662 9472 10378 9562 10629 10498 10761 10511 9676 10747 9680 10615 9603 9487 10540 9793 10658 9477 9561 9826 10751 10774 9840 10780 10527 9726 9609 10497 10383 10648 10762 9711 10503 10619 10765 9605 10634 9723 9841 9843 10408 9490 9594 10545 9797 10645 9811 10531 9579 10737 10750 10517 9462 9608 9577 10502 9593 10736 10633 10528 10428 9446 9590 9695 10516 9476 9576 9445 9473 10427 10616 9694 10779 10748 9459 10397 10733 10398 10513 9460 10630 14497 13194 13223 
239 4 2 0 4 5 5 8 8 4 8 8 8 118 14131 14176 14265 14382 13340 14148 13575 14293 13312 13357 13474 13443 14483 14177 13314 14500 13592 13326 14365 14294 13444 13209 13457 14275 14407 13547 13226 13561 13327 13446 13329 13343 13354 13211 14368 13475 13210 14486 13429 13240 14383 14501 14266 13548 14364 14396 14133 13578 13197 13590 14251 13460 13236 14158 13352 14529 14247 14143 13193 14149 13543 14481 14487 13237 13442 14495 13562 13339 14514 13455 14511 14377 13227 13344 14524 14248 13212 13471 14130 13222 14162 13195 14369 14378 14525 14515 13574 14412 13430 13241 14279 13576 13325 14290 14482 13358 13311 14280 14496 14397 14163 14411 13593 14129 13428 14392 14144 14134 14510 13560 13221 13208 13461 13338 13470 14363 14261 13353 
240 2 2 4 0 0 0 3 8 8 4 5 5 117 10211 10110 10242 10801 9963 10915 10113 9993 10122 10904 10230 11032 10239 11018 11167 11015 10123 11135 10901 11164 10245 10798 9996 10947 10082 10783 11017 10005 9888 10108 11132 10240 10199 11134 10932 10227 10781 11021 9893 11138 10829 9992 10010 10241 9874 11035 9990 10128 10226 11161 10197 9879 9862 11152 10918 10109 10007 10787 10096 9965 10927 9875 11044 9846 9889 9979 10124 10800 11064 10213 10815 11034 10917 11151 10898 10814 11180 9861 10095 11181 11049 9978 9991 9873 10212 9964 11176 10795 11059 11016 10942 11133 11063 11147 10080 10825 11162 10782 10899 10928 10900 11045 10810 10912 10006 10931 10796 11029 10198 11148 11166 10913 9847 10946 10081 11030 9977 
241 3 2 4 0 0 0 8 8 8 4 5 5 117 10094 9860 14930 14695 14532 13714 14897 14550 13711 14546 14663 14578 14780 13596 14896 14535 14794 14560 14677 14545 14915 13729 13963 14662 13859 14767 14912 14812 14926 13828 14766 13595 13945 14681 14884 14650 14809 13713 14564 14779 14883 14911 14649 13846 14694 13949 14798 14667 14799 13950 13742 14565 14784 14901 13847 13991 13757 14551 14536 13977 13626 13610 14577 13832 14682 14648 14696 13639 14888 14931 13995 13964 13860 14531 13873 13874 13715 13978 14813 13627 13861 13730 13597 14771 14916 13743 13640 13728 13976 14765 13611 13992 14668 13612 13644 14579 13756 13744 13878 14653 14548 14899 13638 13962 14651 14768 13641 14882 13875 14782 14785 13755 13625 14533 13761 14902 13845 
242 2 2 4 0 0 5 4 8 8 4 5 8 117 11149 10784 10008 9976 11066 9890 9892 9876 11031 11047 10125 11178 9891 11051 9981 11065 11050 9980 10828 9864 9863 11182 11183 11177 10802 11060 10803 10830 10933 11061 10097 10905 10009 11019 11168 10934 9859 10098 9994 10093 10945 10083 10943 11169 9995 10799 10944 10831 10817 11022 9894 9848 9962 10011 11139 10948 10210 10826 9849 10816 10827 11036 10228 10229 11163 10200 11165 10914 11037 10929 10919 10788 11153 9961 10902 11046 9967 10225 10078 10903 10920 11137 10195 10111 10243 11154 10196 9877 9844 10201 10084 10214 10126 10811 11136 10112 11020 10244 10786 9878 11048 9845 11179 10797 9966 10785 10079 10916 11033 11150 10215 10930 10813 10127 10812 11062 14797 
243 4 2 4 0 0 5 8 8 8 4 5 8 117 14900 13760 14680 13948 13980 14886 13629 14781 14796 13599 14563 14664 13833 13829 14887 14562 13965 13759 13830 14898 13979 13624 14679 13877 14666 14538 13848 14914 13975 13628 13717 13966 13849 14795 14814 14561 13712 14678 13731 13643 14537 13876 13598 14913 14769 14552 13741 14581 13858 13614 13642 14889 14549 13960 13844 13613 13994 13843 14928 13961 13990 14580 14698 14932 14927 14693 13746 14670 13716 13831 13993 14783 13727 14669 14655 13745 14576 14772 13863 14652 14692 14654 14787 13726 13947 14811 14575 13946 13862 14800 14815 14786 14918 13594 14810 14801 14917 14534 14770 14697 13951 14683 13834 14566 13609 14903 14684 14929 14890 14567 14547 14885 14904 13758 14905 14891 14665 
244 2 2 4 0 5 0 4 8 8 4 8 5 117 10102 9853 11184 11187 9985 9867 10952 10115 10090 11040 11170 10951 10087 9885 10792 11053 11072 10015 10235 11186 10133 10222 11058 11068 9898 11175 9987 10923 10818 10834 11026 10824 10909 10249 10204 9850 10807 10119 9870 10118 11144 10949 11041 10002 11143 10908 10216 9869 10819 11156 11052 10820 10001 11027 10250 10085 10924 11067 11157 9899 10236 10016 11158 10104 9880 10089 10936 11025 11171 9851 9982 11054 10246 10131 9997 10950 10838 10217 10099 10935 10086 10231 9865 10937 9983 9972 9968 9855 10100 10105 9897 9866 10833 10203 10132 9973 10832 10014 10791 10114 10806 10922 10941 9884 10805 10955 10221 11185 11142 10790 9856 11039 10202 14808 14933 14000 13630 
245 4 2 4 0 5 0 8 8 8 4 8 5 117 13841 13621 13869 13732 14925 14705 14822 14919 13870 13967 13981 13733 13762 14934 13719 14920 13631 14554 14816 13837 13968 14921 13982 14559 13969 13645 14817 13836 14700 14775 13953 13835 13954 13600 13851 13601 14687 13952 14699 13616 14685 13884 14818 13865 13958 13718 14892 14570 13996 14774 13879 13752 13748 13883 14686 13650 14907 14804 14583 13850 14568 14893 14790 14657 13615 14541 13972 13987 14672 13864 13855 13766 14691 14939 14802 13635 14569 13767 14553 13634 13986 14908 14658 14791 13724 13620 14555 13649 14584 14935 14776 14701 13720 14659 14906 13854 14540 14542 14803 14001 13747 14573 13737 14582 13734 13738 14588 13735 13763 13838 13632 14793 14789 13983 14676 13605 13606 
246 2 2 4 0 5 5 3 8 8 4 8 8 117 10804 11024 11155 9969 10205 11160 10940 9895 11146 10101 9984 11038 10135 11174 10921 9989 10835 10224 10012 9970 11043 9882 10018 10232 9901 10938 10130 10925 10809 10218 10808 11069 10248 10907 9999 10906 11140 11057 10233 11141 9998 10821 11028 9887 10247 10013 9896 9900 10789 10926 10939 10219 9975 9852 10129 11055 9881 11159 11172 11023 10837 10017 10107 10836 9872 11173 10091 9868 11042 9886 9988 11073 10116 10121 10223 10117 10252 10209 10839 9974 11056 10238 10103 10120 10823 9858 9871 10206 9986 10237 10953 10911 10000 10088 10092 10822 9857 10004 10207 9971 10234 10956 10106 10003 10220 10910 10208 9854 10251 11188 11070 10793 10134 11145 10794 9883 11071 
247 3 2 4 0 5 5 8 8 8 4 8 8 118 10954 14778 13999 14586 13882 13723 13957 13868 14777 13751 14821 14557 14820 14823 13885 13604 13853 13619 13651 13959 14792 14558 13871 14587 13753 13722 14706 13985 13971 13765 14572 13842 13886 14660 13622 13956 13768 14909 14806 13872 13754 13636 13839 13973 13633 13648 13988 13856 13725 14703 14937 14894 13736 14940 14807 13764 13857 13623 13769 14574 14002 14910 14773 14589 13739 13637 14924 13974 13607 13749 13880 14571 13647 14689 13840 14539 14543 14938 13989 13618 14895 13997 14805 13852 14819 13603 14674 13998 14656 13881 14704 14688 13866 14661 13602 13750 14675 14690 13955 14923 13984 14556 13617 14585 14673 14936 14702 13721 14003 13970 13646 14544 13740 14671 14922 13608 14788 13867 
248 2 2 4 4 0 0 4 8 8 8 4 5 117 11237 11121 10875 10992 10889 9919 10872 10887 10285 10256 10036 10959 10165 10255 11195 11078 10988 10961 11239 10302 10884 11076 11119 10136 10886 11007 10282 10885 10025 11092 9922 11091 10185 9936 10871 10019 10039 11193 9916 11210 11003 9950 11124 11107 10975 10033 10989 10068 10142 10021 11225 10138 11208 11238 11002 10858 10156 11105 11118 10273 10259 10170 10053 10844 10253 10048 10020 10166 10137 11120 10052 10272 10283 10150 10169 10034 10297 9917 10254 10180 11090 11209 9946 9949 9921 10151 11106 10268 9931 10063 10184 10960 10842 10038 10857 10301 9903 9904 10973 11001 10974 10870 10287 11077 10843 10856 11194 9935 10155 9902 11223 10067 11224 14005 14052 14710 14751 
249 4 2 4 4 0 0 8 8 8 8 4 5 117 14944 13784 14620 13915 13798 14943 14868 14869 14047 13817 14621 13700 14037 13785 14619 13813 13916 14752 14723 13920 13799 13934 14827 14724 13930 13902 14985 13653 13696 14634 14853 14004 13654 14826 13901 14957 14048 13686 13931 14855 13803 13790 13652 14592 14010 14019 13682 14987 13668 13889 14639 14033 14870 13818 14873 14945 14972 14842 14633 13907 13804 14024 13770 14608 13786 14756 13892 14737 13658 14725 14020 13903 14606 14986 14840 14006 13687 14711 13669 14854 14976 13701 13775 13672 14841 14991 13921 14607 13935 14828 14038 14736 14738 14958 14625 14018 14635 14593 13771 14742 14959 13681 14032 13772 14739 13888 14859 14636 14973 13801 13887 13684 13655 13667 13670 14709 14007 
250 2 2 4 4 0 5 3 8 8 8 4 8 117 11004 9952 10271 9906 10055 10022 11192 10154 10139 10987 9938 10153 11109 10270 9907 10855 10054 11191 9905 10890 9937 10845 10182 9924 10049 10958 10963 11197 11080 10304 10026 11123 10167 11226 9923 11108 10957 10303 11212 10041 10069 10846 10050 9909 10289 10040 9934 10035 11122 10288 9908 11094 11093 11236 10066 10286 10972 10187 10299 9947 11207 10181 10991 10298 10143 11227 10186 10037 10888 10171 10257 11222 10158 11206 10284 11079 10064 11221 11196 10258 11075 10051 10841 10157 10260 10990 10269 10065 11074 10962 11089 10840 9918 10168 11104 10172 11240 10024 10274 10275 10300 10141 10859 10860 10183 11005 9951 10152 9932 10976 9948 11211 10873 10874 9920 11241 10140 
251 3 2 4 4 0 5 8 8 8 8 4 8 118 10023 11006 9933 10977 14036 14022 14727 14610 13671 14023 13919 14825 14754 13656 14726 14638 14609 13685 14844 14824 14591 14843 14590 14829 13791 13683 13933 14640 14974 14874 14975 13800 13891 13908 13936 14989 13805 13702 14956 13657 14830 14990 13937 13802 14722 14960 13806 14025 14961 14594 13893 13659 14623 13703 14049 14858 14595 14034 13698 13773 14624 14755 14740 14741 13689 14053 13688 14757 14947 14008 13819 13815 14009 13774 13673 14712 14054 13820 14707 13697 14946 14708 13674 13776 13816 13814 13906 13932 13789 14941 14857 13922 13699 14622 13905 14039 13917 13788 14637 14035 14971 14942 13923 14872 14871 14040 14051 14839 14988 14856 13890 13787 14605 13918 13904 14021 14753 14050 
252 2 2 4 4 4 0 3 8 8 8 8 5 117 9953 10293 10277 11189 11244 11126 10174 11213 9942 10306 11230 10969 10994 11204 11087 9956 11098 11114 10189 10861 10161 10292 9912 9939 10880 11232 11095 10044 10265 10045 10162 10076 10852 11115 10147 11247 10279 10072 11248 10851 10998 11215 10881 9913 11129 11100 11101 11214 10175 10307 10876 11219 10997 10028 10278 11083 10264 9954 10862 11200 11096 10983 10966 10978 10984 10030 10848 10847 10263 10979 10029 11110 10310 11082 11199 11012 11081 10965 11198 10043 9927 11010 11008 9930 10964 9926 11243 10867 10071 9945 9959 10193 11229 10160 11011 10173 11242 10179 10062 10146 10305 11125 10070 10058 9911 10056 10993 10895 11233 10290 9941 10893 9955 10866 10296 11228 10057 
253 3 2 4 4 4 0 8 8 8 8 8 5 117 10188 9940 10894 10291 14761 14644 14981 13662 13938 14615 13705 14995 13911 13896 14645 13695 14762 13821 14042 14860 14996 13925 14043 14733 14977 14718 13793 13926 14013 13944 14056 14729 14728 13939 13827 13927 14714 14877 14713 14994 13692 14643 14949 14597 14626 14878 13809 14832 14011 13691 14743 14055 14851 14963 14948 13810 13822 14028 14747 14596 14835 14846 14968 14014 14612 14836 13704 14631 14030 13795 13664 13808 14831 14602 13912 13780 13898 13710 13781 14865 14057 13677 14953 14061 13897 13823 13678 13663 14760 14015 14601 14879 14044 14748 14950 13794 14616 13940 14719 14845 13676 13706 14982 14599 14962 14850 14864 14630 14029 14875 14861 14758 14611 14978 13707 13779 14967 
254 2 2 4 4 4 5 4 8 8 8 8 8 117 10190 10027 10276 10059 11014 10061 10971 10891 10864 10878 10295 10042 10159 9915 10192 10854 11111 10047 10981 10266 10980 10149 10262 9943 10267 10144 11245 10164 10261 10145 10163 10967 10849 11103 10148 9944 10191 11099 11231 11201 9910 11216 10986 11084 11097 11112 10073 10892 9925 10863 10176 10877 10308 10869 11130 10294 11218 11128 10077 10075 11190 10970 11205 11088 9914 10311 10060 10883 10853 10046 11009 11131 10897 11249 10309 9929 11102 11117 11220 10178 11000 10985 11127 10850 10868 11235 10882 9960 10194 11116 10177 10995 10999 11234 10996 11217 9958 10280 10896 11086 9957 10281 10879 11203 11013 9928 10031 10865 11113 10074 10982 11246 10032 11202 11085 10968 13812 
255 4 2 4 4 4 5 8 8 8 8 8 8 118 14849 13694 13929 13928 14732 13693 13811 14997 14059 14629 14060 14614 13709 14031 13708 14746 14646 14763 13782 14863 14983 14980 14866 14876 14749 14717 14862 14734 14759 14764 14984 14045 14979 14852 14966 14867 14617 14969 14041 14837 14881 13679 13807 14603 13690 14952 13825 14632 14954 14720 13796 14998 14750 14993 13942 14847 14964 14735 14600 14647 13924 14026 13778 14641 14046 13665 14848 13909 14618 14716 13913 14628 13661 14834 14970 13895 14744 14058 14017 13824 13899 14838 13900 13894 13666 13660 14012 14627 14642 13826 14604 14955 14598 14745 14016 14731 13792 14721 13914 14880 14965 13910 14530 14027 13783 14715 13777 13675 13680 14833 13943 14730 13797 14992 14951 14613 13941 14999 
