128
128 0 0 0 0 7 7 7 15 31 1410 3152 1855 2091 1722 1098 164 945 3925 2965 2388 1755 234 298 1891 3765 1704 904 126 1709 930 2664 1259 2512 1967 2278 93 2680 712 658 1570 
129 0 0 7 0 7 7 16 15 31 2788 3114 2038 1642 1288 1609 2374 1022 1092 3381 3686 733 3197 1673 1402 2651 3372 1756 1599 1813 3948 3812 1191 2071 2790 2060 1248 189 2025 2378 2053 
130 0 7 0 0 7 15 7 15 31 3420 225 2361 331 1486 3938 592 456 30 2000 345 304 3029 1123 1567 57 2853 486 533 2390 2136 2978 3184 1892 2273 2073 798 1582 2018 2144 2337 
131 0 7 7 0 7 15 16 15 32 2251 195 3723 1669 2562 2638 3705 2574 2013 2935 784 613 113 3526 1785 231 3871 2235 1164 3985 1746 3869 857 3467 1618 36 218 3936 802 2504 3997 1807 
132 7 0 0 0 15 7 7 15 31 423 3371 1663 2032 987 1649 3188 452 659 2188 1847 213 3065 1731 3521 3251 3048 1214 704 942 2190 3824 3154 2382 1053 1822 2257 2685 2314 2631 3473 
133 7 0 7 0 15 7 16 15 31 617 1534 1194 1797 168 3646 3580 2770 1468 2730 1968 3128 3370 1471 2792 2550 3725 3620 3013 996 1857 1401 3361 779 2525 3245 1375 3292 2860 727 1836 
134 7 7 0 0 15 15 6 15 31 3756 1864 3122 3456 2211 754 3715 120 3778 1090 3016 2345 2100 2739 3452 1021 374 3267 2862 1467 1574 1681 756 3958 1741 3228 810 3409 3647 2393 1734 
135 7 7 6 0 15 15 16 15 32 1794 2145 1070 1146 2556 1394 2985 26 3497 1174 1545 889 3213 3110 1670 2662 43 19 649 79 3189 530 693 2617 608 1533 1234 455 3323 2676 3868 1239 
136 0 0 0 15 7 7 8 32 31 3096 715 191 1308 156 3346 1740 433 3327 1678 3179 3991 1143 3398 1631 281 701 1973 1187 2243 785 45 2154 2200 1640 25 2063 2583 527 2776 734 
137 0 0 8 15 7 7 16 32 31 789 2241 1170 2704 2949 3622 1433 3363 142 3349 651 480 53 2102 1295 1490 566 827 2274 3321 626 2021 3533 2777 695 1888 948 2707 3112 803 753 
138 0 7 0 15 7 15 8 32 31 3773 545 2020 1461 1459 2357 3344 2198 2849 2916 1442 3437 297 3165 322 2936 13 1571 719 405 2497 1069 3222 3277 3810 1233 3666 1934 861 2721 2485 
139 0 7 8 15 7 15 16 32 32 3614 2999 2784 1347 2858 291 2959 2882 240 1706 1457 303 3028 1947 3963 2778 781 3779 31 1856 1378 567 2259 1363 2756 2284 46 3550 2725 2044 3486 1667 
140 7 0 0 15 15 7 8 32 31 2636 1679 2052 1109 1940 3791 515 3226 2346 2938 2981 2312 3394 1502 1535 481 1216 1168 229 425 3199 2753 232 3257 589 2174 2481 2983 1643 3385 1013 
141 7 0 8 15 15 7 16 32 31 829 3256 3025 1000 1372 3059 228 3832 2869 3749 371 2988 1362 1422 2976 3542 2075 3903 2767 3952 306 1806 3281 2761 108 370 1212 3144 410 1247 2624 
142 7 7 0 15 15 15 9 32 31 3568 482 136 1519 816 118 3755 2881 1470 2640 2955 2293 269 590 797 1750 1306 3185 3036 778 2740 666 3689 1499 2358 2911 109 883 1672 1689 2290 
143 7 7 9 15 15 15 16 32 32 820 3819 1082 678 3681 2438 3783 497 2161 943 499 875 923 2789 3360 2529 1693 1932 1842 2980 1104 1144 1258 3603 3083 2836 2465 2726 3981 1244 1928 1313 
144 0 0 16 0 9 8 24 15 31 238 2887 842 1520 1622 2306 3495 2332 2381 2708 3328 661 2231 2057 1619 3393 337 723 1736 3020 808 3380 27 1778 2215 3922 1267 48 175 1916 3994 
145 0 0 24 0 9 8 32 15 31 394 1948 3711 2026 3347 1593 1695 746 2796 2001 2759 1113 1555 3492 2152 2427 1087 3471 735 1795 1714 2573 815 3673 3310 755 595 1374 3355 564 173 
146 0 8 16 0 9 15 23 15 31 454 822 1290 2189 2396 1373 558 717 1942 3680 3043 2454 2628 1379 3081 33 618 1687 1154 556 3897 3461 771 1547 1845 82 35 3781 1287 668 183 
147 0 8 23 0 9 15 32 15 32 1316 1451 1895 1148 32 2612 1784 2442 3702 1141 1062 1621 1120 3831 384 2619 1861 3609 3814 2157 262 1056 3919 565 58 2105 1196 937 2033 1392 3532 350 
148 9 0 16 0 15 7 23 15 31 1167 386 3801 534 3734 2491 1176 2449 2697 1390 603 3974 222 357 3227 1799 2834 2468 1024 1846 451 1245 3575 2957 2888 266 1418 2326 151 1906 3639 
149 9 0 23 0 15 7 32 15 31 1965 355 740 2350 2660 3864 2832 2149 2192 2969 2151 2774 2593 1393 3737 2744 2242 3126 2351 1126 1228 3109 591 1207 3879 182 2681 110 2436 3613 3979 
150 9 7 16 0 15 15 23 15 31 2705 2966 3064 2661 3519 1572 3172 823 918 1697 2898 3073 2467 503 2532 3643 2319 737 2854 3607 2201 236 3654 2768 1432 447 2791 1887 127 1815 2461 
151 9 7 23 0 15 15 32 15 32 580 773 3416 2995 3136 1469 2658 3914 588 949 2514 2917 362 1436 2011 828 2808 439 51 3699 143 2634 1737 1537 372 267 1835 3557 967 3867 2950 2437 
152 0 0 16 15 8 8 25 32 31 505 2065 1871 973 22 959 185 1075 1943 955 2338 2655 2754 1145 318 1860 2968 3927 56 1501 1882 1941 2405 1979 1656 1513 392 2538 543 3940 450 
153 0 0 25 15 8 8 32 32 31 3721 489 3804 3677 2505 2124 3338 2924 3282 3569 953 3843 3248 3414 3111 2148 3003 3089 44 1441 3273 2034 1280 862 89 786 725 664 1791 3676 653 
154 0 8 16 15 8 15 23 32 31 2982 1322 3657 2027 3946 2901 1283 3021 2177 415 1476 1405 3252 3972 2657 1516 1752 3707 1710 1358 1987 681 841 315 1138 3034 3345 2838 2431 2907 3041 
155 0 8 23 15 8 15 32 32 32 3092 12 2758 3181 134 2750 2458 3694 2751 2072 3636 2058 2178 3733 714 1381 465 141 377 1651 3054 3354 366 324 2645 1458 1925 3541 2217 2560 3348 3682 
156 8 0 16 15 15 7 23 32 31 1482 3428 868 397 2800 358 176 3230 2320 3069 793 1414 3513 3317 3866 3030 3223 2930 2282 1950 1652 836 3272 2587 1606 1654 138 1623 1221 3478 3055 
157 8 0 23 15 15 7 32 32 31 2348 1659 2599 2829 3930 2028 3434 3863 1208 338 2670 2206 2221 3748 2814 3516 921 1602 3807 2960 2709 2508 3443 1085 3685 2713 354 2846 3084 1004 1816 
158 8 7 16 15 15 15 24 32 31 1579 3097 806 1863 2590 399 1938 1823 2213 1830 2106 1066 1575 1172 2951 1083 360 1157 2482 347 951 624 3899 1472 569 490 2353 2164 1853 1416 1008 
159 8 7 24 15 15 15 32 32 32 401 511 2184 162 2225 2258 398 3683 400 2228 3046 3623 2597 3501 1976 2979 2772 2328 830 1733 2987 2594 3366 165 3419 3362 3098 1112 2116 3491 2909 2835 
160 0 15 0 0 7 23 8 16 31 1991 3312 2477 642 3356 11 2885 675 3105 2735 655 2729 1152 1995 1304 395 1153 3080 2728 3243 1150 1682 2418 3170 3627 445 2453 83 2633 3174 1097 
161 0 15 8 0 7 23 16 16 31 3565 1427 2867 2844 3002 990 2806 1923 3488 791 1569 2947 1554 76 1708 206 3266 919 3231 3792 251 2870 1939 2432 2362 3023 416 419 2012 3451 2815 
162 0 23 0 0 7 32 7 16 31 2401 3410 1517 1275 464 80 3945 1959 3242 688 3727 3862 3975 2668 710 1636 2380 3369 1010 3224 2441 1400 1660 2420 2076 3198 3538 1054 2701 340 1834 
163 0 23 7 0 7 32 16 16 32 2827 3485 1039 2672 2296 1908 477 2159 177 1136 3648 698 1003 818 620 739 3489 2592 199 2589 1551 1610 2952 2650 1644 765 3493 325 3193 2203 583 1964 
164 7 15 0 0 15 23 6 16 31 637 1828 2375 879 970 1270 2850 3107 3777 2103 874 1902 3853 2581 1256 1597 3823 2134 3375 1460 1431 2147 1031 3032 1128 1055 650 1343 713 2315 132 
165 7 15 6 0 15 23 16 16 31 2335 3119 2070 2766 1781 2715 1596 958 204 1790 856 763 3548 1788 1315 2727 3201 3389 2158 3108 1993 328 1455 2840 752 3787 1531 491 867 2451 1832 
166 7 23 0 0 15 32 6 16 31 3404 3517 3718 832 2828 69 3455 2395 1707 77 3840 3518 1684 2143 897 249 226 75 1875 3192 2476 517 1641 2220 3561 1203 2786 2140 927 2421 285 
167 7 23 6 0 15 32 16 16 32 3207 3508 3598 230 2974 3050 178 3775 1046 2049 3200 3772 1015 1105 359 1444 3427 2137 507 3649 553 1810 1837 3971 485 1050 3786 3263 3793 2318 2665 1803 
168 0 15 0 16 7 23 9 32 31 1774 2440 3931 2948 2471 351 1382 1676 2629 2855 3747 508 3797 1865 2330 2068 1236 3155 1509 2710 3514 1949 2298 1878 3211 1202 3629 2417 2547 2226 1911 
169 0 15 9 16 7 23 16 32 31 2812 336 3100 731 1147 871 900 1761 2747 2578 2745 3663 1250 2932 2186 3298 1430 1884 3805 2609 1699 3341 2674 537 2642 1269 457 2501 3331 777 1723 
170 0 23 0 16 7 32 9 32 31 3579 1700 3035 2931 3923 1108 2428 2216 294 37 2548 3770 3918 872 3168 2517 1140 1793 3714 3191 2429 437 3703 368 2360 1284 854 492 1924 3693 85 
171 0 23 9 16 7 32 16 32 32 2276 2890 1612 1297 1637 575 3129 426 2219 561 2487 2460 963 1515 17 1691 3397 1135 3280 29 3852 3578 3908 2167 2625 1286 538 513 574 2398 1397 1298 
172 7 15 0 16 15 24 8 32 31 2595 2407 759 1088 2311 460 2183 821 535 3594 116 1151 1338 280 1474 720 62 736 2086 968 3780 2473 1133 1527 568 804 3221 3006 3898 2762 3980 
173 7 15 8 16 15 24 16 32 31 1361 2104 3335 3009 1124 2690 412 2179 330 840 2168 2864 2874 2227 3891 2880 2305 385 2238 1548 997 375 264 1757 3645 376 1193 61 3687 3293 2366 
174 7 24 0 16 15 32 7 32 31 2383 1121 3162 3417 3239 2117 3167 1918 293 3601 1037 3233 9 1564 2557 1209 1312 3905 2822 270 1489 469 3432 980 1829 3854 3311 3336 2920 1553 978 
175 7 24 7 16 15 32 16 32 32 2859 498 1350 3720 2015 334 2490 1763 216 3218 3839 1530 1251 431 3337 2799 1715 2914 984 1041 770 341 1137 1889 3307 1811 3194 2830 2300 1607 623 1952 
176 0 15 16 0 7 23 23 15 31 1692 2833 209 1439 2905 154 2565 2408 2626 1437 1808 3091 2669 2447 3738 2531 888 1345 3232 2229 1081 3724 215 111 3004 989 3536 2889 1044 2414 2632 
177 0 15 23 0 7 23 32 15 31 210 3637 2181 2317 2160 3592 2344 2906 2255 1997 2133 2970 3880 522 849 3039 211 1454 957 1711 3147 1122 3826 335 3160 2115 87 3937 2126 2016 2922 
178 0 23 16 0 7 32 23 15 31 3599 991 893 161 1729 2048 886 3729 2598 2644 3322 2329 159 1518 2349 2649 1102 2603 2652 260 2818 2289 1073 3247 2017 2187 1413 3305 363 3529 2250 
179 0 23 23 0 7 32 32 15 32 1264 873 2386 2839 3249 541 1804 578 1969 3479 1117 3847 3990 3374 2377 3324 775 1110 1311 1268 2823 3955 1978 3527 2510 3799 1904 2720 2521 3754 1851 1035 
180 7 15 16 0 15 22 25 15 31 3585 2199 2205 3545 1380 2805 610 3630 1159 835 144 2 1824 2611 834 2279 3539 2902 3161 1620 1195 3886 3367 2066 3942 288 1913 2712 71 1428 244 
181 7 15 25 0 15 22 32 15 31 483 3350 3433 3472 1600 1595 845 155 2055 1583 3205 2415 3662 3989 316 3511 2526 1802 1840 3017 1352 1827 1463 3326 2275 3241 295 3929 1581 2253 2798 
182 7 22 16 0 15 32 24 15 31 3957 2322 745 20 3956 428 3987 3815 104 443 501 3875 3351 2093 3182 2249 3171 3373 2519 453 3143 709 1944 3655 916 2175 2582 172 3988 1237 1742 
183 7 22 24 0 15 32 32 15 32 1006 190 2232 129 2733 3113 2254 1975 1063 367 307 3285 774 391 2734 250 3138 3728 308 1045 629 1843 2962 1354 899 373 760 2561 3709 1625 1844 634 
184 0 15 16 15 8 23 24 32 31 478 2484 3722 1089 2717 2635 3169 2008 1235 748 1201 3934 221 2996 402 944 1573 252 1384 2515 3544 24 1759 2961 268 3618 2509 952 2878 3275 2269 
185 0 15 24 15 8 23 32 32 31 247 2246 233 181 3591 488 207 2239 1417 3820 125 1296 248 3238 3500 2724 1632 3631 3468 42 2356 8 1616 282 1765 1273 1577 1879 702 1686 3130 
186 0 23 16 15 8 32 26 32 31 3423 3581 3466 187 3827 1977 1544 792 2059 2095 1115 1199 3343 106 2897 3236 3121 2261 434 2696 1240 2094 1862 1165 424 690 3920 1873 519 2082 3449 
187 0 23 26 15 8 32 32 32 32 1985 1156 1217 66 682 3377 1399 3124 1645 2400 243 135 3118 2899 3983 114 780 1890 1409 3688 3475 1523 502 2412 3149 1971 65 560 1725 3540 217 430 
188 8 15 16 15 15 24 23 32 31 1001 3951 521 2622 2894 1627 2500 1929 3153 619 2080 1134 3790 813 3487 1485 1348 639 1931 1094 3769 2224 3156 1557 326 1558 3260 3928 2684 3140 2340 
189 8 15 23 15 15 24 32 32 31 1897 3058 825 1800 1920 2046 2984 1317 2861 3053 1321 708 2135 3329 3146 730 3692 3574 4 188 2919 1809 3996 1812 3474 570 2900 378 1068 3915 1011 
190 8 24 16 15 15 32 25 32 31 3173 3833 3481 2559 1817 3012 3139 1936 1229 1522 2452 1820 3287 3125 1119 3044 3387 1739 1538 1488 2884 933 1356 34 3604 2271 2586 284 2575 2683 1181 
191 8 24 25 15 15 32 32 32 32 186 3932 3431 2024 1293 2479 364 91 3582 932 1016 1040 1937 1883 3741 122 679 3000 393 3912 1210 2873 1100 3418 3872 3509 1982 2422 74 3855 139 3011 
192 15 0 0 0 24 7 7 15 31 2678 794 1584 2010 2141 1900 2212 1751 2851 3525 3219 3900 3333 1036 2260 2430 826 3650 1481 2355 1349 3743 518 3424 2580 640 1340 2301 1325 1448 3037 
193 15 0 7 0 24 7 16 15 31 369 2014 261 1423 3576 3600 3291 2035 1867 90 663 2056 2486 2110 1953 1480 3164 2600 3876 3806 2031 909 429 102 2746 3259 290 602 1076 3691 3593 
194 15 7 0 0 24 16 7 15 31 1603 3384 627 2081 2170 1447 3066 3695 1438 2872 3250 274 1130 660 1166 3283 2397 0 3150 1586 676 3762 1220 1483 1954 1957 235 2089 193 711 1635 
195 15 7 7 0 24 16 16 15 32 305 2820 2539 1825 1333 938 876 2005 3151 2426 312 2569 1801 3751 691 1339 707 3135 2410 3859 1698 1320 3621 1701 1539 2535 1091 278 1732 2749 2496 131 
196 24 0 0 0 32 7 9 15 31 3102 922 1999 3244 1814 2263 1705 3176 3309 1766 1017 3476 3672 3950 2166 985 2283 2443 1542 2457 1777 936 2265 1868 1242 542 2613 877 2474 2764 3175 
197 24 0 9 0 32 7 16 15 31 3811 3850 265 3440 2879 3753 1107 3448 3785 3008 2240 2601 2699 2308 2069 1988 819 1885 3163 962 3094 992 2373 631 910 78 2908 3679 1903 1464 1407 
198 24 7 0 0 32 16 8 15 31 3271 275 2524 672 1206 1025 1435 1495 1360 2019 744 3159 259 333 2002 3633 2596 3399 92 2352 3829 3825 2433 313 1302 1230 1760 1866 49 2108 3913 
199 24 7 8 0 32 16 16 15 32 1493 1404 2921 3742 947 2222 2623 2233 1002 3319 1365 459 598 594 2544 317 3717 3294 311 1285 1052 976 3719 2944 1307 924 2302 353 2489 2703 321 3803 
200 15 0 0 15 24 8 9 32 31 1277 60 1231 557 2843 3099 3490 3523 805 2769 227 2023 1664 2648 441 895 3187 3710 2939 630 2493 2434 807 523 3506 2570 2347 3407 2620 3926 1292 
201 15 0 9 15 24 8 16 32 31 1994 3353 2107 3906 463 1496 2866 2169 1475 1330 461 1180 3082 3730 2513 97 2502 3070 1775 1204 526 180 2963 2552 2875 3325 3265 3587 1328 512 2804 
202 15 8 0 15 24 16 7 32 31 3131 652 3531 258 2195 3893 2693 1241 2062 1282 3838 466 3217 3612 6 1331 2653 3314 1129 389 3782 3836 3798 3800 3776 1838 3628 3074 3674 1633 2942 
203 15 8 7 15 24 16 16 32 32 1366 3564 2973 2783 3750 1926 2185 3403 3460 2234 1396 3330 1403 3690 2266 2913 1329 796 2523 2871 52 2193 15 799 1079 3299 2738 3892 3209 579 449 3701 
204 24 0 0 15 32 8 8 32 31 1019 3861 149 764 1653 224 170 263 960 769 2402 2941 3057 3846 887 3141 3616 1257 1528 2459 3480 3499 98 524 2022 1289 3085 3382 3364 2280 2679 
205 24 0 8 15 32 8 16 32 31 1299 2716 2171 2462 1149 1688 1933 768 1898 2480 332 201 1960 314 3405 3917 1962 257 68 3560 2463 2892 572 1990 3530 3255 1274 14 3454 1305 2376 
206 24 8 0 15 32 16 8 32 31 390 1650 192 472 271 10 2991 3365 2392 427 301 2686 902 1238 1408 718 1272 2146 2863 1782 2272 1020 3318 532 2153 283 2131 2248 2439 3090 349 
207 24 8 8 15 32 16 16 32 32 343 3586 1127 3302 3844 1655 2150 898 3796 3635 917 86 582 3457 1332 1958 1171 3774 1713 2821 2511 1648 858 1367 2125 3214 2469 2516 2929 3760 3768 3103 
208 15 0 16 0 24 7 22 16 31 3638 1601 2409 1833 732 3558 3019 64 1450 1346 929 2910 1992 1831 1261 1132 3818 310 1748 3005 2371 846 2719 1683 3858 2339 1368 1922 2610 699 2639 
209 15 0 22 0 24 7 32 16 31 3555 3386 475 3658 418 39 2990 3208 3447 3215 988 1870 2691 750 3696 470 3515 1326 3284 1532 2363 686 1912 3300 3101 3535 1549 3157 3667 133 3439 
210 15 7 16 0 24 16 25 16 31 2098 3939 2045 3735 811 198 1249 254 1453 147 3978 3270 3977 3713 3060 2237 1177 1786 197 500 2837 279 3849 677 549 3608 3834 1894 2923 3553 965 
211 15 7 25 0 24 16 32 16 32 3524 853 2997 3269 2945 645 2927 1213 628 2285 2654 2741 1745 167 1185 3496 3554 3396 812 1792 669 612 3137 687 758 3845 1386 3274 3995 2304 3068 1753 
212 24 0 16 0 32 9 24 16 31 1369 2450 3276 2394 1111 1223 3802 906 894 3697 2030 2781 1182 1511 1505 550 2162 2549 3986 81 1491 88 3962 1899 1773 787 3442 446 1685 814 169 
213 24 0 24 0 32 9 32 16 31 3116 884 837 2047 1492 3086 3253 1556 2118 3436 2299 2359 3010 1477 3183 2543 2967 860 1309 1106 3038 1859 1265 3549 1718 3 387 3924 3383 2088 241 
214 24 9 16 0 32 16 24 16 31 432 1658 509 3684 3943 1566 256 1473 3784 1479 2831 577 2435 2742 1744 3588 638 3158 2641 716 3240 621 1478 3877 1246 1042 1989 2591 648 3262 2387 
215 24 9 24 0 32 16 32 16 32 971 1254 2555 3816 622 1818 743 245 3830 2041 3602 3352 504 3186 1624 977 2323 2677 1896 2775 3889 1370 1118 2097 3395 496 1026 3921 3359 1319 2876 2303 
216 15 0 16 16 23 8 24 32 31 2646 436 1278 2647 817 3464 1910 859 3964 119 1494 327 999 3708 1099 2545 3968 576 528 3087 2127 3332 3589 3376 2824 1310 1974 3617 99 2121 800 
217 15 0 24 16 23 8 32 32 31 1841 3320 3301 2536 171 2782 1677 3967 2287 3076 1023 1351 3088 208 2333 795 3726 3268 339 3878 1232 2286 1613 1662 1590 1634 1434 3641 901 1821 2368 
218 15 8 16 16 23 16 25 32 31 599 1049 2656 3970 440 1716 1805 1498 1162 692 2618 2256 2036 1198 3606 166 3470 2928 47 1226 1301 1927 1758 3177 2954 2826 3571 2391 1449 3229 696 
219 15 8 25 16 23 16 32 32 32 1377 2748 3078 3700 3313 3340 1318 2998 356 2109 3415 1877 3498 1279 974 2807 2975 1874 468 194 2456 654 1388 2297 2281 444 3870 975 839 3744 662 1341 
220 23 0 16 16 32 7 22 32 31 72 1173 1452 2606 3611 2083 2466 3422 2419 928 3235 3698 2567 563 438 555 2292 2614 1139 2294 2478 2316 3237 2004 2247 1211 3430 3061 3740 1668 2803 
221 23 0 22 16 32 7 32 32 31 296 1252 1061 2986 2197 2925 3572 3264 2507 2819 1615 2343 2845 2051 2444 766 995 1425 2288 3671 1271 1646 1385 1262 2423 342 2313 3888 1724 697 203 
222 23 7 16 16 32 16 23 32 31 153 3453 2506 1638 2566 404 1074 3902 998 137 1630 1996 3904 994 597 2413 790 2779 2811 2270 319 2165 2722 1605 2074 2700 3411 1412 3761 1446 148 
223 23 7 23 16 32 16 32 32 32 3678 961 843 3767 1680 3759 2101 531 2934 2406 931 3510 905 2760 2842 1930 2448 2230 94 1951 2128 3822 2956 242 130 407 1966 2342 3334 3261 635 3668 
224 15 16 0 0 24 23 7 16 31 3837 3884 926 593 1507 3196 3306 1266 2472 3795 3794 2067 3959 2630 3045 1114 2527 605 726 3644 3615 1336 1529 1945 3132 2262 2848 2321 2602 365 112 
225 15 16 7 0 24 23 15 16 31 1131 1371 239 3895 1848 2295 2139 1197 1359 880 2084 3736 643 2608 1580 67 1183 128 2372 964 1419 1796 1426 1559 2223 516 3961 3093 38 2132 1578 
226 15 23 0 0 24 32 6 16 31 2972 2113 2787 3993 2794 2416 2079 3304 3507 1771 3788 1986 2553 1779 3881 1012 1200 1424 2325 3758 966 3969 3547 2054 1260 1869 728 3660 1541 1487 3984 
227 15 23 6 0 24 32 15 16 32 2142 1391 1064 3295 993 2736 1970 1880 548 2810 914 890 2780 615 246 1078 3766 1072 3949 1730 2903 1300 2040 1767 1169 396 2621 3941 1780 289 2637 7 
228 24 16 0 0 32 24 8 16 31 157 2666 2218 2554 609 3296 762 882 2120 2475 3072 3444 1103 2310 536 1657 892 220 641 680 471 3445 3583 1628 625 421 103 2689 3933 205 1568 
229 24 16 8 0 32 24 15 16 31 1057 3063 2114 3947 484 3450 520 2291 2993 1500 2825 3392 467 3120 1935 3289 2659 3661 855 3973 738 2172 1355 940 3528 3901 611 150 2155 3976 1014 
230 24 24 0 0 32 32 6 16 31 3225 1445 2615 1563 2671 146 1276 493 1255 1561 3406 1383 850 986 3339 673 3391 179 2050 3482 1972 2123 3494 2731 1342 544 2585 1222 581 3071 2943 
231 24 24 6 0 32 32 15 16 32 1406 2495 1344 2202 1946 562 3865 891 685 772 145 1009 2403 2785 23 2341 700 1018 3966 551 2773 3484 2492 3357 2797 2245 352 3856 749 2003 705 2868 
232 15 16 0 16 24 24 8 32 31 722 2904 571 606 73 1762 2037 831 3465 3665 2841 3438 3731 908 3896 3459 1611 253 587 3049 3675 21 105 3522 212 1219 935 913 487 1281 3652 
233 15 16 8 16 24 24 15 32 31 1353 920 2918 2354 646 2180 3566 3095 3204 2682 915 59 2204 741 3018 3610 2309 3220 1754 277 200 2698 474 2893 2085 2483 1772 1225 2096 2122 2571 
234 15 24 0 16 24 32 8 32 31 956 3590 614 1703 525 3052 380 2572 2236 3821 292 851 1395 2445 96 2404 3378 3642 406 2277 1218 729 2857 1876 2616 1334 3965 2946 3022 411 2915 
235 15 24 8 16 24 32 15 32 32 1389 2518 1178 1576 3944 124 3425 1096 1886 1337 1048 2546 870 383 3704 2763 632 776 2895 1376 1747 2692 2499 3651 2718 552 1497 54 2176 3190 3297 1077 
236 24 16 0 16 32 24 7 32 31 1604 747 1749 3712 596 3358 2757 838 448 847 2933 2541 2607 2558 3075 3047 409 1357 1720 3953 801 3024 1160 3210 2695 2793 3290 3746 2522 1543 3624 
237 24 16 7 16 32 24 15 32 31 514 3062 417 1776 3960 1034 869 2042 2937 413 388 495 2813 1588 1719 2498 3001 1901 348 866 573 40 3577 3134 63 1465 2953 473 3567 2078 3401 
238 24 24 0 16 32 32 7 32 31 299 1051 3413 1594 2327 3258 3664 3014 3206 1647 1565 2411 1179 3166 2264 2743 3835 1521 84 3894 983 1783 903 3559 3763 50 601 833 1905 863 1080 
239 24 24 7 16 32 32 15 32 32 1303 2765 657 3584 223 3067 1787 689 1029 969 100 1192 1614 18 783 196 2534 2182 3216 379 1546 539 1852 272 1526 2809 3716 2694 3935 559 494 3670 
240 15 16 15 0 22 24 24 16 31 667 300 152 1956 3388 3033 3910 1764 158 911 2877 3757 3556 3031 1504 2528 115 2847 2209 1215 3463 1263 1027 2130 2771 2196 1086 3303 287 2673 5 
241 15 16 24 0 22 24 32 16 31 2714 163 3551 41 1984 3079 1524 751 3732 2364 1508 3441 3619 1728 3543 1398 1 3254 2112 636 1387 174 3634 586 1666 2940 2992 1789 824 3145 3841 
242 15 24 15 0 22 32 25 16 31 2588 3104 2006 202 214 2856 2061 1116 1510 2039 506 3828 3537 742 2989 458 28 2214 2173 3745 3203 382 2702 1626 1205 403 1717 3040 981 1161 3402 
243 15 24 25 0 22 32 32 16 32 2007 1188 788 2852 694 864 3890 647 907 2331 329 1420 1694 320 757 2706 1617 2801 1608 2605 2064 276 1585 3659 2530 3653 1095 3597 3127 3195 1364 2732 
244 22 16 15 0 32 24 24 16 31 3007 3595 1675 1443 1514 1690 3504 2537 3605 3421 1005 979 954 3573 1038 3739 2577 1323 950 878 3234 2324 2138 3817 3288 3669 3808 1125 3813 2817 1456 
245 22 16 24 0 32 24 32 16 31 1921 1186 1907 2752 2579 2119 1101 1189 1506 1980 925 2520 3570 912 1550 2455 683 1770 1155 3512 2399 1243 1093 2210 1721 1429 1769 3056 1462 3916 2009 
246 22 24 15 0 32 32 24 16 31 2604 2111 70 2129 2087 2370 1819 107 3368 2367 1909 2244 3342 414 1738 2384 1955 972 585 2540 1411 2977 1324 881 3873 442 2687 1872 2163 633 1503 
247 22 24 24 0 32 32 32 16 32 896 3505 16 3426 1768 2675 140 3842 121 2077 2369 2252 3848 2268 2470 2385 1335 1712 1917 2584 2464 2191 607 3625 554 724 3212 2208 1915 1043 1536 604 
248 15 16 15 16 24 23 24 32 31 408 117 123 1033 546 1227 3142 1735 2090 2971 2891 1190 2663 1743 1512 344 3446 3390 1224 2568 3632 2795 3887 3429 462 547 885 55 3954 3379 3911 
249 15 16 24 16 24 23 32 32 31 1032 1007 2711 2627 479 809 1047 3764 600 2494 1058 1184 2958 1294 3246 1671 3503 2336 3534 2994 1484 982 3477 3562 302 1981 3874 1327 2563 706 865 
250 15 23 15 16 24 32 22 32 31 476 2207 1589 1587 767 3860 3180 2099 2688 1881 1674 3907 1440 2029 3885 1826 1798 3546 540 3042 1065 1560 237 1849 3123 2723 3563 1919 2488 95 255 
251 15 23 22 16 24 32 32 32 32 3117 1854 3462 2551 2379 3408 3412 761 1175 1158 273 1142 1961 2542 1914 3626 2816 3316 1983 286 2389 1552 3640 3458 3278 1525 2446 3483 1726 684 674 2425 
252 24 16 15 16 32 24 24 32 31 2667 1059 2737 782 361 1291 3596 1163 529 1629 939 1696 1540 3469 3077 3051 1661 665 2802 2365 670 584 2643 3027 184 3133 2307 435 941 3202 3998 
253 24 16 24 16 32 24 32 32 31 2755 2886 1592 1998 381 3992 1084 1591 160 323 3502 3982 3286 1314 1466 1598 3015 934 3656 3882 1727 1665 101 3909 616 1067 3435 721 3789 3851 2865 
254 24 24 15 16 32 32 22 32 31 3883 1060 510 3706 844 3315 2883 703 3178 3752 2896 1702 848 1028 1858 1071 852 422 2533 1639 2092 219 2912 1893 3148 3771 2964 3520 2576 346 3308 
255 24 24 22 16 32 32 32 32 32 1963 3857 3279 420 3026 2334 1839 1415 1562 1850 3115 2564 309 2424 2503 3999 3400 671 3552 946 656 1421 3106 2267 1030 2926 2043 2194 2156 1253 3809 644 
