1024
1024 0 0 0 0 0 0 2 1 3 3 5 4 11 10957 10959 1 11857 2216 1925 1924 10929 11859 4414 11862 
1025 0 0 0 3 0 0 2 1 3 5 5 4 12 10933 4415 3568 7181 5639 7191 5638 7190 5655 7180 10976 9017 
1026 0 0 3 0 0 0 2 1 5 3 5 4 11 10990 6 2 7 11873 9 12 13 4439 3578 3579 
1027 0 0 3 3 0 0 2 1 5 5 5 4 12 14 7208 15 4440 7200 9034 5653 5 5654 7207 9016 9018 
1028 0 1 0 0 0 0 2 1 3 2 5 4 11 10991 10958 10960 9118 10992 10961 3 10928 11872 11858 9202 
1029 0 1 0 2 0 0 2 1 3 5 5 4 12 4416 85 0 8999 9000 99 4423 100 87 5640 10975 10977 
1030 0 1 3 0 0 0 2 1 5 2 5 4 12 7370 9043 7204 3616 11012 4492 5708 11874 158 11897 5715 10 
1031 0 1 3 2 0 0 2 1 5 5 5 4 12 11896 8 3621 4 5718 11 3623 139 7199 7222 11004 11003 
1032 2 0 0 0 0 0 3 1 3 2 5 4 11 3595 3596 9121 1929 9136 11981 11160 11156 11130 1669 9141 
1033 2 0 0 2 0 0 3 1 3 5 5 4 12 11977 2841 11135 2860 97 3607 7308 3608 9154 7326 4477 3598 
1034 2 0 3 0 0 0 3 1 5 2 5 4 12 5711 156 11203 5709 11250 9245 11285 11980 157 159 135 134 
1035 2 0 3 2 0 0 3 1 5 5 5 4 12 136 116 11217 138 115 117 162 161 165 7407 119 7409 
1036 2 1 0 0 0 0 3 1 3 2 5 4 11 11503 4493 9119 9127 11501 9124 9137 5689 11131 11155 11157 
1037 2 1 0 2 0 0 3 1 3 5 5 4 12 11508 11511 98 86 11136 356 9213 101 3624 9153 360 104 
1038 2 1 3 0 0 0 3 1 5 2 5 4 12 11574 11251 391 5712 11573 11538 11541 11982 11978 11537 5713 11286 
1039 2 1 3 2 0 0 3 1 5 5 5 4 12 11580 11579 355 137 373 7393 374 377 7403 359 4668 140 
1040 0 0 0 0 0 4 2 1 3 2 5 8 11 9125 9122 9244 9120 11205 11204 3617 11132 5690 9138 11979 
1041 0 0 0 2 0 4 2 1 3 5 5 8 12 9140 5691 2857 9206 11164 9147 11134 9145 9155 102 105 9166 
1042 0 0 3 0 0 4 2 1 5 2 5 8 12 9044 7373 11206 4510 3638 11011 7371 11256 3639 5716 11255 7385 
1043 0 0 3 2 0 4 2 1 5 5 5 8 12 5714 4515 7384 11261 5719 11288 11289 4521 142 118 7404 120 
1044 0 1 0 0 0 4 2 1 3 3 5 8 11 9128 9123 9129 9126 11159 9250 3620 9201 11158 1930 11137 
1045 0 1 0 3 0 4 2 1 3 5 5 8 12 11215 9254 9255 11165 1934 9156 9151 9157 11175 9159 103 9167 
1046 0 1 3 0 0 4 2 1 5 3 5 8 12 2855 5710 11252 11207 4512 11210 3619 9251 2859 5717 11262 7394 
1047 0 1 3 3 0 4 2 1 5 5 5 8 12 9253 5721 3622 11287 7395 5720 4519 141 7341 7405 7340 7339 
1048 2 0 0 0 0 4 3 1 3 3 5 8 11 1932 1931 2858 11133 11211 9139 4474 9204 11138 9146 11167 
1049 2 0 0 3 0 4 3 1 3 5 5 8 12 1933 9207 11166 11174 1935 9152 9211 9158 9212 11223 9168 9165 
1050 2 0 3 0 0 4 3 1 5 2 5 8 12 9243 11253 7372 9246 3618 7374 2854 9285 4513 9291 7386 9289 
1051 2 0 3 2 0 4 3 1 5 5 5 8 12 4514 11216 4518 7396 4517 7410 7406 11268 4520 9259 7408 9260 
1052 2 1 0 0 0 4 3 1 4 2 5 8 11 11505 11572 11502 11504 11510 11509 9203 11539 4665 11540 11209 
1053 2 1 0 2 0 4 3 1 4 5 5 8 12 4634 11515 4635 357 11546 4642 4643 358 11545 4644 11516 11517 
1054 2 1 4 0 0 4 3 1 5 2 5 8 12 4511 4658 4659 4657 11578 4664 9883 4660 9884 4662 4663 9885 
1055 2 1 4 2 0 4 3 1 5 5 5 8 12 4661 9290 4666 4667 4516 378 376 4670 4669 4671 400 3643 
1056 0 0 0 0 5 0 2 1 3 3 8 4 11 10964 3573 8995 1926 10931 8977 2831 10934 2835 3570 11879 
1057 0 0 0 3 5 0 2 1 3 5 8 4 12 3569 3574 11877 11876 4418 4425 10972 4432 4424 3576 11005 4419 
1058 0 0 3 0 5 0 2 1 5 2 8 4 11 10995 3577 9046 11016 9010 4438 9045 7205 9030 1927 7198 
1059 0 0 3 2 5 0 2 1 5 5 8 4 12 2219 9053 11019 1928 11021 2838 2836 11901 4442 10999 4433 7224 
1060 0 1 0 0 5 0 2 1 3 3 8 4 11 5649 7188 10962 10965 7187 2217 4475 7189 4476 2225 2833 
1061 0 1 0 3 5 0 2 1 3 5 8 4 12 10935 2834 11880 3575 2832 2830 2842 4417 3600 2850 4434 5701 
1062 0 1 3 0 5 0 2 1 5 2 8 4 12 7206 11013 4494 7333 133 5658 9252 11898 2218 11257 2220 9052 
1063 0 1 3 2 5 0 2 1 5 5 8 4 12 2837 11899 2238 2862 3627 3641 4441 2865 2871 7223 5659 9301 
1064 2 0 0 0 5 0 3 1 3 3 8 4 11 3597 5706 2840 1670 7322 1673 4495 1672 4496 2228 7306 
1065 2 0 0 3 5 0 3 1 3 5 8 4 12 2229 2227 2236 11168 11139 2848 2849 3625 3609 2843 2863 11227 
1066 2 0 3 0 5 0 3 1 5 3 8 4 12 11208 11258 1674 7390 160 9294 11218 2237 2239 7324 163 7401 
1067 2 0 3 3 5 0 3 1 5 5 8 4 12 2241 2240 11263 2869 5722 3642 5723 2870 3640 2864 166 3626 
1068 2 1 0 0 5 0 3 1 3 2 8 4 11 9248 2856 4632 9247 2839 4633 1671 11212 11512 11542 11161 
1069 2 1 0 2 5 0 3 1 3 5 8 4 12 11169 11170 11140 2224 2226 2861 11219 9214 3599 9261 5702 11228 
1070 2 1 3 0 5 0 3 1 5 2 8 4 12 11576 9287 392 11575 393 7375 11582 11259 11543 11581 395 396 
1071 2 1 3 2 5 0 3 1 5 5 8 4 12 394 397 164 9891 11264 375 399 398 167 401 402 7344 
1072 0 0 0 0 5 4 2 1 3 2 8 8 11 10963 9011 10932 9013 9015 10996 8978 10968 8996 11861 10966 
1073 0 0 0 2 5 4 2 1 3 5 8 8 12 10970 10938 10969 10937 10971 10974 10973 10939 8980 11000 10941 9020 
1074 0 0 3 0 5 4 2 1 5 2 8 8 12 9048 9029 9047 10993 7221 9049 11015 10998 11875 9014 11018 9032 
1075 0 0 3 2 5 4 2 1 5 5 8 8 12 9054 11020 11022 11025 11023 11878 9039 9037 11001 11002 9035 9019 
1076 0 1 0 0 5 4 2 1 3 2 8 8 11 9135 9249 9130 10994 9143 10930 8979 10997 10967 8997 11860 
1077 0 1 0 2 5 4 2 1 3 5 8 8 12 11162 7304 11171 10936 11141 11863 8998 9209 9215 10940 9161 9263 
1078 0 1 3 0 5 4 2 1 5 2 8 8 12 7379 7335 9050 9012 7376 11014 11214 9033 9031 11260 7392 9051 
1079 0 1 3 2 5 4 2 1 5 5 8 8 12 11017 11265 11024 11900 9256 11266 11220 9036 168 7346 9038 11229 
1080 2 0 0 0 5 4 3 1 3 3 8 8 11 9131 9134 11213 9144 11163 7323 7303 7305 9142 9208 9150 
1081 2 0 0 3 5 4 3 1 3 5 8 8 12 11173 11222 9148 11172 11142 9210 9217 9216 9219 9162 9160 5703 
1082 2 0 3 0 5 4 3 1 5 2 8 8 12 7334 7377 7378 7381 9288 11254 9286 7380 7383 7391 9293 7338 
1083 2 0 3 2 5 4 3 1 5 5 8 8 12 11267 9297 7325 9295 9257 11221 7343 7345 7347 9264 9262 9306 
1084 2 1 0 0 5 4 3 1 4 2 8 8 11 11506 7321 9133 9132 11507 11514 9205 7337 11544 9292 7336 
1085 2 1 0 2 5 4 3 1 4 5 8 8 12 11513 7307 9258 9298 9149 9296 4639 9218 9265 7342 9163 9305 
1086 2 1 4 0 5 4 3 1 5 3 8 8 12 7382 11577 9888 7387 7389 11583 9887 9886 7388 9893 9890 9894 
1087 2 1 4 3 5 4 3 1 5 5 8 8 12 9892 7400 9889 7397 7398 7402 7399 11585 11584 9901 9902 9903 
1088 0 0 0 5 0 0 2 1 3 7 5 5 11 5642 8982 5641 4426 11864 8986 10942 9004 11865 10978 5645 
1089 0 0 0 7 0 0 2 1 3 8 5 5 12 9006 11867 9022 5646 10987 11869 11871 7195 4431 9025 9026 11870 
1090 0 0 3 5 0 0 2 1 5 7 5 5 11 7209 11883 11065 9021 11066 7214 11902 7213 9023 11888 11071 
1091 0 0 3 7 0 0 2 1 5 8 5 5 12 7216 11072 11073 11032 11081 11082 11894 11080 11895 11039 11893 11040 
1092 0 1 0 5 0 0 2 1 2 7 5 5 11 3610 3601 8981 9169 9172 3603 10979 9173 10943 8987 9180 
1093 0 1 0 7 0 0 2 1 2 8 5 5 12 4480 9177 9178 11185 10983 7318 11186 9235 8991 9236 2235 11199 
1094 0 1 2 5 0 0 2 1 5 6 5 5 12 5724 11269 9299 11225 11881 11985 9274 11067 11882 11030 11992 11064 
1095 0 1 2 6 0 0 2 1 5 8 5 5 12 7358 11296 11029 7356 11887 11274 3631 11299 11278 11242 11038 9279 
1096 2 0 0 5 0 0 3 1 3 5 5 5 11 4498 9164 4497 9170 88 11177 11176 11226 2230 11178 11224 
1097 2 0 0 5 0 0 3 1 3 8 5 5 12 11179 11976 11983 11143 11984 2233 11187 11150 11989 11243 9185 9184 
1098 2 0 3 5 0 0 3 1 5 7 5 5 12 123 121 11270 11290 143 4501 147 11297 11293 7357 4522 5732 
1099 2 0 3 7 0 0 3 1 5 8 5 5 12 3632 5733 11298 5731 11233 5730 11281 4525 7366 11241 4526 11279 
1100 2 1 0 5 0 0 3 1 3 6 5 5 11 9171 4645 363 90 361 345 344 11520 11518 11144 11549 
1101 2 1 0 6 0 0 3 1 3 8 5 5 12 11519 11521 11986 4648 11555 11525 9231 4651 11526 11151 4656 11194 
1102 2 1 3 5 0 0 3 1 5 7 5 5 12 381 9897 403 11547 11548 365 11586 11993 382 4672 11554 9953 
1103 2 1 3 7 0 0 3 1 5 8 5 5 12 11592 4652 9950 11300 9952 7367 9909 11280 7368 9963 9961 9962 
1104 0 0 0 5 0 5 2 1 3 7 5 8 11 9220 9267 2232 9222 11145 91 125 108 11180 106 94 
1105 0 0 0 7 0 5 2 1 3 8 5 8 12 11149 4504 111 2234 11198 9192 4483 9195 11195 112 9186 9189 
1106 0 0 3 5 0 5 2 1 5 6 5 8 12 144 145 7348 9276 4502 11987 148 11295 3630 7354 172 11294 
1107 0 0 3 6 0 5 2 1 5 8 5 8 12 11997 11990 7365 128 11301 175 178 4527 11282 11245 3636 11244 
1108 0 1 0 5 0 5 2 1 3 7 5 8 11 89 122 9268 92 7316 11988 4503 11181 109 4481 110 
1109 0 1 0 7 0 5 2 1 3 8 5 8 12 129 9179 4505 127 9187 131 3634 9193 9190 9237 11196 113 
1110 0 1 3 5 0 5 2 1 5 6 5 8 12 7349 9270 7350 5725 146 5726 5727 5728 3629 7416 149 7415 
1111 0 1 3 6 0 5 2 1 5 8 5 8 12 7355 5729 7359 152 7363 4524 4523 151 155 5734 11283 5736 
1112 2 0 0 5 0 5 3 1 3 8 5 8 11 9221 9266 9269 2231 124 93 126 107 7315 347 9188 
1113 2 0 0 8 0 5 3 1 3 8 5 8 12 11197 354 11536 114 96 9194 132 9191 130 353 11247 95 
1114 2 0 3 5 0 5 3 1 5 6 5 8 12 9300 4499 4647 3628 9275 406 366 384 173 150 385 7414 
1115 2 0 3 6 0 5 3 1 5 8 5 8 12 153 4506 7364 387 367 5735 390 179 154 372 3635 9960 
1116 2 1 0 5 0 5 3 1 3 7 5 8 11 343 4646 362 348 11522 4650 11523 346 349 11528 4640 
1117 2 1 0 7 0 5 3 1 3 8 5 8 12 11524 11527 350 4636 351 369 4653 352 11567 11535 11534 11533 
1118 2 1 3 5 0 5 3 1 5 7 5 8 12 9895 379 404 380 9896 4649 11550 364 383 368 11556 4673 
1119 2 1 3 7 0 5 3 1 5 8 5 8 12 11593 9951 4674 386 9908 9907 11566 9959 9958 9957 371 370 
1120 0 0 0 5 5 0 2 1 3 7 8 4 11 4427 3565 8983 7192 10947 4437 3566 10980 11886 9005 3567 
1121 0 0 0 7 5 0 2 1 3 8 8 4 12 4420 10950 4429 11891 3571 10988 4422 3572 9007 4421 10954 5647 
1122 0 0 3 5 5 0 2 1 5 7 8 4 11 7210 5666 4435 7202 5667 4443 4436 11068 7215 3580 7217 
1123 0 0 3 7 5 0 2 1 5 8 8 4 12 7218 11892 11035 11034 11074 3581 9024 9041 3582 11043 7219 11010 
1124 0 1 0 5 5 0 2 1 2 7 8 4 11 5650 9223 7182 5643 4428 7185 5651 8988 10944 7194 5698 
1125 0 1 0 7 5 0 2 1 2 8 8 4 12 10949 8989 4490 11868 4430 7186 10955 5648 7197 5699 7196 5704 
1126 0 1 2 5 5 0 2 1 5 7 8 4 12 11026 11006 11291 11027 7211 7203 11272 11903 5660 11031 11889 11036 
1127 0 1 2 7 5 0 2 1 5 8 8 4 12 5656 9040 11033 11076 5661 11276 5657 9027 7220 7225 4509 11041 
1128 2 0 0 5 5 0 3 1 2 5 8 4 11 4486 5693 9224 4479 5692 4478 3602 9226 3612 2844 4487 
1129 2 0 0 5 5 0 3 1 2 8 8 4 12 4488 11182 11147 2845 3604 11154 3605 2853 4485 5700 4484 5705 
1130 2 0 2 5 5 0 3 1 5 6 8 4 12 7412 11292 4500 3644 7352 11271 7351 3645 7361 2866 2872 11994 
1131 2 0 2 6 5 0 3 1 5 8 8 4 12 9309 11235 2868 3633 2867 2873 2874 4508 11234 3613 3614 2852 
1132 2 1 0 5 5 0 3 1 3 7 8 4 11 3611 9225 9227 9174 2851 11183 7331 11238 11530 11193 11531 
1133 2 1 0 7 5 0 3 1 3 8 8 4 12 11529 4638 9277 7319 9278 3637 2847 5707 11200 11569 9879 9197 
1134 2 1 3 5 5 0 3 1 5 7 8 4 12 9899 170 7413 9898 11230 11588 11587 11273 11595 11594 11277 11596 
1135 2 1 3 7 5 0 3 1 5 8 8 4 12 9905 11557 9954 9307 9906 9912 7369 11600 9312 11599 11601 11568 
1136 0 0 0 5 5 4 2 1 2 6 8 8 11 7184 8985 9001 7193 9003 7183 8984 5644 10981 10946 10982 
1137 0 0 0 6 5 4 2 1 2 8 8 8 12 10945 8990 10953 10948 10952 10985 10951 10956 8992 10989 9009 8994 
1138 0 0 2 5 5 4 2 1 5 6 8 8 12 11007 7212 7201 11028 9002 5652 11866 11884 11905 11069 11885 11070 
1139 0 0 2 6 5 4 2 1 5 8 8 8 12 11904 11009 10984 11890 11075 10986 11077 11079 9042 11042 9008 9028 
1140 0 1 0 5 5 4 2 1 2 7 8 8 11 7311 5694 9228 11184 11148 9175 9181 11152 9182 4482 3606 
1141 0 1 0 7 5 4 2 1 2 8 8 8 12 11189 4489 9232 9233 11188 9234 7320 11201 9198 8993 9239 9238 
1142 0 1 2 5 5 4 2 1 5 7 8 8 12 7353 7327 9271 9304 171 11231 9229 174 9230 11995 11996 11008 
1143 0 1 2 7 5 4 2 1 5 8 8 8 12 11275 11991 4507 11078 177 11906 11037 9282 9281 9314 9280 9240 
1144 2 0 0 5 5 4 3 1 3 7 8 8 11 7312 7310 9272 7314 5695 5697 9176 11146 7317 5696 11191 
1145 2 0 0 7 5 4 3 1 3 8 8 8 12 4491 2846 11190 11236 11153 3615 11202 9242 9200 9199 9196 11246 
1146 2 0 3 5 5 4 3 1 5 6 8 8 12 7411 9302 7328 9273 169 7417 7332 11232 7330 7418 7360 7362 
1147 2 0 3 6 5 4 3 1 5 8 8 8 12 11237 11239 11240 176 9315 9313 9311 11284 11249 9284 180 11248 
1148 2 1 0 5 5 4 3 1 3 7 8 8 11 7309 7329 7313 11551 11552 11553 11192 4641 11532 4637 11558 
1149 2 1 0 7 5 4 3 1 3 8 8 8 12 9183 11563 11561 11565 11560 11562 4655 9241 9283 9880 11571 9881 
1150 2 1 3 5 5 4 3 1 5 7 8 8 12 9303 405 9900 7419 9904 11589 11590 11591 11564 11597 11559 4654 
1151 2 1 3 7 5 4 3 1 5 8 8 8 12 388 9956 9955 389 11598 9308 9913 9910 9911 9310 9882 11570 
1152 0 0 5 0 0 0 2 1 7 3 5 4 11 11046 9075 11045 11083 16 19 20 11907 11909 4445 4444 
1153 0 0 5 3 0 0 2 1 7 4 5 4 12 4447 3587 4448 11912 11049 37 7237 26 5662 7235 11937 7236 
1154 0 0 7 0 0 0 2 1 8 2 5 4 11 11109 4465 4466 4467 9086 11108 11107 9101 11928 2221 2222 
1155 0 0 7 2 0 0 2 1 8 4 5 4 12 2223 11113 9102 3593 3594 11956 11957 3592 7259 11118 5684 5683 
1156 0 1 5 0 0 0 2 1 7 3 5 4 11 7433 11085 11084 11044 17 5761 7435 21 11908 4449 3648 
1157 0 1 5 3 0 0 2 1 7 4 5 4 12 22 23 3588 11913 7440 11914 25 7445 7444 27 11100 5769 
1158 0 1 7 0 0 0 2 1 8 2 5 4 12 11394 7486 9401 5794 9087 9098 9099 5783 7473 11400 9408 11953 
1159 0 1 7 2 0 0 2 1 8 4 5 4 12 7492 2884 7474 11357 11932 2894 11933 3586 4562 5787 5800 7258 
1160 2 0 5 0 0 0 3 1 7 2 5 4 11 7434 5755 11343 11302 11303 5737 9318 9321 2242 7436 11998 
1161 2 0 5 2 0 0 3 1 7 4 5 4 12 183 5740 5762 3647 9325 4542 9380 11312 5744 5743 11360 9330 
1162 2 0 7 0 0 0 3 1 8 3 5 4 12 11342 5795 11391 11349 11397 11348 5784 11350 1938 7493 11358 11355 
1163 2 0 7 3 0 0 3 1 8 4 5 4 12 7475 11354 2893 11405 11406 3666 5786 9416 7477 9419 5801 9466 
1164 2 1 5 0 0 0 3 1 7 2 5 4 11 11612 11611 9918 9917 9914 10003 9915 11656 9921 4677 9924 
1165 2 1 5 2 0 0 3 1 7 4 5 4 12 11619 4701 4700 9969 11661 11625 9973 9927 10020 9926 4710 424 
1166 2 1 7 0 0 0 3 1 8 2 5 4 12 10064 10063 10000 7487 10066 10062 10060 11664 10010 10075 4734 4733 
1167 2 1 7 2 0 0 3 1 8 4 5 4 12 466 10092 10088 10089 10016 10015 10094 10095 4737 9469 10102 10107 
1168 0 0 5 0 0 4 2 1 7 2 5 8 11 9319 9316 11304 5739 5738 11341 5741 5742 5763 9322 11999 
1169 0 0 5 2 0 4 2 1 7 4 5 8 12 11910 11347 9373 7437 11311 9326 9413 9384 40 9417 11313 41 
1170 0 0 7 0 0 4 2 1 8 3 5 8 12 9449 11344 11392 7488 5796 9407 7494 11954 11929 5798 5797 11934 
1171 0 0 7 3 0 4 2 1 8 4 5 8 12 9463 5799 3664 3654 11407 9420 11361 3665 5785 9421 9475 9474 
1172 0 1 5 0 0 4 2 1 7 2 5 8 11 9370 9317 7472 11305 9320 5757 9400 5756 11351 9375 4528 
1173 0 1 5 2 0 4 2 1 7 4 5 8 12 4529 11310 9377 9376 3646 9327 4552 7476 11316 9422 9381 9383 
1174 0 1 7 0 0 4 2 1 8 3 5 8 12 11345 7471 9450 11393 9399 9406 11352 9455 9457 9456 11398 11356 
1175 0 1 7 3 0 4 2 1 8 4 5 8 12 11408 9462 11404 9414 9471 9467 9472 9470 4561 4554 9473 9468 
1176 2 0 5 0 0 4 3 1 7 3 5 8 11 11614 9923 4678 11621 9374 9925 9323 9972 9970 4540 4680 
1177 2 0 5 3 0 4 3 1 7 4 5 8 12 9378 4530 9930 4728 4706 4707 4541 11314 9981 11602 11315 9382 
1178 2 0 7 0 0 4 3 1 8 2 5 8 12 10068 10001 9448 11658 4559 4560 10004 4727 10079 10078 4726 11399 
1179 2 0 7 2 0 4 3 1 8 4 5 8 12 10018 9412 4553 7498 10091 4736 4735 9423 9418 10032 10030 10105 
1180 2 1 5 0 0 4 3 1 7 2 5 8 11 10002 9966 11613 9916 9964 9965 9922 9971 11620 11618 11663 
1181 2 1 5 2 0 4 3 1 7 4 5 8 12 11617 10009 9975 9974 11624 11623 9928 9929 9979 425 9980 10028 
1182 2 1 7 0 0 4 3 1 8 2 5 8 12 11657 10067 10061 10005 10065 10012 10011 10081 10077 10082 11662 10076 
1183 2 1 7 2 0 4 3 1 8 4 5 8 12 10080 10017 10019 10021 10090 10093 10106 10031 10027 10103 10029 10104 
1184 0 0 5 0 5 0 2 1 7 2 8 4 11 7227 11092 11095 3584 33 7226 34 7228 11047 35 36 
1185 0 0 5 2 5 0 2 1 7 4 8 4 12 54 53 38 9076 39 4446 5682 42 5673 5663 7238 5664 
1186 0 0 7 0 5 0 2 1 8 3 8 4 11 51 50 7261 11093 72 70 11115 52 11955 73 4453 
1187 0 0 7 3 5 0 2 1 8 4 8 4 12 55 56 11958 75 74 5686 60 5688 5681 78 76 5680 
1188 0 1 5 0 5 0 2 1 7 2 8 4 11 5758 32 182 181 31 18 11048 1936 4451 184 11930 
1189 0 1 5 2 5 0 2 1 7 4 8 4 12 185 2877 11050 2875 3583 24 2876 188 2879 7239 3649 11054 
1190 0 1 7 0 5 0 2 1 8 2 8 4 12 231 7489 49 11096 71 230 11110 206 5782 205 208 233 
1191 0 1 7 2 5 0 2 1 8 4 8 4 12 9458 11114 2886 212 2885 57 234 5687 58 5685 7260 4555 
1192 2 0 5 0 5 0 3 1 7 2 8 4 11 207 5760 11306 4537 11307 5759 9324 1937 7438 7439 186 
1193 2 0 5 2 5 0 3 1 7 4 8 4 12 7443 187 2880 189 9328 2878 4543 3650 192 4531 216 9332 
1194 2 0 7 0 5 0 3 1 8 2 8 4 12 9404 7491 9403 7490 9453 11346 209 3652 210 232 9460 11401 
1195 2 0 7 2 5 0 3 1 8 4 8 4 12 211 213 2244 2895 11409 11410 235 11670 4563 214 9476 236 
1196 2 1 5 0 5 0 3 1 7 2 8 4 11 4675 4676 417 416 4697 11616 4695 415 11615 4698 420 
1197 2 1 5 2 5 0 3 1 7 4 8 4 12 418 4679 445 419 443 11622 422 421 423 450 426 4683 
1198 2 1 7 0 5 0 3 1 8 3 8 4 12 441 10006 440 467 10087 11665 444 10086 468 10083 442 446 
1199 2 1 7 3 5 0 3 1 8 4 8 4 12 449 448 447 10096 469 471 470 10097 472 452 451 10108 
1200 0 0 5 0 5 4 2 1 7 3 8 8 11 5668 11086 5670 7233 5671 7229 7231 7232 11051 9055 9057 
1201 0 0 5 3 5 4 2 1 7 4 8 8 12 9056 11052 9077 7234 11055 9059 11053 7241 7240 9058 7242 4458 
1202 0 0 7 0 5 4 2 1 8 3 8 8 12 4450 3585 7263 11111 11112 11097 9100 7262 11931 11098 4452 11936 
1203 0 0 7 3 5 4 2 1 8 4 8 8 12 9103 9104 11116 11960 11117 4454 4455 11961 59 4456 77 4457 
1204 0 1 5 0 5 4 2 1 7 3 8 8 11 5669 11087 11309 11308 4538 11099 7230 11911 5765 5764 7441 
1205 0 1 5 3 5 4 2 1 7 4 8 8 12 9329 5768 11935 7442 7446 9060 5746 11915 191 9331 215 9333 
1206 0 1 7 0 5 4 2 1 8 2 8 8 12 11396 11094 9454 9405 11395 9411 11353 2882 7497 9461 11402 11403 
1207 0 1 7 2 5 4 2 1 8 4 8 8 12 11412 11959 11359 11411 237 9477 11119 9479 11120 9105 11121 3656 
1208 2 0 5 0 5 4 3 1 7 3 8 8 11 4539 2881 2243 9371 9372 9967 4704 3653 9410 5766 5767 
1209 2 0 5 3 5 4 3 1 7 4 8 8 12 9379 9977 5771 4544 9931 5770 5745 5747 9983 9425 7478 5748 
1210 2 0 7 0 5 4 3 1 8 3 8 8 12 9451 9402 9452 10069 2883 7495 9409 10013 10084 7496 9459 10023 
1211 2 0 7 3 5 4 3 1 8 4 8 8 12 9464 9465 10098 9415 7499 9478 9424 473 9480 7500 3657 10110 
1212 2 1 5 0 5 4 3 1 7 3 8 8 11 9968 4699 9919 9920 4696 11667 4702 4705 4703 9976 4709 
1213 2 1 5 3 5 4 3 1 7 4 8 8 12 9978 11627 10022 11626 11628 4708 4681 9984 9932 9982 11629 4682 
1214 2 1 7 0 5 4 3 1 8 2 8 8 12 10007 10071 11659 10070 10072 10008 10074 10073 11660 11666 10014 10085 
1215 2 1 7 2 5 4 3 1 8 4 8 8 12 10024 10101 11668 10026 11669 10100 10025 10099 4738 10111 453 10109 
1216 0 0 5 4 0 0 2 1 7 5 5 5 11 5672 11058 28 11088 29 11056 11089 9089 43 5674 11101 
1217 0 0 5 5 0 0 2 1 7 8 5 5 12 5675 11918 11916 11917 11063 4461 5676 9082 9083 4462 9068 11924 
1218 0 0 7 4 0 0 2 1 8 6 5 5 11 4468 4469 9088 9090 11122 11102 9091 11939 11940 9093 11938 
1219 0 0 7 6 0 0 2 1 8 8 5 5 12 9110 11962 4470 9111 11967 11944 9113 11126 11972 11971 4473 4472 
1220 0 1 5 4 0 0 2 1 7 6 5 5 11 11365 9339 9334 11321 9078 11057 9429 7448 5750 9348 9346 
1221 0 1 5 6 0 0 2 1 7 8 5 5 12 5774 11371 9437 11328 9439 11334 11337 9358 9396 11923 11925 4536 
1222 0 1 7 4 0 0 2 1 8 6 5 5 12 3668 7506 9426 7264 3667 9485 5789 3658 9092 5805 11963 11372 
1223 0 1 7 6 0 0 2 1 8 8 5 5 12 7508 9112 4556 3670 7269 4564 9499 11434 7518 9116 11106 9115 
1224 2 0 5 4 0 0 3 1 7 6 5 5 11 7449 11319 9934 9335 11364 11317 9344 9944 9436 9392 7455 
1225 2 0 5 6 0 0 3 1 7 8 5 5 12 9356 9395 9355 11639 9359 9362 9365 9367 11385 4558 9364 9361 
1226 2 0 7 4 0 0 3 1 8 7 5 5 12 9483 9481 11362 9486 9430 11415 11416 3669 11368 11378 11376 5791 
1227 2 0 7 7 0 0 3 1 8 8 5 5 12 11423 11377 11422 11432 3662 9500 11384 11431 10134 11435 10055 3672 
1228 2 1 5 4 0 0 3 1 7 6 5 5 11 9985 9939 10038 9987 9986 9988 9938 4684 427 11606 9945 
1229 2 1 5 6 0 0 3 1 7 8 5 5 12 11603 11607 11630 11604 11634 9996 11635 11633 11638 4688 4714 11649 
1230 2 1 7 4 0 0 3 1 8 6 5 5 12 10034 4729 10033 10035 11674 11671 10116 11693 10118 10117 10044 10120 
1231 2 1 7 6 0 0 3 1 8 8 5 5 12 11681 10048 10128 11680 4739 10127 10053 4732 10054 10135 10133 10052 
1232 0 0 5 4 0 5 2 1 6 6 5 8 11 11320 11318 9388 44 9338 5772 9336 9385 9393 9345 7454 
1233 0 0 5 6 0 5 2 1 6 8 5 8 12 9347 46 201 9352 11324 4547 4546 9368 9398 4549 9366 9360 
1234 0 0 6 4 0 5 2 1 8 6 5 8 12 9482 5802 11103 11363 7502 11366 9428 9484 11123 7507 11964 7481 
1235 0 0 6 6 0 5 2 1 8 8 5 8 12 11369 5807 11413 11417 4565 3671 11424 9494 9438 9501 11387 11436 
1236 0 1 5 4 0 5 2 1 6 7 5 8 11 9389 193 9387 7447 9340 196 11323 197 11326 3651 11325 
1237 0 1 5 7 0 5 2 1 6 8 5 8 12 4548 9394 9353 9354 9397 204 11336 9369 9363 7467 7466 7425 
1238 0 1 6 4 0 5 2 1 8 6 5 8 12 7479 9431 7504 7503 7505 9432 7483 11370 5790 7480 7509 7482 
1239 0 1 6 6 0 5 2 1 8 8 5 8 12 11379 11425 9498 11374 9495 4557 9443 9503 9442 7517 9444 11433 
1240 2 0 5 4 0 5 3 1 6 7 5 8 11 9390 9337 9936 9386 429 11632 9943 408 432 7453 11642 
1241 2 0 5 7 0 5 3 1 6 8 5 8 12 9949 11608 11327 409 11643 203 11333 412 11335 11332 9997 414 
1242 2 0 6 4 0 5 3 1 8 7 5 8 12 9427 7501 11418 10115 5806 11673 11414 11677 11683 10046 11684 10047 
1243 2 0 6 7 0 5 3 1 8 8 5 8 12 11375 9497 9496 10126 10125 10140 7516 9998 9502 11383 11689 11648 
1244 2 1 5 4 0 5 3 1 6 6 5 8 11 9991 9933 9937 9935 9990 9989 11605 407 11631 431 9994 
1245 2 1 5 6 0 5 3 1 6 8 5 8 12 9995 410 11610 4716 4715 4689 11609 11640 11641 11647 9999 413 
1246 2 1 6 4 0 5 3 1 8 7 5 8 12 9992 428 10036 10039 11694 11672 10119 11675 10114 11676 11682 10124 
1247 2 1 6 7 0 5 3 1 8 8 5 8 12 10045 10123 4740 10051 10138 10056 11690 11691 10136 11650 10137 10139 
1248 0 0 5 4 5 0 2 1 7 6 8 4 11 9079 9080 5665 11091 9061 11090 9063 7247 7246 11941 11942 
1249 0 0 5 6 5 0 2 1 7 8 8 4 12 7252 11921 9065 9066 9084 7251 9064 9069 7256 5679 9071 9085 
1250 0 0 7 4 5 0 2 1 8 7 8 4 11 7265 7266 9106 9107 11125 7267 4464 11105 9096 9095 11968 
1251 0 0 7 7 5 0 2 1 8 8 8 4 12 3589 9094 11945 4471 9114 11973 3591 9117 7271 9097 7272 7270 
1252 0 1 5 4 5 0 2 1 7 7 8 4 11 5749 11059 7243 11943 7458 5751 7248 7456 11919 5752 5753 
1253 0 1 5 7 5 0 2 1 7 8 8 4 12 5776 11920 11922 7253 4550 5677 5678 11338 11926 9447 3590 9070 
1254 0 1 7 4 5 0 2 1 8 7 8 4 12 3655 79 5804 9433 5788 2887 11373 7510 5808 7512 2889 9441 
1255 0 1 7 7 5 0 2 1 8 8 8 4 12 11946 9440 11948 11947 11104 11127 4463 5809 5810 7515 2891 9445 
1256 2 0 5 4 5 0 3 1 6 7 8 4 11 190 4533 9341 4532 11322 4545 5775 7420 7462 9357 7421 
1257 2 0 5 7 5 0 3 1 6 8 8 4 12 11331 5777 11330 7464 11329 7463 5778 5779 11339 7426 11340 5754 
1258 2 0 6 4 5 0 3 1 8 7 8 4 12 9434 194 5803 11367 239 9487 9493 11419 3659 5792 11380 11382 
1259 2 0 6 7 5 0 3 1 8 8 8 4 12 11381 11427 11426 7513 5793 7514 9504 5811 11386 9446 7519 5780 
1260 2 1 5 4 5 0 3 1 6 7 8 4 11 9940 4711 4686 9993 4685 4687 9948 4713 11637 4692 11645 
1261 2 1 5 7 5 0 3 1 6 8 8 4 12 4690 11646 4718 4719 7422 11644 11651 11653 11652 11654 4694 4693 
1262 2 1 6 4 5 0 3 1 8 6 8 4 12 10040 4731 4730 455 10041 10037 11636 10122 11679 11678 10121 11696 
1263 2 1 6 6 5 0 3 1 8 8 8 4 12 11687 10050 10049 11685 11686 4717 10132 10129 2892 10059 10057 10058 
1264 0 0 5 4 5 4 2 1 7 5 8 8 11 30 61 45 64 11061 4460 9062 11060 63 7245 7244 
1265 0 0 5 5 5 4 2 1 7 8 8 8 12 7249 7250 47 48 9067 68 11927 7255 9073 7257 9074 9072 
1266 0 0 7 4 5 4 2 1 8 6 8 8 12 4459 11124 9109 62 80 9108 66 65 67 81 11965 7268 
1267 0 0 7 6 5 4 2 1 8 8 8 8 12 11966 11949 11969 84 82 11952 11951 11974 11975 11950 11128 11129 
1268 0 1 5 4 5 4 2 1 7 6 8 8 11 11062 218 5773 9081 9350 7459 9351 9349 7460 221 198 
1269 0 1 5 6 5 4 2 1 7 8 8 8 12 7254 3661 199 7468 7428 4551 7427 5781 7431 7429 3663 11390 
1270 0 1 7 4 5 4 2 1 8 7 8 8 12 9489 9490 219 9488 217 11421 3660 7485 7484 11420 228 11970 
1271 0 1 7 7 5 4 2 1 8 8 8 8 12 225 2890 11428 69 83 7520 11388 244 229 9507 9506 9505 
1272 2 0 5 4 5 4 3 1 7 6 8 8 11 9342 9391 9343 7451 7452 195 7450 9946 222 434 7457 
1273 2 0 5 6 5 4 3 1 7 8 8 8 12 7461 7423 4535 4534 7465 7424 200 202 7432 7469 7470 7430 
1274 2 0 7 4 5 4 3 1 8 6 8 8 12 220 2888 9491 240 9492 238 10112 9435 458 224 223 241 
1275 2 0 7 6 5 4 3 1 8 8 8 8 12 7511 227 242 11430 11429 226 243 4566 465 245 464 11389 
1276 2 1 5 4 5 4 3 1 7 7 8 8 11 9941 4712 9942 430 456 9947 457 433 459 438 436 
1277 2 1 5 7 5 4 3 1 7 8 8 8 12 4691 437 411 435 439 4725 4720 4723 4721 11655 4722 4724 
1278 2 1 7 4 5 4 3 1 8 7 8 8 12 474 10042 10043 10113 454 477 475 11695 476 11688 462 461 
1279 2 1 7 7 5 4 3 1 8 8 8 8 12 460 10131 479 11697 10130 478 480 10142 11692 10141 10143 463 
1280 0 1 0 0 0 0 3 2 3 2 6 4 11 1946 2957 9510 9535 1945 9554 5816 322 3674 3673 9513 
1281 0 1 0 2 0 0 3 2 3 4 6 4 12 5815 5817 1468 1944 2905 11437 2899 2907 2906 4576 4577 3684 
1282 0 1 3 0 0 0 3 2 4 2 6 4 11 9555 5833 3692 3693 1262 11444 1675 11445 5836 247 249 
1283 0 1 3 2 0 0 3 2 4 4 6 4 12 248 1956 2250 11446 2253 2280 250 252 3702 246 1471 1243 
1284 0 2 0 0 0 0 3 8 2 2 6 4 11 3796 1205 3797 2312 9536 9508 9512 1479 481 1973 3784 
1285 0 2 0 2 0 0 3 8 2 4 6 4 12 1233 483 1976 1695 11438 11439 1287 2316 3009 1350 1261 3105 
1286 0 2 2 0 0 0 3 8 4 2 6 4 12 1266 4767 628 4900 626 627 3906 1696 4912 4913 1481 8264 
1287 0 2 2 2 0 0 3 8 4 4 6 4 12 1697 1215 1263 2393 1984 1218 3934 1291 2364 3114 1288 3104 
1288 3 1 0 0 0 0 3 2 2 2 6 4 11 9690 9692 9694 9686 9704 324 9706 482 9709 323 1679 
1289 3 1 0 2 0 0 3 2 2 4 6 4 12 9705 9722 9721 9720 9717 338 9719 2268 2258 327 5923 325 
1290 3 1 2 0 0 0 3 2 4 3 6 4 12 9783 10188 2265 9784 3740 336 1686 3741 337 9802 5961 1957 
1291 3 1 2 3 0 0 3 2 4 4 6 4 12 10193 9852 3742 3013 340 341 493 339 1472 9811 525 5938 
1292 3 2 0 0 0 0 3 8 3 2 6 4 11 2326 625 8247 10157 8236 10144 10163 1693 10160 1974 1348 
1293 3 2 0 2 0 0 3 8 3 4 6 4 12 1977 2389 2390 2394 10191 1349 10149 494 3094 2330 484 2331 
1294 3 2 3 0 0 0 3 8 4 2 6 4 12 3031 4771 7995 1265 10187 8259 8275 4772 8260 8276 8278 4778 
1295 3 2 3 2 0 0 3 8 4 4 6 4 12 1351 1482 8265 8282 3826 2345 3035 10194 8281 1352 2401 508 
1296 0 1 0 0 0 4 3 2 1 2 6 8 11 9693 7273 7275 9695 7274 9687 7276 7277 7278 9708 9710 
1297 0 1 0 2 0 4 3 2 1 4 6 8 12 10145 10146 9711 9707 9703 9716 10147 9723 326 9731 9733 9732 
1298 0 1 1 0 0 4 3 2 4 3 6 8 12 9696 1947 10186 2266 9799 9803 9804 5962 5964 10166 1950 9849 
1299 0 1 1 3 0 4 3 2 4 4 6 8 12 3743 9848 3744 509 9812 342 9813 5965 523 3829 7969 5966 
1300 0 2 0 0 0 4 3 8 3 2 6 8 11 10156 9537 10158 1684 9509 8237 10159 8238 10162 10164 10161 
1301 0 2 0 2 0 4 3 8 3 4 6 8 12 10148 3015 11447 10195 10167 11448 485 495 7970 1688 7968 510 
1302 0 2 3 0 0 4 3 8 4 2 6 8 12 9556 2343 3819 4773 8277 7996 8263 11443 9587 4777 3822 4779 
1303 0 2 3 2 0 4 3 8 4 4 6 8 12 8280 251 4780 2346 3827 10192 8283 9589 10196 2347 3830 524 
1304 3 1 0 0 0 4 3 2 2 2 6 8 11 9689 9782 9691 9688 5919 9785 4744 2267 9794 1948 9793 
1305 3 1 0 2 0 4 3 2 2 4 6 8 12 9796 9718 3728 9800 5920 9801 3729 9730 9734 9735 4747 9729 
1306 3 1 2 0 0 4 3 2 4 2 6 8 12 7997 1685 8032 9786 9781 1949 9795 2970 2969 9843 9842 3739 
1307 3 1 2 2 0 4 3 2 4 4 6 8 12 9853 2972 9851 9850 2971 2973 5963 9861 9860 9859 3831 5967 
1308 3 2 0 0 0 4 3 8 3 3 6 8 11 1972 4766 7999 4756 4741 4743 4742 4745 3001 10165 1975 
1309 3 2 0 3 0 4 3 8 3 4 6 8 12 1687 7962 7972 7973 7971 4761 1689 3002 4760 4748 2348 3003 
1310 3 2 3 0 0 4 3 8 4 3 6 8 12 8033 8000 7998 4765 8261 3820 8039 3823 8038 8279 8003 8044 
1311 3 2 3 3 0 4 3 8 4 4 6 8 12 3014 2344 3036 3828 8045 3825 8004 3038 3037 3039 2349 1987 
1312 0 1 0 0 6 0 3 2 3 2 8 3 11 2947 2897 2948 7557 5834 7541 2949 4568 2898 1469 4569 
1313 0 1 0 2 6 0 3 2 3 4 8 3 12 2246 2245 2247 1951 2248 7283 3677 2901 3685 3686 3678 2900 
1314 0 1 3 0 6 0 3 2 4 3 8 3 11 4582 2913 2912 1676 1677 9588 4583 4591 1959 2254 2251 
1315 0 1 3 3 6 0 3 2 4 4 8 3 12 1939 2252 9590 2915 3705 2922 3704 2281 3696 2974 3695 2916 
1316 0 2 0 0 6 0 3 8 3 2 8 3 11 2896 3887 9538 5813 3904 5812 4567 3091 7540 3785 3675 
1317 0 2 0 2 6 0 3 8 3 4 8 3 12 1969 2249 1986 3889 1978 2395 2333 2396 3096 3687 3676 2914 
1318 0 2 3 0 6 0 3 8 4 3 8 3 12 3112 9557 3033 3122 9560 3123 3034 3824 4584 1698 2362 2363 
1319 0 2 3 3 6 0 3 8 4 4 8 3 12 1985 2255 1989 1988 3703 2921 3694 3935 2350 2351 2920 3115 
1320 3 1 0 0 6 0 3 2 2 2 8 3 11 3798 2257 2327 3007 2313 2958 3786 3008 3727 9797 1680 
1321 3 1 0 2 6 0 3 2 2 4 8 3 12 3734 2259 1970 1979 1953 1952 2270 2271 2319 2262 2260 2261 
1322 3 1 2 0 6 0 3 2 4 3 8 3 12 4774 2328 3733 3808 3821 3032 1682 1681 1683 9846 1958 9854 
1323 3 1 2 3 6 0 3 2 4 4 8 3 12 9856 1690 2352 2288 2282 2289 2975 2287 2365 2283 2959 2269 
1324 3 2 0 0 6 0 3 8 2 2 8 3 11 4757 3888 3886 3092 1480 2314 3093 4894 2329 1694 2315 
1325 3 2 0 2 6 0 3 8 2 4 8 3 12 4887 1971 3907 4759 3890 10168 2334 2318 2332 2317 2391 2392 
1326 3 2 2 0 6 0 3 8 4 3 8 3 12 3113 4910 4892 3905 8001 3921 4909 4901 4902 1477 4914 3103 
1327 3 2 2 3 6 0 3 8 4 4 8 3 12 8046 4781 3936 2366 2399 2404 2398 2402 2397 2403 3106 3116 
1328 0 1 0 0 6 3 3 2 2 3 8 8 11 5814 9511 9698 9700 9712 9713 7281 7522 7279 7280 7282 
1329 0 1 0 3 6 3 3 2 2 4 8 8 12 9725 7284 9517 7526 7544 7527 9518 9519 7285 9522 9739 7286 
1330 0 1 2 0 6 3 3 2 4 2 8 8 12 9788 5843 9559 5835 7542 5826 9790 5842 7575 9561 9563 7560 
1331 0 1 2 2 6 3 3 2 4 4 8 8 12 7559 7562 7561 7543 9805 9808 9593 9594 7576 9866 9818 7545 
1332 0 2 0 0 6 3 3 8 2 2 8 8 11 7521 9540 5824 5825 9539 7524 9515 9514 9516 7523 8250 
1333 0 2 0 2 6 3 3 8 2 4 8 8 12 9541 7525 7966 9543 9542 10170 7967 9521 8240 8252 7976 9520 
1334 0 2 2 0 6 3 3 8 4 2 8 8 12 5844 8034 10190 9558 8262 8035 7558 9562 7574 7573 8041 5837 
1335 0 2 2 2 6 3 3 8 4 4 8 8 12 7563 8009 7577 9591 8049 9564 9592 8267 9566 9565 9567 7977 
1336 3 1 0 0 6 3 3 1 2 3 8 8 11 9702 9697 9699 9792 9701 9789 9714 9715 5937 5935 5922 
1337 3 1 0 3 6 3 3 1 2 4 8 8 12 5921 9726 9728 9727 9806 9816 9819 9736 9817 9814 9737 9738 
1338 3 1 2 0 6 3 3 1 4 3 8 8 12 9791 9847 5960 5936 9798 5946 5959 9845 5944 5945 9855 9809 
1339 3 1 2 3 6 3 3 1 4 4 8 8 12 9857 9810 9807 9858 5947 9865 9863 9864 9862 9867 9815 5939 
1340 3 1 0 0 6 3 3 8 3 3 8 8 11 9787 4758 4893 4885 4886 4746 4895 8249 8248 4896 9724 
1341 3 1 0 3 6 3 3 8 3 4 8 8 12 8010 7964 10169 7963 7965 8251 7974 5924 4749 7975 8016 8239 
1342 3 1 3 0 6 3 3 8 4 2 8 8 12 4775 8036 10189 4911 4776 8037 8002 4903 9844 4905 4904 8043 
1343 3 1 3 2 6 3 3 8 4 4 8 8 12 8040 8042 4915 8047 8007 8006 8008 8048 8005 4782 8266 8017 
1344 0 1 0 4 0 0 3 2 3 6 6 4 11 1198 7528 2960 5925 2961 3679 3680 2963 3689 1199 2952 
1345 0 1 0 6 0 0 3 2 3 8 6 4 12 3688 5821 2339 1200 5822 11453 5830 2965 3690 5831 3682 1955 
1346 0 1 3 4 0 0 3 2 4 6 6 4 11 1244 4592 2976 9568 4593 9870 5839 11449 3699 5974 11451 
1347 0 1 3 6 0 0 3 2 4 8 6 4 12 3698 3697 5977 4596 4595 9596 4598 4597 9877 2980 3700 9574 
1348 0 2 0 4 0 0 3 8 3 6 6 4 11 3891 9569 1201 7530 7529 2321 9523 9524 3895 3896 2337 
1349 0 2 0 6 0 0 3 8 3 8 6 4 12 9526 11454 11440 3898 11442 1214 1204 1981 3805 9531 9530 1234 
1350 0 2 3 4 0 0 3 8 4 7 6 4 12 9570 2355 1267 3923 3809 2406 2407 1268 11450 3045 9597 3930 
1351 0 2 3 7 0 0 3 8 4 8 6 4 12 1216 3815 9601 1269 3046 1219 11456 11457 3933 3932 2412 2360 
1352 3 1 0 4 0 0 3 2 2 6 6 4 11 328 1470 9825 9824 9740 9745 3790 5926 9748 9826 2962 
1353 3 1 0 6 0 0 3 2 2 8 6 4 12 2336 2964 5931 3792 9756 9759 10177 9760 9835 10184 1982 3794 
1354 3 1 2 4 0 0 3 2 4 7 6 4 12 9822 2272 3016 5971 3019 2977 1245 5975 3749 2966 1954 2275 
1355 3 1 2 7 0 0 3 2 4 8 6 4 12 5982 5981 3835 5987 1217 5985 9878 5989 3026 5990 5988 3752 
1356 3 2 0 4 0 0 3 8 3 6 6 4 11 3909 512 1202 7980 3908 1289 10151 1203 3897 3915 3914 
1357 3 2 0 6 0 0 3 8 3 8 6 4 12 1290 3913 10172 1213 3900 3899 10153 10175 7989 10210 8245 3027 
1358 3 2 3 4 0 0 3 8 4 6 6 4 12 10197 1292 3922 1353 2405 4917 3017 10198 11698 2356 3928 11699 
1359 3 2 3 6 0 0 3 8 4 8 6 4 12 1293 3812 11701 8286 8284 2408 8287 3836 3940 1220 3028 1264 
1360 0 1 0 4 0 4 3 2 1 6 6 8 11 330 486 10150 7290 7287 329 9742 7289 7288 7297 9746 
1361 0 1 0 6 0 4 3 2 1 8 6 8 12 489 9750 7298 9747 10152 9761 9762 10154 9755 5932 9769 3795 
1362 0 1 1 4 0 4 3 2 4 7 6 8 12 8013 5968 5969 527 531 516 2276 10174 9757 10203 10155 332 
1363 0 1 1 7 0 4 3 2 4 8 6 8 12 10201 3029 3753 10211 10209 3839 1983 9836 2278 3838 9770 5991 
1364 0 2 0 4 0 4 3 8 3 6 6 8 11 7546 498 497 496 8241 9525 8253 10173 487 499 500 
1365 0 2 0 6 0 4 3 8 3 8 6 8 12 10171 490 2338 10176 11441 10179 9527 3022 10181 10185 8246 10182 
1366 0 2 3 4 0 4 3 8 4 6 6 8 12 3040 528 3018 3924 511 629 11702 8285 3813 10199 514 11452 
1367 0 2 3 6 0 4 3 8 4 8 6 8 12 517 8271 3023 532 10202 9602 10214 10213 3840 10212 8026 9607 
1368 3 1 0 4 0 4 3 2 2 6 6 8 11 2274 9821 9744 9741 9743 4751 331 5928 488 9751 9749 
1369 3 1 0 6 0 4 3 2 2 8 6 8 12 5927 333 9758 3732 9771 334 335 9775 9772 9776 9774 9773 
1370 3 1 2 4 0 4 3 2 4 6 6 8 12 8011 2273 9820 5970 9872 9871 9823 9869 8018 9868 502 5976 
1371 3 1 2 6 0 4 3 2 4 8 6 8 12 530 515 9830 518 3748 505 5980 521 3751 507 5986 9837 
1372 3 2 0 4 0 4 3 8 3 7 6 8 11 8020 7978 1980 7979 2354 2353 4752 4750 3021 501 503 
1373 3 2 0 7 0 4 3 8 3 8 6 8 12 3804 10178 3010 504 491 492 506 3006 3005 3816 10183 7990 
1374 3 2 3 4 0 4 3 8 4 6 6 8 12 8012 3041 8019 526 3042 513 10325 3020 10200 529 11703 11700 
1375 3 2 3 6 0 4 3 8 4 8 6 8 12 520 3024 533 10204 519 3837 535 534 537 3030 536 522 
1376 0 1 0 4 6 0 3 2 2 7 8 3 11 5940 5819 4571 2908 2903 7533 3681 7550 7532 7299 7534 
1377 0 1 0 7 6 0 3 2 2 8 8 3 12 9528 2263 5823 4573 2904 2953 5832 4581 2967 2956 4574 3683 
1378 0 1 2 4 6 0 3 2 4 7 8 3 11 4578 4586 5829 5972 7549 4579 2978 9598 2291 2917 4599 
1379 0 1 2 7 6 0 3 2 4 8 8 3 12 5840 4588 2925 3701 4602 4590 4600 9608 4601 5848 2982 4589 
1380 0 2 0 4 6 0 3 8 2 6 8 3 11 5827 2335 2909 3108 3893 3799 4570 2320 3787 3892 3802 
1381 0 2 0 6 6 0 3 8 2 8 8 3 12 2902 2910 2323 3110 3691 2911 3901 4575 3919 3101 3902 3102 
1382 0 2 2 4 6 0 3 8 4 7 8 3 12 3117 3810 4585 2367 5838 3043 5845 7582 2358 7567 2918 2359 
1383 0 2 2 7 6 0 3 8 4 8 8 3 12 2923 9603 3048 2410 2924 3941 9609 9575 7570 2919 5841 9552 
1384 3 1 0 4 6 0 3 2 2 7 8 3 11 2951 3735 3788 2950 9752 3791 3731 9827 3803 3012 2955 
1385 3 1 0 7 6 0 3 2 2 8 8 3 12 9831 2277 5942 2954 5943 9777 2279 3738 9840 9778 5933 2264 
1386 3 1 2 4 6 0 3 2 4 6 8 3 12 3800 3746 5973 5948 3745 2284 2290 5979 5978 2979 2357 3814 
1387 3 1 2 6 6 0 3 2 4 8 8 3 12 3750 2285 5984 5983 3736 2292 5992 2361 3050 2981 2286 2968 
1388 3 2 0 4 6 0 3 8 2 6 8 3 11 3095 3789 3801 3894 3098 3099 3097 3004 2322 4753 4763 
1389 3 2 0 6 6 0 3 8 2 8 8 3 12 3793 2325 3918 3917 2340 3806 3807 2342 3903 2341 3100 3920 
1390 3 2 2 4 6 0 3 8 4 6 8 3 12 8050 3938 3910 3911 3107 3044 3926 3833 4769 3929 4908 2409 
1391 3 2 2 6 6 0 3 8 4 8 8 3 12 3118 3931 3120 3916 3111 3047 3942 2411 3049 3817 3818 3121 
1392 0 1 0 4 6 3 3 2 2 7 8 8 11 7296 7295 7292 5828 7294 7293 5820 7291 3730 4580 9763 
1393 0 1 0 7 6 3 3 2 2 8 8 8 12 9767 7552 9551 9529 9780 7301 7539 7556 5934 7300 7302 9534 
1394 0 1 2 4 6 3 3 2 4 6 8 8 12 7581 7578 9546 7580 7579 9873 7566 5846 4594 4587 9549 9599 
1395 0 1 2 6 6 3 3 2 4 8 8 8 12 9547 9573 9571 7585 7586 9606 9604 5994 9611 9576 9553 7555 
1396 0 2 0 4 6 3 3 8 2 6 8 8 11 9545 9544 4572 7547 7531 7548 4889 4897 5818 7982 9548 
1397 0 2 0 6 6 3 3 8 2 8 8 8 12 7551 7535 7536 7553 10180 7554 7986 9533 8258 9532 7537 7538 
1398 0 2 2 4 6 3 3 8 4 6 8 8 12 8015 7564 5847 8021 9595 3811 7565 8052 8269 7569 7583 7568 
1399 0 2 2 6 6 3 3 8 4 8 8 8 12 7584 9600 9605 11455 9572 9550 8289 7587 7572 8290 9610 7571 
1400 3 1 0 4 6 3 3 2 2 7 8 8 11 9753 7983 5941 4755 9829 5930 9828 5929 9754 9764 9768 
1401 3 1 0 7 6 3 3 2 2 8 8 8 12 9765 9766 7985 3737 9833 9832 3011 9841 7991 9839 7994 9779 
1402 3 1 2 4 6 3 3 2 4 7 8 8 12 8014 8051 3834 3832 9875 9876 8022 3747 9874 5949 8023 8024 
1403 3 1 2 7 6 3 3 2 4 8 8 8 12 9834 10207 8025 3025 7987 10205 8027 8028 8031 8029 9838 5993 
1404 3 2 0 4 6 3 3 8 2 6 8 8 11 4899 3912 4888 4898 4890 8242 4754 8244 8243 4764 8254 
1405 3 2 0 6 6 3 3 8 2 8 8 8 12 3109 7981 8256 4762 8255 7988 7984 2324 8257 7993 4891 7992 
1406 3 2 2 4 6 3 3 8 4 6 8 8 12 4916 3927 4906 3937 4907 4768 4920 4919 4918 3939 3925 4770 
1407 3 2 2 6 6 3 3 8 4 8 8 8 12 3119 8270 8268 8273 10206 10208 8274 8272 8288 8030 4921 10215 
1408 0 1 4 0 0 0 3 2 6 2 6 4 11 9577 9579 255 269 9628 9629 254 253 7589 11458 258 
1409 0 1 4 2 0 0 3 2 6 4 6 4 12 256 272 271 257 1941 11459 1960 261 4615 1252 262 264 
1410 0 1 6 0 0 0 3 2 8 2 6 4 11 268 5902 9662 3773 9640 3711 5895 5894 7627 5905 11487 
1411 0 1 6 2 0 0 3 2 8 4 6 4 12 11472 1942 2310 1212 2944 11474 3708 11488 4629 3721 2995 1476 
1412 0 2 4 0 0 0 3 8 6 3 6 4 11 2400 559 7590 1354 1355 10220 11460 1300 633 1294 2006 
1413 0 2 4 3 0 0 3 8 6 4 6 4 12 1235 2005 1990 260 259 1356 1359 1301 1236 2368 2423 1296 
1414 0 2 6 0 0 0 3 8 8 2 6 4 12 4966 7618 1322 1321 1307 9663 1306 1308 1484 1358 2012 1275 
1415 0 2 6 2 0 0 3 8 8 4 6 4 12 1323 1283 1701 1360 1279 2421 1317 1316 9650 3143 3150 9673 
1416 3 1 4 0 0 0 3 2 6 2 6 4 11 5952 5953 1274 1273 10218 8089 8067 561 10240 1270 8069 
1417 3 1 4 2 0 0 3 2 6 4 6 4 12 562 1221 542 2298 541 10224 1210 565 1272 2369 1246 3755 
1418 3 1 6 0 0 0 3 2 8 2 6 4 12 10304 10271 1282 560 10272 8125 10303 8131 586 587 1284 8095 
1419 3 1 6 2 0 0 3 2 8 4 6 4 12 1968 1227 2377 1211 3867 1224 1230 2386 1258 3084 8108 8200 
1420 3 2 4 0 0 0 3 8 6 2 6 4 11 8295 10242 640 630 1206 641 3950 540 10221 632 631 
1421 3 2 4 2 0 0 3 8 6 4 6 4 12 1271 2010 1357 2420 3061 2007 1994 568 2414 545 2415 1295 
1422 3 2 6 0 0 0 3 8 8 2 6 4 12 3149 8303 4853 8319 4977 3148 4967 8306 643 644 8307 588 
1423 3 2 6 2 0 0 3 8 8 4 6 4 12 10273 1699 1700 1361 10329 1362 10309 1315 3968 3142 3967 2422 
1424 0 1 4 0 0 4 3 2 6 2 6 8 11 5950 9632 9630 9578 8068 10216 9633 7588 7595 9612 7594 
1425 0 1 4 2 0 4 3 2 6 4 6 8 12 10219 9584 9585 5958 10244 543 11461 11462 8072 566 263 10246 
1426 0 1 6 0 0 4 3 2 8 3 6 8 12 8126 9664 9661 10270 10241 9642 9641 9646 9648 10274 9647 10278 
1427 0 1 6 3 0 4 3 2 8 4 6 8 12 11473 11475 11704 274 11490 11489 9674 277 9651 9675 8205 278 
1428 0 2 4 0 0 4 3 8 6 3 6 8 11 4796 8090 10217 10223 8296 8070 8298 3842 8073 8071 3854 
1429 0 2 4 3 0 4 3 8 6 4 6 8 12 3855 3841 10225 569 8107 570 546 8109 4804 544 4805 649 
1430 0 2 6 0 0 4 3 8 8 2 6 8 12 8293 8304 10305 8122 8177 8294 4827 8096 10245 8132 10275 8133 
1431 0 2 6 2 0 4 3 8 8 4 6 8 12 10277 10276 11705 10326 646 3874 10311 3875 650 4857 8201 4873 
1432 3 1 4 0 0 4 3 2 6 2 6 8 11 8093 4820 4821 5951 8091 4797 5998 8099 5999 10222 8100 
1433 3 1 4 2 0 4 3 2 6 4 6 8 12 3761 3843 10226 8101 8102 8104 3762 4806 3757 10248 10247 3754 
1434 3 1 6 0 0 4 3 2 8 2 6 8 12 4867 8178 8094 8123 8180 8124 8127 3774 8135 8185 8186 8136 
1435 3 1 6 2 0 4 3 2 8 4 6 8 12 3769 10310 3853 8141 3062 8194 8202 8203 3082 3770 4837 8111 
1436 3 2 4 0 0 4 3 8 7 3 6 8 11 8092 4852 4798 4923 4800 4801 8097 4802 8297 8098 3052 
1437 3 2 4 3 0 4 3 8 7 4 6 8 12 8105 8140 3063 4856 8103 4839 4838 8112 3054 4807 8110 3053 
1438 3 2 7 0 0 4 3 8 8 2 6 8 12 8176 8179 4869 4868 8305 8181 8134 8308 4870 4872 4854 8187 
1439 3 2 7 2 0 4 3 8 8 4 6 8 12 4871 8192 8195 3074 3073 4855 8142 8193 3083 8204 4875 4874 
1440 0 1 4 0 6 0 3 2 7 3 8 4 11 7591 5849 9643 5866 270 7598 1940 290 1678 7596 1962 
1441 0 1 4 3 6 0 3 2 7 4 8 4 12 2927 7602 2931 4616 3758 4617 3709 279 4605 4604 3756 297 
1442 0 1 7 0 6 0 3 2 8 2 8 4 11 308 9665 288 5903 286 7628 287 289 291 310 1943 
1443 0 1 7 2 6 0 3 2 8 4 8 4 12 9668 9667 293 2945 2946 311 315 4631 3723 4630 2996 2989 
1444 0 2 4 0 6 0 3 8 6 3 8 4 11 539 3051 645 273 1483 2008 2009 567 634 2256 2926 
1445 0 2 4 3 6 0 3 8 6 4 8 4 12 2929 2011 1992 275 2930 1995 3710 2928 3064 7605 4603 2370 
1446 0 2 6 0 6 0 3 8 8 3 8 4 12 309 9666 307 660 679 610 661 2936 2431 294 2378 647 
1447 0 2 6 3 6 0 3 8 8 4 8 4 12 2935 2388 2387 312 2442 3144 3969 3722 3868 3065 3151 3133 
1448 3 1 4 0 6 0 3 2 6 2 8 4 11 5955 5996 5954 538 3760 563 1692 1473 1691 1478 564 
1449 3 1 4 2 6 0 3 2 6 4 8 4 12 1961 10227 1991 3759 2371 2294 2373 1963 2295 1996 2372 2293 
1450 3 1 6 0 6 0 3 2 8 3 8 4 12 2374 3852 4824 2987 611 589 2988 590 2302 2379 2303 615 
1451 3 1 6 3 6 0 3 2 8 4 8 4 12 2304 2311 591 614 594 3869 3087 2997 2990 3771 3086 3066 
1452 3 2 4 0 6 0 3 8 7 2 8 4 11 3951 659 2413 3952 3125 642 3124 3953 3954 8129 4948 
1453 3 2 4 2 6 0 3 8 7 4 8 4 12 4950 4949 4927 3126 4951 635 3134 3135 2424 2013 651 2416 
1454 3 2 7 0 6 0 3 8 8 3 8 4 12 658 680 585 681 662 612 10306 682 663 592 683 2432 
1455 3 2 7 3 6 0 3 8 8 4 8 4 12 684 666 665 2441 2440 669 595 687 685 3153 3085 3152 
1456 0 1 4 0 6 4 3 2 6 2 8 8 11 9583 9580 9581 4609 5853 7592 7593 4613 7599 4614 7597 
1457 0 1 4 2 6 4 3 2 6 4 8 8 12 7603 9613 7600 9614 7601 5874 5871 276 5873 5856 5876 7604 
1458 0 1 6 0 6 4 3 2 8 2 8 8 12 9644 4612 9631 7629 2300 2934 5867 5870 2933 9672 9670 9669 
1459 0 1 6 2 6 4 3 2 8 4 8 8 12 9671 5906 3712 292 2937 9649 7630 5877 7632 9676 313 295 
1460 0 2 4 0 6 4 3 8 7 2 8 8 11 4610 9582 4822 4611 5850 5852 10243 4924 5851 4928 9586 
1461 0 2 4 2 6 4 3 8 7 4 8 8 12 5868 4831 5869 5872 4952 11463 4931 637 5875 4808 597 296 
1462 0 2 7 0 6 4 3 8 8 3 8 8 12 9645 2375 5904 8322 2932 8137 10308 8188 2429 2433 3075 11476 
1463 0 2 7 3 6 4 3 8 8 4 8 8 12 8325 8199 8323 7631 11491 8154 8207 8312 8327 616 9677 314 
1464 3 1 4 0 6 4 3 2 7 2 8 8 11 5957 5956 5997 4823 2299 4826 5995 4799 4803 4829 4832 
1465 3 1 4 2 6 4 3 2 7 4 8 8 12 4830 8106 11706 4834 4836 4835 4811 3763 3765 571 3764 4810 
1466 3 1 7 0 6 4 3 2 8 2 8 8 12 8128 8184 1964 8182 1965 8130 2301 2376 8138 8190 10307 8191 
1467 3 1 7 2 6 4 3 2 8 4 8 8 12 8139 8144 8196 8197 8143 593 10279 8145 613 8198 8208 2991 
1468 3 2 4 0 6 4 3 8 6 3 8 8 11 4825 3955 4922 4926 4925 4929 3957 4828 3956 4833 4932 
1469 3 2 4 3 6 4 3 8 6 4 8 8 12 4930 636 3959 4953 648 3958 3960 4933 4812 4935 4934 4809 
1470 3 2 6 0 6 4 3 8 8 3 8 8 12 8183 4979 4978 8309 2014 4980 8320 8189 2430 2428 8321 8310 
1471 3 2 6 3 6 4 3 8 8 4 8 8 12 2015 8324 664 8311 8326 686 668 596 667 8328 8206 2434 
1472 0 1 4 4 0 0 3 2 7 6 6 4 11 4625 7620 5878 9634 7619 9615 9619 5857 1251 7607 9618 
1473 0 1 4 6 0 0 3 2 7 8 6 4 12 1248 1254 11466 9636 11468 9624 11469 7623 9638 11470 9637 9639 
1474 0 1 7 4 0 0 3 2 8 6 6 4 11 4624 3713 9654 9652 9678 5907 9655 1257 3717 7638 5897 
1475 0 1 7 6 0 0 3 2 8 8 6 4 12 3724 1260 11493 11492 9657 5913 3000 5914 3719 5915 5916 5901 
1476 0 2 4 4 0 0 3 8 6 6 6 4 11 1303 9635 1297 5859 3127 10229 5858 1276 3055 11464 1304 
1477 0 2 4 6 0 0 3 8 6 8 6 4 12 3056 10253 4938 1305 3128 5860 5861 1299 1277 7613 1223 3132 
1478 0 2 6 4 0 0 3 8 8 6 6 4 12 4626 1309 4968 9653 1310 4858 1326 1281 3137 3878 3156 1319 
1479 0 2 6 6 0 0 3 8 8 8 6 4 12 11477 5898 1228 7621 1312 3726 1328 3725 1229 1313 1314 2427 
1480 3 1 4 4 0 0 3 2 6 7 6 4 11 1249 1247 1993 1253 1250 8118 3857 10230 10252 4818 3848 
1481 3 1 4 7 0 0 3 2 6 8 6 4 12 3849 8081 8083 1225 10266 10267 3850 1278 10235 10265 1226 10236 
1482 3 1 6 4 0 0 3 2 8 5 6 4 12 1474 8147 1475 1280 1255 3775 4860 4859 2001 3776 2004 3777 
1483 3 1 6 5 0 0 3 2 8 8 6 4 12 1256 1259 3877 10282 10250 2998 10288 1285 1232 3883 10297 1286 
1484 3 2 4 4 0 0 3 8 7 6 6 4 11 1302 10249 1997 1311 4955 3943 4954 4937 10239 4784 8077 
1485 3 2 4 6 0 0 3 8 7 8 6 4 12 10228 11708 10258 3861 1298 2425 4940 2426 1222 3864 3139 3872 
1486 3 2 7 4 0 0 3 8 8 6 6 4 12 10280 3154 1325 2003 2000 3970 1324 4970 4971 1318 3145 8313 
1487 3 2 7 6 0 0 3 8 8 8 6 4 12 4878 3155 1320 1327 8314 1231 4864 10292 10320 3974 3871 1329 
1488 0 1 4 4 0 4 3 2 6 6 6 8 11 573 281 280 549 265 572 266 9620 10251 11465 11707 
1489 0 1 4 6 0 4 3 2 6 8 6 8 12 11467 283 8084 8085 10231 10232 10260 10259 11471 4792 10268 10261 
1490 0 1 6 4 0 4 3 2 8 6 6 8 12 300 8156 8210 298 299 8211 302 11709 10313 303 11479 11478 
1491 0 1 6 6 0 4 3 2 8 8 6 8 12 11494 10285 10315 8161 11483 11482 9679 11500 9684 11485 3873 10298 
1492 0 2 4 4 0 4 3 8 7 6 6 8 11 8148 4813 653 652 547 638 8291 656 550 4785 576 
1493 0 2 4 6 0 4 3 8 7 8 6 8 12 655 10327 10254 8299 8082 4789 10295 8301 8087 3851 10269 10234 
1494 0 2 7 4 0 4 3 8 8 6 6 8 12 8149 8209 4981 8212 10281 10286 10331 8163 10332 674 10283 10312 
1495 0 2 7 6 0 4 3 8 8 8 6 8 12 10330 10316 8215 10314 8217 10289 8165 10319 10293 8315 10321 10323 
1496 3 1 4 4 0 4 3 2 7 7 6 8 11 8150 8113 548 1998 4814 8075 8074 10284 551 8119 554 
1497 3 1 4 7 0 4 3 2 7 8 6 8 12 4790 3767 4791 10290 10255 10257 10263 8120 10262 8088 4793 8061 
1498 3 1 7 4 0 4 3 2 8 7 6 8 12 8146 8155 8157 8162 10317 8216 8218 10287 3772 8166 2999 8221 
1499 3 1 7 7 0 4 3 2 8 8 6 8 12 8222 10318 3780 10322 8227 10299 8229 8228 8169 8232 8170 8230 
1500 3 2 4 4 0 4 3 8 7 5 6 8 11 8153 4783 8116 3856 4815 4817 8114 8117 8115 4816 8076 
1501 3 2 4 5 0 4 3 8 7 8 6 8 12 552 553 10256 8080 555 580 10264 8121 558 8086 8171 4794 
1502 3 2 7 4 0 4 3 8 8 6 6 8 12 8151 8152 8158 3876 3870 4862 675 4861 4863 8329 4881 4880 
1503 3 2 7 6 0 4 3 8 8 8 6 8 12 4879 3089 10291 3090 3088 3079 3880 8223 8332 8335 8231 8172 
1504 0 1 4 4 6 0 3 2 6 7 8 4 11 4607 5879 5881 282 2983 5884 5885 4618 9621 4619 7609 
1505 0 1 4 7 6 0 3 2 6 8 8 4 12 7610 3706 3768 5889 7622 4620 2296 3707 4623 4622 5863 5865 
1506 0 1 6 4 6 0 3 2 8 6 8 4 11 4628 5896 7625 3715 7634 5909 7633 9656 11480 5911 11481 
1507 0 1 6 6 6 0 3 2 8 8 8 4 12 11495 9680 5900 9681 2994 7641 7640 2942 9659 9682 9658 5918 
1508 0 2 4 4 6 0 3 8 7 6 8 4 11 2418 3067 4956 5880 3944 3844 4606 2939 7608 5886 3860 
1509 0 2 4 6 6 0 3 8 7 8 8 4 12 3961 7611 4941 3059 5862 10233 3072 4621 5864 7615 7614 2941 
1510 0 2 7 4 6 0 3 8 8 6 8 4 12 2381 3714 4627 3971 7624 5910 4984 7626 5908 4982 4876 2940 
1511 0 2 7 6 6 0 3 8 8 8 8 4 12 5899 7639 4972 4974 3881 4987 4866 3884 4988 4882 5917 4989 
1512 3 1 4 4 6 0 3 2 7 7 8 4 11 3858 2986 3859 3766 8079 8078 3057 3058 8057 2984 8056 
1513 3 1 4 7 6 0 3 2 7 8 8 4 12 2383 3862 4845 3863 3070 4846 4847 2297 10237 3865 2985 8173 
1514 3 1 7 4 6 0 3 2 8 7 8 4 12 2380 1966 8159 4877 2306 1967 3879 3778 3779 8220 8164 2307 
1515 3 1 7 7 6 0 3 2 8 8 8 4 12 8167 8225 3781 3885 3782 4883 8175 2002 3783 4884 8174 2308 
1516 3 2 4 4 6 0 3 8 6 6 8 4 11 2417 654 4841 3948 4840 3846 639 3945 3129 4786 3962 
1517 3 2 4 6 6 0 3 8 6 8 8 4 12 3138 3069 3963 8300 3131 3130 3141 3964 2419 3140 4945 8062 
1518 3 2 6 4 6 0 3 8 8 7 8 4 12 4969 3972 4983 4985 2435 670 3077 8330 3973 8219 2384 4865 
1519 3 2 6 7 6 0 3 8 8 8 8 4 12 8316 4973 3975 8224 3882 8333 4975 4976 3977 3976 2438 2017 
1520 0 1 4 4 6 4 3 2 7 6 8 8 11 5855 5854 9617 9616 267 7606 5882 3716 5883 4608 9623 
1521 0 1 4 6 6 4 3 2 7 8 8 8 12 9622 5888 284 5887 5890 5892 7612 9627 9626 5891 5893 7617 
1522 0 1 7 4 6 4 3 2 8 7 8 8 12 317 301 316 7636 2938 318 5912 304 11496 11484 306 321 
1523 0 1 7 7 6 4 3 2 8 8 8 8 12 11499 11498 3718 305 319 320 11497 2309 3720 9685 2943 11486 
1524 0 2 4 4 6 4 3 8 7 7 8 8 11 600 4958 8053 285 603 657 4961 577 4942 9625 8058 
1525 0 2 4 7 6 4 3 8 7 8 8 8 12 8059 10296 10328 581 4964 4947 3866 8302 3966 7616 4848 10238 
1526 0 2 7 4 6 4 3 8 8 7 8 8 12 7635 8213 671 7637 673 8214 618 601 690 621 2437 2385 
1527 0 2 7 7 6 4 3 8 8 8 8 8 12 693 622 8334 10324 8317 9660 8336 8234 3081 9683 10300 8233 
1528 3 1 4 4 6 4 3 2 6 7 8 8 11 3845 575 574 3847 3068 8054 8055 4788 4844 579 3060 
1529 3 1 4 7 6 4 3 2 6 8 8 8 12 557 8060 3071 583 8063 8064 8065 4819 4849 4851 8066 584 
1530 3 1 6 4 6 4 3 2 8 6 8 8 12 3076 617 599 3078 8160 2305 598 578 602 619 2992 2993 
1531 3 1 6 6 6 4 3 2 8 8 8 8 12 604 605 606 582 8226 8168 623 608 8235 624 10301 10302 
1532 3 2 4 4 6 4 3 8 6 6 8 8 11 4936 4959 3136 3949 4957 3946 3947 4842 4787 8292 4939 
1533 3 2 4 6 6 4 3 8 6 8 8 8 12 4960 4843 4962 4944 556 4963 4965 4943 4850 3965 4946 4795 
1534 3 2 6 4 6 4 3 8 8 6 8 8 12 2382 1999 2016 4986 672 688 2436 689 3146 676 3147 620 
1535 3 2 6 6 6 4 3 8 8 8 8 8 12 8331 677 678 3080 10294 691 692 8318 8337 609 607 2439 
1536 3 0 0 0 0 0 4 1 2 2 5 6 11 10333 695 10336 710 7676 8338 10353 7645 7647 11714 712 
1537 3 0 0 2 0 0 4 1 2 5 5 6 12 10441 699 697 7649 698 716 4991 701 3158 719 700 3157 
1538 3 0 2 0 0 0 4 1 5 2 5 6 11 711 7715 7714 10429 11742 7716 11741 713 5007 6527 6525 
1539 3 0 2 2 0 0 4 1 5 5 5 6 12 734 1388 714 7680 6534 755 1495 756 5032 5033 5010 4995 
1540 3 1 0 0 0 0 4 2 2 2 5 6 11 6076 7879 6113 7876 6077 6112 7880 7881 7886 7887 7885 
1541 3 1 0 2 0 0 4 2 2 5 5 6 12 854 855 6117 853 6084 7906 7911 7908 7907 7910 856 8581 
1542 3 1 2 0 0 0 4 2 5 2 5 6 12 6114 6137 10852 6706 866 6138 10854 10840 868 8685 8625 8621 
1543 3 1 2 2 0 0 4 2 5 5 5 6 12 715 870 869 3196 8696 887 888 718 872 717 737 871 
1544 4 0 0 0 0 0 8 1 3 2 5 6 11 10426 10335 694 3165 10334 10427 6479 8340 696 6481 8365 
1545 4 0 0 2 0 0 8 1 3 5 5 6 12 8367 10442 2447 8366 2022 3160 11719 720 11721 1716 10380 10379 
1546 4 0 3 0 0 0 8 1 5 3 5 6 12 4999 11740 10544 11746 11747 6528 6526 1489 10545 1385 1491 3994 
1547 4 0 3 3 0 0 8 1 5 5 5 6 12 735 1389 751 1387 733 3995 6536 754 8404 11752 738 1496 
1548 4 1 0 0 0 0 8 2 2 2 5 6 11 850 851 709 8551 10337 6478 10837 11710 10822 10339 8561 
1549 4 1 0 2 0 0 8 2 2 5 5 6 12 8560 8339 852 11715 10438 8622 11718 702 8578 857 858 8582 
1550 4 1 2 0 0 0 8 2 5 3 5 6 12 10838 865 6707 6708 3164 10853 867 10841 6529 8635 3197 8697 
1551 4 1 2 3 0 0 8 2 5 5 5 6 12 8636 6535 6537 10507 3996 736 2510 8649 902 8648 873 903 
1552 3 0 0 0 0 6 4 2 2 3 5 8 11 7643 10338 10430 7642 10341 10439 8565 2448 10351 7646 8342 
1553 3 0 0 3 0 6 4 2 2 5 5 8 12 10363 7650 10364 4990 10447 10449 6489 10376 7682 10456 10375 2449 
1554 3 0 2 0 0 6 4 2 5 2 5 8 12 8613 10492 7951 10440 7953 11748 6530 8397 5028 10501 5006 8395 
1555 3 0 2 2 0 6 4 2 5 5 5 8 12 8637 10509 6714 5030 10549 11753 7727 8704 11775 6158 7726 10518 
1556 3 2 0 0 0 6 4 2 2 2 5 8 11 8552 8556 7877 6078 7878 8563 8566 8626 7889 7890 7888 
1557 3 2 0 2 0 6 4 2 2 5 5 8 12 8623 7892 7898 8572 7899 8573 7961 8580 6088 7909 8579 6121 
1558 3 2 2 0 0 6 4 2 5 2 5 8 12 8678 7945 7944 7942 6709 8674 8675 7946 8677 7943 8614 7954 
1559 3 2 2 2 0 6 4 2 5 5 5 8 12 7952 3193 8683 7960 8709 6159 3208 8705 8645 877 6122 6123 
1560 4 0 0 0 0 6 8 1 2 3 5 8 11 10431 11711 6480 10340 10443 10352 6482 2021 6483 10354 10366 
1561 4 0 0 3 0 6 8 1 2 5 5 8 12 10365 8341 10448 10460 10378 10458 10457 10459 6510 11720 10377 2450 
1562 4 0 2 0 0 6 8 1 5 2 5 8 12 5001 10428 10493 5000 5002 3991 5003 10503 10502 5008 2020 5027 
1563 4 0 2 2 0 6 8 1 5 5 5 8 12 5026 8396 10510 8400 5031 5029 8399 8405 3166 3168 5034 8406 
1564 4 1 0 0 0 6 8 2 2 2 5 8 11 8611 8554 8553 8616 8555 8612 8615 8564 8627 6647 8562 
1565 4 1 0 2 0 6 8 2 2 5 5 8 12 8624 8574 6650 4036 10367 6649 8644 8646 8647 6652 8583 10374 
1566 4 1 2 0 0 6 8 2 5 3 5 8 12 8679 6711 6710 3205 3206 8676 3993 8684 5005 3194 3195 10508 
1567 4 1 2 3 0 6 8 2 5 5 5 8 12 3198 8695 3167 2511 8708 10519 2509 3210 4006 8706 3209 3211 
1568 3 0 0 0 5 0 4 1 3 2 8 5 11 3986 7644 3978 4993 2446 7677 7699 10355 7679 10444 7678 
1569 3 0 0 2 5 0 4 1 3 5 8 5 12 10368 1486 7651 7652 1715 8369 1714 2018 3159 2019 2451 8371 
1570 3 0 3 0 5 0 4 1 5 2 8 5 11 5004 2456 11745 1724 11749 6514 6531 7722 10505 10543 7721 
1571 3 0 3 2 5 0 4 1 5 5 8 5 12 7720 7701 1492 10513 10511 10552 8403 5035 7730 2026 2028 4009 
1572 3 1 0 0 5 0 4 2 2 2 8 5 11 10823 7882 6673 10346 7894 10825 4994 3987 8628 7895 10357 
1573 3 1 0 2 5 0 4 2 2 5 8 5 12 7893 10370 4037 7901 7902 6086 1488 4992 3161 1717 7914 6127 
1574 3 1 2 0 5 0 4 2 5 2 8 5 12 8725 2519 8726 3992 8384 2506 2457 2507 5009 2508 6694 8688 
1575 3 1 2 2 5 0 4 2 5 5 8 5 12 6115 7959 6156 6675 1494 752 8729 6143 6161 6160 1737 4010 
1576 4 0 0 0 5 0 8 1 2 2 8 5 11 11712 10437 10434 10436 1702 1703 10356 11716 10358 6505 1384 
1577 4 0 0 2 5 0 8 1 2 5 8 5 12 1487 10445 1704 10371 10450 10384 10462 2023 3162 1706 1707 1705 
1578 4 0 2 0 5 0 8 1 5 3 8 5 12 1723 11743 10548 1490 1493 10506 6515 11750 11751 1386 10514 8370 
1579 4 0 2 3 5 0 8 1 5 5 8 5 12 10512 10550 753 1726 10520 1728 2027 10522 1727 4011 1736 3988 
1580 4 1 0 0 5 0 8 2 2 2 8 5 11 8559 10347 10824 8617 10839 1485 10359 10827 8569 10826 8630 
1581 4 1 0 2 5 0 8 2 2 5 8 5 12 8576 10828 8577 10829 10373 10372 8643 10461 8650 10381 8585 1718 
1582 4 1 2 0 5 0 8 2 5 3 8 5 12 10496 10495 8682 3207 8727 8690 8691 10546 1725 6695 10515 8698 
1583 4 1 2 3 5 0 8 2 5 5 8 5 12 10553 8728 8730 10554 10516 6718 1735 8408 6719 10521 8707 8712 
1584 3 0 0 0 5 5 4 2 2 3 8 8 11 10349 10432 11713 10342 6506 7896 6485 7897 7648 10362 7905 
1585 3 0 0 3 5 5 4 2 2 5 8 8 12 6487 7900 7653 7904 7681 10454 10383 6091 10464 10382 7912 6129 
1586 3 0 2 0 5 5 4 2 5 3 8 8 12 6140 7718 7717 7719 6154 7956 7700 7955 10547 7725 8402 7724 
1587 3 0 2 3 5 5 4 2 5 5 8 8 12 7723 7731 10524 6164 7728 6163 7683 7729 8410 10523 6119 6128 
1588 3 2 0 0 5 5 4 2 2 2 8 8 11 8618 7883 6080 7948 6079 7949 7884 6081 6082 7891 6083 
1589 3 2 0 2 5 5 4 2 2 5 8 8 12 7958 6087 6085 7903 6090 6089 8651 6120 7913 6125 6124 6126 
1590 3 2 2 0 5 5 4 2 5 2 8 8 12 8680 7947 8620 6713 6141 7950 6139 8633 6116 7957 6155 8693 
1591 3 2 2 2 5 5 4 2 5 5 8 8 12 6118 6157 8702 8641 6717 6715 8710 8652 6165 6142 6162 6144 
1592 4 0 0 0 5 5 8 1 2 2 8 8 11 10348 10350 10345 10435 10343 6486 11717 6507 10360 6484 10446 
1593 4 0 0 2 5 5 8 1 2 5 8 8 12 8343 8344 10369 10455 8368 6509 6488 10453 10463 10385 10386 8346 
1594 4 0 2 0 5 5 8 1 5 3 8 8 12 10498 10499 11744 10494 10497 8398 6516 10504 6532 10517 6518 10452 
1595 4 0 2 3 5 5 8 1 5 5 8 8 12 8385 6517 6508 10451 6538 10551 8401 4007 8386 8409 8411 8407 
1596 4 1 0 0 5 5 8 2 2 2 8 8 11 6674 8557 10344 8558 6646 10433 10361 8567 6648 8571 8629 
1597 4 1 0 2 5 5 8 2 2 5 8 8 12 8568 8634 8631 8570 8575 6651 8639 6653 8586 6654 8584 8345 
1598 4 1 2 0 5 5 8 2 5 3 8 8 12 8681 6712 8619 10500 8632 8686 8692 8687 8694 6533 8689 8701 
1599 4 1 2 3 5 5 8 2 5 5 8 8 12 8699 6696 8700 8638 8703 6519 8642 8640 6716 6539 6720 8711 
1600 3 0 0 5 0 0 4 1 2 6 5 6 11 7656 7659 8351 7658 722 10465 11723 6494 10392 10389 6493 
1601 3 0 0 6 0 0 4 1 2 8 5 6 12 7669 7691 10404 7671 7695 11730 7672 10414 7696 10485 10417 7673 
1602 3 0 2 5 0 0 4 1 5 6 5 6 11 10469 741 7732 757 8387 11787 11778 6546 7736 7737 11777 
1603 3 0 2 6 0 0 4 1 5 8 5 6 12 11776 4002 11761 5036 7743 5025 6557 8429 5038 10537 4005 5024 
1604 3 1 0 5 0 0 4 2 2 7 5 6 11 8349 8653 6092 10466 10468 6097 10391 7916 8592 10830 10403 
1605 3 1 0 7 0 0 4 2 2 8 5 6 12 10399 6106 6107 7921 10832 7933 8603 7931 10834 7932 10484 7936 
1606 3 1 2 5 0 0 4 2 5 6 5 6 12 889 906 8414 6721 6722 8412 874 6520 8656 11754 8419 6724 
1607 3 1 2 6 0 0 4 2 5 8 5 6 12 6174 6172 5018 6551 3163 6688 6135 2454 8721 6134 5023 8666 
1608 4 0 0 5 0 0 8 1 3 6 5 6 11 6490 739 6491 8347 740 10388 10393 704 10394 11755 11722 
1609 4 0 0 6 0 0 8 1 3 8 5 6 12 724 11724 2024 10477 728 10400 2452 11728 5020 10401 10483 10415 
1610 4 0 3 5 0 0 8 1 5 6 5 6 12 1497 759 5013 6540 3170 5014 3171 11784 743 11785 8416 8418 
1611 4 0 3 6 0 0 8 1 5 8 5 6 12 8420 8425 5017 5019 1498 1500 8428 6553 6554 1499 11769 11768 
1612 4 1 0 5 0 0 8 2 2 7 5 6 11 8352 859 10470 723 860 8657 726 2025 8589 11725 8596 
1613 4 1 0 7 0 0 8 2 2 8 5 6 12 3982 10833 882 10845 11729 10416 10418 8604 10835 10849 10836 6691 
1614 4 1 2 5 0 0 8 2 5 6 5 6 12 6723 3169 8715 875 904 890 905 11756 5015 10844 893 10842 
1615 4 1 2 6 0 0 8 2 5 8 5 6 12 10843 878 894 761 907 6730 911 5021 11762 11790 6558 8667 
1616 3 0 0 5 0 6 4 1 3 6 5 8 11 721 7654 7657 10387 7655 7660 10467 7668 7667 8359 10390 
1617 3 0 0 6 0 6 4 1 3 8 5 8 12 7705 744 725 7692 742 7690 10402 745 708 731 732 748 
1618 3 0 3 5 0 6 4 1 5 6 5 8 12 10529 8413 758 5011 10525 8415 7733 7734 7738 7706 7739 7707 
1619 3 0 3 6 0 6 4 1 5 8 5 8 12 8417 11786 760 7735 765 8427 763 11788 11789 766 750 6555 
1620 3 1 0 5 0 6 4 2 1 6 5 8 11 6093 6099 6095 6094 6098 6655 6657 6096 8591 7917 7915 
1621 3 1 0 6 0 6 4 2 1 8 5 8 12 6105 6664 7922 7923 864 8598 7937 7935 7930 7934 8605 8602 
1622 3 1 1 5 0 6 4 2 5 6 5 8 12 6168 8655 8654 8732 8731 6166 880 6132 881 6130 6150 6148 
1623 3 1 1 6 0 6 4 2 5 8 5 8 12 6131 6173 6149 895 909 898 10847 899 884 912 915 10850 
1624 4 0 0 5 0 6 8 1 3 6 5 8 11 5012 3997 10527 703 8348 6495 8361 705 8379 8378 8391 
1625 4 0 0 6 0 6 8 1 3 8 5 8 12 8377 11726 727 706 3983 707 11736 11737 749 10419 11738 730 
1626 4 0 3 5 0 6 8 1 5 6 5 8 12 10530 6542 6543 10555 6541 10528 10526 5016 8390 762 8421 6547 
1627 4 0 3 6 0 6 8 1 5 8 5 8 12 764 5037 8426 746 747 6550 4001 4004 6556 4003 767 768 
1628 4 1 0 5 0 6 8 2 2 6 5 8 11 876 6656 6658 8350 6665 6687 8360 6685 8590 861 6686 
1629 4 1 0 6 0 6 8 2 2 8 5 8 12 8597 863 862 885 729 3188 883 10846 886 6669 8606 10851 
1630 4 1 2 5 0 6 8 2 5 6 5 8 12 6678 2512 6677 6676 3212 3213 8713 892 891 8714 3201 11757 
1631 4 1 2 6 0 6 8 2 5 8 5 8 12 879 908 8389 6725 896 6726 6548 897 3202 900 10570 901 
1632 3 0 0 5 5 0 4 1 2 6 8 5 11 7662 7663 7687 2443 3980 7661 2444 7670 7694 3989 8382 
1633 3 0 0 6 5 0 4 1 2 8 8 5 12 2445 6500 11731 4997 10410 1721 6513 6503 6502 1711 3985 7674 
1634 3 0 2 5 5 0 4 1 5 6 8 5 11 7704 4008 7703 3999 3998 10556 7702 8423 1740 7710 2458 
1635 3 0 2 6 5 0 4 1 5 8 8 5 12 8393 1730 11764 2459 1722 11763 6552 10539 10538 10571 7711 7697 
1636 3 1 0 5 5 0 4 2 3 7 8 5 11 6492 6101 3979 2501 4000 2500 8658 7919 2502 7927 7926 
1637 3 1 0 7 5 0 4 2 3 8 8 5 12 7925 2453 6108 6133 6499 2503 2505 2504 2455 6110 7939 7938 
1638 3 1 3 5 5 0 4 2 5 6 8 5 12 6521 2520 3199 2513 6167 2514 2516 2515 8734 6549 2523 2522 
1639 3 1 3 6 5 0 4 2 5 8 8 5 12 2521 6152 2517 10564 8719 2524 8745 6153 2525 2518 2460 2461 
1640 4 0 0 5 5 0 8 1 2 7 8 5 11 8354 8372 1719 8353 1710 10395 10397 11727 10475 10405 10406 
1641 4 0 0 7 5 0 8 1 2 8 8 5 12 11733 10479 1720 11732 10478 10489 10420 1713 1712 10425 10486 11739 
1642 4 0 2 5 5 0 8 1 5 7 8 5 12 1729 10559 8388 10531 10557 11759 1739 1731 10561 11781 11766 11765 
1643 4 0 2 7 5 0 8 1 5 8 8 5 12 10535 10565 10566 6523 11771 1734 11770 10573 1742 1732 1741 10572 
1644 4 1 0 5 5 0 8 2 2 6 8 5 11 3981 8587 6684 6680 8373 6659 8588 3187 1708 10396 8594 
1645 4 1 0 6 5 0 8 2 2 8 8 5 12 1709 6666 10831 8661 10474 6501 10487 8607 8673 6671 6504 8608 
1646 4 1 2 5 5 0 8 2 5 7 8 5 12 6522 8733 6698 3200 8659 6728 11758 8735 11780 1738 6689 8720 
1647 4 1 2 7 5 0 8 2 5 8 8 5 12 10536 8663 8662 10848 8737 8738 8740 1733 10574 8741 6692 8723 
1648 3 0 0 5 5 5 4 1 2 6 8 8 11 7664 8375 7686 7689 7666 8356 7665 7684 7685 8355 6496 
1649 3 0 0 6 5 5 4 1 2 8 8 8 12 8380 7693 10412 10407 10482 10481 8362 10421 10491 8363 7675 7698 
1650 3 0 2 5 5 5 4 1 5 7 8 8 12 7688 7741 7709 10534 11760 7740 7742 11779 7708 11734 11783 10569 
1651 3 0 2 7 5 5 4 1 5 8 8 8 12 7712 11774 11773 10541 7713 10540 10490 7744 7745 7746 11772 10488 
1652 3 1 0 5 5 5 4 2 2 7 8 8 11 6103 6104 6100 6102 6660 7920 8593 7918 7929 7928 6668 
1653 3 1 0 7 5 5 4 2 2 8 8 8 12 8601 6667 8600 7924 7941 6672 7940 10423 6111 6109 8668 6693 
1654 3 1 2 5 5 5 4 2 5 6 8 8 12 6169 6681 8374 6171 6170 6145 6146 6147 6699 8716 8717 6151 
1655 3 1 2 6 5 5 4 2 5 8 8 8 12 6175 6176 6704 8664 6732 11782 6733 6177 8742 10575 6136 8743 
1656 4 0 0 5 5 5 8 1 2 6 8 8 11 8357 10473 8376 8358 10472 10471 6497 8381 6498 10476 10398 
1657 4 0 0 6 5 5 8 1 2 8 8 8 12 10413 10411 4998 10409 3990 10480 10408 11735 3984 4996 10422 10424 
1658 4 0 2 5 5 5 8 1 5 6 8 8 12 10533 10560 6545 6544 10532 8394 6511 8422 8392 10563 8424 10562 
1659 4 0 2 6 5 5 8 1 5 8 8 8 12 10568 10567 11767 5022 8430 10577 6524 10576 8383 6559 10542 10578 
1660 4 1 0 5 5 5 8 2 2 7 8 8 11 6662 6679 6663 6661 6682 6683 8595 6512 8660 3189 3190 
1661 4 1 0 7 5 5 8 2 2 8 8 8 12 8599 6690 3192 8665 3191 8672 8610 8669 6670 8671 8609 8364 
1662 4 1 2 5 5 5 8 2 5 7 8 8 12 10558 8718 6697 6702 8736 910 6729 6727 6701 6700 6703 3203 
1663 4 1 2 7 5 5 8 2 5 8 8 8 12 3204 914 6705 913 8739 6731 8744 6734 8724 8722 6735 8670 
1664 3 0 5 0 0 0 4 1 6 2 4 6 11 7802 10581 11792 7748 10580 6563 8445 6592 10585 11798 6564 
1665 3 0 5 2 0 0 4 1 6 5 4 6 12 7766 8452 8489 7765 7805 10631 8490 7804 7775 7776 4017 10599 
1666 3 0 6 0 0 0 4 1 8 3 4 6 11 6038 11826 7821 7842 10734 7841 10733 11830 10746 10747 8504 
1667 3 0 6 3 0 0 4 1 8 5 4 6 12 10687 10759 7847 7848 7846 1524 10773 7827 10770 5090 6042 7849 
1668 3 1 5 0 0 0 4 2 7 2 4 6 11 6178 8747 6253 6254 6192 8442 6194 8749 8822 6191 6190 
1669 3 1 5 2 0 0 4 2 7 5 4 6 12 6256 10590 6258 8754 8785 2030 6216 1510 4016 6215 10598 8493 
1670 3 1 7 0 0 0 4 2 8 2 4 6 12 10667 6296 6297 6278 6279 8811 6277 10669 8889 6282 8502 6301 
1671 3 1 7 2 0 0 4 2 8 5 4 6 12 6280 8526 6281 6302 6303 8898 6307 8503 6308 1516 4022 8844 
1672 4 0 5 0 0 0 8 1 6 2 4 6 11 10579 2462 2466 8431 1507 11793 5039 5064 5041 11799 2463 
1673 4 0 5 2 0 0 8 1 6 5 4 6 12 8453 1390 1391 10632 1393 10591 8458 1511 5072 1502 1503 8459 
1674 4 0 6 0 0 0 8 1 8 3 4 6 12 10668 10621 10735 6593 6622 1364 11831 10748 8524 1365 2471 1395 
1675 4 0 6 3 0 0 8 1 8 5 4 6 12 1398 8505 8527 1396 1394 10696 1517 10700 2034 2029 10642 1523 
1676 4 1 5 0 0 0 8 2 6 2 4 6 11 8746 8771 8772 8748 8485 10582 6742 8750 8751 1363 10586 
1677 4 1 5 2 0 0 8 2 6 5 4 6 12 11797 6751 8786 1392 10594 6759 916 8796 8792 917 10648 6787 
1678 4 1 6 0 0 0 8 2 8 3 4 6 12 8876 8770 10736 8875 8890 1397 8823 10690 10760 6784 8899 6785 
1679 4 1 6 3 0 0 8 2 8 5 4 6 12 10688 8795 8910 10701 1522 8843 8907 8845 10774 8842 8846 8791 
1680 3 0 5 0 0 6 4 1 6 2 4 8 11 7803 8432 10622 10623 7747 7749 7756 10627 6019 7757 7758 
1681 3 0 5 2 0 6 4 1 6 5 4 8 12 7767 10633 7806 7777 7778 7779 10596 10643 10644 6595 6006 775 
1682 3 0 6 0 0 6 4 1 8 2 4 8 12 7843 11827 7801 7823 6039 7822 10670 7844 7824 6056 6624 8488 
1683 3 0 6 2 0 6 4 1 8 5 4 8 12 7845 11832 7825 7826 5068 5095 6060 7850 7851 6628 6040 6041 
1684 3 1 5 0 0 6 4 2 6 2 4 8 11 11791 6180 6255 6179 6744 6195 6594 6257 10587 8781 6743 
1685 3 1 5 2 0 6 4 2 6 5 4 8 12 6193 6753 5043 6205 6760 6761 6762 6217 3216 6219 6218 8491 
1686 3 1 6 0 0 6 4 2 8 2 4 8 12 8814 8813 8521 6298 10737 10678 10679 8825 10749 8824 6623 8891 
1687 3 1 6 2 0 6 4 2 8 5 4 8 12 5089 10762 10691 8834 10689 8833 6309 8900 10761 10775 8908 6788 
1688 4 0 5 0 0 6 8 1 6 3 4 8 11 8433 6560 10583 8434 8486 8435 8444 6565 8443 10592 6570 
1689 4 0 5 3 0 6 8 1 6 5 4 8 12 8454 10635 10636 8455 10637 10634 10645 6574 10595 8460 10597 10600 
1690 4 0 6 0 0 6 8 1 8 3 4 8 12 8487 8522 6606 10732 8523 8501 10671 6607 6609 10629 8525 8528 
1691 4 0 6 3 0 6 8 1 8 5 4 8 12 5096 10764 10692 10763 10698 10776 10699 10646 6629 10771 10772 8492 
1692 4 1 5 0 0 6 8 2 7 2 4 8 11 8812 6737 10624 6736 8775 8773 8774 8782 10628 8779 8780 
1693 4 1 5 2 0 6 8 2 7 5 4 8 12 8787 6752 8788 6786 10647 8794 8793 6596 4015 10649 6789 10601 
1694 4 1 7 0 0 6 8 2 8 3 4 8 12 8877 8815 8500 8826 6608 10680 8888 8887 8892 8835 8836 8529 
1695 4 1 7 3 0 6 8 2 8 5 4 8 12 4026 6824 8901 6825 6627 6823 10697 4021 3229 6826 8909 8847 
1696 3 0 5 0 4 0 4 1 6 2 8 6 11 7755 7752 7753 10584 7754 7762 8449 7759 7760 6020 8450 
1697 3 0 5 2 4 0 4 1 6 5 8 6 12 7772 793 6023 791 7771 774 1744 6004 6026 794 5050 10602 
1698 3 0 6 0 4 0 4 1 8 2 8 6 11 11828 788 6053 6052 6054 6021 5066 5065 10758 6057 814 
1699 3 0 6 2 4 0 4 1 8 5 8 6 12 815 813 6024 6022 2036 4023 795 2482 4028 4027 821 6027 
1700 3 1 5 0 4 0 4 2 6 2 8 6 11 6189 2526 6741 6186 6200 6746 6747 6198 8447 6196 5042 
1701 3 1 5 2 4 0 4 2 6 5 8 6 12 6748 6202 6199 6197 8448 6213 771 6755 6573 6208 6259 772 
1702 3 1 6 0 4 0 4 2 8 2 8 6 12 811 6299 835 10674 8882 6300 789 790 6306 837 8893 6304 
1703 3 1 6 2 4 0 4 2 8 5 8 6 12 6820 6305 816 818 8902 838 10767 11834 6260 840 841 5091 
1704 4 0 5 0 4 0 8 1 6 3 8 6 11 11794 8438 3172 5040 11801 8451 5067 1501 10593 1743 769 
1705 4 0 5 3 4 0 8 1 6 5 8 6 12 770 792 10638 5073 796 5047 11804 1747 797 798 776 1745 
1706 4 0 6 0 4 0 8 1 8 2 8 6 12 10675 11796 11829 6619 2031 6620 4025 11833 11802 10753 10754 836 
1707 4 0 6 2 4 0 8 1 8 5 8 6 12 2472 819 11835 817 1509 839 2035 11836 10779 1518 822 11838 
1708 4 1 5 0 4 0 8 2 7 2 8 6 11 8437 5059 787 8776 6739 8752 10588 8753 6750 6749 812 
1709 4 1 5 2 4 0 8 2 7 5 8 6 12 8832 5069 6756 1508 6757 6571 3222 5048 2473 773 820 918 
1710 4 1 7 0 4 0 8 2 8 2 8 6 12 8879 10738 8885 8884 8883 8878 2531 8831 10681 8894 10750 8895 
1711 4 1 7 2 4 0 8 2 8 5 8 6 12 8903 2037 8838 10769 2532 8906 8904 8837 1748 1749 8911 842 
1712 3 0 5 0 4 6 4 1 6 3 8 8 11 7750 8439 7751 7764 7763 7761 6000 7774 7773 7769 6001 
1713 3 0 5 3 4 6 4 1 6 5 8 8 12 8456 7770 6003 7768 6002 10640 6597 8461 6025 6009 6008 6007 
1714 3 0 6 0 4 6 4 1 8 2 8 8 12 10625 6055 10744 5061 10739 10740 10742 10672 6621 10677 10684 10682 
1715 3 0 6 2 4 6 4 1 8 5 8 8 12 10685 10755 10752 10756 10765 6059 6058 10694 10777 10780 11803 3173 
1716 3 1 5 0 4 6 4 2 6 2 8 8 11 8777 6184 6183 6182 6187 6181 6185 6188 6738 6203 6201 
1717 3 1 5 2 4 6 4 2 6 5 8 8 12 6204 6207 6214 6758 6212 6209 6211 6206 6210 6572 8790 3220 
1718 3 1 6 0 4 6 4 2 8 3 8 8 12 11795 8881 8817 8880 10676 8886 8819 8821 8783 8896 8897 8840 
1719 3 1 6 3 4 6 4 2 8 5 8 8 12 8905 2032 8912 8913 6284 6310 8849 8848 6311 6283 8797 6312 
1720 4 0 5 0 4 6 8 1 6 2 8 8 11 4012 8441 5063 8440 5062 6562 8436 6567 8446 6566 6569 
1721 4 0 5 2 4 6 8 1 6 5 8 8 12 10589 11800 6568 5044 5071 5045 10639 5070 8462 8463 3174 5049 
1722 4 0 6 0 4 6 8 1 8 3 8 8 12 2470 10673 10741 4013 6626 10757 6625 10683 10686 10751 10693 2033 
1723 4 0 6 3 4 6 8 1 8 5 8 8 12 10766 4029 2474 6630 10782 10703 10778 10702 11837 8530 10781 5074 
1724 4 1 5 0 4 6 8 2 7 2 8 8 11 8820 3214 5060 8778 10626 6561 6740 8818 6745 3215 8784 
1725 4 1 5 2 4 6 8 2 7 5 8 8 12 4014 10630 10641 6754 8789 8457 5046 10695 8799 8798 3221 777 
1726 4 1 7 0 4 6 8 2 8 2 8 8 12 6818 6797 10745 10743 8816 6817 6819 6822 8828 6798 8829 8827 
1727 4 1 7 2 4 6 8 2 8 5 8 8 12 8830 6821 8841 8839 10768 6799 8914 6827 8850 10704 6828 6610 
1728 3 0 5 5 0 0 4 1 7 6 4 6 11 8510 6612 2467 7807 7780 6005 7781 6043 11805 11839 10712 
1729 3 0 5 6 0 0 4 1 7 8 4 6 12 6034 10611 11846 6615 7840 10726 6049 6037 6604 6013 6015 6014 
1730 3 0 7 5 0 0 4 1 8 6 4 6 11 7857 2483 8536 7854 7856 7830 8535 7855 7853 6044 10788 
1731 3 0 7 6 0 0 4 1 8 8 4 6 12 7870 6067 6046 7838 6047 10798 2476 6068 7873 6071 6070 6072 
1732 3 1 5 5 0 0 4 2 6 7 4 6 11 3217 3223 8465 10652 6598 5051 2468 8807 10659 11808 2464 
1733 3 1 5 7 0 0 4 2 6 8 4 6 12 10609 10608 10660 6582 8763 6772 6794 6234 6271 10665 6242 6243 
1734 3 1 6 5 0 0 4 2 8 6 4 6 12 6261 3226 6285 2475 8509 3230 8534 6803 10715 2484 8918 10787 
1735 3 1 6 6 0 0 4 2 8 8 4 6 12 8915 6294 6325 6639 10718 10797 6844 6642 10722 6815 6295 10724 
1736 4 0 5 5 0 0 8 1 6 7 4 6 11 8464 6599 6575 11806 10605 5076 1504 10610 1513 1506 2469 
1737 4 0 5 7 0 0 8 1 6 8 4 6 12 11812 10661 11813 5077 10615 5083 5056 10612 11819 11820 1515 2465 
1738 4 0 6 5 0 0 8 1 8 7 4 6 12 8511 8512 5097 11840 10657 10784 11841 1519 10789 5092 10719 11847 
1739 4 0 6 7 0 0 8 1 8 8 4 6 12 1521 1520 10800 10799 10801 5098 10727 6616 10725 10811 11852 10810 
1740 4 1 5 5 0 0 8 2 7 6 4 6 11 1512 8802 919 8506 3224 8755 8852 3218 6800 1505 8758 
1741 4 1 5 6 0 0 8 2 7 8 4 6 12 922 8856 8808 8764 6812 8768 10613 6796 6605 6617 1514 6778 
1742 4 1 7 5 0 0 8 2 8 6 4 6 12 3231 8531 6834 8851 6833 3227 6804 8855 8857 10785 8919 10713 
1743 4 1 7 6 0 0 8 2 8 8 4 6 12 8916 1525 1527 8860 1526 8926 8925 8934 6816 8933 6847 8866 
1744 3 0 5 5 0 6 4 1 7 6 4 8 11 7809 7808 7784 7783 7835 11807 8470 7785 7813 778 8494 
1745 3 0 5 6 0 6 4 1 7 8 4 8 12 7810 7811 8496 10607 11815 781 7817 7818 11821 7792 7794 7793 
1746 3 0 7 5 0 6 4 1 8 6 4 8 12 7831 7852 7828 8508 7829 7832 8513 7836 6045 10790 6066 7834 
1747 3 0 7 6 0 6 4 1 8 8 4 8 12 6065 6064 6634 10717 7875 8548 7872 7839 11853 8518 10813 7874 
1748 3 1 5 5 0 6 4 2 7 6 4 8 11 8800 6262 6223 923 6224 6289 7812 6767 6225 6267 6266 
1749 3 1 5 6 0 6 4 2 7 8 4 8 12 6265 8762 6272 6232 6233 926 6273 6795 6275 6241 6276 8769 
1750 3 1 7 5 0 6 4 2 8 6 4 8 12 6313 6286 6314 6287 6315 6288 7833 6801 6316 6290 8858 6808 
1751 3 1 7 6 0 6 4 2 8 8 4 8 12 8917 6293 8927 6292 8862 8924 6327 6846 6328 6330 6329 8868 
1752 4 0 5 5 0 6 8 1 6 7 4 8 11 10650 6576 8472 10658 779 8495 10606 782 5078 5053 11814 
1753 4 0 5 7 0 6 8 1 6 8 4 8 12 783 4020 11816 10664 8499 786 10618 10614 10617 785 8498 10616 
1754 4 0 6 5 0 6 8 1 8 7 4 8 12 8533 8507 10651 10705 6611 8514 6635 6636 10786 10714 5093 5094 
1755 4 0 6 7 0 6 8 1 8 8 4 8 12 11845 4024 10795 10796 10803 4031 10814 10812 8519 10663 8549 11823 
1756 4 1 5 5 0 6 8 2 6 6 4 8 11 8756 8801 8757 8471 6790 6791 6792 8806 924 6768 6766 
1757 4 1 5 6 0 6 8 2 6 8 4 8 12 927 8761 5054 3219 3225 6793 5079 8809 6779 8767 6780 6777 
1758 4 1 6 5 0 6 8 2 8 7 4 8 12 6829 6830 6802 6832 6831 8532 6810 6809 8861 3228 6813 8928 
1759 4 1 6 7 0 6 8 2 8 8 4 8 12 3232 10802 4032 8923 8869 6848 6849 10728 10723 8550 6814 8867 
1760 3 0 5 5 4 0 4 1 6 7 8 4 11 8466 7782 6028 6600 7788 1746 7814 7787 6031 7791 7789 
1761 3 0 5 7 4 0 4 1 6 8 8 4 12 7790 8478 10662 5082 7796 7797 5057 8482 7820 7798 5084 3179 
1762 3 0 6 5 4 0 4 1 8 6 8 4 11 6062 7864 10706 6061 6632 7858 7866 6631 8546 6033 7869 
1763 3 0 6 6 4 0 4 1 8 8 8 4 12 6637 2478 2477 6048 7816 7871 10805 6069 6050 6073 6051 7819 
1764 3 1 5 5 4 0 4 2 5 7 8 4 11 6221 6220 6771 6226 8473 6228 6769 2527 6231 6237 6236 
1765 3 1 5 7 4 0 4 2 5 8 8 4 12 6773 6238 2528 6247 6248 6783 6246 8484 6245 2529 7795 6244 
1766 3 1 5 5 4 0 4 2 8 6 8 4 12 2540 10708 10656 6263 6633 6264 6063 2541 10716 6270 3181 6269 
1767 3 1 5 6 4 0 4 2 8 8 8 4 12 2534 6638 6324 6322 2543 6326 2542 8863 5081 6643 8520 8873 
1768 4 0 5 5 4 0 8 1 7 6 8 4 11 3175 8468 10709 8467 5052 11810 8475 3176 8474 3177 6602 
1769 4 0 5 6 4 0 8 1 7 8 8 4 12 11817 8479 5055 3180 3178 10666 5085 5087 10619 5086 6618 6589 
1770 4 0 7 5 4 0 8 1 8 7 8 4 12 8544 3185 3184 843 8542 6613 3182 11843 6614 10791 4030 10807 
1771 4 0 7 7 4 0 8 1 8 8 8 4 12 10720 6640 10820 2479 4033 10730 10818 2480 6644 4035 6645 10729 
1772 4 1 5 5 4 0 8 2 7 6 8 4 11 8805 6763 6764 921 10707 6807 6765 10653 8759 11811 8760 
1773 4 1 5 6 4 0 8 2 7 8 8 4 12 11809 6770 8765 6774 6775 11848 8483 6781 5058 8810 10620 8871 
1774 4 1 7 5 4 0 8 2 8 7 8 4 12 2539 3186 11844 8859 10792 6843 2535 8920 2533 8865 8864 8929 
1775 4 1 7 7 4 0 8 2 8 8 8 4 12 10806 6641 8930 8937 2537 4034 8939 2544 8941 8938 2536 8874 
1776 3 0 5 5 4 4 4 1 6 6 8 8 11 6577 6029 6030 8477 6012 7786 6010 7815 804 6032 6011 
1777 3 0 5 6 4 4 4 1 6 8 8 8 12 803 8481 807 805 6036 7800 6016 6018 5088 6587 7799 6017 
1778 3 0 6 5 4 4 4 1 8 6 8 8 12 8540 7865 801 7861 7859 7862 8538 7860 824 7863 7868 845 
1779 3 0 6 6 4 4 4 1 8 8 8 8 12 10794 11842 7837 7867 11850 831 11851 6035 6075 6074 11856 11825 
1780 3 1 5 5 4 4 4 2 7 7 8 8 11 10604 800 6222 920 6230 6603 6268 6229 6227 8476 6235 
1781 3 1 5 7 4 4 4 2 7 8 8 8 12 6240 8766 8480 6239 6274 6583 11818 6249 6251 6252 6250 11855 
1782 3 1 7 5 4 4 4 2 8 6 8 8 12 8539 6318 6320 6317 6319 6835 6836 6838 6321 989 6291 8921 
1783 3 1 7 6 4 4 4 2 8 8 8 8 12 844 6323 8922 8932 11849 10809 8931 8935 8940 8872 8943 8942 
1784 4 0 5 5 4 4 8 1 7 6 8 8 11 6578 5075 10654 10603 799 6579 8469 780 6580 8517 4018 
1785 4 0 5 6 4 4 8 1 7 8 8 8 12 802 8497 5080 6585 784 6584 6586 11822 808 809 6591 10731 
1786 4 0 7 5 4 4 8 1 8 7 8 8 12 8543 10783 825 8541 10710 846 826 10793 8515 828 829 10808 
1787 4 0 7 7 4 4 8 1 8 8 8 8 12 10721 847 10804 848 849 834 10816 833 2481 10821 832 10819 
1788 4 1 5 5 4 4 8 2 7 6 8 8 11 8803 10711 823 8804 2530 10655 925 6581 6811 8516 3183 
1789 4 1 5 6 4 4 8 2 7 8 8 8 12 827 6601 4019 6776 806 830 11824 6588 6782 6590 11854 810 
1790 4 1 7 5 4 4 8 2 8 6 8 8 12 6840 6806 8854 8853 6837 6805 6839 8537 988 990 8547 8545 
1791 4 1 7 6 4 4 8 2 8 8 8 8 12 6841 6842 991 6845 3233 10815 8870 993 992 8936 10817 2538 
1792 3 2 0 0 0 0 4 3 2 3 6 4 11 1765 1207 6331 1009 6335 1443 1752 6336 1820 1819 1579 
1793 3 2 0 3 0 0 4 3 2 4 6 4 12 1581 1399 6366 1592 1013 1401 1771 1529 1330 1374 1400 1530 
1794 3 2 2 0 0 0 4 3 5 2 6 4 11 1030 2563 4046 1055 2582 1596 1780 1792 1043 1370 1449 
1795 3 2 2 2 0 0 4 3 5 4 6 4 12 6361 1607 1451 2611 1597 1404 1403 1841 1402 1535 1405 1536 
1796 3 3 0 0 0 0 4 8 2 2 6 4 11 1010 1130 3385 3413 1129 1659 994 1442 1132 1012 1905 
1797 3 3 0 2 0 0 4 8 2 4 6 4 12 3393 1580 3420 3391 1237 2674 2675 1372 2694 1373 3424 1238 
1798 3 3 2 0 0 0 4 8 5 2 6 4 12 1140 3440 1042 2099 1054 1136 1464 1141 1660 1906 1606 1662 
1799 3 3 2 2 0 0 4 8 5 4 6 4 12 1452 2719 1907 2179 1599 1598 2721 3447 1338 1611 3453 2174 
1800 4 2 0 0 0 0 8 3 3 2 6 4 11 6900 5099 3250 4049 6850 4047 2040 1827 4048 2564 996 
1801 4 2 0 2 0 0 8 3 3 4 6 4 12 2486 1011 3269 999 997 1014 4056 2567 6929 1017 1772 1444 
1802 4 2 3 0 0 0 8 3 5 2 6 4 12 10872 3265 2100 2098 1056 3263 6952 5150 5414 6998 6961 1840 
1803 4 2 3 2 0 0 8 3 5 4 6 4 12 1450 4191 3274 3279 5157 1371 5155 1609 1610 1406 4079 2591 
1804 4 3 0 0 0 0 8 8 2 2 6 4 11 4154 4325 3412 1131 995 3237 5545 5528 4327 5527 4314 
1805 4 3 0 2 0 0 8 8 2 4 6 4 12 1133 5546 3392 2676 998 5530 2677 5533 3397 2678 2169 5534 
1806 4 3 2 0 0 0 8 8 5 2 6 4 12 4183 1139 5562 1135 1138 5405 4353 1137 3268 5565 5413 6997 
1807 4 3 2 2 0 0 8 8 5 4 6 4 12 4188 1142 2180 5585 3450 3449 3448 1908 1134 5424 2707 5571 
1808 3 2 0 0 0 4 4 3 3 2 6 8 11 4050 6902 5100 6855 4052 6860 1829 6912 4051 1828 4053 
1809 3 2 0 2 0 4 4 3 3 4 6 8 12 2042 4158 1769 6869 5106 3275 6921 6930 1000 1016 6874 6879 
1810 3 2 3 0 0 4 4 3 5 2 6 8 12 10873 5406 4185 4073 3264 6987 5149 6989 3270 4189 3271 4054 
1811 3 2 3 2 0 4 4 3 5 4 6 8 12 5410 6999 5415 5421 5156 6972 3301 3303 2592 4080 4078 5381 
1812 3 3 0 0 0 4 4 8 2 2 6 8 11 6856 6853 5544 4153 6332 6852 6851 5529 6863 6859 5547 
1813 3 3 0 2 0 4 4 8 2 4 6 8 12 6861 6862 5531 6870 6922 6923 5532 8944 6927 4174 5535 1015 
1814 3 3 2 0 0 4 4 8 5 2 6 8 12 6903 6990 3266 4184 6949 6962 5412 1589 6995 5581 6963 6958 
1815 3 3 2 2 0 4 4 8 5 4 6 8 12 5411 6996 5582 8948 3277 5586 8949 5419 3302 5382 6970 6925 
1816 4 2 0 0 0 4 8 3 2 3 6 8 11 3234 6854 6904 6913 6864 6910 6911 5104 4156 2041 6868 
1817 4 2 0 3 0 4 8 3 2 4 6 8 12 2043 1770 6875 5110 6877 4159 1832 4175 6876 6878 6928 6926 
1818 4 2 2 0 0 4 8 3 5 2 6 8 12 4172 4074 6988 6950 6901 3272 6994 3273 6959 6914 1830 3299 
1819 4 2 2 2 0 4 8 3 5 4 6 8 12 4076 8947 6919 4077 5420 5423 4075 5422 6973 5383 2615 5161 
1820 4 3 0 0 0 4 8 8 2 2 6 8 11 5278 4155 4173 1588 5279 6857 6905 5280 3236 3235 4157 
1821 4 3 0 2 0 4 8 8 2 4 6 8 12 6916 6915 1590 5289 5287 6924 5288 6920 1591 5326 5327 3255 
1822 4 3 2 0 0 4 8 8 5 2 6 8 12 3267 5371 2608 6951 5372 2610 2581 2609 5373 5347 2584 2585 
1823 4 3 2 2 0 4 8 8 5 4 6 8 12 4190 5377 5583 2613 6960 2612 3278 3276 5384 2614 2616 2590 
1824 3 2 0 0 6 0 4 3 3 3 8 4 11 1766 2494 6358 6333 2565 6359 2485 1768 6363 6362 1753 
1825 3 2 0 3 6 0 4 3 3 4 8 4 12 1528 1783 1532 1531 1831 1593 1754 2038 2088 2081 1833 1773 
1826 3 2 3 0 6 0 4 3 5 3 8 4 11 1781 2583 6402 6404 1608 6403 6387 6386 1784 1541 1540 
1827 3 2 3 3 6 0 4 3 5 4 8 4 12 6407 1534 1794 6408 2092 2052 1795 2101 1797 1785 2051 6413 
1828 3 3 0 0 6 0 4 8 2 3 8 4 11 2547 2545 3386 4326 4312 1463 6337 2566 2549 2164 1821 
1829 3 3 0 3 6 0 4 8 2 4 8 4 12 6342 2568 2693 2548 2165 6368 2086 2082 2679 1903 1904 6345 
1830 3 3 2 0 6 0 4 8 5 3 8 4 12 4187 3414 3441 4186 4340 2705 2706 2586 1661 4328 2720 2589 
1831 3 3 2 3 6 0 4 8 5 4 8 4 12 2587 2168 2722 2588 2724 2093 2708 3426 3425 2709 1844 2102 
1832 4 2 0 0 6 0 8 3 2 3 8 4 11 1751 1750 1767 2496 2495 2487 6871 2550 5107 3239 3240 
1833 4 2 0 3 6 0 8 3 2 4 8 4 12 3253 3238 1533 3254 5128 4042 1755 1822 2039 2044 2080 5329 
1834 4 2 2 0 6 0 8 3 5 3 8 4 12 3251 3252 3298 10874 1793 6992 1782 10875 5138 4055 3300 4057 
1835 4 2 2 3 6 0 8 3 5 4 8 4 12 8950 5140 5425 1542 5159 1843 1796 1845 2094 2103 2050 2087 
1836 4 3 0 0 6 0 8 8 3 2 8 4 11 4339 2546 6907 6906 4313 3387 5524 6858 2691 1462 3390 
1837 4 3 0 2 6 0 8 8 3 4 8 4 12 6917 6865 5323 2692 2167 3422 3421 5550 3399 5328 5553 3398 
1838 4 3 3 0 6 0 8 8 5 3 8 4 12 5407 4341 1850 6993 5580 5348 3470 3469 5566 3472 5570 5426 
1839 4 3 3 3 6 0 8 8 5 4 8 4 12 1842 2173 5569 6968 2723 2181 5386 5385 5356 1851 3454 3455 
1840 3 2 0 0 6 4 4 3 2 3 8 8 11 5101 6360 6334 6338 6365 6339 6364 5290 6341 5108 6340 
1841 3 2 0 3 6 4 4 3 2 4 8 8 12 5129 5130 6367 6369 6370 6371 6372 5296 5330 6344 6343 5295 
1842 3 2 2 0 6 4 4 3 5 2 8 8 12 5125 5317 6385 5139 5408 6390 6388 6389 6406 6405 5351 5417 
1843 3 2 2 2 6 4 4 3 5 4 8 8 12 5416 6411 8951 6409 5141 5160 6410 6412 6414 6415 6416 6975 
1844 3 3 0 0 6 4 4 8 3 3 8 8 11 5525 6908 5543 5318 6866 5548 5322 6867 6918 5321 6873 
1845 3 3 0 3 6 4 4 8 3 4 8 8 12 3394 5325 6872 3395 5552 5551 3423 6969 5324 5554 5297 5555 
1846 3 3 3 0 6 4 4 8 5 2 8 8 12 5349 5579 6953 5409 5578 6991 3471 5563 5567 5352 7000 3473 
1847 3 3 3 2 6 4 4 8 5 4 8 8 12 5584 7159 3475 5427 7160 7165 3476 5388 5357 5572 3456 5387 
1848 4 2 0 0 6 4 8 3 3 3 8 8 11 5102 5126 5281 5127 5103 6909 5105 5320 5142 5291 5109 
1849 4 2 0 3 6 4 8 3 3 4 8 8 12 5292 5294 5112 5133 5131 4044 4043 4176 5111 5132 4038 4059 
1850 4 2 3 0 6 4 8 3 5 2 8 8 12 5375 5154 5152 5151 6956 6955 5374 6954 5153 6964 5350 6965 
1851 4 2 3 2 6 4 8 3 5 4 8 8 12 5418 5378 5158 8952 5163 4058 6974 5359 5358 4081 4082 5162 
1852 4 3 0 0 6 4 8 8 3 2 8 8 11 5283 5526 3417 3388 5542 3389 3415 5282 5319 3416 5285 
1853 4 3 0 2 6 4 8 8 3 4 8 8 12 5284 5286 3418 3419 5549 3396 5353 5293 3427 4161 4160 5331 
1854 4 3 3 0 6 4 8 8 5 2 8 8 12 3444 5376 3443 6957 5564 3442 6966 3446 4354 3445 5568 5379 
1855 4 3 3 2 6 4 8 8 5 4 8 8 12 3474 5380 7161 3451 5354 5355 6967 3452 3477 4355 5573 5389 
1856 3 2 0 4 0 0 4 3 2 6 6 4 11 1756 2498 1366 1584 1367 6348 6374 2572 1332 1368 2554 
1857 3 2 0 6 0 0 4 3 2 8 6 4 12 6375 5120 1761 1586 1760 1369 1762 6354 6380 1377 2578 1587 
1858 3 2 2 4 0 0 4 3 5 6 6 4 11 1601 1333 1543 1602 1407 1334 1613 4060 1539 1538 6394 
1859 3 2 2 6 0 0 4 3 5 8 6 4 12 1603 1544 1336 1604 4065 1335 1408 1409 1337 1615 6397 1410 
1860 3 3 0 4 0 0 4 8 2 6 6 4 11 2697 2696 1445 1582 2695 2680 1239 3400 1823 2555 2685 
1861 3 3 0 6 0 0 4 8 2 8 6 4 12 2700 2699 2698 4333 1585 1376 1375 2687 3436 4336 1447 2560 
1862 3 3 2 4 0 0 4 8 5 6 6 4 12 3479 3428 3429 2175 1909 2622 1612 3481 2725 3459 1854 1910 
1863 3 3 2 6 0 0 4 8 5 8 6 4 12 3483 1911 3487 2714 1605 1848 2701 1614 2177 2717 1856 3491 
1864 4 2 0 4 0 0 8 3 3 6 6 4 11 5114 1537 1824 1331 4063 4039 3256 1595 10855 2045 2573 
1865 4 2 0 6 0 0 8 3 3 8 6 4 12 5121 2083 4170 4067 1448 1839 2048 2047 5122 4070 5123 4171 
1866 4 2 3 4 0 0 8 3 5 6 6 4 12 1600 4061 10856 4062 5431 5171 2637 5170 10857 1545 1846 3282 
1867 4 2 3 6 0 0 8 3 5 8 6 4 12 2106 10876 3289 10862 4066 5174 5179 1857 2107 2605 3292 4069 
1868 4 3 0 4 0 0 8 8 2 6 6 4 11 1583 4329 3401 1019 1001 1446 2681 2684 5537 4320 2683 
1869 4 3 0 6 0 0 8 8 2 8 6 4 12 5306 7158 1594 4169 1836 4168 2686 4335 2170 2702 2689 2172 
1870 4 3 2 4 0 0 8 8 5 6 6 4 12 4356 1852 3478 2097 3457 2617 1031 3284 5432 3283 7001 2635 
1871 4 3 2 6 0 0 8 8 5 8 6 4 12 3482 2727 2715 3288 4360 3290 5436 4200 2718 2716 3492 5440 
1872 3 2 0 4 0 4 4 3 3 7 6 8 11 5299 5303 5113 6882 6883 1022 6880 8953 5307 8945 8955 
1873 3 2 0 7 0 4 4 3 3 8 6 8 12 6936 10863 8946 4068 10869 4071 10867 2049 10868 6892 5124 3294 
1874 3 2 3 4 0 4 4 3 5 6 6 8 12 1032 5164 1044 3304 5172 1033 4083 1060 1045 5429 2620 10877 
1875 3 2 3 6 0 4 4 3 5 8 6 8 12 7002 5177 5175 4199 10861 7004 4197 5181 5180 7008 5182 4202 
1876 3 3 0 4 0 4 4 8 2 6 6 8 11 5332 1002 1018 5300 5304 1004 6884 5538 6881 1005 6932 
1877 3 3 0 6 0 4 4 8 2 8 6 8 12 6933 6931 6888 6887 1026 2091 6893 6895 6941 6940 6942 1838 
1878 3 3 2 4 0 4 4 8 5 6 6 8 12 3305 2595 1020 6976 1061 1034 1059 5428 5430 2636 1046 2621 
1879 3 3 2 6 0 4 4 8 5 8 6 8 12 4196 3291 1049 1037 2089 7003 5434 4203 4201 3293 3295 1837 
1880 4 2 0 4 0 4 8 3 3 6 6 8 11 6978 2497 2095 5301 5298 4166 1003 5118 5117 2046 5116 
1881 4 2 0 6 0 4 8 3 3 8 6 8 12 1021 1023 5340 6886 4041 1024 6943 6894 1027 1029 1008 6896 
1882 4 2 3 4 0 4 8 3 5 6 6 8 12 6971 5390 5165 5166 3306 5392 1048 5366 2597 2104 10858 10878 
1883 4 2 3 6 0 4 8 3 5 8 6 8 12 1047 1062 1050 5176 3313 5435 1051 4084 4198 1041 1053 8959 
1884 4 3 0 4 0 4 8 8 3 6 6 8 11 5302 5333 5362 5334 4165 4167 4164 5365 5338 5339 1036 
1885 4 3 0 6 0 4 8 8 3 8 6 8 12 4179 3247 3260 1007 1006 2557 1025 6944 5311 1028 5312 8960 
1886 4 3 3 4 0 4 8 8 5 6 6 8 12 5360 2633 6977 5361 2096 5393 5391 1035 5367 2598 8954 5395 
1887 4 3 3 6 0 4 8 8 5 8 6 8 12 5396 2105 1052 2625 2624 1038 2638 1039 1063 1040 3316 3317 
1888 3 2 0 4 6 0 4 3 2 6 8 4 11 2499 1776 1775 2488 2570 1757 1758 2489 2556 2574 1777 
1889 3 2 0 6 6 0 4 3 2 8 8 4 12 2492 2491 2558 6350 1778 6349 1825 1779 1826 1763 2579 2561 
1890 3 2 2 4 6 0 4 3 5 7 8 4 11 1787 1853 2618 1788 1835 1799 1847 6395 6417 1800 1790 
1891 3 2 2 7 6 0 4 3 5 8 8 4 12 1789 6376 6377 1855 2575 6420 2606 6398 1802 6399 1849 6381 
1892 3 3 0 4 6 0 4 8 3 7 8 4 11 2710 1834 2571 2166 3402 2682 4334 2688 2559 6351 3433 
1893 3 3 0 7 6 0 4 8 3 8 8 4 12 3434 2703 2576 2171 3438 3437 4337 2562 2704 2580 3409 2690 
1894 3 3 3 4 6 0 4 8 5 7 8 4 12 4342 2634 2594 2619 2600 2599 2601 2713 2623 2726 2176 4348 
1895 3 3 3 7 6 0 4 8 5 8 8 4 12 3488 4361 2639 2628 3489 2629 4364 2630 2607 2182 2642 2178 
1896 4 2 0 4 6 0 8 3 3 6 8 4 11 2490 2552 3242 3243 3241 1774 2553 2551 3245 1759 4040 
1897 4 2 0 6 6 0 8 3 3 8 8 4 12 6889 1791 3249 3248 6939 3261 4045 6945 1764 3296 3297 6897 
1898 4 2 3 4 6 0 8 3 5 7 8 4 12 5143 1786 2593 2596 3285 4064 3311 1798 3310 3312 10859 8956 
1899 4 2 3 7 6 0 8 3 5 8 8 4 12 5147 3314 2604 2626 4086 5439 2640 1801 3318 5183 2641 4072 
1900 4 3 0 4 6 0 8 8 3 6 8 4 11 4316 4317 4330 2711 3403 3244 6885 3258 3431 3257 3430 
1901 4 3 0 6 6 0 8 8 3 8 8 4 12 4322 3435 4323 4321 3406 5558 3410 3262 4338 4324 3411 3467 
1902 4 3 3 4 6 0 8 8 5 7 8 4 12 4343 3480 4358 2712 3307 3458 4344 4357 5433 5587 3484 2603 
1903 4 3 3 7 6 0 8 8 5 8 8 4 12 4350 4349 4362 5575 4365 4351 3493 3466 4363 5592 5576 4352 
1904 3 2 0 4 6 4 4 3 3 7 8 8 11 6373 2569 6347 4177 6346 6934 6352 6353 10864 5343 6379 
1905 3 2 0 7 6 4 4 3 3 8 8 8 12 6378 6383 6947 6898 6355 6384 6356 5346 5137 6899 6382 6357 
1906 3 2 3 4 6 4 4 3 5 7 8 8 12 6392 6393 6391 5144 3280 5363 6396 6418 10860 6419 10866 5438 
1907 3 2 3 7 6 4 4 3 5 8 8 8 12 6423 10880 7006 6422 6421 6425 6401 5148 6424 6426 5184 6400 
1908 3 3 0 4 6 4 4 8 3 7 8 8 11 5335 4318 5556 5536 4331 4182 3246 3404 7156 6935 6890 
1909 3 3 0 7 6 4 4 8 3 8 8 8 12 3408 5557 5559 6891 5539 5308 7162 6979 8957 5369 5314 5560 
1910 3 3 3 4 6 4 4 8 5 7 8 8 12 5574 4192 1057 4359 4345 5394 3460 5589 3485 5588 5590 3464 
1911 3 3 3 7 6 4 4 8 5 8 8 8 12 7163 5437 7005 3495 5370 7009 3468 5399 6982 5400 5398 5577 
1912 4 2 0 4 6 4 8 3 3 6 8 8 11 5145 4163 5115 5336 4162 5364 5134 5135 3259 5119 5136 
1913 4 2 0 6 6 4 8 3 3 8 8 8 12 2577 6938 2493 5342 5309 6937 6946 5345 10871 10870 5315 6948 
1914 4 2 3 4 6 4 8 3 5 7 8 8 12 5167 5169 4193 3308 5168 1058 5146 5173 4195 8958 6981 6980 
1915 4 2 3 7 6 4 8 3 5 8 8 8 12 7007 5178 2627 10865 1064 4085 3315 10879 5368 6983 6985 7010 
1916 4 3 0 4 6 4 8 8 3 7 8 8 11 3281 4315 4178 5337 4319 4332 5305 3405 7157 3432 5540 
1917 4 3 0 7 6 4 8 8 3 8 8 8 12 2084 3407 5310 2085 2090 5341 5561 5316 3439 5344 5541 5313 
1918 4 3 3 4 6 4 8 8 5 7 8 8 12 4180 4347 4194 4181 4346 3309 3461 3287 3462 3486 3286 3465 
1919 4 3 3 7 6 4 8 8 5 8 8 8 12 7164 5591 3490 3463 2602 5397 6986 3494 7013 7011 6984 7012 
1920 3 2 5 0 0 0 4 3 6 3 6 4 11 1859 1870 1419 931 1616 1860 1556 1379 1069 1378 1454 
1921 3 2 5 3 0 0 4 3 6 4 6 4 12 1422 1455 1420 1457 1413 1458 1618 2112 1339 1631 1550 1619 
1922 3 2 6 0 0 0 4 3 8 2 6 4 11 1208 1209 1894 1895 1426 1882 3361 1427 1428 1435 4297 
1923 3 2 6 2 0 0 4 3 8 4 6 4 12 1637 1649 1461 1380 1650 1459 1460 1885 1436 1639 1430 1429 
1924 3 3 5 0 0 0 4 8 6 2 6 4 11 2183 1871 2189 1147 1143 1068 2756 1465 1144 1146 1381 
1925 3 3 5 2 0 0 4 8 6 4 6 4 12 1466 1150 2190 2761 3501 1453 2184 1240 2733 2765 2734 2735 
1926 3 3 6 0 0 0 4 8 8 2 6 4 12 1148 2812 3543 1913 2760 4403 1663 2813 1921 1383 1917 1382 
1927 3 3 6 2 0 0 4 8 8 4 6 4 12 2789 1665 2788 1923 1456 2763 2817 1629 1918 1651 2764 1346 
1928 4 2 5 0 0 0 8 3 6 2 6 4 11 1547 2108 4087 1858 2122 10882 1546 10884 1548 4089 4108 
1929 4 2 5 2 0 0 8 3 6 4 6 4 12 10887 1555 1421 2111 935 5233 1414 937 1551 5206 1558 1559 
1930 4 2 6 0 0 0 8 3 8 2 6 4 12 10909 5251 4145 1572 5239 2135 4139 2136 956 10913 1092 955 
1931 4 2 6 2 0 0 8 3 8 4 6 4 12 4114 1437 1564 1098 1431 962 1652 1566 1573 1565 5245 1574 
1932 4 3 5 0 0 0 8 8 6 2 6 4 11 2109 2123 2755 5593 2757 1872 2728 1145 2759 1070 1914 
1933 4 3 5 2 0 0 8 8 6 4 6 4 12 1151 1873 2732 2731 2110 2762 7034 5451 1630 4224 1620 2187 
1934 4 3 6 0 0 0 8 8 8 2 6 4 12 2152 7056 4293 1896 7105 2137 7066 7072 2153 4296 1922 2154 
1935 4 3 6 2 0 0 8 8 8 4 6 4 12 2814 5494 1886 1897 1653 2663 1640 1641 2212 3545 2766 3553 
1936 3 2 5 0 0 4 4 3 7 2 6 8 11 10883 10911 5229 7019 7022 5227 5228 5191 5192 10890 7029 
1937 3 2 5 2 0 4 4 3 7 4 6 8 12 10888 10889 5232 7035 7036 5234 7014 4226 7043 938 4264 5207 
1938 3 2 7 0 0 4 4 3 8 2 6 8 12 7110 5252 10910 5240 4276 5241 5253 7117 10912 7073 10914 7067 
1939 3 2 7 2 0 4 4 3 8 4 6 8 12 5244 5260 7125 7133 5263 7087 963 5264 5246 7131 5265 5247 
1940 3 3 5 0 0 4 4 8 7 1 6 8 11 5594 5402 5401 7023 7018 4277 5403 7058 7020 7059 7024 
1941 3 3 5 1 0 4 4 8 7 4 6 8 12 7027 4211 7030 6430 4210 7068 7078 6433 7080 4265 3324 7044 
1942 3 3 7 0 0 4 4 8 8 2 6 8 12 7108 7106 4278 7107 4279 5611 7069 5612 7074 6460 7118 7116 
1943 3 3 7 2 0 4 4 8 8 4 6 8 12 5623 7114 7115 7081 5495 7123 5496 7134 7088 1171 5614 4282 
1944 4 2 5 0 0 4 8 3 6 2 6 8 11 5404 3339 4102 5186 4088 4249 5187 5185 4205 5194 3341 
1945 4 2 5 2 0 4 8 3 6 4 6 8 12 5231 5193 4219 5202 3322 5201 4115 5200 5452 5235 5209 5208 
1946 4 2 6 0 0 4 8 3 8 2 6 8 12 7057 4146 4140 7025 7060 5243 5242 7028 4281 7031 5230 5258 
1947 4 2 6 2 0 4 8 3 8 4 6 8 12 3362 3371 5257 7082 7083 5261 5262 7126 7042 7132 7135 5468 
1948 4 3 5 0 0 4 8 8 6 2 6 8 11 7021 7026 4204 4206 5449 4213 4214 4212 4255 7032 3342 
1949 4 3 5 2 0 4 8 8 6 4 6 8 12 7039 4218 4220 3343 7037 3347 4227 4225 3325 4266 3346 5453 
1950 4 3 6 0 0 4 8 8 8 2 6 8 12 5465 7109 7061 7033 4280 3363 5450 7070 7119 3372 7071 5490 
1951 4 3 6 2 0 4 8 8 8 4 6 8 12 5466 7079 7124 7038 4299 4298 5500 4283 5467 3375 7089 5469 
1952 3 2 5 0 6 0 4 3 6 2 8 4 11 2124 2054 6428 4105 2056 2053 932 1412 6432 1411 1617 
1953 3 2 5 2 6 0 4 3 6 4 8 4 12 1549 1863 1861 936 6435 1803 1557 1804 1812 1805 2055 1811 
1954 3 2 6 0 6 0 4 3 8 2 8 4 11 1089 954 6458 6457 3370 953 1071 1090 1114 6463 979 
1955 3 2 6 2 6 0 4 3 8 4 8 4 12 6461 981 6462 982 2157 1887 2140 2074 2075 958 2068 1874 
1956 3 3 5 0 6 0 4 8 7 2 8 4 11 3319 3496 1149 2758 3497 2730 3320 2643 2631 1467 4382 
1957 3 3 5 2 6 0 4 8 7 4 8 4 12 2185 1862 2186 1628 1154 1072 1170 3544 2192 2193 1875 2736 
1958 3 3 7 0 6 0 4 8 8 3 8 4 12 4294 4400 1184 4399 1163 1162 1164 1167 1166 1115 1091 2815 
1959 3 3 7 3 6 0 4 8 8 4 8 4 12 2816 1186 2791 2203 2155 3550 1118 1094 3555 2662 2213 3546 
1960 4 2 5 0 6 0 8 3 6 2 8 4 11 4103 4250 4107 5190 4251 5189 4106 10885 933 4111 4109 
1961 4 2 5 2 6 0 8 3 6 4 8 4 12 934 4262 4117 1074 5204 4263 4231 4091 1876 2632 1806 939 
1962 4 2 6 0 6 0 8 3 8 3 8 4 12 7062 4295 2063 5486 7065 7064 2064 1116 957 980 1093 960 
1963 4 2 6 3 6 0 8 3 8 4 8 4 12 1095 959 961 2156 7127 983 1073 2076 2664 1099 964 1813 
1964 4 3 5 0 6 0 8 8 7 2 8 4 11 3520 4208 4367 4366 2729 5595 4209 4383 4369 4256 4381 
1965 4 3 5 2 6 0 8 8 7 4 8 4 12 1152 5596 3503 4371 3502 1155 1627 1153 2737 2191 1912 1100 
1966 4 3 7 0 6 0 8 8 8 2 8 4 12 2200 7113 4401 5620 2201 1183 5609 5613 2790 1165 5493 5625 
1967 4 3 7 2 6 0 8 8 8 4 8 4 12 1185 7120 1117 7128 1187 1188 1169 1168 1096 1172 3554 1190 
1968 3 2 5 0 6 4 4 3 6 3 8 8 11 4253 6429 6427 10886 4104 6431 4110 4113 5198 5197 6434 
1969 3 2 5 3 6 4 4 3 6 4 8 8 12 5205 7040 4116 4119 4118 4222 4093 4092 4233 4228 4232 1076 
1970 3 2 6 0 6 4 4 3 8 2 8 8 12 6449 4252 6459 6448 7111 5254 1814 7075 6450 5259 2138 6464 
1971 3 2 6 2 6 4 4 3 8 4 8 8 12 6465 7121 1097 5499 1101 6467 2069 6466 965 6468 3348 5502 
1972 3 3 5 0 6 4 4 8 6 3 8 8 11 4368 7166 3522 5598 3525 4258 4257 5597 4370 5599 3504 
1973 3 3 5 3 6 4 4 8 6 4 8 8 12 4384 3527 7041 4229 4372 3506 3529 4374 1075 3505 3530 3531 
1974 3 3 6 0 6 4 4 8 8 3 8 8 12 1883 3521 2202 5610 5622 1915 5621 4402 4404 2142 7084 2141 
1975 3 3 6 3 6 4 4 8 8 4 8 8 12 2204 7170 7129 7130 7174 5627 7175 1191 1189 5630 1173 1157 
1976 4 2 5 0 6 4 8 3 7 2 8 8 11 5188 1815 4254 5196 2065 4260 4259 4215 4216 5195 4112 
1977 4 2 5 2 6 4 8 3 7 4 8 8 12 5199 4223 5203 4221 4261 3345 3350 5454 3349 3326 4090 4094 
1978 4 2 7 0 6 4 8 3 8 3 8 8 12 5488 5255 5256 1884 5485 5487 2139 7122 5491 7076 2067 7086 
1979 4 2 7 3 6 4 8 3 8 4 8 8 12 2066 1816 7085 1119 5497 2070 2143 5266 1817 4147 4148 4300 
1980 4 3 5 0 6 4 8 8 7 2 8 8 11 3523 7167 3321 3340 4207 3524 3498 3499 4217 3500 1638 
1981 4 3 5 2 6 4 8 8 7 4 8 8 12 3526 7077 3344 3528 3323 4373 7045 3327 3351 3507 1156 4230 
1982 4 3 7 0 6 4 8 8 8 2 8 8 12 5489 1636 7063 1664 3547 5608 7112 1916 3549 3548 5492 5624 
1983 4 3 7 2 6 4 8 8 8 4 8 8 12 3551 2205 3552 5626 5498 5628 1919 5615 5616 5629 4301 7090 
1984 3 2 5 4 0 0 4 3 6 6 6 4 11 1415 1632 1340 1423 1623 2115 1416 1622 1865 1241 6436 
1985 3 2 5 6 0 0 4 3 6 8 6 4 12 1242 2117 1633 1425 1424 6445 1635 1625 1624 1344 1626 1418 
1986 3 2 6 4 0 0 4 3 8 6 6 4 11 1438 1642 1439 6470 1655 1656 2656 6469 6471 1440 1654 
1987 3 2 6 6 0 0 4 3 8 8 6 4 12 1647 2670 1432 1646 6472 1433 1441 2671 1434 1345 6447 1658 
1988 3 3 5 4 0 0 4 8 7 6 6 4 11 2768 2738 2739 2740 2743 3512 1341 2116 2775 2195 2745 
1989 3 3 5 6 0 0 4 8 7 8 6 4 12 1342 2773 2776 1343 2749 1634 2781 2779 2782 2754 2752 2810 
1990 3 3 7 4 0 0 4 8 8 5 6 4 12 2792 2793 2796 2819 2654 1347 1643 2798 3556 2214 2818 2820 
1991 3 3 7 5 0 0 4 8 8 8 6 4 12 2207 2821 2800 2802 2823 3561 2805 2803 1645 1657 2828 2215 
1992 4 2 5 4 0 0 8 3 6 6 6 4 11 2057 1877 1866 940 1864 1560 1552 10891 2129 4123 10896 
1993 4 2 5 6 0 0 8 3 6 8 6 4 12 1561 1867 10902 1554 1879 1868 1553 4099 1562 4133 1417 1881 
1994 4 2 6 4 0 0 8 3 8 7 6 4 12 2077 1575 1899 2657 1568 2667 1567 5480 10919 4127 1891 5515 
1995 4 2 6 7 0 0 8 3 8 8 6 4 12 1576 1900 1901 4151 1577 1578 1570 1893 1902 1880 4144 1563 
1996 4 3 5 4 0 0 8 8 6 6 6 4 11 2127 2767 2125 1878 2114 1621 2769 2126 2774 3355 2128 
1997 4 3 5 6 0 0 8 8 6 8 6 4 12 2744 2196 2777 2780 2197 2748 4240 3515 2784 2783 2121 2753 
1998 4 3 6 4 0 0 8 8 8 7 6 4 12 2159 2797 3367 2144 4390 1888 7136 2801 5633 4393 2822 2804 
1999 4 3 6 7 0 0 8 8 8 8 6 4 12 4395 2825 2824 2162 2826 4396 2827 2829 2151 5518 2150 2809 
2000 3 2 5 4 0 4 4 3 6 6 6 8 11 4235 5210 5211 2058 942 941 10881 7048 10893 10892 10894 
2001 3 2 5 6 0 4 4 3 6 8 6 8 12 944 10900 5220 7015 10898 10899 10907 10903 10904 5445 5441 7052 
2002 3 2 6 4 0 4 4 3 8 6 6 8 12 5470 5473 5509 5505 7091 1080 8961 7093 10916 8968 7137 10915 
2003 3 2 6 6 0 4 4 3 8 8 6 8 12 8970 10918 7050 8962 10920 5481 5463 7142 5516 4272 5464 5519 
2004 3 3 5 4 0 4 4 8 7 6 6 8 11 5455 2113 2145 4236 1077 7046 7047 7049 8969 1177 1178 
2005 3 3 5 6 0 4 4 8 7 8 6 8 12 7095 8963 7016 7096 8972 7102 4290 4271 8967 7053 8974 4243 
2006 3 3 7 4 0 4 4 8 8 6 6 8 12 3364 3373 5474 6451 6452 5506 2158 7092 5503 7094 7138 3368 
2007 3 3 7 6 0 4 4 8 8 8 6 8 12 7140 7139 7176 7144 7143 8973 5517 4309 5520 7150 7099 7152 
2008 4 2 5 4 0 4 8 3 6 6 6 8 11 5213 4237 5214 4095 5212 3334 5216 5215 5217 945 10895 
2009 4 2 5 6 0 4 8 3 6 8 6 8 12 4101 4100 7017 4128 10901 948 10897 4244 10906 10908 930 10905 
2010 4 2 6 4 0 4 8 3 8 6 6 8 12 3365 3374 5456 4149 4141 4287 5249 5250 4285 5248 4307 5269 
2011 4 2 6 6 0 4 8 3 8 8 6 8 12 5270 5271 10922 10921 4152 5479 4310 10924 7100 5483 8975 7151 
2012 4 3 5 4 0 4 8 8 7 6 6 8 11 4238 4284 5475 5457 4234 3335 4239 5476 5458 3369 5459 
2013 4 3 5 6 0 4 8 8 7 8 6 8 12 5477 5478 5460 8964 7098 5444 5442 7051 4245 7101 5484 5443 
2014 4 3 7 4 0 4 8 8 8 6 6 8 12 3366 5504 4302 5507 5472 2653 5471 5508 4286 4308 4306 4305 
2015 4 3 7 6 0 4 8 8 8 8 6 8 12 7146 2668 7145 2161 7097 2163 2669 8971 5482 4311 5521 8976 
2016 3 2 5 4 6 0 4 3 7 6 8 4 11 1644 4142 6437 1807 2118 4124 6438 6454 2130 2060 2059 
2017 3 2 5 6 6 0 4 3 7 8 8 4 12 2120 6439 6440 2133 2131 2132 6446 4136 4134 2062 1810 6443 
2018 3 2 7 4 6 0 4 3 8 7 8 4 11 2665 6453 4143 2079 1569 2658 4150 2660 6455 2659 6474 
2019 3 2 7 7 6 0 4 3 8 8 8 4 12 5272 6473 5273 5275 6475 2672 6476 6456 5277 1571 5276 1648 
2020 3 3 5 4 6 0 4 8 7 7 8 4 11 2742 2770 2741 2194 2648 2647 3513 2778 3516 2750 2751 
2021 3 3 5 7 6 0 4 8 7 8 8 4 12 2119 1892 2199 2198 3518 2188 2787 2785 2652 3517 2786 2651 
2022 3 3 7 4 6 0 4 8 8 7 8 4 12 2795 2794 1898 4391 1920 3377 2666 3557 3376 4394 3379 2807 
2023 3 3 7 7 6 0 4 8 8 8 8 4 12 4288 4408 3382 4292 3564 4411 4413 3563 2811 3562 4397 2673 
2024 4 2 5 4 6 0 8 3 6 7 8 4 11 2645 3328 3352 4121 1808 2649 4125 3337 4129 4131 2061 
2025 4 2 5 7 6 0 8 3 6 8 8 4 12 4241 1869 1809 8965 3358 2650 4268 4137 5446 2134 5226 4275 
2026 4 2 6 4 6 0 8 3 8 6 8 4 12 984 1818 5267 2078 2655 1889 2146 2147 5513 10927 3380 10917 
2027 4 2 6 6 6 0 8 3 8 8 8 4 12 7147 2149 2072 5274 10923 4289 3383 3384 7155 4291 7103 5522 
2028 4 3 5 4 6 0 8 8 6 7 8 4 11 3509 5600 3533 3532 3353 3336 5602 2746 3356 4375 4376 
2029 4 3 5 7 6 0 8 8 6 8 8 4 12 3537 4267 3536 3338 4273 4380 4378 5605 3519 5606 3538 3539 
2030 4 3 6 4 6 0 8 8 8 6 8 4 12 2771 5631 2799 4405 1176 4392 5632 1666 2206 2160 4303 2208 
2031 4 3 6 6 6 0 8 8 8 8 8 4 12 1668 3559 3381 5634 4410 2209 2806 4409 4412 4398 5617 2210 
2032 3 2 5 4 6 4 4 3 6 6 8 8 11 4097 1079 943 4122 4096 5218 5236 5238 1081 5462 5237 
2033 3 2 5 6 6 4 4 3 6 8 8 8 12 5221 4130 6441 5222 8966 3360 5448 4274 7055 6444 6442 4246 
2034 3 2 6 4 6 4 4 3 8 6 8 8 12 987 1078 3354 1122 968 1103 986 985 966 1121 967 971 
2035 3 2 6 6 6 4 4 3 8 8 8 8 12 1125 7141 975 1109 2073 7148 973 7104 7153 6477 10926 7054 
2036 3 3 5 4 6 4 4 8 6 6 8 8 11 5601 3534 3510 1158 3333 3514 5604 5603 1159 4386 1161 
2037 3 3 5 6 6 4 4 8 6 8 8 8 12 5461 7168 4269 4387 4242 4377 4388 3535 5447 3540 5607 4379 
2038 3 3 6 4 6 4 4 8 8 7 8 8 12 1120 1174 1104 4385 1160 1107 7171 1193 1105 1179 7172 2661 
2039 3 3 6 7 6 4 4 8 8 8 8 8 12 7173 1182 7149 2808 7179 7177 5619 5636 5618 2211 7169 5637 
2040 4 2 5 4 6 4 8 3 6 7 8 8 11 4120 3329 4098 4126 5219 1083 946 947 5223 929 1065 
2041 4 2 5 7 6 4 8 3 6 8 8 8 12 950 4132 928 1085 951 949 952 4247 5224 4135 4138 5225 
2042 4 2 6 4 6 4 8 3 8 6 8 8 12 969 5511 2646 5510 5268 1102 2071 970 1106 1082 1123 972 
2043 4 2 6 6 6 4 8 3 8 8 8 8 12 5512 974 1086 1126 977 1112 1128 7154 1087 976 10925 978 
2044 4 3 5 4 6 4 8 8 7 6 8 8 11 3330 2644 1667 3508 1890 3511 3331 3332 2772 2747 3357 
2045 4 3 5 6 6 4 8 8 7 8 8 8 12 4270 3359 1084 1108 4389 1088 3542 4248 3541 1066 1111 1067 
2046 4 3 7 4 6 4 8 8 8 6 8 8 12 5501 1175 4406 4304 1192 4407 3558 3378 1194 2148 5514 3560 
2047 4 3 7 6 6 4 8 8 8 8 8 8 12 1124 1110 1181 1195 1197 7178 1180 1196 1127 5635 5523 1113 
