32
32 0 0 0 0 0 0 3 1 5 5 5 8 125 1491 1206 1896 1904 1553 1205 643 644 1552 1509 1547 1214 1556 1506 1207 1906 28 3039 2446 1505 3711 3050 1497 114 3073 1503 952 1504 3718 951 2449 1903 34 3040 3681 112 1905 0 1884 3652 45 2401 1554 3721 125 3045 3005 32 119 33 120 3084 124 1471 3992 3658 40 2402 3055 1555 3762 2 46 118 641 113 39 3736 3051 1198 1202 3965 1203 3083 3846 3952 3081 3719 556 3670 5 52 3294 3663 1 3048 6 2393 3046 38 3857 953 3738 3712 3041 3734 3722 1879 3834 7 3838 3011 3070 1189 3859 3836 3096 3067 1199 1492 3052 3086 3993 3735 1474 3 3750 133 3710 3957 3042 44 3056 130 3848 
33 0 0 0 0 5 0 3 1 5 5 8 8 125 3653 3644 47 3296 4 943 54 3959 3835 3043 3723 3837 3860 3958 132 958 739 1191 53 3954 745 1544 3847 3098 3754 557 3953 742 3752 3966 3672 741 3720 3643 3664 3713 131 3858 3095 3654 1477 746 3000 1213 1907 3666 55 3673 3739 3861 2450 3671 3071 3751 2447 3684 1208 949 3657 3297 944 3646 3082 3724 3645 3740 3656 3053 3683 3049 3755 945 3047 645 3044 3655 1479 3087 946 3665 3097 3068 3295 2399 2444 3753 3072 642 1510 2396 3682 954 1498 956 3737 3004 1546 3085 3099 3012 3667 947 2448 2999 2445 2993 1480 2442 3003 2440 1472 3054 3088 1192 1886 959 2998 1188 3069 3010 3674 3006 2992 2397 2441 
34 0 0 0 5 0 0 3 1 5 8 5 8 125 1507 1908 1500 3316 116 1494 2451 1557 1211 37 1548 36 1550 1209 1501 117 744 743 1508 3117 29 1549 1493 31 2454 123 122 42 1210 1910 3061 2439 3841 3119 2455 1909 43 30 1911 1499 115 35 121 41 3725 3062 3120 3741 126 3716 3728 3731 3960 3844 3764 3690 3007 127 3994 2452 3996 2995 1545 3319 3839 3851 3001 3676 3008 3317 3063 3855 1880 3057 3659 3714 3747 2405 3759 2398 3956 3118 3679 3059 3121 3302 50 3677 3732 3962 3685 3766 3744 3763 3078 3842 2404 3964 3756 3298 58 59 3662 3997 3967 134 57 3693 3715 3292 3688 49 1882 48 3840 3758 1200 3091 3748 129 3765 128 3852 3760 1201 
35 0 0 0 5 5 0 3 1 5 8 8 8 125 3845 2438 3089 56 1475 3995 3320 3726 51 3122 3849 3064 3717 3647 1496 1204 3074 3864 3691 3729 3649 3675 3075 1551 3299 3668 3862 2453 3757 3963 1897 3955 3745 3853 2994 1900 1899 3742 3850 3100 1898 3961 2436 3303 3843 1212 3730 3733 3651 3856 3761 3866 3103 3065 1476 3680 1901 2406 3749 1511 1473 3865 3060 3650 3104 3102 3661 3318 3101 3291 3304 3079 3678 1495 1478 3092 1502 2400 3863 3686 3090 3998 3093 3968 3689 3300 2443 3293 2395 3727 3648 3660 950 3094 2996 3076 3066 1190 3743 955 3058 1881 957 3854 3077 1193 3301 1902 3002 3687 948 1883 1885 2456 3669 2997 2403 3746 3692 3080 2394 2437 3009 3013 3024 
36 0 0 5 0 0 0 3 1 8 4 5 8 125 155 1575 1215 1918 2464 1932 2491 1559 1517 1513 1931 1912 1920 3155 1578 1520 1221 1913 2490 3801 2499 3324 3353 3770 3336 3338 3108 2478 2497 2468 3321 3127 2495 2457 1488 3702 3156 3307 3326 1195 3874 3105 3125 3780 3367 3767 3785 3305 3363 1481 3339 3309 3149 3333 1482 3872 3135 3999 3782 3124 3704 3358 2461 2481 3123 3870 3768 3802 1894 3799 2469 747 3157 740 3354 3771 3323 3368 1914 3887 3985 3885 3977 3340 1197 2492 3971 3694 3364 3133 3797 3359 8 2419 1887 3969 2465 3137 1933 2407 3867 3158 3976 3984 140 3360 3697 3783 3875 3873 1893 3871 2412 3152 3107 10 3327 3308 3355 3106 3337 3306 961 141 3781 
37 0 0 5 0 5 0 3 1 8 4 8 8 125 12 13 1927 3154 3334 3014 964 3325 2420 139 3888 3136 3706 3886 2496 19 3110 3695 3322 3876 3970 3361 16 3356 3365 147 3703 2462 11 3800 3769 3986 138 63 62 70 3369 71 3889 3150 2458 3798 3126 68 18 3803 3138 3134 1512 3151 61 3978 3335 3786 60 156 3366 3109 1484 2409 1558 3784 17 3705 23 2480 3018 1567 2466 3341 1889 3699 1565 2459 3357 69 3015 3698 1216 1895 25 3310 1560 1923 3159 78 3034 3025 1922 1921 1890 1569 3153 3362 2498 77 1217 2410 2479 149 1568 2411 148 3370 1194 1915 24 2463 1218 3017 3019 2413 1919 1514 1483 1579 150 3033 2467 1485 3016 157 2460 960 1566 
38 0 0 5 4 0 0 3 1 8 8 5 8 125 2482 1516 1519 1577 3348 1930 3128 1521 1571 3131 3331 3371 2471 3314 3139 1928 3787 3111 3332 3132 3350 3147 3166 2505 3374 1515 3160 3165 2500 3791 3774 3890 3772 2493 3804 3145 3328 3129 3142 3344 3372 3869 3868 3810 3893 1935 3777 3879 3038 3311 1487 2484 3030 3882 3349 1891 3112 3027 3789 3342 3807 3794 3037 3375 3877 3775 1222 1489 3029 3896 3161 3343 3808 9 2501 3990 3345 3351 3883 3981 3312 3974 3880 3115 3778 3378 3805 3979 3140 3773 3894 136 1219 137 135 3891 2502 3329 3792 2494 3707 3113 64 1576 3346 3790 3892 1561 3878 3788 3376 3031 2487 14 3811 3373 3143 3973 3700 3972 3987 3330 3167 15 65 
39 0 0 5 4 5 0 3 1 8 8 8 8 125 2421 3795 3379 3696 3776 3146 1490 1223 142 66 3380 3130 3975 2504 1888 3035 2485 3028 3779 3793 3701 2475 2423 3991 3884 3162 3021 153 3989 72 3352 3809 3895 20 3980 3806 3796 3141 3148 154 3983 3881 2473 144 152 159 3116 3982 2503 1563 3988 67 145 3315 3163 3347 3708 3898 1917 2415 143 27 2472 79 158 3377 1936 3023 1564 2476 151 81 3168 3897 3709 1573 1929 3144 1518 2470 3032 2489 2418 146 3313 1892 3114 2488 962 1924 2474 3020 1934 2417 1196 74 1220 75 26 1926 22 1570 1925 1572 76 80 1574 1916 1486 3036 1562 2422 3164 73 963 3026 2416 2486 3022 2477 2506 2414 21 2408 2483 
40 0 1 0 0 0 0 3 8 4 4 6 8 125 1580 1247 160 658 164 208 1590 1246 755 2424 414 782 490 990 648 420 781 108 562 561 1012 649 107 1004 657 1581 1000 3386 449 3229 2425 3234 1988 1276 450 1582 161 1588 662 169 1585 3260 1973 1987 3243 3230 174 429 430 1274 3266 1273 3382 3264 3239 3381 1275 565 3397 3812 968 2665 3388 1938 2670 82 1974 3814 1224 3395 3235 3283 3385 2656 1979 2745 3185 2679 3231 775 558 2758 1010 1261 1633 1265 209 3169 3261 3178 2677 1031 652 2754 83 3284 2657 966 489 564 1525 3196 3240 3236 3267 3815 661 2760 796 800 3270 1311 3244 3387 1637 2759 1945 1228 1035 756 1296 1231 3172 2749 2746 
41 0 1 0 0 6 0 3 8 4 4 8 8 125 1038 3237 3241 3195 991 2671 787 3265 783 2681 2755 3180 3389 3281 3245 2654 3232 1295 3173 2753 3398 3396 1225 986 1937 2750 1234 2666 3271 2668 3268 1301 1944 3187 751 3269 3197 2427 771 3242 3179 1242 3285 2680 3233 748 3282 3238 3171 2667 650 563 656 3262 2682 1302 965 982 3170 1982 762 2526 760 2672 3181 1636 772 2658 1037 2678 3186 2428 753 1244 797 3272 1634 1638 646 777 2435 2669 2508 2525 1586 1030 1034 752 3246 749 1011 2513 798 1947 973 776 801 750 1527 1002 1978 2434 560 1981 2519 2655 1591 2514 2426 799 971 659 1941 788 1522 2507 2524 2520 1530 1628 1631 492 3263 1269 493 
42 0 1 0 4 0 0 3 8 4 8 6 8 125 406 1005 784 660 1250 401 421 1993 165 1013 405 779 1975 1249 758 166 1278 1989 757 400 404 987 162 1977 1995 1007 422 651 1279 1991 759 399 1006 163 109 111 1009 171 411 3391 110 3275 172 170 175 3247 1996 3256 168 3273 3400 3286 3252 167 3384 176 177 3899 3248 3257 3394 3383 3289 3816 2432 1940 1583 1943 1532 1226 3390 2509 1232 3274 2659 173 3249 1304 2663 3278 1990 2675 2429 1229 993 1298 3202 3403 988 1015 1268 1307 3392 1227 3191 3290 178 2673 2515 3258 3253 3189 1233 3401 3813 1313 2761 1003 802 3200 3175 1299 1992 3900 1267 3399 785 3198 1263 1946 1309 1297 992 3817 3250 
43 0 1 0 4 6 0 3 8 4 8 8 8 125 3174 1589 1939 1629 1262 2521 2683 2430 1266 1942 3818 3287 3188 3254 1305 3393 1272 984 2661 2762 3279 1300 3404 2752 2763 1306 1533 2748 1230 3176 3201 774 3183 3199 2757 2684 1264 3190 967 2685 1587 1994 972 1310 3402 974 2433 1308 1033 3255 2660 1948 3184 3177 3280 1277 3203 969 1303 1245 1032 1014 803 1639 983 1271 1248 1312 3259 780 2664 2523 2516 3182 1016 989 773 2522 1523 1949 2751 1980 1243 3277 2747 1270 1976 1528 2431 1997 2510 1632 2528 2674 763 985 2756 1008 1531 2517 1524 2527 2662 1526 754 1640 786 1529 1584 2676 3276 970 1039 2518 1001 1630 778 1036 1635 761 2512 3251 1040 2511 3288 
44 0 1 4 0 0 0 3 8 8 4 6 8 125 416 1284 1291 415 1983 1612 1280 403 1624 424 418 1622 1027 426 1251 491 1256 417 427 1623 453 1020 423 1017 1252 1024 440 438 435 1999 1618 2715 2702 433 1617 1592 431 451 2690 2707 2698 2733 2710 2725 452 2696 2700 1593 566 1600 3425 2703 3824 2713 3209 2529 2539 3413 84 3220 3901 2716 3415 1049 3192 1599 2697 3820 1541 668 2734 181 87 1047 807 3406 2728 3224 3819 2711 85 2699 180 86 213 2764 89 647 2708 789 1655 186 3213 187 3423 1968 2726 2717 3424 2689 3405 1967 998 1984 210 189 216 2731 215 3829 981 2765 3436 91 92 3408 1538 792 188 653 2701 663 1240 795 764 
45 0 1 4 0 6 0 3 8 8 4 8 8 125 2773 90 2729 3435 3215 3222 2775 3407 214 2531 2769 2774 195 3193 212 2542 179 2714 1028 1050 1534 1021 3434 3414 813 767 3221 97 211 1044 3210 221 996 2709 98 978 95 219 2768 810 975 203 1609 3214 494 2533 2712 1998 3216 2730 1041 2727 3426 1611 1607 1536 976 2732 2532 3204 3825 226 3223 96 2530 102 204 220 3194 1958 104 1542 190 805 1644 1236 1543 3225 228 1319 1957 1643 3830 197 2543 1650 669 670 790 654 977 1649 205 1956 671 809 1237 196 1610 770 227 811 103 2534 1986 1645 1642 559 1537 1608 1955 1641 1950 1318 793 1025 1317 1253 1951 766 665 791 1659 1985 804 
46 0 1 4 4 0 0 3 8 8 8 6 8 125 409 407 419 2738 1601 664 425 410 2706 428 1620 408 1285 1283 1029 436 1604 1258 441 1290 2720 439 442 1596 1597 2736 2693 2718 3437 3429 2704 3418 3420 1257 2691 437 432 2723 1594 2740 434 1626 3427 2742 2695 808 1971 3421 1026 1605 1952 3226 183 3439 3411 1048 3821 3217 3430 182 88 1959 217 1323 1619 3833 3419 1051 3828 999 1322 3827 3212 3211 3428 1602 2737 3416 2694 2766 1042 2743 1660 3902 94 1294 3409 2739 1651 1293 218 3432 1292 3443 3417 93 3823 2719 1314 3410 1953 1018 2692 2540 2705 1241 1621 2776 1627 2544 3438 99 3412 2541 3219 3206 3218 3441 3422 3826 223 3433 3442 3831 2772 
47 0 1 4 4 6 0 3 8 8 8 8 8 125 3832 2767 1954 3822 184 2778 202 3227 1046 2770 1657 193 222 1289 2735 2771 1287 3440 185 1966 201 2777 3208 3431 1539 200 1286 1961 2721 2722 206 1259 192 1043 1656 191 1320 1965 1969 2536 199 1613 1281 3205 1315 2535 1603 1254 1540 194 1325 1615 2744 2687 1288 1321 230 2538 2724 1658 2546 2741 1019 106 1662 2686 765 1595 1255 997 1614 1598 1653 2688 1324 101 1962 225 3207 1646 994 1970 1022 1625 794 672 105 1960 2545 1606 769 229 980 1023 224 979 1648 3228 655 667 1235 2537 100 1045 768 1535 1652 1963 1282 1647 1661 812 1972 1316 995 1964 1260 1616 1238 666 207 198 1239 1654 806 
48 3 0 0 0 0 0 8 2 5 5 5 8 125 1666 2180 1055 836 290 498 2159 1053 1335 1069 1345 1663 462 1331 284 232 673 2628 2160 1668 236 1064 1068 2547 288 2025 2037 3475 1667 1330 285 233 1676 283 1052 2178 2801 2780 2870 3906 1065 2853 496 2571 2235 2548 2788 2779 237 2850 3444 2163 289 1669 2175 1675 231 1677 2891 2851 3913 3445 239 3485 2898 2647 3450 2629 2857 244 2650 2635 2854 3454 2901 245 3502 238 2894 2216 3458 3612 2881 3482 3500 2874 2176 2859 2653 2625 3479 2798 2871 2882 3446 251 3503 2878 250 3516 2217 3497 3451 3903 3915 3476 3455 2636 2236 3459 3914 2875 3613 2892 3617 3447 3917 2895 2651 3480 2860 2648 3514 3607 2626 
49 3 0 0 0 5 0 8 2 5 5 8 8 125 2029 3486 2855 3518 2630 3506 257 2909 2633 2575 2879 3483 2899 3456 2902 2239 2802 2053 2896 575 2238 3916 2028 2876 2900 3905 1664 2858 3501 2872 3477 1678 3484 3504 3448 3608 2893 3904 3519 2574 3515 2903 835 2627 2852 3452 2861 2883 3460 568 3609 2880 2637 2572 3505 567 571 2215 3457 2789 2634 3481 2800 2652 2038 2237 2873 3517 2799 2027 3498 574 2026 2231 2224 2631 3487 3453 2649 2220 2047 675 2054 2908 674 3507 3478 2576 578 815 2172 2052 2781 495 2550 497 2803 2039 2046 2559 2179 572 2168 1347 2856 2169 2877 2549 2897 2560 2566 461 2162 3461 2171 2177 2161 2795 3499 2030 2632 2573 3449 569 2051 
50 3 0 0 5 0 0 8 2 5 8 5 8 125 1070 1674 1679 2184 243 1334 816 817 242 2183 1054 2035 1670 291 2578 2805 287 2164 235 1671 1672 1067 3488 2040 2804 240 2225 2884 2557 248 296 2577 2182 1327 2643 1673 2809 3466 2867 2240 247 1346 2230 3492 2057 2808 2640 249 837 2565 2885 2185 1332 286 241 2551 2173 1056 499 2229 234 294 2218 246 2782 292 295 3909 2031 3616 301 2796 3471 293 2243 254 2865 3462 3508 3494 255 2806 2241 3463 253 2792 2786 3467 2221 2638 3907 2863 302 2568 2904 2783 298 2552 2043 252 2049 2228 3925 297 2563 2644 3611 2579 2910 2868 2055 299 3920 3489 3615 3512 3472 3523 3912 300 2553 3908 2556 2233 303 
51 3 0 0 5 5 0 8 2 5 8 8 8 125 2913 3473 3918 2032 3464 2862 2889 2219 3923 2641 304 3614 3468 3490 3910 1665 2866 3509 1063 2226 2645 840 2041 3495 2639 3610 2167 2790 2906 3926 3469 3921 579 2567 2223 2036 2907 573 3911 2890 3927 2561 2166 2033 3924 577 2570 3474 2784 3524 2914 2905 570 2887 3521 3522 2912 2227 2554 2785 2793 3491 3465 2888 2048 2864 838 2886 1333 2058 2056 3525 3922 3919 2050 1326 2869 2911 2569 1062 2044 2165 2787 2791 2797 1328 2564 2242 2642 2807 1066 3510 3496 2646 2232 580 3513 841 818 839 2581 2222 2170 3493 819 1329 820 2794 2181 2174 2186 2234 2034 814 576 3470 3520 2244 2580 2042 3511 2555 2045 2562 2558 
52 3 0 5 0 0 0 8 2 8 5 4 8 125 2092 822 2830 2840 505 1338 2833 2600 507 2616 2810 1076 1340 2013 503 2209 2202 2198 1698 1689 1696 2601 2207 464 2834 2615 2817 2093 463 2588 2828 2063 2197 2582 2100 3577 2958 2923 2915 2059 3540 2585 3590 3565 676 2188 2829 3547 2261 502 2819 2614 2084 2102 465 2592 2608 2844 2274 2842 2930 3526 2607 2937 2947 454 2926 2191 2250 2962 2247 2006 2085 2841 2916 1680 3549 3550 2941 3528 2099 3559 3556 2931 3586 3542 3562 3531 2064 2253 3530 3566 3544 2928 2068 2814 2924 3930 2969 3932 2072 2944 3548 2963 2927 3541 2275 3582 2966 3591 3563 2811 2245 3527 3587 2948 2818 2845 2929 2938 3578 3942 2589 3943 2945 
53 3 0 5 0 4 0 8 2 8 5 8 8 125 305 3545 2959 3933 2815 2251 3583 2917 2248 2949 3529 2942 3551 3560 3579 2017 2272 256 3934 2583 2060 2960 2932 3945 3931 3588 2820 2970 2001 3557 3592 3567 2069 3546 678 2939 3589 1342 2000 3944 2061 2946 2812 2925 2586 2943 2065 2273 3580 3543 3584 846 2246 3564 2964 1336 2101 2967 263 262 1073 2965 2266 2584 265 2062 2961 2816 2968 2590 824 2252 3558 3585 279 2094 3593 2066 1681 2940 2008 2813 2249 2070 2971 1686 2587 3561 264 2190 3581 2203 273 2103 280 581 1690 272 827 677 2019 278 2206 2018 2086 2843 2007 500 2187 582 2071 1682 2591 2067 1688 2189 2192 1337 2208 271 1057 1687 823 1071 270 
54 3 0 5 5 0 0 8 2 8 8 4 8 125 2271 2602 2023 2097 2074 501 2015 2016 2080 2205 3552 2264 3572 2201 2004 2077 2597 2617 2839 3598 2014 2603 2609 2012 2594 2022 2935 2011 3535 2835 825 2090 821 2095 2276 2624 2262 2087 3554 2610 1072 1685 1699 2267 1075 2265 2199 1074 1694 3537 3532 2849 2821 2104 2282 2593 3574 2257 3553 2255 1692 2920 2098 2259 3595 508 504 2281 2952 506 2831 1684 2953 2211 2972 1697 2974 2108 2088 2919 3571 2109 2021 2613 2623 2936 3937 2269 3538 3928 2823 2611 2922 2933 2918 2955 3935 3599 3948 3536 2836 2277 2618 3603 1341 3929 2263 3539 259 2096 2604 3946 3940 2956 258 2950 2975 3596 2105 2837 2619 2978 307 3604 2921 
55 3 0 5 5 4 0 8 2 8 8 8 8 125 3600 3575 306 260 3533 2268 1077 3568 3938 2973 2838 2075 2934 2620 2595 2278 3947 3601 3936 2846 2081 2606 3951 3949 3605 2078 269 1061 276 3939 2020 2279 1059 2622 2605 3569 267 3941 3597 845 2210 2598 268 2195 3555 2280 275 2089 2260 308 2204 2256 2957 261 2976 2827 2832 277 2596 2254 2979 844 1344 3606 2076 2107 2003 2824 2200 1693 3573 282 2612 2826 2270 2977 2010 281 3950 2954 847 2212 274 2951 3576 2848 2621 329 3602 2258 3534 2073 3570 2847 2599 2106 266 2980 2082 3594 1339 2193 2005 1691 842 2083 1683 2213 330 843 1060 2091 2009 2002 2214 1343 2825 2196 1695 1058 2822 2024 2194 826 2079 
56 3 2 0 0 0 0 8 8 5 4 6 8 125 863 869 1350 530 1701 331 699 1394 1091 1384 532 680 1359 1089 483 861 609 529 1078 338 1716 467 910 613 1092 333 376 891 457 1090 468 1396 1088 860 526 1703 906 1718 533 536 1349 1358 466 1386 909 481 336 332 870 2286 1351 2283 1391 597 1385 1100 2323 2291 347 2300 892 1782 2308 726 379 2982 377 412 1762 2289 2303 337 2331 378 2329 2284 1759 535 351 1130 2981 443 2319 2306 2316 402 343 1137 1775 2287 2324 2292 2301 1794 2110 2309 1141 3624 1720 902 1149 380 606 1790 2304 635 1128 2317 1792 588 1848 1847 2332 2330 1395 1442 593 2305 848 1841 1859 553 2120 2320 1860 
57 3 2 0 0 6 0 8 8 5 4 8 8 125 1842 1864 513 831 1083 2285 2290 854 1446 620 1843 695 2307 1132 1844 693 1764 2137 2322 510 590 2983 907 849 1079 862 584 1855 1719 2113 897 2388 2128 1849 583 697 1437 1761 2122 2386 1851 2119 2302 1785 610 1854 2114 877 1856 1850 2318 2123 2111 1865 1795 2288 1857 1084 487 2134 679 2333 681 594 2321 1710 598 1861 1451 700 1142 1360 2112 1713 2129 1140 2138 721 1157 1783 1776 1709 855 1138 614 1796 1784 1717 1700 828 1765 1131 1150 1774 1158 607 2121 1772 589 2130 1139 1773 1151 634 511 2135 724 1708 1786 1148 1099 1702 1352 1129 1793 509 1156 2136 1147 1791 1393 1760 1763 1714 722 
58 3 2 0 4 0 0 8 8 5 8 6 8 125 682 482 612 832 1723 340 341 458 455 621 701 698 339 527 1707 873 622 1104 531 1356 342 1353 1097 878 1389 334 696 456 528 335 1725 1399 469 1098 879 694 898 1400 871 1779 1105 512 702 1721 615 899 344 1355 1390 514 1354 1809 537 1101 1094 617 636 1726 587 1096 534 348 894 723 2313 538 1160 905 1727 2297 2293 2295 3618 1082 3622 1777 444 2334 1766 445 893 895 900 1388 2310 1704 346 3620 908 345 1770 896 1705 1788 1767 859 1145 349 2132 2325 1445 1159 2314 853 2298 1453 852 350 2986 354 1162 868 1444 851 2294 599 833 1798 2984 2131 3625 2327 3621 1085 3619 
59 3 2 0 4 6 0 8 8 5 8 8 8 125 2312 857 1852 353 352 2116 1797 596 1152 585 2336 1133 1361 864 1144 2387 2296 872 1447 858 867 2985 3623 1438 1787 3626 1449 1080 1454 856 830 1440 850 591 1778 1845 1081 2124 1863 2335 2115 2385 1398 875 1846 1443 2311 2125 1452 1862 1103 1093 1780 1722 866 1768 1143 1102 1858 2326 829 2118 683 1450 880 1441 2315 600 2337 1136 1781 1853 2328 876 2299 2126 618 901 592 2139 725 586 1161 1724 1095 1706 1771 1153 2133 1087 874 1154 727 1164 1799 616 1086 1712 834 1134 1715 1146 2140 904 1135 2141 1348 1397 1769 865 1357 2127 608 1448 1163 1439 611 1711 1392 903 1789 1387 1155 2117 595 
60 3 2 5 0 0 0 8 8 8 4 6 8 125 1831 707 515 1743 1752 524 1750 485 1748 1121 1367 1735 1753 703 1114 631 1742 473 1746 519 1730 1369 460 623 521 1362 459 518 1747 539 1426 1403 475 1115 1754 1107 1744 639 484 1371 1425 628 2368 1733 1800 1427 1401 2339 1806 546 624 543 717 1416 471 550 619 918 1418 929 478 1421 488 712 1108 632 2371 1728 2355 1822 627 486 3627 3636 2347 1816 737 937 2359 1408 1803 2342 554 2352 921 2374 1404 2340 640 2377 920 1817 381 3637 2356 2362 446 2369 1406 2345 382 2360 911 2372 2353 1801 1731 2143 312 1736 413 2153 1120 1833 2144 1807 2375 2346 3629 2343 363 1874 2344 2357 1432 
61 3 2 5 0 6 0 8 8 8 4 8 8 125 318 1870 356 1869 470 1431 310 1804 3628 2354 2341 2370 383 2142 1466 2152 1123 1828 390 319 1875 718 887 1409 2363 931 2378 1363 1457 384 691 2348 1181 1184 1183 938 311 713 2376 930 372 395 1808 2391 1460 1832 1734 326 1420 1830 1866 1173 1106 1805 385 394 389 396 1802 1402 357 2373 2361 1873 2155 684 387 358 2358 1165 2149 1729 388 371 327 1732 688 1405 1174 625 1176 1419 1407 1166 542 364 545 601 1175 1417 1433 1382 638 1755 919 1116 1168 2154 1370 605 1372 714 1461 733 685 1182 728 320 1467 1368 1829 516 734 1167 1364 637 604 1456 365 321 373 689 1751 1113 1455 
62 3 2 5 4 0 0 8 8 8 8 6 8 125 719 477 738 476 704 1826 1124 1413 1380 884 522 708 1366 548 1381 1436 540 1738 472 551 633 692 720 1811 1111 1749 1414 479 474 1827 480 1813 552 547 1839 927 2350 1823 1821 626 541 3630 2364 520 934 939 922 630 629 1838 525 1411 924 1428 940 1834 3632 941 1737 517 2349 889 709 523 942 3639 2987 1814 1818 933 3634 2365 1819 2338 2366 914 1756 544 936 2383 3631 2989 1835 448 932 1825 1824 926 2990 3635 447 1435 3633 2379 917 2381 2367 1463 732 885 3641 1465 916 313 913 3640 890 2148 1412 3638 2157 705 2145 2991 2150 2156 1840 1810 1122 1109 1125 882 923 1464 369 
63 3 2 5 4 6 0 8 8 8 8 8 8 125 886 1169 393 1185 925 1429 392 391 1837 1118 1871 1374 1836 935 386 1187 706 2351 1469 2389 2147 1758 2392 1178 2158 309 1872 928 1878 1815 1812 361 1172 1868 1459 1127 355 1422 1470 370 1757 1430 2384 710 2988 1458 360 602 686 398 315 2146 324 323 2382 374 316 2390 1126 1119 1376 2151 730 1876 912 1378 1745 1867 1424 362 1179 317 368 881 1373 367 1741 328 1110 888 314 1468 325 359 1117 1377 1186 883 1415 555 1739 1434 1170 397 1423 1365 1177 729 322 2380 690 715 1383 1877 687 549 1180 603 716 735 1740 375 736 731 1171 3642 1379 915 366 1375 1112 1820 1462 1410 711 
