128
128 0 0 0 0 0 0 2 4 4 4 4 4 46 3309 5977 5855 2139 5328 1899 1938 1476 5796 5696 1811 5284 510 2010 1920 3987 2796 214 3839 688 5631 2107 4694 1128 4770 5329 1162 1644 1284 3380 1224 1336 3700 3043 1783 1946 1404 4446 1585 306 3077 4817 2993 470 3583 701 
129 2 0 0 0 0 0 5 4 4 4 4 4 47 4055 774 2723 4759 787 3896 4588 1 151 5054 2995 5117 5104 3216 3474 3824 3742 4606 7 3022 3424 4743 38 4451 4624 5339 1527 2492 3348 5555 5731 1890 2493 3177 2451 1059 2403 264 3831 3801 5397 2535 4300 5024 879 2306 2936 
130 0 0 0 0 0 4 2 4 4 4 4 9 47 3244 3593 463 2860 1260 4552 2576 5510 5563 1931 3461 945 5211 3458 1439 5989 1435 1350 4301 2587 987 406 4807 874 3405 583 898 2316 1518 607 4003 2132 5364 4885 2645 2462 3100 4000 1846 5743 1119 3589 2464 5218 1866 4307 2457 
131 2 0 0 0 0 4 5 4 4 4 4 9 47 5600 3044 4217 4458 5883 5255 3372 234 1864 4907 3295 763 4930 5367 4218 3446 2510 5867 4937 112 2822 66 4442 491 4434 5196 5476 1138 2050 4294 930 2956 3368 913 2405 1520 5779 4592 5471 643 1729 5711 1760 3302 2959 2389 2925 
132 0 0 0 0 4 0 2 4 4 4 9 5 47 2279 1380 3278 3890 2057 4023 1759 4795 4261 5038 1860 4159 807 944 2159 430 5753 1978 2335 3232 1196 1002 4043 3387 3880 1014 2552 5258 5643 1524 570 4494 3139 4571 1085 1675 438 1549 1342 393 4336 4020 1396 983 200 5007 4203 
133 2 0 0 0 4 0 5 4 4 4 9 5 47 324 2598 5034 2381 1389 5133 360 4167 5322 979 594 5389 2696 486 1842 4538 1567 2863 3427 449 4926 3439 2314 584 680 5839 3463 2979 5198 5760 4286 755 3914 5679 2902 2203 71 4226 256 4504 3517 3008 2651 5176 2367 5221 2336 
134 0 0 0 0 4 5 2 4 4 4 9 9 47 3328 2930 4314 2603 2290 2008 1115 3718 1484 3908 4822 1011 5800 836 4464 3835 4064 4366 1009 144 873 5256 5355 5374 4129 5990 4192 4999 4699 4298 5673 1437 3019 1420 2903 1388 5107 3325 3929 1696 4917 2797 516 1381 3876 1922 5495 
135 2 0 0 0 4 5 5 4 4 4 9 9 47 3227 1948 5829 1737 592 5609 4041 889 4749 741 3155 3341 4840 3809 2866 4764 2674 3495 3487 4791 3591 3556 3554 2221 825 679 5013 4110 3017 1152 4695 345 4453 3151 5983 1445 5667 5320 1057 3595 3138 4642 5492 3327 5646 3676 5806 
136 0 0 0 4 0 0 2 4 4 9 5 4 46 4135 2942 547 2688 5019 1125 4518 861 4775 2976 1662 2536 5324 1122 2148 1658 1452 1790 13 984 1877 4156 2610 4958 5974 5557 52 1910 3727 3967 2594 4168 5450 5880 1593 2857 2145 5011 3253 3119 2485 2330 4666 2972 2002 5502 
137 2 0 0 4 0 0 5 4 4 9 5 4 47 4177 4848 520 4689 4132 5067 1482 5304 5693 5988 3707 3686 3345 5685 2892 1367 5263 911 4697 3123 3662 2392 3040 34 3844 5312 4818 3670 1208 359 619 3093 5776 3175 2406 1097 3671 4427 4232 330 3906 5528 5830 3803 933 5223 2971 
138 0 0 0 4 0 4 2 4 4 9 5 9 47 524 3467 4417 5233 477 4777 3332 5103 4118 2009 4456 84 3598 434 4676 1810 1516 318 1441 4089 3202 2853 2210 29 3893 440 3941 2346 2939 3490 3221 3993 1287 3778 798 4309 2223 5898 599 1755 5383 2743 4078 5882 2334 2957 3425 
139 2 0 0 4 0 4 5 4 4 9 5 9 47 557 5846 1757 3379 2400 2777 859 4706 4961 4134 3679 2144 5497 2637 4428 4378 1403 5668 206 81 3003 839 2000 2067 4709 5140 4175 4870 3868 4466 4103 2842 48 4880 3666 5718 124 923 4970 3182 5030 2106 5333 782 5935 3242 4684 
140 0 0 0 4 5 0 2 4 4 9 9 5 47 2898 5540 4836 101 1863 1977 3905 259 370 107 67 2184 3637 2468 2996 1561 2838 4352 3613 3496 65 5142 5277 1829 1574 4778 5785 3699 3411 498 5621 4158 340 5533 5299 4125 5076 1627 523 3113 580 3287 951 3326 3415 2456 1749 
141 2 0 0 4 5 0 5 4 4 9 9 5 47 1171 3895 5901 354 1633 5394 2382 2740 322 2295 5456 4608 5802 2170 1037 3351 27 2961 1643 2676 2359 5169 5380 875 5535 173 3717 1940 2001 15 2798 2037 1657 2644 5526 2450 5068 769 3721 888 142 3855 5165 1562 4720 1358 1167 
142 0 0 0 4 5 5 2 4 4 9 9 9 47 2016 260 2744 5040 1909 3634 3301 4488 2775 4691 3862 1981 4072 4832 525 1323 3444 5576 5780 5945 1209 3269 1254 1893 5392 1172 2199 3771 2437 3972 1861 1851 667 45 5891 295 4299 2414 78 2683 3887 3578 5894 4546 1090 801 4805 
143 2 0 0 4 5 5 5 4 4 9 9 9 47 331 4768 4322 651 3545 2764 3602 5910 558 4951 2427 1383 4757 1772 42 855 5661 1008 5739 4646 662 5173 2900 2880 3622 4826 4211 3004 3318 2433 3539 4725 2735 4543 1378 466 1874 3768 970 5388 2791 1604 2718 2981 5046 2802 2934 
144 0 0 4 0 0 0 2 4 9 5 4 5 46 2520 4224 3519 3918 3169 1466 4313 4671 5532 4443 4702 1986 3285 14 5613 2662 4781 1436 509 4268 5768 271 2878 5268 4683 1201 3412 424 4007 420 3014 5530 36 308 1190 4773 1778 4244 4026 3791 5193 3859 958 2337 2277 912 
145 2 0 4 0 0 0 5 4 9 5 4 5 47 5569 4584 2068 1665 132 1479 797 385 1927 62 2190 3448 820 5240 1787 1302 3781 5228 257 1713 1998 1136 1391 1958 3315 1531 5719 134 5649 5318 5399 1802 3210 1359 5105 501 1132 4304 5227 32 860 1515 4462 2901 2697 5641 1961 
146 0 0 4 0 0 5 2 4 9 5 4 9 47 4614 1348 1324 876 853 3276 2528 2019 2974 3984 4365 1670 3245 2029 1279 1663 572 5876 3737 1344 5708 1807 4745 5053 3512 2720 1206 2889 2803 4568 3241 5616 2226 5534 5859 644 1732 2088 3361 4197 4377 4024 1637 686 1313 1412 640 
147 2 0 4 0 0 5 5 4 9 5 4 9 47 5645 2815 1092 683 1704 4035 2239 626 4515 5544 5927 4758 5902 3745 3767 1509 3959 1463 2672 3879 1553 4408 5005 2640 4337 858 569 4899 3383 3215 3507 5881 1560 4460 5016 321 2560 692 2623 2611 726 1414 926 4831 3673 734 2391 
148 0 0 4 0 4 0 2 4 9 5 9 4 47 1545 4716 1654 2043 5658 4804 4829 5266 2435 4231 3385 4390 174 3968 4371 1187 746 4228 459 5811 2558 4732 3656 5671 2129 1385 5315 776 475 5482 2157 5758 3122 269 4693 720 1568 3949 703 1741 2153 4222 895 2229 3333 5119 218 
149 2 0 4 0 4 0 5 4 9 5 9 4 47 5782 2256 2422 268 810 3384 1488 2429 1277 3452 2459 1682 5047 4696 2397 190 4872 4161 3991 4603 2869 5310 4273 2725 3049 283 2100 343 2447 3282 3584 4753 4532 4884 3678 2793 4270 5075 4409 2247 2895 4839 55 2593 5262 4245 2374 
150 0 0 4 0 4 4 2 4 9 5 9 9 47 833 3741 1223 247 3535 3167 3097 3587 2807 3723 5499 1954 16 732 4318 2577 4076 3514 1442 3038 1853 3945 2478 1339 815 5341 332 1016 4652 2865 2952 5055 4726 98 2787 5487 95 3292 4796 3145 3394 313 209 1141 4916 4581 2077 
151 2 0 4 0 4 4 5 4 9 5 9 9 47 3789 3277 2514 3483 1225 5480 3597 1315 3180 3456 1843 768 995 4113 2698 2693 802 1921 53 2832 5633 1487 3897 423 216 2765 5965 198 3208 4594 5946 976 1349 3975 2599 5045 4353 5579 4685 3982 4639 5099 3978 5249 3034 4247 2365 
152 0 0 4 5 0 0 2 4 9 9 4 5 46 2914 3702 1430 3436 2434 2331 2304 751 3465 1736 5188 2361 3976 5909 2607 596 1546 4755 1841 3946 2413 3649 457 3561 2261 3783 540 3952 3508 2356 4106 1360 5094 2108 22 4550 2041 4746 5417 2307 5410 1648 333 5840 5066 1440 
153 2 0 4 5 0 0 5 4 9 9 4 5 47 3953 2756 2116 3663 2755 1288 735 2929 793 1320 5504 3692 539 2682 4771 4918 4296 3268 3810 5756 5940 339 5159 4674 2557 5463 756 113 1116 5794 166 4288 4566 1605 1850 527 3557 227 4332 5644 4240 3397 4511 905 4973 1651 2928 
154 0 0 4 5 0 5 2 4 9 9 4 9 47 2341 5547 5400 3220 123 4083 5954 5447 348 3355 5124 5690 1006 543 1153 5714 3632 1458 1028 1855 5669 4433 3524 1077 814 1374 3997 2357 3599 5197 4670 5948 3758 4376 2212 1833 2923 846 1614 5735 2668 3035 5373 5101 5290 4198 4735 
155 2 0 4 5 0 5 5 4 9 9 4 9 47 4756 388 1965 1158 1063 1900 3570 1303 1738 5803 1046 2124 2172 1319 2411 141 5538 2856 3551 4786 5461 2299 4813 1155 3313 75 5212 1935 1371 1226 656 4080 1854 4567 1705 2699 387 5359 526 5445 4142 47 3263 5365 3808 100 92 
156 0 0 4 5 4 0 2 4 9 9 9 4 47 3218 2834 291 2955 4140 2741 4423 4894 4975 1475 329 1529 5704 357 1286 5655 1744 3695 2868 3013 4623 2348 4071 1459 2951 2208 1192 3933 5115 126 4385 3825 5321 5195 3633 2658 1686 358 3201 1399 25 4793 4346 1858 4910 3207 1312 
157 2 0 4 5 4 0 5 4 9 9 9 4 47 349 2202 1626 3354 2258 4053 3802 3779 721 2965 1310 4476 865 5137 2947 1438 2731 237 419 3367 3250 1936 2780 3417 2563 2597 140 1530 2130 1486 5129 2673 2664 869 4206 513 597 3882 2776 2123 3847 1533 5017 4533 4701 2924 2943 
158 0 0 4 5 4 4 2 4 9 9 9 9 47 899 1784 3174 4136 3330 3246 2494 5975 1299 3977 5986 649 328 2810 5957 508 1768 4295 5281 5008 1819 1362 1184 941 2275 220 5253 4965 2351 620 4372 3751 410 3974 5307 5187 1707 3643 1745 1469 5041 4060 5412 2646 474 2342 5595 
159 2 0 4 5 4 4 5 4 9 9 9 9 47 4590 1796 1338 5070 1645 3095 74 5126 2819 2112 301 496 3090 3279 2634 1733 2415 233 254 3299 5191 3773 5593 4498 2948 2940 5098 3925 28 4117 1108 384 275 915 2590 1058 5842 2588 687 5834 767 1382 2287 4776 3421 2390 2404 
160 0 4 0 0 0 0 2 9 4 5 4 4 46 5298 5458 2179 4663 5793 5393 3053 515 1763 2809 4193 3015 2340 5377 1316 4865 3513 3675 5436 3994 2794 2073 51 2840 2806 2227 4257 5130 5565 2191 2852 4890 5650 973 194 5254 1700 505 4629 5520 5180 652 5064 1221 3615 4919 
161 2 4 0 0 0 0 5 9 4 5 4 4 47 921 195 3567 4012 4851 4187 5617 743 2984 3819 4772 567 541 476 3560 714 1722 4038 1186 4582 2011 848 3911 1798 3942 417 3078 4459 977 1636 5575 3579 5225 4640 4881 5686 4952 1765 3007 5933 4799 1692 4967 3156 916 246 5206 
162 0 4 0 0 0 4 3 9 4 5 4 9 47 2027 3181 461 4564 5432 4841 1932 4069 2086 971 988 3170 473 255 5371 3826 729 4722 4006 883 5890 460 1273 2666 2490 1262 323 5303 1945 5799 2428 4998 955 5348 2300 2339 5138 837 226 1735 191 5162 682 1901 93 2657 1677 
163 3 4 0 0 0 4 5 9 4 5 4 9 47 5334 5819 6 1457 1478 789 5237 5072 5288 4794 954 5507 378 5625 2911 411 4254 2498 3786 3219 681 2262 3621 5231 809 4406 3475 1080 5128 1425 1474 3725 684 1335 2885 1526 4369 4921 4070 1896 4985 3641 698 5018 1176 2823 2371 
164 0 4 0 0 4 0 2 9 4 5 9 5 47 2905 2225 2826 3793 5707 379 2795 4068 1751 1671 309 3350 4138 1830 758 4593 2872 5566 3435 451 3365 5459 2069 160 197 856 2013 733 2689 822 2570 4361 4913 5659 4744 1183 1443 5083 4853 985 3273 1450 5886 1498 1669 3104 5578 
165 2 4 0 0 4 0 5 9 4 5 9 5 47 1502 1326 5100 5772 1340 1655 5085 4432 1140 389 5478 2982 5511 1045 2253 4278 4861 122 3520 3550 3850 5248 3059 2584 3627 4392 5319 549 207 4525 5229 1281 5505 5887 2627 2291 3442 3154 5727 3691 5560 4981 23 538 1620 2329 5666 
166 0 4 0 0 4 5 2 9 4 5 9 9 47 2980 3818 317 4212 1179 3704 4585 2628 1777 3681 2622 1681 1075 3655 3416 363 4763 452 4098 2935 2121 4048 3109 4545 542 3712 145 1584 5521 5201 4305 5235 4520 5548 1203 1555 5021 4370 600 5943 1805 1392 4563 2861 3736 3776 5148 
167 2 4 0 0 4 5 5 9 4 5 9 9 47 5911 458 286 5925 5473 2761 1824 1193 3399 2867 3875 1723 3611 562 5257 3432 4842 5134 5808 1372 2531 2669 1587 862 4977 4737 2242 896 1173 5513 2801 2098 1599 4879 1238 403 2385 4891 3157 2288 1215 4928 902 4686 2438 4040 1489 
168 0 4 0 5 0 0 2 9 4 9 4 4 46 5422 76 5336 2368 3422 5798 4514 87 2104 3204 1728 3055 186 637 838 1895 1049 117 5817 4857 5810 2152 788 5863 165 2323 5858 1266 1401 2513 1467 3025 1803 2143 514 5273 1084 5879 3950 3881 2642 304 4816 1630 4541 4727 
169 2 4 0 5 0 0 5 9 4 9 4 4 47 1181 1462 2430 982 3525 4874 4728 5220 3050 3714 4715 2677 3642 4439 5993 3224 4801 1875 2555 5175 2643 3540 5168 5271 1512 2119 3408 368 1363 4875 161 1217 5847 4155 1606 1721 5601 5351 4341 1295 380 1800 824 5712 1456 3320 5264 
170 0 4 0 5 0 4 2 9 4 9 4 9 47 3484 4622 2922 1580 2200 1865 2877 2109 972 4145 1029 1557 2481 635 3391 2516 371 5327 658 613 5065 1330 3616 3453 5702 5483 201 1278 2779 2626 1427 2271 3196 3259 5026 2436 3426 4620 2113 2625 3028 285 3504 633 628 3311 3800 
171 2 4 0 5 0 4 5 9 4 9 4 9 47 4367 645 648 551 5514 1746 1886 225 5929 2370 1318 3308 5657 704 4355 4109 3491 713 351 1676 1906 603 4104 1130 1869 2540 3370 1329 981 4285 2945 632 2384 405 1690 1523 5448 4445 178 5214 3492 5172 1188 5728 3969 217 2386 
172 0 4 0 5 4 0 2 9 4 9 9 4 47 2502 5969 1566 5872 4471 3951 3756 5938 2364 4784 3757 1698 4524 4259 5484 4022 3894 4572 564 2036 1220 1068 624 2377 1838 5332 4267 4475 2567 5624 4904 5781 5931 4873 5928 2387 1423 3936 3648 5279 4986 2632 5395 5885 4330 2344 3283 
173 2 4 0 5 4 0 5 9 4 9 9 4 47 2927 2096 4415 4169 2094 794 5804 2051 4321 3319 1325 2286 1881 1127 939 5245 3120 436 5620 432 999 866 519 3640 4200 4901 4096 2977 346 3297 5749 5306 1544 4359 1918 5982 3836 3900 4186 2667 535 3961 4356 1054 2988 1519 4868 
174 0 4 0 5 4 4 2 9 4 9 9 9 47 3343 506 2332 2805 4398 5849 480 964 5363 4867 3794 1857 3230 116 3125 3743 4613 3858 4402 2278 1307 3459 5496 1377 5699 528 2230 1070 943 5194 1951 3392 211 5915 2311 366 2710 845 1415 1495 4056 4484 1256 717 2 2543 5058 
175 2 4 0 5 4 4 5 9 4 9 9 9 47 5078 5752 2781 4895 5722 5391 4483 966 344 4932 2495 4170 4962 5408 4802 376 5554 2322 4591 5640 4287 3001 4148 2748 4838 3541 5734 5438 2847 1985 4730 3538 2134 1433 1351 2236 3497 1051 2659 5971 5477 2379 4030 5784 3669 1219 2963 
176 0 4 4 0 0 0 2 9 9 5 4 4 46 3443 2084 1073 3869 1248 1725 1804 2920 674 3056 5120 2358 279 2025 41 2864 3817 2726 4690 3265 72 5490 147 2054 5079 3079 1984 5390 3189 617 5465 3070 4381 1327 994 2786 653 3536 629 1448 3784 4499 1432 2553 2675 2285 
177 2 4 4 0 0 0 5 9 9 5 4 4 47 2467 5217 374 5517 5833 5611 4636 3948 555 5136 4626 3806 3647 5340 1025 2661 2363 3188 4779 1264 2714 5151 4700 2814 4576 1250 5941 3823 414 5962 338 4924 293 1538 5587 4486 5387 1622 5425 1505 294 2081 2609 3323 1493 3530 1794 
178 0 4 4 0 0 4 1 9 9 5 4 9 47 3820 4242 3027 1117 3863 422 4650 2487 3837 2999 5939 2439 813 2126 711 4900 1356 2185 4009 2470 4144 3360 2561 4935 4 2915 487 5874 3888 1328 365 4152 4602 2968 362 1230 2966 3024 2874 5610 5751 3374 2220 4927 3604 4447 1446 
179 1 4 4 0 0 4 5 9 9 5 4 9 47 1793 1990 353 2115 182 5835 2409 3203 3955 1570 3096 3342 5536 3290 228 168 1992 2231 3402 946 5295 5586 3252 5652 962 5545 593 4403 1867 2233 1366 5694 695 818 1003 5309 3161 386 4638 1081 3834 3258 1607 5208 3515 2788 1973 
180 0 4 4 0 4 0 2 9 9 5 9 5 47 2375 4819 1734 3569 2650 689 3000 3667 3363 4050 4031 1496 2739 1868 5316 800 1586 2958 2026 533 5861 2207 5742 1408 771 4827 3164 5951 917 2012 5703 811 4562 842 754 4017 975 274 3176 5973 664 280 273 5366 3559 1621 3697 
181 2 4 4 0 4 0 5 9 9 5 9 5 47 2180 631 4397 1991 3398 5979 5444 2452 881 3956 4609 292 2441 2044 4284 5056 3833 4468 105 1293 4258 1143 3115 727 3440 1913 2704 5888 4724 3063 2249 1941 1773 4561 2111 5294 5605 133 556 1133 1376 1309 5250 337 4351 2970 2983 
182 0 4 4 0 4 5 2 9 9 5 9 9 47 5488 1160 928 5814 4331 5246 1573 4395 2244 303 2619 576 307 4389 4327 2871 1903 5163 1791 903 3873 4225 1355 3838 2989 4401 2713 3761 2998 4687 3087 1282 893 2937 2396 5623 3321 2372 1547 4368 2274 1418 4896 799 2812 4966 2729 
183 2 4 4 0 4 5 5 9 9 5 9 9 47 5905 3211 5452 5589 4293 924 892 223 2305 2032 3765 2808 4934 2754 1923 4616 1581 1756 2217 3973 5451 483 3112 3812 188 1428 5695 2070 750 350 3529 433 960 1033 1044 5765 4604 407 146 1032 2321 660 2248 1731 5183 204 5515 
184 0 4 4 5 0 0 2 9 9 9 5 4 46 791 5543 2818 4782 2760 3585 595 4530 4974 3267 2529 2028 155 1608 2197 4221 3339 3750 5152 3493 1556 135 177 156 5853 2062 2944 1283 2941 1687 3998 5414 4387 3619 1322 5947 2091 2292 773 398 5761 3438 2811 4396 4573 3069 
185 2 4 4 5 0 0 5 9 9 9 5 4 47 614 5486 2909 4465 241 4045 2486 4618 3306 3860 2574 5171 1394 1836 2962 2816 59 4809 2103 2154 2186 3770 4081 2730 4863 4680 3865 957 4586 5956 4911 3489 1018 5009 3573 4480 3486 450 5420 3248 4207 5636 2354 609 171 184 372 
186 0 4 4 5 0 4 2 9 9 9 5 9 47 5080 3546 1024 5430 5123 4718 4320 3006 5591 3600 1472 467 3852 2518 5972 1882 5167 1667 4137 3645 1719 3898 3284 4121 4086 2639 3580 935 2926 2118 1375 2480 3659 3099 5681 3466 3146 4075 215 3853 4854 1213 590 5509 1126 1451 4682 
187 2 4 4 5 0 4 5 9 9 9 5 9 47 130 240 1588 4302 5213 4752 5095 5283 950 137 2055 1615 1962 920 248 2617 5439 5602 1333 416 1434 1828 4316 43 5293 3075 1894 3036 3572 1726 0 3353 3369 2554 4358 589 64 1642 3728 2319 3039 2074 2161 2120 5154 2960 2986 
188 0 4 4 5 5 0 2 9 9 9 9 5 47 2916 5186 2155 5805 2453 737 3624 251 2425 2759 5093 3110 5155 5952 5961 710 2836 4029 1086 3698 5710 1589 4249 4131 5773 5877 1982 1503 1646 5338 3790 2700 5985 1416 5737 5025 176 2855 2166 2410 5454 4105 3468 3331 5081 4555 5443 
189 2 4 4 5 5 0 5 9 9 9 9 5 47 1267 5326 4821 5207 3877 5087 4915 5862 3171 5335 1750 2014 4615 1511 1907 5052 3064 2151 3821 3964 2237 2663 5647 1548 1542 1337 1888 625 408 3393 1647 3625 2736 3607 2369 1840 5108 4526 3449 1258 3689 4188 5725 1766 3502 2912 2967 
190 0 4 4 5 5 5 2 9 9 9 9 9 47 1689 3571 4033 1177 70 352 989 2149 1050 2521 5789 2545 4005 1917 1716 4047 1395 2353 1280 249 4114 5629 507 4128 4004 4847 2712 5036 5662 3237 2160 4633 2211 1259 627 1812 4548 3362 2589 3788 5286 2876 742 3137 761 4183 3134 
191 2 4 4 5 5 5 5 9 9 9 9 9 47 3878 5429 4411 1072 128 665 1178 2283 305 5949 5236 2753 1343 1911 1565 2033 4707 4850 5362 3106 3614 2573 2097 537 5788 1597 3030 3841 4399 1005 4435 5243 493 3033 3775 3183 5841 2859 5937 2158 3336 4289 4306 2665 3165 5150 2933 
192 5 0 0 0 0 0 7 5 5 5 5 5 46 4979 2742 5716 3586 3552 4742 5884 5797 4338 4654 5754 5815 4160 4151 284 445 1419 5349 5157 5460 3002 5878 2376 616 3231 5923 534 3386 4057 4027 3883 2583 2830 3979 5503 3209 3917 5980 2289 2215 4736 1306 4108 5375 5166 3335 
193 7 0 0 0 0 0 9 5 5 5 5 5 47 2122 578 163 5467 3749 1650 3874 3359 3163 1142 1619 4645 4400 3992 5313 267 5044 4058 3609 468 700 2325 1247 2401 2102 2308 2817 4662 5337 12 992 4964 4149 3815 1786 2707 210 1269 544 3639 3746 138 3457 1702 3960 162 5606 
194 5 0 0 0 0 5 7 5 5 5 5 9 47 2443 5160 1817 3635 5573 4008 4002 4094 5164 5501 4375 5599 2716 847 5354 5713 439 5210 3066 2156 3300 1454 2564 4723 2708 5042 666 4574 3158 2455 3091 2681 2601 3846 4414 4659 5546 5385 5850 1699 736 5812 4256 3016 4787 1056 2595 
195 7 0 0 0 0 5 9 5 5 5 5 9 47 5795 2432 1156 2848 5089 347 281 5330 5664 170 392 2272 2105 2782 1146 3501 2378 4660 5088 3401 4329 3729 421 864 5244 4487 5870 2569 1417 3521 1481 1717 3780 2745 5121 5688 5875 3653 1577 4903 4382 1078 1308 4790 919 1595 30 
196 5 0 0 0 5 0 7 5 5 5 9 5 47 3892 4529 4658 2884 3179 3377 3919 4595 1598 655 298 4688 3192 5692 1027 5161 5919 3842 3901 2228 3623 5959 4601 3479 2985 1930 5033 4054 5199 1764 4607 4436 1471 3829 3437 4792 404 5995 3617 1937 5893 1088 638 2770 172 1101 471 
197 7 0 0 0 5 0 9 5 5 5 9 5 47 4087 5981 1199 336 1564 5516 1001 2204 31 3478 1021 1041 88 2092 1301 2420 3029 77 3921 5252 5747 3018 3057 852 3255 4448 4943 996 5468 5755 2715 3612 1175 1714 1124 4146 4311 3731 4405 4253 1096 5071 1297 4204 3400 1010 2205 
198 5 0 0 0 5 5 7 5 5 5 9 9 47 3373 3310 312 86 4923 4892 4810 3730 531 2250 882 1012 4130 3083 5705 192 4310 1242 1062 3660 5733 3256 2206 850 639 4343 3048 3086 3661 3912 1960 131 236 3041 5102 129 2252 2345 3811 5202 690 3854 2799 3628 5368 2537 1740 
199 7 0 0 0 5 5 9 5 5 5 9 9 47 4478 4479 4871 3544 615 5073 5866 5709 2417 4252 3247 2268 435 3042 3294 1856 675 1060 3787 5096 2870 2255 4236 5114 3304 670 3173 5037 2887 5723 2813 2076 2549 1575 2442 3732 2768 1506 5419 381 618 1775 3687 2023 3005 4265 784 
200 5 0 0 5 0 0 7 5 5 9 5 4 46 691 4914 3884 843 1708 4721 400 33 3239 2142 4536 5179 4554 219 1449 4095 4290 2079 3129 5418 4042 1957 3796 1776 1104 1229 1970 1709 341 4202 2917 2608 4281 3126 4828 2251 1000 4046 3236 2499 2216 4357 3460 456 1988 2515 
201 7 0 0 5 0 0 9 5 5 9 5 4 47 4274 5190 4472 4589 3509 3754 3636 2280 5143 2991 1522 418 3739 5732 415 4579 5766 3102 3225 834 1465 3194 3103 1004 1504 2296 479 3305 4079 1332 2752 4496 4061 1785 647 5372 602 4363 114 3281 3021 3828 1368 4229 2559 2048 5479 
202 5 0 0 5 0 4 7 5 5 9 5 9 47 2476 5553 120 1908 909 5670 1761 1680 563 1989 4181 4176 2727 2421 3807 3076 3962 3117 949 4717 2021 5769 4507 2614 1809 3830 1697 5230 1536 3827 4731 4119 2722 3132 3937 5895 68 3568 1971 426 2975 579 4528 3564 5764 2171 5232 
203 7 0 0 5 0 4 9 5 5 9 5 9 47 2024 5570 5648 990 1165 5 697 315 708 5174 3193 2201 4449 3249 1834 588 2873 5111 2843 5568 4558 1639 1200 4765 4909 3694 3433 2273 2660 5960 3985 4374 2733 5577 3989 3414 906 5464 2504 4280 1464 3270 5296 894 5700 2020 5434 
204 5 0 0 5 5 0 7 5 5 9 9 5 47 4878 2766 5968 3706 1398 3715 723 1047 4740 4272 5585 5357 4710 1827 2127 1839 2328 4493 5048 4719 94 880 4664 2182 1602 4830 5738 1625 5778 5552 4037 4143 3904 3532 4954 4303 927 2479 3434 4452 119 2187 844 2423 4235 5361 918 
205 7 0 0 5 5 0 9 5 5 9 9 5 47 3931 1820 3988 4233 4243 3772 3682 19 4956 3574 5347 4051 3871 2213 5634 302 3322 1109 3503 5275 311 4912 104 1257 2338 4729 5790 5656 3499 5431 1386 1137 1099 4234 3590 1272 2038 1525 5029 4039 1611 3 1747 2931 2616 4291 2399 
206 5 0 0 5 5 5 7 5 5 9 9 9 47 288 611 1767 1214 1397 3650 4383 193 5282 4025 4835 5904 840 118 2751 3128 4345 3981 1774 448 3071 213 1661 3476 4018 3668 3011 3060 4596 573 5057 4067 1151 377 3107 2719 5832 3085 1897 1149 1121 1393 3404 5352 2128 1245 561 
207 7 0 0 5 5 5 9 5 5 9 9 9 47 5676 4535 2507 253 1490 1919 5932 4189 4407 3251 3683 5922 5020 2908 4955 2556 908 44 574 1212 276 5608 1239 764 235 2163 1485 2471 5854 4703 4785 827 4141 5531 2297 1234 5285 610 2706 1691 2606 482 1411 517 5069 1634 4373 
208 5 0 5 0 0 0 7 5 9 5 5 5 46 851 762 5345 369 4065 2501 382 4754 4942 2778 1290 63 2463 5084 3364 1255 3498 4180 3130 5323 1227 4317 744 907 4833 4014 1582 3866 2408 823 2474 4852 1461 1139 4575 3857 167 5637 953 3983 5818 1780 361 37 1652 4139 
209 7 0 5 0 0 0 9 5 9 5 5 5 47 2426 3451 3381 3072 4783 3420 3701 2254 2938 1849 2687 5860 3291 2189 2820 783 974 2894 5920 2825 5435 5924 5539 3286 1013 3023 4262 5265 2140 3658 2446 222 1789 3724 5944 4154 3652 2538 429 230 1390 4214 4587 2670 2566 2771 4481 
210 5 0 5 0 0 5 7 5 9 5 5 9 47 978 1246 3334 5917 4939 2099 5457 4635 2541 5398 4164 1576 4859 3605 1499 4672 4578 4978 3133 1623 39 102 2058 1701 2496 5912 4077 3999 5272 4883 2263 1887 779 83 3450 1207 4938 1959 3755 5580 1579 1743 4920 3763 3563 2063 396 
211 7 0 5 0 0 5 9 5 9 5 5 9 47 4339 1753 5774 1539 208 4241 2475 3926 4653 1387 4611 5801 2562 1535 69 4503 4344 4893 4404 4992 673 568 3012 1015 3965 2519 258 2831 428 804 3938 3720 5219 3143 3131 5750 2534 4028 1228 327 3822 1679 3531 967 4987 5963 819 
212 5 0 5 0 5 0 7 5 9 5 9 4 47 4634 3592 2173 4335 1103 1243 4059 2260 3528 2571 5063 58 4750 1944 5370 2083 40 781 3395 4808 3577 4238 500 4971 2579 490 2551 1914 1916 5006 1204 175 1870 4425 3747 1928 4174 97 621 5622 4849 2080 3020 4858 3052 901 1053 
213 7 0 5 0 5 0 9 5 9 5 9 4 47 1635 4227 1929 4815 5382 3902 5787 3748 3010 718 4153 770 4210 4837 5440 3026 712 4501 575 2315 3062 2448 2222 5153 1102 1891 262 5270 1017 1110 5684 3996 3098 5635 5000 3455 1191 2503 2839 3488 5529 3735 3257 3088 1197 2888 4621 
214 5 0 5 0 5 4 7 5 9 5 9 9 47 3856 552 3403 4208 5721 4489 2749 4308 5561 4474 900 3198 4264 4825 1061 1934 2349 1947 3511 5050 730 443 5302 4260 4856 3358 3223 4319 5642 481 1233 391 1872 4394 2176 1361 4350 622 3594 1444 5826 4957 1298 4864 4513 1163 3995 
215 7 0 5 0 5 4 9 5 9 5 9 9 47 2281 4557 5597 1370 3814 5402 2061 2303 3067 2919 696 2546 152 5491 1693 1974 2138 5378 2232 4239 1252 3068 1513 2851 1712 1779 2527 4657 1668 484 5571 1205 4774 2547 5158 1263 3240 3523 2790 4312 5936 3777 1034 2235 5181 3940 1683 
216 5 0 5 5 0 0 8 5 9 9 5 5 46 4364 5672 5097 4165 4509 3526 2072 560 1534 106 2525 1402 3089 4133 5549 5493 4648 5485 4627 367 1455 5687 3644 4761 5469 4178 3816 3473 3909 5189 4150 4968 2380 3864 4036 2146 202 3047 2532 3338 3899 4569 5618 1185 872 4820 
217 8 0 5 5 0 0 9 5 9 9 5 5 47 1237 5379 5677 2284 4430 1816 1022 5049 886 4219 5381 4455 5301 1590 5581 1422 446 4441 5970 646 3970 2473 759 4461 5757 1685 663 242 24 3172 4467 672 5816 1052 4190 1551 3711 2578 282 4960 2267 5289 3429 5987 5224 224 5821 
218 5 0 5 5 0 5 7 5 9 9 5 9 47 2758 3543 1007 2489 9 832 115 4734 4093 5406 3454 3222 1848 3861 3116 826 4082 1967 4922 4416 1720 805 2491 5615 4797 265 4583 706 99 2257 3928 4941 1514 4619 752 4279 4510 185 4120 5856 4547 4418 1933 586 929 4713 5039 
219 7 0 5 5 0 5 9 5 9 9 5 9 47 1964 1274 91 795 3629 5433 2117 4213 3378 4824 4747 4205 2969 849 1603 4379 2750 4199 5061 3596 5403 4102 4834 4019 1924 1521 4983 1180 2003 3226 3352 3685 1291 1609 82 4163 4172 5838 4502 1822 3966 2737 2018 238 2879 1664 2136 
220 5 0 5 5 5 0 7 5 9 9 9 4 47 2891 18 1300 4668 5216 310 1019 5574 705 2488 3630 5116 2264 5562 488 2511 1169 2548 4124 3199 3565 5353 2678 1987 5077 3081 4846 4597 3582 1346 502 4565 2183 3388 5604 1640 3293 5825 244 4191 2602 4905 5518 4929 503 5762 3886 
221 7 0 5 5 5 0 9 5 9 9 9 4 47 455 3797 4705 3147 5331 103 2906 136 2224 3848 3518 1216 2360 3708 676 2875 1632 3566 1100 581 3190 5305 2005 2412 948 2636 3445 383 5426 5729 4989 5921 4325 3121 2615 4171 80 4800 2347 5627 3191 3317 2040 266 934 857 5032 
222 5 0 5 5 5 4 7 5 9 9 9 9 47 5651 1483 3722 1528 4714 5506 2705 4811 3217 1066 5342 1067 2059 3135 96 5857 4201 530 3870 1043 4015 2581 179 263 2007 5724 1373 1835 2800 3357 3769 5314 2090 2293 5592 5091 747 355 2767 4738 2709 1823 3548 2133 3891 3375 2994 
223 7 0 5 5 5 4 9 5 9 9 9 9 47 4413 4420 4993 3410 4711 4323 1039 2022 1878 1688 3168 4147 1031 2395 3274 3477 4988 2484 1949 1815 4440 4088 931 3494 3766 2035 3349 1972 2125 56 3376 5472 127 2218 1353 4762 2828 4209 1659 3482 3111 4173 5411 5241 3054 5498 4991 
224 5 5 0 0 0 0 7 9 4 5 5 4 46 4886 1477 2631 3149 4508 2052 2317 4354 4333 1501 4463 3805 5376 1993 1106 1473 766 884 2686 4469 5269 4814 1727 1569 3142 2039 1571 2031 3314 3542 4681 5311 2352 5122 5873 904 1114 2964 4647 2294 780 4534 5144 121 5964 1672 
225 7 5 0 0 0 0 9 9 4 5 5 4 47 623 46 5280 3782 2454 4099 4887 296 5698 1093 5903 2605 3813 2522 961 3913 5343 5958 3664 2355 3058 642 1275 1400 910 3610 925 4248 831 914 3957 1161 1963 5350 4275 3185 5135 835 587 1334 4855 4090 1118 4391 2882 1808 3186 
226 5 5 0 0 0 4 7 9 4 5 5 9 47 5292 2732 4470 1460 462 654 2792 447 4877 2671 4997 5027 2506 1508 5767 3832 5844 1148 5559 4704 4612 1174 5112 2950 5556 1629 1079 2612 1788 5759 2703 870 4972 1852 1592 3261 5741 1994 2407 4788 2265 685 3693 1170 1769 585 2747 
227 7 5 0 0 0 4 9 9 4 5 5 9 47 4016 61 5031 2783 1194 3705 3074 1837 2445 739 5542 2246 3407 1610 1305 4324 5524 2110 1801 3419 582 5791 1241 5564 2523 522 3638 1583 3206 521 3485 3105 669 2973 1098 1112 5823 5002 3046 5344 4512 4063 180 1956 1754 1164 3160 
228 5 5 0 0 5 0 7 9 4 5 9 4 47 5746 1782 5678 1537 3396 2630 2618 1268 511 4162 1107 4237 3136 2034 5966 79 1559 1641 1105 3845 469 1612 728 2846 3759 4195 4984 1497 1426 5360 261 4074 1955 2821 164 2679 1752 4384 2656 748 4491 4122 2393 2509 231 3506 2135 
229 7 5 0 0 5 0 9 9 4 5 9 4 47 5475 5325 1596 3935 35 4617 402 4560 5715 454 1271 5059 2214 5178 786 1296 2469 5409 3481 5831 5978 3581 3389 3329 3920 4888 678 5537 150 1357 2544 4963 5519 4889 10 4542 356 5386 5612 153 3280 3716 1354 3575 2301 4803 2886 
230 5 5 0 0 5 4 7 9 4 5 9 9 47 1601 1953 4610 4315 1771 3344 3200 4628 3588 821 980 3547 4111 4013 2586 5494 5470 334 4994 1660 997 3316 2784 3672 4283 85 2500 922 5583 5813 4500 2477 4184 2150 1926 871 5701 1739 5619 149 2383 4112 2896 1470 4976 2565 5012 
231 7 5 0 0 5 4 9 9 4 5 9 9 47 3752 4194 5527 5908 319 290 5522 4482 3696 2042 5590 183 5822 320 4949 3298 3406 1925 4739 3665 111 1211 2585 4492 545 1261 3907 154 1543 1304 709 21 5726 1235 425 4544 3184 2904 1999 2685 2890 947 3254 2497 808 2837 2394 
232 5 5 0 5 0 0 7 9 4 9 5 5 46 5740 4748 5706 1157 390 3032 1832 3197 5259 4769 4419 753 1352 5481 5967 4882 4421 1048 2717 4185 2302 4362 5125 1880 2178 5783 4641 4902 3108 1150 4116 5680 699 3939 50 2465 2893 3356 5170 5146 1421 725 3127 189 4897 2324 
233 7 5 0 5 0 0 9 9 4 9 5 5 47 3795 2004 4655 1222 5736 3553 2082 5082 4220 2101 2053 4692 532 2774 1883 3889 4360 2987 792 4386 671 2309 4250 1265 2087 3094 4410 3469 4340 143 5274 5278 2046 5567 790 829 4940 3774 5639 1331 1500 4679 2572 3903 2550 3118 1799 
234 5 5 0 5 0 5 7 9 4 9 5 9 47 1468 571 4806 1071 1862 2219 1628 5423 1091 4429 2472 3031 4860 2841 3910 3986 1447 1144 3082 2243 5110 4271 2835 1844 3114 4523 5607 3101 4644 3840 3275 3734 5455 399 1814 5141 636 3654 109 1409 5926 938 1666 2209 4708 314 932 
235 7 5 0 5 0 5 9 9 4 9 5 9 47 2056 5131 2164 5598 1638 724 5720 148 1410 4667 395 3264 604 157 1912 5139 5845 897 4223 2701 1952 2147 1507 1902 4675 2064 2030 1966 427 3092 2680 5868 5204 1064 437 5836 11 232 3680 5200 5462 5950 3152 5572 1532 4649 2600 
236 5 5 0 5 5 0 7 9 4 9 9 4 47 2181 5582 2695 2575 2310 5626 3923 942 5215 4869 5745 1134 5260 5441 5185 641 4297 5934 4631 1847 4457 5291 1831 3324 1345 4348 5416 4733 1826 3785 3971 2635 3762 2512 4444 2424 4292 3657 412 4950 693 5156 5918 2326 2168 1795 431 
237 7 5 0 5 5 0 9 9 4 9 9 4 47 1038 5837 740 2702 57 5242 3140 5889 1711 1129 4101 2460 2849 441 863 2065 373 2899 1074 2596 2270 2910 4539 5415 1997 5828 4052 2137 3166 777 4388 1154 2604 3963 5906 5003 2266 3271 806 2932 5809 4157 3262 196 722 2362 3522 
238 5 5 0 5 5 4 7 9 4 9 9 9 47 4527 5991 890 1364 4282 205 3162 1036 4126 1089 1618 4643 3228 2858 868 3915 1431 4946 2193 3080 5665 550 630 4349 5446 1898 2276 2624 4712 3537 1706 4215 841 1294 2313 952 1270 2419 5474 4277 4519 2162 5807 4845 803 937 1950 
239 7 5 0 5 5 4 9 9 4 9 9 9 47 2194 5022 73 1314 2482 5638 2804 1594 5004 3150 1189 1695 5864 2078 203 2992 4044 2591 3464 5437 577 5683 2524 3500 3799 2641 5261 4495 4537 2580 494 5051 5145 4812 272 1413 731 159 1540 554 5596 212 5997 4269 2785 1873 5239 
240 5 5 4 0 0 0 7 9 9 5 4 5 46 4598 1995 4798 3934 1879 986 2653 3843 5976 1818 3944 4605 1889 812 2763 3288 394 1480 453 765 3409 1210 2773 1806 3423 5132 3187 5792 2049 657 3235 963 5109 5770 2196 1821 4780 4651 495 397 1276 940 965 5632 5551 3441 
241 7 5 4 0 0 0 9 9 9 5 4 5 47 4334 3690 2621 3740 5916 4898 5717 504 4632 245 3141 4766 1311 375 1554 2721 5897 5992 3872 2095 4021 3462 4844 335 3924 316 4982 5043 5184 4751 778 108 2978 4577 4862 4100 5396 5346 2398 817 2854 3764 4600 4767 1076 3851 3045 
242 5 5 4 0 0 5 7 9 9 5 4 9 47 5182 1996 2652 4953 1616 3471 5356 2071 3677 3533 2789 5177 5748 2241 3608 650 5192 4246 3195 2141 5865 2238 3214 2649 4677 1030 89 199 4049 2343 5827 5682 5689 4437 17 5848 877 1065 5297 3260 5147 5953 4473 2269 1145 749 2997 
243 7 5 4 0 0 5 9 9 9 5 4 9 47 3646 1979 5892 4580 4263 5558 4741 1517 3710 4326 5824 5247 3266 2694 1035 5407 4931 1317 3347 702 668 5449 5697 2461 715 1240 2921 2949 5913 2169 3289 601 3061 2883 1244 342 2953 4276 464 4073 5209 4760 2366 828 3674 364 3148 
244 5 5 4 0 4 0 7 9 9 5 9 4 47 5871 1942 891 1781 1202 3927 4424 2711 1195 5424 4823 5010 2824 1624 2075 3366 1405 956 553 3447 3954 998 816 3303 1494 2757 4995 5907 4230 2738 49 796 1656 4661 5744 4216 485 2047 5074 1231 3243 4342 1600 4266 1321 2259 401 
245 7 5 4 0 4 0 9 9 9 5 9 4 47 4522 2954 4669 409 3555 125 4906 5930 3234 5287 1939 2418 3272 4084 1023 26 5508 1131 4516 5942 3738 760 1718 5584 1748 1742 4908 3505 3153 3792 4933 3480 1558 3549 878 991 3413 5222 1218 2833 3562 4393 1289 1040 3990 221 2542 
246 5 5 4 0 4 4 7 9 9 5 9 9 47 1710 5994 5603 2850 90 2505 4945 158 3051 3980 413 5660 4990 2245 1384 2845 3867 785 4599 4948 5405 936 289 1715 5035 5404 3346 5869 3601 4789 1168 598 1113 4422 5384 5896 529 536 1871 478 1550 54 1055 297 1341 1730 4944 
247 7 5 4 0 4 4 9 9 9 5 9 9 47 5955 716 5234 2827 4032 2844 2060 1885 2198 4115 4531 5999 4637 2746 2234 3943 1347 2320 2174 2114 1673 2638 4107 4506 1859 2829 110 5541 5427 1082 3733 1020 4556 885 465 4959 5914 518 565 5300 3576 3651 3510 1825 4925 5523 1552 
248 5 5 4 5 0 0 7 9 9 9 4 4 46 3238 1813 252 1236 4438 1631 5654 3382 745 3703 3084 4969 1285 5453 2089 1968 3144 5998 4490 2466 1758 3885 2690 5113 2691 1042 2312 1649 605 2508 3312 4485 472 3726 5674 830 4085 1617 3472 4477 5317 4540 3958 4034 2946 5996 
249 7 5 4 5 0 0 9 9 9 9 4 4 47 4551 2530 169 4936 2633 1379 1975 1905 5023 2388 2192 2647 1884 1147 4251 4656 3744 4454 1111 2066 5500 1083 5775 2175 5267 139 3205 887 1087 2620 492 3337 5238 3618 1980 497 3428 757 2006 1694 2772 5369 707 442 5777 2990 1762 
250 5 5 4 5 0 4 7 9 9 9 4 9 47 2131 2318 2613 591 3431 5086 2592 239 3296 181 3916 4001 738 5308 3340 1182 277 5358 4091 969 5421 5489 1510 4347 1678 4549 5630 548 1578 968 4412 1251 3159 4996 2373 3798 5900 2350 299 5614 959 3626 2431 2240 1845 1892 4127 
251 7 5 4 5 0 4 9 9 9 9 4 9 47 1406 2517 2568 854 2582 2655 1094 20 1724 2881 5149 4625 4011 4517 2282 489 5653 2654 3178 5127 5786 3709 4328 4123 2458 60 5106 444 2913 3558 3229 5251 4866 5820 3307 3713 187 4678 2762 4092 5015 3037 566 694 4673 1159 5594 
252 5 5 4 5 4 0 7 9 9 9 9 4 47 4066 1563 3603 5691 5899 5001 5205 4505 3719 3516 5588 559 5428 3124 5062 4196 3849 3390 512 5525 2449 2015 4255 3932 4698 5203 1792 5984 229 2093 5851 3527 1983 3065 1653 4062 3009 270 3804 1915 300 2684 1976 2539 2045 1198 1876 
253 7 5 4 5 4 0 9 9 9 9 9 4 47 775 2629 5730 1613 2734 5413 4630 4497 1969 1249 2862 2724 4431 1797 3760 2165 4553 2526 4097 3213 8 3947 2918 1026 1491 3371 5276 4166 1492 1365 243 5442 1541 3470 1591 1369 5028 4843 1943 5092 1424 4947 1674 772 3430 1292 2897 
254 5 5 4 5 4 4 7 9 9 9 9 9 47 2298 4876 4182 4380 661 4559 3688 659 1166 5118 867 2444 5763 2483 287 2167 5852 326 2188 2440 3073 1135 1904 3233 2907 3606 4570 3631 2195 546 2533 5628 499 612 5226 2017 5550 677 5675 3534 5060 4665 5401 2327 993 4521 5090 
255 7 5 4 5 4 4 9 9 9 9 9 9 47 1429 3212 3922 3684 1095 4179 2769 325 2692 1684 250 5512 719 2416 5014 5466 5663 1232 1253 1572 1069 1453 2085 4980 3753 2402 4450 5771 1703 608 3418 4426 1770 4010 278 1123 1407 606 2728 3620 1120 2333 3930 2648 2177 634 5843 
