512
512 0 0 0 0 2 7 7 8 7 298 3765 3152 1259 945 658 126 
513 2 0 0 0 7 7 7 8 8 1704 2512 1755 1722 93 1570 1410 3925 
514 0 0 0 8 3 7 7 15 8 904 1855 1098 1967 2091 2965 2664 2388 
515 3 0 0 8 7 7 7 15 8 1709 164 2278 1891 712 930 2680 234 
516 0 0 7 0 3 7 16 8 7 1092 3948 2038 2025 1191 1642 1599 
517 3 0 7 0 7 7 16 8 8 2788 3381 1756 2374 1813 1022 1609 3686 
518 0 0 7 8 3 7 16 15 8 189 3812 1288 733 2071 2651 1402 3197 
519 3 0 7 8 7 7 16 15 8 3114 2378 2053 1248 1673 2790 3372 2060 
520 0 7 0 0 2 15 7 7 7 3938 57 798 1567 486 2390 2978 
521 2 7 0 0 7 15 7 7 8 345 2273 2018 2853 3184 2000 2144 304 
522 0 7 0 7 3 15 7 15 8 533 456 1582 2361 3420 30 1486 592 
523 3 7 0 7 7 15 7 15 8 331 2136 1892 1123 2337 225 3029 2073 
524 0 7 7 0 5 15 16 6 8 3871 3467 2251 784 1618 2638 2562 36 
525 5 7 7 0 7 15 16 6 8 3723 2504 3869 1669 3526 802 613 1746 
526 0 7 7 6 6 15 16 15 8 3705 2935 195 3936 1807 1785 218 2574 
527 6 7 7 6 7 15 16 15 8 2013 2235 1164 857 3997 3985 113 231 
528 7 0 0 0 12 7 7 6 7 3473 1649 213 1847 3251 659 2188 
529 12 0 0 0 15 7 7 6 8 3824 1214 2032 2190 2685 942 3371 1053 
530 7 0 0 6 11 7 7 15 8 2257 3048 2382 3154 1731 1663 704 423 
531 11 0 0 6 15 7 7 15 8 3188 452 3065 3521 987 2631 2314 1822 
532 7 0 7 0 11 7 16 6 7 996 1471 3361 1857 617 2860 1534 
533 11 0 7 0 15 7 16 6 8 3725 1194 1968 3128 2730 2792 1797 3646 
534 7 0 7 6 11 7 16 15 8 1468 168 779 3245 727 3620 3370 1836 
535 11 0 7 6 15 7 16 15 8 2770 3292 2550 3580 1401 2525 1375 3013 
536 7 7 0 0 10 15 6 4 7 3122 3958 1090 2862 1741 2739 374 
537 10 7 0 0 15 15 6 4 8 3778 3267 120 1734 1574 1467 3452 756 
538 7 7 0 4 10 15 6 15 8 2345 2211 2393 3456 3715 3228 1681 754 
539 10 7 0 4 15 15 6 15 8 1021 2100 3409 810 1864 3756 3016 3647 
540 7 7 6 0 12 15 16 7 8 1670 3497 1239 1794 693 3868 3110 2617 
541 12 7 6 0 15 15 16 7 8 1146 649 1174 3213 1070 2676 3323 3189 
542 7 7 6 7 9 15 16 15 8 1394 1234 2985 26 2145 530 1545 43 
543 9 7 6 7 15 15 16 15 8 79 19 889 608 1533 2662 455 2556 
544 0 0 0 15 3 7 8 24 7 734 2063 701 1187 715 156 2200 
545 3 0 0 15 7 7 8 24 8 1631 433 45 1678 2583 1143 3346 3398 
546 0 0 0 24 3 7 8 32 8 1973 25 2154 3179 1740 785 2243 191 
547 3 0 0 24 7 7 8 32 8 3327 3096 3991 281 2776 527 1640 1308 
548 0 0 8 15 4 7 16 21 7 2021 626 2777 3112 651 948 3533 
549 4 0 8 15 7 7 16 21 8 2707 3349 1295 53 142 3363 3622 2102 
550 0 0 8 21 3 7 16 32 8 827 2274 3321 2704 1433 1490 695 753 
551 3 0 8 21 7 7 16 32 8 566 1170 1888 480 789 2949 803 2241 
552 0 7 0 15 3 15 8 24 7 3222 1571 13 3666 2485 3344 297 
553 3 7 0 15 7 15 8 24 8 2357 3437 322 1459 3810 3277 2936 2198 
554 0 7 0 24 4 15 8 32 8 1934 1233 2849 2916 1442 2721 2497 861 
555 4 7 0 24 7 15 8 32 8 405 1069 2020 719 1461 3773 3165 545 
556 0 7 8 15 3 15 16 20 8 3028 2284 3779 2044 1947 567 1363 1457 
557 3 7 8 15 7 15 16 20 8 1856 46 3963 3614 31 303 2778 1378 
558 0 7 8 20 3 15 16 32 8 1706 2756 2784 2259 291 1347 781 240 
559 3 7 8 20 7 15 16 32 8 2959 2999 3550 2725 2882 3486 1667 2858 
560 7 0 0 15 11 7 8 23 7 2938 1168 2481 481 3385 1643 2312 
561 11 0 0 15 15 7 8 23 8 2052 425 515 2636 3257 2174 1502 1109 
562 7 0 0 23 11 7 8 32 8 2981 589 2983 1940 3199 2753 1679 1535 
563 11 0 0 23 15 7 8 32 8 232 3226 1013 2346 1216 229 3394 3791 
564 7 0 8 15 11 7 16 25 7 2988 2869 2976 2624 1000 1212 370 
565 11 0 8 15 15 7 16 25 8 3281 3749 371 2767 3256 1247 306 3025 
566 7 0 8 25 10 7 16 32 8 228 3832 2075 3059 3903 3952 1362 3542 
567 10 0 8 25 15 7 16 32 8 1422 108 1372 1806 3144 829 2761 410 
568 7 7 0 15 11 15 9 21 7 109 1519 2640 2290 1689 2881 590 
569 11 7 0 15 15 15 9 21 8 1750 2358 136 1499 118 269 1672 3036 
570 7 7 0 21 12 15 9 32 8 666 816 3568 2955 3185 482 1470 2293 
571 12 7 0 21 15 15 9 32 8 3689 883 797 2911 778 1306 2740 3755 
572 7 7 9 15 12 15 16 24 8 3783 3819 1313 3603 2726 2161 875 1932 
573 12 7 9 15 15 15 16 24 8 499 1258 3360 1244 678 497 1144 2789 
574 7 7 9 24 10 15 16 32 8 1693 1104 1928 3681 1082 3083 2836 3981 
575 10 7 9 24 15 15 16 32 8 943 1842 2465 2980 2529 923 2438 820 
576 0 0 16 0 4 8 24 7 7 842 175 1916 48 2381 3495 1736 
577 4 0 16 0 9 8 24 7 8 1619 808 1778 1267 2332 337 3994 2215 
578 0 0 16 7 2 8 24 15 8 3020 3922 2306 3328 2887 723 2708 238 
579 2 0 16 7 9 8 24 15 8 661 1520 3380 1622 3393 2057 2231 27 
580 0 0 24 0 3 8 32 8 7 3355 735 1555 1113 595 746 2796 
581 3 0 24 0 9 8 32 8 8 394 2001 2152 2026 3711 1714 3492 1087 
582 0 0 24 8 3 8 32 15 8 2427 1695 2759 173 3471 1795 3673 3347 
583 3 0 24 8 9 8 32 15 8 1593 1948 2573 564 3310 755 1374 815 
584 0 8 16 0 3 15 23 6 7 1687 822 1845 33 2396 1942 82 
585 3 8 16 0 9 15 23 6 8 771 1287 3081 1373 556 618 3897 1290 
586 0 8 16 6 3 15 23 15 8 2189 3781 717 454 1547 558 2628 183 
587 3 8 16 6 9 15 23 15 8 3680 35 3461 3043 1154 2454 1379 668 
588 0 8 23 0 4 15 32 7 8 2442 565 2157 58 384 3609 1120 937 
589 4 8 23 0 9 15 32 7 8 2105 1861 262 1895 3831 1062 2612 1784 
590 0 8 23 7 5 15 32 15 8 3532 1196 2619 3702 1056 1141 1148 3919 
591 5 8 23 7 9 15 32 15 8 1451 350 1621 3814 32 2033 1316 1392 
592 9 0 16 0 11 7 23 5 7 451 3227 222 2888 2449 1167 3639 
593 11 0 16 0 15 7 23 5 8 2957 386 2697 3575 603 266 3734 1906 
594 9 0 16 5 12 7 23 15 8 3974 1024 1799 3801 2834 1245 2468 1846 
595 12 0 16 5 15 7 23 15 8 2326 1176 2491 534 357 1390 151 1418 
596 9 0 23 0 11 7 32 6 7 3864 2593 3979 2151 1965 1126 1393 
597 11 0 23 0 15 7 32 6 8 1207 2436 1228 110 2660 2350 2149 2242 
598 9 0 23 6 12 7 32 15 8 3737 355 2774 2832 2969 740 2192 3613 
599 12 0 23 6 15 7 32 15 8 2681 182 3109 2744 2351 591 3879 3126 
600 9 7 16 0 10 15 23 6 7 3519 236 3654 2201 918 2768 2966 
601 10 7 16 0 15 15 23 6 8 2661 1697 1815 2791 2854 2467 2898 737 
602 9 7 16 6 11 15 23 15 8 1887 823 503 1572 3643 127 3607 3064 
603 11 7 16 6 15 15 23 15 8 2532 3073 3172 1432 2705 2461 447 2319 
604 9 7 23 0 11 15 32 6 8 3557 372 580 3867 588 362 3136 1835 
605 11 7 23 0 15 15 32 6 8 1537 2995 2658 51 2011 3699 2437 949 
606 9 7 23 6 12 15 32 15 8 3914 828 267 3416 439 2514 967 2917 
607 12 7 23 6 15 15 32 15 8 143 1469 773 2950 1737 2634 1436 2808 
608 0 0 16 15 2 8 25 23 7 185 1501 2538 973 56 1075 1145 
609 2 0 16 15 8 8 25 23 8 2655 2405 543 2338 318 22 3927 1882 
610 0 0 16 23 4 8 25 32 8 959 2754 392 1941 3940 450 2968 955 
611 4 0 16 23 8 8 25 32 8 1943 1871 1860 1979 505 1656 2065 1513 
612 0 0 25 15 4 8 32 25 7 953 89 786 725 3804 3676 3843 
613 4 0 25 15 8 8 32 25 8 3248 3338 3282 3111 2148 3569 2034 862 
614 0 0 25 25 2 8 32 32 8 664 3003 2505 653 3414 1791 1441 3721 
615 2 0 25 25 8 8 32 32 8 2924 489 2124 3677 44 1280 3273 3089 
616 0 8 16 15 3 15 23 22 7 2431 3034 1476 2657 1283 2907 1358 
617 3 8 16 15 8 15 23 22 8 2027 1405 3021 3345 3657 315 3946 1987 
618 0 8 16 22 2 15 23 32 8 1516 681 3041 1752 841 415 2982 2177 
619 2 8 16 22 8 15 23 32 8 3707 2901 3972 1138 2838 1710 1322 3252 
620 0 8 23 15 4 15 32 24 8 134 2751 2178 3694 3092 465 2560 2758 
621 4 8 23 15 8 15 32 24 8 324 714 1458 2072 1925 2750 3354 3636 
622 0 8 23 24 3 15 32 32 8 3541 1651 3054 12 377 366 2458 3348 
623 3 8 23 24 8 15 32 32 8 1381 3181 2645 2058 2217 3682 3733 141 
624 8 0 16 15 11 7 23 25 7 1654 793 1652 868 2930 3272 2800 
625 11 0 16 15 15 7 23 25 8 836 3055 3478 1950 3030 2320 1221 358 
626 8 0 16 25 12 7 23 32 8 138 3223 1482 3866 397 2587 3230 176 
627 12 0 16 25 15 7 23 32 8 1414 1606 2282 3513 3317 1623 3069 3428 
628 8 0 23 15 11 7 32 25 7 2846 3748 3516 1816 2670 1659 2221 
629 11 0 23 15 15 7 32 25 8 1085 3685 354 3443 2028 3434 2713 2829 
630 8 0 23 25 12 7 32 32 8 2599 2206 3863 3930 3084 2348 2508 1004 
631 12 0 23 25 15 7 32 32 8 2960 1602 338 2814 2709 1208 3807 921 
632 8 7 16 15 10 15 24 22 7 1853 399 1575 2353 3097 2951 806 
633 10 7 16 15 15 15 24 22 8 1472 1083 1008 1938 1416 951 1066 1157 
634 8 7 16 22 11 15 24 32 8 2106 1863 360 1579 1830 2482 490 569 
635 11 7 16 22 15 15 24 32 8 2590 624 347 1172 2213 2164 1823 3899 
636 8 7 24 15 11 15 32 26 8 2987 2835 3419 3098 2597 165 3683 511 
637 11 7 24 15 15 15 32 26 8 162 2328 3491 1733 398 2228 3046 3362 
638 8 7 24 26 13 15 32 32 8 400 3366 2225 2772 1112 2979 2184 2594 
639 13 7 24 26 15 15 32 32 8 3501 2116 1976 2258 3623 2909 830 401 
640 0 15 0 0 2 23 8 7 7 3243 642 3356 395 1150 1991 2453 
641 2 15 0 0 7 23 8 7 8 11 445 3105 1097 1153 83 2477 1304 
642 0 15 0 7 4 23 8 16 8 3627 675 2418 3080 2735 2729 1682 3174 
643 4 15 0 7 7 23 8 16 8 3170 2633 2728 655 2885 3312 1152 1995 
644 0 15 8 0 3 23 16 10 7 3002 206 3565 251 2815 2806 990 
645 3 15 8 0 7 23 16 10 8 2870 76 1923 1569 919 1427 791 2012 
646 0 15 8 10 3 23 16 16 8 2432 419 1939 3792 3266 3451 1554 2947 
647 3 15 8 10 7 23 16 16 8 2362 3488 1708 416 3023 2867 2844 3231 
648 0 23 0 0 4 32 7 7 7 3224 1636 688 1959 2701 3975 2420 
649 4 23 0 0 7 32 7 7 8 3369 2076 3242 2668 464 1054 3862 710 
650 0 23 0 7 4 32 7 16 8 1400 1834 2380 3945 3198 1275 80 2401 
651 4 23 0 7 7 32 7 16 8 340 3410 2441 1010 3727 1517 1660 3538 
652 0 23 7 0 2 32 16 7 8 2650 2672 3485 739 2203 2827 1551 3493 
653 2 23 7 0 7 32 16 7 8 1610 2952 2296 1964 1644 818 2592 765 
654 0 23 7 7 3 32 16 16 8 620 698 477 199 325 2159 1003 3193 
655 3 23 7 7 7 32 16 16 8 1908 1136 177 3648 2589 583 1039 3489 
656 7 15 0 0 13 23 6 7 7 1270 1902 2581 1597 1256 2103 1431 
657 13 15 0 0 15 23 6 7 8 1460 3853 3032 2315 2134 1828 970 3777 
658 7 15 0 7 12 23 6 16 8 874 713 879 637 3375 1055 2147 132 
659 12 15 0 7 15 23 6 16 8 1031 2850 1343 650 3107 3823 2375 1128 
660 7 15 6 0 13 23 16 5 7 2715 491 3389 763 2070 958 328 
661 13 15 6 0 15 23 16 5 8 3787 3201 1596 2727 2840 752 1790 2451 
662 7 15 6 5 10 23 16 16 8 1531 3548 204 2335 1832 1781 2766 856 
663 10 15 6 5 15 23 16 16 8 3108 3119 2158 1315 867 1993 1788 1455 
664 7 23 0 0 11 32 6 5 7 3455 1684 897 3517 1203 3718 3561 
665 11 23 0 0 15 32 6 5 8 2395 226 77 517 3518 1707 1641 285 
666 7 23 0 5 12 32 6 16 8 1875 2786 69 2140 2421 3840 249 2143 
667 12 23 0 5 15 32 6 16 8 2476 75 2220 832 927 3192 3404 2828 
668 7 23 6 0 11 32 16 5 8 2665 1050 3598 3200 359 3971 1810 1837 
669 11 23 6 0 15 32 16 5 8 3786 178 3508 2974 1015 3772 230 2137 
670 7 23 6 5 12 32 16 16 8 2318 3050 3427 1444 553 3263 485 1046 
671 12 23 6 5 15 32 16 16 8 3775 1803 2049 3793 3207 3649 1105 507 
672 0 15 0 16 4 23 9 23 7 1774 3629 1949 2710 2855 1236 1509 
673 4 15 0 16 7 23 9 23 8 1911 1676 1382 2547 2417 2629 2948 2068 
674 0 15 0 23 3 23 9 32 8 3931 3211 508 2440 2298 3747 3797 3155 
675 3 15 0 23 7 23 9 32 8 1878 3514 2330 2471 1202 351 2226 1865 
676 0 15 9 16 4 23 16 24 7 777 2642 1723 2609 2186 3100 457 
677 4 15 9 16 7 23 16 24 8 2747 336 1269 2932 1250 1430 2745 1761 
678 0 15 9 24 4 23 16 32 8 1884 3805 871 537 3331 3298 731 2812 
679 4 15 9 24 7 23 16 32 8 2578 900 1699 3341 1147 3663 2501 2674 
680 0 23 0 16 4 32 9 22 7 368 3168 437 2548 37 1108 2931 
681 4 23 0 16 7 32 9 22 8 2428 3035 294 85 3693 2517 3770 2429 
682 0 23 0 22 5 32 9 32 8 3579 1700 872 1793 1140 1284 3714 3923 
683 5 23 0 22 7 32 9 32 8 2216 854 1924 3191 2360 492 3918 3703 
684 0 23 9 16 5 32 16 26 8 1637 1612 538 2487 426 3280 963 1135 
685 5 23 9 16 7 32 16 26 8 561 3852 1691 1297 1286 513 575 3129 
686 0 23 9 26 3 32 16 32 8 2167 574 2398 2460 3397 2890 2276 1397 
687 3 23 9 26 7 32 16 32 8 2625 3908 1298 17 29 3578 2219 1515 
688 7 15 0 16 12 24 8 25 7 2473 116 3780 2183 3594 804 460 
689 12 15 0 16 15 24 8 25 8 3898 280 3980 3006 568 62 1474 2762 
690 7 15 0 25 10 24 8 32 8 821 1151 3221 720 2407 1133 2311 535 
691 10 15 0 25 15 24 8 32 8 2595 1088 968 2086 1527 759 736 1338 
692 7 15 8 16 12 24 16 23 7 1361 375 2690 2168 2227 264 412 
693 12 15 8 16 15 24 16 23 8 330 1548 3009 1193 61 2305 2366 3293 
694 7 15 8 23 11 24 16 32 8 2874 3645 840 3891 1124 376 3335 2104 
695 11 15 8 23 15 24 16 32 8 2238 3687 2880 2179 385 997 2864 1757 
696 7 24 0 16 11 32 7 24 7 3432 1037 1829 3905 1564 3162 3854 
697 11 24 0 16 15 32 7 24 8 980 978 469 1121 1489 3417 1553 3239 
698 7 24 0 24 12 32 7 32 8 293 9 3311 3167 1918 1312 2822 270 
699 12 24 0 24 15 32 7 32 8 1209 2920 2117 3233 3601 2557 2383 3336 
700 7 24 7 16 11 32 16 23 8 1251 2830 1715 2300 3839 1952 3218 770 
701 11 24 7 16 15 32 16 23 8 623 2015 2799 1137 3720 431 1811 2859 
702 7 24 7 23 9 32 16 32 8 1889 2490 3194 1350 216 334 3337 1607 
703 9 24 7 23 15 32 16 32 8 1041 984 498 341 2914 3307 1530 1763 
704 0 15 16 0 4 23 23 6 7 1081 2565 3232 1437 1692 3536 888 
705 4 15 16 0 7 23 23 6 8 2632 989 2669 2889 2531 3004 2447 1345 
706 0 15 16 6 3 23 23 15 8 2833 1808 2408 1044 154 3091 3738 2414 
707 3 15 16 6 7 23 23 15 8 2229 2905 209 215 3724 2626 111 1439 
708 0 15 23 0 2 23 32 7 7 3637 1997 2181 210 2317 211 3039 
709 2 15 23 0 7 23 32 7 8 3880 3147 1122 2922 87 3826 957 2906 
710 0 15 23 7 2 23 32 15 8 2126 2970 849 1711 2344 522 2255 2160 
711 2 15 23 7 7 23 32 15 8 1454 2115 2016 335 2133 3937 3160 3592 
712 0 23 16 0 4 32 23 8 7 159 886 1102 3305 161 991 2818 
713 4 23 16 0 7 32 23 8 8 3729 1729 893 3599 2250 1413 260 2603 
714 0 23 16 8 3 32 23 15 8 2017 2652 2349 2644 1073 1518 2048 2187 
715 3 23 16 8 7 32 23 15 8 3322 2329 2649 2289 2598 363 3529 3247 
716 0 23 23 0 2 32 32 7 8 2720 1851 3249 3374 3527 1264 775 1969 
717 2 23 23 0 7 32 32 7 8 873 1804 541 3847 3955 1268 3479 3754 
718 0 23 23 7 3 32 32 15 8 2510 2521 1117 1978 1311 2823 1904 3990 
719 3 23 23 7 7 32 32 15 8 1035 3324 578 3799 2386 2377 2839 1110 
720 7 15 16 0 12 22 25 5 7 3161 2199 288 3539 2066 1428 610 
721 12 15 16 0 15 22 25 5 8 2805 3545 3942 2611 3886 1159 3367 1620 
722 7 15 16 5 10 22 25 15 8 2205 3630 2712 3585 1824 834 144 1195 
723 10 15 16 5 15 22 25 15 8 2279 1913 2902 1380 244 2 835 71 
724 7 15 25 0 12 22 32 7 7 483 2415 845 1463 1827 316 1600 
725 12 15 25 0 15 22 32 7 8 2275 3433 3989 3511 3205 3662 155 2798 
726 7 15 25 7 14 22 32 15 8 295 3017 2055 3326 2526 1581 2253 3929 
727 14 15 25 7 15 22 32 15 8 1583 1840 3472 1802 3350 1352 3241 1595 
728 7 22 16 0 9 32 24 5 7 3351 745 3373 453 172 2322 2249 
729 9 22 16 0 15 32 24 5 8 3987 3957 3815 1742 3143 104 3182 3655 
730 7 22 16 5 11 32 24 15 8 20 443 2175 916 3875 2093 3988 2519 
731 11 22 16 5 15 32 24 15 8 3171 1237 428 501 1944 2582 709 3956 
732 7 22 24 0 13 32 32 6 8 1975 2962 373 760 2561 1063 2254 3728 
733 13 22 24 0 15 32 32 6 8 250 1045 3285 2734 1843 2232 1006 391 
734 7 22 24 6 12 32 32 15 8 1844 1354 190 634 367 3113 629 308 
735 12 22 24 6 15 32 32 15 8 307 3709 899 129 2733 1625 774 3138 
736 0 15 16 15 2 23 24 23 7 221 2484 952 3544 2878 1759 3275 
737 2 15 16 15 8 23 24 23 8 3934 402 2717 3618 3169 268 3722 2961 
738 0 15 16 23 3 23 24 32 8 944 24 252 1384 1201 2515 478 2008 
739 3 15 16 23 8 23 24 32 8 2509 2635 2996 748 1573 2269 1235 1089 
740 0 15 24 15 2 23 32 24 7 3500 1616 282 488 1273 207 2239 
741 2 15 24 15 8 23 32 24 8 2246 3468 3631 1296 1417 2356 702 233 
742 0 15 24 24 2 23 32 32 8 1765 125 3591 247 1686 1577 42 8 
743 2 15 24 24 8 23 32 32 8 1632 3130 3820 1879 248 181 3238 2724 
744 0 23 16 15 3 32 26 24 7 1115 792 434 2261 1873 2095 2059 
745 3 23 16 15 8 32 26 24 8 2094 690 3827 3920 2696 519 1544 2897 
746 0 23 16 24 5 32 26 32 8 3449 1977 3466 2082 187 1240 1165 3423 
747 5 23 16 24 8 32 26 32 8 1862 3343 3581 1199 3121 424 106 3236 
748 0 23 26 15 4 32 32 24 8 2400 3149 3475 1523 682 430 2412 3118 
749 4 23 26 15 8 32 32 24 8 1217 3124 3688 2899 560 1890 780 1156 
750 0 23 26 24 3 32 32 32 8 1645 1971 3540 66 502 243 65 3377 
751 3 23 26 24 8 32 32 32 8 1725 114 3983 1409 1399 1985 217 135 
752 8 15 16 15 9 24 23 23 7 1931 1348 639 326 2080 1134 3951 
753 9 15 16 15 15 24 23 23 8 3260 1094 2224 3487 3790 521 3140 3153 
754 8 15 16 23 11 24 23 32 8 2500 1929 3928 2622 619 1001 1557 1558 
755 11 15 16 23 15 24 23 32 8 1627 3156 1485 2894 2684 2340 3769 813 
756 8 15 23 15 10 24 32 26 7 1920 1809 3329 4 570 2046 1317 
757 10 15 23 15 15 24 32 26 8 2919 3053 708 3692 3574 730 1897 188 
758 8 15 23 26 13 24 32 32 8 1800 1321 378 1068 2861 3996 3146 2135 
759 13 15 23 26 15 24 32 32 8 825 3915 2900 1011 3058 3474 2984 1812 
760 8 24 16 15 13 32 25 26 7 3044 1739 1936 1820 1356 1522 34 
761 13 24 16 15 15 32 25 26 8 933 1817 3125 284 3012 3604 1488 1181 
762 8 24 16 26 12 32 25 32 8 1119 3387 3481 3287 3173 2559 2683 2575 
763 12 24 16 26 15 32 25 32 8 1229 1538 2452 3139 2586 3833 2884 2271 
764 8 24 25 15 12 32 32 25 8 1293 2873 91 1883 3431 364 393 74 
765 12 24 25 15 15 32 32 25 8 1040 2422 1016 679 3855 3582 1210 3741 
766 8 24 25 25 10 32 32 32 8 122 139 3912 3872 1100 3418 3011 2479 
767 10 24 25 25 15 32 32 32 8 1937 2024 3509 1982 932 3000 186 3932 
768 15 0 0 0 20 7 7 7 7 1900 1036 2301 3037 2851 794 3219 
769 20 0 0 0 24 7 7 7 8 3424 1584 1325 3900 3525 2141 1481 2010 
770 15 0 0 7 20 7 7 15 8 2580 2430 3333 518 3650 640 2260 2212 
771 20 0 0 7 24 7 7 15 8 2355 826 3743 1349 2678 1340 1751 1448 
772 15 0 7 0 19 7 16 8 7 663 2110 261 3291 2056 2031 1953 
773 19 0 7 0 24 7 16 8 8 2486 290 2014 3259 1423 3691 90 3876 
774 15 0 7 8 17 7 16 15 8 3600 3593 1867 2600 1480 602 1076 2746 
775 17 0 7 8 24 7 16 15 8 909 102 2035 3806 3164 3576 429 369 
776 15 7 0 0 20 16 7 7 7 676 1957 1603 0 3150 1635 2397 
777 20 7 0 0 24 16 7 7 8 2170 3250 1130 1954 1586 627 274 3283 
778 15 7 0 7 18 16 7 15 8 660 3066 193 3695 2089 2872 1166 711 
779 18 7 0 7 24 16 7 15 8 1447 1438 3762 235 1483 2081 1220 3384 
780 15 7 7 0 19 16 16 6 8 2005 305 2569 1539 1698 131 1320 1333 
781 19 7 7 0 24 16 16 6 8 691 2749 3135 1732 2820 3751 1091 1339 
782 15 7 7 6 19 16 16 15 8 2539 278 2496 938 3151 2410 3621 3859 
783 19 7 7 6 24 16 16 15 8 2426 876 312 1801 707 1825 1701 2535 
784 24 0 0 0 29 7 9 8 7 877 2457 542 1868 1017 3176 3950 
785 29 0 0 0 32 7 9 8 8 1777 922 1814 2265 3672 2166 1242 3175 
786 24 0 0 8 27 7 9 15 8 2474 1542 2613 2443 3244 2764 2263 936 
787 27 0 0 8 32 7 9 15 8 985 3102 1999 1705 3309 1766 2283 3476 
788 24 0 9 0 27 7 16 6 7 962 1464 2879 992 2308 910 3785 
789 27 0 9 0 32 7 16 6 8 1903 3679 1407 2601 1885 2699 78 1988 
790 24 0 9 6 29 7 16 15 8 2240 2069 3811 819 631 3448 3008 3163 
791 29 0 9 6 32 7 16 15 8 3440 3850 3753 2908 2373 3094 1107 265 
792 24 7 0 0 26 16 8 8 7 1206 3825 3633 3271 49 1495 3399 
793 26 7 0 0 32 16 8 8 8 744 1435 2352 3913 2524 2433 333 672 
794 24 7 0 8 27 16 8 15 8 1760 1025 2108 259 92 1360 1230 3159 
795 27 7 0 8 32 16 8 15 8 313 2019 2002 275 2596 1866 3829 1302 
796 24 7 8 0 27 16 16 8 8 353 2944 459 3742 1365 317 1307 2921 
797 27 7 8 0 32 16 16 8 8 1404 1285 3717 2703 2222 3719 598 2623 
798 24 7 8 8 29 16 16 15 8 3319 1052 2489 3294 2233 924 594 311 
799 29 7 8 8 32 16 16 15 8 1493 321 1002 976 3803 2302 2544 947 
800 15 0 0 15 18 8 9 24 7 3506 227 3490 441 523 1231 2769 
801 18 0 0 15 24 8 9 24 8 630 2434 807 1277 3710 3523 2648 2843 
802 15 0 0 24 21 8 9 32 8 3099 2570 3407 805 1664 3926 2493 895 
803 21 0 0 24 24 8 9 32 8 557 2620 1292 2347 3187 2939 60 2023 
804 15 0 9 15 19 8 16 21 7 461 3730 1328 180 2866 2804 3070 
805 19 0 9 15 24 8 16 21 8 1775 1496 512 1475 2502 2963 463 1330 
806 15 0 9 21 20 8 16 32 8 3082 1180 3325 3353 2513 2552 97 3265 
807 20 0 9 21 24 8 16 32 8 1994 1204 3906 2107 3587 2169 526 2875 
808 15 8 0 15 17 16 7 24 7 2062 3893 2195 3314 3800 1838 3836 
809 17 8 0 15 24 16 7 24 8 258 3531 2942 1633 3217 1331 466 3798 
810 15 8 0 24 22 16 7 32 8 3674 652 1129 3074 2693 3612 3628 1241 
811 22 8 0 24 24 16 7 32 8 3776 1282 6 2653 3838 3131 389 3782 
812 15 8 7 15 20 16 16 23 8 2523 3892 3460 3690 2185 3403 796 2234 
813 20 8 7 15 24 16 16 23 8 1366 579 3330 1079 1403 2266 2871 799 
814 15 8 7 23 21 16 16 32 8 2193 3701 1926 2783 2913 3564 3750 1329 
815 21 8 7 23 24 16 16 32 8 52 1396 15 2738 3299 2973 449 3209 
816 24 0 0 15 27 8 8 23 7 170 3364 769 98 263 149 1653 
817 27 0 0 15 32 8 8 23 8 887 3861 3085 3480 1019 2459 1528 3846 
818 24 0 0 23 27 8 8 32 8 3499 2402 1257 1289 3141 2280 2022 3616 
819 27 0 0 23 32 8 8 32 8 2941 3382 764 2679 3057 524 224 960 
820 24 0 8 15 26 8 16 25 7 1274 2892 2462 2376 1688 1960 3917 
821 26 0 8 15 32 8 16 25 8 2716 1933 2171 1149 3454 1898 2480 2463 
822 24 0 8 25 28 8 16 32 8 768 68 201 572 3255 257 1305 1990 
823 28 0 8 25 32 8 16 32 8 3560 1299 3530 314 3405 1962 14 332 
824 24 8 0 15 26 16 8 26 7 2146 349 1650 1020 3090 2153 390 
825 26 8 0 15 32 16 8 26 8 532 427 3318 2686 1238 2272 2991 2863 
826 24 8 0 26 27 16 8 32 8 1408 3365 301 2131 472 2439 10 1782 
827 27 8 0 26 32 16 8 32 8 2392 283 2248 192 271 902 718 1272 
828 24 8 8 15 28 16 16 24 8 3586 3457 3844 3103 3796 1958 2929 86 
829 28 8 8 15 32 16 16 24 8 3214 2469 3302 3768 2821 2511 1127 343 
830 24 8 8 24 28 16 16 32 8 1655 1171 1367 2125 3760 858 1648 1713 
831 28 8 8 24 32 16 16 32 8 3635 898 3774 2516 2150 1332 917 582 
832 15 0 16 0 19 7 22 7 7 1261 1748 2339 2409 3858 699 2639 
833 19 0 16 0 24 7 22 7 8 1833 3818 3638 1368 1601 1831 2610 1132 
834 15 0 16 7 18 7 22 16 8 1992 3558 929 3005 1450 64 1346 2719 
835 18 0 16 7 24 7 22 16 8 310 732 1922 2910 2371 1683 3019 846 
836 15 0 22 0 18 7 32 8 7 3658 3696 3555 750 1870 3157 3439 
837 18 0 22 0 24 7 32 8 8 1326 3667 3284 3535 3515 1549 2990 2363 
838 15 0 22 8 18 7 32 16 8 475 3447 1532 3386 3101 470 39 3208 
839 18 0 22 8 24 7 32 16 8 988 3300 1912 3215 686 2691 418 133 
840 15 7 16 0 18 16 25 8 7 3849 3270 3834 3735 197 965 1249 
841 18 7 16 0 24 16 25 8 8 2237 3978 811 3553 1177 549 2098 279 
842 15 7 16 8 21 16 25 16 8 2045 3608 500 677 1786 3060 1453 2923 
843 21 7 16 8 24 16 25 16 8 3939 3713 198 1894 2837 254 147 3977 
844 15 7 25 0 19 16 32 6 8 812 3524 1386 758 3845 3137 2927 1753 
845 19 7 25 0 24 16 32 6 8 2654 2285 3396 3554 2997 167 1185 628 
846 15 7 25 6 20 16 32 16 8 1213 2304 2945 1745 687 3068 853 612 
847 20 7 25 6 24 16 32 16 8 3269 1792 3995 645 2741 3274 3496 669 
848 24 0 16 0 27 9 24 7 7 894 1223 88 3276 814 2549 550 
849 27 0 16 0 32 9 24 7 8 1111 787 1505 446 1899 2450 3962 2781 
850 24 0 16 7 27 9 24 16 8 906 1511 3442 3697 1491 2394 169 3802 
851 27 0 16 7 32 9 24 16 8 2162 1773 1182 1685 1369 3986 2030 81 
852 24 0 24 0 27 9 32 6 7 1477 3 387 2047 1106 3253 3086 
853 27 0 24 0 32 9 32 6 8 241 3549 1718 3116 3010 1556 1265 3924 
854 24 0 24 6 27 9 32 16 8 1309 2967 884 1492 3383 3038 2088 2118 
855 27 0 24 6 32 9 32 16 8 2359 2299 837 3183 2543 860 1859 3436 
856 24 9 16 0 29 16 24 7 7 1658 432 1989 577 1479 3943 2387 
857 29 9 16 0 32 16 24 7 8 2435 1042 638 648 1744 3158 3877 2742 
858 24 9 16 7 29 16 24 16 8 3684 3240 1246 509 2831 1473 2591 621 
859 29 9 16 7 32 16 24 16 8 1566 1478 716 256 3784 3588 3262 2641 
860 24 9 24 0 27 16 32 7 8 2677 1818 3921 504 622 977 3830 3602 
861 27 9 24 0 32 16 32 7 8 1624 971 1896 2323 3359 245 3816 1319 
862 24 9 24 7 27 16 32 16 8 3395 2876 1370 496 3186 1026 2041 743 
863 27 9 24 7 32 16 32 16 8 1254 1118 2775 2097 3352 2555 3889 2303 
864 15 0 16 16 19 8 24 23 7 2121 1974 1099 1494 800 3087 1910 
865 19 0 16 16 23 8 24 23 8 2647 3589 2127 3332 3464 2646 2824 1278 
866 15 0 16 23 20 8 24 32 8 528 999 436 119 327 3376 576 3964 
867 20 0 16 23 23 8 24 32 8 99 2545 1310 859 3968 817 3617 3708 
868 15 0 24 16 18 8 32 25 7 1351 3726 901 1434 2536 1232 3967 
869 18 0 24 16 23 8 32 25 8 1613 3268 2287 1023 3076 2286 1662 3301 
870 15 0 24 25 20 8 32 32 8 795 1841 339 3320 1634 3641 2368 208 
871 20 0 24 25 23 8 32 32 8 3088 3878 171 2333 1590 1821 2782 1677 
872 15 8 16 16 19 16 25 23 7 2656 1301 696 3229 440 1226 3470 
873 19 8 16 16 23 16 25 23 8 1927 1162 1049 166 3606 2954 2391 1716 
874 15 8 16 23 19 16 25 32 8 3571 599 1758 1449 1198 1805 1498 2036 
875 19 8 16 23 23 16 25 32 8 692 2618 2826 47 2256 3177 2928 3970 
876 15 8 25 16 19 16 32 23 8 3313 2281 2297 662 1341 2748 1877 974 
877 19 8 25 16 23 16 32 23 8 1388 2109 3870 3078 3498 2456 2998 2975 
878 15 8 25 23 17 16 32 32 8 654 3744 1377 2807 356 3415 3700 444 
879 17 8 25 23 23 16 32 32 8 1279 468 3340 1874 839 1318 194 975 
880 23 0 16 16 29 7 22 20 7 3061 2294 2614 2316 2606 438 1668 
881 29 0 16 16 32 7 22 20 8 3611 3698 1173 2083 2247 3422 2478 3235 
882 23 0 16 20 27 7 22 32 8 2803 3430 1139 2419 2466 72 555 2567 
883 27 0 16 20 32 7 22 32 8 563 3740 928 1452 2292 1211 2004 3237 
884 23 0 22 16 28 7 32 20 7 1615 1425 3671 342 296 766 2313 
885 28 0 22 16 32 7 32 20 8 2444 2288 1262 1385 2343 995 2507 2819 
886 23 0 22 20 25 7 32 32 8 2051 203 2986 3264 1646 1724 1271 1061 
887 25 0 22 20 32 7 32 32 8 697 3888 3572 2925 2197 2845 1252 2423 
888 23 7 16 16 27 16 23 24 7 404 1412 994 790 2506 2270 2074 
889 27 7 16 16 32 16 23 24 8 2165 1996 1446 2413 597 2779 2700 2811 
890 23 7 16 24 29 16 23 32 8 998 2566 148 3902 319 3411 2722 3904 
891 29 7 16 24 32 16 23 32 8 3453 137 153 1074 1638 1630 1605 3761 
892 23 7 23 16 27 16 32 24 8 843 2128 2956 2934 635 3261 130 3678 
893 27 7 23 16 32 16 32 24 8 2342 1966 3334 961 2406 242 3822 3767 
894 23 7 23 24 27 16 32 32 8 1930 3510 905 2760 2448 2842 1951 407 
895 27 7 23 24 32 16 32 32 8 931 94 3668 3759 1680 2230 531 2101 
896 15 16 0 0 20 23 7 10 7 1945 3196 1266 3795 3884 3959 605 
897 20 16 0 0 24 23 7 10 8 3837 2527 1336 726 593 2472 2067 3794 
898 15 16 0 10 19 23 7 16 8 3045 365 2321 1529 3644 2262 3615 2848 
899 19 16 0 10 24 23 7 16 8 2630 3306 3132 1507 926 2602 1114 112 
900 15 16 7 0 19 23 15 6 7 3093 1371 239 1559 1796 516 2608 
901 19 16 7 0 24 23 15 6 8 643 1848 2372 3961 1131 38 1359 67 
902 15 16 7 6 20 23 15 16 8 1197 2132 3895 964 128 3736 2295 1578 
903 20 16 7 6 24 23 15 16 8 1419 2084 2223 1580 2139 1426 1183 880 
904 15 23 0 0 20 32 6 8 7 2054 1771 1487 1779 1986 3758 3881 
905 20 23 0 0 24 32 6 8 8 2079 966 2972 3304 3984 2113 2416 2553 
906 15 23 0 8 21 32 6 16 8 2794 1200 1260 1424 2325 1012 3507 728 
907 21 23 0 8 24 32 6 16 8 1541 1869 2787 3969 3660 3788 3547 3993 
908 15 23 6 0 19 32 15 7 8 7 1970 548 1078 2736 3949 289 396 
909 19 23 6 0 24 32 15 7 8 1072 3766 2621 1300 2780 3295 1780 2637 
910 15 23 6 7 21 32 15 16 8 890 2810 1064 3941 615 1730 246 2903 
911 21 23 6 7 24 32 15 16 8 2040 993 2142 914 1767 1880 1169 1391 
912 24 16 0 0 29 24 8 5 7 205 3445 2475 1568 680 609 2689 
913 29 16 0 0 32 24 8 5 8 2554 882 641 3296 2218 1103 2666 103 
914 24 16 0 5 27 24 8 16 8 220 157 892 421 3933 3583 536 2310 
915 27 16 0 5 32 24 8 16 8 3072 1657 625 471 3444 762 1628 2120 
916 24 16 8 0 28 24 15 8 7 855 1935 3528 3661 3901 2172 3063 
917 28 16 8 0 32 24 15 8 8 3450 3120 3973 2825 2114 1057 611 2291 
918 24 16 8 8 27 24 15 16 8 2993 940 1014 520 484 1500 467 2155 
919 27 16 8 8 32 24 15 16 8 3976 3947 738 3289 1355 2659 150 3392 
920 24 24 0 0 27 32 6 8 7 544 1563 1222 1255 3391 581 179 
921 27 24 0 0 32 32 6 8 8 2123 1972 493 850 2671 146 3339 3482 
922 24 24 0 8 29 32 6 16 8 1383 2050 2585 1561 1445 2615 2943 3071 
923 29 24 0 8 32 32 6 16 8 3225 3494 3406 986 2731 1342 673 1276 
924 24 24 6 0 28 32 15 6 8 352 2403 3966 705 2773 3856 891 749 
925 28 24 6 0 32 32 15 6 8 2492 772 2245 2202 2868 1946 3357 2341 
926 24 24 6 6 28 32 15 16 8 3865 3484 2797 2495 551 1344 700 1018 
927 28 24 6 6 32 32 15 16 8 562 23 1009 685 145 1406 2785 2003 
928 15 16 0 16 20 24 8 23 7 3438 571 3896 606 3522 3465 1281 
929 20 16 0 16 24 24 8 23 8 73 831 3652 3049 2037 913 3731 908 
930 15 16 0 23 18 24 8 32 8 487 3459 722 21 2841 212 1762 3665 
931 18 16 0 23 24 24 8 32 8 1611 105 1219 253 935 3675 2904 587 
932 15 16 8 16 20 24 15 23 7 3610 2122 741 915 3220 2085 2096 
933 20 16 8 16 24 24 15 23 8 2571 277 1754 1225 200 2918 1353 59 
934 15 16 8 23 19 24 15 32 8 1772 2483 2893 2309 3095 2204 920 2698 
935 19 16 8 23 24 24 15 32 8 474 2180 3018 3204 646 3566 2682 2354 
936 15 24 0 16 19 32 8 24 7 96 956 3378 729 525 614 2277 
937 19 24 0 16 24 32 8 24 8 2572 3022 2946 851 3642 292 2857 3590 
938 15 24 0 24 21 32 8 32 8 2236 3052 1876 406 380 1334 1395 3821 
939 21 24 0 24 24 32 8 32 8 2445 2616 411 2915 1703 2404 1218 3965 
940 15 24 8 16 21 32 15 22 8 1576 54 2718 3944 1747 3651 1077 2763 
941 21 24 8 16 24 32 15 22 8 1178 124 383 3704 1048 2895 3297 2176 
942 15 24 8 22 20 32 15 32 8 1886 552 632 1096 2518 2546 2692 1389 
943 20 24 8 22 24 32 15 32 8 1497 1337 776 3425 2499 870 1376 3190 
944 24 16 0 16 27 24 7 21 7 3624 1604 2757 3075 3746 2541 1749 
945 27 16 0 16 32 24 7 21 8 3290 847 3210 3712 2607 448 1543 747 
946 24 16 0 21 27 24 7 32 8 2933 2695 3024 1720 801 2793 2558 838 
947 27 16 0 21 32 24 7 32 8 1357 596 3953 1160 2522 3047 409 3358 
948 24 16 7 16 28 24 15 27 7 3960 1465 2042 413 866 573 3001 
949 28 16 7 16 32 24 15 27 8 3577 2813 514 1719 40 1776 2953 63 
950 24 16 7 27 29 24 15 32 8 348 1901 2078 473 2937 1588 869 1034 
951 29 16 7 27 32 24 15 32 8 417 3567 3401 495 2498 3062 388 3134 
952 24 24 0 16 27 32 7 21 7 1565 601 1647 3763 1783 3014 50 
953 27 24 0 16 32 32 7 21 8 299 84 3894 1521 3413 3206 903 2411 
954 24 24 0 21 28 32 7 32 8 1080 2743 833 2264 3559 3258 2327 3835 
955 28 24 0 21 32 32 7 32 8 3664 1051 983 1594 1179 863 3166 1905 
956 24 24 7 16 29 32 15 24 8 1852 1029 2182 100 3670 1192 539 2809 
957 29 24 7 16 32 32 15 24 8 2765 2694 657 3584 1526 18 223 3216 
958 24 24 7 24 28 32 15 32 8 1614 3716 3935 969 494 1303 3067 1787 
959 28 24 7 24 32 32 15 32 8 2534 1546 379 689 559 196 272 783 
960 15 16 15 0 19 24 24 7 7 2847 3757 3910 2130 3303 1263 2771 
961 19 16 15 0 22 24 24 7 8 2209 158 3388 1027 3556 300 2196 1764 
962 15 16 15 7 19 24 24 16 8 152 115 3031 2528 3033 2673 1215 911 
963 19 16 15 7 22 24 24 16 8 287 5 3463 667 2877 1086 1504 1956 
964 15 16 24 0 20 24 32 7 7 41 3619 3441 3543 163 636 1789 
965 20 16 24 0 22 24 32 7 8 1 3079 2992 3732 2112 3841 824 1398 
966 15 16 24 7 19 24 32 16 8 1666 751 3145 1984 1728 1508 174 1524 
967 19 16 24 7 22 24 32 16 8 1387 2714 3634 2364 2940 3551 3254 586 
968 15 24 15 0 17 32 25 7 7 2039 2588 28 1510 1116 2989 1161 
969 17 24 15 0 22 32 25 7 8 458 3040 2173 1717 382 3402 403 1205 
970 15 24 15 7 18 32 25 16 8 506 2061 202 3745 2006 981 3104 2214 
971 18 24 15 7 22 32 25 16 8 2856 214 3537 2702 3203 742 1626 3828 
972 15 24 25 0 19 32 32 8 8 694 1364 276 329 3127 2801 3653 864 
973 19 24 25 0 22 32 32 8 8 788 320 2706 2331 3890 1188 1585 2605 
974 15 24 25 8 17 32 32 16 8 2007 757 1608 2852 2530 3597 1617 1420 
975 17 24 25 8 22 32 32 16 8 3659 2732 2064 647 907 1095 1694 3195 
976 22 16 15 0 26 24 24 7 7 950 2537 3595 3813 2577 3817 1125 
977 26 16 15 0 32 24 24 7 8 1514 1690 2817 3669 878 2138 3288 1675 
978 22 16 15 7 27 24 24 16 8 1456 3007 3421 3739 1005 3234 1323 3504 
979 27 16 15 7 32 24 24 16 8 954 979 1038 3605 2324 3808 3573 1443 
980 22 16 24 0 24 24 32 6 7 1769 1907 1506 1101 2520 912 1189 
981 24 16 24 0 32 24 32 6 8 1770 2752 2399 2579 1093 1429 925 2210 
982 22 16 24 6 26 24 32 16 8 1921 683 1462 1980 2009 1186 3056 2119 
983 26 16 24 6 32 24 32 16 8 3512 1155 1550 1243 3570 1721 3916 2455 
984 22 24 15 0 29 32 24 7 7 2977 2087 2367 1503 2687 2111 2604 
985 29 24 15 0 32 32 24 7 8 2540 1872 414 1411 3873 1955 2244 3342 
986 22 24 15 7 25 32 24 16 8 881 633 2384 972 2163 1738 1909 2129 
987 25 24 15 7 32 32 24 16 8 1819 2370 70 442 3368 107 585 1324 
988 22 24 24 0 27 32 32 8 8 724 1915 2385 3842 2268 2077 3625 1043 
989 27 24 24 0 32 32 32 8 8 3848 554 607 2464 140 3505 2584 2191 
990 22 24 24 8 28 32 32 16 8 896 2369 1768 3426 2675 2208 1917 1712 
991 28 24 24 8 32 32 32 16 8 2470 2252 1335 16 1536 3212 121 604 
992 15 16 15 16 19 23 24 26 7 3429 1743 2971 1224 1735 1190 1033 
993 19 16 15 16 24 23 24 26 8 2663 344 2090 3446 3390 547 3911 117 
994 15 16 15 26 18 23 24 32 8 462 123 2568 3887 1512 408 55 3954 
995 18 16 15 26 24 23 24 32 8 885 2891 546 3379 3632 1227 3142 2795 
996 15 16 24 16 19 23 32 26 7 2563 2494 1981 1294 1671 706 1184 
997 19 16 24 16 24 23 32 26 8 1007 2627 809 1058 2994 1327 3562 3477 
998 15 16 24 26 19 23 32 32 8 479 302 3503 3874 3246 982 2958 1047 
999 19 16 24 26 24 23 32 32 8 3764 600 1484 2336 865 1032 2711 3534 
1000 15 23 15 16 18 32 22 23 7 767 1674 3885 255 3563 3123 2099 
1001 18 23 15 16 24 32 22 23 8 3907 3860 1440 2723 2488 1826 1065 3180 
1002 15 23 15 23 19 32 22 32 8 2029 1589 1881 237 476 3042 1587 3546 
1003 19 23 15 23 24 32 22 32 8 2688 2207 1919 1798 540 95 1849 1560 
1004 15 23 22 16 19 32 32 23 8 684 2551 3483 3316 1726 2389 2446 2542 
1005 19 23 22 16 24 32 32 23 8 273 1961 1983 3408 1525 1914 3412 761 
1006 15 23 22 23 20 32 32 32 8 1142 3462 286 1552 3458 2425 674 2379 
1007 20 23 22 23 24 32 32 32 8 1175 1158 2816 3117 3626 3640 1854 3278 
1008 24 16 15 16 29 24 24 23 7 1059 2802 1163 3998 2667 3469 584 
1009 29 16 15 16 32 24 24 23 8 1629 1540 1291 184 941 1696 2643 529 
1010 24 16 15 23 27 24 24 32 8 2737 435 3027 3051 939 3133 2307 665 
1011 27 16 15 23 32 24 24 32 8 361 1661 3596 782 670 2365 3202 3077 
1012 24 16 24 16 28 24 32 22 7 1592 3982 2886 616 1998 934 2865 
1013 28 16 24 16 32 24 32 22 8 1084 381 323 3015 3502 3851 1598 3656 
1014 24 16 24 22 27 24 32 32 8 1314 2755 3789 721 1591 1067 1466 1665 
1015 27 16 24 22 32 24 32 32 8 3286 3435 101 1727 3882 3909 3992 160 
1016 24 24 15 16 27 32 22 23 7 1639 346 510 2883 2533 2896 1060 
1017 27 24 15 16 32 32 22 23 8 3771 1702 3520 844 1071 2964 2092 422 
1018 24 24 15 23 28 32 22 32 8 3706 2576 852 3315 3178 1028 3148 1858 
1019 28 24 15 23 32 32 22 32 8 2912 3308 3752 1893 3883 703 219 848 
1020 24 24 22 16 28 32 32 24 8 1030 2564 309 2926 3999 1839 2334 1963 
1021 28 24 22 16 32 32 32 24 8 2424 3115 1562 3857 3552 2267 2194 2043 
1022 24 24 22 24 27 32 32 32 8 2156 3026 644 1850 671 3106 946 1415 
1023 27 24 22 24 32 32 32 32 8 656 2503 3279 420 1253 1421 3809 3400 
512
512 0 0 0 0 2 7 7 8 7 298 3765 3152 1259 945 658 126 
513 2 0 0 0 7 7 7 8 8 1704 2512 1755 1722 93 1570 1410 3925 
514 0 0 0 8 3 7 7 15 8 904 1855 1098 1967 2091 2965 2664 2388 
515 3 0 0 8 7 7 7 15 8 1709 164 2278 1891 712 930 2680 234 
516 0 0 7 0 3 7 16 8 7 1092 3948 2038 2025 1191 1642 1599 
517 3 0 7 0 7 7 16 8 8 2788 3381 1756 2374 1813 1022 1609 3686 
518 0 0 7 8 3 7 16 15 8 189 3812 1288 733 2071 2651 1402 3197 
519 3 0 7 8 7 7 16 15 8 3114 2378 2053 1248 1673 2790 3372 2060 
520 0 7 0 0 2 15 7 7 7 3938 57 798 1567 486 2390 2978 
521 2 7 0 0 7 15 7 7 8 345 2273 2018 2853 3184 2000 2144 304 
522 0 7 0 7 3 15 7 15 8 533 456 1582 2361 3420 30 1486 592 
523 3 7 0 7 7 15 7 15 8 331 2136 1892 1123 2337 225 3029 2073 
524 0 7 7 0 5 15 16 6 8 3871 3467 2251 784 1618 2638 2562 36 
525 5 7 7 0 7 15 16 6 8 3723 2504 3869 1669 3526 802 613 1746 
526 0 7 7 6 6 15 16 15 8 3705 2935 195 3936 1807 1785 218 2574 
527 6 7 7 6 7 15 16 15 8 2013 2235 1164 857 3997 3985 113 231 
528 7 0 0 0 12 7 7 6 7 3473 1649 213 1847 3251 659 2188 
529 12 0 0 0 15 7 7 6 8 3824 1214 2032 2190 2685 942 3371 1053 
530 7 0 0 6 11 7 7 15 8 2257 3048 2382 3154 1731 1663 704 423 
531 11 0 0 6 15 7 7 15 8 3188 452 3065 3521 987 2631 2314 1822 
532 7 0 7 0 11 7 16 6 7 996 1471 3361 1857 617 2860 1534 
533 11 0 7 0 15 7 16 6 8 3725 1194 1968 3128 2730 2792 1797 3646 
534 7 0 7 6 11 7 16 15 8 1468 168 779 3245 727 3620 3370 1836 
535 11 0 7 6 15 7 16 15 8 2770 3292 2550 3580 1401 2525 1375 3013 
536 7 7 0 0 10 15 6 4 7 3122 3958 1090 2862 1741 2739 374 
537 10 7 0 0 15 15 6 4 8 3778 3267 120 1734 1574 1467 3452 756 
538 7 7 0 4 10 15 6 15 8 2345 2211 2393 3456 3715 3228 1681 754 
539 10 7 0 4 15 15 6 15 8 1021 2100 3409 810 1864 3756 3016 3647 
540 7 7 6 0 12 15 16 7 8 1670 3497 1239 1794 693 3868 3110 2617 
541 12 7 6 0 15 15 16 7 8 1146 649 1174 3213 1070 2676 3323 3189 
542 7 7 6 7 9 15 16 15 8 1394 1234 2985 26 2145 530 1545 43 
543 9 7 6 7 15 15 16 15 8 79 19 889 608 1533 2662 455 2556 
544 0 0 0 15 3 7 8 24 7 734 2063 701 1187 715 156 2200 
545 3 0 0 15 7 7 8 24 8 1631 433 45 1678 2583 1143 3346 3398 
546 0 0 0 24 3 7 8 32 8 1973 25 2154 3179 1740 785 2243 191 
547 3 0 0 24 7 7 8 32 8 3327 3096 3991 281 2776 527 1640 1308 
548 0 0 8 15 4 7 16 21 7 2021 626 2777 3112 651 948 3533 
549 4 0 8 15 7 7 16 21 8 2707 3349 1295 53 142 3363 3622 2102 
550 0 0 8 21 3 7 16 32 8 827 2274 3321 2704 1433 1490 695 753 
551 3 0 8 21 7 7 16 32 8 566 1170 1888 480 789 2949 803 2241 
552 0 7 0 15 3 15 8 24 7 3222 1571 13 3666 2485 3344 297 
553 3 7 0 15 7 15 8 24 8 2357 3437 322 1459 3810 3277 2936 2198 
554 0 7 0 24 4 15 8 32 8 1934 1233 2849 2916 1442 2721 2497 861 
555 4 7 0 24 7 15 8 32 8 405 1069 2020 719 1461 3773 3165 545 
556 0 7 8 15 3 15 16 20 8 3028 2284 3779 2044 1947 567 1363 1457 
557 3 7 8 15 7 15 16 20 8 1856 46 3963 3614 31 303 2778 1378 
558 0 7 8 20 3 15 16 32 8 1706 2756 2784 2259 291 1347 781 240 
559 3 7 8 20 7 15 16 32 8 2959 2999 3550 2725 2882 3486 1667 2858 
560 7 0 0 15 11 7 8 23 7 2938 1168 2481 481 3385 1643 2312 
561 11 0 0 15 15 7 8 23 8 2052 425 515 2636 3257 2174 1502 1109 
562 7 0 0 23 11 7 8 32 8 2981 589 2983 1940 3199 2753 1679 1535 
563 11 0 0 23 15 7 8 32 8 232 3226 1013 2346 1216 229 3394 3791 
564 7 0 8 15 11 7 16 25 7 2988 2869 2976 2624 1000 1212 370 
565 11 0 8 15 15 7 16 25 8 3281 3749 371 2767 3256 1247 306 3025 
566 7 0 8 25 10 7 16 32 8 228 3832 2075 3059 3903 3952 1362 3542 
567 10 0 8 25 15 7 16 32 8 1422 108 1372 1806 3144 829 2761 410 
568 7 7 0 15 11 15 9 21 7 109 1519 2640 2290 1689 2881 590 
569 11 7 0 15 15 15 9 21 8 1750 2358 136 1499 118 269 1672 3036 
570 7 7 0 21 12 15 9 32 8 666 816 3568 2955 3185 482 1470 2293 
571 12 7 0 21 15 15 9 32 8 3689 883 797 2911 778 1306 2740 3755 
572 7 7 9 15 12 15 16 24 8 3783 3819 1313 3603 2726 2161 875 1932 
573 12 7 9 15 15 15 16 24 8 499 1258 3360 1244 678 497 1144 2789 
574 7 7 9 24 10 15 16 32 8 1693 1104 1928 3681 1082 3083 2836 3981 
575 10 7 9 24 15 15 16 32 8 943 1842 2465 2980 2529 923 2438 820 
576 0 0 16 0 4 8 24 7 7 842 175 1916 48 2381 3495 1736 
577 4 0 16 0 9 8 24 7 8 1619 808 1778 1267 2332 337 3994 2215 
578 0 0 16 7 2 8 24 15 8 3020 3922 2306 3328 2887 723 2708 238 
579 2 0 16 7 9 8 24 15 8 661 1520 3380 1622 3393 2057 2231 27 
580 0 0 24 0 3 8 32 8 7 3355 735 1555 1113 595 746 2796 
581 3 0 24 0 9 8 32 8 8 394 2001 2152 2026 3711 1714 3492 1087 
582 0 0 24 8 3 8 32 15 8 2427 1695 2759 173 3471 1795 3673 3347 
583 3 0 24 8 9 8 32 15 8 1593 1948 2573 564 3310 755 1374 815 
584 0 8 16 0 3 15 23 6 7 1687 822 1845 33 2396 1942 82 
585 3 8 16 0 9 15 23 6 8 771 1287 3081 1373 556 618 3897 1290 
586 0 8 16 6 3 15 23 15 8 2189 3781 717 454 1547 558 2628 183 
587 3 8 16 6 9 15 23 15 8 3680 35 3461 3043 1154 2454 1379 668 
588 0 8 23 0 4 15 32 7 8 2442 565 2157 58 384 3609 1120 937 
589 4 8 23 0 9 15 32 7 8 2105 1861 262 1895 3831 1062 2612 1784 
590 0 8 23 7 5 15 32 15 8 3532 1196 2619 3702 1056 1141 1148 3919 
591 5 8 23 7 9 15 32 15 8 1451 350 1621 3814 32 2033 1316 1392 
592 9 0 16 0 11 7 23 5 7 451 3227 222 2888 2449 1167 3639 
593 11 0 16 0 15 7 23 5 8 2957 386 2697 3575 603 266 3734 1906 
594 9 0 16 5 12 7 23 15 8 3974 1024 1799 3801 2834 1245 2468 1846 
595 12 0 16 5 15 7 23 15 8 2326 1176 2491 534 357 1390 151 1418 
596 9 0 23 0 11 7 32 6 7 3864 2593 3979 2151 1965 1126 1393 
597 11 0 23 0 15 7 32 6 8 1207 2436 1228 110 2660 2350 2149 2242 
598 9 0 23 6 12 7 32 15 8 3737 355 2774 2832 2969 740 2192 3613 
599 12 0 23 6 15 7 32 15 8 2681 182 3109 2744 2351 591 3879 3126 
600 9 7 16 0 10 15 23 6 7 3519 236 3654 2201 918 2768 2966 
601 10 7 16 0 15 15 23 6 8 2661 1697 1815 2791 2854 2467 2898 737 
602 9 7 16 6 11 15 23 15 8 1887 823 503 1572 3643 127 3607 3064 
603 11 7 16 6 15 15 23 15 8 2532 3073 3172 1432 2705 2461 447 2319 
604 9 7 23 0 11 15 32 6 8 3557 372 580 3867 588 362 3136 1835 
605 11 7 23 0 15 15 32 6 8 1537 2995 2658 51 2011 3699 2437 949 
606 9 7 23 6 12 15 32 15 8 3914 828 267 3416 439 2514 967 2917 
607 12 7 23 6 15 15 32 15 8 143 1469 773 2950 1737 2634 1436 2808 
608 0 0 16 15 2 8 25 23 7 185 1501 2538 973 56 1075 1145 
609 2 0 16 15 8 8 25 23 8 2655 2405 543 2338 318 22 3927 1882 
610 0 0 16 23 4 8 25 32 8 959 2754 392 1941 3940 450 2968 955 
611 4 0 16 23 8 8 25 32 8 1943 1871 1860 1979 505 1656 2065 1513 
612 0 0 25 15 4 8 32 25 7 953 89 786 725 3804 3676 3843 
613 4 0 25 15 8 8 32 25 8 3248 3338 3282 3111 2148 3569 2034 862 
614 0 0 25 25 2 8 32 32 8 664 3003 2505 653 3414 1791 1441 3721 
615 2 0 25 25 8 8 32 32 8 2924 489 2124 3677 44 1280 3273 3089 
616 0 8 16 15 3 15 23 22 7 2431 3034 1476 2657 1283 2907 1358 
617 3 8 16 15 8 15 23 22 8 2027 1405 3021 3345 3657 315 3946 1987 
618 0 8 16 22 2 15 23 32 8 1516 681 3041 1752 841 415 2982 2177 
619 2 8 16 22 8 15 23 32 8 3707 2901 3972 1138 2838 1710 1322 3252 
620 0 8 23 15 4 15 32 24 8 134 2751 2178 3694 3092 465 2560 2758 
621 4 8 23 15 8 15 32 24 8 324 714 1458 2072 1925 2750 3354 3636 
622 0 8 23 24 3 15 32 32 8 3541 1651 3054 12 377 366 2458 3348 
623 3 8 23 24 8 15 32 32 8 1381 3181 2645 2058 2217 3682 3733 141 
624 8 0 16 15 11 7 23 25 7 1654 793 1652 868 2930 3272 2800 
625 11 0 16 15 15 7 23 25 8 836 3055 3478 1950 3030 2320 1221 358 
626 8 0 16 25 12 7 23 32 8 138 3223 1482 3866 397 2587 3230 176 
627 12 0 16 25 15 7 23 32 8 1414 1606 2282 3513 3317 1623 3069 3428 
628 8 0 23 15 11 7 32 25 7 2846 3748 3516 1816 2670 1659 2221 
629 11 0 23 15 15 7 32 25 8 1085 3685 354 3443 2028 3434 2713 2829 
630 8 0 23 25 12 7 32 32 8 2599 2206 3863 3930 3084 2348 2508 1004 
631 12 0 23 25 15 7 32 32 8 2960 1602 338 2814 2709 1208 3807 921 
632 8 7 16 15 10 15 24 22 7 1853 399 1575 2353 3097 2951 806 
633 10 7 16 15 15 15 24 22 8 1472 1083 1008 1938 1416 951 1066 1157 
634 8 7 16 22 11 15 24 32 8 2106 1863 360 1579 1830 2482 490 569 
635 11 7 16 22 15 15 24 32 8 2590 624 347 1172 2213 2164 1823 3899 
636 8 7 24 15 11 15 32 26 8 2987 2835 3419 3098 2597 165 3683 511 
637 11 7 24 15 15 15 32 26 8 162 2328 3491 1733 398 2228 3046 3362 
638 8 7 24 26 13 15 32 32 8 400 3366 2225 2772 1112 2979 2184 2594 
639 13 7 24 26 15 15 32 32 8 3501 2116 1976 2258 3623 2909 830 401 
640 0 15 0 0 2 23 8 7 7 3243 642 3356 395 1150 1991 2453 
641 2 15 0 0 7 23 8 7 8 11 445 3105 1097 1153 83 2477 1304 
642 0 15 0 7 4 23 8 16 8 3627 675 2418 3080 2735 2729 1682 3174 
643 4 15 0 7 7 23 8 16 8 3170 2633 2728 655 2885 3312 1152 1995 
644 0 15 8 0 3 23 16 10 7 3002 206 3565 251 2815 2806 990 
645 3 15 8 0 7 23 16 10 8 2870 76 1923 1569 919 1427 791 2012 
646 0 15 8 10 3 23 16 16 8 2432 419 1939 3792 3266 3451 1554 2947 
647 3 15 8 10 7 23 16 16 8 2362 3488 1708 416 3023 2867 2844 3231 
648 0 23 0 0 4 32 7 7 7 3224 1636 688 1959 2701 3975 2420 
649 4 23 0 0 7 32 7 7 8 3369 2076 3242 2668 464 1054 3862 710 
650 0 23 0 7 4 32 7 16 8 1400 1834 2380 3945 3198 1275 80 2401 
651 4 23 0 7 7 32 7 16 8 340 3410 2441 1010 3727 1517 1660 3538 
652 0 23 7 0 2 32 16 7 8 2650 2672 3485 739 2203 2827 1551 3493 
653 2 23 7 0 7 32 16 7 8 1610 2952 2296 1964 1644 818 2592 765 
654 0 23 7 7 3 32 16 16 8 620 698 477 199 325 2159 1003 3193 
655 3 23 7 7 7 32 16 16 8 1908 1136 177 3648 2589 583 1039 3489 
656 7 15 0 0 13 23 6 7 7 1270 1902 2581 1597 1256 2103 1431 
657 13 15 0 0 15 23 6 7 8 1460 3853 3032 2315 2134 1828 970 3777 
658 7 15 0 7 12 23 6 16 8 874 713 879 637 3375 1055 2147 132 
659 12 15 0 7 15 23 6 16 8 1031 2850 1343 650 3107 3823 2375 1128 
660 7 15 6 0 13 23 16 5 7 2715 491 3389 763 2070 958 328 
661 13 15 6 0 15 23 16 5 8 3787 3201 1596 2727 2840 752 1790 2451 
662 7 15 6 5 10 23 16 16 8 1531 3548 204 2335 1832 1781 2766 856 
663 10 15 6 5 15 23 16 16 8 3108 3119 2158 1315 867 1993 1788 1455 
664 7 23 0 0 11 32 6 5 7 3455 1684 897 3517 1203 3718 3561 
665 11 23 0 0 15 32 6 5 8 2395 226 77 517 3518 1707 1641 285 
666 7 23 0 5 12 32 6 16 8 1875 2786 69 2140 2421 3840 249 2143 
667 12 23 0 5 15 32 6 16 8 2476 75 2220 832 927 3192 3404 2828 
668 7 23 6 0 11 32 16 5 8 2665 1050 3598 3200 359 3971 1810 1837 
669 11 23 6 0 15 32 16 5 8 3786 178 3508 2974 1015 3772 230 2137 
670 7 23 6 5 12 32 16 16 8 2318 3050 3427 1444 553 3263 485 1046 
671 12 23 6 5 15 32 16 16 8 3775 1803 2049 3793 3207 3649 1105 507 
672 0 15 0 16 4 23 9 23 7 1774 3629 1949 2710 2855 1236 1509 
673 4 15 0 16 7 23 9 23 8 1911 1676 1382 2547 2417 2629 2948 2068 
674 0 15 0 23 3 23 9 32 8 3931 3211 508 2440 2298 3747 3797 3155 
675 3 15 0 23 7 23 9 32 8 1878 3514 2330 2471 1202 351 2226 1865 
676 0 15 9 16 4 23 16 24 7 777 2642 1723 2609 2186 3100 457 
677 4 15 9 16 7 23 16 24 8 2747 336 1269 2932 1250 1430 2745 1761 
678 0 15 9 24 4 23 16 32 8 1884 3805 871 537 3331 3298 731 2812 
679 4 15 9 24 7 23 16 32 8 2578 900 1699 3341 1147 3663 2501 2674 
680 0 23 0 16 4 32 9 22 7 368 3168 437 2548 37 1108 2931 
681 4 23 0 16 7 32 9 22 8 2428 3035 294 85 3693 2517 3770 2429 
682 0 23 0 22 5 32 9 32 8 3579 1700 872 1793 1140 1284 3714 3923 
683 5 23 0 22 7 32 9 32 8 2216 854 1924 3191 2360 492 3918 3703 
684 0 23 9 16 5 32 16 26 8 1637 1612 538 2487 426 3280 963 1135 
685 5 23 9 16 7 32 16 26 8 561 3852 1691 1297 1286 513 575 3129 
686 0 23 9 26 3 32 16 32 8 2167 574 2398 2460 3397 2890 2276 1397 
687 3 23 9 26 7 32 16 32 8 2625 3908 1298 17 29 3578 2219 1515 
688 7 15 0 16 12 24 8 25 7 2473 116 3780 2183 3594 804 460 
689 12 15 0 16 15 24 8 25 8 3898 280 3980 3006 568 62 1474 2762 
690 7 15 0 25 10 24 8 32 8 821 1151 3221 720 2407 1133 2311 535 
691 10 15 0 25 15 24 8 32 8 2595 1088 968 2086 1527 759 736 1338 
692 7 15 8 16 12 24 16 23 7 1361 375 2690 2168 2227 264 412 
693 12 15 8 16 15 24 16 23 8 330 1548 3009 1193 61 2305 2366 3293 
694 7 15 8 23 11 24 16 32 8 2874 3645 840 3891 1124 376 3335 2104 
695 11 15 8 23 15 24 16 32 8 2238 3687 2880 2179 385 997 2864 1757 
696 7 24 0 16 11 32 7 24 7 3432 1037 1829 3905 1564 3162 3854 
697 11 24 0 16 15 32 7 24 8 980 978 469 1121 1489 3417 1553 3239 
698 7 24 0 24 12 32 7 32 8 293 9 3311 3167 1918 1312 2822 270 
699 12 24 0 24 15 32 7 32 8 1209 2920 2117 3233 3601 2557 2383 3336 
700 7 24 7 16 11 32 16 23 8 1251 2830 1715 2300 3839 1952 3218 770 
701 11 24 7 16 15 32 16 23 8 623 2015 2799 1137 3720 431 1811 2859 
702 7 24 7 23 9 32 16 32 8 1889 2490 3194 1350 216 334 3337 1607 
703 9 24 7 23 15 32 16 32 8 1041 984 498 341 2914 3307 1530 1763 
704 0 15 16 0 4 23 23 6 7 1081 2565 3232 1437 1692 3536 888 
705 4 15 16 0 7 23 23 6 8 2632 989 2669 2889 2531 3004 2447 1345 
706 0 15 16 6 3 23 23 15 8 2833 1808 2408 1044 154 3091 3738 2414 
707 3 15 16 6 7 23 23 15 8 2229 2905 209 215 3724 2626 111 1439 
708 0 15 23 0 2 23 32 7 7 3637 1997 2181 210 2317 211 3039 
709 2 15 23 0 7 23 32 7 8 3880 3147 1122 2922 87 3826 957 2906 
710 0 15 23 7 2 23 32 15 8 2126 2970 849 1711 2344 522 2255 2160 
711 2 15 23 7 7 23 32 15 8 1454 2115 2016 335 2133 3937 3160 3592 
712 0 23 16 0 4 32 23 8 7 159 886 1102 3305 161 991 2818 
713 4 23 16 0 7 32 23 8 8 3729 1729 893 3599 2250 1413 260 2603 
714 0 23 16 8 3 32 23 15 8 2017 2652 2349 2644 1073 1518 2048 2187 
715 3 23 16 8 7 32 23 15 8 3322 2329 2649 2289 2598 363 3529 3247 
716 0 23 23 0 2 32 32 7 8 2720 1851 3249 3374 3527 1264 775 1969 
717 2 23 23 0 7 32 32 7 8 873 1804 541 3847 3955 1268 3479 3754 
718 0 23 23 7 3 32 32 15 8 2510 2521 1117 1978 1311 2823 1904 3990 
719 3 23 23 7 7 32 32 15 8 1035 3324 578 3799 2386 2377 2839 1110 
720 7 15 16 0 12 22 25 5 7 3161 2199 288 3539 2066 1428 610 
721 12 15 16 0 15 22 25 5 8 2805 3545 3942 2611 3886 1159 3367 1620 
722 7 15 16 5 10 22 25 15 8 2205 3630 2712 3585 1824 834 144 1195 
723 10 15 16 5 15 22 25 15 8 2279 1913 2902 1380 244 2 835 71 
724 7 15 25 0 12 22 32 7 7 483 2415 845 1463 1827 316 1600 
725 12 15 25 0 15 22 32 7 8 2275 3433 3989 3511 3205 3662 155 2798 
726 7 15 25 7 14 22 32 15 8 295 3017 2055 3326 2526 1581 2253 3929 
727 14 15 25 7 15 22 32 15 8 1583 1840 3472 1802 3350 1352 3241 1595 
728 7 22 16 0 9 32 24 5 7 3351 745 3373 453 172 2322 2249 
729 9 22 16 0 15 32 24 5 8 3987 3957 3815 1742 3143 104 3182 3655 
730 7 22 16 5 11 32 24 15 8 20 443 2175 916 3875 2093 3988 2519 
731 11 22 16 5 15 32 24 15 8 3171 1237 428 501 1944 2582 709 3956 
732 7 22 24 0 13 32 32 6 8 1975 2962 373 760 2561 1063 2254 3728 
733 13 22 24 0 15 32 32 6 8 250 1045 3285 2734 1843 2232 1006 391 
734 7 22 24 6 12 32 32 15 8 1844 1354 190 634 367 3113 629 308 
735 12 22 24 6 15 32 32 15 8 307 3709 899 129 2733 1625 774 3138 
736 0 15 16 15 2 23 24 23 7 221 2484 952 3544 2878 1759 3275 
737 2 15 16 15 8 23 24 23 8 3934 402 2717 3618 3169 268 3722 2961 
738 0 15 16 23 3 23 24 32 8 944 24 252 1384 1201 2515 478 2008 
739 3 15 16 23 8 23 24 32 8 2509 2635 2996 748 1573 2269 1235 1089 
740 0 15 24 15 2 23 32 24 7 3500 1616 282 488 1273 207 2239 
741 2 15 24 15 8 23 32 24 8 2246 3468 3631 1296 1417 2356 702 233 
742 0 15 24 24 2 23 32 32 8 1765 125 3591 247 1686 1577 42 8 
743 2 15 24 24 8 23 32 32 8 1632 3130 3820 1879 248 181 3238 2724 
744 0 23 16 15 3 32 26 24 7 1115 792 434 2261 1873 2095 2059 
745 3 23 16 15 8 32 26 24 8 2094 690 3827 3920 2696 519 1544 2897 
746 0 23 16 24 5 32 26 32 8 3449 1977 3466 2082 187 1240 1165 3423 
747 5 23 16 24 8 32 26 32 8 1862 3343 3581 1199 3121 424 106 3236 
748 0 23 26 15 4 32 32 24 8 2400 3149 3475 1523 682 430 2412 3118 
749 4 23 26 15 8 32 32 24 8 1217 3124 3688 2899 560 1890 780 1156 
750 0 23 26 24 3 32 32 32 8 1645 1971 3540 66 502 243 65 3377 
751 3 23 26 24 8 32 32 32 8 1725 114 3983 1409 1399 1985 217 135 
752 8 15 16 15 9 24 23 23 7 1931 1348 639 326 2080 1134 3951 
753 9 15 16 15 15 24 23 23 8 3260 1094 2224 3487 3790 521 3140 3153 
754 8 15 16 23 11 24 23 32 8 2500 1929 3928 2622 619 1001 1557 1558 
755 11 15 16 23 15 24 23 32 8 1627 3156 1485 2894 2684 2340 3769 813 
756 8 15 23 15 10 24 32 26 7 1920 1809 3329 4 570 2046 1317 
757 10 15 23 15 15 24 32 26 8 2919 3053 708 3692 3574 730 1897 188 
758 8 15 23 26 13 24 32 32 8 1800 1321 378 1068 2861 3996 3146 2135 
759 13 15 23 26 15 24 32 32 8 825 3915 2900 1011 3058 3474 2984 1812 
760 8 24 16 15 13 32 25 26 7 3044 1739 1936 1820 1356 1522 34 
761 13 24 16 15 15 32 25 26 8 933 1817 3125 284 3012 3604 1488 1181 
762 8 24 16 26 12 32 25 32 8 1119 3387 3481 3287 3173 2559 2683 2575 
763 12 24 16 26 15 32 25 32 8 1229 1538 2452 3139 2586 3833 2884 2271 
764 8 24 25 15 12 32 32 25 8 1293 2873 91 1883 3431 364 393 74 
765 12 24 25 15 15 32 32 25 8 1040 2422 1016 679 3855 3582 1210 3741 
766 8 24 25 25 10 32 32 32 8 122 139 3912 3872 1100 3418 3011 2479 
767 10 24 25 25 15 32 32 32 8 1937 2024 3509 1982 932 3000 186 3932 
768 15 0 0 0 20 7 7 7 7 1900 1036 2301 3037 2851 794 3219 
769 20 0 0 0 24 7 7 7 8 3424 1584 1325 3900 3525 2141 1481 2010 
770 15 0 0 7 20 7 7 15 8 2580 2430 3333 518 3650 640 2260 2212 
771 20 0 0 7 24 7 7 15 8 2355 826 3743 1349 2678 1340 1751 1448 
772 15 0 7 0 19 7 16 8 7 663 2110 261 3291 2056 2031 1953 
773 19 0 7 0 24 7 16 8 8 2486 290 2014 3259 1423 3691 90 3876 
774 15 0 7 8 17 7 16 15 8 3600 3593 1867 2600 1480 602 1076 2746 
775 17 0 7 8 24 7 16 15 8 909 102 2035 3806 3164 3576 429 369 
776 15 7 0 0 20 16 7 7 7 676 1957 1603 0 3150 1635 2397 
777 20 7 0 0 24 16 7 7 8 2170 3250 1130 1954 1586 627 274 3283 
778 15 7 0 7 18 16 7 15 8 660 3066 193 3695 2089 2872 1166 711 
779 18 7 0 7 24 16 7 15 8 1447 1438 3762 235 1483 2081 1220 3384 
780 15 7 7 0 19 16 16 6 8 2005 305 2569 1539 1698 131 1320 1333 
781 19 7 7 0 24 16 16 6 8 691 2749 3135 1732 2820 3751 1091 1339 
782 15 7 7 6 19 16 16 15 8 2539 278 2496 938 3151 2410 3621 3859 
783 19 7 7 6 24 16 16 15 8 2426 876 312 1801 707 1825 1701 2535 
784 24 0 0 0 29 7 9 8 7 877 2457 542 1868 1017 3176 3950 
785 29 0 0 0 32 7 9 8 8 1777 922 1814 2265 3672 2166 1242 3175 
786 24 0 0 8 27 7 9 15 8 2474 1542 2613 2443 3244 2764 2263 936 
787 27 0 0 8 32 7 9 15 8 985 3102 1999 1705 3309 1766 2283 3476 
788 24 0 9 0 27 7 16 6 7 962 1464 2879 992 2308 910 3785 
789 27 0 9 0 32 7 16 6 8 1903 3679 1407 2601 1885 2699 78 1988 
790 24 0 9 6 29 7 16 15 8 2240 2069 3811 819 631 3448 3008 3163 
791 29 0 9 6 32 7 16 15 8 3440 3850 3753 2908 2373 3094 1107 265 
792 24 7 0 0 26 16 8 8 7 1206 3825 3633 3271 49 1495 3399 
793 26 7 0 0 32 16 8 8 8 744 1435 2352 3913 2524 2433 333 672 
794 24 7 0 8 27 16 8 15 8 1760 1025 2108 259 92 1360 1230 3159 
795 27 7 0 8 32 16 8 15 8 313 2019 2002 275 2596 1866 3829 1302 
796 24 7 8 0 27 16 16 8 8 353 2944 459 3742 1365 317 1307 2921 
797 27 7 8 0 32 16 16 8 8 1404 1285 3717 2703 2222 3719 598 2623 
798 24 7 8 8 29 16 16 15 8 3319 1052 2489 3294 2233 924 594 311 
799 29 7 8 8 32 16 16 15 8 1493 321 1002 976 3803 2302 2544 947 
800 15 0 0 15 18 8 9 24 7 3506 227 3490 441 523 1231 2769 
801 18 0 0 15 24 8 9 24 8 630 2434 807 1277 3710 3523 2648 2843 
802 15 0 0 24 21 8 9 32 8 3099 2570 3407 805 1664 3926 2493 895 
803 21 0 0 24 24 8 9 32 8 557 2620 1292 2347 3187 2939 60 2023 
804 15 0 9 15 19 8 16 21 7 461 3730 1328 180 2866 2804 3070 
805 19 0 9 15 24 8 16 21 8 1775 1496 512 1475 2502 2963 463 1330 
806 15 0 9 21 20 8 16 32 8 3082 1180 3325 3353 2513 2552 97 3265 
807 20 0 9 21 24 8 16 32 8 1994 1204 3906 2107 3587 2169 526 2875 
808 15 8 0 15 17 16 7 24 7 2062 3893 2195 3314 3800 1838 3836 
809 17 8 0 15 24 16 7 24 8 258 3531 2942 1633 3217 1331 466 3798 
810 15 8 0 24 22 16 7 32 8 3674 652 1129 3074 2693 3612 3628 1241 
811 22 8 0 24 24 16 7 32 8 3776 1282 6 2653 3838 3131 389 3782 
812 15 8 7 15 20 16 16 23 8 2523 3892 3460 3690 2185 3403 796 2234 
813 20 8 7 15 24 16 16 23 8 1366 579 3330 1079 1403 2266 2871 799 
814 15 8 7 23 21 16 16 32 8 2193 3701 1926 2783 2913 3564 3750 1329 
815 21 8 7 23 24 16 16 32 8 52 1396 15 2738 3299 2973 449 3209 
816 24 0 0 15 27 8 8 23 7 170 3364 769 98 263 149 1653 
817 27 0 0 15 32 8 8 23 8 887 3861 3085 3480 1019 2459 1528 3846 
818 24 0 0 23 27 8 8 32 8 3499 2402 1257 1289 3141 2280 2022 3616 
819 27 0 0 23 32 8 8 32 8 2941 3382 764 2679 3057 524 224 960 
820 24 0 8 15 26 8 16 25 7 1274 2892 2462 2376 1688 1960 3917 
821 26 0 8 15 32 8 16 25 8 2716 1933 2171 1149 3454 1898 2480 2463 
822 24 0 8 25 28 8 16 32 8 768 68 201 572 3255 257 1305 1990 
823 28 0 8 25 32 8 16 32 8 3560 1299 3530 314 3405 1962 14 332 
824 24 8 0 15 26 16 8 26 7 2146 349 1650 1020 3090 2153 390 
825 26 8 0 15 32 16 8 26 8 532 427 3318 2686 1238 2272 2991 2863 
826 24 8 0 26 27 16 8 32 8 1408 3365 301 2131 472 2439 10 1782 
827 27 8 0 26 32 16 8 32 8 2392 283 2248 192 271 902 718 1272 
828 24 8 8 15 28 16 16 24 8 3586 3457 3844 3103 3796 1958 2929 86 
829 28 8 8 15 32 16 16 24 8 3214 2469 3302 3768 2821 2511 1127 343 
830 24 8 8 24 28 16 16 32 8 1655 1171 1367 2125 3760 858 1648 1713 
831 28 8 8 24 32 16 16 32 8 3635 898 3774 2516 2150 1332 917 582 
832 15 0 16 0 19 7 22 7 7 1261 1748 2339 2409 3858 699 2639 
833 19 0 16 0 24 7 22 7 8 1833 3818 3638 1368 1601 1831 2610 1132 
834 15 0 16 7 18 7 22 16 8 1992 3558 929 3005 1450 64 1346 2719 
835 18 0 16 7 24 7 22 16 8 310 732 1922 2910 2371 1683 3019 846 
836 15 0 22 0 18 7 32 8 7 3658 3696 3555 750 1870 3157 3439 
837 18 0 22 0 24 7 32 8 8 1326 3667 3284 3535 3515 1549 2990 2363 
838 15 0 22 8 18 7 32 16 8 475 3447 1532 3386 3101 470 39 3208 
839 18 0 22 8 24 7 32 16 8 988 3300 1912 3215 686 2691 418 133 
840 15 7 16 0 18 16 25 8 7 3849 3270 3834 3735 197 965 1249 
841 18 7 16 0 24 16 25 8 8 2237 3978 811 3553 1177 549 2098 279 
842 15 7 16 8 21 16 25 16 8 2045 3608 500 677 1786 3060 1453 2923 
843 21 7 16 8 24 16 25 16 8 3939 3713 198 1894 2837 254 147 3977 
844 15 7 25 0 19 16 32 6 8 812 3524 1386 758 3845 3137 2927 1753 
845 19 7 25 0 24 16 32 6 8 2654 2285 3396 3554 2997 167 1185 628 
846 15 7 25 6 20 16 32 16 8 1213 2304 2945 1745 687 3068 853 612 
847 20 7 25 6 24 16 32 16 8 3269 1792 3995 645 2741 3274 3496 669 
848 24 0 16 0 27 9 24 7 7 894 1223 88 3276 814 2549 550 
849 27 0 16 0 32 9 24 7 8 1111 787 1505 446 1899 2450 3962 2781 
850 24 0 16 7 27 9 24 16 8 906 1511 3442 3697 1491 2394 169 3802 
851 27 0 16 7 32 9 24 16 8 2162 1773 1182 1685 1369 3986 2030 81 
852 24 0 24 0 27 9 32 6 7 1477 3 387 2047 1106 3253 3086 
853 27 0 24 0 32 9 32 6 8 241 3549 1718 3116 3010 1556 1265 3924 
854 24 0 24 6 27 9 32 16 8 1309 2967 884 1492 3383 3038 2088 2118 
855 27 0 24 6 32 9 32 16 8 2359 2299 837 3183 2543 860 1859 3436 
856 24 9 16 0 29 16 24 7 7 1658 432 1989 577 1479 3943 2387 
857 29 9 16 0 32 16 24 7 8 2435 1042 638 648 1744 3158 3877 2742 
858 24 9 16 7 29 16 24 16 8 3684 3240 1246 509 2831 1473 2591 621 
859 29 9 16 7 32 16 24 16 8 1566 1478 716 256 3784 3588 3262 2641 
860 24 9 24 0 27 16 32 7 8 2677 1818 3921 504 622 977 3830 3602 
861 27 9 24 0 32 16 32 7 8 1624 971 1896 2323 3359 245 3816 1319 
862 24 9 24 7 27 16 32 16 8 3395 2876 1370 496 3186 1026 2041 743 
863 27 9 24 7 32 16 32 16 8 1254 1118 2775 2097 3352 2555 3889 2303 
864 15 0 16 16 19 8 24 23 7 2121 1974 1099 1494 800 3087 1910 
865 19 0 16 16 23 8 24 23 8 2647 3589 2127 3332 3464 2646 2824 1278 
866 15 0 16 23 20 8 24 32 8 528 999 436 119 327 3376 576 3964 
867 20 0 16 23 23 8 24 32 8 99 2545 1310 859 3968 817 3617 3708 
868 15 0 24 16 18 8 32 25 7 1351 3726 901 1434 2536 1232 3967 
869 18 0 24 16 23 8 32 25 8 1613 3268 2287 1023 3076 2286 1662 3301 
870 15 0 24 25 20 8 32 32 8 795 1841 339 3320 1634 3641 2368 208 
871 20 0 24 25 23 8 32 32 8 3088 3878 171 2333 1590 1821 2782 1677 
872 15 8 16 16 19 16 25 23 7 2656 1301 696 3229 440 1226 3470 
873 19 8 16 16 23 16 25 23 8 1927 1162 1049 166 3606 2954 2391 1716 
874 15 8 16 23 19 16 25 32 8 3571 599 1758 1449 1198 1805 1498 2036 
875 19 8 16 23 23 16 25 32 8 692 2618 2826 47 2256 3177 2928 3970 
876 15 8 25 16 19 16 32 23 8 3313 2281 2297 662 1341 2748 1877 974 
877 19 8 25 16 23 16 32 23 8 1388 2109 3870 3078 3498 2456 2998 2975 
878 15 8 25 23 17 16 32 32 8 654 3744 1377 2807 356 3415 3700 444 
879 17 8 25 23 23 16 32 32 8 1279 468 3340 1874 839 1318 194 975 
880 23 0 16 16 29 7 22 20 7 3061 2294 2614 2316 2606 438 1668 
881 29 0 16 16 32 7 22 20 8 3611 3698 1173 2083 2247 3422 2478 3235 
882 23 0 16 20 27 7 22 32 8 2803 3430 1139 2419 2466 72 555 2567 
883 27 0 16 20 32 7 22 32 8 563 3740 928 1452 2292 1211 2004 3237 
884 23 0 22 16 28 7 32 20 7 1615 1425 3671 342 296 766 2313 
885 28 0 22 16 32 7 32 20 8 2444 2288 1262 1385 2343 995 2507 2819 
886 23 0 22 20 25 7 32 32 8 2051 203 2986 3264 1646 1724 1271 1061 
887 25 0 22 20 32 7 32 32 8 697 3888 3572 2925 2197 2845 1252 2423 
888 23 7 16 16 27 16 23 24 7 404 1412 994 790 2506 2270 2074 
889 27 7 16 16 32 16 23 24 8 2165 1996 1446 2413 597 2779 2700 2811 
890 23 7 16 24 29 16 23 32 8 998 2566 148 3902 319 3411 2722 3904 
891 29 7 16 24 32 16 23 32 8 3453 137 153 1074 1638 1630 1605 3761 
892 23 7 23 16 27 16 32 24 8 843 2128 2956 2934 635 3261 130 3678 
893 27 7 23 16 32 16 32 24 8 2342 1966 3334 961 2406 242 3822 3767 
894 23 7 23 24 27 16 32 32 8 1930 3510 905 2760 2448 2842 1951 407 
895 27 7 23 24 32 16 32 32 8 931 94 3668 3759 1680 2230 531 2101 
896 15 16 0 0 20 23 7 10 7 1945 3196 1266 3795 3884 3959 605 
897 20 16 0 0 24 23 7 10 8 3837 2527 1336 726 593 2472 2067 3794 
898 15 16 0 10 19 23 7 16 8 3045 365 2321 1529 3644 2262 3615 2848 
899 19 16 0 10 24 23 7 16 8 2630 3306 3132 1507 926 2602 1114 112 
900 15 16 7 0 19 23 15 6 7 3093 1371 239 1559 1796 516 2608 
901 19 16 7 0 24 23 15 6 8 643 1848 2372 3961 1131 38 1359 67 
902 15 16 7 6 20 23 15 16 8 1197 2132 3895 964 128 3736 2295 1578 
903 20 16 7 6 24 23 15 16 8 1419 2084 2223 1580 2139 1426 1183 880 
904 15 23 0 0 20 32 6 8 7 2054 1771 1487 1779 1986 3758 3881 
905 20 23 0 0 24 32 6 8 8 2079 966 2972 3304 3984 2113 2416 2553 
906 15 23 0 8 21 32 6 16 8 2794 1200 1260 1424 2325 1012 3507 728 
907 21 23 0 8 24 32 6 16 8 1541 1869 2787 3969 3660 3788 3547 3993 
908 15 23 6 0 19 32 15 7 8 7 1970 548 1078 2736 3949 289 396 
909 19 23 6 0 24 32 15 7 8 1072 3766 2621 1300 2780 3295 1780 2637 
910 15 23 6 7 21 32 15 16 8 890 2810 1064 3941 615 1730 246 2903 
911 21 23 6 7 24 32 15 16 8 2040 993 2142 914 1767 1880 1169 1391 
912 24 16 0 0 29 24 8 5 7 205 3445 2475 1568 680 609 2689 
913 29 16 0 0 32 24 8 5 8 2554 882 641 3296 2218 1103 2666 103 
914 24 16 0 5 27 24 8 16 8 220 157 892 421 3933 3583 536 2310 
915 27 16 0 5 32 24 8 16 8 3072 1657 625 471 3444 762 1628 2120 
916 24 16 8 0 28 24 15 8 7 855 1935 3528 3661 3901 2172 3063 
917 28 16 8 0 32 24 15 8 8 3450 3120 3973 2825 2114 1057 611 2291 
918 24 16 8 8 27 24 15 16 8 2993 940 1014 520 484 1500 467 2155 
919 27 16 8 8 32 24 15 16 8 3976 3947 738 3289 1355 2659 150 3392 
920 24 24 0 0 27 32 6 8 7 544 1563 1222 1255 3391 581 179 
921 27 24 0 0 32 32 6 8 8 2123 1972 493 850 2671 146 3339 3482 
922 24 24 0 8 29 32 6 16 8 1383 2050 2585 1561 1445 2615 2943 3071 
923 29 24 0 8 32 32 6 16 8 3225 3494 3406 986 2731 1342 673 1276 
924 24 24 6 0 28 32 15 6 8 352 2403 3966 705 2773 3856 891 749 
925 28 24 6 0 32 32 15 6 8 2492 772 2245 2202 2868 1946 3357 2341 
926 24 24 6 6 28 32 15 16 8 3865 3484 2797 2495 551 1344 700 1018 
927 28 24 6 6 32 32 15 16 8 562 23 1009 685 145 1406 2785 2003 
928 15 16 0 16 20 24 8 23 7 3438 571 3896 606 3522 3465 1281 
929 20 16 0 16 24 24 8 23 8 73 831 3652 3049 2037 913 3731 908 
930 15 16 0 23 18 24 8 32 8 487 3459 722 21 2841 212 1762 3665 
931 18 16 0 23 24 24 8 32 8 1611 105 1219 253 935 3675 2904 587 
932 15 16 8 16 20 24 15 23 7 3610 2122 741 915 3220 2085 2096 
933 20 16 8 16 24 24 15 23 8 2571 277 1754 1225 200 2918 1353 59 
934 15 16 8 23 19 24 15 32 8 1772 2483 2893 2309 3095 2204 920 2698 
935 19 16 8 23 24 24 15 32 8 474 2180 3018 3204 646 3566 2682 2354 
936 15 24 0 16 19 32 8 24 7 96 956 3378 729 525 614 2277 
937 19 24 0 16 24 32 8 24 8 2572 3022 2946 851 3642 292 2857 3590 
938 15 24 0 24 21 32 8 32 8 2236 3052 1876 406 380 1334 1395 3821 
939 21 24 0 24 24 32 8 32 8 2445 2616 411 2915 1703 2404 1218 3965 
940 15 24 8 16 21 32 15 22 8 1576 54 2718 3944 1747 3651 1077 2763 
941 21 24 8 16 24 32 15 22 8 1178 124 383 3704 1048 2895 3297 2176 
942 15 24 8 22 20 32 15 32 8 1886 552 632 1096 2518 2546 2692 1389 
943 20 24 8 22 24 32 15 32 8 1497 1337 776 3425 2499 870 1376 3190 
944 24 16 0 16 27 24 7 21 7 3624 1604 2757 3075 3746 2541 1749 
945 27 16 0 16 32 24 7 21 8 3290 847 3210 3712 2607 448 1543 747 
946 24 16 0 21 27 24 7 32 8 2933 2695 3024 1720 801 2793 2558 838 
947 27 16 0 21 32 24 7 32 8 1357 596 3953 1160 2522 3047 409 3358 
948 24 16 7 16 28 24 15 27 7 3960 1465 2042 413 866 573 3001 
949 28 16 7 16 32 24 15 27 8 3577 2813 514 1719 40 1776 2953 63 
950 24 16 7 27 29 24 15 32 8 348 1901 2078 473 2937 1588 869 1034 
951 29 16 7 27 32 24 15 32 8 417 3567 3401 495 2498 3062 388 3134 
952 24 24 0 16 27 32 7 21 7 1565 601 1647 3763 1783 3014 50 
953 27 24 0 16 32 32 7 21 8 299 84 3894 1521 3413 3206 903 2411 
954 24 24 0 21 28 32 7 32 8 1080 2743 833 2264 3559 3258 2327 3835 
955 28 24 0 21 32 32 7 32 8 3664 1051 983 1594 1179 863 3166 1905 
956 24 24 7 16 29 32 15 24 8 1852 1029 2182 100 3670 1192 539 2809 
957 29 24 7 16 32 32 15 24 8 2765 2694 657 3584 1526 18 223 3216 
958 24 24 7 24 28 32 15 32 8 1614 3716 3935 969 494 1303 3067 1787 
959 28 24 7 24 32 32 15 32 8 2534 1546 379 689 559 196 272 783 
960 15 16 15 0 19 24 24 7 7 2847 3757 3910 2130 3303 1263 2771 
961 19 16 15 0 22 24 24 7 8 2209 158 3388 1027 3556 300 2196 1764 
962 15 16 15 7 19 24 24 16 8 152 115 3031 2528 3033 2673 1215 911 
963 19 16 15 7 22 24 24 16 8 287 5 3463 667 2877 1086 1504 1956 
964 15 16 24 0 20 24 32 7 7 41 3619 3441 3543 163 636 1789 
965 20 16 24 0 22 24 32 7 8 1 3079 2992 3732 2112 3841 824 1398 
966 15 16 24 7 19 24 32 16 8 1666 751 3145 1984 1728 1508 174 1524 
967 19 16 24 7 22 24 32 16 8 1387 2714 3634 2364 2940 3551 3254 586 
968 15 24 15 0 17 32 25 7 7 2039 2588 28 1510 1116 2989 1161 
969 17 24 15 0 22 32 25 7 8 458 3040 2173 1717 382 3402 403 1205 
970 15 24 15 7 18 32 25 16 8 506 2061 202 3745 2006 981 3104 2214 
971 18 24 15 7 22 32 25 16 8 2856 214 3537 2702 3203 742 1626 3828 
972 15 24 25 0 19 32 32 8 8 694 1364 276 329 3127 2801 3653 864 
973 19 24 25 0 22 32 32 8 8 788 320 2706 2331 3890 1188 1585 2605 
974 15 24 25 8 17 32 32 16 8 2007 757 1608 2852 2530 3597 1617 1420 
975 17 24 25 8 22 32 32 16 8 3659 2732 2064 647 907 1095 1694 3195 
976 22 16 15 0 26 24 24 7 7 950 2537 3595 3813 2577 3817 1125 
977 26 16 15 0 32 24 24 7 8 1514 1690 2817 3669 878 2138 3288 1675 
978 22 16 15 7 27 24 24 16 8 1456 3007 3421 3739 1005 3234 1323 3504 
979 27 16 15 7 32 24 24 16 8 954 979 1038 3605 2324 3808 3573 1443 
980 22 16 24 0 24 24 32 6 7 1769 1907 1506 1101 2520 912 1189 
981 24 16 24 0 32 24 32 6 8 1770 2752 2399 2579 1093 1429 925 2210 
982 22 16 24 6 26 24 32 16 8 1921 683 1462 1980 2009 1186 3056 2119 
983 26 16 24 6 32 24 32 16 8 3512 1155 1550 1243 3570 1721 3916 2455 
984 22 24 15 0 29 32 24 7 7 2977 2087 2367 1503 2687 2111 2604 
985 29 24 15 0 32 32 24 7 8 2540 1872 414 1411 3873 1955 2244 3342 
986 22 24 15 7 25 32 24 16 8 881 633 2384 972 2163 1738 1909 2129 
987 25 24 15 7 32 32 24 16 8 1819 2370 70 442 3368 107 585 1324 
988 22 24 24 0 27 32 32 8 8 724 1915 2385 3842 2268 2077 3625 1043 
989 27 24 24 0 32 32 32 8 8 3848 554 607 2464 140 3505 2584 2191 
990 22 24 24 8 28 32 32 16 8 896 2369 1768 3426 2675 2208 1917 1712 
991 28 24 24 8 32 32 32 16 8 2470 2252 1335 16 1536 3212 121 604 
992 15 16 15 16 19 23 24 26 7 3429 1743 2971 1224 1735 1190 1033 
993 19 16 15 16 24 23 24 26 8 2663 344 2090 3446 3390 547 3911 117 
994 15 16 15 26 18 23 24 32 8 462 123 2568 3887 1512 408 55 3954 
995 18 16 15 26 24 23 24 32 8 885 2891 546 3379 3632 1227 3142 2795 
996 15 16 24 16 19 23 32 26 7 2563 2494 1981 1294 1671 706 1184 
997 19 16 24 16 24 23 32 26 8 1007 2627 809 1058 2994 1327 3562 3477 
998 15 16 24 26 19 23 32 32 8 479 302 3503 3874 3246 982 2958 1047 
999 19 16 24 26 24 23 32 32 8 3764 600 1484 2336 865 1032 2711 3534 
1000 15 23 15 16 18 32 22 23 7 767 1674 3885 255 3563 3123 2099 
1001 18 23 15 16 24 32 22 23 8 3907 3860 1440 2723 2488 1826 1065 3180 
1002 15 23 15 23 19 32 22 32 8 2029 1589 1881 237 476 3042 1587 3546 
1003 19 23 15 23 24 32 22 32 8 2688 2207 1919 1798 540 95 1849 1560 
1004 15 23 22 16 19 32 32 23 8 684 2551 3483 3316 1726 2389 2446 2542 
1005 19 23 22 16 24 32 32 23 8 273 1961 1983 3408 1525 1914 3412 761 
1006 15 23 22 23 20 32 32 32 8 1142 3462 286 1552 3458 2425 674 2379 
1007 20 23 22 23 24 32 32 32 8 1175 1158 2816 3117 3626 3640 1854 3278 
1008 24 16 15 16 29 24 24 23 7 1059 2802 1163 3998 2667 3469 584 
1009 29 16 15 16 32 24 24 23 8 1629 1540 1291 184 941 1696 2643 529 
1010 24 16 15 23 27 24 24 32 8 2737 435 3027 3051 939 3133 2307 665 
1011 27 16 15 23 32 24 24 32 8 361 1661 3596 782 670 2365 3202 3077 
1012 24 16 24 16 28 24 32 22 7 1592 3982 2886 616 1998 934 2865 
1013 28 16 24 16 32 24 32 22 8 1084 381 323 3015 3502 3851 1598 3656 
1014 24 16 24 22 27 24 32 32 8 1314 2755 3789 721 1591 1067 1466 1665 
1015 27 16 24 22 32 24 32 32 8 3286 3435 101 1727 3882 3909 3992 160 
1016 24 24 15 16 27 32 22 23 7 1639 346 510 2883 2533 2896 1060 
1017 27 24 15 16 32 32 22 23 8 3771 1702 3520 844 1071 2964 2092 422 
1018 24 24 15 23 28 32 22 32 8 3706 2576 852 3315 3178 1028 3148 1858 
1019 28 24 15 23 32 32 22 32 8 2912 3308 3752 1893 3883 703 219 848 
1020 24 24 22 16 28 32 32 24 8 1030 2564 309 2926 3999 1839 2334 1963 
1021 28 24 22 16 32 32 32 24 8 2424 3115 1562 3857 3552 2267 2194 2043 
1022 24 24 22 24 27 32 32 32 8 2156 3026 644 1850 671 3106 946 1415 
1023 27 24 22 24 32 32 32 32 8 656 2503 3279 420 1253 1421 3809 3400 
