64
64 0 0 0 0 0 6 13 12 12 13 125 7304 348 1292 3845 7581 3304 4159 6092 5864 2400 5176 6031 1645 7707 1197 140 6083 744 3900 7754 7510 1487 5775 1779 1680 5665 4338 2445 6729 2759 6822 4950 2782 2166 7142 5908 3414 1556 7603 5641 495 434 392 586 1259 7381 4258 4819 1437 2363 7952 2369 3926 7247 3296 5989 1946 7865 1043 4119 1441 2731 6336 554 5232 1253 1770 983 4316 5991 7199 4240 4760 2654 2560 2327 101 265 435 674 7343 1334 2402 3248 3027 721 4128 2689 4776 4503 3 3527 4699 3584 6600 5580 4683 3035 1165 2112 3820 5125 6598 7138 1069 2047 7031 2842 1898 3969 3057 173 309 4375 5598 6590 524 2423 2113 7188 7299 7564 4141 5516 3965 
65 6 0 0 0 0 12 13 12 12 13 125 4532 2088 2114 761 3166 5238 4005 5353 975 7423 1411 5861 1941 2668 7661 7561 3278 4315 1787 7968 1724 3085 4662 6386 710 4703 6798 6806 1071 2399 122 1800 6875 4016 7631 3495 3975 4467 94 2962 3211 1594 6797 1893 1068 7061 5527 6963 2564 3909 7911 1916 4479 3273 854 3955 989 570 5164 1686 7679 3991 7282 1652 671 5070 6398 3089 2197 4460 6769 3253 6120 4944 1991 6524 7506 5248 4513 1410 7706 3121 5410 4955 3382 1550 6862 6040 1959 3754 4418 7739 2313 5457 6807 3536 5593 196 3664 3594 2120 7388 7357 4514 1019 5424 5990 6471 5559 1090 3146 578 3373 7607 4649 5518 2957 3010 453 3847 347 7500 7755 5618 5878 
66 0 0 0 0 13 5 13 12 12 26 125 7242 1727 3449 4407 5000 4392 7342 5601 3386 5877 1484 298 601 3462 3127 6537 508 7336 4321 6522 6578 2616 4453 4750 850 2849 4261 2280 6180 4288 72 824 4733 960 6570 3572 4923 3552 2605 2584 1753 864 5808 6394 5314 4403 5381 6960 2826 2567 794 25 7791 2771 7314 6559 3482 1671 6159 1288 658 3391 7311 7149 7986 7548 1265 6987 7370 1725 2379 170 7208 5639 5896 2286 3342 1344 3835 718 6531 4655 6611 1276 7550 2067 2721 966 7855 263 5762 6162 7413 7716 2992 5313 5923 5876 3821 5625 6529 3116 5060 5755 2014 653 3003 3629 6869 4088 7487 4318 7229 4126 7924 6331 224 6253 3710 4954 5974 3242 1769 2063 3379 
67 5 0 0 0 13 12 13 12 12 26 125 7072 4973 7494 4020 7234 3014 1905 3998 4575 4272 5408 972 4242 6703 2990 6493 5228 5390 203 5801 6730 3549 6508 2722 5847 4689 7220 5975 1844 6445 7601 6296 4083 5938 1222 1179 4052 2924 664 2672 6007 6728 6873 2138 3355 1853 1251 3026 5065 872 6206 6856 7122 4389 7842 6712 5244 3923 3413 4110 5961 5983 6435 7802 814 4851 3748 2152 3084 1700 945 4053 1570 3179 5882 5129 918 5343 7284 1421 7857 6281 4921 1816 6488 873 3771 2123 4472 5697 4998 6075 5791 7089 1975 4340 1063 2559 3351 1312 4010 1207 4147 6652 7817 2001 5619 5492 6535 6233 3824 232 7774 4411 5083 1256 1851 2720 368 5956 400 5865 1037 5124 6319 
68 0 0 0 12 0 6 13 12 26 12 125 4988 6742 1869 3641 1277 4223 697 6552 3028 3203 4598 1262 4577 5190 2972 4891 5638 7907 2719 2773 3049 4207 1523 6774 7946 988 4257 1683 6654 6704 4347 723 4102 7890 5602 2408 6691 5966 4636 6544 1814 3444 4079 5258 1303 502 4498 7334 1751 3275 6672 4720 669 296 5629 1073 7723 7697 6512 5543 2267 6441 3547 4946 7560 1187 2896 5366 2964 4450 1859 847 4286 7700 1496 5765 1521 369 1275 3520 907 2035 6571 4594 3624 3485 3789 1668 2457 5569 3634 7963 6197 1095 991 5179 5813 4077 3533 294 5830 993 2675 5702 5071 4721 565 1211 3195 7349 5860 1711 3051 2255 2548 6911 6202 5514 2671 7920 7420 3383 4474 6540 3581 
69 6 0 0 12 0 12 13 12 26 12 125 3702 1155 6579 3038 7104 4187 3770 7333 5472 4870 2118 7943 2246 5222 7657 2724 2043 4037 4397 5101 4270 2863 5626 6916 7324 1768 1087 2194 6013 2515 7730 4370 5911 589 3442 4376 3627 1257 6417 2418 5250 713 7960 1721 6969 3322 6676 3811 2420 5149 6748 3141 7944 4612 7578 1271 1296 4184 5254 2406 4605 5960 985 3420 6018 3406 4757 4042 642 7630 6674 2696 1519 3056 735 4471 4558 2839 1749 3934 7522 5272 3848 7479 423 1089 2140 4722 5607 7067 629 4204 6323 3435 6837 4928 5725 5834 1682 6526 7341 1252 1102 607 2444 20 6840 452 1016 3480 3598 6924 3176 5587 5173 1374 7566 1913 1864 3225 5851 937 3765 6383 6313 
70 0 0 0 12 12 6 13 12 26 26 125 4585 1278 3475 2877 2470 2089 1637 5391 5346 849 2530 1566 2464 1475 2538 6342 1494 1238 4249 4351 3183 6734 6670 7159 7540 2142 1536 2543 3102 1264 3168 6220 6478 6498 6474 1764 4267 3075 2823 3873 7856 3309 7648 5746 7312 6859 4292 1108 2389 6426 1360 5374 2925 3212 1702 7948 6627 5242 2283 65 1442 1912 2643 3993 1804 1904 5656 7170 4489 7811 7347 1793 1254 6975 2510 6706 4276 995 2017 2765 878 7445 3714 2427 1335 4054 2076 6844 4111 3922 5594 7446 149 4981 7835 4719 7796 2517 1425 4768 1555 7062 4651 1311 6444 4762 4185 3412 5981 922 5370 2455 766 656 7831 1110 4521 6275 5957 5396 4708 252 7434 1103 5856 
71 6 0 0 12 12 12 13 12 26 26 125 7577 887 3673 7717 4565 712 5895 934 5696 146 3816 1309 3061 5084 4239 3455 2102 4385 3324 2785 3283 420 6151 7096 3990 6059 6786 3950 7658 6841 6244 1477 3115 1081 4596 1709 7046 2171 5769 7323 6117 6299 2873 2038 6986 5624 2690 4914 1813 2382 4797 437 6164 6420 5714 1820 882 6088 1106 3326 4138 3387 3343 2883 5846 6480 4452 6135 1681 4478 2191 4873 868 3737 4801 5997 986 7161 595 1967 7211 2541 5367 5730 1528 6434 3529 1917 6343 7077 84 5201 6685 6004 6196 6150 6687 3400 2034 3862 7453 5161 604 3809 2002 6200 2459 4932 3369 5175 6176 6207 7456 5906 7514 3149 5545 6337 5949 837 3827 3050 3898 1978 1085 
72 0 0 12 0 0 6 13 26 12 12 125 418 7884 1034 3752 3638 382 3454 1027 7619 5128 5524 4974 148 88 6279 7874 4734 6824 239 5299 4364 379 3949 6044 526 2245 7243 5312 7414 3077 1376 2692 81 7875 3876 6131 1653 6566 7974 7318 5929 4813 7278 6846 2244 939 7201 5863 6036 3785 726 6064 6547 3883 6782 826 5452 3193 6429 4232 2688 5283 7108 3589 6188 2701 3846 4461 7541 6254 6402 6096 6274 1332 1563 6673 5768 5778 3677 3505 2509 1571 6589 4964 1688 2347 5780 2604 1497 5480 4234 4658 3612 4524 6237 7764 3114 641 6473 5503 572 3525 1720 7326 7683 7726 6669 4916 1551 7604 6883 2889 1703 4401 7919 5822 5668 1691 7392 3666 337 7918 7901 5143 6172 
73 6 0 12 0 0 12 13 26 12 12 125 7598 3493 1624 3067 6119 789 5395 6030 680 238 7344 7734 6918 303 566 1858 753 2291 6132 7489 3308 7223 2912 3134 5502 260 7651 7499 7617 6527 7296 1878 7935 4966 2812 6992 2931 2252 4516 4681 2167 6689 7596 7076 2534 6993 6369 2695 955 808 314 4359 3466 3972 3228 481 1134 1546 884 5029 3245 5120 145 3742 2505 5219 3971 6549 2249 2125 561 4262 910 6931 2095 1028 4519 1503 6126 550 5174 159 5412 2776 4536 7740 4458 3039 7526 6511 790 6282 222 7364 6615 765 7409 785 4132 6304 4001 5420 6626 4050 4446 3236 7749 141 1972 588 4287 2519 6067 498 3405 2203 5621 1715 7102 2818 4885 928 3327 7310 6550 
74 0 0 12 0 12 6 13 26 12 26 125 7671 7185 6973 5237 3842 2545 952 3042 4124 1078 3321 4617 4995 78 6223 1962 969 1872 2344 2202 1198 6978 2004 7443 2466 6284 6297 7194 6999 1780 705 6224 1854 5967 6301 6396 6455 4940 1186 5907 2637 2453 70 870 4559 6945 5742 4254 6613 396 4335 2977 990 5057 1298 7990 559 1961 4038 2463 891 4434 6242 1704 3530 4273 6700 2537 962 4806 2968 4945 3008 1452 6714 300 4730 5685 798 114 6382 6181 5099 7022 7083 3401 2707 5386 5456 2994 1373 6838 4324 493 7914 7628 471 1934 4889 3587 3869 3935 2078 6097 2806 6128 903 954 6820 6432 2614 4436 5073 7956 1517 154 2574 5891 2598 3357 7687 2276 6143 7006 5936 
75 6 0 12 0 12 12 13 26 12 26 125 6058 3190 581 1054 3178 1051 1140 2065 422 6147 1473 5437 877 3663 424 6857 1286 7292 4610 2172 6388 6581 2952 2737 5055 2462 1882 2318 6334 7996 1350 2268 1639 3043 4459 153 1871 6864 2274 5053 5978 6467 6199 5630 4441 7664 1607 2182 2861 505 4154 2480 4795 6866 6741 2597 6684 5406 6715 1955 3431 7116 1490 1933 3094 611 3670 7533 1124 5170 3062 2482 6538 2332 445 3397 4956 3987 1407 4433 2487 3279 2429 848 17 5893 2424 6219 2341 6160 6761 1806 5748 3223 4545 6107 7134 443 2503 2296 4590 3175 5708 1394 6289 6836 311 1146 6977 5600 3725 6291 1240 963 4687 7146 2894 7435 6818 2025 7303 5226 5591 745 251 
76 0 0 12 12 0 6 13 26 26 13 125 6645 2780 1009 202 7786 4782 6597 6079 3320 6638 6664 6649 6525 2879 2021 667 7197 2129 4160 1188 2084 4046 2040 3471 3698 2652 5579 1540 5413 3457 6185 6260 2704 5701 7406 4078 4650 124 4674 7429 2533 4534 7547 896 3671 555 4997 7154 5466 4941 1107 6943 7075 3788 1098 254 7050 4268 5449 6056 243 3469 7641 6882 402 5620 3132 3280 1169 7753 6290 1990 7807 7398 4579 1139 2910 221 1948 1807 1058 6604 2679 1368 1631 732 4809 2367 1204 562 5887 5121 5703 6156 1433 3660 3494 1369 7982 5249 3426 2961 4935 7733 5019 1412 4593 6485 4872 5999 6690 7572 2507 1526 6771 2750 5317 2651 5432 4279 3504 1242 4087 3738 971 
77 6 0 12 12 0 12 13 26 26 13 125 4357 4308 7412 4576 7200 695 2867 223 5728 7440 2745 4685 5844 2819 2059 6790 1899 5608 4639 4192 7039 2411 6642 4414 80 7949 2986 4701 3484 3294 4682 7074 3712 2743 4555 5022 690 5517 3729 4105 1435 5447 6039 2540 625 6723 6743 3432 5451 6567 3839 4958 26 2377 6834 1173 2908 1960 510 7073 3356 3611 4406 1656 5158 1041 6886 3945 4127 7180 2687 7044 2531 4508 2716 916 5430 2897 5277 5431 7259 7801 2263 5318 631 1518 7854 4307 749 2092 3148 7095 5539 7269 234 3573 7787 4812 700 5304 5953 5866 2187 7553 6368 886 5036 6568 3508 4975 1136 739 7981 657 2988 7685 7107 1182 5854 3500 2257 4896 2189 1050 2747 
78 0 0 12 12 13 6 13 26 26 26 125 4333 5971 5162 2069 1819 102 6194 5411 4443 7049 3558 5969 2132 6952 1541 2570 5800 6472 4269 6509 5365 2301 429 2757 3104 7176 742 5501 3206 5417 4502 107 7589 7724 2373 2460 3999 733 6295 2506 6154 4907 2310 5326 7684 3812 4692 4191 7455 1599 5968 4312 1018 1655 6287 1285 846 5692 3510 1792 906 5292 4697 7267 3940 7169 7809 2943 5195 5214 189 2809 5827 4710 6950 6504 1785 772 1300 4953 5509 5716 16 1115 4942 4621 7166 3302 959 1005 3828 7971 5616 2223 863 6277 6218 3857 5298 3523 2649 5135 1612 2289 199 5721 2278 6925 6247 7266 1615 1302 1628 1145 1322 2316 6089 583 7790 4951 2583 5068 4826 3986 2384 
79 6 0 12 12 13 12 13 26 26 26 125 3590 2857 6355 2176 4830 2648 2837 2498 852 2941 3703 998 1622 567 1457 5037 3927 4882 6757 6906 1342 4960 4919 6240 6784 1852 4864 1363 1443 5091 3577 7708 4847 5134 7088 585 4455 7647 5729 7389 2401 2329 5453 321 7010 5200 2490 3163 698 2694 6849 3440 7841 7527 1592 3502 1168 1987 438 2393 7160 973 2053 1075 2615 5798 2349 701 538 6622 4301 1500 6979 317 2797 7649 3966 3349 2790 2777 3988 1873 5901 1143 3625 1610 121 6009 3997 661 4040 2046 4021 7052 2708 4051 6964 3801 7376 4930 5734 3171 2421 6377 836 1212 3372 2003 5552 6663 5273 457 2292 6810 6309 132 5217 6592 7898 1695 3605 3071 4713 7605 904 
80 0 13 0 0 0 6 26 12 12 13 125 3157 3874 5185 7196 3825 6912 323 1651 3995 1603 4176 3672 4161 5256 801 4548 1999 5655 6666 7276 5316 2448 902 6032 3888 5371 7853 542 3633 1638 7158 4506 42 6620 1740 7471 1930 5454 2653 47 7431 5720 7069 4145 3131 7346 627 7922 5546 6272 4769 2916 5690 6623 4091 5713 3889 1189 4422 7788 331 7703 7474 6410 4767 917 6288 6099 4250 6395 5595 4123 5947 6305 6764 7913 3628 2196 3374 3514 271 7904 6256 6371 44 6948 1329 1130 7792 5005 3579 1633 7895 6052 1163 5184 5857 390 377 7639 1241 1318 6989 7125 977 2058 3187 7173 5686 4278 4976 12 5321 4861 242 245 573 3602 3147 4574 1056 3004 2218 1985 6847 
81 6 13 0 0 0 12 26 12 12 13 125 7058 3111 6974 935 7656 6871 257 5880 6497 4023 5474 3393 5558 6251 5661 3286 3622 7277 6543 2948 3804 771 4500 241 1761 5151 5826 6265 1345 7430 388 219 3635 3329 6833 7579 1658 3130 4569 5614 3224 1896 1287 3871 7917 405 1206 5156 3618 4926 3541 125 3931 1392 6796 7249 1026 2211 4300 138 4073 4828 504 7600 7690 1427 3366 4029 2739 5793 3568 3271 1042 4780 3872 2217 1399 3072 5074 6759 3339 1834 6082 5774 3047 3160 6271 5002 7845 7462 3721 407 6788 4991 3492 5688 6577 192 925 231 4290 3136 6594 3861 5741 7426 2561 5077 1272 6449 7781 6450 1209 5750 5652 4869 3973 5788 897 1470 6640 5984 1902 6163 4753 
82 0 13 0 0 13 6 26 12 12 26 125 57 7433 7785 5536 905 6447 5597 68 1341 6749 3836 1429 1818 3024 24 3217 3591 1798 3415 7899 4839 5476 5458 4238 523 2558 5230 2153 157 687 6921 4571 1677 4143 4560 696 7230 4196 961 4551 4823 1205 1282 283 95 6443 5704 843 1466 715 7962 4979 8 4996 7225 1067 4711 6384 7798 1057 5674 156 7539 3964 5635 3348 4893 7941 6528 5531 465 5770 5845 2357 2991 5995 4103 3258 3924 5964 2802 2488 1718 3921 1935 2229 7635 6695 4332 4151 4526 6831 7447 1381 6415 6503 4491 5342 7773 2018 7894 7719 5192 7552 5357 4374 953 7191 1895 3902 4961 5940 7863 1150 7272 4067 5664 2524 299 488 4090 2404 841 7983 3711 
83 6 13 0 0 13 12 26 12 12 26 125 30 5571 1201 5784 2097 2433 10 6458 6956 1101 1665 404 2146 7498 4686 4275 7940 4668 1357 195 908 4437 3782 2906 2641 5950 2904 3411 747 1017 301 6232 3476 874 2865 240 6766 1461 7806 1160 4527 322 5717 764 6263 2934 1997 6913 7519 4788 5747 1284 5889 782 6198 3054 1458 4165 2638 4342 6405 2700 4484 4766 3181 1151 3882 1577 5786 7157 2885 7961 5623 1591 2020 618 3202 2311 5574 6339 5935 2225 3831 946 6719 181 5757 5448 754 3773 4735 483 6634 3808 5464 3105 2699 2497 3238 3925 844 5937 4104 3897 4084 58 1324 672 7674 6011 5913 373 3668 6919 3122 2206 2230 5500 6678 345 1654 7535 6113 1765 2251 
84 0 13 0 12 0 5 26 12 26 12 125 1232 7218 21 4417 3982 235 809 5153 2954 6907 2607 7906 5183 4794 1971 1870 6182 6008 2304 206 6171 5499 6243 4992 2732 4563 4228 194 7027 7939 1406 6521 4310 7369 7846 3644 6681 762 5948 130 7391 635 5881 55 3407 7035 1398 3851 2443 1636 5873 6980 2159 2975 448 4761 3911 147 593 4922 7805 342 1635 2416 2553 7695 4841 3767 4483 3707 2115 587 673 3877 6532 2788 2128 3794 5086 4494 5305 4061 1023 2677 5927 5255 4726 3916 3437 6481 1153 533 4581 1989 3118 1687 6959 1196 6085 7454 3015 1501 4800 1568 5833 6273 7375 2878 4012 7373 4584 7638 1662 2371 1866 1855 6679 522 6697 7751 6054 3261 486 5296 4328 
85 5 13 0 12 0 12 26 12 26 12 125 4496 2477 3080 2144 472 4177 7834 409 5667 5169 1122 3301 7501 133 5270 3244 2091 2555 2299 6595 5159 5939 4135 4360 4098 6294 7599 3538 2303 4009 2796 4225 6074 5003 2935 4337 5922 3656 1454 6358 7881 2126 98 855 275 7984 7390 1385 1931 6373 2016 6116 4553 7141 3781 3334 1784 7861 496 1462 3905 1444 1794 6920 616 2712 3829 267 7153 4431 165 2811 6887 6325 6965 111 2162 6616 609 2019 5828 7668 4589 3266 5498 6914 6631 4354 2579 2178 144 5009 3305 6587 7826 3197 6584 2664 2742 3814 1118 7252 5139 2342 3692 3436 5281 7187 5119 384 2323 134 4920 6320 2987 5606 7891 6970 584 2136 7091 4603 79 3170 5059 
86 0 13 0 12 12 6 26 12 26 26 125 7742 4002 381 4116 1980 5567 7374 6149 3078 686 73 7300 1424 6421 432 6612 5245 2521 6006 1954 6791 3784 2673 258 3229 2741 3106 5646 3359 1336 6781 13 6000 2365 7320 421 7452 6688 3947 6217 6839 3913 4277 3822 7135 5761 2845 4736 3344 5265 941 1215 4365 5551 7712 2655 7132 4618 4034 2775 7844 1966 7975 2627 4094 3290 7970 7233 1319 112 5475 2891 645 4654 7472 2450 185 1774 3963 4425 2108 2940 7212 7444 6753 675 5565 1582 1061 6789 6201 5687 5098 3948 4487 5066 2475 4144 4614 6077 1861 655 2081 3498 1459 2265 7883 6599 1400 2356 7957 6340 4606 3512 4539 4884 3937 3352 3363 6404 5550 6851 3421 1273 6580 
87 6 13 0 12 12 12 26 12 26 26 125 5776 6003 3496 366 1347 1291 6341 6618 100 7775 1114 3346 220 7879 719 7903 1243 4528 5078 7281 725 4198 5146 1408 3398 2956 4331 315 6985 442 7992 2343 346 6889 3161 2833 815 2454 1920 1567 2009 2728 4148 3759 7345 5675 7355 5309 3904 6792 1705 3399 6561 1604 3282 7150 4959 4247 5651 1382 6470 6770 5049 6779 7043 4130 1002 5744 3048 4675 4379 6195 6302 7665 2270 7436 1472 1003 860 4664 4343 2666 7217 5368 936 5700 1358 5566 529 1995 3100 5789 2205 5361 4432 6239 3237 316 7563 5849 6933 5920 6534 4647 2210 7495 7467 3489 3688 4468 3570 4917 5785 3532 3938 460 6071 6048 5345 514 6829 280 7372 7746 4952 
88 0 13 12 0 0 6 26 26 12 13 125 1516 3090 4477 4802 2944 2181 822 716 7747 3467 869 6904 5810 5264 3595 7322 5287 1092 2752 2336 3041 6523 2352 3716 7240 5103 5138 5930 1743 3830 6235 6995 1180 5988 1396 4876 648 6500 3299 5148 2921 2495 7993 2186 4117 5671 7071 5727 6510 33 1927 6356 7023 2410 7979 7235 1514 5519 3679 3838 6184 1111 1754 5300 4353 3001 3424 76 2381 6361 1675 6300 5962 7093 7994 5570 473 1988 6221 7003 549 7219 1776 417 541 5633 3637 1478 6022 4918 6892 4549 6922 2999 5239 4346 5592 63 1074 4410 6542 1479 3723 36 3288 5427 7580 6108 4047 4878 791 4696 7294 6778 5745 537 3968 403 924 2074 4045 3970 6961 5043 2298 
89 6 13 12 0 0 12 26 26 12 13 125 6374 7847 6718 3616 4025 4615 4899 6643 7611 7000 6115 6491 5868 2177 7860 6035 6425 7379 86 3252 4230 2388 5710 332 2892 2628 1868 5282 7995 3341 7186 5177 1446 3686 3358 5376 7778 4568 4592 2882 2500 3920 5220 5152 2756 3497 3381 7511 1289 1038 2581 1509 5293 4031 3567 6084 1138 4803 1977 2000 898 49 1901 3715 6192 2784 1676 1642 1744 1233 4000 1647 6214 93 1618 5253 376 6699 6903 1362 5398 7086 748 5740 6127 4824 5790 2710 2825 2726 1964 7836 2623 2150 293 1742 5766 2465 3486 6212 7129 4754 1299 7297 4770 3894 2901 5040 5494 6095 5415 6518 2980 5194 2920 399 6671 2830 6506 6852 1214 1104 1239 5024 4999 
90 0 13 12 0 13 6 26 26 12 26 125 7113 1476 3565 5116 7024 4505 5783 4758 6541 5280 5483 6937 3002 2650 2577 5023 5096 14 5168 4069 5526 7450 859 3895 1796 5080 1777 3774 4391 3917 7645 4781 7458 2831 2396 4562 4218 689 427 2682 665 6298 6662 4485 2795 2154 598 4006 5150 6909 4380 333 1833 6087 2544 1605 5684 783 5807 103 5286 1131 1588 5680 7482 7955 4616 1923 3761 947 2937 3669 3684 2566 3264 5556 3596 5105 5585 4588 5677 6439 5573 4137 1706 1223 784 5819 2489 7395 5460 5533 7417 4844 4055 670 5628 2442 4564 7524 5403 1202 7319 6988 3992 1845 5647 577 6370 2760 414 4195 5549 7206 3331 3746 2390 5642 2516 838 7491 2160 1199 6268 6360 
91 6 13 12 0 13 12 26 26 12 26 125 1230 415 5319 82 3216 5329 4264 3450 2870 5236 3298 6393 4399 2755 1661 4241 6103 1713 6591 228 1020 7585 1290 3034 4448 1097 4409 7953 1884 2431 35 4897 827 4305 5832 1170 2492 6144 5482 7368 4836 187 3614 394 4774 5586 5547 6440 5542 1619 3416 5767 1579 6848 2565 5400 1644 6332 3081 7014 6389 6747 4949 2199 1723 5821 4648 866 3583 6680 6033 5301 6588 2157 703 7147 1710 2982 2083 7768 319 7165 6208 3962 2725 5069 2290 4356 5468 2781 4366 4236 160 2778 6419 272 7015 2959 4233 5718 6870 6621 3740 558 7477 4643 1632 1084 582 3953 7825 2667 4865 6507 1008 7893 1120 7123 7892 6737 2070 7419 1928 4842 6129 
92 0 13 12 12 0 6 26 26 26 12 125 5093 1465 4405 1178 1586 3448 1808 1719 5510 6800 3186 2970 5209 7985 6731 5288 6392 7331 1149 3020 137 4099 353 1117 7997 1601 7729 3719 163 5006 2718 711 3276 1629 7283 5663 1685 775 1445 976 2394 6814 2821 1735 7321 5837 3976 3092 4490 1524 2101 1404 5042 2848 4507 5218 3802 291 2041 509 1426 5802 343 682 5691 5297 6565 7130 7080 3120 6735 979 3135 1402 6137 7833 1192 5337 6573 1657 6430 5506 2163 3680 551 4172 7515 7213 1162 621 4203 3556 3813 7329 4835 336 4014 6823 6065 1225 5467 4938 5339 2306 3739 3240 7582 7691 4298 1669 7815 2511 7033 218 6765 3779 1148 256 792 3751 3648 5756 7383 7800 7103 
93 6 13 12 12 0 12 26 26 26 12 125 7025 2338 7591 743 1766 3158 7873 467 7442 6228 5537 7928 4243 6569 6349 2674 7814 3977 5496 596 4064 4439 4044 1511 1059 4908 3319 7750 3592 880 3210 3289 4963 5986 5247 6900 7007 7466 5385 6045 7315 2751 6453 2432 3705 3249 2754 4060 2633 7502 6106 6575 1888 6863 4831 7897 1569 5433 7327 7820 5393 5662 5825 2044 6418 7622 6037 3722 1708 5916 4746 5796 477 2735 6562 7428 2562 268 6027 1731 5227 3409 2932 5996 7709 5332 2764 4499 4619 313 2272 3023 1164 2175 4583 3451 5380 6603 2073 361 1378 1885 6216 738 3235 3354 1598 4142 3262 4136 666 5941 3172 948 1234 685 209 6257 6109 23 888 2686 5829 7505 2902 
94 0 13 12 12 12 6 26 26 26 26 125 4129 4829 1801 1331 38 4927 456 992 1294 620 7735 4887 7574 2284 5207 1014 7930 6876 2746 5438 3453 531 56 6756 4640 210 4396 5921 6326 7279 6983 6178 6152 18 198 1307 5528 3796 6809 6359 2030 3859 1942 5369 3232 6726 4048 3150 5839 5315 7351 4209 4838 807 7642 6619 279 5943 2591 5841 940 3465 4133 1947 7544 2993 5180 731 3364 2435 4163 7568 3468 1493 3243 2378 6335 3850 6894 5260 2905 5779 2779 4180 579 6717 638 2222 7184 3803 6431 1353 556 2302 5554 2953 5266 6940 3392 707 858 5872 5681 5764 3159 4667 7693 4744 6175 3103 532 1127 3007 2324 626 2485 1696 4259 2868 2071 1543 4157 5079 7741 2965 
95 6 13 12 12 12 12 26 26 26 26 125 4933 7253 857 4613 184 2247 1773 2165 7624 2625 7109 117 2048 3422 3380 3129 2478 3588 4297 5976 6891 944 777 5723 894 2985 2642 205 2869 2387 6702 4903 1562 1693 4511 5705 4868 5008 7214 1293 2717 4377 419 3817 4327 340 6780 2657 5034 1973 3519 3768 717 714 1741 1575 3753 5733 668 5726 6767 1887 1547 1486 7660 1759 7097 4538 4957 6367 1958 1783 6050 6850 6661 1678 6165 2815 1630 1949 5648 5560 4086 6019 6001 5599 1856 7410 3318 2226 2680 7931 4454 7255 7673 2929 3717 3063 7840 4188 1996 7032 4237 478 2068 5478 4387 2813 597 6545 3360 3550 5513 1258 734 3222 4791 40 6327 2300 875 4416 1531 6830 375 
96 12 0 0 0 0 21 13 13 12 13 125 5955 3152 6023 1791 1409 282 3338 7672 1862 4751 3540 1616 6049 5970 7439 3728 66 1879 3867 6477 688 1799 1113 1564 6946 191 7309 5852 7954 5004 7880 5435 3918 1181 3797 2024 2015 4076 5187 1430 3000 2974 77 1280 7036 1943 1982 6442 901 7777 2412 3518 5418 3631 6397 6492 6363 4724 6939 6210 3434 2636 7111 3441 3979 2151 1900 4853 4520 4659 2989 7317 281 5954 4858 451 284 1133 519 7034 1552 2949 893 3623 1660 464 1267 759 706 5051 1488 569 2683 2899 2039 3791 4529 1609 7808 845 5010 5634 7348 6881 6168 1608 339 676 2331 605 7537 7504 1364 2599 7821 5782 7555 372 3720 7629 7771 7767 1970 7644 91 
97 21 0 0 0 0 26 13 13 12 13 125 4093 6885 5843 7784 4811 266 7246 3841 632 525 292 7094 5097 1737 2320 2670 3769 2056 7927 3626 3601 5806 1317 6486 796 6258 273 2808 2595 4057 3087 2228 3417 1053 5193 6991 5203 2706 1897 3881 6105 6451 1072 3878 4739 2468 6222 6801 5535 4738 2254 2054 932 1565 7145 7047 4977 5188 3101 7915 4442 5344 3732 3853 5771 6957 557 895 4056 1907 3285 7520 817 4875 4978 2898 4470 1491 2456 3699 2549 4190 2736 3640 4609 6711 1843 2383 6211 787 7120 1326 3932 5257 865 5347 4349 1839 788 4224 60 2271 7114 7179 6459 5751 3219 7731 3430 5862 4504 4716 3890 7551 4784 5645 99 2156 6255 2933 7967 4707 5738 1915 2333 
98 12 0 0 0 13 20 13 13 12 26 125 2436 4263 2573 247 6696 5465 4632 7910 2697 6888 1203 6665 6554 3098 334 2326 3501 5511 2612 1343 7760 4570 7663 1778 1100 7704 3011 899 7965 395 3996 704 4510 5182 2713 2458 6081 7464 1797 2242 7380 7752 2709 5477 3188 1714 2858 1006 1428 2864 116 7209 3696 7222 135 3143 4530 2832 6391 450 4481 6179 1119 3799 6017 6775 1722 3052 4464 4150 83 2611 720 2117 3423 1634 1936 4114 2216 6725 7054 6601 5897 5576 2733 3199 4302 7947 2325 2753 5515 1126 2339 2814 834 4983 87 2884 2772 7546 226 7613 7675 5817 7595 5160 1812 1422 4898 5274 2639 1007 6553 3604 2981 5555 663 5749 7131 6915 3300 5392 5441 6572 3473 
99 20 0 0 0 13 26 13 13 12 26 125 5885 5538 7819 7827 3088 2368 7850 5914 3419 1585 1876 2346 7713 7950 6758 1460 4173 2236 139 6658 3117 2135 3662 7207 286 5678 1707 3418 776 2479 839 4740 7559 5235 2557 1045 2508 921 885 4694 2610 1549 2052 4166 2037 7386 249 1506 6053 2493 3576 6438 750 1584 6401 4969 7056 3226 4587 6123 6446 769 110 6653 3884 2010 3257 4035 1229 1821 7137 3597 1395 3735 3896 722 6740 230 3376 5285 3196 7438 7532 4306 4469 6437 2264 441 3371 5259 2164 338 4543 7870 4913 4193 3758 1828 5336 1415 179 3404 2446 4635 5223 6101 6118 7403 1641 6694 2606 4808 3314 4656 4745 237 2385 6879 4221 6828 302 1200 3865 3667 5322 
100 12 0 0 12 0 21 13 13 26 11 125 2422 968 1829 6140 5644 4181 5351 6825 6659 3919 330 7001 7098 7401 4501 4352 5699 6953 89 5946 5423 1679 3694 2582 7728 7567 4798 426 5389 7271 7812 6490 3287 927 6041 5112 27 6686 6927 1035 5199 5815 6246 659 2243 4171 702 2281 6330 5211 6046 956 7852 4986 4457 308 6683 5484 2143 4226 4542 2386 430 393 365 7017 3659 5111 3974 3410 4118 1015 3378 1729 7152 2593 276 5429 6236 5338 7210 929 7593 2321 7459 7356 4554 1036 6283 3985 4492 3650 2351 7407 634 2441 6657 5471 7725 487 6530 4714 350 2572 3053 694 4601 6479 1434 3332 4476 2188 3870 3333 757 2425 1156 2852 4245 2212 7136 3402 5388 5672 851 
101 21 0 0 12 0 26 13 13 26 11 125 2190 4199 6738 503 3800 2810 6078 5363 4041 2364 7531 5489 326 5459 6893 3704 942 1498 2678 250 7745 4334 3967 4994 1048 4644 7190 3535 357 3396 6877 6805 7172 6705 6317 3137 7101 7090 1055 4493 7727 6990 3879 3384 3239 5952 5809 6139 7204 5033 3162 4451 3006 7705 4049 7261 5657 96 7339 6193 1880 7964 3477 6153 74 1590 4968 2220 2691 1420 2050 1216 3215 7945 2850 6354 5221 1525 4822 2214 4371 2926 1580 7692 5627 3886 2631 3763 1626 3521 1664 6316 6209 926 4547 2744 1492 5241 5308 182 914 5407 1390 5812 6646 2208 2149 3600 3675 5572 3933 6310 5202 2843 5632 7262 3269 3506 1650 5440 2355 1730 4283 6515 2079 
102 12 0 0 12 11 21 13 13 26 26 125 7264 4197 4217 2428 4404 5534 3491 7621 4200 34 4905 177 6667 3912 4676 1221 4295 5007 4557 7926 5462 6203 4862 439 5063 6055 5090 5307 1621 4330 6513 2147 3569 1210 3676 5404 364 4003 6311 770 7933 4904 1822 7886 755 7888 1659 3741 3017 7681 3174 5144 4058 295 6716 1809 4595 7937 4894 164 433 1529 1099 7830 564 255 5076 7002 2250 4850 69 1726 3109 3394 1986 7576 2774 3516 6546 7087 367 1176 4011 4007 1268 174 7451 4805 2851 1354 6484 7597 4582 3138 1152 804 3192 1875 4026 5015 1039 5072 6556 1640 5959 1625 190 7536 6932 5541 780 1219 6516 3613 6582 1992 862 1228 506 2476 3685 425 728 760 4427 
103 21 0 0 12 11 26 13 13 26 26 125 4790 3653 3478 1733 6061 2551 6318 7508 7280 3483 6845 4837 3246 832 540 5030 6574 6333 614 2064 7896 4319 4065 6338 617 987 6610 5805 3840 2312 5870 6264 90 3362 3798 6204 5191 2277 1418 5136 4430 5425 5753 1142 7224 4700 2474 2127 307 178 2969 6501 4361 5548 5383 2354 5044 7999 2077 5364 2620 246 833 2391 3689 1983 3145 1013 4063 5157 3709 7241 4702 2613 2939 6803 3580 3353 5104 6086 6942 1502 6606 7492 5522 7189 7988 881 4881 2886 1436 2542 6557 724 5095 6533 50 285 1352 2630 6982 800 2828 4982 7174 5888 7554 5715 4665 3447 7614 4653 4420 5422 5490 5310 5886 6923 684 2334 1 7575 4216 7549 7335 
104 12 0 13 0 0 21 13 26 12 12 125 4289 4096 4281 3852 1538 2827 3805 6250 7070 7843 3864 2786 5673 3903 7633 5787 840 6629 3833 1692 4253 5132 3110 7360 5924 1413 6928 6811 3957 6362 2350 1297 1969 2315 2890 7340 5855 161 4109 5017 4821 7066 3025 401 2405 1167 4537 1247 6890 6614 1066 7 4522 1489 5328 9 1649 4394 4695 7059 3055 1748 4271 1135 85 4134 5251 1883 4989 3655 6469 1860 213 7779 3863 216 3578 1116 6169 5497 3481 4400 3599 729 1515 4848 2219 5670 5910 3649 6104 4843 7005 4857 737 2221 6063 1627 511 2588 1937 2647 2749 3074 6043 3546 7484 5811 5944 341 2587 5706 3265 327 2486 6793 5898 5732 528 7558 4737 6259 4112 7085 4620 
105 21 0 13 0 0 26 13 26 12 12 125 1359 7822 3177 5508 5520 7051 4936 6896 5165 2816 6366 1786 2179 3139 3617 4202 4322 5909 5387 1698 3984 7156 4764 3907 3582 5615 1557 2204 7824 2997 1340 1790 2859 7562 6403 1763 7530 3069 4320 1849 6821 512 5225 3766 5479 290 4866 4222 1389 397 413 5797 5025 544 5196 6632 2213 768 2903 6675 458 7634 7460 6692 831 6252 3033 4068 2308 6994 951 6867 4329 2793 6010 534 3566 2685 1096 3632 1831 3706 709 3005 7263 3760 1218 3651 3858 7772 599 6593 2307 4495 3315 3297 1903 6034 1440 494 1906 4085 2287 3209 4633 2601 1560 2723 1132 3522 4408 3806 2207 5204 1919 4482 5289 950 2803 795 5405 563 6241 7989 1274 
106 12 0 13 0 12 20 13 26 12 26 125 574 2398 1803 3952 5333 4189 6709 580 7721 5106 1911 359 7889 4162 480 4265 6954 3307 7859 5294 6899 1832 1010 7055 1384 7082 2996 5583 3733 5473 4629 6668 1250 1952 6141 7534 1397 4934 4937 6155 4871 7610 575 492 3377 513 7325 6138 4369 7418 3908 3194 7758 6266 6941 517 5669 3778 475 5631 1377 6073 1929 5781 3930 7308 7020 356 1414 2669 6660 3044 6585 5470 1979 552 2322 900 7465 7804 5229 3291 6564 4799 3810 3317 6720 5972 5903 4591 3620 4820 3208 3191 3303 7416 2730 3367 518 4393 1953 3126 1109 2888 7676 1589 1372 1530 7480 692 4348 7736 6908 7008 4008 2715 1172 1889 3361 6187 2075 5609 1510 2665 643 
107 20 0 13 0 12 26 13 26 12 26 125 6482 166 6721 4765 3951 5712 3233 2586 1847 289 4749 3575 7128 5246 3125 5362 3263 2761 6496 3207 6996 7432 7198 2395 2829 151 3220 2871 5835 3561 1032 6072 5377 752 3428 3866 7079 6066 6 4156 2546 4208 763 7565 104 5917 2372 6306 5772 4296 5399 1881 1158 2452 7864 5643 829 2621 7711 1614 6884 3528 2419 6390 5291 6121 7507 5154 7112 2086 2032 6157 7268 6936 180 5540 3425 4398 7040 1310 2792 6161 5563 4642 3255 200 201 3295 4638 6428 7060 5869 819 2173 2121 5081 2087 7715 7643 6813 6548 6238 2499 3037 1305 6475 4626 3901 446 2111 2483 3537 4336 6958 7718 4980 7415 890 1314 97 7732 1029 5117 7867 4672 
108 12 0 13 12 0 21 13 26 26 13 125 4074 4139 3328 2145 142 3630 6324 3311 1817 2057 4146 4777 2660 6880 1191 2887 1950 5142 7765 842 4345 3091 454 7878 1924 7797 5334 2930 1993 2592 6177 2603 3657 1643 4227 4323 4883 3815 3013 2501 2082 7662 5848 5394 3347 4381 2449 2200 4488 1522 1260 6422 1908 6465 1593 6142 6812 3200 7171 7518 3059 4804 2705 6763 7140 2995 6028 7018 2801 431 1617 1739 5401 1076 7286 4637 978 5904 3513 7980 1022 4531 2049 4886 2804 6966 5575 2174 1235 3539 3734 6815 699 7627 623 6328 5932 5653 5894 4421 5108 4215 590 2799 7832 4984 4877 6802 615 1684 1772 6270 3230 1674 4567 1077 1867 168 1379 2523 779 1040 501 54 7590 
109 21 0 13 12 0 26 13 26 26 13 125 4550 1337 553 7761 3030 5884 470 1079 7756 5107 6002 7702 7848 6754 5018 6308 1065 355 1330 129 3040 4291 5942 2031 984 1346 1423 3507 915 7377 2491 6898 1587 7652 2580 1064 4779 5493 3180 2161 5530 3142 1184 1534 5094 3646 1811 3956 4107 4827 3730 767 2192 4972 6005 2294 6062 2571 630 5804 1738 5035 2585 3408 1826 4586 909 4816 7587 1909 5145 7009 5840 5320 5442 4183 7030 39 7476 4671 5155 6710 3652 4429 5925 2370 7667 7363 4382 1349 411 1060 5373 1921 1208 507 2789 3736 2022 5421 1183 6226 7701 3070 6647 647 6267 5358 6583 6698 3743 1963 1480 1391 1383 4684 1712 5883 2096 7119 2703 3368 2946 4705 2659 
110 12 0 13 12 13 20 13 26 26 26 125 7275 4815 386 7397 980 2624 325 5261 3693 2261 6650 5064 4646 1548 1137 6413 6639 1217 7744 7063 679 3389 11 1891 1520 3198 3793 4752 7959 3218 1544 7699 318 603 7353 1673 6012 4525 2183 4219 7288 3173 2556 2414 6804 7545 1105 4755 3854 4115 3124 7004 5210 7163 4092 6076 7405 363 7216 651 3593 3607 2800 3112 4673 4344 118 7354 4062 412 1046 7244 1670 3488 1736 6365 1468 7021 7602 46 6414 3772 1328 6855 1771 3065 7588 4415 818 4814 4449 7528 7293 3727 1810 2314 4680 3123 2589 930 6225 2013 7295 64 2417 5269 2093 3860 5382 5698 3783 3323 3268 5814 7274 4743 5987 7680 5039 1439 6733 1788 6423 6463 5622 
111 20 0 13 12 13 26 13 26 26 26 125 5330 6755 1974 3681 3427 2600 2061 3775 7584 6205 3749 214 999 5951 4480 7618 1024 5836 3031 4178 5463 6381 2646 1161 6020 5523 329 2536 1944 5278 3016 5816 469 7678 5859 4028 3642 2856 5649 1914 1012 3385 6854 7659 2169 3272 5011 6744 2007 4709 913 5899 4645 1757 2834 4789 158 5067 7478 5335 6483 2295 2770 6047 876 6167 428 2006 5271 7385 4773 2042 371 6158 2824 2702 4742 1080 2763 3464 3687 3697 7358 352 1450 7126 7441 6605 6760 7670 6842 5915 2918 484 1542 1193 892 169 4691 4175 2155 3019 5384 306 633 6872 7958 1747 358 7143 5212 1261 2875 5379 4170 4153 7118 1448 3306 6902 3022 539 912 1355 3560 
112 12 13 0 0 0 20 26 12 12 13 125 4120 2440 2635 5731 4131 5355 4229 175 2105 2317 4854 3517 4943 6191 1755 5838 7877 5205 2337 7769 6596 5323 3880 6826 248 211 4018 7902 2134 4036 6372 4747 4179 3747 2922 5284 3826 2978 1159 5900 778 1835 6776 2526 7615 2907 7823 7127 560 4729 756 5181 5958 2193 305 654 6736 7757 861 624 1513 2575 2330 6962 3849 489 5853 2124 270 2106 1386 1606 197 4363 2838 2116 3526 652 5709 4748 7042 5240 1417 2853 879 6468 3983 1762 172 1965 3472 1467 4628 4948 2626 806 3439 4518 7887 3543 4075 7273 7620 6861 479 1890 2375 4089 1865 7029 6409 2927 5945 4024 1573 6454 5965 3994 4602 1611 7839 3474 774 5130 4535 
113 20 13 0 0 0 26 26 12 12 13 125 7818 482 7571 7371 3099 1321 816 6133 7766 812 7813 5487 171 1926 5021 6130 3762 2913 2285 2494 1976 4678 1483 6901 7977 7503 5048 7938 7925 7966 2258 6739 7332 4717 6148 2798 1558 2232 6487 5234 1185 167 2979 3658 2180 4832 4622 5127 7298 4641 1789 4182 1938 5443 4463 3674 5735 4512 6060 2876 1255 4924 1370 261 1602 5349 1717 6772 797 387 758 2131 3776 188 1125 7608 2011 4081 4690 4101 2439 1327 1850 0 3661 5792 4810 7205 5934 536 3531 2563 591 1338 1011 6648 1157 7710 2984 4080 6785 7851 5719 6677 4698 4388 1351 2472 4778 5773 7352 6124 931 5919 6427 3463 7202 3619 3586 4661 5658 4383 28 5252 2248 
114 12 13 0 0 13 21 26 12 12 26 125 2554 7449 7041 2184 7367 1431 7290 2594 7632 1088 4121 3942 5754 1121 4004 4447 4358 2239 4915 48 6949 5163 4440 535 2168 217 1527 5141 7013 1597 106 7936 3251 362 6951 4856 545 3807 183 6400 746 4373 3155 7637 2862 5693 5979 7226 5445 4845 2983 2846 5306 6947 2103 378 4214 6248 5113 5660 444 6878 2275 4796 6998 262 5137 288 6874 821 360 5617 7057 965 2766 351 6145 2909 7816 3682 5902 6938 4339 406 6111 2900 3639 3564 462 233 1393 1827 2198 2590 6436 3165 1620 1918 636 2415 6777 7421 2426 7338 4892 7475 7065 6357 5488 7105 6269 811 610 1004 6112 3156 2170 5982 3509 5985 7148 7221 1449 6347 3154 
115 21 13 0 0 13 26 26 12 12 26 125 7569 4043 1981 3267 2960 7394 6314 6750 6080 7178 3989 5324 1874 1403 7488 4880 6502 4213 6387 7490 2658 5874 374 6375 6261 1830 6868 4113 2971 6100 3915 6227 1226 5450 7789 6380 5016 2262 7402 3647 813 1112 6245 5867 547 6519 7636 3113 3250 4578 143 3499 4438 6635 4785 4971 515 3365 5197 6476 7743 982 1325 7110 212 600 3545 4201 7666 5998 2958 227 6278 3443 2915 1613 7521 7427 622 646 7193 19 6752 7162 4059 3665 3837 7183 6602 440 7359 650 1495 6170 920 5679 5231 5014 380 3554 6262 7192 6968 6555 7783 3978 3571 7016 186 1093 2141 5348 2023 6215 1782 4728 1047 994 3534 3959 7270 3018 7872 7496 6312 
116 12 13 0 12 0 20 26 12 26 12 125 4284 6051 5233 6376 215 6817 4627 5926 3585 75 6352 4285 6292 4879 162 6122 1380 7408 7302 1304 2335 7998 3724 3855 7932 4597 1795 7737 4572 2880 2026 1356 6038 37 5992 2380 5428 5759 2629 4066 207 1021 7012 7378 7365 2729 2855 3946 1750 7424 6350 1245 447 6732 3887 5529 740 6276 193 2430 1141 7328 7538 1123 2938 3438 7882 1892 7987 3726 3834 543 335 2872 5640 2914 7570 4652 606 43 2237 1474 3107 2950 7513 6466 4169 7483 805 5446 4013 2100 7307 6094 1925 4967 4818 5994 1824 2348 3227 2919 5327 5352 1387 7972 3310 4688 1316 344 4033 5198 4149 3375 1263 2608 5378 911 1000 4756 7612 6433 2358 2253 967 
117 20 13 0 12 0 26 26 12 26 12 125 2055 3066 3553 4712 1600 3313 5858 7929 2328 236 4211 3713 7868 3557 4715 2569 1507 677 568 4260 1745 6173 4902 2681 2748 5905 6411 4706 3515 5100 6280 5082 4167 3330 2769 4378 4122 5485 7164 71 1595 7909 5875 4293 2663 708 2881 7794 6015 5295 1581 5206 5075 7151 2917 3744 7869 4663 2297 1537 6708 7289 4817 644 4017 1838 4846 751 4428 1994 120 4266 1984 4413 7594 4874 1561 7650 5409 2518 4517 3795 7654 2119 5350 4669 4325 1456 4772 4911 1504 5562 3678 2437 92 5062 7404 4294 3777 4925 1596 3755 4947 4623 4600 3045 2359 3079 6114 2714 3608 3076 4704 1760 4723 6025 3395 6399 2693 2820 3429 7064 6636 2413 7682 
118 12 13 0 12 12 20 26 12 26 26 125 2512 2345 7239 4252 7285 2596 3511 6808 5758 3456 2767 2361 2640 62 2080 4910 3433 3819 6234 4456 7934 5028 3875 7586 2148 4859 7951 2224 7912 6865 5360 6935 297 2062 6563 2279 7362 4771 2033 5582 4280 1283 7037 7838 786 7969 5172 5276 5912 4246 571 3524 7258 7084 5553 3555 2481 4194 4015 3185 2514 5038 2072 354 2133 53 2028 5290 4419 7350 3914 7019 4 3095 3068 5973 2734 1062 225 5122 7696 6514 5054 3029 7688 5491 7516 1802 1231 5171 4030 1447 1333 6448 3247 853 4466 6315 7287 7437 3335 1388 4231 1308 1438 32 2936 4311 6070 6416 2215 6293 5243 5045 5842 7399 612 3284 6693 3764 310 4783 6186 4174 4299 
119 20 13 0 12 12 26 26 12 26 26 125 4235 7509 5147 4634 3756 7092 2835 3503 7425 6724 6412 6944 4071 1663 5659 1922 3654 2309 7387 6166 3205 6134 5109 4515 6303 5088 6644 463 3780 981 5722 5707 497 5760 7068 2602 4657 1128 2998 5512 4100 6835 6930 4027 7124 2520 3615 6832 3683 127 2005 5303 6345 1846 4032 4108 1666 7655 3562 5803 2794 628 1815 4350 6637 3073 2942 6344 6090 4990 7155 3960 7313 1030 1031 7978 4759 4367 5743 3204 7973 3274 6183 2527 3256 3316 1998 2130 3929 4540 4556 1894 259 1840 3823 7686 2 2945 7677 1505 660 970 4607 5050 5224 4901 7337 7782 2634 3241 1910 7457 6098 4670 7265 4834 6348 2539 5186 2109 2288 7916 662 5402 6976 
120 12 13 12 0 0 20 26 26 12 12 125 2578 7646 7876 7260 5820 6174 4630 3167 5695 3169 6385 825 7623 2645 1968 4787 3542 2762 7245 5426 2305 2609 6406 4309 6021 5102 5557 5047 4888 4475 5026 4660 1836 5711 1699 5794 6858 2840 1147 3096 5931 3928 5414 7411 639 3892 6016 1236 5118 476 2874 2807 3958 491 2847 4206 2617 1499 1756 4523 2185 408 7469 6042 2407 1082 2137 4939 2805 1463 6972 2012 2783 7384 923 2374 1451 4792 1174 6722 4741 6024 4775 6860 2447 6189 576 943 7616 5461 6229 22 2066 5027 1320 2740 5650 131 5486 5928 6843 949 6651 5262 2036 3458 5683 2955 1535 2684 6029 7573 1732 3082 176 5216 2110 5604 5131 3701 5058 649 2293 793 996 
121 20 13 12 0 0 26 26 26 12 12 125 4855 5311 1545 5439 3340 958 5375 1177 5507 6230 7885 52 5603 5031 3906 7045 2738 3325 7900 5824 3868 4152 2438 640 3718 1539 7306 6560 1266 5682 5268 6231 1837 4097 6307 6517 1623 7316 2104 1775 320 1129 1646 41 474 3281 1841 6773 3182 7053 59 1194 6353 4624 2256 730 7653 1485 1367 2467 5115 7177 4462 6819 5577 5372 6014 3009 3700 2928 3445 6460 466 7557 7081 7512 3259 5267 3153 6452 7237 2576 7640 2107 1533 5140 1091 6146 15 3551 7396 1648 6783 274 4666 7167 683 4541 2698 7543 105 4355 5302 3856 4435 7866 5724 7871 691 1279 3058 5041 6329 7722 3336 349 2568 468 4082 2240 7393 7203 7583 6489 3961 
122 12 13 12 0 12 20 26 26 12 26 125 7828 2836 328 6655 29 2259 4390 4561 1940 5933 2471 3544 2976 681 2529 823 871 2791 6955 6461 385 4106 3981 637 5610 2644 6505 4849 7121 1482 1667 736 2008 3201 4580 2269 2860 3936 1746 2822 3345 2622 6971 2758 7028 2027 1270 919 1697 1269 6929 3093 3645 3843 6910 5189 7470 4985 3609 1576 5676 4679 5763 7038 4970 6701 4019 5085 3337 3221 619 4552 4906 5126 2893 678 3083 7517 304 5752 7026 2366 2552 1805 4912 6249 3954 7485 3128 7301 2238 3643 2209 820 3403 7195 7626 108 4599 6520 830 2241 5215 1306 391 6745 4546 4473 7762 5818 208 253 5666 1175 4890 5736 2397 7144 2340 4611 3910 4426 1758 7763 3832 
123 20 13 12 0 12 26 26 26 12 26 125 7942 1313 2854 4727 7525 883 5123 7714 5637 1416 7248 5436 6713 7991 3144 4022 2282 4210 2098 7689 6456 5589 229 5001 964 5208 4860 6378 4282 5831 4693 7078 4326 3452 5879 4840 1190 7238 5581 4256 2768 5612 287 2029 6558 1842 3708 1481 6984 7481 5525 410 4625 7905 3046 4412 2967 2234 5167 7117 6424 4251 4125 5416 2532 123 3459 119 6633 5354 1464 7106 6057 3610 1371 244 4341 67 1512 7448 7698 2841 7669 1227 7099 594 6787 6630 1365 3012 2513 2963 3213 2403 3032 1070 3787 6746 1690 2392 2676 7133 5263 5739 3086 2711 7923 3943 546 3559 436 5481 5013 3270 6625 4833 7100 3750 4573 3390 3731 6628 2817 7776 3695 
124 12 13 12 12 0 21 26 26 26 12 125 150 7720 2461 3184 6576 7257 4793 5504 5890 6827 2632 4303 867 828 6997 1752 1144 126 1001 2619 6136 4255 6110 7976 6351 7493 889 4731 6125 6539 6967 6707 1375 592 2158 5993 6816 3899 3636 781 6926 7048 7803 4304 6213 7231 7227 1471 5611 7256 1348 5110 6656 4863 4677 7361 2951 5092 5596 45 2353 7556 4566 5061 6682 5977 115 773 1094 4395 5694 6895 7250 3350 398 5737 7759 2099 2844 5434 1559 6364 1728 7251 2060 974 3036 5455 2473 2227 2260 835 3470 3119 4718 2231 3189 3064 7523 2085 6069 113 5777 1154 5495 7181 5331 7254 5588 5275 7542 4533 6905 2496 4140 3690 500 4509 1301 5397 109 6768 1419 4965 3140 
125 21 13 12 12 0 26 26 26 26 12 125 4155 1086 1315 1957 3606 5356 1734 693 5521 1716 1689 7168 383 4497 4900 1672 3891 3108 6286 1583 5325 2409 5584 2122 7694 1781 4220 3060 6499 4248 727 2787 7473 449 6536 2618 485 3370 7400 2051 370 521 2661 3293 2139 6495 3691 1701 3460 4895 6494 5341 4909 7609 4314 1052 7182 4274 4852 7232 7862 2090 136 5213 4317 3446 1945 1578 3574 152 1323 3939 6464 2656 4929 4867 278 933 1532 6608 6607 2923 4962 4931 5613 6346 3490 4423 938 6190 4072 4244 7529 6321 7921 128 1249 2525 7837 4212 4486 3133 4444 5340 389 4763 6795 2319 7236 1825 461 3621 2535 7175 3818 7215 4070 4368 4544 5133 4205 1767 7382 5012 6586 
126 12 13 12 12 12 21 26 26 26 26 125 2362 4168 2484 2522 1244 6091 7486 1432 5544 4807 1044 6641 1857 1469 802 6457 269 2911 490 1939 3792 4402 4631 608 2235 51 2947 6897 3231 803 1823 5980 1553 2727 1554 6762 5654 264 6379 6794 4786 7738 7849 5444 324 2094 4384 499 7592 3292 7606 2273 2547 2504 1248 3461 3097 31 3260 1295 1166 5056 4465 1572 2528 7468 7330 5166 416 527 3021 4372 3479 3312 4039 957 6609 7228 3563 2662 6853 7305 6322 1405 6799 3603 61 1195 7793 155 613 2451 4424 5578 7497 5 1361 2360 3277 5892 1453 5052 1049 3980 3885 4095 810 5089 3757 3388 3893 7139 602 5799 2195 2502 5359 1863 204 1366 7422 2201 5561 3548 530 
127 21 13 12 12 12 26 26 26 26 26 125 2550 1574 4158 3745 6285 4313 2966 1224 3790 5590 3487 7770 5918 856 4993 3254 6407 7011 7291 6068 1508 1877 5823 5114 6917 2266 3786 6408 4987 455 1237 997 1455 2045 2895 1033 7115 4186 1083 5087 5032 6727 516 6093 799 2973 4604 6462 7908 1932 1886 7858 7366 6751 4445 1339 5279 6026 277 7625 1025 4608 5532 1213 459 3234 5568 548 520 7780 6551 1171 2233 5564 5605 2376 5020 5689 1246 7799 1694 1220 4362 1956 7748 3944 7829 4164 2866 741 6102 1401 6981 5178 4725 1951 7463 3844 3151 6617 5850 6624 5871 5636 4732 7810 5046 3941 5419 3214 2469 7461 3164 5469 2434 5963 5505 7795 1848 5795 4825 6934 1281 4386 312 
