512
512 0 0 0 0 3 6 6 5 3 1259 945 1704 
513 3 0 0 0 7 6 6 5 4 1755 1722 1410 93 
514 0 0 0 5 2 6 6 15 4 904 1855 1967 1098 
515 2 0 0 5 7 6 6 15 4 126 1709 164 930 
516 0 0 6 0 4 6 15 7 4 1092 1191 658 1756 
517 4 0 6 0 7 6 15 7 4 1813 1022 1570 1609 
518 0 0 6 7 3 6 15 15 4 189 733 1288 1402 
519 3 0 6 7 7 6 15 15 4 1599 1248 1673 712 
520 0 6 0 0 1 15 6 7 3 798 298 486 
521 1 6 0 0 7 15 6 7 4 331 345 1123 304 
522 0 6 0 7 2 15 6 15 4 1567 456 533 1486 
523 2 6 0 7 7 15 6 15 4 30 592 1891 225 
524 0 6 6 0 4 15 15 6 4 784 1642 1618 1807 
525 4 6 6 0 7 15 15 6 4 1669 36 802 613 
526 0 6 6 6 4 15 15 15 4 1582 195 1947 1892 
527 4 6 6 6 7 15 15 15 4 1785 1164 857 113 
528 7 0 0 0 10 7 5 6 3 1649 213 1847 
529 10 0 0 0 15 7 5 6 4 659 1214 942 1053 
530 7 0 0 6 10 7 5 15 4 234 1663 1731 704 
531 10 0 0 6 15 7 5 15 4 452 1864 987 1822 
532 7 0 5 0 10 7 15 6 4 1471 1670 996 617 
533 10 0 5 0 15 7 15 6 4 1194 1968 663 1797 
534 7 0 5 6 9 7 15 15 4 779 1468 168 1857 
535 9 0 5 6 15 7 15 15 4 727 1534 1401 1375 
536 7 7 0 0 13 15 8 4 4 1090 1741 374 1734 
537 13 7 0 0 15 15 8 4 4 1574 120 1467 756 
538 7 7 0 4 10 15 8 15 4 1794 1021 754 1681 
539 10 7 0 4 15 15 8 15 4 810 1146 1070 660 
540 7 7 8 0 9 15 15 10 4 1746 1234 530 43 
541 9 7 8 0 15 15 15 10 4 693 649 1174 1533 
542 7 7 8 10 9 15 15 15 4 231 1394 1545 26 
543 9 7 8 10 15 15 15 15 4 79 608 889 19 
544 0 0 0 15 3 7 8 23 3 715 1187 156 
545 3 0 0 15 7 7 8 23 4 1631 45 1143 1678 
546 0 0 0 23 2 7 8 32 4 701 1973 25 1740 
547 2 0 0 23 7 7 8 32 4 785 191 281 527 
548 0 0 8 15 4 7 15 22 4 734 651 1888 948 
549 4 0 8 15 7 7 15 22 4 1295 142 53 803 
550 0 0 8 22 2 7 15 32 4 827 1433 1490 695 
551 2 0 8 22 7 7 15 32 4 1170 480 789 228 
552 0 7 0 15 3 15 8 25 3 1571 13 297 
553 3 7 0 15 7 15 8 25 4 322 861 1459 433 
554 0 7 0 25 4 15 8 32 4 1233 1934 1442 405 
555 4 7 0 25 7 15 8 32 4 1069 1461 719 545 
556 0 7 8 15 3 15 15 19 4 626 1363 567 1457 
557 3 7 8 15 7 15 15 19 4 1856 46 31 303 
558 0 7 8 19 3 15 15 32 4 1706 1347 291 781 
559 3 7 8 19 7 15 15 32 4 240 566 1378 1667 
560 7 0 0 15 11 7 7 23 3 1168 481 423 
561 11 0 0 15 15 7 7 23 4 515 1216 1502 1109 
562 7 0 0 23 9 7 7 32 4 1640 1308 589 1940 
563 9 0 0 23 15 7 7 32 4 1679 1535 232 229 
564 7 0 7 15 11 7 15 24 4 370 1212 1643 1000 
565 11 0 7 15 15 7 15 24 4 371 306 1247 461 
566 7 0 7 24 11 7 15 32 4 1362 1372 1422 1806 
567 11 0 7 24 15 7 15 32 4 108 1013 829 410 
568 7 7 0 15 12 15 8 20 4 1519 109 590 1499 
569 12 7 0 15 15 15 8 20 4 136 425 269 1672 
570 7 7 0 20 12 15 8 32 4 666 816 118 482 
571 12 7 0 20 15 15 8 32 4 1470 797 778 1306 
572 7 7 8 15 12 15 15 23 4 1689 499 875 1258 
573 12 7 8 15 15 15 15 23 4 1932 678 497 1144 
574 7 7 8 23 11 15 15 32 4 1693 1082 943 1842 
575 11 7 8 23 15 15 15 32 4 883 923 1244 820 
576 0 0 15 0 4 8 24 6 3 842 48 808 
577 4 0 15 0 7 8 24 6 4 1619 337 1267 1778 
578 0 0 15 6 2 8 24 14 4 1916 723 175 238 
579 2 0 15 6 7 8 24 14 4 661 1622 1736 27 
580 0 0 24 0 3 8 32 6 4 1555 735 1113 746 
581 3 0 24 0 7 8 32 6 4 394 262 1714 1087 
582 0 0 24 6 2 8 32 14 4 1695 173 1795 595 
583 2 0 24 6 7 8 32 14 4 1948 564 350 755 
584 0 8 15 0 3 15 23 5 3 822 1845 771 
585 3 8 15 0 7 15 23 5 4 1287 1373 556 618 
586 0 8 15 5 2 15 23 14 4 1687 717 1942 454 
587 2 8 15 5 7 15 23 14 4 1547 558 183 35 
588 0 8 23 0 3 15 32 6 4 565 58 384 82 
589 3 8 23 0 7 15 32 6 4 937 1861 957 1062 
590 0 8 23 6 4 15 32 14 4 1056 1120 1141 1593 
591 4 8 23 6 7 15 32 14 4 1895 1148 1451 32 
592 7 0 15 0 11 7 23 5 3 451 222 1167 
593 11 0 15 0 15 7 23 5 4 386 266 603 737 
594 7 0 15 5 11 7 23 14 4 1024 1799 1836 1245 
595 11 0 15 5 15 7 23 14 4 1176 534 357 1390 
596 7 0 23 0 11 7 32 5 4 580 372 1126 1393 
597 11 0 23 0 15 7 32 5 4 588 110 1906 1418 
598 7 0 23 5 12 7 32 14 4 815 355 1207 740 
599 12 0 23 5 15 7 32 14 4 1228 182 591 151 
600 7 7 15 0 9 15 23 7 4 1290 1239 1154 236 
601 9 7 15 0 15 15 23 7 4 668 823 918 1815 
602 7 7 15 7 11 15 23 14 4 1887 503 1572 127 
603 11 7 15 7 15 15 23 14 4 1846 1432 447 455 
604 7 7 23 0 11 15 32 9 4 1784 828 1965 1835 
605 11 7 23 0 15 15 32 9 4 362 1537 51 949 
606 7 7 23 9 12 15 32 14 4 1621 1392 143 967 
607 12 7 23 9 15 15 32 14 4 1469 773 1737 1436 
608 0 0 15 14 1 6 22 23 3 1075 56 973 
609 1 0 15 14 8 6 22 23 4 1520 1145 318 22 
610 0 0 15 23 4 6 22 32 4 959 1941 753 955 
611 4 0 15 23 8 6 22 32 4 1943 1860 505 1979 
612 0 0 22 14 3 6 32 23 4 1501 953 89 725 
613 3 0 22 14 8 6 32 23 4 786 543 1882 862 
614 0 0 22 23 1 6 32 32 4 664 392 653 1791 
615 1 0 22 23 8 6 32 32 4 1441 450 1280 1656 
616 0 6 15 14 2 15 22 22 3 1476 185 415 
617 2 6 15 14 8 15 22 22 4 1358 1283 1405 315 
618 0 6 15 22 2 15 22 32 4 1516 681 1752 841 
619 2 6 15 22 8 15 22 32 4 1871 1138 1322 1710 
620 0 6 22 14 4 15 32 24 4 134 1196 465 324 
621 4 6 22 14 8 15 32 24 4 1458 714 1925 1316 
622 0 6 22 24 2 15 32 32 4 1651 377 12 366 
623 2 6 22 24 8 15 32 32 4 1381 489 44 141 
624 8 0 15 14 9 9 21 23 3 793 1654 1652 
625 9 0 15 14 15 9 21 23 4 868 836 1950 358 
626 8 0 15 23 12 9 21 32 4 138 1482 397 176 
627 12 0 15 23 15 9 21 32 4 1414 1606 1221 599 
628 8 0 21 14 8 9 32 25 4 1374 1853 1987 1513 
629 8 0 21 14 15 9 32 25 4 1659 1085 1416 354 
630 8 0 21 25 12 9 32 32 4 1816 347 1004 624 
631 12 0 21 25 15 9 32 32 4 1602 338 921 1623 
632 8 9 15 14 10 15 21 22 4 1379 399 1575 806 
633 10 9 15 14 15 15 21 22 4 1083 1938 951 1066 
634 8 9 15 22 9 15 21 32 4 1928 1863 1313 360 
635 9 9 15 22 15 15 21 32 4 1579 1830 1172 1823 
636 8 9 21 14 10 15 32 21 4 165 267 439 1472 
637 10 9 21 14 15 15 32 21 4 511 1008 398 1157 
638 8 9 21 21 11 15 32 32 4 400 490 1112 569 
639 11 9 21 21 15 15 32 32 4 1733 162 1976 830 
640 0 15 0 0 2 23 7 4 3 57 642 395 
641 2 15 0 0 7 23 7 4 4 1150 1991 445 1153 
642 0 15 0 4 5 23 7 16 4 675 11 1682 1304 
643 5 15 0 4 7 23 7 16 4 83 655 1995 1152 
644 0 15 7 0 4 23 16 7 4 206 76 990 1097 
645 4 15 7 0 7 23 16 7 4 919 1569 1427 791 
646 0 15 7 7 3 23 16 16 4 251 419 1939 1964 
647 3 15 7 7 7 23 16 16 4 1923 218 416 1708 
648 0 23 0 0 2 32 7 8 3 1400 1636 688 
649 2 23 0 0 7 32 7 8 4 1959 1054 464 710 
650 0 23 0 8 5 32 7 16 4 1834 1275 80 340 
651 5 23 0 8 7 32 7 16 4 1517 1660 1010 1875 
652 0 23 7 0 2 32 16 8 4 739 1551 199 1692 
653 2 23 7 0 7 32 16 8 4 1610 818 1644 765 
654 0 23 7 8 2 32 16 16 4 620 477 325 1003 
655 2 23 7 8 7 32 16 16 4 1908 1136 583 1039 
656 7 15 0 0 11 22 5 6 3 1270 1902 1597 
657 11 15 0 0 15 22 5 6 4 1431 1460 1828 970 
658 7 15 0 6 11 22 5 16 4 874 879 637 1055 
659 11 15 0 6 15 22 5 16 4 1256 62 1031 650 
660 7 15 5 0 13 22 16 6 4 491 1832 856 958 
661 13 15 5 0 15 22 16 6 4 328 1596 1790 752 
662 7 15 5 6 10 22 16 16 4 1531 713 204 1781 
663 10 15 5 6 15 22 16 16 4 132 1315 1993 1128 
664 7 22 0 0 12 32 7 4 4 1684 1203 226 77 
665 12 22 0 0 15 32 7 4 4 517 230 1707 285 
666 7 22 0 4 13 32 7 16 4 897 69 249 832 
667 13 22 0 4 15 32 7 16 4 75 1343 927 1641 
668 7 22 7 0 11 32 16 5 4 1050 359 1810 1837 
669 11 22 7 0 15 32 16 5 4 763 178 1015 7 
670 7 22 7 5 12 32 16 16 4 1444 553 485 1046 
671 12 22 7 5 15 32 16 16 4 867 1803 1105 507 
672 0 15 0 16 4 23 9 22 3 37 1949 1509 
673 4 15 0 16 8 23 9 22 4 1236 1382 1676 116 
674 0 15 0 22 3 23 9 32 4 1774 508 1140 1878 
675 3 15 0 22 8 23 9 32 4 336 1202 351 1865 
676 0 15 9 16 4 23 16 23 4 1723 1554 1269 457 
677 4 15 9 16 8 23 16 23 4 1911 1250 1430 1361 
678 0 15 9 23 3 23 16 32 4 1884 537 871 731 
679 3 15 9 23 8 23 16 32 4 900 1699 1147 1761 
680 0 23 0 16 1 32 10 22 3 368 1612 437 
681 1 23 0 16 8 32 10 22 4 1108 1793 294 85 
682 0 23 0 22 5 32 10 32 4 1700 872 1284 854 
683 5 23 0 22 8 32 10 32 4 1924 492 293 9 
684 0 23 10 16 4 32 16 23 4 1637 698 426 963 
685 4 23 10 16 8 32 16 23 4 177 561 1135 1286 
686 0 23 10 23 5 32 16 32 4 1298 1397 17 29 
687 5 23 10 23 8 32 16 32 4 1691 1297 1515 575 
688 8 15 0 16 11 24 7 27 3 821 535 1750 
689 11 15 0 16 15 24 7 27 4 280 460 1474 759 
690 8 15 0 27 13 24 7 32 4 1151 720 1133 968 
691 13 15 0 27 15 24 7 32 4 1088 1527 736 1338 
692 8 15 7 16 12 24 16 21 4 375 804 264 412 
693 12 15 7 16 15 24 16 21 4 1548 330 568 61 
694 8 15 7 21 10 24 16 32 4 1104 840 376 1124 
695 10 15 7 21 15 24 16 32 4 385 997 487 1757 
696 8 24 0 16 13 32 9 24 4 1037 1829 1564 980 
697 13 24 0 16 15 32 9 24 4 978 1121 469 1489 
698 8 24 0 24 11 32 9 32 4 1350 216 334 1312 
699 11 24 0 24 15 32 9 32 4 1918 270 498 1209 
700 8 24 9 16 11 32 16 21 4 1715 1952 770 623 
701 11 24 9 16 15 32 16 21 4 431 1137 1193 1811 
702 8 24 9 21 10 32 16 32 4 1251 1889 1607 1041 
703 10 24 9 21 15 32 16 32 4 984 341 1530 1763 
704 0 15 16 0 2 24 23 5 3 1081 210 1437 
705 2 15 16 0 8 24 23 5 4 33 161 989 1345 
706 0 15 16 5 4 24 23 17 4 1808 154 888 209 
707 4 15 16 5 8 24 23 17 4 215 111 1439 443 
708 0 15 23 0 2 24 32 7 4 1997 1311 211 1122 
709 2 15 23 0 8 24 32 7 4 87 1975 483 845 
710 0 15 23 7 1 24 32 17 4 849 1711 1044 522 
711 1 15 23 7 8 24 32 17 4 1273 1454 335 1110 
712 0 24 16 0 4 32 24 4 3 1264 1102 991 
713 4 24 16 0 8 32 24 4 4 1729 893 260 453 
714 0 24 16 4 3 32 24 17 4 792 1073 159 886 
715 3 24 16 4 8 32 24 17 4 1518 1413 363 20 
716 0 24 24 0 2 32 32 8 4 1851 775 873 1969 
717 2 24 24 0 8 32 32 8 4 1804 541 578 1268 
718 0 24 24 8 3 32 32 17 4 1117 1978 1523 1904 
719 3 24 24 8 8 32 32 17 4 1035 690 1354 1844 
720 8 15 16 0 12 22 25 6 3 1428 610 1697 
721 12 15 16 0 15 22 25 6 4 1159 2 71 1620 
722 8 15 16 6 10 22 25 17 4 1348 326 144 834 
723 10 15 16 6 15 22 25 17 4 1195 1913 1380 835 
724 8 15 25 0 11 22 32 8 4 288 1463 316 1827 
725 11 15 25 0 15 22 32 8 4 1583 250 1802 155 
726 8 15 25 8 12 22 32 17 4 1920 1809 295 1581 
727 12 15 25 8 15 22 32 17 4 244 1840 1595 1352 
728 8 22 16 0 10 32 25 11 4 190 745 172 1824 
729 10 22 16 0 15 32 25 11 4 1742 104 428 709 
730 8 22 16 11 10 32 25 17 4 1820 1739 1356 916 
731 10 22 16 11 15 32 25 17 4 1237 1522 501 1944 
732 8 22 25 0 11 32 32 7 4 373 760 629 1063 
733 11 22 25 0 15 32 32 7 4 1600 1045 774 1843 
734 8 22 25 7 12 32 32 17 4 634 367 364 307 
735 12 22 25 7 15 32 32 17 4 308 899 129 1625 
736 0 15 16 17 0 22 24 23 3 777 952 944 
737 0 15 16 17 7 22 24 23 4 1759 402 268 233 
738 0 15 16 23 2 22 24 32 4 24 252 1201 1384 
739 2 15 16 23 7 22 24 32 4 478 181 748 1089 
740 0 15 24 17 2 22 32 26 4 1686 282 1616 488 
741 2 15 24 17 7 22 32 26 4 42 207 1296 1417 
742 0 15 24 26 1 22 32 32 4 1765 125 247 1577 
743 1 15 24 26 7 22 32 32 4 8 1632 1879 248 
744 0 22 16 17 1 32 26 23 3 221 1115 434 
745 1 22 16 17 7 32 26 23 4 538 1873 1217 1544 
746 0 22 16 23 4 32 26 32 4 574 1977 1240 1165 
747 4 22 16 23 7 32 26 32 4 187 1862 1199 106 
748 0 22 26 17 3 32 32 27 4 1971 682 65 243 
749 3 22 26 17 7 32 32 27 4 430 1409 519 560 
750 0 22 26 27 3 32 32 32 4 1645 502 66 1725 
751 3 22 26 27 7 32 32 32 4 114 1985 217 1399 
752 7 15 16 17 9 24 22 24 3 639 1931 1134 
753 9 15 16 17 15 24 22 24 4 1094 619 1001 521 
754 7 15 16 24 10 24 22 32 4 1573 1235 1929 1557 
755 10 15 16 24 15 24 22 32 4 1558 1627 1485 462 
756 7 15 22 17 9 24 32 23 4 1890 702 4 570 
757 9 15 22 17 15 24 32 23 4 1317 708 1897 730 
758 7 15 22 23 8 24 32 32 4 1068 1800 1321 378 
759 8 15 22 23 15 24 32 32 4 825 188 479 1812 
760 7 24 16 17 9 32 26 25 4 513 1156 1293 1936 
761 9 24 16 17 15 32 26 25 4 34 1817 933 1181 
762 7 24 16 25 13 32 26 32 4 424 1119 1229 1538 
763 13 24 16 25 15 32 26 32 4 284 186 1589 1488 
764 7 24 26 17 12 32 32 23 4 780 91 1883 393 
765 12 24 26 17 15 32 32 23 4 1040 74 1016 679 
766 7 24 26 23 10 32 32 32 4 135 122 139 1100 
767 10 24 26 23 15 32 32 32 4 1937 1982 932 1210 
768 15 0 0 0 19 8 7 7 3 1900 1036 794 
769 19 0 0 0 23 8 7 7 4 1584 1325 235 1481 
770 15 0 0 7 21 8 7 15 4 518 640 826 1954 
771 21 0 0 7 23 8 7 15 4 1349 1220 1751 1340 
772 15 0 7 0 19 8 17 10 4 602 261 1539 1953 
773 19 0 7 0 23 8 17 10 4 290 1423 429 90 
774 15 0 7 10 17 8 17 15 4 1480 1867 1076 909 
775 17 0 7 10 23 8 17 15 4 102 876 732 198 
776 15 8 0 0 17 16 7 5 3 305 1603 1957 
777 17 8 0 0 23 16 7 5 4 0 1130 627 274 
778 15 8 0 5 19 16 7 15 4 193 676 711 1438 
779 19 8 0 5 23 16 7 15 4 1635 1447 1483 1586 
780 15 8 7 0 19 16 17 6 4 1371 964 1698 131 
781 19 8 7 0 23 16 17 6 4 1320 691 1333 1091 
782 15 8 7 6 20 16 17 15 4 278 938 1732 312 
783 20 8 7 6 23 16 17 15 4 1801 707 1825 1701 
784 23 0 0 0 28 8 8 7 3 542 1868 1017 
785 28 0 0 0 32 8 8 7 4 1777 922 1814 1242 
786 23 0 0 7 27 8 8 15 4 369 1448 1542 936 
787 27 0 0 7 32 8 8 15 4 1705 985 1999 1766 
788 23 0 8 0 26 8 17 5 4 877 962 992 910 
789 26 0 8 0 32 8 17 5 4 1903 1111 1885 1988 
790 23 0 8 5 27 8 17 15 4 1464 594 1407 631 
791 27 0 8 5 32 8 17 15 4 819 78 1107 265 
792 23 8 0 0 26 16 7 8 4 1206 49 1495 421 
793 26 8 0 0 32 16 7 8 4 1230 1435 744 672 
794 23 8 0 8 27 16 7 15 4 1025 92 313 1360 
795 27 8 0 8 32 16 7 15 4 275 1866 1302 333 
796 23 8 7 0 26 16 17 6 4 1339 353 459 1365 
797 26 8 7 0 32 16 17 6 4 1307 1404 1285 598 
798 23 8 7 6 29 16 17 15 4 317 924 311 321 
799 29 8 7 6 32 16 17 15 4 1493 1002 976 947 
800 15 0 0 15 18 8 9 23 3 523 1231 441 
801 18 0 0 15 24 8 9 23 4 630 1277 769 170 
802 15 0 0 23 20 8 9 32 4 227 805 1664 807 
803 20 0 0 23 24 8 9 32 4 557 895 1292 60 
804 15 0 9 15 21 8 17 20 4 1328 1775 1496 579 
805 21 0 9 15 24 8 17 20 4 1475 1278 463 1330 
806 15 0 9 20 20 8 17 32 4 180 1180 512 97 
807 20 0 9 20 24 8 17 32 4 1204 1994 526 1274 
808 15 8 0 15 18 16 7 21 3 1166 1838 258 
809 18 8 0 15 24 16 7 21 4 1366 1331 1633 466 
810 15 8 0 21 22 16 7 32 4 652 1129 1241 1282 
811 22 8 0 21 24 16 7 32 4 6 389 301 1650 
812 15 8 7 15 22 16 17 22 4 1735 796 1079 1403 
813 22 8 7 15 24 16 17 22 4 1716 799 1052 1760 
814 15 8 7 22 22 16 17 32 4 1926 1329 52 1396 
815 22 8 7 22 24 16 17 32 4 15 449 1655 349 
816 24 0 0 15 26 8 9 21 3 263 98 149 
817 26 0 0 15 32 8 9 21 4 887 1019 1149 1528 
818 24 0 0 21 28 8 9 32 4 1289 1257 1653 1299 
819 28 0 0 21 32 8 9 32 4 764 524 224 960 
820 24 0 9 15 27 8 17 27 4 1688 572 1960 1933 
821 27 0 9 15 32 8 17 27 4 1990 1962 1898 1332 
822 24 0 9 27 27 8 17 32 4 68 768 201 257 
823 27 0 9 27 32 8 17 32 4 1305 314 14 332 
824 24 8 0 15 26 16 6 28 4 1020 259 390 472 
825 26 8 0 15 32 16 6 28 4 427 596 192 1238 
826 24 8 0 28 29 16 6 32 4 1408 10 1782 1160 
827 29 8 0 28 32 16 6 32 4 271 902 1272 718 
828 24 8 6 15 28 16 17 24 4 1171 532 1958 86 
829 28 8 6 15 32 16 17 24 4 1713 1127 917 343 
830 24 8 6 24 27 16 17 32 4 1367 858 283 1648 
831 27 8 6 24 32 16 17 32 4 1588 417 898 582 
832 15 0 17 0 19 7 21 7 3 1261 1748 1833 
833 19 0 17 0 24 7 21 7 4 1368 1601 1831 1132 
834 15 0 17 7 18 7 21 16 4 1992 929 1786 1346 
835 18 0 17 7 24 7 21 16 4 1450 64 310 1683 
836 15 0 21 0 18 7 32 9 4 475 750 1870 687 
837 18 0 21 0 24 7 32 9 4 1326 699 1922 1549 
838 15 0 21 9 18 7 32 16 4 470 1532 39 988 
839 18 0 21 9 24 7 32 16 4 1912 686 418 133 
840 15 7 17 0 18 16 25 7 3 197 1249 965 
841 18 7 17 0 24 16 25 7 4 811 549 1177 279 
842 15 7 17 7 20 16 25 16 4 500 677 5 1453 
843 20 7 17 7 24 16 25 16 4 1894 254 147 1511 
844 15 7 25 0 17 16 32 4 4 1386 41 812 758 
845 17 7 25 0 24 16 32 4 4 1753 1185 628 1189 
846 15 7 25 4 20 16 32 16 4 1213 1745 853 1792 
847 20 7 25 4 24 16 32 16 4 612 645 669 167 
848 24 0 17 0 27 9 23 7 3 88 1223 787 
849 27 0 17 0 32 9 23 7 4 1505 1899 446 1773 
850 24 0 17 7 26 9 23 16 4 906 846 894 1491 
851 26 0 17 7 32 9 23 16 4 1473 1182 1369 81 
852 24 0 23 0 26 9 32 5 4 1477 3 1106 814 
853 26 0 23 0 32 9 32 5 4 241 1718 1556 1265 
854 24 0 23 5 26 9 32 16 4 1309 387 1492 884 
855 26 0 23 5 32 9 32 16 4 342 837 860 1859 
856 24 9 17 0 26 16 23 7 4 1658 1989 432 577 
857 26 9 17 0 32 16 23 7 4 550 1042 638 1744 
858 24 9 17 7 29 16 23 16 4 1479 1246 509 621 
859 29 9 17 7 32 16 23 16 4 1566 716 1478 256 
860 24 9 23 0 27 16 32 6 4 1818 977 971 1624 
861 27 9 23 0 32 16 32 6 4 1896 648 245 1319 
862 24 9 23 6 26 16 32 16 4 496 1370 1026 504 
863 26 9 23 6 32 16 32 16 4 622 743 1254 1118 
864 15 0 17 16 17 8 24 26 3 1974 119 1099 
865 17 0 17 16 22 8 24 26 4 1494 1498 1910 800 
866 15 0 17 26 16 8 24 32 4 999 436 1841 528 
867 16 0 17 26 22 8 24 32 4 327 576 99 859 
868 15 0 24 16 16 8 32 25 4 1351 1434 901 795 
869 16 0 24 16 22 8 32 25 4 1232 1613 1023 1662 
870 15 0 24 25 20 8 32 32 4 1208 339 1634 208 
871 20 0 24 25 22 8 32 32 4 171 1590 1821 1677 
872 15 8 17 16 18 16 24 23 3 1301 440 1226 
873 18 8 17 16 22 16 24 23 4 1927 1162 1049 166 
874 15 8 17 23 18 16 24 32 4 401 1758 1449 1224 
875 18 8 17 23 22 16 24 32 4 1805 1198 47 692 
876 15 8 24 16 18 16 32 26 4 662 1341 1877 696 
877 18 8 24 16 22 16 32 26 4 1388 974 1874 194 
878 15 8 24 26 17 16 32 32 4 1377 654 444 356 
879 17 8 24 26 22 16 32 32 4 1279 468 839 1318 
880 22 0 17 16 28 8 23 25 3 148 555 1996 
881 28 0 17 16 32 8 23 25 4 563 1668 438 1173 
882 22 0 17 25 26 8 23 32 4 817 998 1139 72 
883 26 0 17 25 32 8 23 32 4 1252 1452 928 1211 
884 22 0 23 16 27 8 32 20 4 1615 169 296 766 
885 27 0 23 16 32 8 32 20 4 1385 995 1262 1685 
886 22 0 23 20 24 8 32 32 4 1310 203 1724 1646 
887 24 0 23 20 32 8 32 32 4 697 1271 1061 1425 
888 22 8 17 16 27 16 24 24 4 404 1059 1412 790 
889 27 8 17 16 32 16 24 24 4 994 1446 597 184 
890 22 8 17 24 29 16 24 32 4 843 319 137 153 
891 29 8 17 24 32 16 24 32 4 1638 1074 1605 1630 
892 22 8 24 16 27 16 32 25 4 616 635 130 1951 
893 27 8 24 16 32 16 32 25 4 1966 1680 961 242 
894 22 8 24 25 27 16 32 32 4 1930 975 905 407 
895 27 8 24 25 32 16 32 32 4 1665 931 94 531 
896 15 16 0 0 18 23 9 9 3 1945 239 1266 
897 18 16 0 0 24 23 9 9 4 1848 605 1131 593 
898 15 16 0 9 22 23 9 16 4 365 1529 1507 1336 
899 22 16 0 9 24 23 9 16 4 926 1114 112 220 
900 15 16 9 0 20 23 15 8 4 1197 1559 1796 643 
901 20 16 9 0 24 23 15 8 4 38 1359 1419 67 
902 15 16 9 8 21 23 15 16 4 1455 1788 128 667 
903 21 16 9 8 24 23 15 16 4 1580 1183 1426 880 
904 15 23 0 0 17 32 6 8 3 1200 1487 1779 
905 17 23 0 0 24 32 6 8 4 1986 1064 966 726 
906 15 23 0 8 18 32 6 16 4 1260 1771 1424 1012 
907 18 23 0 8 24 32 6 16 4 728 1541 1869 1391 
908 15 23 6 0 19 32 15 6 4 1078 1970 289 396 
909 19 23 6 0 24 32 15 6 4 1072 1300 300 1780 
910 15 23 6 6 20 32 15 16 4 890 548 1730 615 
911 20 23 6 6 24 32 15 16 4 246 993 1880 1169 
912 24 16 0 0 27 24 7 5 3 157 680 609 
913 27 16 0 0 32 24 7 5 4 762 882 641 1103 
914 24 16 0 5 27 24 7 16 4 1255 892 1445 536 
915 27 16 0 5 32 24 7 16 4 1657 625 471 1628 
916 24 16 7 0 25 24 15 9 4 1935 205 1568 855 
917 25 16 7 0 32 24 15 9 4 1500 611 1057 103 
918 24 16 7 9 26 24 15 16 4 940 520 1465 484 
919 26 16 7 9 32 24 15 16 4 467 738 1355 150 
920 24 24 0 0 27 32 7 6 4 1563 544 1222 179 
921 27 24 0 0 32 32 7 6 4 1972 493 850 146 
922 24 24 0 6 27 32 7 16 4 1383 1561 581 50 
923 27 24 0 6 32 32 7 16 4 1406 1276 1342 673 
924 24 24 7 0 28 32 15 10 4 352 891 749 1344 
925 28 24 7 0 32 32 15 10 4 772 1009 145 1946 
926 24 24 7 10 28 32 15 16 4 1767 551 1192 1018 
927 28 24 7 10 32 32 15 16 4 700 23 685 562 
928 15 16 0 16 17 25 8 24 3 571 21 606 
929 17 16 0 16 24 25 8 24 4 920 831 73 913 
930 15 16 0 24 19 25 8 32 4 212 1762 722 105 
931 19 16 0 24 24 25 8 32 4 1611 1219 253 935 
932 15 16 8 16 20 25 15 22 4 1576 915 1747 1281 
933 20 16 8 16 24 25 15 22 4 1754 1225 200 1353 
934 15 16 8 22 20 25 15 32 4 1772 408 741 1389 
935 20 16 8 22 24 25 15 32 4 474 277 646 411 
936 15 25 0 16 16 32 6 23 3 1553 956 96 
937 16 25 0 16 24 32 6 23 4 614 525 851 292 
938 15 25 0 23 19 32 6 32 4 1876 729 406 380 
939 19 25 0 23 24 32 6 32 4 1334 1395 1703 1218 
940 15 25 6 16 22 32 15 23 4 54 1337 1178 1048 
941 22 25 6 16 24 32 15 23 4 124 383 914 1852 
942 15 25 6 23 18 32 15 32 4 1886 552 632 1096 
943 18 25 6 23 24 32 15 32 4 1497 776 870 1376 
944 24 16 0 16 27 24 7 21 3 1604 1647 1749 
945 27 16 0 16 32 24 7 21 4 847 448 903 747 
946 24 16 0 21 26 24 7 32 4 587 908 1720 801 
947 26 16 0 21 32 24 7 32 4 838 1357 409 1543 
948 24 16 7 16 27 24 15 27 4 59 413 866 573 
949 27 16 7 16 32 24 15 27 4 514 1719 40 63 
950 24 16 7 27 29 24 15 32 4 348 1901 473 1034 
951 29 16 7 27 32 24 15 32 4 1776 869 495 388 
952 24 24 0 16 27 32 8 21 4 601 1565 299 1783 
953 27 24 0 16 32 32 8 21 4 1521 84 657 986 
954 24 24 0 21 28 32 8 32 4 833 1080 1051 983 
955 28 24 0 21 32 32 8 32 4 1179 1594 863 1905 
956 24 24 8 16 28 32 15 25 4 1029 1303 100 539 
957 28 24 8 16 32 32 15 25 4 1526 18 1546 223 
958 24 24 8 25 30 32 15 32 4 1614 969 1787 379 
959 30 24 8 25 32 32 15 32 4 689 196 783 272 
960 15 16 15 0 19 24 24 9 3 163 516 1263 
961 19 16 15 0 22 24 24 9 4 158 1027 1764 1956 
962 15 16 15 9 19 24 24 15 4 152 115 1215 911 
963 19 16 15 9 22 24 24 15 4 287 1578 1086 881 
964 15 16 24 0 22 24 32 7 4 636 1789 1188 1769 
965 22 16 24 0 22 24 32 7 4 1907 824 1398 586 
966 15 16 24 7 18 24 32 15 4 1666 1984 751 1728 
967 18 16 24 7 22 24 32 15 4 174 1524 1387 907 
968 15 24 15 0 16 32 24 6 3 1006 28 1510 
969 16 24 15 0 22 32 24 6 4 1116 382 1717 403 
970 15 24 15 6 17 32 24 15 4 506 1161 202 458 
971 17 24 15 6 22 32 24 15 4 981 214 742 896 
972 15 24 24 0 17 32 32 5 4 694 391 1364 329 
973 17 24 24 0 22 32 32 5 4 320 864 1 1585 
974 15 24 24 5 17 32 32 15 4 757 1608 276 1617 
975 17 24 24 5 22 32 32 15 4 1420 647 788 1095 
976 22 16 15 0 27 24 24 7 3 950 1125 1690 
977 27 16 15 0 32 24 24 7 4 1514 878 1675 1443 
978 22 16 15 7 25 24 24 15 4 1504 1921 1005 1014 
979 25 16 15 7 32 24 24 15 4 1323 954 979 1038 
980 22 16 24 0 24 24 32 7 4 1101 1506 912 1770 
981 24 16 24 0 32 24 32 7 4 1093 1550 1429 925 
982 22 16 24 7 25 24 32 15 4 1456 683 1462 1980 
983 25 16 24 7 32 24 32 15 4 1043 1155 1243 1721 
984 22 24 15 0 27 32 23 8 4 1205 1819 705 70 
985 27 24 15 0 32 32 23 8 4 414 1955 1411 1324 
986 22 24 15 8 24 32 23 15 4 1626 633 972 1738 
987 24 24 15 8 32 32 23 15 4 1909 442 107 585 
988 22 24 23 0 27 32 32 8 4 724 1915 1186 1503 
989 27 24 23 0 32 32 32 8 4 554 607 140 1872 
990 22 24 23 8 29 32 32 15 4 1768 1917 1712 1335 
991 29 24 23 8 32 32 32 15 4 16 1536 121 604 
992 15 16 15 15 19 24 24 26 3 476 1190 1007 
993 19 16 15 15 23 24 24 26 4 344 1033 1227 547 
994 15 16 15 26 18 24 24 32 4 813 123 1512 55 
995 18 16 15 26 23 24 24 32 4 1743 885 546 1032 
996 15 16 24 15 19 24 32 23 4 1981 1294 1508 706 
997 19 16 24 15 23 24 32 23 4 1671 1184 1058 809 
998 15 16 24 23 19 24 32 32 4 1011 302 982 1047 
999 19 16 24 23 23 24 32 32 4 600 1484 1327 865 
1000 15 24 15 15 17 32 22 22 3 1674 767 255 
1001 17 24 15 15 23 32 22 22 4 1440 1077 1826 1065 
1002 15 24 15 22 20 32 22 32 4 237 1881 1587 1919 
1003 20 24 15 22 23 32 22 32 4 1798 540 1849 1560 
1004 15 24 22 15 21 32 32 22 4 684 1726 1961 1525 
1005 21 24 22 15 23 32 32 22 4 1983 1694 1914 761 
1006 15 24 22 22 19 32 32 32 4 1142 1552 286 273 
1007 19 24 22 22 23 32 32 32 4 1175 674 1158 1854 
1008 23 16 15 15 29 24 23 21 3 117 1163 584 
1009 29 16 15 15 32 24 23 21 4 1629 941 1291 529 
1010 23 16 15 21 28 24 23 32 4 939 665 361 1661 
1011 28 16 15 21 32 24 23 32 4 782 670 1540 1696 
1012 23 16 23 15 28 24 32 22 4 1592 1998 934 1084 
1013 28 16 23 15 32 24 32 22 4 323 381 1727 1598 
1014 23 16 23 22 27 24 32 32 4 435 1314 721 1466 
1015 27 16 23 22 32 24 32 32 4 1591 1067 101 160 
1016 23 24 15 15 27 32 21 24 4 1639 510 1702 1060 
1017 27 24 15 15 32 32 21 24 4 844 1071 422 559 
1018 23 24 15 24 27 32 21 32 4 95 494 852 1028 
1019 27 24 15 24 32 32 21 32 4 1858 703 219 848 
1020 23 24 21 15 27 32 32 25 4 1030 346 309 1839 
1021 27 24 21 15 32 32 32 25 4 1963 420 1562 1893 
1022 23 24 21 25 27 32 32 32 4 644 671 1850 656 
1023 27 24 21 25 32 32 32 32 4 946 1415 1253 1421 
512
512 0 0 0 0 3 6 6 5 3 1259 945 1704 
513 3 0 0 0 7 6 6 5 4 1755 1722 1410 93 
514 0 0 0 5 2 6 6 15 4 904 1855 1967 1098 
515 2 0 0 5 7 6 6 15 4 126 1709 164 930 
516 0 0 6 0 4 6 15 7 4 1092 1191 658 1756 
517 4 0 6 0 7 6 15 7 4 1813 1022 1570 1609 
518 0 0 6 7 3 6 15 15 4 189 733 1288 1402 
519 3 0 6 7 7 6 15 15 4 1599 1248 1673 712 
520 0 6 0 0 1 15 6 7 3 798 298 486 
521 1 6 0 0 7 15 6 7 4 331 345 1123 304 
522 0 6 0 7 2 15 6 15 4 1567 456 533 1486 
523 2 6 0 7 7 15 6 15 4 30 592 1891 225 
524 0 6 6 0 4 15 15 6 4 784 1642 1618 1807 
525 4 6 6 0 7 15 15 6 4 1669 36 802 613 
526 0 6 6 6 4 15 15 15 4 1582 195 1947 1892 
527 4 6 6 6 7 15 15 15 4 1785 1164 857 113 
528 7 0 0 0 10 7 5 6 3 1649 213 1847 
529 10 0 0 0 15 7 5 6 4 659 1214 942 1053 
530 7 0 0 6 10 7 5 15 4 234 1663 1731 704 
531 10 0 0 6 15 7 5 15 4 452 1864 987 1822 
532 7 0 5 0 10 7 15 6 4 1471 1670 996 617 
533 10 0 5 0 15 7 15 6 4 1194 1968 663 1797 
534 7 0 5 6 9 7 15 15 4 779 1468 168 1857 
535 9 0 5 6 15 7 15 15 4 727 1534 1401 1375 
536 7 7 0 0 13 15 8 4 4 1090 1741 374 1734 
537 13 7 0 0 15 15 8 4 4 1574 120 1467 756 
538 7 7 0 4 10 15 8 15 4 1794 1021 754 1681 
539 10 7 0 4 15 15 8 15 4 810 1146 1070 660 
540 7 7 8 0 9 15 15 10 4 1746 1234 530 43 
541 9 7 8 0 15 15 15 10 4 693 649 1174 1533 
542 7 7 8 10 9 15 15 15 4 231 1394 1545 26 
543 9 7 8 10 15 15 15 15 4 79 608 889 19 
544 0 0 0 15 3 7 8 23 3 715 1187 156 
545 3 0 0 15 7 7 8 23 4 1631 45 1143 1678 
546 0 0 0 23 2 7 8 32 4 701 1973 25 1740 
547 2 0 0 23 7 7 8 32 4 785 191 281 527 
548 0 0 8 15 4 7 15 22 4 734 651 1888 948 
549 4 0 8 15 7 7 15 22 4 1295 142 53 803 
550 0 0 8 22 2 7 15 32 4 827 1433 1490 695 
551 2 0 8 22 7 7 15 32 4 1170 480 789 228 
552 0 7 0 15 3 15 8 25 3 1571 13 297 
553 3 7 0 15 7 15 8 25 4 322 861 1459 433 
554 0 7 0 25 4 15 8 32 4 1233 1934 1442 405 
555 4 7 0 25 7 15 8 32 4 1069 1461 719 545 
556 0 7 8 15 3 15 15 19 4 626 1363 567 1457 
557 3 7 8 15 7 15 15 19 4 1856 46 31 303 
558 0 7 8 19 3 15 15 32 4 1706 1347 291 781 
559 3 7 8 19 7 15 15 32 4 240 566 1378 1667 
560 7 0 0 15 11 7 7 23 3 1168 481 423 
561 11 0 0 15 15 7 7 23 4 515 1216 1502 1109 
562 7 0 0 23 9 7 7 32 4 1640 1308 589 1940 
563 9 0 0 23 15 7 7 32 4 1679 1535 232 229 
564 7 0 7 15 11 7 15 24 4 370 1212 1643 1000 
565 11 0 7 15 15 7 15 24 4 371 306 1247 461 
566 7 0 7 24 11 7 15 32 4 1362 1372 1422 1806 
567 11 0 7 24 15 7 15 32 4 108 1013 829 410 
568 7 7 0 15 12 15 8 20 4 1519 109 590 1499 
569 12 7 0 15 15 15 8 20 4 136 425 269 1672 
570 7 7 0 20 12 15 8 32 4 666 816 118 482 
571 12 7 0 20 15 15 8 32 4 1470 797 778 1306 
572 7 7 8 15 12 15 15 23 4 1689 499 875 1258 
573 12 7 8 15 15 15 15 23 4 1932 678 497 1144 
574 7 7 8 23 11 15 15 32 4 1693 1082 943 1842 
575 11 7 8 23 15 15 15 32 4 883 923 1244 820 
576 0 0 15 0 4 8 24 6 3 842 48 808 
577 4 0 15 0 7 8 24 6 4 1619 337 1267 1778 
578 0 0 15 6 2 8 24 14 4 1916 723 175 238 
579 2 0 15 6 7 8 24 14 4 661 1622 1736 27 
580 0 0 24 0 3 8 32 6 4 1555 735 1113 746 
581 3 0 24 0 7 8 32 6 4 394 262 1714 1087 
582 0 0 24 6 2 8 32 14 4 1695 173 1795 595 
583 2 0 24 6 7 8 32 14 4 1948 564 350 755 
584 0 8 15 0 3 15 23 5 3 822 1845 771 
585 3 8 15 0 7 15 23 5 4 1287 1373 556 618 
586 0 8 15 5 2 15 23 14 4 1687 717 1942 454 
587 2 8 15 5 7 15 23 14 4 1547 558 183 35 
588 0 8 23 0 3 15 32 6 4 565 58 384 82 
589 3 8 23 0 7 15 32 6 4 937 1861 957 1062 
590 0 8 23 6 4 15 32 14 4 1056 1120 1141 1593 
591 4 8 23 6 7 15 32 14 4 1895 1148 1451 32 
592 7 0 15 0 11 7 23 5 3 451 222 1167 
593 11 0 15 0 15 7 23 5 4 386 266 603 737 
594 7 0 15 5 11 7 23 14 4 1024 1799 1836 1245 
595 11 0 15 5 15 7 23 14 4 1176 534 357 1390 
596 7 0 23 0 11 7 32 5 4 580 372 1126 1393 
597 11 0 23 0 15 7 32 5 4 588 110 1906 1418 
598 7 0 23 5 12 7 32 14 4 815 355 1207 740 
599 12 0 23 5 15 7 32 14 4 1228 182 591 151 
600 7 7 15 0 9 15 23 7 4 1290 1239 1154 236 
601 9 7 15 0 15 15 23 7 4 668 823 918 1815 
602 7 7 15 7 11 15 23 14 4 1887 503 1572 127 
603 11 7 15 7 15 15 23 14 4 1846 1432 447 455 
604 7 7 23 0 11 15 32 9 4 1784 828 1965 1835 
605 11 7 23 0 15 15 32 9 4 362 1537 51 949 
606 7 7 23 9 12 15 32 14 4 1621 1392 143 967 
607 12 7 23 9 15 15 32 14 4 1469 773 1737 1436 
608 0 0 15 14 1 6 22 23 3 1075 56 973 
609 1 0 15 14 8 6 22 23 4 1520 1145 318 22 
610 0 0 15 23 4 6 22 32 4 959 1941 753 955 
611 4 0 15 23 8 6 22 32 4 1943 1860 505 1979 
612 0 0 22 14 3 6 32 23 4 1501 953 89 725 
613 3 0 22 14 8 6 32 23 4 786 543 1882 862 
614 0 0 22 23 1 6 32 32 4 664 392 653 1791 
615 1 0 22 23 8 6 32 32 4 1441 450 1280 1656 
616 0 6 15 14 2 15 22 22 3 1476 185 415 
617 2 6 15 14 8 15 22 22 4 1358 1283 1405 315 
618 0 6 15 22 2 15 22 32 4 1516 681 1752 841 
619 2 6 15 22 8 15 22 32 4 1871 1138 1322 1710 
620 0 6 22 14 4 15 32 24 4 134 1196 465 324 
621 4 6 22 14 8 15 32 24 4 1458 714 1925 1316 
622 0 6 22 24 2 15 32 32 4 1651 377 12 366 
623 2 6 22 24 8 15 32 32 4 1381 489 44 141 
624 8 0 15 14 9 9 21 23 3 793 1654 1652 
625 9 0 15 14 15 9 21 23 4 868 836 1950 358 
626 8 0 15 23 12 9 21 32 4 138 1482 397 176 
627 12 0 15 23 15 9 21 32 4 1414 1606 1221 599 
628 8 0 21 14 8 9 32 25 4 1374 1853 1987 1513 
629 8 0 21 14 15 9 32 25 4 1659 1085 1416 354 
630 8 0 21 25 12 9 32 32 4 1816 347 1004 624 
631 12 0 21 25 15 9 32 32 4 1602 338 921 1623 
632 8 9 15 14 10 15 21 22 4 1379 399 1575 806 
633 10 9 15 14 15 15 21 22 4 1083 1938 951 1066 
634 8 9 15 22 9 15 21 32 4 1928 1863 1313 360 
635 9 9 15 22 15 15 21 32 4 1579 1830 1172 1823 
636 8 9 21 14 10 15 32 21 4 165 267 439 1472 
637 10 9 21 14 15 15 32 21 4 511 1008 398 1157 
638 8 9 21 21 11 15 32 32 4 400 490 1112 569 
639 11 9 21 21 15 15 32 32 4 1733 162 1976 830 
640 0 15 0 0 2 23 7 4 3 57 642 395 
641 2 15 0 0 7 23 7 4 4 1150 1991 445 1153 
642 0 15 0 4 5 23 7 16 4 675 11 1682 1304 
643 5 15 0 4 7 23 7 16 4 83 655 1995 1152 
644 0 15 7 0 4 23 16 7 4 206 76 990 1097 
645 4 15 7 0 7 23 16 7 4 919 1569 1427 791 
646 0 15 7 7 3 23 16 16 4 251 419 1939 1964 
647 3 15 7 7 7 23 16 16 4 1923 218 416 1708 
648 0 23 0 0 2 32 7 8 3 1400 1636 688 
649 2 23 0 0 7 32 7 8 4 1959 1054 464 710 
650 0 23 0 8 5 32 7 16 4 1834 1275 80 340 
651 5 23 0 8 7 32 7 16 4 1517 1660 1010 1875 
652 0 23 7 0 2 32 16 8 4 739 1551 199 1692 
653 2 23 7 0 7 32 16 8 4 1610 818 1644 765 
654 0 23 7 8 2 32 16 16 4 620 477 325 1003 
655 2 23 7 8 7 32 16 16 4 1908 1136 583 1039 
656 7 15 0 0 11 22 5 6 3 1270 1902 1597 
657 11 15 0 0 15 22 5 6 4 1431 1460 1828 970 
658 7 15 0 6 11 22 5 16 4 874 879 637 1055 
659 11 15 0 6 15 22 5 16 4 1256 62 1031 650 
660 7 15 5 0 13 22 16 6 4 491 1832 856 958 
661 13 15 5 0 15 22 16 6 4 328 1596 1790 752 
662 7 15 5 6 10 22 16 16 4 1531 713 204 1781 
663 10 15 5 6 15 22 16 16 4 132 1315 1993 1128 
664 7 22 0 0 12 32 7 4 4 1684 1203 226 77 
665 12 22 0 0 15 32 7 4 4 517 230 1707 285 
666 7 22 0 4 13 32 7 16 4 897 69 249 832 
667 13 22 0 4 15 32 7 16 4 75 1343 927 1641 
668 7 22 7 0 11 32 16 5 4 1050 359 1810 1837 
669 11 22 7 0 15 32 16 5 4 763 178 1015 7 
670 7 22 7 5 12 32 16 16 4 1444 553 485 1046 
671 12 22 7 5 15 32 16 16 4 867 1803 1105 507 
672 0 15 0 16 4 23 9 22 3 37 1949 1509 
673 4 15 0 16 8 23 9 22 4 1236 1382 1676 116 
674 0 15 0 22 3 23 9 32 4 1774 508 1140 1878 
675 3 15 0 22 8 23 9 32 4 336 1202 351 1865 
676 0 15 9 16 4 23 16 23 4 1723 1554 1269 457 
677 4 15 9 16 8 23 16 23 4 1911 1250 1430 1361 
678 0 15 9 23 3 23 16 32 4 1884 537 871 731 
679 3 15 9 23 8 23 16 32 4 900 1699 1147 1761 
680 0 23 0 16 1 32 10 22 3 368 1612 437 
681 1 23 0 16 8 32 10 22 4 1108 1793 294 85 
682 0 23 0 22 5 32 10 32 4 1700 872 1284 854 
683 5 23 0 22 8 32 10 32 4 1924 492 293 9 
684 0 23 10 16 4 32 16 23 4 1637 698 426 963 
685 4 23 10 16 8 32 16 23 4 177 561 1135 1286 
686 0 23 10 23 5 32 16 32 4 1298 1397 17 29 
687 5 23 10 23 8 32 16 32 4 1691 1297 1515 575 
688 8 15 0 16 11 24 7 27 3 821 535 1750 
689 11 15 0 16 15 24 7 27 4 280 460 1474 759 
690 8 15 0 27 13 24 7 32 4 1151 720 1133 968 
691 13 15 0 27 15 24 7 32 4 1088 1527 736 1338 
692 8 15 7 16 12 24 16 21 4 375 804 264 412 
693 12 15 7 16 15 24 16 21 4 1548 330 568 61 
694 8 15 7 21 10 24 16 32 4 1104 840 376 1124 
695 10 15 7 21 15 24 16 32 4 385 997 487 1757 
696 8 24 0 16 13 32 9 24 4 1037 1829 1564 980 
697 13 24 0 16 15 32 9 24 4 978 1121 469 1489 
698 8 24 0 24 11 32 9 32 4 1350 216 334 1312 
699 11 24 0 24 15 32 9 32 4 1918 270 498 1209 
700 8 24 9 16 11 32 16 21 4 1715 1952 770 623 
701 11 24 9 16 15 32 16 21 4 431 1137 1193 1811 
702 8 24 9 21 10 32 16 32 4 1251 1889 1607 1041 
703 10 24 9 21 15 32 16 32 4 984 341 1530 1763 
704 0 15 16 0 2 24 23 5 3 1081 210 1437 
705 2 15 16 0 8 24 23 5 4 33 161 989 1345 
706 0 15 16 5 4 24 23 17 4 1808 154 888 209 
707 4 15 16 5 8 24 23 17 4 215 111 1439 443 
708 0 15 23 0 2 24 32 7 4 1997 1311 211 1122 
709 2 15 23 0 8 24 32 7 4 87 1975 483 845 
710 0 15 23 7 1 24 32 17 4 849 1711 1044 522 
711 1 15 23 7 8 24 32 17 4 1273 1454 335 1110 
712 0 24 16 0 4 32 24 4 3 1264 1102 991 
713 4 24 16 0 8 32 24 4 4 1729 893 260 453 
714 0 24 16 4 3 32 24 17 4 792 1073 159 886 
715 3 24 16 4 8 32 24 17 4 1518 1413 363 20 
716 0 24 24 0 2 32 32 8 4 1851 775 873 1969 
717 2 24 24 0 8 32 32 8 4 1804 541 578 1268 
718 0 24 24 8 3 32 32 17 4 1117 1978 1523 1904 
719 3 24 24 8 8 32 32 17 4 1035 690 1354 1844 
720 8 15 16 0 12 22 25 6 3 1428 610 1697 
721 12 15 16 0 15 22 25 6 4 1159 2 71 1620 
722 8 15 16 6 10 22 25 17 4 1348 326 144 834 
723 10 15 16 6 15 22 25 17 4 1195 1913 1380 835 
724 8 15 25 0 11 22 32 8 4 288 1463 316 1827 
725 11 15 25 0 15 22 32 8 4 1583 250 1802 155 
726 8 15 25 8 12 22 32 17 4 1920 1809 295 1581 
727 12 15 25 8 15 22 32 17 4 244 1840 1595 1352 
728 8 22 16 0 10 32 25 11 4 190 745 172 1824 
729 10 22 16 0 15 32 25 11 4 1742 104 428 709 
730 8 22 16 11 10 32 25 17 4 1820 1739 1356 916 
731 10 22 16 11 15 32 25 17 4 1237 1522 501 1944 
732 8 22 25 0 11 32 32 7 4 373 760 629 1063 
733 11 22 25 0 15 32 32 7 4 1600 1045 774 1843 
734 8 22 25 7 12 32 32 17 4 634 367 364 307 
735 12 22 25 7 15 32 32 17 4 308 899 129 1625 
736 0 15 16 17 0 22 24 23 3 777 952 944 
737 0 15 16 17 7 22 24 23 4 1759 402 268 233 
738 0 15 16 23 2 22 24 32 4 24 252 1201 1384 
739 2 15 16 23 7 22 24 32 4 478 181 748 1089 
740 0 15 24 17 2 22 32 26 4 1686 282 1616 488 
741 2 15 24 17 7 22 32 26 4 42 207 1296 1417 
742 0 15 24 26 1 22 32 32 4 1765 125 247 1577 
743 1 15 24 26 7 22 32 32 4 8 1632 1879 248 
744 0 22 16 17 1 32 26 23 3 221 1115 434 
745 1 22 16 17 7 32 26 23 4 538 1873 1217 1544 
746 0 22 16 23 4 32 26 32 4 574 1977 1240 1165 
747 4 22 16 23 7 32 26 32 4 187 1862 1199 106 
748 0 22 26 17 3 32 32 27 4 1971 682 65 243 
749 3 22 26 17 7 32 32 27 4 430 1409 519 560 
750 0 22 26 27 3 32 32 32 4 1645 502 66 1725 
751 3 22 26 27 7 32 32 32 4 114 1985 217 1399 
752 7 15 16 17 9 24 22 24 3 639 1931 1134 
753 9 15 16 17 15 24 22 24 4 1094 619 1001 521 
754 7 15 16 24 10 24 22 32 4 1573 1235 1929 1557 
755 10 15 16 24 15 24 22 32 4 1558 1627 1485 462 
756 7 15 22 17 9 24 32 23 4 1890 702 4 570 
757 9 15 22 17 15 24 32 23 4 1317 708 1897 730 
758 7 15 22 23 8 24 32 32 4 1068 1800 1321 378 
759 8 15 22 23 15 24 32 32 4 825 188 479 1812 
760 7 24 16 17 9 32 26 25 4 513 1156 1293 1936 
761 9 24 16 17 15 32 26 25 4 34 1817 933 1181 
762 7 24 16 25 13 32 26 32 4 424 1119 1229 1538 
763 13 24 16 25 15 32 26 32 4 284 186 1589 1488 
764 7 24 26 17 12 32 32 23 4 780 91 1883 393 
765 12 24 26 17 15 32 32 23 4 1040 74 1016 679 
766 7 24 26 23 10 32 32 32 4 135 122 139 1100 
767 10 24 26 23 15 32 32 32 4 1937 1982 932 1210 
768 15 0 0 0 19 8 7 7 3 1900 1036 794 
769 19 0 0 0 23 8 7 7 4 1584 1325 235 1481 
770 15 0 0 7 21 8 7 15 4 518 640 826 1954 
771 21 0 0 7 23 8 7 15 4 1349 1220 1751 1340 
772 15 0 7 0 19 8 17 10 4 602 261 1539 1953 
773 19 0 7 0 23 8 17 10 4 290 1423 429 90 
774 15 0 7 10 17 8 17 15 4 1480 1867 1076 909 
775 17 0 7 10 23 8 17 15 4 102 876 732 198 
776 15 8 0 0 17 16 7 5 3 305 1603 1957 
777 17 8 0 0 23 16 7 5 4 0 1130 627 274 
778 15 8 0 5 19 16 7 15 4 193 676 711 1438 
779 19 8 0 5 23 16 7 15 4 1635 1447 1483 1586 
780 15 8 7 0 19 16 17 6 4 1371 964 1698 131 
781 19 8 7 0 23 16 17 6 4 1320 691 1333 1091 
782 15 8 7 6 20 16 17 15 4 278 938 1732 312 
783 20 8 7 6 23 16 17 15 4 1801 707 1825 1701 
784 23 0 0 0 28 8 8 7 3 542 1868 1017 
785 28 0 0 0 32 8 8 7 4 1777 922 1814 1242 
786 23 0 0 7 27 8 8 15 4 369 1448 1542 936 
787 27 0 0 7 32 8 8 15 4 1705 985 1999 1766 
788 23 0 8 0 26 8 17 5 4 877 962 992 910 
789 26 0 8 0 32 8 17 5 4 1903 1111 1885 1988 
790 23 0 8 5 27 8 17 15 4 1464 594 1407 631 
791 27 0 8 5 32 8 17 15 4 819 78 1107 265 
792 23 8 0 0 26 16 7 8 4 1206 49 1495 421 
793 26 8 0 0 32 16 7 8 4 1230 1435 744 672 
794 23 8 0 8 27 16 7 15 4 1025 92 313 1360 
795 27 8 0 8 32 16 7 15 4 275 1866 1302 333 
796 23 8 7 0 26 16 17 6 4 1339 353 459 1365 
797 26 8 7 0 32 16 17 6 4 1307 1404 1285 598 
798 23 8 7 6 29 16 17 15 4 317 924 311 321 
799 29 8 7 6 32 16 17 15 4 1493 1002 976 947 
800 15 0 0 15 18 8 9 23 3 523 1231 441 
801 18 0 0 15 24 8 9 23 4 630 1277 769 170 
802 15 0 0 23 20 8 9 32 4 227 805 1664 807 
803 20 0 0 23 24 8 9 32 4 557 895 1292 60 
804 15 0 9 15 21 8 17 20 4 1328 1775 1496 579 
805 21 0 9 15 24 8 17 20 4 1475 1278 463 1330 
806 15 0 9 20 20 8 17 32 4 180 1180 512 97 
807 20 0 9 20 24 8 17 32 4 1204 1994 526 1274 
808 15 8 0 15 18 16 7 21 3 1166 1838 258 
809 18 8 0 15 24 16 7 21 4 1366 1331 1633 466 
810 15 8 0 21 22 16 7 32 4 652 1129 1241 1282 
811 22 8 0 21 24 16 7 32 4 6 389 301 1650 
812 15 8 7 15 22 16 17 22 4 1735 796 1079 1403 
813 22 8 7 15 24 16 17 22 4 1716 799 1052 1760 
814 15 8 7 22 22 16 17 32 4 1926 1329 52 1396 
815 22 8 7 22 24 16 17 32 4 15 449 1655 349 
816 24 0 0 15 26 8 9 21 3 263 98 149 
817 26 0 0 15 32 8 9 21 4 887 1019 1149 1528 
818 24 0 0 21 28 8 9 32 4 1289 1257 1653 1299 
819 28 0 0 21 32 8 9 32 4 764 524 224 960 
820 24 0 9 15 27 8 17 27 4 1688 572 1960 1933 
821 27 0 9 15 32 8 17 27 4 1990 1962 1898 1332 
822 24 0 9 27 27 8 17 32 4 68 768 201 257 
823 27 0 9 27 32 8 17 32 4 1305 314 14 332 
824 24 8 0 15 26 16 6 28 4 1020 259 390 472 
825 26 8 0 15 32 16 6 28 4 427 596 192 1238 
826 24 8 0 28 29 16 6 32 4 1408 10 1782 1160 
827 29 8 0 28 32 16 6 32 4 271 902 1272 718 
828 24 8 6 15 28 16 17 24 4 1171 532 1958 86 
829 28 8 6 15 32 16 17 24 4 1713 1127 917 343 
830 24 8 6 24 27 16 17 32 4 1367 858 283 1648 
831 27 8 6 24 32 16 17 32 4 1588 417 898 582 
832 15 0 17 0 19 7 21 7 3 1261 1748 1833 
833 19 0 17 0 24 7 21 7 4 1368 1601 1831 1132 
834 15 0 17 7 18 7 21 16 4 1992 929 1786 1346 
835 18 0 17 7 24 7 21 16 4 1450 64 310 1683 
836 15 0 21 0 18 7 32 9 4 475 750 1870 687 
837 18 0 21 0 24 7 32 9 4 1326 699 1922 1549 
838 15 0 21 9 18 7 32 16 4 470 1532 39 988 
839 18 0 21 9 24 7 32 16 4 1912 686 418 133 
840 15 7 17 0 18 16 25 7 3 197 1249 965 
841 18 7 17 0 24 16 25 7 4 811 549 1177 279 
842 15 7 17 7 20 16 25 16 4 500 677 5 1453 
843 20 7 17 7 24 16 25 16 4 1894 254 147 1511 
844 15 7 25 0 17 16 32 4 4 1386 41 812 758 
845 17 7 25 0 24 16 32 4 4 1753 1185 628 1189 
846 15 7 25 4 20 16 32 16 4 1213 1745 853 1792 
847 20 7 25 4 24 16 32 16 4 612 645 669 167 
848 24 0 17 0 27 9 23 7 3 88 1223 787 
849 27 0 17 0 32 9 23 7 4 1505 1899 446 1773 
850 24 0 17 7 26 9 23 16 4 906 846 894 1491 
851 26 0 17 7 32 9 23 16 4 1473 1182 1369 81 
852 24 0 23 0 26 9 32 5 4 1477 3 1106 814 
853 26 0 23 0 32 9 32 5 4 241 1718 1556 1265 
854 24 0 23 5 26 9 32 16 4 1309 387 1492 884 
855 26 0 23 5 32 9 32 16 4 342 837 860 1859 
856 24 9 17 0 26 16 23 7 4 1658 1989 432 577 
857 26 9 17 0 32 16 23 7 4 550 1042 638 1744 
858 24 9 17 7 29 16 23 16 4 1479 1246 509 621 
859 29 9 17 7 32 16 23 16 4 1566 716 1478 256 
860 24 9 23 0 27 16 32 6 4 1818 977 971 1624 
861 27 9 23 0 32 16 32 6 4 1896 648 245 1319 
862 24 9 23 6 26 16 32 16 4 496 1370 1026 504 
863 26 9 23 6 32 16 32 16 4 622 743 1254 1118 
864 15 0 17 16 17 8 24 26 3 1974 119 1099 
865 17 0 17 16 22 8 24 26 4 1494 1498 1910 800 
866 15 0 17 26 16 8 24 32 4 999 436 1841 528 
867 16 0 17 26 22 8 24 32 4 327 576 99 859 
868 15 0 24 16 16 8 32 25 4 1351 1434 901 795 
869 16 0 24 16 22 8 32 25 4 1232 1613 1023 1662 
870 15 0 24 25 20 8 32 32 4 1208 339 1634 208 
871 20 0 24 25 22 8 32 32 4 171 1590 1821 1677 
872 15 8 17 16 18 16 24 23 3 1301 440 1226 
873 18 8 17 16 22 16 24 23 4 1927 1162 1049 166 
874 15 8 17 23 18 16 24 32 4 401 1758 1449 1224 
875 18 8 17 23 22 16 24 32 4 1805 1198 47 692 
876 15 8 24 16 18 16 32 26 4 662 1341 1877 696 
877 18 8 24 16 22 16 32 26 4 1388 974 1874 194 
878 15 8 24 26 17 16 32 32 4 1377 654 444 356 
879 17 8 24 26 22 16 32 32 4 1279 468 839 1318 
880 22 0 17 16 28 8 23 25 3 148 555 1996 
881 28 0 17 16 32 8 23 25 4 563 1668 438 1173 
882 22 0 17 25 26 8 23 32 4 817 998 1139 72 
883 26 0 17 25 32 8 23 32 4 1252 1452 928 1211 
884 22 0 23 16 27 8 32 20 4 1615 169 296 766 
885 27 0 23 16 32 8 32 20 4 1385 995 1262 1685 
886 22 0 23 20 24 8 32 32 4 1310 203 1724 1646 
887 24 0 23 20 32 8 32 32 4 697 1271 1061 1425 
888 22 8 17 16 27 16 24 24 4 404 1059 1412 790 
889 27 8 17 16 32 16 24 24 4 994 1446 597 184 
890 22 8 17 24 29 16 24 32 4 843 319 137 153 
891 29 8 17 24 32 16 24 32 4 1638 1074 1605 1630 
892 22 8 24 16 27 16 32 25 4 616 635 130 1951 
893 27 8 24 16 32 16 32 25 4 1966 1680 961 242 
894 22 8 24 25 27 16 32 32 4 1930 975 905 407 
895 27 8 24 25 32 16 32 32 4 1665 931 94 531 
896 15 16 0 0 18 23 9 9 3 1945 239 1266 
897 18 16 0 0 24 23 9 9 4 1848 605 1131 593 
898 15 16 0 9 22 23 9 16 4 365 1529 1507 1336 
899 22 16 0 9 24 23 9 16 4 926 1114 112 220 
900 15 16 9 0 20 23 15 8 4 1197 1559 1796 643 
901 20 16 9 0 24 23 15 8 4 38 1359 1419 67 
902 15 16 9 8 21 23 15 16 4 1455 1788 128 667 
903 21 16 9 8 24 23 15 16 4 1580 1183 1426 880 
904 15 23 0 0 17 32 6 8 3 1200 1487 1779 
905 17 23 0 0 24 32 6 8 4 1986 1064 966 726 
906 15 23 0 8 18 32 6 16 4 1260 1771 1424 1012 
907 18 23 0 8 24 32 6 16 4 728 1541 1869 1391 
908 15 23 6 0 19 32 15 6 4 1078 1970 289 396 
909 19 23 6 0 24 32 15 6 4 1072 1300 300 1780 
910 15 23 6 6 20 32 15 16 4 890 548 1730 615 
911 20 23 6 6 24 32 15 16 4 246 993 1880 1169 
912 24 16 0 0 27 24 7 5 3 157 680 609 
913 27 16 0 0 32 24 7 5 4 762 882 641 1103 
914 24 16 0 5 27 24 7 16 4 1255 892 1445 536 
915 27 16 0 5 32 24 7 16 4 1657 625 471 1628 
916 24 16 7 0 25 24 15 9 4 1935 205 1568 855 
917 25 16 7 0 32 24 15 9 4 1500 611 1057 103 
918 24 16 7 9 26 24 15 16 4 940 520 1465 484 
919 26 16 7 9 32 24 15 16 4 467 738 1355 150 
920 24 24 0 0 27 32 7 6 4 1563 544 1222 179 
921 27 24 0 0 32 32 7 6 4 1972 493 850 146 
922 24 24 0 6 27 32 7 16 4 1383 1561 581 50 
923 27 24 0 6 32 32 7 16 4 1406 1276 1342 673 
924 24 24 7 0 28 32 15 10 4 352 891 749 1344 
925 28 24 7 0 32 32 15 10 4 772 1009 145 1946 
926 24 24 7 10 28 32 15 16 4 1767 551 1192 1018 
927 28 24 7 10 32 32 15 16 4 700 23 685 562 
928 15 16 0 16 17 25 8 24 3 571 21 606 
929 17 16 0 16 24 25 8 24 4 920 831 73 913 
930 15 16 0 24 19 25 8 32 4 212 1762 722 105 
931 19 16 0 24 24 25 8 32 4 1611 1219 253 935 
932 15 16 8 16 20 25 15 22 4 1576 915 1747 1281 
933 20 16 8 16 24 25 15 22 4 1754 1225 200 1353 
934 15 16 8 22 20 25 15 32 4 1772 408 741 1389 
935 20 16 8 22 24 25 15 32 4 474 277 646 411 
936 15 25 0 16 16 32 6 23 3 1553 956 96 
937 16 25 0 16 24 32 6 23 4 614 525 851 292 
938 15 25 0 23 19 32 6 32 4 1876 729 406 380 
939 19 25 0 23 24 32 6 32 4 1334 1395 1703 1218 
940 15 25 6 16 22 32 15 23 4 54 1337 1178 1048 
941 22 25 6 16 24 32 15 23 4 124 383 914 1852 
942 15 25 6 23 18 32 15 32 4 1886 552 632 1096 
943 18 25 6 23 24 32 15 32 4 1497 776 870 1376 
944 24 16 0 16 27 24 7 21 3 1604 1647 1749 
945 27 16 0 16 32 24 7 21 4 847 448 903 747 
946 24 16 0 21 26 24 7 32 4 587 908 1720 801 
947 26 16 0 21 32 24 7 32 4 838 1357 409 1543 
948 24 16 7 16 27 24 15 27 4 59 413 866 573 
949 27 16 7 16 32 24 15 27 4 514 1719 40 63 
950 24 16 7 27 29 24 15 32 4 348 1901 473 1034 
951 29 16 7 27 32 24 15 32 4 1776 869 495 388 
952 24 24 0 16 27 32 8 21 4 601 1565 299 1783 
953 27 24 0 16 32 32 8 21 4 1521 84 657 986 
954 24 24 0 21 28 32 8 32 4 833 1080 1051 983 
955 28 24 0 21 32 32 8 32 4 1179 1594 863 1905 
956 24 24 8 16 28 32 15 25 4 1029 1303 100 539 
957 28 24 8 16 32 32 15 25 4 1526 18 1546 223 
958 24 24 8 25 30 32 15 32 4 1614 969 1787 379 
959 30 24 8 25 32 32 15 32 4 689 196 783 272 
960 15 16 15 0 19 24 24 9 3 163 516 1263 
961 19 16 15 0 22 24 24 9 4 158 1027 1764 1956 
962 15 16 15 9 19 24 24 15 4 152 115 1215 911 
963 19 16 15 9 22 24 24 15 4 287 1578 1086 881 
964 15 16 24 0 22 24 32 7 4 636 1789 1188 1769 
965 22 16 24 0 22 24 32 7 4 1907 824 1398 586 
966 15 16 24 7 18 24 32 15 4 1666 1984 751 1728 
967 18 16 24 7 22 24 32 15 4 174 1524 1387 907 
968 15 24 15 0 16 32 24 6 3 1006 28 1510 
969 16 24 15 0 22 32 24 6 4 1116 382 1717 403 
970 15 24 15 6 17 32 24 15 4 506 1161 202 458 
971 17 24 15 6 22 32 24 15 4 981 214 742 896 
972 15 24 24 0 17 32 32 5 4 694 391 1364 329 
973 17 24 24 0 22 32 32 5 4 320 864 1 1585 
974 15 24 24 5 17 32 32 15 4 757 1608 276 1617 
975 17 24 24 5 22 32 32 15 4 1420 647 788 1095 
976 22 16 15 0 27 24 24 7 3 950 1125 1690 
977 27 16 15 0 32 24 24 7 4 1514 878 1675 1443 
978 22 16 15 7 25 24 24 15 4 1504 1921 1005 1014 
979 25 16 15 7 32 24 24 15 4 1323 954 979 1038 
980 22 16 24 0 24 24 32 7 4 1101 1506 912 1770 
981 24 16 24 0 32 24 32 7 4 1093 1550 1429 925 
982 22 16 24 7 25 24 32 15 4 1456 683 1462 1980 
983 25 16 24 7 32 24 32 15 4 1043 1155 1243 1721 
984 22 24 15 0 27 32 23 8 4 1205 1819 705 70 
985 27 24 15 0 32 32 23 8 4 414 1955 1411 1324 
986 22 24 15 8 24 32 23 15 4 1626 633 972 1738 
987 24 24 15 8 32 32 23 15 4 1909 442 107 585 
988 22 24 23 0 27 32 32 8 4 724 1915 1186 1503 
989 27 24 23 0 32 32 32 8 4 554 607 140 1872 
990 22 24 23 8 29 32 32 15 4 1768 1917 1712 1335 
991 29 24 23 8 32 32 32 15 4 16 1536 121 604 
992 15 16 15 15 19 24 24 26 3 476 1190 1007 
993 19 16 15 15 23 24 24 26 4 344 1033 1227 547 
994 15 16 15 26 18 24 24 32 4 813 123 1512 55 
995 18 16 15 26 23 24 24 32 4 1743 885 546 1032 
996 15 16 24 15 19 24 32 23 4 1981 1294 1508 706 
997 19 16 24 15 23 24 32 23 4 1671 1184 1058 809 
998 15 16 24 23 19 24 32 32 4 1011 302 982 1047 
999 19 16 24 23 23 24 32 32 4 600 1484 1327 865 
1000 15 24 15 15 17 32 22 22 3 1674 767 255 
1001 17 24 15 15 23 32 22 22 4 1440 1077 1826 1065 
1002 15 24 15 22 20 32 22 32 4 237 1881 1587 1919 
1003 20 24 15 22 23 32 22 32 4 1798 540 1849 1560 
1004 15 24 22 15 21 32 32 22 4 684 1726 1961 1525 
1005 21 24 22 15 23 32 32 22 4 1983 1694 1914 761 
1006 15 24 22 22 19 32 32 32 4 1142 1552 286 273 
1007 19 24 22 22 23 32 32 32 4 1175 674 1158 1854 
1008 23 16 15 15 29 24 23 21 3 117 1163 584 
1009 29 16 15 15 32 24 23 21 4 1629 941 1291 529 
1010 23 16 15 21 28 24 23 32 4 939 665 361 1661 
1011 28 16 15 21 32 24 23 32 4 782 670 1540 1696 
1012 23 16 23 15 28 24 32 22 4 1592 1998 934 1084 
1013 28 16 23 15 32 24 32 22 4 323 381 1727 1598 
1014 23 16 23 22 27 24 32 32 4 435 1314 721 1466 
1015 27 16 23 22 32 24 32 32 4 1591 1067 101 160 
1016 23 24 15 15 27 32 21 24 4 1639 510 1702 1060 
1017 27 24 15 15 32 32 21 24 4 844 1071 422 559 
1018 23 24 15 24 27 32 21 32 4 95 494 852 1028 
1019 27 24 15 24 32 32 21 32 4 1858 703 219 848 
1020 23 24 21 15 27 32 32 25 4 1030 346 309 1839 
1021 27 24 21 15 32 32 32 25 4 1963 420 1562 1893 
1022 23 24 21 25 27 32 32 32 4 644 671 1850 656 
1023 27 24 21 25 32 32 32 32 4 946 1415 1253 1421 
