128
128 0 0 0 0 0 0 2 1 5 5 5 4 62 7304 3768 12 4804 6010 1283 4 2942 9 7363 4787 4802 0 16 4805 2948 1282 10 2385 7931 3758 4793 1 3769 1477 2943 6011 7317 2959 7904 6022 15 6 11 2378 4786 7326 14 3 5 7340 4799 7288 7917 7930 7305 7362 5999 7285 7335 7316 7 88 2410 6078 3805 56 2415 2994 7986 7423 6134 
129 2 0 0 0 0 0 3 1 5 5 5 4 63 105 79 107 76 77 1906 2406 2404 7987 2396 1112 3807 104 7437 2405 2398 2407 6090 1907 64 7523 58 92 7468 7469 66 90 2984 89 7984 7503 67 3792 6102 7985 65 6091 91 93 7436 6082 69 80 6080 2995 3808 251 227 7667 229 240 248 225 260 7715 236 237 7719 249 226 7691 3106 239 
130 0 0 0 0 0 4 2 1 5 5 5 8 62 17 7905 2 7420 6079 6084 2425 57 7470 6093 6193 6173 3810 7422 6162 6085 3008 3816 94 3812 7442 4898 7524 6137 4892 6096 7424 6083 7421 78 7438 7525 3793 1903 6168 6103 1904 3817 6081 6169 6167 7507 3809 2411 4893 6166 3813 7443 3012 3006 2428 81 6141 6100 3806 3811 7449 68 1289 2414 7439 4899 
131 2 0 0 0 0 4 3 1 5 5 5 8 63 2413 3010 59 7473 1287 6135 7471 1902 1286 3009 3018 3011 2412 7476 7425 7477 6101 6140 3019 7444 2982 6192 1905 6092 3007 7472 1288 3013 3113 3105 7697 3110 6588 3095 6593 3109 7673 3089 7718 7714 241 7677 253 6589 3111 3112 7693 228 7692 252 3104 3094 7669 7676 250 7672 3107 7696 238 6592 3108 266 7668 
132 0 0 0 0 5 0 2 1 5 5 8 4 62 2949 5996 13 7309 2961 7919 7287 7337 7364 7915 7336 7347 7341 7289 3759 2945 6006 2379 5984 5997 7307 4803 2382 7369 4801 1285 2954 7313 2384 2955 7314 1887 2383 1284 5985 4791 1890 7332 2956 2958 1888 1889 1478 4792 3772 7327 2960 7914 7306 2944 1886 1891 4798 2983 1490 7504 4901 1485 2427 2997 1483 4888 
133 2 0 0 0 5 0 3 1 5 5 8 4 63 2996 3814 2416 1115 1892 1114 1894 1492 1898 1493 1113 7478 1908 106 1918 1916 7508 7505 1290 1484 1893 1482 1895 1909 2399 7445 6163 2426 108 2401 1913 4900 4870 1912 3020 1917 1491 3815 4882 7474 4881 2417 2397 1899 7500 6191 6164 6138 6142 110 111 7717 265 7720 7695 264 7716 7694 263 3088 261 262 267 
134 0 0 0 0 5 4 2 1 5 5 8 8 62 7365 7292 7345 7310 6023 7334 6021 7366 6007 8 7918 7343 7291 7932 6013 5986 7907 7348 7308 6019 7346 6024 4800 6025 6012 7290 7312 6008 7330 7349 7344 6020 7311 7331 7333 7293 7908 5998 6009 7329 7368 6001 7933 7916 7315 7328 6000 7906 7367 7286 7342 7427 6107 7480 6175 7447 7506 7441 6095 6143 7501 6086 
135 2 0 0 0 5 4 3 1 5 5 8 8 63 4897 4884 7510 6170 6165 6139 109 6089 6094 7479 6171 6104 4890 7448 7446 6144 6087 7426 7502 6098 6174 7509 4889 7481 7511 6106 4885 7475 7440 4896 6195 6196 6190 6136 4871 4894 4891 6145 4895 4880 6088 6197 4883 6198 6176 6099 6108 6172 6194 6105 6097 6590 7721 6594 7674 7675 7722 6591 3092 7671 7723 6595 7670 
136 0 0 0 5 0 0 2 1 5 8 5 4 62 3763 7359 3764 7912 7386 4809 4808 7925 7354 6015 4796 4810 3760 6016 6002 7370 7380 7375 6014 7934 7377 7324 7318 7909 7376 7928 5991 7294 7911 7924 7371 7352 7358 7353 7929 7355 7921 7387 5987 7319 5990 7381 7295 7920 6157 6118 6114 7532 6156 7489 7518 4910 2998 7530 6122 7483 6148 4878 6199 3016 2986 6115 
137 2 0 0 5 0 0 3 1 5 8 5 4 63 6109 7451 6236 4905 7988 7994 2420 6182 6238 2402 7433 7516 1488 7519 7526 1486 6243 7428 6237 7512 7495 7482 7457 3821 7450 3014 3000 4904 7494 6242 7429 3820 7533 6123 7462 7990 7452 7488 7520 2421 6240 4911 95 7989 7531 6239 7528 7995 6640 3098 3114 6633 7703 3100 7679 7678 6641 6603 7702 7698 7683 6634 7680 
138 0 0 0 5 0 4 2 1 5 8 5 8 62 4877 3017 1489 103 7992 100 2988 62 83 7456 3015 116 3819 7463 6110 74 7529 3002 72 60 6241 3001 70 118 6146 2987 6245 4902 7993 7465 87 7991 114 7496 7453 2419 3818 3003 6126 3822 85 6128 99 6235 2422 82 4908 101 7497 75 6183 7430 6124 73 7432 61 86 2423 4903 6111 115 6177 
139 2 0 0 5 0 4 3 1 5 8 5 8 63 7464 6147 6119 6125 1487 2999 4909 6129 4876 63 71 84 3823 119 102 6127 2418 7685 272 274 270 258 6596 235 257 256 244 233 7684 7688 231 6639 255 242 246 247 3115 3097 245 3090 6605 7711 7681 271 7689 6597 3093 3099 6604 254 243 234 7682 3101 259 275 3096 230 232 6638 7710 6635 273 
140 0 0 0 5 5 0 2 1 5 8 8 4 62 7303 2953 7372 2376 2946 2381 7922 7378 4812 7302 7325 6003 4811 2947 2386 2951 7356 5992 7927 4794 2952 6027 2380 2377 2950 6017 4806 7360 2387 3761 2957 4807 7913 4790 7382 6026 4813 3773 7373 3767 7299 5988 3771 4795 7351 7935 3765 3770 7350 4797 7357 4788 3766 2991 7517 3802 3005 3799 7514 3794 3800 7431 
141 2 0 0 5 5 0 3 1 5 8 8 4 63 2993 6113 2985 2990 6200 3798 2989 7513 7527 6112 7484 4907 6149 6150 1900 1914 1915 3804 6204 3803 1910 4879 2409 2408 4887 3801 2400 6184 3021 1911 7454 1896 3795 6131 7515 2429 1901 2424 2403 4912 7466 6154 7485 113 7458 6186 6151 6185 7686 7704 7705 7725 6598 6600 7687 7733 7730 7732 7699 6599 7712 7724 7729 
142 0 0 0 5 5 4 2 1 5 8 8 8 62 7379 5989 7321 7383 7936 4789 6004 5993 6018 6049 7323 7298 7339 7297 7937 7322 7338 7910 7926 3762 5994 7361 7374 7296 7320 5995 7301 7923 6005 7300 7384 7385 6187 7459 6209 7996 7487 7434 98 6116 6180 6155 7521 7467 6120 6152 96 7460 7522 6159 6178 7997 7455 7486 6201 6244 6132 6202 6158 2992 6181 4874 
143 2 0 0 5 5 4 3 1 5 8 8 8 63 3004 4873 6117 6207 4886 3023 7490 7435 117 6189 7492 97 112 3022 6161 6208 7499 6153 6121 4906 6179 3797 6188 6133 3796 1897 7493 6160 4872 6203 7498 7491 7461 6206 4875 6205 6130 268 7701 7728 6587 7731 7690 6601 6606 6637 7708 6636 7726 7706 6602 7713 6586 3102 7707 6607 7709 3091 7727 6608 269 7700 3103 
144 0 0 5 0 0 0 2 1 8 4 5 5 62 2963 7941 2391 2976 26 7408 2965 3781 3789 1480 1481 7404 2977 7405 2390 24 2962 6057 4823 2964 7938 7970 7389 4838 4824 3788 6028 7388 20 2394 6067 6065 7954 7968 7394 7939 4839 7395 7942 7971 7565 4984 3840 7537 7561 7571 3867 3862 4982 3866 4962 3855 3041 4939 4913 4994 4956 7603 7569 6267 1929 1928 
145 2 0 5 0 0 0 3 1 8 4 5 5 63 4990 3854 2431 4955 7534 1494 6311 4963 7998 6210 4923 4929 6313 3857 6310 4983 6312 7999 6253 3863 4935 7566 3841 6216 3826 3836 4957 4991 3824 4995 7535 7541 4928 280 282 6706 6676 6677 6611 6708 6668 6710 6734 7741 7770 6709 7740 6617 3133 3155 6716 310 6648 6673 7748 6614 6717 6729 6725 6666 6609 6711 7744 
146 0 0 5 0 0 5 2 1 8 4 5 8 62 6029 27 7969 7952 7567 7564 2430 7560 6308 7604 2443 7562 2442 6304 3825 3837 4915 3856 3865 6255 3864 4914 6299 7602 6212 7594 6248 6214 6271 7540 6217 3827 7598 7599 7595 4922 6251 6266 4930 7542 6275 6246 4936 4980 4938 4931 3040 6211 6303 6250 6247 3039 6213 6215 4981 7570 3026 7563 6270 4998 4937 6274 
147 2 0 5 0 0 5 3 1 8 4 5 8 63 3034 7543 7605 7536 3027 6298 6254 3035 6315 6249 6736 3118 3157 6678 6686 6667 6646 6719 6643 6616 6720 6613 3150 3137 7750 3151 6718 3156 6727 7775 6618 6610 7745 6726 6669 6653 6721 6687 6647 7749 6737 6674 6728 6650 6685 6615 6680 7742 7747 6681 6679 6649 6707 283 6684 6612 6619 6672 7774 6642 6652 6735 7771 
148 0 0 5 0 5 0 2 1 8 4 8 5 62 3786 4825 4817 6035 2395 4840 6066 22 2389 7396 23 35 6030 3790 6050 48 34 46 7955 4818 3787 7406 50 1479 2968 38 2967 25 32 4815 36 21 7397 6034 37 7409 6031 2388 3791 6032 47 33 49 7953 121 1922 141 137 6305 2436 123 136 125 3036 2433 4992 3838 120 2432 138 1923 1919 
149 2 0 5 0 5 0 3 1 8 4 8 5 63 153 3839 126 122 154 3028 156 1291 143 7607 4959 4926 139 155 6268 6218 3024 4993 4958 6306 142 4918 6221 7600 140 4927 6317 4916 124 157 6269 7606 2434 7573 301 281 295 297 7776 6738 3119 276 6730 3131 7743 312 6731 3117 6670 313 298 314 300 279 6724 293 277 299 311 294 3116 296 278 
150 0 0 5 0 5 5 2 1 8 4 8 8 62 7973 7412 7411 7943 7407 3779 3780 4822 6069 7956 2969 4819 7972 7957 6036 7390 7398 39 7399 7391 2970 7410 7413 3778 4821 6037 4826 6051 2966 2971 4841 4827 51 6068 4820 6033 7940 6307 6220 7538 7596 7539 1921 3025 127 4917 4919 4961 7597 4960 3842 6219 7572 4924 7568 7601 4934 6316 4985 6276 1920 4999 
151 2 0 5 0 5 5 3 1 8 4 8 8 63 3845 4920 4996 4933 6302 3843 6301 2437 6319 2435 3029 3847 6318 6273 6252 6272 4932 3846 4925 1495 6309 4921 6300 4997 3844 6644 6675 6651 6683 7777 3138 6712 6733 7778 6722 7746 7779 6620 6655 7772 3158 7751 3139 315 3136 6671 3130 6715 6714 6682 3135 6645 6740 6739 6732 7752 7773 6621 3132 6723 6713 3134 6654 
152 0 0 5 4 0 0 2 1 8 8 5 5 62 3783 7392 2978 7400 7974 3774 3775 7417 7963 3782 6055 7980 28 2981 7958 2974 6059 2979 7981 6073 4842 7975 6060 7962 7959 7401 19 6074 4814 7414 6045 18 6054 6061 6077 7948 7949 6058 6076 6075 6292 6291 7580 7547 2445 3037 3859 6290 3042 3849 6230 3833 2438 7622 3828 3829 7581 2444 4965 2441 3860 7614 
153 2 0 5 4 0 0 3 1 8 8 5 5 63 6323 7576 7578 7615 6277 6222 6229 6286 7585 6332 7610 7589 6261 7584 7590 7623 6279 7620 7574 6320 6263 6223 6333 7544 6689 7780 7767 3154 6688 6751 6657 7782 6703 6699 6702 6701 3142 3125 284 7753 6625 7756 6691 7795 6622 7786 6744 6629 7735 6656 7758 6755 6756 3159 6658 7755 7737 6698 3152 3122 6746 7759 287 
154 0 0 5 4 0 5 2 1 8 8 5 8 62 30 29 7415 7577 7579 7545 5011 6321 6329 6226 7549 6322 6256 3030 3043 6264 6335 6234 7621 4987 3038 3871 6258 7591 7611 3031 6225 7575 5003 7608 7546 5001 6265 4943 3032 6280 5004 6281 6259 7582 6231 7557 7550 7609 7616 4988 7554 6314 6285 6294 4969 6257 7551 7548 130 4977 6331 6287 4968 6295 4986 6284 
155 2 0 5 4 0 5 3 1 8 8 5 8 63 6278 131 3870 128 7556 6262 6334 5000 7555 5002 4964 6330 5010 7588 135 4942 6224 7583 7765 7792 6632 7789 7734 6628 6743 7761 6750 6664 7788 6665 6697 6759 6663 6660 7738 7784 6700 3143 7736 6661 6749 7764 7754 7739 7783 6757 6659 6692 6662 6742 7760 7781 7787 7793 6758 6696 6748 6623 285 7766 6745 6624 6690 
156 0 0 5 4 5 0 2 1 8 8 8 4 62 6062 7947 2392 4843 7977 7978 6043 7944 6056 4831 6052 6040 4835 4834 6064 6047 2980 4844 7964 3776 3777 4846 6063 6071 7945 3785 7416 6046 7960 4816 4830 2975 7961 7950 4847 7966 7976 7393 7965 7979 6070 7946 2393 6042 7403 7402 40 4828 3784 3832 6296 3869 7558 6293 5005 5009 4947 5006 6288 5008 7553 3850 
157 2 0 5 4 5 0 3 1 8 8 8 4 63 3033 3835 4975 6297 3851 1927 7612 2439 4941 4970 3872 3834 4974 7586 3852 2446 3861 6227 7617 6324 3873 1924 3868 3858 4972 7552 6328 7559 7613 6289 144 129 4950 4946 5012 6325 6232 7587 7769 6754 6747 6704 3124 7763 6626 3140 6705 3129 6693 3144 7791 7762 7785 3145 6752 7757 7790 3123 6627 7768 3128 3126 3153 
158 0 0 5 4 5 4 2 1 8 8 8 8 62 4837 6048 4836 6072 2973 54 6044 6053 52 7419 4833 6039 6041 4845 6038 42 45 7983 4832 53 55 4829 43 7418 7967 7982 7951 2972 31 41 44 6336 145 6233 3830 4951 7618 7593 147 2440 4973 4952 5013 4979 3848 159 132 3831 3853 1926 6337 5007 152 4966 158 146 134 162 7619 4945 4971 4978 
159 2 0 5 4 5 4 3 1 8 8 8 8 63 4940 6326 7592 2447 4954 1925 4989 150 161 4948 148 149 4949 163 6260 6282 4967 151 133 4944 6283 6327 4976 6228 4953 160 3120 3149 291 289 6741 305 309 6761 6753 6630 304 6694 7796 303 7797 3147 316 306 317 6631 3141 3146 302 290 6760 292 3127 3148 307 6695 308 318 319 288 7794 286 3121 
160 0 1 0 0 0 0 3 8 4 4 6 4 62 167 2461 2448 6357 6341 7624 164 6373 7625 6371 7630 166 6356 3051 1932 3876 7629 3877 1936 1116 3874 6369 3890 3050 165 1937 1117 2449 899 2020 1595 1130 1131 214 898 1971 320 1550 841 1505 901 3266 1128 1553 1541 2530 1121 6791 1315 2531 1551 843 2602 980 840 2592 1297 3267 1296 418 1574 1322 
161 3 1 0 0 0 0 3 8 4 4 6 4 63 417 860 1317 2622 2522 3274 5518 321 3180 987 6795 2493 6480 803 6771 900 1592 6462 215 2008 1600 2062 1304 6522 2023 1593 6469 6775 416 5520 216 6569 981 5516 828 328 6457 224 6479 3958 3948 6461 6470 858 1119 322 6762 1563 3976 338 3181 3185 2009 2550 2494 6773 329 5507 978 6540 6481 6472 2069 
162 0 1 0 0 0 4 3 8 4 4 6 8 62 4849 7631 4851 7628 4848 4850 6392 6370 6339 6338 5491 6487 6792 6463 1510 6763 5508 6764 6565 1122 6777 349 6765 348 6465 6774 6793 2495 6770 6474 6488 5521 6473 217 6468 323 6790 6477 5312 2552 6776 6541 6772 3977 6471 3974 3184 339 6535 6534 6532 2551 6794 5313 6489 3975 5330 2492 1564 1125 2553 1298 
163 3 1 0 0 0 4 3 8 4 4 6 8 63 6475 5519 5358 6523 5517 1981 5354 1565 3161 5314 2001 6458 3176 1124 3173 5490 6562 6520 5331 3164 2548 5340 6561 3162 2546 6566 5335 6528 1979 6533 1511 1123 5355 6567 1299 6529 6478 6460 6572 6486 2485 1562 6521 2000 3163 1314 1980 6563 1316 3170 3177 1324 6459 5359 3165 3946 5341 2024 6568 2025 6530 5315 3160 
164 0 1 0 0 6 0 3 8 4 4 8 3 62 6358 2456 2451 6393 3889 1500 5027 4855 2469 3875 2463 1497 1496 2457 1499 1502 3060 1946 1498 1941 1947 1931 3055 3045 1933 1501 5026 1292 1930 2450 3054 3044 1503 3888 2462 1943 1942 2468 1525 1300 1504 1545 1312 1982 2076 1552 1325 1566 1598 1567 2538 2081 1575 2623 1129 2523 2061 1543 5509 2591 3275 1319 
165 3 1 0 0 6 0 3 8 4 4 8 3 63 1601 1555 1521 3272 2604 2005 2004 1120 1520 1965 2547 1554 1506 2489 2022 1512 1576 2549 2488 2484 1305 1301 2075 2593 2603 1513 1596 1126 1597 1542 2068 2590 1313 6570 2077 3262 3172 3182 2074 1577 1983 2021 979 986 2063 3273 2060 1602 6531 1323 3171 984 1318 1972 2070 3261 1524 1594 5506 1544 6778 1964 1507 
166 0 1 0 0 6 3 3 8 4 4 8 8 62 4854 4857 6359 6342 5051 6361 4856 3891 6362 5029 4853 5041 5050 6347 6344 6372 5053 6340 3895 6376 6375 5014 4868 6391 5028 5040 6374 6360 6395 4852 5049 5052 3883 6390 5039 3894 5048 4869 5017 6394 6377 6345 3882 6343 5015 5016 5038 6346 6363 6536 6796 5511 5343 5360 6525 5493 5501 5311 6484 5499 5344 6545 
167 3 1 0 0 6 3 3 8 4 4 8 8 63 5317 6492 5339 5356 5310 6483 5357 5361 3962 5365 5338 6544 3183 6542 3956 6538 6526 6797 6466 6537 6485 3256 5498 5500 3957 6539 6476 3263 6467 6524 5332 6491 6527 3947 5336 3269 5342 3963 6464 5362 6543 6571 6482 5309 6490 6564 6779 3277 5492 5510 5334 5363 3257 5364 3268 5333 5316 5337 3949 3964 3959 1599 3276 
168 0 1 0 4 0 0 3 8 4 8 6 4 62 7627 3885 3063 2458 6379 7633 3065 6350 2464 3884 6353 2465 5018 5019 3061 7637 3064 6400 7626 7632 7635 3892 6397 3886 3880 6382 6378 3887 6405 3881 2466 2452 3066 2454 2453 1573 2605 810 808 822 3980 1547 2600 2030 798 845 809 844 2618 3982 2597 6584 2543 801 1603 1320 2539 800 1973 2626 2596 1303 
169 3 1 0 4 0 0 3 8 4 8 6 4 63 2536 842 2544 2598 2608 2615 802 3985 799 811 2601 2537 1302 1975 1559 3983 2501 2010 1321 1557 2017 1514 3987 2556 2499 3991 6493 1516 6550 2012 3950 2529 6506 1986 2621 1976 829 6806 6549 6498 812 6556 6789 1604 5522 6781 1605 3984 859 3992 813 6585 6784 5350 6767 6768 5523 2011 2614 2557 6507 3993 861 
170 0 1 0 4 0 4 3 8 4 8 6 8 62 4865 4864 6351 4859 4858 5031 6404 5030 6401 6798 6499 6783 6785 351 2558 6496 7800 6553 2541 6557 6883 218 3978 419 7799 2018 2019 6512 330 6800 6769 7801 6799 6782 3954 5497 219 324 332 6497 1517 2014 6494 3979 6503 6766 1558 2559 6807 7798 6787 1518 344 342 326 340 335 5318 2026 341 6780 6514 
171 3 1 0 4 0 4 3 8 4 8 6 8 63 221 6513 352 350 354 6495 6504 333 2015 331 1515 3167 6801 3986 6580 343 6516 220 222 347 1974 6573 2027 327 345 6515 5319 2013 6802 355 6578 6505 357 3951 353 336 334 6546 5345 325 6558 356 5326 6517 5346 6581 5496 3166 2006 6559 6788 6548 346 6579 2003 6547 337 1569 223 1568 2498 3990 2500 
172 0 1 0 4 6 0 3 8 4 8 8 3 62 2459 1940 5033 3896 1934 5044 1948 3879 5022 5046 3057 3047 1938 5054 1944 2455 3898 6383 1949 2467 5021 6348 6398 5032 1939 3049 3893 3059 3056 3067 3052 3058 3046 3048 2460 1945 1935 1977 1606 2599 2032 2071 2610 1519 1968 1522 1556 1508 1509 1523 2627 2524 1978 1561 2028 1969 2487 2619 2033 2611 2080 2594 
173 3 1 0 4 6 0 3 8 4 8 8 3 63 2029 2620 2031 2533 3961 1967 2613 2065 1970 2526 2525 2534 2527 2064 1572 3988 1526 2532 2496 2490 1546 2002 2612 2542 2535 2078 2545 2606 2595 2528 3965 6501 5366 1984 5524 2066 6803 6551 1560 5370 1966 2609 1570 3168 2625 3175 6518 2067 2617 3994 2607 1607 1548 1987 3981 2497 1571 3179 2073 3989 1985 3955 1527 
174 0 1 0 4 6 3 3 8 4 8 8 8 62 4861 4866 4860 5020 3053 3897 6380 6349 6364 5037 6399 5057 4867 4863 5036 6368 5055 6407 6354 5056 6402 5045 6352 3062 3878 5025 6367 4862 7634 7636 5034 5047 5042 6403 5035 5023 6355 6365 5024 6366 6396 5043 6406 6381 5505 5368 5515 5504 3264 5526 3995 5347 5525 3279 5321 6508 6554 5512 3259 5503 6511 3178 
175 3 1 0 4 6 3 3 8 4 8 8 8 63 6577 3260 6786 5495 6808 5494 5367 3278 6576 3270 5348 6809 5369 2486 6582 5327 3258 2540 6552 5323 5352 3265 6555 5514 6804 5324 6574 6509 6500 6502 5513 6519 5320 3280 5353 5349 2554 2624 5328 6805 6510 2079 3271 6583 5502 5322 2072 6575 3952 3169 5325 3960 2491 2016 5329 6560 2616 3174 1549 2007 2555 3953 5351 
176 0 1 4 0 0 0 3 8 8 4 6 4 62 182 6449 7659 1294 5058 6448 6440 168 6385 6433 6384 172 3083 6441 6419 174 7658 7649 6426 170 5059 7639 3929 1962 5078 3082 3934 169 6418 7638 2480 171 178 3936 3076 1295 1133 1609 823 906 1613 1341 836 838 880 2633 372 855 867 1336 871 881 877 862 1578 1615 902 866 420 1590 876 1579 
177 3 1 4 0 0 0 3 8 8 4 6 4 63 373 982 852 426 6813 806 5416 854 846 1306 361 870 849 1326 847 3968 3311 807 1584 5537 1996 905 2040 6847 6868 5535 2503 376 848 6872 1614 3235 378 358 374 421 904 832 363 1132 6848 907 2094 989 2098 830 6849 3310 5405 1337 5392 5420 5396 2095 1329 5431 2099 6810 6826 5528 360 834 903 
178 0 1 4 0 0 4 3 8 8 4 6 8 62 5063 7641 185 7640 6427 6389 175 7648 184 173 5379 2560 430 6873 3202 379 6871 5546 6869 377 432 5417 6814 5466 5414 6812 362 5381 2568 7803 6846 5397 5432 6830 6829 3281 5467 6815 3186 433 7802 5380 6827 5530 2582 5529 5547 3203 2561 6816 6811 5393 5421 5378 3966 2569 6850 5456 5453 5433 3197 5415 
179 3 1 4 0 0 4 3 8 8 4 6 8 63 6817 5430 5461 5399 5395 5451 5404 5423 6831 5458 5426 2583 5400 5549 3213 6851 3224 3967 5434 5402 2035 2054 2048 3236 3225 3247 3249 5462 3244 5457 5450 5427 5401 5468 2041 5459 5407 5463 5435 3204 5422 3201 5398 5452 5469 3198 5394 5403 5406 3200 3234 3998 3237 2507 2055 2502 2034 2504 3245 2049 3246 2512 2513 
180 0 1 4 0 6 0 3 8 8 4 8 4 62 1953 3902 2473 6429 6428 5065 193 5060 3084 3910 6443 5085 204 1118 206 3899 2472 6445 181 1952 3935 1951 1957 3087 191 1956 192 1963 205 3085 3086 5084 179 207 195 190 180 3077 6444 1293 3068 2481 183 3069 1950 1626 985 1127 2082 2057 1997 1338 1585 1340 1534 409 431 1993 2100 422 1339 1992 
181 3 1 4 0 6 0 3 8 8 4 8 4 63 1627 393 2505 2088 1586 2043 1587 1308 1528 359 1307 2089 3969 407 3298 2506 438 2634 427 455 391 1581 1529 2083 2042 1327 375 2635 1621 2579 390 428 439 443 453 423 440 988 2056 3299 441 1991 406 3997 1620 1330 394 2101 1580 429 6870 454 1535 1608 1610 392 452 1591 5419 3187 1540 1611 2515 
182 0 1 4 0 6 4 3 8 8 4 8 8 62 3075 5068 5087 3937 6447 5086 3911 194 5067 5061 208 6408 196 6430 3917 3074 6388 6432 5064 1955 6386 3072 6450 6420 6446 5069 5066 6421 6387 7650 3901 2474 3073 6451 3915 197 6431 3913 3916 6409 209 5062 6442 7660 3912 3903 1954 3900 3914 3301 3285 1583 3220 1533 3287 410 1619 3289 3282 3214 3221 5548 
183 3 1 4 0 6 4 3 8 8 4 8 8 63 5538 3219 6852 5536 5454 5425 457 380 3288 5551 5424 2050 424 1309 3205 6828 5470 2637 3283 5464 3206 395 5531 456 442 3222 3284 5455 1618 5550 1622 3218 3972 3216 3970 3300 3318 2638 1532 5428 5429 3199 5465 5460 2636 5418 3290 408 2639 3996 5539 3286 1343 3319 1582 3207 3973 1342 3215 3223 3217 3971 3999 
184 0 1 4 4 0 0 3 8 8 8 6 4 62 6452 6438 7642 2483 7646 3904 7661 7651 3918 3908 5075 6412 6434 6422 2479 6423 7645 5083 3931 5080 3942 6425 5079 5082 3943 6436 6424 5071 2482 3905 2475 3906 878 884 815 2085 833 831 839 2521 2103 874 2096 2084 875 869 819 835 1998 873 882 2036 3242 883 865 6834 2588 6843 2644 2584 851 2516 
185 3 1 4 4 0 0 3 8 8 8 6 4 63 857 837 3293 850 3302 2649 818 3321 6823 872 2578 3254 6819 868 3291 3239 853 821 2646 2629 2571 856 864 2091 3313 1331 2517 2580 1333 1335 3189 2565 983 2585 2645 2589 5388 6838 6818 817 6844 879 5384 6864 2102 2037 1617 3238 6832 863 885 7805 1616 816 814 3303 2628 6861 6876 6845 444 6854 820 
186 0 1 4 4 0 4 3 8 8 8 6 8 62 7662 7643 5089 188 7654 7666 176 187 186 6413 6435 6439 7647 177 7656 5532 381 5437 6853 6858 6839 7804 5473 2566 6884 3320 5527 6856 6820 5389 5387 5385 425 6886 434 6833 6855 366 435 6875 6822 6859 6881 6840 5391 364 6879 6865 6874 5474 2567 6821 5476 1328 5544 5443 3194 5440 5472 5534 2581 437 
187 3 1 4 4 0 4 3 8 8 8 6 8 63 6877 6887 3192 6882 5436 6857 3208 436 5413 6841 3193 5478 3195 5408 5484 6867 3248 5552 5412 365 5441 5446 5382 3209 367 6836 5481 5477 5556 6878 369 5480 5410 5486 3240 6837 5386 3252 3188 5409 5447 6860 5485 5383 368 404 2059 3210 3241 2052 5411 5438 2511 6842 2586 3253 2514 3211 5487 2058 5390 1999 2570 
188 0 1 4 4 6 0 3 8 8 8 8 4 62 7652 7663 3932 3939 3923 6454 7644 5076 1961 3071 3081 5073 1960 2471 1959 3940 6453 2470 3945 2476 7653 3922 5088 3919 3079 3920 3907 5072 6437 3909 5093 5081 3944 3080 3070 3078 5092 3930 3933 3938 3314 3325 6835 2641 3243 2518 1989 3255 2038 3315 1988 1588 2093 2650 2039 2562 2573 1623 2087 5442 3250 3317 
189 3 1 4 4 6 0 3 8 8 8 8 4 63 3324 3230 2572 3312 1625 2640 5448 3316 3322 2647 1589 2086 3226 2092 3190 2519 5479 2510 2046 396 2648 3296 1334 1311 3227 5533 1612 5542 1537 5444 5374 1530 1310 3251 2575 1344 1531 5439 1538 5449 5482 3323 2642 2576 2051 2587 411 3304 458 2643 5445 5483 5555 2044 2520 1990 3308 6862 3231 5371 2651 3297 2574 
190 0 1 4 4 6 4 3 8 8 8 8 8 62 3941 1958 210 3921 3925 7655 5091 2477 5070 6411 3928 198 202 5074 213 5090 3924 211 200 6417 6456 7657 6410 212 7665 5077 6415 203 3927 201 6414 6416 6455 189 3926 199 2478 7664 6866 3294 3309 445 3305 449 5475 1539 6885 1624 6880 5372 5554 3292 387 3232 412 414 6863 3307 383 6825 459 2577 
191 3 1 4 4 6 4 3 8 8 8 8 8 63 384 385 3295 5545 5488 403 447 460 448 2630 5489 400 382 451 5540 5471 5557 5541 398 3233 5376 3191 6824 450 446 3306 3196 2631 388 2097 405 461 1536 1994 3228 5373 5375 2509 401 2053 413 370 2090 2045 397 415 1995 3212 389 3229 2564 2632 5543 5553 5377 2047 399 402 2508 371 386 1332 2563 
192 3 0 0 0 0 0 4 2 5 5 5 6 62 5096 4051 4075 5250 5271 5257 5099 4050 4074 5253 5117 4091 5273 5142 5256 5270 5143 5252 473 464 579 996 2130 491 3354 489 580 6888 570 503 578 474 3355 466 4351 2105 4470 591 6952 478 7827 475 3327 476 2104 601 463 477 7234 6890 488 6919 7809 925 479 4471 7830 568 5797 467 500 581 
193 4 0 0 0 0 0 8 2 5 5 5 6 63 465 5756 4350 567 569 6889 5720 577 5558 7226 5747 2109 5576 571 5559 472 6950 1631 566 462 5706 2662 2131 4318 3332 7004 490 5721 923 5718 992 6891 997 5804 7834 7214 5577 4356 7235 7828 7227 6958 502 7225 7224 5757 7831 4352 7806 6892 5719 5700 924 5762 5707 5560 7812 5602 5782 7826 576 7813 1673 
194 3 0 0 0 0 6 4 2 5 5 5 8 62 5297 4058 5151 5306 5295 5301 5272 5150 5296 5307 5261 5097 5095 5260 5121 5259 5300 5265 5294 4105 5251 5258 5094 2106 2663 6959 5603 6908 5802 4319 7829 4320 5763 5701 5803 6909 6916 5714 7835 3353 5708 5715 5783 6900 6917 7000 5748 6964 4321 3335 6953 5788 6895 4353 5710 5596 1632 5561 7032 7807 5805 6970 
195 4 0 0 0 0 6 8 2 5 5 5 8 63 2128 2110 6994 5750 1346 6893 3337 3350 6910 7005 2138 3338 5740 3326 3333 4472 5599 5742 4473 4433 2690 7006 5709 6951 2137 5743 6911 2139 5703 6894 6918 3336 4357 2670 3352 4432 1672 2660 2111 4434 7001 3351 3334 5764 5751 7012 1347 5741 4435 5749 4431 6971 6965 6901 1633 5702 6995 5789 2136 5597 2129 6902 5796 
196 3 0 0 0 5 0 4 2 5 5 8 5 62 4107 4053 5268 5133 5263 5101 5119 5254 5147 5153 5262 5100 4106 5118 5132 4095 4057 5146 5267 4076 2661 1630 1143 3339 994 1670 2107 1637 2657 1350 2672 3329 3328 5816 1348 7028 7216 7215 1144 6913 1679 1351 4448 6897 4342 7007 4462 501 1671 6962 7832 4463 5589 2691 7003 990 6960 3356 6903 7008 5579 5817 
197 4 0 0 0 5 0 8 2 5 5 8 5 63 6904 5819 7034 1345 7217 2673 6922 7218 512 1142 5765 6905 7013 7029 1150 7009 1151 6957 7833 5712 5753 995 7010 4343 5717 5605 5793 4478 7035 6996 6914 1137 1149 6963 6974 5723 922 4479 1157 6920 5766 5794 5744 993 6915 6923 5754 4336 1156 6898 1148 6961 6906 5562 1134 1136 7011 5818 6997 991 1135 6966 7014 
198 3 0 0 0 5 5 4 2 5 5 8 8 62 5302 4054 4104 4067 4094 4069 4059 5098 4078 4056 5145 4077 4052 5255 4103 4108 4066 5308 5149 5305 4055 5148 5275 4102 4060 5303 5274 5298 5269 4093 5144 5266 5264 4068 4079 4065 5120 4109 5152 5304 5299 4092 5755 4344 5606 4337 6998 4323 6899 5795 5601 4474 5578 5746 4475 6972 5760 5745 5705 5800 5785 5607 
199 4 0 0 0 5 5 8 2 5 5 8 8 63 5784 5759 4338 5790 6954 5716 6907 6896 5722 7808 4324 4354 7015 6967 4345 4476 5801 6969 5590 5806 6999 6968 5799 5786 4325 5807 4477 5711 5758 4449 5767 5563 5704 4359 5598 4430 5604 5787 5600 6956 6921 7811 7031 5792 7002 4355 6955 6975 5752 6912 4358 7030 4339 5761 5791 2671 7810 4322 7219 5798 5713 6973 7033 
200 3 0 0 5 0 0 4 2 5 8 5 6 62 5276 5155 5288 4114 5154 5280 5130 4070 5115 4071 5277 5112 5127 5287 4089 5114 5157 4061 4328 4367 6935 6932 5770 5609 4458 4346 7850 4371 4480 6977 6989 5612 6942 5591 6978 6927 7024 5768 7815 3348 3349 7851 4327 5618 7840 3345 504 6979 6944 7222 5613 7221 5564 3358 7818 7814 6943 3342 6925 3344 6988 5724 
201 4 0 0 5 0 0 8 2 5 8 5 6 63 582 3357 3346 7836 4326 6933 2108 5777 492 592 481 5735 7228 4482 7845 6984 4481 5619 4329 3347 2692 482 6976 5616 998 999 2654 573 593 4368 4460 1634 583 469 5610 585 3343 6928 595 7841 602 5730 507 495 5725 1349 6945 7223 7816 7819 4486 7229 604 7837 471 493 607 2113 6980 5726 605 7018 2112 
202 3 0 0 5 0 6 4 2 5 8 5 8 62 5159 4081 5111 5156 5103 5158 4063 5104 4110 5126 5137 5136 4086 4098 5102 4080 5289 4099 4062 4115 5286 5281 468 3340 584 598 596 5731 588 7233 594 7230 5734 7016 4436 494 506 4442 496 6924 6934 7046 510 483 589 5769 587 7859 5572 498 508 5820 7019 6981 487 586 4456 5808 5585 599 4366 2668 
203 4 0 0 5 0 6 8 2 5 8 5 8 63 5608 7231 4360 5736 597 7824 3341 600 7825 5809 5727 6926 5617 2669 5593 2125 4361 4370 5737 5584 5611 2134 4369 2655 5771 5573 486 572 4451 505 485 5592 470 603 4483 5565 511 6929 480 509 4457 4450 4365 7232 497 7817 7036 4437 4438 484 2141 590 2140 575 574 7017 4364 1674 2667 5566 4443 2664 499 
204 3 0 0 5 5 0 4 2 5 8 8 5 62 4084 5284 5279 5292 5107 4088 5283 4101 5129 5113 4073 5135 5134 5131 5140 5105 4111 1146 1677 1639 1628 1678 1638 1635 1640 1158 1629 1636 1668 1680 1683 1682 2656 2652 2665 2659 1676 1681 2666 4334 3331 7037 1145 7042 1675 1669 4332 7820 7047 7025 4347 4335 1154 4447 7043 5567 2132 4461 1153 5615 5822 1159 
205 4 0 0 5 5 0 8 2 5 8 8 5 63 4459 1147 5812 7842 5580 1141 4333 1155 7023 5595 1160 6985 1161 2653 7846 4348 7048 5581 4485 5774 5729 7821 7040 5823 5815 5826 1138 5824 1152 7843 5738 2124 2658 5813 7838 6990 7853 5568 2133 6982 6936 6930 1140 4465 7049 4349 6940 7045 6983 4453 6991 6931 6937 1139 6986 7041 4487 5825 5772 5775 4372 4468 5569 
206 3 0 0 5 5 5 4 2 5 8 8 8 62 5116 4064 5293 5108 5139 4100 5161 4097 4072 5124 4117 4113 5128 5106 5110 4090 4087 4082 4083 5163 5291 5285 5278 4096 5160 4116 5138 5282 4112 5123 5290 5109 4085 5141 5162 5122 5125 4488 5574 4469 7022 5582 6941 6993 6987 5733 4444 7021 6948 5575 5586 5778 4454 5570 4440 5776 5732 5779 6938 7027 5583 4467 
207 4 0 0 5 5 5 8 2 5 8 8 8 63 5811 6947 4330 5773 7854 606 7044 5728 7844 6949 7848 7849 5828 7026 4340 5780 5821 4489 5810 7852 4445 6939 4362 7823 7822 608 7855 5588 4464 609 4363 7051 5739 7050 4446 5587 2126 4341 6992 7038 5781 4331 5829 3330 7839 7220 5594 4484 5614 5827 7020 4441 7039 6946 5814 5571 2135 4455 4452 7847 2127 4466 4439 
208 3 0 5 0 0 0 4 2 8 5 4 6 62 5165 5216 4169 4204 4118 4170 5177 4185 5231 5232 5204 5202 4186 4129 4187 4168 4201 4143 5230 4184 4025 4127 4200 5176 5227 5183 4126 4197 2681 1006 1353 1010 5659 7865 3381 5668 7101 7053 7112 2677 7065 7087 4375 7155 5881 7111 7172 5832 5856 5634 5831 5863 610 7861 7056 3393 5669 7164 7124 930 4394 7886 
209 4 0 5 0 0 0 8 2 8 5 4 6 63 1644 3360 5896 1352 5918 1015 927 5833 928 5860 4522 7156 5846 7133 4414 7182 3359 5847 1641 7157 7126 1647 4395 926 5656 5926 5635 5932 1007 1011 5620 5916 1001 7165 1014 929 908 5919 7130 909 5857 7062 7054 5830 611 5897 5861 7057 5638 7887 7080 7173 7125 5894 7060 4523 7094 7864 931 7095 5927 1004 5895 
210 3 0 5 0 0 6 4 2 8 5 4 8 62 5178 4027 4037 4012 5214 4198 5229 5228 4144 5170 4171 4205 5203 5217 4128 5215 5201 5185 4119 5164 4026 5200 5171 5184 4145 4136 5205 5233 5938 4506 5882 5680 7088 5888 7061 5660 5621 7183 7063 7860 5875 4415 5849 5666 4501 5657 7113 5667 7118 7089 7119 5933 7055 4507 3396 4404 5925 5658 4500 3397 4490 5917 
211 4 0 5 0 0 6 8 2 8 5 4 8 63 4396 5685 5889 5682 7180 3378 5939 5883 7131 7084 4548 5628 5852 5681 5661 4495 7097 4418 4494 7181 7154 5683 7066 3392 7884 7090 7175 5622 4491 5862 7085 7096 7052 4549 7132 7127 5848 5629 7081 5639 5858 5876 4376 5623 7082 5924 5854 4382 5853 4397 5874 4419 7064 2676 2152 5684 4405 2680 5636 4550 7067 5890 4373 
212 3 0 5 0 4 0 4 2 8 5 8 6 62 4137 4138 5173 4134 5181 4133 5174 4173 4131 4130 4172 5172 5168 4203 4015 4132 5180 4034 4013 4017 4035 4199 5169 4014 4202 4002 4175 540 542 544 5631 5632 513 525 526 4498 545 1000 3377 1162 2685 5928 547 4497 5633 4503 1357 543 5934 558 5921 514 527 7889 529 560 1654 4546 5922 7885 559 530 
213 4 0 5 0 4 0 8 2 8 5 8 6 63 4499 5887 3361 4412 528 3376 5929 2684 7867 556 5935 3366 5834 7068 3364 1356 5891 1005 1687 5835 5940 541 7058 515 4413 5624 7158 7862 7120 7890 2683 4504 7166 531 524 7179 546 561 7069 557 5937 3365 3379 4380 1648 5923 4492 7168 7116 3372 1164 2114 7869 1163 7169 1165 7167 7160 5892 4493 5850 7128 7092 
214 3 0 5 0 4 6 4 2 8 5 8 8 62 4189 5167 4036 5175 4000 4123 4206 4141 4125 4001 4039 5182 4142 4038 4140 4188 4207 5166 4121 4122 5179 4139 4124 4135 4120 4016 5859 5855 7868 3374 7159 7891 7117 5930 7866 5877 5864 5931 7161 5626 7184 5880 5851 5640 2146 5885 5627 5893 2115 3373 5637 1354 7170 7174 7129 7162 5936 7123 4496 7135 7114 5879 
215 4 0 5 0 4 6 8 2 8 5 8 8 63 5884 7102 4502 7187 5899 7176 3363 7093 7121 5942 3380 7083 5920 1646 3375 4416 1649 5686 4378 7186 3362 7863 2675 1355 4374 4532 5941 5898 4531 2143 5630 2147 7171 4505 4377 4379 7059 7163 7086 5625 4417 4547 4545 5886 4381 7178 4406 7177 7134 5865 7888 7185 2674 5641 4544 7115 7122 2142 7103 5878 4551 1686 7091 
216 3 0 5 5 0 0 4 2 8 8 4 6 62 5248 4196 4180 4024 4003 5239 5226 4032 4028 4216 5187 5238 4031 4047 4161 4009 5237 4045 4022 4044 4008 4029 4030 5225 5236 5235 5186 4046 5246 2153 7191 7892 7143 7145 2148 4514 4543 4398 2144 7106 4529 5643 5689 7149 5672 5871 7072 4562 2150 7198 1655 7199 4535 7189 1642 5673 1645 4402 7879 7893 5943 1650 
217 4 0 5 5 0 0 8 2 8 8 4 6 63 1643 7141 5674 5945 4410 5955 4555 7206 7874 7073 3388 3367 3394 2145 3384 3398 5642 7107 2151 7074 2149 4399 3370 5903 4411 1013 1016 5691 5670 5901 5687 1012 1002 1008 7098 1017 5950 4383 4530 7192 4403 5845 4533 1003 4541 5838 5906 7856 1009 7870 614 7104 5836 4564 612 4518 5910 7875 7207 7075 7076 7193 4552 
218 3 0 5 5 0 6 4 2 8 8 4 8 62 5189 4160 5208 5194 5207 5223 4190 4209 4193 5220 4210 4174 4043 4218 4177 5249 4192 5219 4154 4195 4148 5188 5195 4194 5206 4042 4149 5222 4176 4155 5218 4219 5234 4208 4183 5211 5221 4191 4181 5837 518 5665 5944 520 5870 7197 4528 7190 4510 5911 5905 5646 7144 7070 4538 5662 4511 5678 7077 4525 7871 5866 
219 4 0 5 5 0 6 8 2 8 8 4 8 63 5949 7858 5671 7142 4422 4553 5841 7196 5698 7857 5675 7108 7071 7877 521 7881 7105 5957 7896 519 4536 7209 523 4554 4526 4524 5907 4423 2687 7136 3368 5872 5663 3395 615 2154 7100 5699 3385 5913 3369 5840 5647 5951 4539 5956 4534 7109 7148 7201 5688 5867 7208 5679 7099 4407 2682 4565 5948 4542 4519 5844 5904 
220 3 0 5 5 4 0 4 2 8 8 8 4 62 4147 4165 5210 5213 4033 5247 4159 4166 4049 5192 4019 4158 4018 4146 5242 4179 4020 4048 4217 5212 4164 5197 4157 4040 4214 5209 4150 4162 5196 5193 5191 4163 4041 4424 3389 7138 1685 5648 3387 4421 5654 2120 4512 1684 4428 4425 1693 5915 5908 4420 2119 4515 2123 2686 2116 7150 5690 1688 5644 1692 4513 7079 
221 4 0 5 5 4 0 8 2 8 8 8 4 63 4429 7897 7152 7895 4426 5697 7203 5909 3390 5694 7137 5649 2118 1652 7873 1694 7146 7139 5952 5958 4508 3371 2689 1689 4509 7110 1691 7213 2122 5839 4520 5959 2117 1690 7898 5655 7872 7194 3391 517 5946 5843 5873 7151 5900 5953 1651 7147 4427 7153 1653 4392 4409 5645 5960 7204 1695 548 4408 5652 2121 2688 4516 
222 3 0 5 5 4 4 4 2 8 8 8 8 62 4151 5198 5190 4213 4021 5245 4178 5243 4215 4153 4006 4212 5224 4007 4005 4182 4152 5244 5199 4211 4167 4023 4004 4011 5241 5240 4156 4010 4563 7205 5842 4556 4393 5961 7899 3386 562 7901 7200 5947 5692 535 4388 563 4389 5653 536 659 5693 4384 7876 7880 516 613 565 5651 4557 7894 4391 3382 7078 7883 
223 4 0 5 5 4 4 8 2 8 8 8 8 63 4558 617 549 5868 4527 4559 5914 616 539 7202 534 552 4390 550 554 618 661 538 7210 5676 5650 5902 4385 5912 3383 7188 4386 5954 2678 7878 7882 4540 7903 5696 4561 551 4517 4521 7195 5695 564 7212 7140 555 2155 4387 660 7900 533 5664 553 522 537 4560 5869 4400 2679 7211 7902 5677 532 4401 4537 
224 3 2 0 0 0 0 4 8 5 4 6 4 62 4220 4240 4223 824 2299 753 703 1023 694 967 1019 936 915 1449 1708 1067 932 914 1106 1053 1271 1783 2257 961 1169 2283 804 695 966 1721 1399 752 1212 825 1194 2256 1270 662 673 760 2293 1065 935 1227 754 2282 2275 1061 1452 1070 1052 702 1782 2260 686 886 913 2261 759 3433 2298 761 
225 4 2 0 0 0 0 8 8 5 4 6 4 63 1785 2274 2883 1804 1226 962 756 2264 675 1662 934 1064 933 2697 2884 664 1657 758 1709 1696 1398 672 755 1784 1072 1453 1812 1740 3399 1073 2698 1066 663 665 2178 2175 2769 2788 937 757 3686 1386 1071 4664 3688 2166 2892 3696 674 1727 3697 4665 3687 2182 3436 3723 2700 2719 4619 2179 1218 4640 2789 
226 3 2 0 0 0 4 4 8 5 4 6 8 62 4221 2176 4649 2699 4566 4634 3720 3682 677 4573 3718 3721 3683 4567 2792 2200 1179 4601 4582 4614 3432 676 4663 666 2701 3587 7248 2183 3437 2180 4659 1219 4574 4641 4579 2177 5965 2184 5962 2793 4632 4606 4568 4608 4572 4575 2702 2201 2768 4583 5964 2716 4616 4638 4584 2181 4646 1059 1361 4615 2718 2782 
227 4 2 0 0 0 4 8 8 5 4 6 8 63 2199 3719 4660 4570 2715 4602 4585 2156 1743 3402 4618 3588 4648 1739 4578 4571 4609 4647 4600 4633 4617 1221 2770 2781 4612 3581 2772 2185 4639 2783 4569 4607 4658 1741 2717 4662 3564 3551 3440 4610 3550 3518 3406 3584 2771 4644 3524 1726 4603 1722 2157 1723 1060 4613 1742 1058 3525 3589 3580 1738 1360 3519 1720 
228 3 2 0 0 6 0 4 8 5 4 8 4 62 4224 4258 4269 4239 4268 4241 4238 4257 4271 1176 1794 1394 1107 1166 1228 1178 1444 1180 1197 1442 1027 1805 1815 1186 1697 1021 974 1220 1213 1187 1167 1814 1656 1390 1698 2790 1367 1724 1445 1699 1026 1795 1711 1443 2874 1020 1229 2791 1358 1725 1710 1813 1168 2885 2893 1189 1269 1018 1803 1395 1663 1448 
229 4 2 0 0 6 0 8 8 5 4 8 4 63 1022 1401 2703 2910 2167 2159 975 2265 2875 2312 1190 2704 1196 1400 2169 1359 1754 1188 7249 1177 1181 1362 4661 2280 1214 2694 2198 3684 1366 3712 2168 1391 2158 2302 3590 2911 3426 3428 3685 3713 3548 3529 1387 3710 3570 2313 5966 3439 4645 1268 4611 4604 4576 3694 4580 3689 3404 2912 2281 1233 1195 3546 2314 
230 3 2 0 0 6 4 4 8 5 4 8 8 62 4222 4256 4275 4247 4245 4277 4274 4270 4243 4244 4260 4246 4272 4261 4227 4229 4273 4276 4259 4226 4242 4228 4225 3549 3702 3530 4635 4577 4581 3711 3405 2316 5967 2914 2315 3416 3695 4605 3427 2913 3544 3547 3567 2262 4772 3700 3553 3429 4773 4776 3701 4642 3698 3571 3400 4636 3715 3708 3419 3526 3527 4666 
231 4 2 0 0 6 4 8 8 5 4 8 8 63 3703 3568 3714 3722 3591 3566 3582 3417 3565 2263 3425 2915 3572 3592 3434 3531 2294 3545 3520 2317 3401 2276 3418 2720 3569 2300 2278 2773 2284 2258 2296 3583 2695 3420 2705 3435 3407 4637 2295 2903 3522 3709 4643 3521 3552 2902 2277 2303 3585 3699 2721 2297 2301 3403 3586 2786 3438 2279 3421 2259 3523 3528 3441 
232 3 2 0 4 0 0 4 8 5 8 6 4 62 4262 4253 4249 4264 1191 1702 1714 1198 2285 1025 2324 2318 1736 1706 939 2290 1718 1790 1789 891 1800 1811 1174 912 890 888 889 887 1786 1799 2320 2327 1069 1797 911 1057 1068 1076 910 1809 1075 1074 1273 1798 1024 1056 1173 938 1451 1054 916 1796 1055 1029 3413 1215 964 1237 963 2706 1715 1446 
233 4 2 0 4 0 0 8 8 5 8 6 4 63 1792 1388 2906 1028 1787 1816 1810 2888 2321 1801 2890 1791 1666 965 1703 1788 1230 2780 1404 2712 3414 3449 2209 2165 1737 1272 3446 2778 1705 2707 1062 2194 2170 2189 1364 3691 3620 1063 2710 917 2192 2711 687 3452 2193 2779 3415 1234 1365 4667 2195 3447 3626 3451 2188 3717 2797 2708 679 2713 3408 1224 1392 
234 3 2 0 4 0 4 4 8 5 8 6 8 62 7241 7236 7250 1756 3621 7237 3537 1363 667 706 4586 4588 4594 2799 696 2801 1757 688 3556 3453 5968 1225 4650 7251 4627 4591 681 3532 4774 7244 5963 4621 7240 3627 669 4668 1746 4669 2202 691 2203 3454 3533 699 4620 7245 3442 4587 2800 4595 697 689 4596 3554 678 4626 1747 2196 7238 7242 4651 3622 
235 4 2 0 4 0 4 8 8 5 8 6 8 63 707 4589 3557 5969 705 5972 4597 3410 690 3623 2777 4628 3450 7243 692 2210 698 684 2798 1731 3443 682 670 700 668 1396 1664 3596 2208 3593 3555 4590 680 1402 3577 1403 3559 3573 2164 2776 3541 3558 1397 1755 1758 3534 3597 685 708 1749 5973 701 671 3411 683 1704 2173 2211 2722 3540 3576 693 4629 
236 3 2 0 4 6 0 4 8 5 8 8 4 62 4251 4233 4263 4232 4250 4265 1172 1182 1719 2286 1222 1199 1216 2319 1236 1454 1201 1232 1223 1716 1701 1192 1447 2288 1175 2289 2272 1184 2266 2305 1235 1231 1707 1185 1745 1217 1170 2325 1713 1728 1732 1171 1759 2877 1748 1802 1808 1660 1817 1752 1729 2891 1753 1806 1658 1659 1717 2894 2898 1761 1665 2909 
237 4 2 0 4 6 0 8 8 5 8 8 4 63 2907 1793 2900 1667 2881 1750 1760 1733 2889 1661 1183 2160 1450 2304 2197 2908 2917 2899 2287 2880 3409 1735 2918 2267 2310 2882 2161 2916 2207 1200 2270 2174 2273 2291 1807 2204 2171 2328 2206 2709 2714 2163 2696 2693 2904 2162 2901 3724 2205 3725 7239 2186 3716 2905 3705 4592 2271 1730 2322 2311 2895 5970 1193 
238 3 2 0 4 6 4 4 8 5 8 8 8 62 4235 4267 4252 4231 4234 4248 4255 4266 4283 4236 4281 4279 4254 4282 4278 4280 4237 4230 3538 2887 3704 4670 3599 3726 4654 4770 3575 4672 7253 4631 2323 4622 3706 3692 2306 3690 4652 3579 3424 3625 4593 4598 704 2896 3561 2329 2794 3431 3535 2309 3598 5971 4775 2269 4655 4624 3624 709 4771 1700 2886 2795 
239 4 2 0 4 6 4 8 8 5 8 8 8 63 2307 1712 3444 2878 1744 4599 4673 2897 3455 7246 4671 4623 2774 3707 3693 2308 4653 3578 2876 3727 3542 2784 3539 3560 3543 7252 3594 2775 2879 7247 2326 2785 2268 3423 3562 4630 4656 4674 3536 3445 4625 710 2292 2190 3422 3430 2187 1393 3563 3412 4657 3448 4675 2172 2723 2787 2796 1751 3574 3595 1734 2191 1389 
240 3 2 5 0 0 0 4 8 8 4 6 4 62 4307 971 1840 897 940 968 1091 805 1275 1455 1099 1843 973 1278 1078 918 920 956 972 1247 970 1108 726 826 892 1842 1254 1280 1092 1459 1100 921 951 1263 946 762 764 969 1837 2240 1822 1087 1077 1239 950 977 976 1861 957 2935 1858 1037 1823 765 1839 1262 947 1042 1036 636 620 1836 
241 4 2 5 0 0 0 8 8 8 4 6 4 63 1256 727 1079 1875 2363 1874 1859 2864 1248 763 919 1246 1031 1030 1841 1257 1264 1820 1238 1818 1093 1821 1049 1039 1101 1281 2759 2763 1434 1038 1048 2724 1405 1086 2738 637 1043 1435 1423 1414 3608 1406 1415 1407 1424 4736 4689 7254 3484 3609 3492 2850 7272 3662 3500 623 4710 3508 2742 624 7275 3488 3470 
242 3 2 5 0 0 4 4 8 8 4 6 8 62 4306 4286 4288 4287 3612 3501 3509 4711 3471 3485 3460 2851 2842 4679 3601 2806 4705 3663 7274 3748 3606 4743 3740 7273 4744 3489 7258 4681 4737 2817 3493 4755 7255 625 4695 4690 3607 4742 4748 4684 4718 3613 3749 3600 2854 4738 2807 4691 2852 3461 2248 4745 4720 3614 4686 2242 3506 2843 4712 4678 2853 2855 
243 4 2 5 0 0 4 8 8 8 4 6 8 63 4739 4713 2865 4754 4749 2227 3463 2247 2249 3507 4694 3486 4750 3602 4721 4685 4704 2241 4719 3615 3504 4687 2243 2803 4706 3494 4707 2809 3644 3462 2813 3635 2802 3645 3666 3633 3472 3505 3495 3466 3634 2836 2743 2734 4692 2230 3487 2832 2725 3643 3467 2816 2216 3456 3457 2228 2812 4680 2214 2808 2231 4688 3632 
244 3 2 5 0 6 0 4 8 8 4 8 4 62 4285 4305 4304 2362 1863 1877 1426 1819 1369 712 766 1368 1084 1437 1207 1876 777 1860 775 1468 1862 1249 1370 1456 621 1265 941 1240 2246 1382 2932 2736 1838 654 1378 1774 638 2921 1457 1383 2366 729 789 1032 652 2331 2933 2862 774 1085 745 1460 1436 1241 714 769 788 2213 2212 790 2330 743 
245 4 2 5 0 6 0 8 8 8 4 8 4 63 778 1274 1775 2334 3616 4751 1250 653 793 2833 2805 732 3459 1208 713 1461 728 641 2740 791 2737 1466 3469 2863 767 622 730 3603 715 639 3657 776 1375 1824 4709 781 2841 742 635 2735 2739 4746 3617 2346 3746 7259 7256 2727 3730 768 3604 3739 779 2920 2837 770 3728 4714 1467 2352 2744 744 2741 
246 3 2 5 0 6 4 4 8 8 4 8 8 62 4299 4298 4289 4308 4284 4309 716 2335 731 2347 717 792 3610 2922 771 4782 4747 2834 1425 7257 2838 1427 4777 2745 746 4722 3731 642 640 2818 4693 1255 655 3502 3747 4715 1469 2353 4783 1276 643 4753 780 2821 3605 1209 3464 1377 2839 733 4752 3743 4682 2351 3465 3741 3611 2367 3753 1428 2810 3510 
247 4 2 5 0 6 4 8 8 8 4 8 8 63 3732 3742 2934 3750 2835 4723 4740 2232 2728 2819 4716 3751 3729 3503 3738 2814 1379 2365 2729 2332 2820 3660 3664 4717 2348 2811 3658 2840 4696 2233 1277 4756 2866 1210 4683 1211 2726 4741 1279 2764 2815 2217 3656 4708 2765 2333 2349 2215 2804 2229 1090 3667 1109 3659 3661 2350 1376 3665 2364 2226 3468 3458 2867 
248 3 2 5 4 0 0 4 8 8 8 6 4 62 4290 4291 4316 4312 4314 4313 4296 959 2370 954 955 1832 1088 1854 1410 952 1083 1096 1883 960 1103 1780 827 1828 1868 1095 1866 1848 1081 1873 1878 1826 1102 1865 1855 1770 894 1097 1769 1845 895 1471 1885 943 1880 953 896 945 1834 1825 1463 949 1094 1104 893 958 1852 1105 1872 1853 1835 1044 
249 4 2 5 4 0 0 8 8 8 8 6 4 63 1844 1251 1864 1464 1252 2343 2926 1050 1867 1879 2341 1041 2930 1869 1829 1882 1051 1266 1243 1035 1242 948 1253 1260 1244 1033 1411 1267 1045 1040 1245 1474 1046 1881 1884 1849 1034 1371 2755 1433 2762 1416 1429 1409 2732 2767 942 1441 1439 2751 3755 2236 1089 3733 2244 1082 944 1080 1476 1418 1258 3678 1384 
250 3 2 5 4 0 4 4 8 8 8 6 8 62 4301 4300 7260 3744 7265 3653 3676 626 2847 4757 1408 1438 3496 1417 2826 5974 4761 4698 7271 3646 4701 7268 3497 4728 7278 3619 7276 3677 2823 7261 4762 4697 5981 4759 3473 4734 4676 4724 3648 5978 629 4727 627 3679 7279 3642 7262 7263 7266 5975 3649 3668 4699 5979 7269 4725 3636 4730 4677 5980 3654 3647 
251 4 2 5 4 0 4 8 8 8 8 6 8 63 3670 4729 4732 4758 3618 2245 5982 4766 7280 7277 3673 2872 2828 4763 5983 2222 2873 3498 3671 3476 2219 3639 3652 7264 2856 3669 4733 3637 4767 2829 7267 3628 2871 2824 7281 3651 3655 4731 3512 3680 3513 2733 2223 1440 1779 1778 3650 3638 7282 3629 7270 3499 2760 711 4700 2822 3475 2825 3474 1768 2857 3477 2870 
252 3 2 5 4 6 0 4 8 8 8 8 4 62 4293 4303 4295 4317 4315 4292 4297 4302 1850 1098 1385 1833 1462 1827 1110 1205 1373 1781 1771 1458 2371 1374 1372 1047 2375 1413 1870 1204 1465 1871 1421 1776 1772 1773 2761 2927 1846 2748 2368 2860 2931 2928 2250 1764 1851 2254 3516 2940 2861 2858 1203 2252 1763 1847 2929 1765 1202 2345 1856 1857 2749 2255 
253 4 2 5 4 6 0 8 8 8 8 8 4 63 2938 3517 1777 1766 1261 1381 1767 2344 3514 1259 2766 2253 2374 1830 2859 2936 2339 3515 2251 2757 1475 1430 3675 2218 1206 2372 2941 2225 2224 1473 3754 2939 1422 2747 2235 2237 1419 2354 2868 4735 1470 2848 2844 2845 2234 3681 2369 2357 2358 1420 3511 2238 1412 4780 656 3734 3490 4764 5976 2356 4702 644 3737 
254 3 2 5 4 6 4 4 8 8 8 8 8 62 4311 4310 4294 2923 3491 1472 2752 3757 747 1432 1431 4760 2827 3630 2359 7284 772 4784 2336 3745 720 773 4703 3672 4778 718 4781 2919 782 2924 5977 795 4765 3480 2849 784 645 2730 2753 657 2355 3631 3478 3640 3735 4779 736 647 797 734 4768 787 628 648 723 721 632 2756 786 3736 719 748 
255 4 2 5 4 6 4 8 8 8 8 8 8 63 739 630 750 783 2731 2338 7283 2337 2925 2830 3481 4785 2360 3756 3479 3641 794 785 2342 2846 2754 737 633 2937 651 4769 650 749 1831 658 2831 631 724 3482 796 3752 2220 2869 4726 2746 735 741 646 2361 619 1380 2750 1762 722 3483 738 634 2221 2340 725 2239 2758 1111 649 751 3674 740 2373 
