25
0 0 0 20000 20000 42 62 86 97 107 124 129 180 209 333 339 340 353 362 413 425 427 449 482 491 513 547 574 586 588 591 607 643 702 709 726 740 774 792 813 825 842 865 872 931 965 991 998 
1 20000 0 40000 20000 53 18 29 30 46 73 84 102 111 128 132 134 135 234 248 261 292 336 383 409 432 438 459 476 477 500 501 502 584 604 622 648 655 661 678 716 735 757 758 786 790 793 818 822 826 836 837 856 875 882 890 902 935 989 
2 40000 0 60000 20000 45 9 14 34 45 53 58 88 110 130 156 175 184 211 222 252 268 301 310 314 369 483 525 544 562 582 611 626 628 665 677 691 728 730 738 750 781 791 845 848 869 964 966 983 985 990 
3 60000 0 80000 20000 27 2 3 60 91 103 119 151 223 233 278 307 349 371 385 428 436 456 462 474 561 614 624 634 718 724 768 997 
4 80000 0 100000 20000 49 50 56 64 76 80 109 121 126 145 150 160 196 247 258 346 363 379 380 387 439 467 489 494 505 518 527 551 563 572 576 585 592 606 637 651 656 659 676 701 705 727 751 762 773 795 815 898 917 960 
5 0 20000 20000 40000 40 23 32 44 48 93 131 189 204 210 214 236 250 275 302 315 396 441 452 475 524 541 554 555 566 600 620 629 633 690 710 742 819 843 846 861 874 912 937 958 978 
6 20000 20000 40000 40000 34 12 40 52 71 96 137 159 208 215 217 244 270 273 280 407 420 521 556 583 608 640 642 647 679 711 798 804 838 844 851 860 941 952 999 
7 40000 20000 60000 40000 36 10 54 81 165 183 186 285 294 361 418 421 448 457 529 539 548 564 578 612 652 662 694 708 741 778 783 788 849 886 895 900 920 923 927 973 987 
8 60000 20000 80000 40000 32 35 74 98 100 112 152 201 265 338 345 391 400 406 416 485 504 615 696 714 722 767 780 782 797 814 853 870 906 947 953 967 969 
9 80000 20000 100000 40000 45 39 65 67 99 230 263 266 287 300 329 357 381 405 442 451 464 478 487 497 514 522 533 535 553 573 594 603 627 635 638 664 670 684 697 731 753 769 803 858 873 894 936 950 992 995 
10 0 40000 20000 60000 48 75 82 83 92 155 158 161 169 172 194 203 206 207 239 274 283 284 295 373 401 404 424 434 454 486 510 523 537 550 595 599 613 636 668 671 687 704 707 719 770 789 811 812 893 942 949 955 971 
11 20000 40000 40000 60000 35 4 51 69 114 115 192 213 242 282 298 299 323 326 341 376 463 508 540 571 590 601 645 729 756 759 766 809 810 841 877 879 888 909 963 977 
12 40000 40000 60000 60000 35 113 199 205 221 238 286 289 322 360 365 393 398 473 515 536 542 589 598 609 621 641 663 669 685 688 689 784 799 830 907 926 939 970 976 996 
13 60000 40000 80000 60000 39 5 26 42 72 105 141 144 157 178 195 200 227 303 304 305 309 334 372 382 431 450 466 468 498 530 567 579 632 733 743 776 805 808 868 885 892 913 919 968 
14 80000 40000 100000 60000 41 25 66 90 127 133 164 170 218 228 231 254 272 277 293 332 348 350 359 429 460 481 488 490 495 503 531 538 575 581 587 593 602 666 693 712 723 817 839 878 899 980 
15 0 60000 20000 80000 43 15 17 33 68 94 106 123 142 154 167 198 220 225 260 267 290 313 325 337 344 351 358 364 368 377 384 395 480 552 568 580 605 616 721 754 850 897 908 938 948 957 974 994 
16 20000 60000 40000 80000 39 8 24 55 85 140 162 163 168 185 193 216 279 281 311 318 328 330 331 347 374 388 410 415 419 470 479 653 657 703 764 775 777 911 925 943 956 961 979 982 
17 40000 60000 60000 80000 45 11 57 61 108 147 148 182 224 226 262 264 269 324 327 335 343 367 397 430 433 437 440 443 461 511 512 519 569 639 649 654 682 695 715 763 796 828 831 847 862 918 921 945 962 988 
18 60000 60000 80000 80000 40 0 1 19 37 49 101 117 181 229 246 249 259 276 308 412 447 465 484 493 509 558 597 610 619 625 630 631 646 675 680 681 692 706 736 748 749 760 800 904 944 
19 80000 60000 100000 80000 38 36 38 70 79 118 125 138 177 179 219 256 271 291 296 352 378 390 392 394 408 422 423 660 673 686 700 713 739 746 747 755 806 857 922 933 940 959 993 
20 0 80000 20000 100000 33 13 16 27 47 120 190 202 251 255 288 320 342 355 375 403 426 570 672 674 698 720 725 734 737 752 794 823 827 829 832 835 887 889 
21 20000 80000 40000 100000 35 21 77 87 171 173 253 316 317 366 370 386 399 453 472 492 496 516 532 559 623 650 658 667 785 801 833 859 864 880 903 910 916 928 929 981 
22 40000 80000 60000 100000 35 7 28 31 41 43 59 122 136 146 149 176 235 297 312 319 389 417 444 455 549 560 617 618 732 744 802 816 820 840 855 863 883 954 972 984 
23 60000 80000 80000 100000 40 20 63 78 89 153 187 191 197 241 257 411 414 458 469 471 517 526 528 545 565 577 644 745 761 772 779 787 807 821 824 854 866 867 881 891 901 924 946 975 986 
24 80000 80000 100000 100000 51 6 22 95 104 116 139 143 166 174 188 212 232 237 240 243 245 306 321 354 356 402 435 445 446 499 506 507 520 534 543 546 557 596 683 699 717 765 771 834 852 871 876 884 896 905 914 915 930 932 934 951 
