128
128 0 0 0 0 8 7 7 15 62 1722 1855 1410 6196 5296 5083 7324 3152 2091 7041 5366 164 5451 1098 6575 6652 2965 6279 7599 5121 3925 2388 945 5361 5775 298 4945 234 1891 1755 6946 7345 6856 6568 3765 126 1704 6703 4920 904 1709 1259 930 7823 4285 4905 4882 2664 6418 5641 7199 6841 4592 2512 2278 7560 1967 2680 93 5406 1570 2038 
129 0 0 7 0 8 7 15 15 63 712 3114 4687 1642 6761 7787 6676 2788 658 5781 2374 1288 5313 1092 1022 7971 6174 1609 5616 7637 3381 733 7808 7121 3197 1673 3686 7049 7409 5385 2651 1402 3372 6682 6142 4813 4585 6592 4110 7315 3948 1813 7982 6820 7440 4096 7006 1599 1756 5319 1191 3812 5318 6527 5560 2060 2071 1248 2790 2025 5573 3112 4287 
130 0 7 0 0 8 15 7 15 62 3420 4375 4959 7444 7570 225 5471 7281 1486 331 6595 592 4121 2361 3938 7613 6951 3029 304 345 1123 5618 2000 456 4664 30 2853 1567 4954 6777 4120 5009 7424 4138 486 6444 533 5160 7456 7976 2978 4831 2390 2136 4078 798 2018 1582 2073 2273 5930 4278 1892 6626 3184 7468 4308 6048 7368 2337 4243 195 
131 0 7 7 0 8 15 15 15 63 7903 5102 2251 6265 2144 3723 5799 3705 5260 2638 5566 4506 1669 7297 2562 2935 4500 113 784 2013 5663 5763 2574 6539 5937 613 7212 5398 3526 7023 1785 231 4755 6175 7505 3871 1947 2235 3985 1746 7893 3869 1164 4305 4237 6619 3467 7955 1618 857 4025 4934 36 7223 3936 2284 4307 4525 1807 5766 6365 7327 2504 
132 8 0 0 0 16 7 8 15 62 1864 1663 3371 7988 6572 7646 4624 7261 3188 2032 987 1649 6555 452 659 1847 4194 213 2188 3521 6738 3251 3065 2739 1731 5021 7084 704 3048 2190 942 1214 3824 7977 1822 4625 1053 3154 2382 4493 4049 2314 2580 5140 2257 2685 3647 5171 6808 3473 1194 2631 5992 5555 1534 2145 1797 5739 4429 617 168 3646 
133 8 0 8 0 16 7 15 15 63 6321 2556 2770 4814 1468 4265 1146 3580 4086 7047 2730 1968 3370 1471 4003 7643 5489 3128 3600 5011 6292 7238 1670 663 6423 2792 4186 7859 3725 7858 5513 7009 3013 4904 6496 6908 3620 7481 1401 5904 996 7556 1857 6830 3361 3189 6564 4550 2525 1375 7354 6465 779 4497 3245 4139 4433 2860 6499 5772 4303 3292 727 
134 8 7 0 0 16 15 6 15 62 4395 3122 5038 4690 4527 5511 3756 754 7770 7513 6667 4481 2211 5651 4515 6601 3456 4036 1090 6315 2100 5485 2345 4862 3016 660 7178 120 3715 3778 5428 5793 6148 7449 5906 374 3452 1021 4311 7803 5488 5792 7998 5394 2862 3267 7722 6090 756 1741 7902 1681 3958 810 2393 3409 5825 7257 6776 6732 4822 3228 
135 8 7 6 0 16 15 15 15 63 1734 1794 5111 7774 7571 5341 4679 4906 6780 5754 3497 6389 3819 1394 1545 2985 6972 7980 7625 26 7606 1174 7626 3213 7545 6457 889 4325 5378 5737 3110 2005 5216 43 5944 2550 19 7694 5836 7254 649 4987 79 2617 530 5798 7275 693 7260 1234 5666 4523 1533 6351 6762 5581 7772 5085 6955 2676 5262 3868 7585 
136 0 0 0 15 7 7 7 32 62 3096 715 7725 7954 5640 6964 6797 4316 1308 191 156 5730 2981 4149 5352 7273 5932 1740 3346 6840 7876 4472 3991 1143 3179 4403 4275 6119 1678 4342 4581 5496 3327 701 4352 5170 1631 3398 1973 5328 7759 5477 281 7804 45 4941 6931 785 6906 2154 1187 2243 6257 5631 4340 4809 1640 7401 25 7357 4821 1934 
137 0 0 7 15 7 7 15 32 63 2200 6471 5639 3810 2583 7611 527 4510 2776 789 2063 4516 734 1170 1433 2949 7360 228 2704 2241 4983 142 6875 53 651 2102 3349 3363 480 2274 6997 5778 1295 6141 1490 566 827 7450 7593 3533 2021 2777 626 4458 7266 3321 5855 4555 4168 5376 6928 5807 7878 5253 695 4050 4674 948 2707 1888 7392 803 5549 
138 0 7 0 15 7 15 8 32 62 4337 4484 2357 5614 5518 3773 4185 1459 4123 7932 7984 7836 5815 6684 6461 3344 4226 2849 2916 4104 7494 7421 1442 297 6933 3437 5103 3165 433 322 6651 6419 4597 5063 5900 7983 5482 2936 1571 719 13 4345 7226 6913 7138 6082 5112 3277 405 6876 4253 2497 1069 5974 3222 1949 4976 1233 3666 666 2485 2721 
139 0 7 8 15 7 15 15 32 63 3614 5893 4116 4660 6228 7548 6678 2999 4839 7093 4045 2784 3622 5755 240 1457 2882 6037 1706 2959 291 1347 2858 6792 4844 303 5711 3028 6021 3963 6505 4868 2778 6388 7598 781 7025 31 7410 6440 1856 567 4546 5008 1378 4836 2259 4997 6165 2756 6050 4878 7329 46 1363 6641 7726 7628 2044 3486 3550 6576 2725 
140 7 0 0 15 16 7 8 32 62 2052 4334 4975 1679 423 6805 4430 2636 1940 4557 1109 6409 6683 4632 7857 7079 3791 1502 2346 3394 2312 3226 6817 2938 4280 5814 481 4118 1535 7153 1216 7163 5885 229 1168 7887 3199 4066 7578 4184 4955 2174 232 6629 7288 7100 5072 4552 589 2753 5751 3257 2481 7621 5542 5234 6195 1643 7036 5225 6998 3256 
141 7 0 8 15 16 7 15 32 63 2983 5749 829 3385 6520 1013 7933 3025 7332 6608 4164 6266 3059 1372 6067 1000 3832 2869 1362 3749 1422 371 4248 2988 6076 6012 3542 6408 7295 2161 4349 4156 2767 461 2075 6917 3903 306 1806 7416 3952 5805 4601 7307 3281 5064 7085 6413 4531 2761 7592 6896 108 1247 410 3144 6252 1212 5246 7701 5823 370 2624 
142 7 7 0 15 16 15 7 32 62 6516 7258 545 4444 5233 5852 3568 1461 5075 4530 515 5902 2198 136 482 1519 2062 118 6347 5409 816 5243 7818 4553 5758 6350 5240 2881 7365 4169 3755 2640 1470 4634 7588 7256 269 2955 2293 5445 797 1750 590 4438 1306 425 4620 6938 5354 4210 5831 3036 778 3185 5089 2740 5659 6466 3689 2358 1499 7148 
143 7 7 7 15 16 15 15 32 63 4408 7469 6560 2911 7048 6827 883 5360 1672 7090 4728 5889 1689 820 2290 3783 7127 3009 7457 1082 3681 678 5092 497 6930 2976 5041 6106 499 7217 943 3360 875 7512 923 2789 4097 5928 2980 2529 1842 4511 7824 6768 1932 1693 1258 6517 6655 5818 1144 2836 2465 3603 3083 2726 6212 7762 5436 3981 6121 4890 4327 
144 0 0 15 0 8 7 23 15 62 189 5854 5654 7166 4006 2378 5273 2053 238 5132 5848 842 5431 2887 7234 1622 5827 5047 2306 1520 4393 7706 2332 7684 3495 4685 4847 6812 4407 2381 7340 2708 3328 7146 661 6992 7605 2231 2057 6327 6073 7483 7882 5334 723 5017 337 5304 6741 3020 3393 3922 1267 3380 27 4094 6804 808 4228 1778 6522 5228 
145 0 0 23 0 8 7 32 15 63 48 7981 175 1916 6665 3711 5954 3994 6240 2026 1948 394 1695 3347 6079 5583 5534 2001 4037 6213 2796 746 6191 7817 5601 3492 1555 4290 1113 6031 2759 2152 7362 4973 3471 4910 6337 735 4200 1087 815 6339 4826 5606 1714 3673 3310 2573 7717 5864 6383 755 6577 7309 89 595 4572 6210 5702 6736 564 3355 173 
146 0 7 15 0 8 15 24 15 62 5752 3997 802 6737 454 6360 822 7708 4619 5924 1290 6809 3680 1942 2189 6588 6643 2396 1373 558 5901 717 5547 2628 7959 4775 4786 7645 6545 1379 6591 5192 1619 618 7729 1687 3081 556 4713 33 7347 3461 3897 1736 4696 771 1845 1547 5277 6679 6207 7283 5122 7284 1287 1316 82 3781 183 35 6051 5726 
147 0 7 24 0 8 15 32 15 63 1148 1895 7997 1451 2612 2442 4474 32 1784 1593 5710 6217 7936 5733 6246 5368 3702 1062 1141 1621 3831 384 7639 2619 7875 2427 5687 1861 7375 5741 3609 262 4483 3814 1795 4719 4466 2157 1056 565 7341 4106 6889 4991 3919 7615 4013 4647 7436 5054 58 6521 7369 6373 4603 350 1196 6088 937 2033 5828 4569 2105 
148 8 0 15 0 16 7 23 15 62 4222 4320 5740 7385 1167 3801 1836 3593 4848 386 534 7652 2491 1176 3734 918 5399 2449 6852 6107 4394 6754 2697 1390 603 4749 222 3227 357 5917 3974 4260 737 1799 2468 4886 2834 6899 1024 1846 3575 4645 4956 7021 2791 7680 4424 5487 7111 1245 2957 2215 451 1906 2888 151 266 4369 3639 580 2326 6546 
149 8 0 23 0 16 7 32 15 63 1418 2660 2350 4456 355 6028 4998 6192 740 7439 7909 3864 7765 2832 6168 2192 2149 2658 2969 2151 2774 2593 5330 5327 1393 6982 3737 4850 2744 3126 6763 2242 1126 6183 2351 591 7830 6582 3879 4688 1228 4024 5193 3109 1207 182 2681 110 967 4612 6711 3867 5113 4659 5203 2436 3613 1374 7629 7769 4757 5392 3979 
150 8 7 15 0 16 15 23 15 62 3323 5850 3064 5018 6773 1239 7448 2705 3172 2966 3519 1572 5303 7053 5840 823 2454 7526 6878 3043 503 5586 4220 2898 7099 6234 2467 6671 6453 5905 3643 2532 7528 5578 2319 4302 2854 1154 3607 5397 3654 2201 236 6333 5584 6514 6701 127 1887 2768 4943 5724 7110 1432 6745 447 5052 5694 668 2461 4219 7673 
151 8 7 23 0 16 15 32 15 63 3416 7228 5110 2995 5709 5311 6084 3136 1965 1469 6070 7891 5380 588 5156 3914 5205 6357 949 2514 7969 6724 362 7850 2917 4440 4627 6285 5136 5926 2011 51 1436 828 6811 2808 5293 439 143 7488 1737 7934 7328 3699 2634 6314 4859 6448 6145 1537 7813 7743 5838 372 267 4879 1835 3557 4517 2950 5004 4179 1392 
152 0 0 15 15 7 8 24 32 62 7113 505 6699 2065 4402 753 5430 7180 7397 4055 1871 2027 959 22 973 4115 4124 185 955 1943 5887 6547 1075 4522 5187 6883 4524 5466 4381 5600 7353 2338 2754 2655 318 5298 5019 2968 1860 1145 3927 6891 6162 56 1882 1501 1979 2405 5621 7704 1941 6696 2538 7076 1656 392 7791 4514 4432 7920 543 6277 
153 0 0 24 15 7 8 32 32 63 489 4894 3721 5226 6579 7910 7561 450 4771 6980 4801 5184 2124 2505 3677 3804 2924 3282 3569 5593 3338 4147 4162 6687 5714 4145 5051 3843 7926 7242 4270 3414 3248 953 7191 4636 6251 3111 7333 7061 6888 5139 3273 5272 2034 4204 1441 2148 3003 44 3089 7812 4981 4217 5516 1280 786 653 664 725 4818 1791 3676 
154 0 8 15 15 7 15 23 32 62 7004 1667 7435 4643 5426 1322 2982 7568 4188 3657 1283 3021 7831 4206 3946 2901 2177 4289 4730 5106 5695 4088 1476 1405 4677 415 4933 3252 4903 3972 4963 4264 7662 2657 4908 3707 1752 4384 1516 681 1358 7524 1710 6781 841 7331 6208 7911 1138 315 5461 6543 5671 3034 4356 6450 4300 2907 4241 2431 5417 3345 
155 0 8 23 15 7 15 32 32 63 3092 3041 2758 7044 3181 6300 3940 7350 7665 12 6909 134 7631 3694 5785 5675 2750 2458 7302 2072 7187 7239 4091 4315 3636 7225 4198 2058 7019 141 714 3733 2178 5880 4794 465 4277 5662 1651 3054 4176 366 3354 5833 377 6480 324 4835 5817 2645 5935 1925 1458 3541 7323 3348 2217 2560 5717 6454 5786 6071 5623 
156 7 0 15 15 16 8 24 32 62 5056 1482 4092 6721 3428 7405 6177 868 5029 397 6941 7987 7116 7005 176 7523 6155 7418 2800 6492 358 5120 3230 3513 3223 3866 2320 3317 4787 3069 1414 793 3030 2930 1950 1652 6622 7123 6932 4021 6842 2282 1987 3478 7063 3272 1623 2587 1654 836 1606 1221 138 7059 624 1513 7877 1659 3055 2348 7821 2121 
157 7 0 24 15 16 8 32 32 63 7291 7089 2599 5067 4896 3930 4866 2829 7470 7644 2028 3434 4454 7145 7105 7663 2206 2221 338 1208 2670 3748 3863 2814 7017 4252 4211 921 2979 6556 1602 6865 3516 2960 3807 6307 5973 7438 2709 2508 6291 3443 1085 7880 3685 4011 4913 4915 4057 7508 862 2846 4892 354 2713 5731 7827 5946 6893 1004 1816 6659 3084 
158 7 8 15 15 16 15 24 32 62 1244 1928 6385 5331 4630 4842 1313 4860 5032 6621 5267 806 399 3097 2590 7195 1863 599 6379 1066 2106 5031 1823 1830 1938 5617 6819 2213 4693 1575 4566 7038 1172 2951 7942 1083 4843 4509 6518 5194 2482 1157 360 951 347 5603 4033 6387 6954 1472 3899 2164 2353 6276 5130 5039 490 569 5683 825 511 1416 
159 7 8 24 15 16 15 32 32 63 3571 6720 4741 6173 6464 162 1853 2184 401 1008 7399 6400 2258 6795 2225 398 2228 6436 5693 5956 3683 5672 3046 7465 400 3623 1976 4947 2597 3501 2772 6779 1733 4731 2328 7221 830 5404 5498 2987 6136 7183 5998 5914 6658 2594 6122 3366 3419 5920 165 3098 4657 4911 3362 6283 3491 2909 7516 1112 7092 2116 5351 
160 0 15 0 0 8 23 7 16 62 4535 1991 7514 6477 4084 3356 642 5981 3312 2477 6970 7000 7274 688 7579 11 7029 874 5345 675 2885 7349 5446 7574 5971 57 655 5747 4042 3105 4854 1153 1152 4528 2729 1304 2581 395 1995 4631 3224 5265 3080 2728 1682 3243 6469 6384 1150 2418 6947 5254 3170 4838 7519 7383 445 6789 7072 6009 5172 5141 
161 0 15 7 0 8 23 16 16 63 83 4379 2453 3174 2633 5153 6218 6926 4888 1427 3565 1097 990 3002 6324 6723 2806 2867 2844 6565 1923 3488 1554 5611 7843 1569 6850 791 2947 76 5236 919 4770 206 6219 1708 3266 5837 7720 6064 251 1939 3792 7412 6422 2870 5220 6369 6147 5680 6214 218 7321 3023 419 2362 416 7889 5916 2012 2815 3451 6491 
162 0 23 0 0 8 32 7 16 62 7838 1517 6156 3410 6728 2401 1275 5834 5199 464 3455 6742 5514 80 5844 6244 4223 7935 6077 5418 1959 3945 4363 7600 3242 6712 6680 4414 3862 3975 710 2735 2668 4928 3727 5343 4726 1875 2380 1636 4026 5389 6473 6939 1400 3369 6040 1010 2441 3627 7479 2076 1054 2420 3538 3198 1660 5326 7018 7676 1834 2701 
163 0 23 7 0 8 32 16 16 63 7077 2827 340 1039 5003 6784 3485 2296 2672 6341 4189 6597 477 5473 1908 4605 4040 6886 6916 2159 7046 3200 5894 7914 7039 7801 1136 5065 818 177 3648 1003 739 5653 199 3489 3427 620 6590 7919 2592 5608 1551 2589 6138 6639 1644 2650 4465 2952 5723 1610 6250 4359 765 5434 4401 7286 583 325 3493 3193 6567 
164 8 15 0 0 16 22 7 16 62 4293 6319 637 7459 879 6055 1828 970 1270 2850 5181 1902 2103 3107 6488 3777 7537 3853 7632 7779 6352 4246 7668 5874 1256 1574 3823 5191 1431 1467 7538 1460 3375 1597 6313 2134 7912 5918 6713 3032 2147 1031 650 1055 4780 1128 7473 5588 6949 4917 4146 7380 713 2070 2315 2335 2766 7251 7610 132 6553 6127 
165 8 15 7 0 16 22 16 16 63 7057 1596 4999 2715 7897 958 365 7124 1781 1070 4027 7557 204 4015 6848 5167 5538 1790 7086 5504 5980 6981 856 4883 1788 7921 3548 6996 6205 1315 2662 2727 6967 3389 1455 6905 4445 608 328 4008 1993 3108 752 2840 4412 4666 6609 5046 3787 4255 6585 7748 491 2451 1832 1531 4140 7502 4727 6794 455 7303 2661 
166 8 22 0 0 16 32 9 16 62 2375 3517 5637 7760 3404 7727 6411 832 6433 4595 5358 6758 7339 69 3718 3840 897 3518 7407 7728 1707 77 4558 2143 2395 1684 249 226 5074 75 517 1641 4227 4646 3192 2476 4348 1343 2220 6953 1203 2786 3561 4175 927 5670 285 6366 7740 2421 3207 3508 230 3598 5572 5053 3050 5107 2974 1046 7584 7078 
167 8 22 9 0 16 32 16 16 63 7020 178 3775 7947 4807 4488 3772 2049 7305 4427 4936 4007 7664 6815 7758 763 6725 5484 6854 4304 2137 1105 6078 7181 359 4459 1444 1015 5961 507 3201 7384 3649 4178 5552 5447 7829 5590 553 3971 1837 1810 4208 7 485 4301 3786 4271 4480 867 7744 3263 2588 5673 7848 1050 1803 4281 2665 3793 6104 5835 2318 
168 0 15 0 16 8 23 8 32 62 1774 5149 3931 6198 4411 2948 2020 4339 7413 2440 1382 2471 5393 351 2855 2629 6112 4479 1676 4675 3747 7792 6871 6849 6718 7633 7378 508 4389 4029 1865 5034 3797 4390 3155 7930 1236 1140 1509 2068 2330 6415 6956 4318 2710 4957 3514 2298 7013 6920 2473 6108 1878 3629 2417 6616 3211 4938 2547 6113 861 1202 
169 0 15 8 16 8 23 16 32 63 1361 2812 336 1911 2226 3100 7419 7477 731 5280 871 7484 1147 1761 4130 4490 4568 698 900 2747 3779 3231 3663 7474 5890 4960 6833 2745 2578 7443 6019 1430 2186 5832 5554 2609 1250 1699 5189 3298 1884 2932 537 7790 3341 2432 5610 4710 2674 2642 4031 457 6129 3331 5210 7624 4803 1269 2501 2167 6722 5339 777 
170 0 23 0 16 8 32 9 32 62 1700 5587 3579 5448 7755 3035 4102 293 7326 5124 3923 5423 2931 7679 6837 4052 4545 1108 7454 7647 5161 2216 5978 4058 37 2428 294 7319 3770 6394 6829 2548 3918 2517 7269 7464 872 6115 3168 4492 5502 1793 3191 3714 6686 437 7264 2429 3703 7219 6615 4986 368 2360 5953 6685 854 4828 492 1924 1284 5284 
171 0 23 9 16 8 32 16 32 63 4593 6199 85 2890 2276 6690 5624 3693 5456 5182 1251 7576 1612 4532 1297 1637 4335 4087 3129 575 6529 1715 2487 6709 426 2219 6714 561 7918 6790 6097 1515 4864 2460 963 3805 1691 5528 17 5174 1135 4777 3397 4610 3280 6511 29 3908 5787 3578 3852 5329 4508 7325 538 2398 1298 4062 1397 574 513 7623 2625 
172 8 15 0 16 16 24 8 32 62 1088 4213 759 5699 2595 2407 6648 460 6406 6417 4518 2183 2311 4729 7437 6752 821 4985 116 7586 3594 7898 535 6261 280 7766 1338 7675 5853 7960 6750 720 1151 6269 6248 1474 6919 62 5582 6877 2086 6858 4113 736 5014 6785 3119 7892 968 5985 3780 4022 5811 1527 498 568 1133 804 487 109 3221 3980 
173 8 15 8 16 16 24 16 32 63 2762 5682 3898 3006 2104 7689 4629 5126 3335 5421 4028 4748 7011 5333 6343 2438 2690 1124 330 2168 4637 840 4791 4263 5494 2179 6549 2864 412 2874 3891 2880 2227 2305 2158 1104 385 7074 4824 6093 1548 4274 375 2238 997 61 1757 7227 1193 7028 6783 376 3645 264 7763 5497 1579 3687 4314 6225 2366 6095 3293 
174 8 24 0 16 16 32 7 32 62 5157 7271 2383 1121 3167 3601 6486 2117 5129 6554 1918 7476 7852 3239 3162 5441 6179 3417 2828 1037 3233 4820 5015 9 2557 4065 4644 1564 7783 1209 4464 1312 7681 4798 3905 5097 6041 2822 4469 4925 1829 3432 270 4871 6836 980 1489 469 5508 3854 7558 3311 3336 1553 2140 4792 2920 6563 978 2859 7536 3720 
175 8 24 7 16 16 32 16 32 63 6550 6318 1350 334 2015 2490 6743 3218 4857 5540 1763 3839 216 7032 4885 5412 5278 4649 1530 4804 3337 2799 7699 5294 431 7888 1041 770 5913 4898 6229 2914 5123 6890 984 341 4158 1889 5165 7761 6072 4322 3307 1137 5387 3194 6977 5215 5544 5382 4586 7864 1811 4680 6403 2830 2300 4737 1607 623 3173 1589 1952 
176 0 15 16 0 7 23 24 15 62 1692 209 2833 2205 2905 5396 4218 6880 6367 154 6656 2626 1437 2565 7361 7865 3322 4310 1808 2408 5592 7840 3091 2447 2669 5993 6172 5148 1345 888 3738 2531 1081 2229 6528 6816 3232 4561 3724 215 111 2889 6091 4496 7376 5820 4060 3004 989 3536 3637 2181 1044 2414 5938 6596 6081 6707 2632 5911 210 6935 
177 0 15 24 0 7 23 32 15 63 2317 5976 2160 5028 4736 6965 6039 2344 3592 2255 5704 6094 6717 1997 4148 2906 7607 3880 522 6695 4594 2133 4447 1120 7373 211 2415 849 7080 1454 4521 957 3039 1711 1311 6570 1122 4468 5309 3147 7356 4584 2115 3160 7688 3826 335 6372 87 3937 5750 2521 6766 6116 2126 6296 5635 4295 5071 2922 2016 4589 3532 
178 0 23 16 0 7 32 23 15 62 1964 7154 5420 2203 5135 3599 161 2048 6925 6414 1729 893 4377 20 4076 6927 886 991 5370 3729 2329 5449 2598 7285 2644 1518 5713 159 7796 4109 1102 7963 7603 2349 3351 7398 2649 2603 2652 4344 5936 260 5628 4815 6747 2289 1073 4127 2818 4406 7949 7208 5435 2017 7724 4328 5591 1413 2250 7622 3529 2187 
179 0 23 23 0 7 32 32 15 63 3305 7685 2386 873 1264 541 6756 2839 3249 1804 1969 578 7797 7946 4753 4793 3479 5515 4869 4549 4077 3847 3374 2377 4797 3990 6120 5960 1117 6866 1110 775 4752 7159 3324 4926 7649 5860 1268 4418 5529 5945 2823 3955 3527 1978 4404 7719 2510 7535 5949 2720 1904 5119 5897 4284 4181 3799 4851 3754 7451 1035 1851 
180 7 15 16 0 16 23 25 15 62 7900 5166 4754 2805 7478 5650 4939 1380 7828 3585 2045 3545 4155 2199 6843 5604 5147 5879 1697 3073 4174 4718 7493 610 3630 443 2249 7245 144 1159 5794 835 6001 6125 1824 4449 2 2611 2279 834 7587 6123 2902 3161 172 1815 3539 773 6855 7001 1620 5450 5892 3367 3886 1195 2066 1913 2712 288 483 1920 
181 7 15 25 0 16 23 32 15 63 5088 71 3942 1428 244 7737 3350 3433 7781 845 1600 7037 3472 1595 5557 5100 6519 2055 1583 3205 4678 155 4323 307 3662 5553 7042 7746 3989 250 6862 5759 1827 1352 7636 7672 316 2526 3511 3017 1802 1840 1463 4419 3326 5652 2275 7425 3241 4457 4229 7290 295 3929 1581 7612 5323 5163 5045 2253 2798 7367 2437 
182 7 23 16 0 16 32 24 15 62 7602 6002 1439 2039 3957 745 5959 6462 2322 3956 4134 5362 3987 3815 5145 104 428 6755 3875 4673 4372 4291 501 5468 3182 7377 6236 5596 2093 3171 7070 7767 6140 3373 2519 6508 5307 1944 7531 4150 5251 3143 4224 6038 916 6377 709 2175 3655 453 6806 363 2582 5634 7008 1237 7067 7293 5290 1742 3988 1006 
183 7 23 24 0 16 32 32 15 63 7736 4197 2232 5994 5851 190 2733 5535 2007 5241 3113 129 4171 7137 1975 4765 6150 7030 4451 694 2254 6264 1063 4199 4570 6513 5217 367 3138 2734 774 391 4742 6117 3285 3728 1045 6101 308 5050 1843 7500 629 1354 2962 760 2561 899 3709 1625 6118 6311 7630 373 5801 7567 5970 7087 6075 1844 4299 634 6046 
184 0 15 16 15 8 23 24 32 62 5142 1723 6894 7103 5026 7216 4142 478 7253 7390 1089 2484 2635 3722 5355 2717 3169 1235 748 6562 4117 5005 7379 1977 2008 2996 6016 1201 4845 402 4606 5796 3934 944 1931 252 7458 5718 1384 1573 3544 4018 6892 4912 3618 268 2515 1759 2509 2961 24 5090 7939 4865 2838 952 233 181 6847 2269 5465 2878 
185 0 15 24 15 8 23 32 32 63 3275 2246 5912 247 2239 5585 7806 7408 4668 6962 3591 207 2751 488 4897 5849 1417 248 7658 125 4258 6971 7709 3238 3820 1296 3329 6753 3500 2970 5958 2724 1381 5819 1632 3468 3983 3631 42 6137 4628 4004 7522 6024 2356 8 5201 282 6503 1616 1890 1879 5574 1765 1577 702 1273 5342 4487 3682 3130 7951 1686 
186 0 23 16 15 8 32 24 32 62 7278 4935 1286 4937 3581 187 3466 3827 6612 4944 3423 4095 6834 6731 7414 5261 5545 6642 2059 2095 5455 792 1544 4683 1115 4400 1199 7534 6702 4360 7222 221 6810 2897 3343 106 5692 5527 2261 7572 3121 6363 3236 4074 4209 4083 7304 1240 3247 434 6362 2696 4501 2094 1862 4591 4580 5007 1165 690 5539 6099 
187 0 23 24 15 8 32 32 32 63 6058 3920 424 4137 1873 7210 6151 7152 5569 3449 1217 4478 1156 7272 1985 7886 519 66 2082 682 1645 5813 1399 3124 4519 3377 6786 2899 7604 6432 243 3118 114 2400 135 7282 6672 1409 5076 6203 3688 5462 502 7098 3475 4767 5274 1523 6578 2412 6798 3149 65 1971 6825 7122 560 4932 6775 430 1725 217 3540 
188 8 15 16 15 16 24 23 32 62 7190 3951 4358 4958 7714 1001 521 2500 4948 7422 5424 5777 6110 2894 2622 2080 4604 6495 1929 5061 1134 3790 6230 3153 619 7015 3487 813 1485 1348 639 5952 5865 5235 462 3156 1739 2224 7128 5443 5173 3769 6416 1557 4475 1094 4309 4989 5276 326 5439 3260 1558 4849 6863 7055 3140 3928 2684 1897 2340 7402 
189 8 15 23 15 16 24 32 32 63 6966 6424 1800 3058 6660 4714 2046 7486 6507 6897 2135 479 3053 1321 708 2984 5965 2861 4856 7101 7012 4378 6534 1317 3692 6915 4840 3574 5933 730 5400 4 6716 6901 6376 7978 188 2919 5769 7752 6320 6826 1809 4131 7802 570 5306 3474 3996 7462 1812 4676 7034 2900 4167 1068 4805 4783 1011 378 3915 2563 2835 
190 8 24 16 15 16 32 24 32 62 7715 5521 6364 3833 6668 3481 6490 7822 5903 2559 1817 2029 1627 6023 6650 3139 4089 3012 7518 1522 1229 4173 2452 4214 1820 6984 5644 1936 7171 1119 7082 7102 6614 3287 7066 7721 3125 4537 6801 3387 4747 3044 4702 1488 5269 2884 1538 1356 933 34 6442 2586 5898 3604 284 6306 2271 2575 6233 7793 2683 7543 
191 8 24 24 15 16 32 32 32 63 186 5164 4373 6018 1181 4442 3932 1293 3431 2024 4520 4529 3582 6080 364 3146 932 4495 1937 91 1016 2479 7965 1040 1883 6446 3000 393 679 122 7317 3741 5470 7819 4330 3418 5137 4371 1210 5338 3912 780 1100 2873 7739 6769 3872 4724 3509 6049 5955 1982 6227 6832 2422 74 6657 3855 139 4751 5984 3011 6881 
192 16 0 0 0 24 8 7 15 62 3384 5381 1584 7904 794 2010 4901 2678 5321 2141 7056 6509 7745 5782 1900 7172 3490 6481 4763 4707 1751 6170 7723 2212 2851 4319 3900 3525 3219 7510 3283 1036 3333 7937 4160 7943 7247 3650 2260 2430 826 1481 7287 3424 3743 518 5674 2355 1349 5512 6428 1220 640 3037 2301 1340 5931 1448 2089 5425 6345 4272 
193 16 0 7 0 24 8 16 15 63 1325 4858 877 2014 4602 261 6958 5402 7207 5589 5562 1423 3576 2474 7182 6187 1867 4829 3291 876 90 7108 6872 2035 6044 6533 1475 2486 6026 2056 1953 5414 2110 6267 4654 6483 4656 1480 3164 6536 1698 1091 7810 3876 2600 909 1539 2031 3806 102 7618 5951 2746 6999 6221 6814 429 4672 290 5486 2749 4329 1076 
194 16 8 0 0 24 16 8 15 62 5722 6134 5305 2170 6551 1603 627 1447 6202 2081 1438 3066 3695 4039 4993 6688 274 2872 5419 5550 1130 7265 5207 3250 7916 3150 2397 5525 0 5735 6025 4571 7374 4143 7964 7135 676 6166 4616 6831 1586 4918 4990 3762 5622 7549 1483 7957 1838 1954 5869 1635 1760 2602 1957 4800 711 193 235 7905 305 7417 
195 16 8 8 0 24 16 16 15 63 2539 4996 2820 6158 6395 4863 5760 4895 5325 5300 1825 7678 938 7475 3319 5206 1333 5613 7201 3151 6988 6303 6029 2569 7990 2426 7442 312 5927 1801 4744 3859 2410 6103 691 1339 3751 4326 5691 707 3135 4900 7542 1320 1052 7908 7573 7215 2535 3621 1701 7866 278 7169 1732 5275 4048 4505 2098 2496 7236 3939 4965 
196 24 0 0 0 32 8 9 15 62 6059 922 6600 3102 7575 4961 1999 4873 3244 1017 1766 6770 3309 3176 5146 5822 1814 5413 2263 1705 2166 4834 3476 3950 3159 6206 985 5626 3672 7811 4681 1542 2283 4035 5095 2443 936 2457 7161 4812 6813 4292 1777 5756 1242 2265 1868 7355 5365 4547 4001 6640 6181 6247 542 2613 4002 6489 6143 4979 369 6757 
197 24 0 9 0 32 8 16 15 63 4489 3175 4461 2716 2764 7466 7403 265 7279 3440 4397 7134 3850 3811 1107 6144 7071 3753 2879 3448 7995 2601 3008 5517 5292 4682 2240 6176 6624 3785 2308 594 2699 1988 1885 819 6284 4366 2069 4774 3163 3094 4436 962 4105 6824 4951 7075 2373 992 7095 631 5800 910 78 4446 2944 7235 7389 1407 7294 1464 3679 
198 24 8 0 0 32 16 7 15 62 672 1206 5743 1025 2524 5948 275 5757 3271 6497 7788 7252 6262 1360 2019 5868 6674 1495 1435 5784 4247 4135 744 7372 5264 5558 6887 3633 333 6302 2002 259 4556 7844 2596 3829 6859 4968 2352 4380 4735 5744 3399 92 2863 6288 5454 6630 3825 2433 6818 5783 5177 6963 313 1230 5988 1866 1302 49 5774 6706 
199 24 8 7 0 32 16 16 15 63 1493 6431 6903 2108 5168 6467 6974 3913 6788 6759 7185 1404 2921 3742 4266 4439 1002 947 2222 2623 5690 2233 4887 4608 5789 4233 7515 1365 5537 4588 598 317 3973 5219 3457 2544 4410 5599 459 5427 3717 3294 1285 4876 7203 4697 5227 311 976 7544 6506 5152 1307 4405 6326 3719 6541 924 353 321 5024 4477 6661 
200 16 0 0 15 23 8 8 32 62 1231 6338 4756 6331 60 6401 5773 1277 557 3099 2843 7209 5001 805 7371 3523 5048 5667 6874 7487 5348 6611 4623 3612 1664 4554 2648 4183 7776 6105 6727 7868 2023 5363 3710 895 3187 5242 5490 4760 7120 441 7432 2493 2434 7423 630 2939 523 807 4085 3506 6371 2620 4875 4994 3407 2570 4125 7517 2347 6066 
201 16 0 8 15 23 8 16 32 63 6381 5703 1994 3926 7359 6740 4785 1292 5372 6043 3906 2107 4695 5118 463 4215 1496 4112 2866 4114 2169 5493 4336 5870 6204 4212 3082 6937 7115 6224 1330 5871 6167 6390 7243 5612 3070 2502 2513 3730 97 4789 7455 1204 5452 1775 6898 7871 5884 526 2963 5925 6189 180 4734 5289 7040 579 5706 2552 7198 3265 1328 
202 16 8 0 15 23 16 8 32 62 2195 3131 3531 5842 5660 4711 652 258 7894 3893 7816 2693 7885 1241 1166 7653 1282 5133 466 4388 5551 3217 6280 4971 2769 227 4902 2653 3314 5982 1129 6 1331 7411 6791 389 4764 3800 5016 6161 3836 3776 4072 6991 3798 4855 3628 3674 3074 7552 1633 6617 6460 2942 4578 2973 7993 7301 1366 3564 5564 7065 
203 16 8 8 15 23 16 16 32 63 5127 2783 3750 1926 7851 7337 3353 6032 3460 3403 4251 7192 2234 2185 7482 7870 6500 1403 3330 3690 1396 4825 1754 7794 5597 5340 1329 2913 2266 5359 7497 5824 15 2193 2523 2871 7529 52 7026 796 1180 799 5150 5131 6929 7485 2738 6249 3299 1079 5403 4273 4852 3209 3892 7400 5677 7130 4927 7849 6146 6374 449 
204 23 0 0 15 32 8 7 32 62 3861 149 764 5923 4073 4776 1019 1653 7467 170 6332 7112 5175 6911 7031 263 7996 5964 7150 224 7975 769 3057 2941 6571 6435 2392 7869 960 887 3846 3141 7446 4051 6729 6493 5619 5716 4615 4276 1528 7058 2459 3616 5878 1257 3499 7944 98 3480 5395 4020 7104 6425 1289 524 6704 2022 6973 5947 3085 3364 
205 23 0 7 15 32 8 16 32 63 7052 3382 2280 4129 7249 5967 1299 2679 7751 6223 5941 1149 2171 2462 4795 7814 4382 4376 6255 4738 4732 5069 768 1960 332 1688 6730 201 3405 2480 1898 314 1933 6430 5453 68 7854 257 1962 3917 4648 5379 3560 5022 6184 7582 4268 6274 6645 7014 2463 4298 5317 6242 1990 1274 4324 2908 3530 572 3255 6309 2376 
206 23 8 0 15 32 16 7 32 62 7141 7608 6294 5281 390 192 6948 1650 472 4635 2991 271 4383 10 3365 3838 5876 4017 6587 6256 6443 427 5371 6989 2402 7820 4103 902 5438 301 1238 2686 6135 5500 7970 3782 718 6386 7837 2146 4733 1782 5720 3746 1272 6778 2272 1020 5023 6201 6003 3318 532 6726 2153 2248 5104 5231 2131 417 5996 5939 
207 23 8 7 15 32 16 16 32 63 283 7132 4144 7768 349 2439 3586 343 7220 4437 4600 869 5042 4832 4471 3090 1655 3302 4929 2150 3844 1127 3796 917 898 3635 582 5337 86 4583 1171 7642 5474 1958 6700 6268 6065 7698 1332 3774 7928 6349 1713 5943 4064 7461 2892 5767 858 2821 2511 4416 4889 1367 1648 5286 5478 5480 5633 2469 2516 3214 6603 
208 16 0 16 0 24 7 23 16 62 602 6625 3691 3259 4166 3638 3735 3558 6734 732 2409 1833 7753 3019 6463 1450 5006 5859 5771 64 1346 4621 2910 929 7280 4191 1748 1132 1992 3818 1261 1831 310 2294 3005 846 4079 1368 2371 6867 3858 2719 1683 2339 7415 4245 699 2639 2610 5108 1922 3555 6586 7989 5030 6295 3658 5645 475 7846 39 418 
209 16 0 23 0 24 7 32 16 63 3386 4759 6803 7899 3447 2990 3208 6034 7452 4177 7597 988 6426 3215 5987 4946 4063 2691 4361 6259 7692 750 5308 7738 1870 7158 5719 3696 7348 7131 470 7489 5804 1326 3515 7540 6494 6705 3284 2967 1309 1532 7620 7387 2363 686 5541 3300 1912 7777 5388 3535 7338 3101 4641 5875 5230 3667 133 3157 1549 4716 3439 
210 16 7 16 0 24 16 24 16 62 7330 131 6132 4133 3684 6057 811 5213 1601 198 5114 5605 254 147 6412 1453 7463 7194 5907 7757 4034 3713 3606 3977 3060 3270 6353 7117 3978 1511 1177 1786 2237 197 4422 4070 500 2837 5469 4706 5043 677 7509 7559 3849 6231 5270 5602 6344 3608 549 7164 5115 6068 5686 7669 5507 1894 4962 7520 2923 5169 
211 16 7 24 0 24 16 32 16 63 3834 5 7480 6124 4715 41 4391 3553 965 4699 3524 4059 853 2945 2997 645 4163 4012 3269 6636 1213 6605 2927 7395 2285 2741 3619 2654 6895 2128 7064 1745 4614 2677 1185 167 3496 4967 669 6530 4491 812 3554 3396 1792 4745 1387 612 3137 4128 687 758 3274 4231 3995 1386 3845 6243 7094 2304 3068 1753 6487 
212 24 0 16 0 32 8 24 16 62 2489 5839 1903 5999 2394 2450 5315 1369 1223 3276 4232 1111 7292 3802 4010 7670 4242 6537 906 4691 2030 7718 7564 3697 5797 6131 4607 2781 7460 7825 5968 1182 6368 1505 5036 5895 5795 7404 4513 2549 5410 5802 2162 81 88 1773 1899 3962 4598 3986 1491 296 7856 7506 5093 787 5291 6969 3442 446 5248 4768 
213 24 0 24 0 32 8 32 16 63 814 5700 169 7296 3116 6164 4054 5607 4069 3253 1492 7749 6823 7344 2047 4398 837 5746 884 7707 1556 3010 2299 6924 5250 4891 6310 2118 7780 3436 2359 7147 342 7388 7682 1477 1385 2543 3183 5472 3038 860 6478 5765 4769 1106 7434 6200 6552 4540 1859 6618 3549 1265 6263 3 1718 5347 5908 2088 3924 3383 241 
214 24 8 16 0 32 16 24 16 62 2302 3768 6870 2703 6961 509 3943 432 5460 1566 1658 7833 7396 4353 1473 256 1479 2831 5288 7747 3784 894 5209 577 2577 4417 2435 6922 2742 4758 2413 5790 3158 1744 7167 3588 638 4766 550 716 5950 279 2641 3240 3877 7109 1478 5779 621 5350 1989 6594 1042 7782 1246 7563 6602 971 648 7495 2387 4618 
215 24 8 24 0 32 16 32 16 63 7213 1254 3816 2555 5077 3086 4387 1818 7686 5940 245 743 622 3830 628 5059 2041 3602 4810 5882 977 7342 3186 3352 3570 6985 504 1624 2323 1896 7895 5255 6278 2775 4923 3889 3015 7173 4788 3512 3334 6325 1118 2097 7826 7906 1370 3395 3921 4221 7205 1026 496 387 4823 1429 2009 3359 1319 2876 5086 2303 5531 
216 16 0 16 16 24 8 24 32 62 2804 3325 3587 512 5505 1278 817 5196 2646 6821 6308 4562 436 2647 6744 7503 1910 7756 3464 7521 859 4909 6760 3964 999 1099 1494 3708 327 5279 119 5575 2545 3968 4638 576 528 6111 2127 5962 7188 3332 3087 5364 6482 2824 3376 3589 5495 4916 4234 3617 5649 1974 5155 7901 7336 1310 7650 5715 2391 1615 
217 16 0 24 16 24 8 32 32 63 1841 4642 6297 800 99 3320 6646 2051 5252 3301 7839 171 4609 2536 2782 7925 6180 3967 3340 1677 3076 2287 5407 1351 3726 208 3088 1023 2333 5738 5314 6774 3268 4151 795 339 3878 6923 6305 4978 2281 5012 5188 7114 7710 1232 4235 2286 1434 6885 1613 1662 1590 5806 5858 1634 901 1821 4056 6694 3641 2368 4141 
218 16 8 16 16 24 16 24 32 62 4256 3701 6662 6456 3970 2656 6392 1049 1716 1805 440 1498 4032 4599 6188 2618 1162 6215 6934 4880 692 5519 4244 6910 7974 4874 2256 2036 404 2928 7525 4473 3470 1198 4061 5561 5066 166 7068 6468 1226 6710 47 7661 7250 7860 6171 1301 6370 1927 1758 7316 3177 5416 2954 2826 7913 1449 843 4108 7966 4781 
219 16 8 24 16 24 16 32 32 63 4152 6633 3229 4081 1377 4551 4043 2748 3078 696 3700 4560 6851 5658 7929 4504 6000 1318 1930 3313 6100 356 7863 2998 6087 7230 4374 3415 1874 2975 3498 1279 974 1877 2109 2807 194 2297 1388 5919 4282 654 7298 444 2456 468 7594 6637 3870 6098 5499 5324 7555 4075 4665 7289 839 3744 975 662 4101 1341 4712 
220 24 0 16 16 32 8 22 32 62 2875 14 7809 7428 7255 5863 3454 6689 1305 5195 72 1452 4536 4658 1173 5035 2419 6940 2466 928 3235 2606 2083 3422 3611 6287 563 4333 7956 3698 4312 6936 998 7693 2567 5055 7107 555 438 6782 2292 1139 4977 2614 4689 5386 7641 5595 7795 5310 2478 1211 6211 6342 5037 2316 2247 2004 3237 4195 3740 1668 
221 24 0 22 16 32 8 32 32 63 4296 6663 1605 3430 4230 2803 3061 2197 1252 3264 2925 148 2507 4154 1061 3572 2986 6281 6993 2819 1685 7420 2845 7861 2343 995 3510 4203 2444 766 5125 1425 4846 2288 2842 3671 5458 1271 4512 4663 2448 2423 1646 7700 4420 1262 3888 7551 1724 5847 697 4992 2313 7945 7566 6323 5492 203 5186 4670 7657 5179 7855 
222 24 8 16 16 32 16 23 32 62 6109 3760 2125 2929 4486 6356 5748 4931 3103 2506 153 2667 3453 6047 4341 1638 2566 4262 4423 1630 1074 6045 137 3902 7847 4952 5648 1996 6178 4833 6312 597 5185 3904 994 790 4953 2811 5881 2779 319 5256 6921 2270 5282 2165 7472 2700 6767 2722 3411 5301 2074 1412 7129 1446 184 4409 3761 5533 5745 6216 
223 24 8 23 16 32 16 32 32 63 3678 6589 1680 7931 3767 3262 2101 2591 961 531 3759 5002 2406 4294 6273 2934 7003 931 7961 6526 5040 5151 7370 7162 6561 2760 7785 7773 2230 905 4236 7310 7654 5522 3822 1951 7580 6635 94 7992 2956 7940 2342 130 5224 4596 407 6584 7027 1966 242 5803 3261 4574 1665 5546 4723 5536 5922 635 6634 6271 3668 
224 16 16 0 0 24 23 8 15 62 3837 4080 2972 6438 7204 7952 593 3884 6835 7742 926 4216 3794 7320 6942 3196 3795 7973 5422 1266 5058 3306 3045 4541 2527 1114 3959 6666 5109 7967 726 6559 2553 6799 5571 6558 4249 5656 605 6845 7640 1529 6253 6599 1336 7696 1945 2262 4708 3295 3984 2142 2848 5098 7800 2321 5295 6346 1131 5475 4739 6751 
225 16 16 8 0 24 23 16 15 63 1371 5336 7391 4428 3895 1848 4071 2295 239 6869 7118 5568 6152 1197 6542 246 6133 5297 2139 6102 5369 1359 880 1580 2084 2608 3736 4970 4881 7168 643 5915 7139 5432 5062 4259 6638 7569 67 7045 964 7393 1183 6902 128 5218 2372 5263 1559 1419 1796 5087 6995 6604 3093 516 6407 4462 3961 2132 667 1578 38 
226 16 23 0 0 24 32 8 15 62 2113 7170 6193 4548 2787 4808 5211 4543 2416 2794 4565 3304 5344 2079 6900 5845 4575 1771 3507 5632 1779 3788 1986 7547 1200 1424 1012 3881 7771 4867 966 3969 4453 2325 3758 3547 1869 2054 1260 7054 5214 728 3660 1487 1541 1970 6884 993 5204 5229 5384 6336 2736 5429 1064 1880 4972 7530 4254 7986 5523 3865 
227 16 23 8 0 24 32 16 15 63 5346 6691 5134 5377 548 2810 5696 890 5509 5249 6238 4321 6017 5020 2780 1078 5405 615 5768 5411 6475 4279 4107 7565 7232 6069 5401 5520 4434 3766 1730 1072 7366 3949 5501 5532 6504 6089 7734 7143 2903 1300 2040 5091 396 3941 6802 5579 6241 1780 1767 289 2621 202 2637 4415 3104 2006 4426 300 7263 214 6169 
228 24 16 0 0 32 24 7 15 62 5316 2218 157 6060 2554 5857 5725 4870 2666 5357 609 7660 7941 5000 5729 3296 7617 5829 2472 5661 4331 4225 6796 6623 7577 2067 7024 762 5526 2120 6421 1255 5084 6531 2475 5705 4921 4238 3072 1103 5776 5415 6569 7591 4499 536 4297 4365 2310 680 471 7601 1628 641 1657 5856 892 3445 6631 3583 421 103 
229 24 16 7 0 32 24 16 15 63 625 4351 2689 112 5559 3933 484 1057 3947 2114 3450 4090 205 1568 3063 2291 467 520 2993 1500 3392 2825 7214 5975 6439 7619 3120 6239 4861 5556 4157 3289 5570 5821 7953 1935 2659 6190 855 6538 2172 738 6904 3661 5701 940 1355 4559 5287 3528 6335 4014 4396 611 7081 3901 2492 2155 6194 150 6005 1014 3976 
230 24 24 0 0 32 32 7 15 62 4240 6004 4467 3993 3225 6844 5598 1445 2615 1563 882 7096 493 5873 1276 2671 146 6485 7890 6396 1383 5440 673 6013 5627 4053 850 1561 3339 6299 4704 3406 7539 6807 3391 3482 2050 5886 6620 6434 3444 5244 4700 179 5335 4470 4914 2731 3494 2123 1972 4441 1222 544 6566 2943 581 1391 3071 4267 2495 1406 
231 24 24 7 0 32 32 16 15 63 5594 6748 562 4950 5060 891 1344 1946 685 7881 4283 2202 1009 6226 772 145 4830 7754 2403 7343 23 2341 2785 6022 7874 5826 4269 5761 700 3966 7730 4919 551 1018 6260 5391 6864 7176 2773 3484 7363 7841 7259 6692 2797 3357 7197 4692 1169 6950 2245 749 4435 4617 4153 3856 352 7711 7807 2868 705 2604 6548 
232 16 16 0 15 24 24 7 32 62 2904 722 7174 4698 7907 6627 5258 606 571 7427 73 1762 5080 2037 4201 4563 1507 831 6322 7972 2572 2630 3465 4587 3665 3438 2841 5013 3896 3731 3644 5096 3615 6182 253 4286 5727 1611 6853 7546 3459 6015 6149 5867 5609 4193 3132 7471 5356 3675 105 3522 3049 21 4368 1219 212 935 4100 5375 7394 913 
233 16 16 7 15 24 24 16 32 63 7655 920 1281 3652 2918 1389 1353 3944 2180 6062 646 4640 1576 5116 3566 5162 3095 3204 741 2204 2682 915 6378 5467 6235 5676 3610 2309 3018 4202 4796 3220 200 474 2893 4355 4485 277 2698 2483 2085 4421 1772 7609 1225 4317 6359 7691 4684 7382 4082 2223 1426 6042 2122 5479 2571 2096 408 1033 5208 546 3142 
234 16 24 0 15 24 32 8 32 62 4450 6479 5033 7136 956 3590 4338 3052 7270 614 1703 380 525 4347 851 7948 2236 4671 5408 5565 3821 292 4567 2404 2445 96 1395 7671 5862 6515 4306 3378 5698 5144 6092 3642 2277 2616 406 2857 729 1334 4370 1876 1218 4907 4539 3965 5979 6096 2946 5548 4126 2915 411 5669 914 7193 2518 6960 3022 4725 
235 16 24 8 15 24 32 16 32 63 7896 1178 3425 6185 4799 124 6010 6286 7991 2546 6130 6746 6787 1048 6800 870 6647 6154 7815 1886 1337 1096 6328 632 776 1376 3704 1747 2763 2895 383 5712 7133 4192 6994 2692 7268 4806 2499 6975 3651 552 6733 2718 4816 7156 2176 1497 5373 54 5212 5910 1077 3297 6329 6056 2207 3190 7659 5312 476 7541 767 
236 24 16 0 15 32 24 7 32 62 1604 3258 747 7043 6398 6083 7157 1749 5664 5896 4655 596 3712 7879 3358 2757 6983 6085 2933 847 448 838 2607 3075 2541 6405 3047 908 7406 2558 1357 409 4448 1408 7322 3210 3953 5049 1160 587 3024 801 4288 3894 3290 2695 2793 4507 6393 4250 7834 1720 6429 5457 903 2522 220 5079 6449 514 3624 3062 
237 24 16 7 15 32 24 16 32 63 1543 4653 5299 1034 6027 3960 2042 2354 1776 7277 4639 413 5128 2937 388 4460 7097 495 1192 7091 59 2813 2498 1719 7125 1588 3001 5872 1901 573 3577 7200 866 40 7142 348 3134 5647 4544 473 2809 2953 4399 63 6593 1465 7596 7651 2078 5483 7007 3567 7750 5841 5481 4502 4205 6669 3401 6382 7958 7160 3883 
238 24 24 0 15 32 32 8 32 62 3413 299 7035 2327 1594 6197 1051 3664 3014 3206 7915 5068 5866 1647 1179 1565 2411 3166 6126 5697 2264 4721 2743 6873 7924 986 7314 4385 1521 5721 6157 4343 3835 6455 5117 84 1342 983 7533 4332 50 6715 2585 6979 6943 3763 5259 3559 7196 6282 1783 4207 7687 863 5524 601 1080 1905 833 2765 3584 5620 
239 24 24 8 15 32 32 16 32 63 1303 657 7634 223 3067 5630 1029 7733 5983 689 1787 100 5997 6987 1614 5105 6838 969 4364 18 7126 5237 3216 4579 7778 379 2182 4995 2534 783 5742 5708 196 7083 5070 5929 6160 539 7589 5081 1546 4686 1526 4000 272 6301 1852 3716 7429 2003 7106 5433 6254 3935 5969 559 6882 6334 2694 494 3670 510 3706 
240 16 16 16 0 23 23 24 16 62 4743 152 6765 7862 7616 7832 6525 5577 5510 7308 7695 3033 3388 7306 6607 6502 158 1764 3910 5899 7140 7313 911 1249 5198 6063 3556 3757 4425 7705 6654 4182 4463 5636 5679 6677 4099 2528 1504 1263 115 5963 3463 2209 4161 7490 2847 1215 5732 4837 4582 7590 287 1086 2130 6354 6952 2196 2673 6749 3303 1456 
241 16 16 24 0 23 23 32 16 63 163 1921 3551 2714 5646 6451 3079 1984 1907 4542 6959 4652 7151 751 6861 1524 3732 4030 6459 2364 1728 1508 7224 3441 4872 7666 3254 1398 6209 3543 4717 2520 6186 636 7218 6644 6114 6458 2112 4622 5476 6293 174 2940 586 3634 1666 1769 6316 5459 6008 5010 3145 7927 1789 6606 6944 3841 5197 2992 7262 824 5934 
242 16 23 16 0 23 32 24 16 62 6298 1510 1116 4705 2061 5271 2856 2087 6860 1956 4187 4533 742 506 3828 3537 7504 4877 4942 28 2989 6380 2173 458 4476 2214 3745 4827 7532 2877 881 3031 3203 5753 7431 4709 2702 382 1205 1626 5268 6410 7184 7237 403 6978 1717 7667 1027 5576 6391 6846 633 2771 7246 7231 6020 6793 896 1161 3040 981 
243 16 23 24 0 23 32 32 16 63 6270 1188 788 6557 3402 5678 7358 6139 6153 5942 3890 2852 864 4503 647 907 6222 6258 320 329 4720 5202 1694 7179 6868 2331 1420 5843 7062 1 7002 7554 7884 2801 5629 1617 2706 1608 6501 757 276 2064 2605 1585 3653 4111 7334 3597 3659 3127 2530 1095 7595 3195 6822 4811 6653 7016 5657 2732 7241 1364 5966 
244 23 16 16 0 32 24 23 16 62 3803 3007 5642 1675 5643 4346 4538 3595 1443 4494 6128 1690 5180 1514 6907 5563 3504 2537 3605 7240 1005 3421 7994 954 979 7364 5681 3573 1038 5506 4573 1323 3739 5247 7073 5764 6361 7775 950 878 3234 3817 6275 7202 2138 5266 7690 5159 5957 5320 6358 3288 6074 4667 4662 3813 3808 1125 5158 7553 6289 3669 
245 23 16 23 0 32 24 32 16 63 5464 5846 7155 2817 4482 6532 5689 7501 7433 5877 7211 7511 2579 4098 5223 5770 6399 4722 2752 1189 7491 6708 2119 5780 1101 7845 4009 1506 925 1980 912 7010 1550 1243 6912 2455 683 1770 1155 2399 6828 4924 1093 5791 4431 7883 2210 6681 5665 6598 1721 7648 5625 4761 7712 1043 3916 3056 7069 7638 4257 1462 7381 
246 23 24 16 0 32 32 23 16 62 6735 2111 6857 70 2129 6613 4046 4633 4170 2370 6664 4038 107 3368 4661 1819 7499 6771 4068 2367 414 1909 2244 4159 7527 3342 4773 4354 2384 7165 4701 7318 1738 4974 1955 972 4779 6573 5728 2324 5143 7716 1411 2540 585 5200 2977 6355 442 5883 3873 1324 4651 4132 2687 7088 4940 4498 2163 5099 1872 5830 
247 23 24 23 0 32 32 32 16 63 6304 7175 1503 6220 3505 7312 1186 2675 1768 6237 16 4969 7842 4650 3842 4016 6441 140 6581 7835 4357 5374 121 2369 6535 2077 2252 1712 5990 3848 2470 6918 4982 2385 6472 1335 2268 2584 7999 554 1917 2191 2464 607 724 3625 3212 2208 5580 5762 5367 6839 4784 5245 7731 7189 1915 6445 5222 1536 5638 604 6498 
248 16 16 16 16 24 24 24 32 62 7248 1735 5027 1227 117 123 7177 6945 2099 2971 1190 4362 2891 7950 5615 7441 7799 2090 6976 2663 4988 5442 6474 1743 4984 1512 3446 3390 344 5078 2568 1224 7144 7627 3887 5082 2795 3632 6628 7300 7033 3429 547 5995 885 6317 7335 55 4922 6583 7677 3954 7206 3379 4367 435 6272 3911 6693 1032 1007 2755 
249 16 16 24 16 24 24 32 32 63 6014 4313 7683 7583 5972 4047 2627 5812 7614 2711 1047 809 3764 600 4613 4392 2494 4740 6086 5707 2389 3246 6739 5809 1184 1058 2958 5543 7789 6437 4841 1294 5808 4413 6452 4196 4190 1671 2994 2336 7805 3503 4611 4023 1484 5044 982 7233 4669 5176 4350 6245 7346 7550 7922 1981 3874 302 865 5655 6006 706 1327 
250 16 24 16 16 24 32 22 32 62 1587 5094 4534 4782 4964 4802 6649 3860 3180 6397 1881 6290 1674 3907 5530 5891 2688 6054 1826 3546 3885 540 1440 6053 1798 7702 4980 1065 3042 5736 1560 6632 5444 1919 4019 1849 6427 3563 6036 237 5977 3123 2723 6574 2488 5989 6476 5025 95 5221 5816 7051 255 5257 2379 4694 4750 2551 3408 3117 3462 1854 
251 16 24 22 16 24 32 32 32 63 6675 4093 1175 7386 3412 761 5491 7713 7050 6484 1158 5383 6512 1142 273 7784 7562 6610 6879 7244 6404 1914 1961 2542 6375 4790 5437 3626 2816 3316 1983 286 5909 5463 3640 3458 4853 4261 1552 5238 6330 5190 1525 7635 5285 4817 1726 7938 3483 2446 6670 2425 6061 674 6990 7311 4041 684 6340 5390 2156 6348 4122 
252 24 16 16 16 32 24 23 32 62 4590 6523 5332 4136 7186 5567 4044 4180 7917 4746 1059 3596 1291 4949 7741 782 2737 361 4564 6447 939 1696 1163 529 1629 4443 3469 5183 4386 1540 4930 5178 3077 7985 4239 7735 665 1661 3051 6719 7853 5684 7703 5788 4899 2802 7496 5810 7923 5503 584 2365 670 2643 3027 7426 3202 2307 941 3133 6580 6673 
253 24 16 23 16 32 24 32 32 63 6544 5991 7430 7979 381 4172 5986 1592 2886 6163 3998 1998 7674 7697 4893 4067 6232 1591 7447 1084 6764 160 6052 6957 3502 1466 3982 6914 3286 323 4526 1314 5349 3534 7352 1598 7507 7351 7798 934 6697 3656 3882 7299 7229 6968 101 4884 3909 4778 1727 3562 4762 3477 3435 616 721 3789 4772 4165 6011 2865 3851 
254 24 24 16 16 32 32 24 32 62 6030 6033 1060 4626 7764 5057 6698 6510 3315 3178 703 4576 7786 2883 844 1702 5668 5283 2896 3752 848 1028 422 1639 1858 852 7022 2092 5734 2533 5073 1071 4455 219 2912 1893 4703 5138 7119 7498 7267 5688 3148 3771 2964 5685 3308 3520 2576 346 5302 5322 3279 6007 5239 6035 7445 1963 7873 3857 7867 420 
255 24 24 24 16 32 32 32 32 63 3026 5921 5154 2334 4819 6540 6420 1839 3426 1415 6159 3992 6402 1562 7149 7276 1850 4005 3115 2564 7732 2424 3999 7968 5861 6772 6524 309 4966 2503 3278 7060 4119 656 946 4452 7453 671 6470 3400 3552 7872 5353 1067 3106 1421 7656 5232 6986 1030 2926 2267 4577 2043 5888 1253 644 2194 7962 7581 3809 5101 7492 
