64
64 0 0 0 133 132 137 31 843 656 1323 1061 454 409 1614 1805 1081 1782 828 1494 11 1326 1800 1495 1351 1660 744 822 1847 1968 199 1716 1739 1994 1394 24 1844 58 1797 
65 0 0 137 133 132 257 31 1256 552 685 1819 1082 1346 447 1831 730 1681 1017 237 1712 966 161 47 1235 1419 332 1596 513 1337 133 321 1971 1924 1430 395 1490 673 466 
66 0 132 0 133 242 150 31 1117 341 1982 912 731 270 1512 1205 1641 934 638 631 860 1434 1941 1004 1164 169 1484 1140 509 1167 249 287 1401 1540 387 1775 914 1940 1738 
67 0 132 150 133 242 257 32 967 907 492 1031 26 1590 1242 679 1884 92 508 1422 719 1883 1487 1234 1747 1979 704 1568 463 1664 1554 220 1703 663 1129 1134 883 778 1910 1534 
68 133 0 0 259 95 125 31 895 1727 798 1001 851 204 864 577 693 647 160 1740 765 1956 726 721 1915 729 277 1147 1609 772 1222 55 1456 1414 292 1108 129 814 1869 
69 133 0 125 259 95 257 31 1902 1553 1431 547 465 826 1912 1801 541 1209 1834 472 682 1600 1909 1682 362 785 1420 1928 1231 787 166 1969 198 950 1558 1268 794 799 439 
70 133 95 0 259 242 131 31 475 1048 1444 688 644 923 827 786 94 462 1457 1462 442 360 441 697 1228 1695 748 1657 1644 1254 1580 890 1710 1172 113 1099 1404 16 845 
71 133 95 131 259 242 257 32 1155 1693 468 1446 1670 1019 1226 280 1952 1063 1263 1823 1640 960 84 758 322 1788 938 718 452 1615 303 1626 1161 264 1907 1399 897 1796 705 1297 
72 0 0 257 125 102 384 31 245 618 106 1423 1219 1802 1536 1243 537 1138 481 30 1786 605 610 947 854 936 896 788 1381 1755 1863 1160 817 766 18 1257 1808 1730 564 
73 0 0 384 125 102 512 31 1653 1367 1951 512 522 1041 736 1842 1985 510 910 65 275 1253 1658 984 1965 351 1125 978 1757 825 412 449 1666 363 73 1352 681 1799 892 
74 0 102 257 125 242 389 31 1856 1250 62 1987 604 641 988 849 1100 608 1810 1238 1879 1935 951 751 288 583 498 1331 1721 702 840 792 723 674 404 1055 838 911 651 
75 0 102 389 125 242 512 32 1936 571 1204 1748 1632 995 1276 926 1551 413 1857 609 1124 1416 1281 534 1806 857 444 555 1465 71 1397 637 542 1665 1322 558 119 863 1932 312 
76 125 0 257 259 131 381 31 1341 592 1295 358 182 302 830 1477 427 1248 127 1733 1089 408 774 1440 1974 115 53 174 654 1791 388 1047 1312 1110 1095 1318 1067 1592 683 
77 125 0 381 259 131 512 31 1613 1618 1926 1975 25 309 370 298 1218 491 9 821 1023 1054 143 859 1373 1803 235 1601 1287 1480 1550 1798 499 1904 1654 431 1448 646 872 
78 125 131 257 259 242 386 31 958 424 853 1760 436 1945 1012 141 1454 999 1507 846 664 114 1518 178 791 1463 619 1032 776 640 632 1587 417 595 1765 37 209 1545 1233 
79 125 131 386 259 242 512 32 1621 1515 623 241 600 1319 175 1713 4 917 323 922 162 1891 1685 1918 1648 1139 1832 252 615 443 1357 102 725 993 1152 1455 478 1690 1916 1582 
80 0 242 0 118 372 83 31 1435 538 1040 1044 227 1115 1750 1634 418 866 187 569 1741 716 486 714 636 1864 1564 1175 1180 1761 1460 1212 1742 1829 1105 996 1271 502 611 
81 0 242 83 118 372 243 31 768 1370 871 80 1576 1839 329 903 533 1468 375 238 706 1736 158 841 1162 753 1696 955 700 51 100 1561 1840 85 801 574 1255 285 1970 
82 0 372 0 118 512 137 31 108 1756 518 1421 261 1113 1389 880 982 213 1283 1114 1624 891 1517 1185 1571 105 928 1330 1314 915 325 703 1432 1888 299 1259 165 741 1725 
83 0 372 137 118 512 243 32 1898 295 70 1957 781 27 1549 556 653 383 1973 1372 328 1573 493 793 17 1645 1064 802 1491 1412 203 430 1773 670 1753 216 276 52 1708 146 
84 118 242 0 259 365 107 31 244 1328 1824 905 243 660 1813 1783 320 596 414 1182 1294 780 806 1395 873 584 399 118 334 1020 1851 191 1437 1304 1340 56 1030 139 1039 
85 118 242 107 259 365 243 31 5 1052 991 622 1150 603 74 1398 1850 1605 42 1131 1249 265 1699 421 516 1338 829 920 1293 1474 150 1196 937 46 1214 1822 1260 96 495 
86 118 365 0 259 512 142 31 1471 1181 963 808 192 434 1636 1199 545 811 202 116 1133 1557 983 566 1906 711 1938 952 1885 1848 1135 420 1933 594 1606 121 1347 1929 311 
87 118 365 142 259 512 243 32 1546 86 1633 1635 1267 149 850 1575 906 236 1774 1072 1625 1198 1562 1442 1732 1846 1705 228 724 36 181 63 369 1280 206 1942 573 1978 887 1496 
88 0 242 243 126 375 374 31 151 1784 529 1084 1123 1754 738 1224 875 1830 505 294 157 956 1861 945 1631 546 773 1016 1825 1671 1826 21 1766 403 142 145 1026 1500 1684 
89 0 242 374 126 375 512 31 1901 267 662 1313 138 1447 696 349 179 908 170 1984 837 340 1252 1655 1360 293 972 1028 90 635 543 1145 1669 1925 517 259 357 677 1858 
90 0 375 243 126 512 388 31 777 205 554 217 1579 879 1679 1000 1619 580 1785 796 634 943 344 1642 1542 760 257 867 12 494 471 515 1729 1262 1165 1083 1499 72 1527 
91 0 375 388 126 512 512 32 1174 1700 782 1467 1051 319 1993 1207 290 271 1103 998 482 1749 1683 1686 60 1178 1862 1769 1284 1539 698 1954 1560 1071 1183 196 701 886 1525 775 
92 126 242 243 259 385 382 31 474 1734 1458 1045 1159 1986 803 1362 286 709 333 1037 448 1068 544 1241 425 757 1880 1958 1029 1278 1947 28 1789 32 655 1232 1126 1011 335 
93 126 242 382 259 385 512 31 230 1698 560 856 1186 561 1717 797 1544 1565 1603 1080 1223 578 1963 315 1386 1270 1728 767 740 1780 1285 815 800 445 1220 1607 1559 691 223 
94 126 385 243 259 512 373 31 1776 1245 1033 1983 1524 99 266 1809 1485 15 715 1714 342 394 831 34 464 1804 531 1227 924 1022 222 1853 1470 256 1130 1955 477 1013 1871 
95 126 385 373 259 512 512 32 974 633 1599 599 1301 581 215 1486 1930 585 316 1711 1104 1746 877 1176 1132 809 1937 1505 602 470 1610 1377 337 128 1726 422 1149 699 944 497 
96 259 0 0 379 141 147 31 1315 1530 1141 194 234 1385 628 343 942 1996 29 361 1014 1876 306 1628 865 87 88 314 747 6 1758 779 7 326 461 500 587 1835 40 
97 259 0 147 379 141 237 31 144 1236 1759 1768 1828 185 839 524 1439 665 410 1764 1946 1523 970 939 69 8 1612 959 1009 1364 378 1091 1998 783 188 1336 601 218 666 
98 259 141 0 379 246 64 31 913 338 1298 1541 1202 1585 1229 1701 607 1704 625 1943 1374 824 1890 367 985 239 597 1895 101 921 473 1350 1689 1637 1445 1620 1931 652 1327 
99 259 141 64 379 246 237 32 708 1060 1903 279 1611 1608 927 1097 1392 964 1343 1617 1913 1200 1489 1827 1286 43 1305 1752 1595 884 20 1638 487 1905 847 44 248 1195 1272 620 
100 379 0 0 512 87 121 31 1065 1237 1264 557 366 428 695 1662 458 1024 523 1475 22 1201 283 743 1790 1101 986 1639 1428 1088 253 836 929 282 186 1450 1433 1793 949 
101 379 0 121 512 87 237 31 1672 1707 1137 232 1678 305 833 661 356 511 1953 789 1964 173 450 1691 54 1368 190 567 735 820 1302 1096 1652 251 49 274 1413 1897 1581 
102 379 87 0 512 246 119 31 878 176 1087 1697 1990 763 1002 1225 1838 676 1094 1299 284 973 1503 1059 435 324 389 136 563 81 559 1563 411 1981 582 50 1873 1948 862 
103 379 87 119 512 246 237 32 1492 1107 1719 1692 125 1731 423 467 1066 882 10 1027 1779 152 795 678 1210 77 1771 588 122 1106 746 2 1156 1339 1976 734 969 33 104 1770 
104 259 0 237 390 114 374 31 1378 1676 1393 233 1438 392 460 1833 1 76 616 1034 109 694 1050 229 132 645 400 1837 1627 504 992 384 1529 1179 562 1203 1190 1127 1815 
105 259 0 374 390 114 512 31 932 1889 1296 565 994 528 526 1537 359 1816 586 1425 1934 1511 1513 1035 1396 881 168 200 224 576 1406 455 752 667 1170 1881 201 1158 91 
106 259 114 237 390 246 383 31 1887 893 1520 345 1348 1345 1403 1329 722 551 416 1077 686 195 1514 1528 1718 539 330 1461 377 981 918 107 759 527 612 278 1896 728 901 
107 259 114 383 390 246 512 32 1821 1109 432 496 1112 1143 480 1151 589 1651 948 297 66 1417 535 536 135 1966 591 925 989 818 507 1772 852 1317 832 1852 1939 1478 1920 272 
108 390 0 237 512 132 388 31 1991 346 1239 657 268 59 1090 1366 1359 1193 909 93 1493 386 250 1923 111 1216 727 451 226 501 429 1427 761 140 1043 300 331 1767 1602 
109 390 0 388 512 132 512 31 307 940 754 717 1409 521 659 899 1872 1735 1354 1206 246 1882 1282 210 613 1859 1709 382 385 1153 260 398 671 156 1154 391 1688 407 874 
110 390 132 237 512 246 381 31 1118 1289 954 1018 1424 900 1472 898 1598 1659 1453 13 19 1516 1300 503 479 1007 1429 575 1411 1623 876 1324 570 1960 1865 137 78 953 1584 
111 390 132 381 512 246 512 32 171 1056 1355 45 1977 1650 83 1358 835 193 1261 1999 1538 1720 1042 308 1246 130 381 263 57 212 1807 1583 987 1053 1482 962 812 1274 1251 1335 
112 259 246 0 383 378 158 31 532 1949 506 379 1795 1441 1476 1361 756 1046 572 1402 861 894 902 304 124 1643 1510 1841 1008 1076 68 1391 1479 339 1116 273 626 110 975 
113 259 246 158 383 378 250 31 1310 968 1675 184 684 23 1900 95 870 1146 354 1213 804 1597 976 459 1191 1855 207 1275 1578 225 353 1744 97 1702 393 1737 336 313 1365 
114 259 378 0 383 512 134 31 692 134 438 1875 1868 1919 123 1586 680 103 710 355 1025 1344 1308 762 347 1814 672 548 1874 1548 1408 1508 1870 1187 291 1078 1962 1483 629 
115 259 378 134 383 512 250 32 469 1567 484 1812 1418 3 980 112 1073 1230 1102 1922 1877 733 1473 1466 163 771 844 1307 742 1459 476 426 1630 1777 630 183 485 1892 530 489 
116 383 246 0 512 381 109 31 368 1189 525 1356 1867 433 869 1388 1569 790 1566 1656 764 1111 397 713 301 643 889 931 1120 1914 167 1763 1849 1878 1169 933 61 1787 1663 
117 383 246 109 512 381 250 31 1215 327 1899 1184 1086 1687 371 180 231 1038 1469 1288 1382 1911 784 1079 131 1390 1119 1010 1452 1522 258 1488 376 1498 1820 1860 1290 14 352 
118 383 381 0 512 512 148 31 1647 453 1021 1854 1908 405 823 1273 401 1464 1194 1383 31 1570 639 590 1070 1594 1668 1547 755 1265 1291 1591 650 916 1003 1724 957 848 456 
119 383 381 148 512 512 250 32 1451 117 1836 1334 1069 1332 1972 813 1015 242 1436 1144 1543 48 1426 1057 1680 446 690 997 1306 1415 658 79 82 1277 888 254 126 488 669 520 
120 259 246 250 380 371 390 31 807 1950 1501 1616 1376 1036 350 720 1085 159 1163 1572 214 317 642 1532 606 1157 281 1506 1221 1379 1604 1589 380 1342 598 483 568 687 935 
121 259 246 390 380 371 512 31 1074 930 1481 1128 364 1502 1762 1049 177 164 540 1407 1211 885 1674 1380 1817 1136 819 648 1497 1353 1593 98 402 1122 1694 1646 1845 1706 1173 
122 259 371 250 380 512 362 31 1509 1866 842 1384 255 1743 365 707 816 1967 1309 732 1997 737 154 1058 1349 197 1629 1371 1661 1279 649 514 1363 296 1667 155 1092 621 1121 
123 259 371 362 380 512 512 32 946 519 1521 1649 1321 1148 1961 39 593 769 1917 390 855 1369 269 1387 318 1531 1992 990 310 1197 579 1944 374 739 1715 1311 1794 1677 1303 1894 
124 380 246 250 512 370 383 31 1075 868 1062 1292 147 262 1177 1325 64 1555 1980 1778 247 1552 617 712 745 221 67 457 1093 858 614 1098 1843 1375 1168 1722 1142 1166 965 
125 380 246 383 512 370 512 31 1781 1410 1893 1723 1818 208 834 750 490 941 979 1673 1886 211 1504 1005 549 1988 689 971 1577 1921 1995 1192 1266 1449 396 0 1811 1240 1588 
126 380 370 250 512 512 368 31 219 627 675 1320 120 1333 1188 624 1959 75 1519 1622 148 172 1269 1247 1745 1316 1400 1171 904 1405 415 1792 1244 1258 977 1927 35 153 437 
127 380 370 368 512 512 512 32 372 961 1217 919 1989 1556 1535 89 1574 1006 1526 240 1443 289 440 189 668 749 348 550 553 1533 373 1751 38 1208 810 805 419 406 41 770 
