128
128 0 0 0 0 0 0 104 249 264 236 253 262 46 3761 3258 3513 4854 907 4095 4858 3249 4619 5409 1844 4390 4319 1614 1712 106 2372 5855 5698 1924 2795 4040 2546 704 463 1167 1554 4620 47 912 1140 3926 5435 5916 5444 4263 5210 685 1641 1234 1883 11 1596 3965 161 4158 
129 104 0 0 0 0 0 257 249 264 236 253 262 47 618 1819 447 1419 4570 5022 5189 2925 3261 2057 2750 2955 5766 682 4372 2727 3562 5921 4371 827 5935 4403 303 1788 1147 2096 5310 693 1952 3729 845 785 4943 958 721 1609 5067 1263 1048 3833 4510 3072 1209 826 5304 3581 1850 
130 0 0 0 0 0 262 134 249 264 236 253 512 47 2119 5258 2127 5541 4776 719 5382 4523 2715 4188 1805 92 4956 552 5760 4099 4055 5551 4933 3754 744 4070 5411 332 1205 287 199 4036 4634 2848 4575 2020 2700 466 4669 1660 169 1401 3790 2956 2510 883 2362 1971 1117 5549 2172 
131 134 0 0 0 0 262 257 249 264 236 253 512 47 1553 424 1414 5311 1462 2262 3395 3624 4782 3810 4451 4474 3852 1869 1228 2281 1693 5756 923 2359 3455 3964 1222 5446 3877 5559 5858 2754 1823 5025 5775 5106 4066 1626 541 439 5313 5675 864 94 3176 4741 5410 4020 4872 5235 2680 
132 0 0 0 0 253 0 142 249 264 236 512 260 47 3750 1747 5678 1800 1242 2106 5113 2711 3764 3718 3005 2978 2396 5240 3609 4766 1394 5898 3087 3328 4822 2663 3169 2487 934 5251 3166 3199 4262 5590 237 5448 5503 4404 2874 2090 4759 1256 5787 3713 5496 2246 638 897 2595 3978 890 
133 142 0 0 0 253 0 257 249 264 236 512 260 47 2347 5550 3725 3674 3968 814 1909 3464 2741 4309 688 4866 4680 4501 2102 2843 442 4560 2931 4115 113 5610 2524 264 2080 3060 5979 5801 4226 3271 5512 2618 3816 3024 3143 1695 277 4077 2292 3127 2209 1615 787 3344 1063 5516 5553 
134 0 0 0 0 253 260 126 249 264 236 512 512 47 2466 3899 2847 492 3345 5479 2389 731 4439 828 4787 4409 5043 730 3535 4384 1487 631 1856 4840 1337 3014 4971 3986 1568 4698 4788 3771 4684 5262 4241 2468 4810 967 5465 321 2192 2892 5155 3029 133 245 3489 1847 5006 249 5007 
135 126 0 0 0 253 260 257 249 264 236 512 512 47 387 3052 1129 5835 5252 547 129 4880 4863 5268 5742 2194 2234 3426 362 1670 475 198 4768 2802 4916 1226 772 4559 3842 1740 4748 2963 2929 697 1956 280 1682 3186 4096 1108 3608 5474 2278 3746 3799 2861 4432 4381 5732 4567 4301 
136 0 0 0 236 0 0 109 249 264 512 251 242 46 4922 2122 2698 3245 1590 3596 656 4450 2038 5925 1968 1430 2418 3076 3510 5329 4024 58 1703 2764 2330 4721 5978 5172 409 2460 5455 2074 860 1323 1979 1910 2533 2146 1775 2951 1423 843 1512 663 3597 679 24 3383 2019 4959 
137 109 0 0 236 0 0 257 249 264 512 251 242 47 3444 3573 4018 2244 1134 1739 853 2875 5469 1484 2869 160 2566 1801 2150 2145 1796 5865 4476 2982 5384 1399 4438 4942 5281 5128 1297 1710 705 2860 2094 3545 4238 2593 360 2717 4852 3663 1640 5780 5031 938 1644 3306 3389 2790 2758 
138 0 0 0 236 0 242 126 249 264 512 251 512 47 5095 4765 454 2718 3807 4465 3477 3793 3555 1797 5736 3933 5563 2495 1004 3717 1681 1422 2976 1534 4360 4295 4317 2205 1664 5901 3242 4671 5108 1540 3860 3182 1346 1940 3071 5731 3371 1326 5373 2766 2981 1082 822 3191 3690 3699 4294 
139 126 0 0 236 0 242 257 249 264 512 251 512 47 3203 4564 1490 4629 1404 3299 3047 4656 765 3821 292 4060 1657 1161 1907 5357 3834 5544 166 2876 5213 2511 718 5206 4254 1456 3766 204 1268 3779 1231 2231 794 4357 2807 5864 4300 5333 1834 1446 472 1341 2025 3342 4911 1558 895 
140 0 0 0 236 251 0 146 249 264 512 512 242 47 5369 5693 5478 4851 5951 5807 4688 80 4351 26 3302 3184 1884 4893 3697 5086 508 2651 4615 3084 2318 513 5838 4281 914 1031 1351 1235 4524 1782 5096 509 4621 778 3724 4165 4331 1727 1254 465 647 4557 468 3140 2165 462 1928 
141 146 0 0 236 251 0 257 249 264 512 512 242 47 2622 5485 1172 5809 3188 3583 5330 2508 644 4719 1020 1457 4563 3653 4910 4352 2235 1431 441 577 3917 3914 1915 1019 5723 4205 3684 4946 798 3401 5754 1155 1001 1969 2691 2436 3714 2772 2585 5520 5998 2473 2544 3051 726 1912 4456 
142 0 0 0 236 251 242 115 249 264 512 512 512 47 3100 3966 4754 5617 1831 5062 341 4755 4035 1017 3178 395 5830 220 4900 1738 2873 5486 2794 5377 3824 1250 1164 5985 270 673 3521 3832 5337 1061 2778 1716 4026 4312 1434 2630 4544 2153 1941 3252 1495 1982 3954 966 1494 5686 4302 
143 115 0 0 236 251 242 257 249 264 512 512 512 47 3536 3902 1994 3093 3194 2799 4235 1081 799 1580 2710 5174 729 3632 592 5489 3270 5231 3595 3638 322 786 84 5415 3858 55 3894 1420 758 1444 960 950 5955 2657 452 4865 4962 1099 4471 3901 4220 16 5607 1600 4216 748 5335 
144 0 0 264 0 0 0 107 249 512 263 239 252 46 2273 4590 947 2838 4981 3177 1276 3870 2474 2377 896 3435 5181 2329 5614 4549 1721 1757 5704 5997 2897 2703 5371 4039 3740 4307 1125 3662 2567 512 5604 2259 1987 2136 3755 5770 2176 1857 2853 2243 3045 2267 555 2242 65 857 
145 107 0 264 0 0 0 257 249 512 263 239 252 47 2797 4528 651 5123 73 1730 21 4633 3561 436 4179 1455 1318 5543 2844 323 1518 3728 5130 2303 4283 3693 2290 2437 4961 2980 2768 3341 1319 1891 3565 4219 640 4427 5579 1287 2196 3846 4934 4973 5052 1386 2896 114 4297 4076 5751 
146 0 0 264 0 0 252 124 249 512 263 239 512 47 5334 5208 5511 849 1331 4996 2769 4291 926 2854 5236 681 1138 5286 3200 4650 1810 1879 1665 838 5796 911 2697 1465 995 3248 2445 2353 4846 1808 736 4912 2662 4832 4941 1799 988 404 2141 1806 2287 1352 5318 608 978 2558 4606 
147 124 0 264 0 0 252 257 249 512 263 239 512 47 5734 2069 5305 1507 4732 5090 2590 5331 4778 478 2536 3361 2921 4894 5646 37 1448 2376 4242 5957 5596 209 2317 3364 5568 2932 5224 2995 3066 235 2068 1690 2624 4168 408 4250 427 3441 5785 1454 2221 1926 3059 1733 2804 2453 3439 
148 0 0 264 0 239 0 109 249 512 263 512 234 47 1936 5493 5765 4676 4860 2186 641 3557 4310 1160 2499 564 4163 2441 825 5937 2169 936 4048 2667 5340 4206 3551 3183 3447 5133 498 3202 3197 3167 4740 62 5480 3769 2619 4091 3961 4164 5681 571 1755 2229 1863 2032 817 2938 1766 
149 109 0 264 0 239 0 257 249 512 263 512 234 47 702 1397 4704 4533 4267 182 5618 1357 917 3107 5190 5227 1654 2950 302 4014 4347 5799 1480 1550 830 3239 4687 4616 5139 3373 4057 1803 2216 5615 4999 5674 1592 999 4772 1440 2449 5692 2331 2575 5837 3787 4004 5119 859 774 5182 
150 0 0 264 0 239 234 143 249 512 263 512 512 47 751 2588 2996 4584 537 2708 2484 4088 5109 1551 2271 2112 3783 288 2645 3559 4308 723 4792 1951 4948 5138 4223 5068 5899 3491 1322 2671 1802 5483 1935 1026 4430 275 5500 3041 412 30 2125 5048 1204 4284 2204 3102 1110 2333 5019 
151 143 0 264 0 239 234 257 249 512 263 512 512 47 1054 5982 2031 922 4109 2805 4601 3876 491 5168 4482 5332 298 5949 5639 4074 4780 3698 2837 1582 2919 2175 4743 654 872 3843 3569 791 5660 1587 2610 443 664 4828 3982 1618 4686 417 5010 3739 175 3179 3935 2806 1047 9 2625 
152 0 0 264 263 0 0 151 249 512 512 261 215 46 3378 522 5953 1658 5569 2813 1281 1786 637 4784 4217 4030 3850 4867 558 2116 5581 5045 1100 4631 1632 5657 2498 1041 1124 792 5911 766 1984 4318 3668 5884 3232 4169 542 4011 5601 1416 3859 1748 4034 5556 5932 4955 5890 5851 
153 151 0 264 263 0 0 257 249 512 512 261 215 47 4460 1241 4969 1760 2777 5427 3061 5722 4920 619 623 1139 4534 4506 4410 1975 1067 1012 3008 1918 1765 1621 3854 1545 3311 2364 1648 4437 4702 3001 2251 1152 1463 1789 3165 5924 174 3556 2502 5308 5654 3436 3365 127 53 2245 5134 
154 0 0 264 263 0 215 112 249 512 512 261 512 47 3158 3743 2621 4458 3356 18 5534 5024 5507 3049 4178 3023 610 5645 2878 1381 4588 2823 5876 413 3114 3855 4538 3879 5857 4610 5821 119 2676 3067 5289 3576 2525 2713 5107 2211 609 351 5114 3086 3062 3490 4952 1055 5853 1253 2987 
155 112 0 264 263 0 215 257 249 512 512 261 512 47 788 510 3984 1916 3339 4328 2143 5582 3291 5059 102 2600 25 646 5079 2254 1312 2969 3856 3989 615 4767 5391 2099 632 4737 683 4087 3719 4204 5913 1832 2803 3620 309 595 3991 4572 178 2152 2444 4355 1295 4321 2801 1945 2679 
156 0 0 264 263 261 0 130 249 512 512 512 238 47 1536 910 1985 604 5051 2736 984 5611 3175 2880 2179 4642 5976 3511 583 4618 1653 605 3310 2926 840 854 5102 4958 5620 951 4480 5001 1219 1861 3297 71 312 1238 5597 4611 5497 2609 444 4608 2056 4574 2728 1965 1932 2709 2998 
157 130 0 264 263 261 0 257 249 512 512 512 238 47 3819 4433 4353 993 776 3153 578 725 1477 4118 3650 5970 2022 1613 1791 4571 388 2729 2124 821 358 2646 241 5193 2455 2006 3732 1713 2166 3677 1095 4736 1601 5920 141 4108 1515 3878 3145 1798 5538 5752 4967 2722 1373 4023 1974 
158 0 0 264 263 261 238 127 249 512 512 512 512 47 3563 4992 2958 449 4346 2891 3368 863 363 3099 3304 4925 3170 1367 3305 4595 892 534 5633 3648 3155 1257 3827 1243 2030 2026 3881 2636 5952 481 5917 4221 674 3215 5652 1666 4905 3659 5903 2002 3747 3945 4729 4632 2183 1842 3944 
159 127 0 264 263 261 238 257 249 512 512 512 512 47 499 4993 600 3818 5575 5882 4790 2149 252 4644 2305 2337 5338 4191 846 1089 4 3212 5061 1904 5098 2942 5537 3614 1032 1248 4477 1685 4058 3517 3320 3976 4947 4392 5027 3442 162 4997 3469 115 3602 5016 1218 2986 431 1023 4881 
160 0 249 0 0 0 0 128 512 253 248 258 237 46 753 1829 3695 1573 5126 2093 768 2344 3032 4422 3318 5624 3057 716 3512 3189 3290 3497 108 4119 1839 3689 4484 574 502 4897 4666 4928 4156 5875 4086 205 2350 5385 1040 2384 418 2694 2294 866 538 996 5531 983 5457 5487 
161 128 249 0 0 0 0 257 512 253 248 258 237 47 3889 1304 1133 5928 1245 1774 1437 2464 3922 1699 5423 4529 4201 434 86 5395 3042 4643 1942 5269 3498 5861 4463 4789 2959 2052 2572 4847 4600 2820 96 2049 660 3397 3885 2740 3995 2180 566 2034 5261 3509 2633 4085 2501 808 5808 
162 0 249 0 0 0 237 119 512 253 248 258 512 47 3812 5080 85 2071 4327 1696 3503 1736 3533 3274 1645 4979 1185 1271 518 27 4286 5347 2852 3969 1113 1044 2018 4208 4830 4007 5366 329 3075 2282 5721 4144 777 1571 1460 2979 4103 5431 554 703 4795 802 3639 3461 5509 1175 1030 
163 119 249 0 0 0 237 257 512 253 248 258 512 47 5840 3123 4083 2067 5154 2812 4105 5392 5764 2428 5211 206 2451 1705 5447 2193 3542 1442 5811 4067 414 5587 369 5905 2043 3759 1131 2174 4750 596 2147 2226 4251 4013 3972 4960 545 420 603 4649 3473 2017 4974 937 4233 573 3352 
164 0 249 0 0 258 0 130 512 253 248 512 228 47 3010 3515 2301 51 928 5342 3470 2114 5748 2306 2367 4607 4517 871 5237 5404 4487 5295 891 3037 4172 4924 2841 1576 2060 841 325 5848 1421 5968 1970 3326 1840 165 1180 706 3873 5339 3458 5362 4625 3336 2577 5428 5317 3009 1846 
165 130 249 0 0 258 0 257 512 253 248 512 228 47 1181 3579 36 4363 2401 2800 2617 1625 1033 4811 2678 181 584 1732 4659 4112 5908 1347 4699 42 2459 5517 3996 4530 2109 1340 1150 1906 4746 5 5393 4665 2513 4835 5700 2429 1557 2358 1546 5376 5125 5084 5894 3548 4552 2279 2939 
166 0 249 0 0 258 228 136 512 253 248 512 512 47 1957 3900 2066 1741 5783 3767 1973 3863 1064 4950 5973 2483 4664 100 1761 2210 5394 700 3957 3125 4807 2059 1259 3130 3284 4073 3285 4234 5504 2690 3635 3589 3343 1517 5717 636 4386 5869 4399 5963 2665 3893 3135 63 3323 2527 121 
167 136 249 0 0 258 228 257 512 253 248 512 512 47 594 46 4834 320 5671 1199 811 780 5813 2765 2884 2324 3185 2322 3942 2398 265 1822 4673 5791 2584 5778 4343 5063 1052 3716 2276 906 3391 4111 192 150 1249 3088 5527 3465 1072 2404 4983 2612 228 2207 3119 3340 2004 4614 1606 
168 0 249 0 248 0 0 131 512 253 512 257 243 46 2293 17 1564 4485 3825 3384 1432 1389 880 5892 4714 4907 533 2785 4466 3016 1114 3430 430 146 5794 1105 4712 4110 213 1283 4708 5943 216 3748 4683 2992 2786 1898 3951 4350 105 4043 3390 383 1888 5714 1294 5081 4154 236 
169 131 249 0 248 0 0 257 512 253 512 257 243 47 2013 5769 1196 2530 4299 5011 4127 905 1198 873 3549 5679 3897 3508 4421 3912 3907 2916 4751 116 1135 3451 5492 3800 5993 1398 2410 5378 5178 56 1633 5432 5798 4391 3762 311 4225 3539 2390 5039 3906 3599 1395 2366 5387 1605 991 
170 0 249 0 248 0 243 125 512 253 512 257 512 47 793 5627 3703 5121 3218 5718 5846 1370 299 3000 3192 1372 1491 486 4521 1624 741 714 653 1750 3660 227 4550 1412 801 1255 5375 295 52 276 4387 5771 3774 1330 5196 4479 1561 493 5915 670 2900 1634 151 2187 1636 1471 3004 
171 125 249 0 248 0 243 257 512 253 512 257 512 47 3896 2723 1851 2543 421 2542 5066 5759 5042 622 5981 1338 5288 2706 4369 1280 2828 5852 2341 243 5967 2316 806 4002 4065 5934 5522 2223 2940 4514 3407 5691 5456 149 399 2232 4031 2591 1776 1260 711 516 139 2763 244 3400 3201 
172 0 249 0 248 257 0 127 512 253 512 512 236 47 3154 1212 2463 2055 955 2361 1742 3949 556 3319 5749 5609 3244 915 3678 4431 4200 3144 4098 3836 1756 982 611 3082 3657 2467 5319 1864 3642 1435 1314 3366 5684 5954 4336 1468 5322 4159 4668 5964 4703 4176 963 4756 1783 3560 4239 
173 127 249 0 248 257 0 257 512 253 512 512 236 47 2641 5619 2190 1813 1978 2746 724 4806 1267 4565 3892 202 1933 887 1474 920 474 1182 3796 2003 3333 3956 2375 5316 4287 1562 2554 4542 5292 2933 4653 5129 3255 3594 5699 2177 5880 1929 1635 2638 5164 334 1328 5630 1575 1824 2670 
174 0 249 0 248 257 236 123 512 253 512 512 512 47 375 2539 1115 1708 781 261 4593 1725 203 3484 3998 4325 2512 1753 3630 2266 4270 4707 5539 569 1162 903 3172 5255 4995 4472 5472 2181 5450 328 4883 2157 2215 238 5267 70 158 5442 4985 187 4602 1549 1773 285 4937 3702 952 
175 123 249 0 248 257 236 257 512 253 512 512 512 47 1784 3887 3214 5416 74 850 5491 5878 1039 1293 4821 1496 2414 2061 5093 4904 5440 3482 4197 5425 4045 5433 2357 3604 5578 3744 5452 2001 4273 3132 2131 191 5893 1938 5049 3723 118 5361 4603 2814 4541 1214 829 2967 3396 2918 4646 
176 0 249 253 0 0 0 108 512 512 259 246 214 46 760 3627 677 3977 4591 875 2917 5885 5816 1084 1686 1051 5832 5696 4757 4582 3474 5277 4605 5868 5284 4345 5464 3673 1313 529 2491 2796 5695 2735 5078 3351 5545 3098 5417 5572 5298 1862 2309 2320 2644 3021 543 2062 3526 5502 
177 108 249 253 0 0 0 257 512 512 259 246 214 47 2792 5713 4990 5060 3412 1954 4797 2047 4862 4779 3946 5263 1011 1544 4786 803 3621 3928 3971 3181 5891 445 5580 1986 5142 4747 3675 4243 3205 4837 1485 5647 1470 4733 1726 1711 2773 581 2810 4968 5820 691 2493 797 3712 3007 5186 
178 0 249 253 0 0 214 133 512 512 259 246 512 47 5245 943 5383 908 1642 5296 3348 5750 319 5763 2134 1207 4182 5072 2608 196 5629 1500 4025 1729 5773 5069 4306 1499 1700 2582 3124 2489 3670 738 1785 5418 5243 3096 2656 217 60 1467 1671 698 344 1178 3375 4917 1565 5309 3736 
179 133 249 253 0 0 214 257 512 512 259 246 512 47 5222 4504 4232 3625 757 5359 3485 215 4019 4889 99 5938 3078 394 531 4583 5941 2253 3433 1223 2171 2228 4508 5655 3872 4173 5033 3278 5351 5605 3026 544 4497 3831 5099 422 3359 2605 1963 4499 1809 2399 1486 1524 2142 1130 1728 
180 0 249 253 0 246 0 102 512 512 259 512 256 47 634 1145 4418 5470 3941 5437 2132 5094 5003 259 2423 5219 4826 1071 4678 5390 3109 4640 3089 972 3034 696 5529 3048 1749 2040 2023 5936 2652 3649 403 1769 5103 2430 4366 5290 998 5124 505 12 4265 879 4491 5874 4468 5640 3074 
181 102 249 253 0 246 0 257 512 512 259 512 256 47 294 867 3386 2203 3272 3480 3148 877 2999 1220 2162 315 2550 2521 4478 1937 2368 4044 5097 4592 4829 266 5008 1278 4268 5234 2615 2571 5320 2607 4637 3090 2775 4383 4104 3217 335 4461 2201 560 5757 286 4289 2704 1159 1362 4143 
182 0 249 253 0 246 256 120 512 512 259 512 512 47 1083 4902 3134 1631 4940 3462 662 5118 4359 5622 3658 1174 1683 4278 2261 2486 2635 157 3610 4825 3952 5753 2284 4190 3937 5467 4781 170 2756 3247 775 3077 773 5969 546 5972 5632 3350 5264 2354 3671 3427 701 3844 1619 3775 4037 
183 120 249 253 0 246 256 257 512 512 259 512 512 47 2960 1045 3544 2826 2378 5535 3985 3546 342 5829 1186 2734 5256 1734 815 2830 767 448 1880 128 1714 5477 2286 1930 4064 2386 5729 3322 2275 5314 3781 602 34 4260 4587 5826 3256 5650 4556 2573 3126 5247 3296 5557 2200 2682 1607 
184 0 249 253 259 0 0 112 512 512 512 253 217 46 5697 267 1925 2458 5727 5548 4061 1123 5822 2954 2088 4493 1284 349 1901 1165 782 2126 1224 886 4638 3450 1825 4717 945 1684 1754 2310 4272 2649 2048 2381 3003 2724 1542 2360 5070 2664 4930 1669 2283 3180 1447 4358 2654 72 
185 112 249 253 259 0 0 257 512 512 512 253 217 47 2407 5834 3939 1525 4324 145 4093 3187 5983 2269 5348 1505 924 1871 337 3472 1176 4214 4816 223 2355 2911 5720 316 5510 4247 15 4446 4713 5407 3838 3015 1955 5552 5242 5703 2115 3410 5055 3056 2771 4304 5944 5484 2505 715 1853 
186 0 249 253 259 0 217 129 512 512 512 253 512 47 837 1858 179 3237 2388 4818 2693 1679 471 5975 1826 1830 3438 2538 3734 3506 5594 4539 3288 3325 4341 5207 5032 2123 1993 3848 271 4764 2342 4531 2374 3808 290 4887 4338 796 4406 3851 5841 2285 482 5862 4230 580 635 357 3017 
187 129 249 253 259 0 217 257 512 512 512 253 512 47 1780 2033 5324 1232 1132 1458 1037 3379 4157 655 2037 2526 497 2626 4378 5737 3776 2220 5642 2225 5300 3385 2552 561 2597 3434 3738 3504 5047 1603 5694 5514 2666 1104 5445 4408 1022 3629 831 633 2514 2202 1746 3321 3641 1983 5777 
188 0 249 253 259 253 0 122 512 512 512 512 244 47 257 515 340 1103 1579 4875 5441 1360 4963 4102 5105 3801 3919 2140 3558 3727 4516 3633 3817 956 4255 4079 4126 4170 138 2742 4919 1539 3136 4222 1183 1016 4475 5599 90 5195 1262 4056 2311 4313 4213 5074 3795 4016 2438 142 3421 
189 122 249 253 259 253 0 257 512 512 512 512 244 47 4823 1717 699 2042 4072 2752 1080 809 2178 599 1301 4237 5525 4015 5784 1610 1126 5368 333 4799 974 3867 4388 464 2274 740 1599 5738 1377 3266 5658 3572 2975 2819 2488 585 4152 5023 256 4012 2212 1559 4774 3993 230 3263 4626 
190 0 249 253 259 253 244 141 512 512 512 512 512 47 1028 1655 3773 2412 5971 3213 2898 5241 3276 3479 1252 4279 2732 1000 4397 4198 3471 4553 2089 494 4509 2213 3332 3398 293 1527 5966 3369 4636 3891 4647 4323 3737 517 2808 4195 1560 709 4376 2719 3012 3020 4005 3478 2085 2425 5945 
191 141 249 253 259 253 244 257 512 512 512 512 512 47 2104 477 4365 4609 3234 4125 1068 4000 3568 2373 5711 3226 5528 2965 1013 4573 5823 4240 4691 222 470 5897 2507 3574 5220 1958 4612 1270 3932 2984 1227 28 944 5519 5724 2568 2997 4965 4796 1947 425 4839 1698 32 800 5608 1149 
192 257 0 0 0 0 0 387 254 246 244 226 258 46 1520 5013 3370 3590 2082 2387 3452 3688 5396 1637 4561 5419 5800 2548 1759 20 628 4710 2549 2687 3777 1229 3835 4802 747 3756 1876 2985 2695 5214 4174 1764 2964 188 3532 2302 666 942 4848 5238 964 3523 3457 305 5521 1087 
193 387 0 0 0 0 0 512 254 246 244 226 258 47 4139 2091 33 5533 3475 789 2864 1492 588 3228 4185 929 557 735 284 4694 4892 2163 3353 4348 3405 1964 1169 746 2788 2492 2936 1107 2909 5302 1101 2611 4256 1838 4385 1581 5687 1692 695 833 1065 3683 1697 3895 1948 1793 4758 
194 257 0 0 0 0 258 371 254 246 244 226 512 47 1060 1286 5888 338 1676 1541 2798 5961 5625 2855 2948 824 4641 1523 1350 4022 1336 4762 487 6 1998 1195 4899 5175 4448 2128 5136 5041 1014 4903 326 2833 4831 3745 87 3488 1315 1828 5719 5613 4745 5659 4257 3813 2751 2095 1298 
195 371 0 0 0 0 258 512 254 246 244 226 512 47 4354 1897 3645 3235 389 3823 186 3221 3216 5127 4314 4805 4116 1264 969 4305 1027 3329 2598 678 4140 525 4001 3492 5283 1302 2579 4340 4689 973 3665 1563 763 5526 4441 3601 1450 2471 5161 4720 3681 4356 4153 54 5257 5567 559 
196 257 0 0 0 226 0 376 254 246 244 512 272 47 2053 5217 5459 4844 779 3308 4966 1378 1374 913 884 5761 2348 1931 69 1835 5649 1752 1097 2065 88 839 1905 1200 5422 847 5673 4709 2922 3414 234 4931 314 2479 3280 3987 524 5018 40 1620 101 3380 500 5676 5566 5017 5228 
197 376 0 0 0 226 0 512 254 246 244 512 272 47 5279 3338 2565 1096 2431 2024 4288 1672 2079 4876 2263 2774 4586 1707 190 3634 836 2791 435 3419 5401 4486 81 2 1201 4423 253 2901 2101 2781 5150 5661 5253 1002 5403 3970 428 1428 4661 4322 5926 4724 4697 22 1662 2941 5689 
198 257 0 0 0 226 272 365 254 246 244 512 512 47 851 2250 4084 597 194 1202 927 3974 5793 3335 2578 2973 2913 4734 970 893 1628 5530 5562 4175 3915 5184 5672 5083 44 5886 4462 1305 1364 5987 3064 1996 2639 2214 7 2647 2776 2903 3789 367 1689 1445 3069 1617 2072 361 4500 
199 365 0 0 0 226 272 512 254 246 244 512 512 47 3289 5677 2312 3030 1719 4133 152 2744 2440 1779 3499 5201 1503 5449 2151 122 5301 4700 4518 4976 3440 104 5218 2862 49 1339 2345 4041 1976 2156 1991 3530 4569 3279 5743 125 4367 5160 136 2603 10 3116 2236 4836 3159 1024 1981 
200 257 0 0 244 0 0 375 254 246 512 244 275 46 2198 5850 1902 1890 1895 587 5818 4850 2008 921 783 2346 279 625 3753 5847 5965 1272 1913 5636 5285 1091 5546 708 343 4428 3997 3905 2000 345 4032 304 1612 3804 665 4512 3730 2835 3415 865 1903 4878 4957 3853 4329 5466 
201 375 0 0 244 0 0 512 254 246 512 244 275 47 2332 4068 5056 4393 1608 1953 1393 1066 4180 2745 2592 1413 1106 878 3577 1156 4277 4027 5919 4148 5789 5909 3566 4658 511 274 4122 3131 1790 5191 5365 371 3705 563 5345 4298 5254 5536 986 4394 3382 173 3661 1475 5782 4932 3731 
202 257 0 0 244 0 275 392 254 246 512 244 512 47 959 3164 1758 1595 5266 2219 601 5682 3219 5451 4038 5515 1943 5824 2529 4726 985 218 1385 2371 1343 1585 2230 2702 4594 4162 652 2465 1141 1946 4470 1392 3394 4945 4042 620 5762 5381 3778 2659 1768 366 3265 4285 3980 4264 2270 
203 392 0 0 244 0 275 512 254 246 512 244 512 47 2842 2865 4652 4890 5354 1088 2434 423 5735 411 50 4114 282 5151 4142 5157 5986 4009 4773 2450 820 467 1691 4473 5812 2994 1368 1094 4648 5246 5602 3682 4464 5089 3316 77 3331 1289 450 1678 1770 1290 2637 2475 3780 3883 1059 
204 257 0 0 244 244 0 389 254 246 512 512 265 47 1638 185 2928 1704 1236 4339 3227 1701 3538 3402 4236 939 378 2596 1795 5282 2699 3586 5162 2817 1530 4898 4494 607 2809 410 3815 2433 4654 461 4052 5542 5863 2469 2589 4909 3524 4100 3792 2218 5494 4330 2182 3758 3916 3934 3666 
205 389 0 0 244 244 0 512 254 246 512 512 265 47 3791 2130 458 5200 795 324 1299 5988 2256 3644 251 734 4657 2974 862 2650 5653 2881 4349 3376 4495 582 356 1237 3346 5259 1652 4130 5488 5912 523 882 1639 2036 3570 346 1873 3091 931 5053 4194 1731 743 3623 3884 3437 676 
206 257 0 0 244 244 265 363 254 246 512 512 512 47 2161 2923 8 4395 2692 1827 5002 248 2395 4543 1327 5100 144 5244 1439 5931 5910 5187 2547 2442 1578 239 306 5386 4814 3106 3146 473 3043 3315 5188 97 29 2447 2027 1009 5073 3324 4315 3923 5250 43 2882 2481 3869 1489 5819 
207 363 0 0 244 244 265 512 254 246 512 512 512 47 1611 5149 5962 4379 4513 1887 2369 4215 3540 2993 1137 4859 2424 232 1433 5984 4131 3250 3507 5374 1184 1990 2574 5197 1210 1771 4271 5356 661 3676 5260 949 5844 3013 1118 5768 1225 2129 3404 567 3264 2240 283 176 2832 3527 3612 
208 257 0 246 0 0 0 373 254 512 231 229 260 46 5950 4801 5591 1815 2831 3788 1718 4525 4982 535 2338 4551 1529 5388 400 5065 1050 2971 5481 3654 881 2397 3580 4106 2520 2660 1417 2628 4869 2840 3587 3715 3979 1772 2504 5145 5746 5634 3463 5927 2606 5990 2472 1036 3033 4266 
209 373 0 246 0 0 0 512 254 512 231 229 260 47 3910 2725 4660 226 5040 5143 3571 5307 3295 2046 250 5468 3428 4078 398 1042 5641 210 3552 898 5906 4123 1335 260 4604 4914 3139 3700 5958 3794 2623 5071 5180 954 3110 4134 300 451 3147 4440 671 13 5712 3019 4303 3206 4663 
210 257 0 246 0 0 260 368 254 512 231 229 512 47 5960 1179 2382 5942 901 576 645 5230 1627 527 4777 5895 586 1966 4978 3083 3908 526 5216 3861 4498 5524 4954 5336 2905 3468 3293 377 2064 4411 4994 4138 2943 4877 4171 1511 3138 4728 1821 2485 4527 4150 5372 4537 3882 2614 5405 
211 368 0 246 0 0 260 512 254 512 231 229 512 47 818 2477 2716 1584 3018 5991 212 3466 2966 3031 5221 3550 1493 1043 3006 5044 1999 4415 2990 962 5209 4503 1583 727 3238 3606 1300 3564 2005 307 5274 19 812 2470 1239 429 263 111 987 5399 5792 4426 5360 3065 4775 331 4389 
212 257 0 246 0 229 0 382 254 512 231 512 261 47 370 164 4189 1127 3742 948 3150 5585 722 1837 551 4589 3955 4613 224 5879 4483 3651 3770 359 728 5922 2420 591 5643 2570 5574 5358 3505 4146 4597 1514 2516 455 1889 1537 2793 2173 200 2443 1077 5744 109 981 1329 5436 2581 
213 382 0 246 0 229 0 512 254 512 231 512 261 47 1034 211 1317 613 1354 5501 4400 4490 45 4868 909 3531 308 1650 3849 3036 1429 2111 156 1193 3811 5683 5668 835 1865 521 381 2135 4293 3303 5088 2238 2249 3628 2983 1427 193 3537 2655 130 2237 2748 57 1602 5870 1007 4522 
214 257 0 246 0 229 261 381 254 512 231 512 512 47 143 2924 496 2154 540 4212 2872 5076 2753 132 3757 3494 135 5896 3095 5725 536 2011 4333 2870 432 5923 5709 5554 1151 3920 2097 1 2553 2446 5873 667 233 5996 1425 5959 4006 4420 2856 2408 5900 3875 5323 1143 4160 5621 5028 
215 381 0 246 0 229 261 512 254 512 231 512 512 47 3958 4771 2839 5558 4326 171 5115 3611 3028 1261 2323 4972 1240 2648 5730 3797 1977 2063 1424 3312 1282 3929 5226 2953 1090 3204 5833 5612 3424 761 4739 876 3784 1807 1409 2653 2413 4396 5132 59 1882 5576 3847 479 1355 4481 2363 
216 257 0 246 231 0 0 385 254 512 512 247 262 46 4097 3617 66 3584 1406 460 3768 3643 1920 5887 107 229 195 1438 3022 2946 5223 4003 3409 4742 5163 3704 392 3399 2084 3820 3874 2907 4690 4344 201 2113 1035 694 2789 2945 507 4949 2054 2321 565 2356 2846 2714 5054 2631 
217 385 0 246 231 0 0 512 254 512 512 247 262 47 76 752 5856 5379 4706 4051 4368 4824 5212 501 385 4049 1206 83 2681 5871 3752 1659 386 4207 5603 1709 2308 93 3327 3886 4540 659 2426 3207 4749 5797 4935 2845 2336 4245 5064 4882 140 4029 382 5122 1053 3251 3115 4107 3652 
218 257 0 246 231 0 262 383 254 512 512 247 512 47 4815 3637 1478 4080 3647 1461 2456 5169 1833 3613 480 3259 852 5453 416 3044 5014 1348 5690 1852 2365 5171 1203 989 1190 1481 4519 5112 1939 4526 3967 4842 1403 2910 759 2148 562 1296 2677 992 2272 3425 4879 2675 3983 686 2620 
219 383 0 246 231 0 262 512 254 512 512 247 512 47 2118 4203 1651 4244 5914 4181 900 3994 2016 1453 3133 3578 575 4675 5688 4361 4701 4282 4794 754 874 3711 4987 2503 4089 268 3273 1274 3467 2403 1688 1720 4585 3156 1482 1411 3680 4730 3988 2217 1859 4677 2604 1767 5946 5408 1960 
220 257 0 246 231 247 0 375 254 512 512 512 236 47 1233 2594 925 5397 4113 4808 3782 4568 1379 5012 4927 5202 2893 91 5131 278 4447 4705 3246 616 297 5153 504 1109 5476 2168 528 2050 2195 4124 3330 4886 994 3694 1345 2476 539 4374 384 932 589 3449 3236 2726 3161 2780 5715 
221 375 0 246 231 247 0 512 254 512 512 512 236 47 3151 918 5229 3501 2858 4184 1170 4953 2755 832 272 1359 3118 1358 3349 4275 1366 3392 1216 1018 5315 2117 3640 2770 1246 4622 2280 4977 5198 953 5523 1623 1872 3225 391 2851 2688 4627 2189 3121 3760 67 570 1153 3209 4296 5363 
222 257 0 246 231 247 236 377 254 512 512 512 512 47 4380 168 4246 5806 2560 2422 5843 5795 4248 1881 4667 5547 2222 1158 3841 3857 5628 1528 4457 4682 4617 5438 3420 4763 2968 5430 1112 2767 2137 1396 2669 2394 3162 4547 5380 1934 5352 5370 1816 1513 5814 5091 2155 4896 2749 1896 5741 
223 377 0 246 231 247 236 512 254 512 512 512 512 47 5670 330 2078 3079 612 2007 5710 4923 1538 4196 1516 4382 1324 3692 3117 899 3520 1598 657 1735 4429 1923 246 2021 3522 940 3168 5508 137 1154 2319 78 2409 4253 1251 5907 503 4752 1056 3626 2288 407 1472 5239 3802 5443 717 
224 257 254 0 0 0 0 370 512 258 237 247 221 46 1275 5275 3211 4838 1814 95 484 2227 393 2912 1046 5540 2576 1509 4053 3865 1365 3163 1586 4645 5758 4224 3516 3367 5593 5203 804 2035 4577 4944 3277 506 2685 1501 4218 5420 5471 1307 1567 684 733 5166 5009 5293 2991 4598 
225 370 254 0 0 0 0 512 512 258 237 247 221 47 2107 1866 2811 639 405 126 2417 669 5276 2821 2041 2528 4276 254 2300 2164 3360 5845 4651 3839 2906 5767 5828 2405 5460 2779 2255 1860 1334 327 61 2100 1464 2260 790 5706 4334 1015 242 4849 4845 2601 4984 2904 3948 2351 5327 
226 257 254 0 0 0 221 356 512 258 237 247 512 47 495 1885 2836 2888 3454 5328 2522 4791 5037 4183 2962 3027 1870 291 861 2432 4770 3403 629 3448 354 2233 3152 3862 4211 23 5584 1950 4511 4137 3160 485 225 347 3605 4576 3309 3582 680 2674 4050 5077 112 1459 476 68 844 
227 356 254 0 0 0 221 512 512 258 237 247 512 47 3959 2689 1479 273 2478 1548 2188 690 4425 117 5977 3840 1668 1111 4964 1451 2627 3281 2506 2268 5194 888 5159 4579 5424 1189 3388 5205 4269 4128 4753 1488 4101 453 3307 3785 1356 2015 1724 5939 3600 4921 5406 4161 3313 4761 1291 
228 257 254 0 0 247 0 388 512 258 237 512 241 47 1848 4692 3803 3950 5439 1073 4094 5716 3253 3483 5075 5087 1191 4803 4364 2531 4092 3416 355 1408 2701 3374 2208 4970 4413 2159 1418 742 1922 3672 2138 1737 532 2972 5413 3301 5999 3696 1466 4147 5176 2761 4901 5429 1310 1038 3431 
229 388 254 0 0 247 0 512 512 258 237 512 241 47 1836 3567 4783 5303 1215 48 1687 1566 5475 5204 1057 3829 5728 1908 4988 5085 1972 5867 5781 5291 1436 3749 4082 3918 4827 3111 5272 3888 1522 1069 4401 1273 4151 4679 1911 5167 2224 397 1680 5680 3927 4635 1591 5598 5933 1469 79 
230 257 254 0 0 247 241 383 512 258 237 512 512 47 4435 626 4186 183 313 771 3142 762 2686 4696 2563 2247 1877 4536 902 2370 2580 5739 5701 807 4711 3222 3528 4873 2009 336 5995 1441 5842 710 5199 692 1868 2849 2877 5825 2497 3257 5294 2537 1841 469 2051 756 5702 5571 5665 
231 383 254 0 0 247 241 512 512 258 237 512 512 47 4335 658 1820 2258 5648 2668 5271 4695 5412 1265 2569 2315 889 82 1498 997 4578 3038 4199 5135 4046 5183 4785 2559 31 2435 5595 1914 2523 1277 4843 3975 5532 3372 2439 2743 3593 5273 1849 2239 1075 2133 376 4566 131 784 5092 
232 257 254 0 237 0 0 393 512 258 512 260 258 46 3691 2961 5872 1892 1008 5398 4492 339 1900 4819 1146 2643 5707 3554 1213 2518 1361 5278 4167 548 1874 2326 1949 4090 3196 2289 1875 5462 4693 3294 1630 968 3708 5287 5026 3355 5156 134 1476 1102 3129 1962 4081 3195 4991 2562 
233 393 254 0 237 0 0 512 512 258 512 260 258 47 3871 3101 5929 1763 3588 2908 4316 3822 4229 5355 4853 456 2379 4249 5463 2296 5774 4891 5148 2541 1415 3039 5280 1388 1070 4735 2915 1120 1663 5881 3679 488 764 5389 5790 5104 4727 2461 2712 1656 5505 4311 5656 5831 2970 1383 4033 
234 257 254 0 237 0 258 389 512 258 512 260 512 47 489 1344 3911 2583 2480 124 2500 2816 2857 3543 3174 4939 5772 572 4417 1402 1078 4063 5685 103 1744 3269 530 1919 3 870 2760 3616 5165 3105 1777 110 4841 5158 672 459 3953 5482 2868 1812 4054 3518 4975 184 5050 3408 713 
235 389 254 0 237 0 258 512 512 258 512 260 512 47 2185 2086 1332 4674 2555 1086 4121 1288 3981 5232 1854 1382 1787 2160 2339 3081 3223 2045 3241 368 2170 5827 5573 5904 3619 650 4655 2672 1390 3615 3534 3636 1570 5297 916 5588 4628 2658 1594 4809 5498 3806 2738 4507 1452 3519 5506 
236 257 254 0 237 260 0 411 512 258 512 512 260 47 4855 5626 2944 163 2406 379 4515 2343 1643 3686 5461 1230 2197 4075 1391 2494 2825 3493 1510 980 3763 4342 2899 3814 2452 4416 4332 5616 3229 1597 5631 2385 3936 258 5637 2264 2103 1867 1899 5458 957 2673 933 1426 869 2076 2265 
237 411 254 0 237 260 0 512 512 258 512 512 260 47 5173 401 5146 5426 3890 2010 2782 5992 5343 4817 4874 4259 2509 4419 4936 2098 3097 643 1569 2871 1306 5804 3622 1194 2935 1079 4769 4405 4662 4488 2952 3931 813 14 1543 5745 4252 5755 301 5367 5747 3864 1647 823 520 5038 1547 
238 257 254 0 237 260 260 372 512 258 512 512 512 47 5344 4715 5733 1076 438 975 1855 2295 2199 1116 426 5866 3025 3735 1675 3805 1508 207 4906 3035 1308 4132 976 1473 4731 5555 2335 4630 1702 353 5185 1483 2252 3496 1025 2120 2937 4820 1187 5030 3190 3701 2661 4362 123 4129 4861 
239 372 254 0 237 260 260 512 512 258 512 512 512 47 894 630 1010 4599 1878 2586 5144 180 3103 755 352 5034 590 1119 2557 1021 3963 3262 5349 2721 2720 1144 848 4998 1003 446 4434 2640 3173 2866 231 3104 2834 433 3786 167 3685 3943 2730 2859 4402 5854 3337 3960 4141 2416 5325 
240 257 254 258 0 0 0 381 512 512 267 241 252 46 1804 2561 5326 1363 2545 1085 5586 5708 1221 3243 3141 2883 4554 5029 1532 1128 5667 5570 935 2167 2895 4228 1521 5270 5651 606 946 39 5565 2519 1173 5644 2277 374 707 5306 1384 4681 2902 159 1369 1604 3287 310 155 3826 
241 381 254 258 0 0 0 512 512 512 267 241 252 47 5889 5364 1927 5350 120 5606 2073 38 4580 4722 4467 4562 2934 4442 1778 5454 3055 457 2988 3765 3772 1519 4871 3112 3254 1244 3938 1325 4047 2737 553 4290 4760 2707 5663 3275 5666 5877 2683 3924 490 4120 668 4938 5740 1622 3553 
242 257 254 258 0 0 252 385 512 512 267 241 512 47 2206 4452 1762 3300 1706 1279 1157 732 3092 3664 350 4718 269 2454 255 2824 2613 3866 2191 318 4375 5776 5974 3113 3618 4455 214 5120 1311 5021 2012 5248 3122 3476 737 4812 593 5664 5726 5082 720 2894 4884 5137 4496 3358 1005 
243 385 254 258 0 0 252 512 512 512 267 241 512 47 4377 858 153 4813 5930 2325 247 3108 3992 5815 3193 1168 3406 3631 219 1723 5177 1142 965 2298 2304 3830 4062 3880 1192 5902 5000 41 3282 4548 2241 2815 3011 1893 834 5805 2762 4581 4274 5956 208 2949 3999 5836 1166 712 3973 
244 257 254 258 0 241 0 390 512 512 267 512 272 47 2383 5918 1992 4986 3317 4280 5947 5225 2696 4192 2927 4454 2448 1376 1371 4723 98 5638 2108 5839 5583 5312 3487 579 3283 2139 2314 177 4502 1353 3054 3220 281 5669 519 2496 3809 2462 2158 1380 3157 364 5473 3990 549 2334 1062 
245 390 254 258 0 241 0 512 512 512 267 512 272 47 3149 5859 4069 2427 971 1781 2482 89 415 1405 1673 189 3002 3413 1247 1533 3721 961 2783 4716 75 5179 2757 1217 5035 2014 1988 4436 3053 172 5346 2886 5414 289 64 4885 4117 5110 3231 3094 2977 1574 5434 5883 4008 689 4193 
246 257 254 258 0 241 272 363 512 512 267 512 512 47 3210 3446 1506 3709 621 1092 3909 2634 2075 4913 2602 3393 2599 1794 1894 2733 2077 2818 4258 2890 1531 1321 842 2044 598 5341 3268 5577 4443 3363 3925 3298 2028 2587 3068 3947 1589 5117 3058 5058 2328 2402 4685 3443 3930 5994 739 
247 363 254 258 0 241 272 512 512 512 267 512 512 47 2867 4155 3377 4929 2490 4535 3354 2327 221 5036 3460 4149 5779 4135 3085 4980 941 1410 1443 3050 624 4624 4231 2556 5499 5215 3347 5490 675 2784 4187 3357 2515 4639 2411 4412 4670 919 1792 2081 4373 3208 3898 3040 4856 5635 4210 
248 257 254 258 267 0 0 391 512 512 512 250 276 46 2914 1285 2705 3837 4864 1309 3529 3710 2349 5192 3598 2957 4398 3387 4136 1649 4833 3868 4424 1944 5803 3445 4555 4059 1674 1743 2534 649 1817 197 4489 1121 2517 2920 5111 816 1502 380 3575 1148 4453 3940 5989 3429 4857 1177 
249 391 254 258 267 0 0 512 512 512 512 250 276 47 1552 5116 2248 4888 437 4202 4414 1006 3669 1333 3459 148 1886 2731 2058 2829 348 2184 3120 3751 3655 4469 4021 868 4320 5518 419 745 5005 2144 3073 2947 1556 1811 5152 1751 2393 3591 617 3495 4623 977 1921 147 2083 2110 4596 
250 257 254 258 267 0 276 397 512 512 512 250 512 47 2299 2632 4177 4145 2642 4445 1845 885 3314 2380 1407 855 1342 5705 3456 2887 2457 2787 483 2532 1677 296 1593 3687 3240 3921 365 1997 4028 3646 5233 930 5147 3720 5141 3607 642 4532 390 1694 5662 3502 5015 3904 4725 4989 440 
251 397 254 258 267 0 276 512 512 512 512 250 512 47 240 396 5788 2391 4926 5046 1093 3292 2684 4209 1171 2850 4337 1375 1989 5421 5802 3585 5249 2863 4545 3233 2885 4370 979 3411 1980 5786 1995 3547 1722 2616 614 3603 2989 2257 550 3726 3422 3267 1449 5810 5020 5623 1316 1959 3733 
252 257 254 258 267 250 0 366 512 512 512 512 246 47 1029 5299 648 4444 1497 3798 154 317 2392 2039 5849 3137 2087 1122 5265 4071 4915 5592 2070 1646 3514 3707 1387 2400 3224 5004 3046 2340 1058 2739 1917 3418 1572 1163 1136 1667 1049 1197 2421 990 3481 4870 5402 1961 1715 4407 1616 
253 366 254 258 267 250 0 512 512 512 512 512 246 47 1211 2297 5940 3070 4505 2564 3128 373 2930 2889 2629 3525 2827 3741 3063 4546 1269 749 2535 1745 5353 4558 3423 4459 1588 1818 4227 0 805 372 1504 2121 4010 1400 770 3903 2092 4017 750 810 1555 3230 3432 2540 262 1526 4804 
254 257 254 258 267 250 246 383 512 512 512 512 512 47 856 687 2879 4520 5589 819 5140 2307 5170 2415 4166 5495 1629 3453 5400 4261 5600 2029 2419 5561 5321 3260 1074 568 1967 3828 2352 1349 5817 3171 402 4798 2551 4895 3486 3845 769 5948 514 1303 3334 5980 3198 5057 1661 1258 5101 
255 383 254 258 267 250 246 512 512 512 512 512 512 47 2105 3541 406 4800 2747 627 4908 3722 3706 4672 1320 2822 3962 4738 5513 1266 4793 5860 1188 4292 1843 1535 4744 2759 5564 2291 3913 5560 4951 4918 2313 904 3656 3592 3381 4449 1208 3080 3286 3500 1098 1577 3362 1292 3667 3417 35 
