256
256 0 0 33 35 15 1017 1160 2499 1844 1805 106 2621 1800 2996 2119 2418 2711 3368 2736 2880 
257 0 35 33 71 16 3304 522 1797 1985 3175 2372 984 3023 910 1658 1831 1614 449 18 2854 3717 
258 33 0 68 30 15 2663 3510 3648 3178 936 1337 1653 2878 3302 552 1257 3166 3199 605 825 
259 33 30 68 71 16 3535 1951 2330 3169 199 892 3305 3754 3170 3197 1394 2976 730 1367 828 896 
260 0 71 31 96 15 564 2847 537 2466 3378 3761 1138 1536 1786 681 3563 947 2273 363 454 
261 0 96 31 127 16 1712 3258 3555 3356 1281 1968 3933 1936 3966 3899 3158 3750 2186 3764 637 656 
262 31 71 68 103 16 395 3769 3248 1757 854 610 2441 409 332 2645 2329 1381 3783 2271 47 558 
263 31 103 68 127 16 744 583 2794 58 2116 2498 2445 2823 723 911 2873 2667 1856 1681 3087 838 
264 68 0 101 32 15 843 3576 2533 161 1863 2468 3045 1235 2713 2848 3062 2211 3084 2141 1125 
265 68 32 101 65 16 3215 1243 1219 1326 1808 2020 351 3491 1423 1323 513 685 2026 2287 1352 1061 
266 101 0 128 25 15 978 3984 822 2090 3713 1802 1965 1666 73 1494 2609 2242 65 3724 2069 
267 101 25 128 65 16 1847 447 3561 2362 2183 245 412 3444 1971 1819 788 2709 1495 1994 510 2938 
268 68 65 97 89 15 2874 3771 2567 3755 3827 3961 1755 2525 3860 2259 1716 512 481 1041 1799 
269 68 89 97 127 16 2662 766 736 673 3232 3832 2853 237 3071 2318 3014 1351 466 1346 2136 3182 
270 97 65 128 92 16 817 3191 275 3902 24 618 1782 1419 3944 2153 2019 2925 1842 3490 1256 11 
271 97 92 128 127 16 321 1253 2267 1730 966 30 3252 3859 2766 2981 3954 2987 133 3573 1082 3699 
272 0 127 38 152 15 3511 1924 3005 1430 3870 1747 3609 2838 1276 3557 641 2795 2495 2588 604 
273 0 152 38 179 16 3793 2698 863 2179 2546 2377 1551 3245 1004 3099 2958 2396 341 3743 1242 1331 
274 38 127 63 155 15 2487 3879 3824 3155 3184 3114 2697 1465 1632 2205 1250 3551 3447 2764 1879 
275 38 155 63 179 16 2651 1884 508 3850 3310 912 1665 1205 498 3183 288 1664 1703 1534 995 1100 
276 0 179 32 215 15 92 3345 2122 2474 751 3100 2718 3807 2769 2813 3477 2708 719 1590 849 
277 0 215 32 247 16 3177 2484 492 926 2715 3513 2978 3049 3596 2038 907 3718 2891 3249 80 2127 
278 32 179 63 202 16 1810 1167 534 631 2169 2703 1554 3559 413 840 463 704 3200 26 1487 2897 
279 32 202 63 247 16 3435 1140 934 1422 2112 3328 1738 3697 220 731 2926 1721 2389 3076 3855 3926 
280 63 127 96 162 15 71 1124 2630 3086 988 1910 2030 792 3662 2636 3371 2074 1987 1775 119 
281 63 162 96 189 16 2353 2671 2676 2146 860 1434 3297 312 3740 2176 1806 3521 2700 1568 1238 3242 
282 96 127 128 156 15 2243 182 1660 1596 1883 2797 3597 1416 555 1234 651 2892 3536 608 3029 
283 96 156 128 189 16 1134 2056 1397 2728 542 3747 857 2510 1055 663 702 1204 3489 2192 436 1748 
284 63 189 93 223 15 2460 62 270 571 1322 2229 609 2619 3668 967 2778 1540 3167 1641 3986 
285 63 223 93 247 16 3202 3881 1979 951 404 1031 914 1940 3067 287 1857 2951 2032 1164 1861 1984 
286 93 189 128 212 16 3194 1935 3339 3383 3041 3690 444 2244 2125 3965 674 249 778 169 3945 1982 
287 93 212 128 247 16 679 2956 1512 883 1916 1941 2558 1117 3790 2002 509 3093 1932 1401 3659 1026 
288 128 0 152 26 15 2165 3261 547 2194 1727 1414 3102 3047 2143 2031 2057 25 647 3464 129 
289 128 26 152 53 16 2172 1110 2710 2333 1553 1801 1928 2149 1318 765 160 3562 3674 682 3052 1054 
290 152 0 193 23 15 1448 1312 1869 3852 821 785 2982 1147 2303 830 298 3373 1248 3854 693 
291 152 23 193 53 16 2437 2096 683 2931 2317 1222 772 1904 2281 2777 2646 1067 166 388 3061 2837 
292 128 53 159 72 15 302 3270 3728 1909 2950 362 2536 814 1081 3968 499 465 1739 799 2590 
293 128 72 159 122 16 2600 2741 292 1654 2595 729 2246 890 3978 1490 3426 2727 2799 2869 3107 688 
294 159 53 193 80 16 2919 2729 55 1477 1420 358 3341 3834 1803 1613 198 2235 2359 3364 1975 3583 
295 159 80 193 122 16 1480 2876 3698 3877 2254 1657 491 1228 264 3212 2969 2337 1089 1457 1907 3894 
296 193 0 225 24 15 950 3442 3991 1609 2803 654 1268 577 408 3684 2511 1915 3001 2455 1682 
297 193 24 225 63 16 1740 204 2175 3732 798 1001 3608 721 2068 2251 1956 1287 1601 427 2216 1431 
298 225 0 259 30 15 431 2544 895 370 864 2025 127 2806 1902 2801 2722 2331 1558 726 2772 
299 225 30 259 63 16 2502 1600 787 472 3145 1912 541 143 53 3165 1047 115 1834 859 1969 1209 
300 193 63 227 86 15 1440 1095 2166 235 2364 1231 3320 3976 1108 3271 277 309 794 439 2995 
301 193 86 227 122 16 2292 3186 3441 3060 1456 3846 3779 360 697 3719 872 2610 3024 1592 3843 3545 
302 227 63 259 89 16 2278 3436 3344 3059 3901 1218 9 2680 851 1926 3746 2861 2053 1798 2625 1733 
303 227 89 259 122 16 2198 826 174 3663 3365 1618 3602 938 3306 748 1023 774 94 1341 1974 3179 
304 128 122 157 146 15 2150 646 2347 2204 897 592 2566 600 424 478 3810 2875 1129 1760 2622 
305 128 146 157 171 16 3299 993 387 2998 2805 853 827 2234 3818 3819 2955 2750 1484 2145 3291 1357 
306 157 122 188 146 15 3638 2305 1791 3858 1550 1444 303 3729 1891 3856 1796 475 644 322 1670 
307 157 146 188 171 16 2290 1693 4 3876 2524 786 84 1952 923 1226 632 3614 1012 2376 3595 2802 
308 128 171 155 207 15 462 2844 3725 922 1455 3395 3632 1518 3361 3140 776 1172 323 1580 102 
309 128 207 155 247 16 468 1462 3203 3821 252 2262 3188 917 3153 1507 3624 1254 2921 1404 638 578 
310 155 171 188 202 16 3653 442 3650 619 3693 2124 2022 2099 2768 2942 3239 3964 2508 2843 623 2980 
311 155 202 188 247 16 1399 3455 37 846 1161 2102 1139 615 1788 3989 1032 725 113 209 758 1020 
312 188 122 223 164 15 2963 960 2196 3917 3766 280 999 1155 452 1152 1048 705 1690 1582 1297 
313 188 164 223 191 16 791 241 3677 3842 1710 141 3569 3620 2094 3311 2449 2860 3143 3816 2932 1545 
314 223 122 259 150 15 2152 2209 2436 3127 1295 3581 2807 1373 16 664 3739 3051 3787 1063 1626 
315 223 150 259 191 16 114 2679 1515 175 3342 1945 1640 3935 2250 3072 3176 2245 3714 2790 2453 1463 
316 188 191 218 216 15 441 3833 2080 1621 2754 1713 1918 3517 3565 2624 2618 1695 1685 640 1319 
317 188 216 218 247 16 2231 2593 3066 2657 845 1832 2006 1765 1263 718 3914 1648 1823 2929 1019 958 
318 218 191 259 218 16 2986 2758 3389 3469 1446 2473 2717 1644 3556 2221 162 1587 417 443 2444 2804 
319 218 218 259 247 16 595 3439 3799 3878 178 1454 2896 2691 1615 1233 3401 2575 2585 1099 1850 1386 
320 0 247 32 279 15 2106 1123 1736 3825 716 837 2114 2132 3218 1115 696 1360 2306 533 677 
321 0 279 32 315 16 1564 3384 1696 908 1212 1925 85 267 1631 2293 3274 3512 2693 753 2088 1742 
322 32 247 58 283 15 1224 2652 3144 3192 1162 3610 700 1839 3506 1830 1761 1750 1044 3450 2483 
323 32 283 58 315 16 2732 569 3276 945 3630 1754 3836 486 2785 349 1825 3497 3558 2040 3244 100 
324 0 315 25 340 15 875 375 51 3010 3627 340 1858 2093 3503 1028 2917 955 1829 1741 662 
325 0 340 25 380 16 3057 1084 179 259 3949 1145 3348 3154 2071 1655 768 3812 793 2066 3773 3237 
326 25 315 58 340 16 1370 1684 1271 2367 1500 157 3213 714 1252 2210 2018 3649 3474 2635 3484 3034 
327 25 340 58 380 16 2512 227 529 2538 871 3678 1826 972 1313 3319 1645 403 1901 2412 886 3189 
328 58 247 101 275 15 636 3817 3285 2360 3130 2311 2213 1105 2374 773 3082 293 2756 546 2284 
329 58 275 101 316 16 3096 2467 574 2742 2979 543 1460 1864 1016 2381 841 1669 2215 502 3689 2181 
330 101 247 126 272 15 1766 21 142 3461 1030 3421 2960 2047 996 1294 2900 709 1784 2792 2527 
331 101 272 126 316 16 145 538 3412 1180 1783 2384 357 517 187 3896 2654 2723 1175 3795 1040 1561 
332 58 316 88 351 15 2664 611 238 3366 158 3351 2841 1435 2724 2048 2342 1255 801 329 3633 
333 58 351 88 380 16 3077 170 903 505 90 738 3075 1576 138 3284 2310 956 70 3471 328 3808 
334 88 316 126 348 16 3187 3775 635 1468 706 1634 2992 2187 3639 3480 1671 1840 3737 3427 285 3390 
335 88 348 126 380 16 3021 3135 3851 2665 151 294 1970 2407 2283 3004 866 3893 2320 418 963 1447 
336 0 380 29 408 15 1389 1686 1071 880 1679 2463 2954 2134 2361 3863 556 17 3695 261 3318 
337 0 408 29 431 16 1051 3767 1708 3941 3089 471 1642 3032 2055 2344 634 2423 1573 943 2539 203 
338 29 380 61 396 15 3660 3734 1372 2430 3952 146 3673 518 3727 3957 1114 653 3037 1756 27 
339 29 396 61 431 16 782 196 430 108 2023 1412 3172 1753 1769 2059 2608 3801 2266 1683 915 1624 
340 0 431 31 468 15 1174 1064 2388 2301 1432 1083 760 3515 1973 1579 928 3900 1207 3290 3703 
341 0 468 31 512 16 257 3462 1957 3109 1725 2458 3470 1185 319 1103 3658 3977 3134 781 515 3533 
342 31 431 61 464 16 1284 3288 2852 2796 891 2140 1749 3000 3479 982 3998 3430 2486 2126 1000 2261 
343 31 464 61 512 16 2898 741 3969 1491 3125 1165 3325 2491 1729 1113 3919 3016 3438 299 1499 3048 
344 61 380 91 416 15 2735 2656 1539 276 3748 1262 3398 998 2060 3635 3657 3343 3124 2582 1542 
345 61 416 91 447 16 1314 1183 3003 2282 3136 295 1527 3589 325 2123 2489 1785 879 1862 3247 3848 
346 91 380 126 402 15 3844 1549 670 2294 1888 1619 3458 3336 344 580 3323 3774 3123 3350 1954 
347 91 402 126 447 16 493 1330 1178 3526 482 60 1560 2694 867 2285 2062 3180 1571 952 1471 2350 
348 61 447 97 473 15 3098 775 12 2690 217 1993 1467 2157 494 1421 205 1283 52 3937 3670 
349 61 473 97 512 16 1700 3326 3642 1517 290 2644 1259 216 2786 777 3332 2649 213 2089 2309 271 
350 97 447 126 473 16 3369 63 703 1636 2203 3891 105 3272 2808 72 3702 2354 1525 3560 701 3951 
351 97 473 126 512 16 802 3873 3939 698 1898 3074 3386 983 2438 3671 165 1773 796 554 383 3375 
352 126 247 153 289 15 2543 905 223 1080 803 2178 2425 1045 873 1039 2812 1813 1011 1717 655 
353 126 289 153 319 16 3625 46 2530 3736 1232 2428 3889 2085 757 3579 3009 3012 2033 3544 780 3928 
354 153 247 190 276 15 1241 3008 1186 2220 315 243 2965 2341 2274 414 1223 1734 448 3226 265 
355 153 276 190 319 16 584 2003 1398 622 1278 3333 2322 1182 2552 333 3205 2916 3912 2043 3907 445 
356 126 319 154 343 15 1474 1565 1544 1304 3214 1780 2746 1293 2193 2826 1220 3568 2617 1851 3017 
357 126 343 154 377 16 2577 320 421 74 1196 1458 1437 3472 3621 2414 3478 1037 724 1068 2162 2042 
358 154 319 190 343 16 3996 3867 3498 1126 806 2375 3796 2410 2828 1699 2171 42 1822 920 767 474 
359 154 343 190 377 16 2286 3433 740 2228 1338 3078 2253 3266 3942 561 1347 434 1880 1986 2550 3675 
360 190 247 229 299 15 3982 3056 3088 1131 1963 3738 2115 660 3015 2820 1603 191 3132 2597 3574 
361 190 299 229 321 16 2177 1052 2488 2984 96 3872 3090 2959 603 2507 2666 2554 2131 1340 3391 1249 
362 229 247 259 278 15 1789 1947 164 937 2763 2399 2366 118 1559 3599 2200 829 1029 286 1824 
363 229 278 259 321 16 2202 139 797 1395 1728 3509 425 2638 516 3641 3321 1214 1607 3296 2918 2514 
364 190 321 230 346 15 3322 1270 2568 2997 2605 2740 3217 2276 1150 2612 2975 596 150 335 2940 
365 190 346 230 377 16 2223 5 56 3465 28 544 399 3744 1958 2001 2049 2775 149 2275 906 3781 
366 230 321 259 346 16 3723 560 495 3126 991 3400 1605 2383 2390 1260 3396 1285 2939 3712 1328 800 
367 230 346 259 377 16 1698 2034 3548 244 32 2207 3201 334 2633 856 1159 566 691 3995 1362 3340 
368 126 377 153 401 15 2999 2190 1978 1705 121 3897 3148 2013 1267 809 2378 850 36 3887 2067 
369 126 401 153 437 16 3485 1198 3985 3020 1625 2451 599 3546 3549 1846 3892 1933 206 337 202 1176 
370 153 377 183 401 15 1732 815 2316 497 128 2526 2373 1714 2459 3922 1485 3971 222 531 3385 
371 153 401 183 437 16 1937 3482 3542 1280 3956 2037 1942 2626 3604 2225 1013 464 116 2830 2368 3776 
372 126 437 152 471 15 594 2752 2464 1033 3234 3379 1774 477 2269 1301 1505 2800 1871 2104 236 
373 126 471 152 512 16 2719 877 2401 1496 1133 3946 1181 1132 342 1245 1199 2542 811 699 924 2641 
374 152 437 183 460 16 2706 369 3181 2521 1442 2357 974 2911 887 1599 2678 2355 1135 2324 215 3800 
375 152 460 183 512 16 3042 99 15 316 181 3451 3185 2734 2884 2398 2765 3508 1610 2061 394 86 
376 183 377 229 412 15 3026 2174 3572 3594 34 1546 581 3397 545 2615 3932 3434 3885 2358 311 
377 183 412 229 446 16 2429 3504 1726 2404 3407 2607 1562 1227 585 422 2810 2147 2386 1072 1377 1557 
378 229 377 259 418 15 573 230 228 2573 1848 3256 3539 1486 2212 2142 2591 3950 1853 2493 1885 
379 229 418 259 446 16 2004 1022 808 1809 1983 1776 2914 1575 1929 2505 2682 1606 2771 711 2206 2279 
380 183 446 220 469 15 1955 3838 2226 3410 2584 470 2513 2933 3278 192 1930 3831 3716 1711 3359 
381 183 469 220 512 16 266 2571 1470 2819 3972 1633 3762 3255 2109 3759 1906 2572 602 420 2052 2773 
382 220 446 259 483 16 3906 3263 2704 633 2670 2201 3629 2017 1635 2814 3473 715 1130 831 1149 2967 
383 220 483 259 512 16 2232 3352 1938 3119 256 3993 3007 2501 1746 1804 1073 2180 1104 3803 1524 944 
384 259 0 287 35 15 3742 1837 2154 2913 645 2831 526 2456 1236 3788 2923 3083 1833 1127 2798 
385 259 35 287 69 16 3643 2395 3259 1676 586 1406 959 2594 1815 1627 144 2387 2082 3613 1378 3164 
386 287 0 328 29 15 3757 2943 2338 1385 504 2195 881 2596 1050 2946 132 1529 2064 2050 88 
387 287 29 328 69 16 224 1523 2870 3468 528 229 2948 2168 3654 2011 1438 378 1998 3246 3688 3841 
388 259 69 297 100 15 1158 168 2382 69 2346 1881 1179 3584 3782 576 1439 2924 2973 185 3227 
389 259 100 297 130 16 460 1628 3908 91 601 400 779 527 901 8 1758 1091 587 783 1718 970 
390 297 69 328 98 16 343 2520 1835 306 3043 1336 2660 2000 2548 3409 1759 392 616 839 628 2084 
391 297 98 328 130 16 2065 3905 2570 1203 1190 359 3494 6 2420 3580 939 1109 1530 218 135 3106 
392 328 0 355 31 15 2910 3324 201 2553 3835 3777 384 747 455 2702 1035 461 2835 2907 2027 
393 328 31 355 71 16 2097 2776 2504 2809 1425 3745 1996 667 2985 2230 1396 1364 1934 2669 1537 3505 
394 355 0 382 29 15 3916 2443 2856 1828 2726 694 3033 200 1513 2173 2272 2182 562 2408 3882 
395 355 29 382 71 16 565 1764 1296 1141 2481 3030 87 2155 366 992 3869 3488 2793 188 3524 109 
396 328 71 353 90 15 3923 3789 3414 3979 2628 326 2516 29 1612 2695 1889 1511 2687 2137 994 
397 328 90 353 130 16 314 234 2485 2113 410 1 665 3815 233 1009 3587 2465 7 3756 1014 2833 
398 353 71 382 97 16 3425 932 2218 3236 1816 2964 2356 1768 2846 2312 2054 40 361 3983 2606 3463 
399 353 97 382 130 16 524 2749 3875 1946 942 666 2477 500 1315 2589 2469 2072 3449 3758 865 3069 
400 259 130 288 156 15 3452 2008 480 194 2161 722 3617 66 948 1541 3308 551 3637 1890 2560 
401 259 156 288 196 16 3974 1701 1595 248 1966 1202 3150 2219 597 1895 3753 1704 2893 852 496 2578 
402 288 130 320 167 15 2547 2971 195 3955 1348 847 1350 2855 1852 2442 432 239 44 1931 3095 
403 288 167 320 196 16 3915 708 3770 487 1905 1097 985 3861 2968 278 2529 3704 3420 1637 2905 3651 
404 259 196 285 224 15 3335 2222 1060 1461 3370 338 2872 1286 279 1638 884 913 3590 921 1272 
405 259 224 285 256 16 1327 925 2928 1827 2692 1478 625 2422 1520 535 927 1374 540 1379 3647 1900 
406 285 196 320 232 16 3219 297 3402 536 3768 3044 1195 824 377 3293 1528 893 1200 1920 728 107 
407 285 232 320 256 16 2397 3399 1752 3857 20 1913 2753 3022 2348 3586 1943 2699 416 1578 3538 1795 
408 320 130 358 166 15 2214 3315 1417 1876 3146 1617 3997 473 1514 3330 1939 1343 3874 1305 3138 
409 320 166 358 197 16 3730 3804 1112 2903 3987 2447 1403 1821 1445 2128 367 2476 2882 3920 652 1151 
410 358 130 382 170 15 2369 2095 3501 1611 507 1887 2789 152 686 3910 2659 2677 3380 1329 3394 
411 358 170 382 197 16 1392 1077 2332 2321 3161 964 3289 1620 1143 1896 1489 589 2472 2945 3778 2581 
412 320 197 348 229 15 2479 3820 345 1229 3715 3967 2446 989 2371 1585 3694 1345 2549 759 591 
413 320 229 348 256 16 2767 2639 1772 2817 2433 3064 607 3162 2922 2394 2647 97 304 2840 1481 2365 
414 348 197 382 218 16 3415 981 101 1903 1608 918 3523 3280 1689 3540 2744 539 818 1298 620 1719 
415 348 218 382 256 16 2302 2780 3792 43 2751 3853 2675 3532 3265 3813 3151 1036 2614 3958 2148 2661 
416 382 0 408 27 15 501 1137 3457 2842 3499 1897 3980 2323 1413 2592 2993 305 3216 190 186 
417 382 27 408 55 16 613 232 1707 3531 76 3994 1672 1096 2130 2079 3666 909 2631 2565 2024 752 
418 408 0 442 19 15 3131 1088 557 2990 2434 3353 386 1201 2648 3031 282 3692 251 274 836 
419 408 19 442 55 16 1366 789 3811 727 3295 2063 1923 2345 1735 2016 1043 735 754 899 268 657 
420 382 55 411 92 15 1393 2263 3338 2007 458 250 3634 1433 3507 2046 2620 2151 1953 226 1106 
421 382 92 411 133 16 3028 1354 3466 385 795 1170 1034 2424 1503 1299 3250 3221 1087 878 2270 1359 
422 411 55 442 95 16 929 1964 2881 1264 511 253 2862 210 49 2974 874 1193 588 398 3711 1771 
423 411 95 442 133 16 1206 3392 969 3640 3312 1156 1216 435 2280 1493 3849 2163 156 3006 1282 3644 
424 442 0 475 32 15 1101 1872 3606 307 1154 2450 1688 1237 3794 1368 1652 93 3522 3705 3564 
425 442 32 475 59 16 3139 2851 661 3327 2623 246 3700 523 2308 1691 521 3013 3784 356 1639 1428 
426 475 0 512 22 15 283 3404 833 1793 22 567 140 1475 1767 2336 1427 986 1409 3159 54 
427 475 22 512 59 16 428 1153 1662 1450 695 743 2983 2845 2236 2475 59 3437 451 450 3065 2655 
428 442 59 477 86 15 949 1090 820 3570 940 3204 1302 429 2135 1790 2403 3346 1239 2936 2611 
429 442 86 477 133 16 761 1709 3467 391 1107 3530 125 563 2021 260 3492 3238 111 1991 659 1807 
430 477 59 512 89 16 1581 3091 1024 3331 1859 382 1882 671 300 1678 173 3628 346 1770 1065 1059 
431 477 89 512 133 16 3612 1697 717 407 2237 3601 2471 1838 331 1602 10 3147 3884 3382 57 2832 
432 382 133 414 171 15 2839 2725 45 3475 2714 1492 1317 171 1538 2864 33 3823 3934 3018 212 
433 382 171 414 206 16 2791 272 2858 1453 612 3611 1779 2745 330 2755 3791 1429 2431 2440 1358 1584 
434 414 133 448 174 15 1659 1018 678 3376 3752 2681 2503 3520 50 411 81 3797 2117 575 1300 
435 414 174 448 206 16 2770 1424 734 898 423 1999 1990 1598 962 1977 3566 1339 284 1274 1246 3552 
436 382 206 415 228 15 2091 2111 389 3571 308 2716 3428 1651 324 3036 3079 3645 1516 1324 900 
437 382 228 415 256 16 2865 3577 2774 1261 122 1650 1066 3349 2118 3235 2078 832 211 1240 3118 1111 
438 415 206 448 227 16 1042 3228 3329 3405 2574 1027 3133 3440 2953 582 1583 3929 862 3578 3550 2901 
439 415 227 448 256 16 2256 104 2966 3117 1335 2 83 3419 1210 2650 2598 2005 1184 3273 2731 2435 
440 448 133 481 164 15 1873 2470 2788 987 3207 263 78 3156 763 1225 2426 1002 3886 3676 2688 
441 448 164 481 195 16 381 2909 835 2238 3316 1118 137 1720 2101 3424 2492 1563 2036 812 3680 953 
442 481 133 512 155 15 2604 2189 2249 3527 77 1692 3760 1948 3683 3019 1053 3681 3115 2288 3780 
443 481 155 512 195 16 3116 3623 1981 2240 3802 193 3209 3731 503 3121 1007 1472 2129 3988 1251 1289 
444 448 195 480 237 15 882 2781 136 2409 3110 19 1976 954 973 1865 876 3279 3303 2994 2319 
445 448 237 480 256 16 1482 3970 3682 1623 1094 746 1411 2156 1169 467 3168 371 3225 3665 2579 525 
446 480 195 512 228 16 2941 130 559 2217 3661 2413 13 2363 3537 2637 2603 1056 479 676 2748 3626 
447 480 228 512 256 16 1731 570 3895 1960 176 3264 1355 1290 3206 3652 3847 3251 3883 931 67 2653 
448 259 256 291 290 15 2927 975 1855 313 339 2500 648 95 1008 379 1221 2522 3664 2406 885 
449 259 290 291 323 16 317 1497 2392 2307 1085 1706 1275 3529 1122 393 2087 2295 1762 626 2299 3691 
450 291 256 328 288 15 98 1361 2370 3196 2197 572 935 3554 1213 3828 1074 2887 1342 3456 1402 
451 291 288 328 323 16 2077 807 3163 3618 3448 3514 976 3283 1646 2448 3269 1675 902 2563 568 1949 
452 259 323 291 354 15 1076 3911 819 2879 1157 687 1146 3454 1191 1506 3027 1845 1046 350 2912 
453 259 354 291 382 16 2380 2583 2561 1407 2962 3092 861 124 2432 2199 2857 2545 1363 1892 269 3253 
454 291 323 328 357 16 3543 1950 3367 2070 1744 1128 3035 3403 3686 354 2191 1365 2029 1116 483 1643 
455 291 357 328 382 16 2352 1532 3222 1376 207 214 3516 1674 23 2343 3171 1944 2580 2419 1349 2247 
456 328 256 349 277 15 3220 1593 2009 402 3298 2277 598 2138 3947 177 3476 1441 2494 606 2739 
457 328 277 349 313 16 1501 3046 1163 3105 2674 804 1589 3921 3687 2849 1173 3496 336 3122 225 2035 
458 349 256 385 280 15 364 2899 756 3607 2497 2402 1049 549 159 2689 1010 3845 894 1005 720 
459 349 280 385 313 16 684 3195 3481 1476 2894 642 3990 3930 3301 2496 2051 1841 380 930 459 1479 
460 328 313 349 349 15 2012 1391 2877 1136 1702 2252 2920 3363 870 2028 506 281 2937 2587 2534 
461 328 349 349 382 16 3708 3605 1817 2519 2760 1572 1353 3309 3240 1510 3528 353 39 968 1121 2314 
462 349 313 385 352 16 2761 532 110 1211 2328 3826 3070 1604 3959 1694 2867 1597 1737 3377 2811 3198 
463 349 352 385 382 16 2188 1616 1380 3575 1310 68 1502 3190 2991 184 1961 273 2158 1102 593 1303 
464 259 382 288 420 15 2531 2227 762 3837 2480 3710 2705 2454 3446 3141 2039 1092 3393 3909 2602 
465 259 420 288 442 16 732 2816 2632 3210 3211 1509 1992 2824 1279 2642 2696 3314 1309 2883 3317 3300 
466 288 382 322 408 15 2457 3865 3374 1794 1321 855 2208 2233 2326 3862 3260 3025 2108 579 1508 
467 288 408 322 442 16 3174 1473 1875 3387 1967 3868 1371 2890 3805 2518 1894 1649 3453 3735 1408 2643 
468 259 442 291 476 15 3243 2634 438 2961 2075 154 2944 255 1870 2576 1629 3709 291 3142 621 
469 259 476 291 512 16 771 183 3798 3598 1344 163 2415 489 2836 3137 2686 2888 3483 484 2349 1814 
470 291 442 322 474 16 2818 2787 1531 629 3487 1874 3416 2613 1308 3152 2733 426 1877 2289 1387 2599 
471 291 474 322 512 16 2701 355 1586 548 842 2400 1230 3224 3707 3445 2957 318 3113 1078 3866 103 
472 322 382 352 406 15 1743 1311 197 1667 742 3646 3160 2340 1483 2517 1630 1922 3418 1521 1868 
473 322 406 352 442 16 3 2551 3925 2335 1307 2421 3582 980 3068 1919 649 2139 3672 707 2120 2825 
474 352 382 385 414 15 3518 3701 3953 310 2490 1384 733 3809 3334 1548 690 3814 2297 2972 3720 
475 352 414 385 442 16 3358 672 2868 3443 2107 1962 2452 2478 3157 1148 134 2537 3257 1866 990 816 
476 322 442 348 478 15 737 3294 3268 112 2167 680 3054 2532 365 530 1677 2685 1058 692 485 
477 322 478 348 512 16 710 1418 1025 3493 2044 3616 1917 3277 347 2159 2895 946 296 374 1777 1997 
478 348 442 385 485 16 3287 390 3355 469 1197 3229 3940 2902 630 739 476 1187 123 1369 1466 155 
479 348 485 385 512 16 2462 1567 1459 1258 3763 844 514 3696 1661 1812 769 519 3486 1715 3058 3129 
480 385 256 416 287 15 3108 1288 3085 858 3588 2564 3822 1763 2821 2586 2417 933 2300 2629 2105 
481 385 287 416 326 16 2569 3981 1086 2482 1820 2668 2334 2627 1038 1867 3936 3890 713 1093 258 889 
482 416 256 450 282 15 1588 3193 1843 1266 1410 1488 3655 3741 3050 2720 979 2721 643 3721 3388 
483 416 282 450 326 16 1673 2784 1498 3631 2509 3765 3406 1778 1787 457 941 3749 2885 1375 3839 368 
484 385 326 414 358 15 1062 1177 1215 2427 3460 869 3567 2264 3431 971 1552 1899 396 221 2103 
485 385 358 414 388 16 2391 1781 2041 3101 2889 247 2265 3525 180 1878 957 1332 2673 2258 1668 1927 
486 414 326 450 352 16 3097 1566 3120 1687 3055 2863 965 3038 1189 1382 1886 3103 352 2160 2010 2827 
487 414 352 450 388 16 3963 1119 3281 2058 1168 1723 1142 1569 1333 2379 1914 3622 3772 2850 3254 2170 
488 450 256 481 300 15 3603 327 3785 2405 0 1120 3307 3381 3938 2779 1860 868 1522 231 3636 
489 450 300 481 324 16 3830 1995 790 2515 1192 433 2257 1388 1811 2411 2866 1818 2640 2291 3534 2989 
490 481 256 512 294 15 1469 1166 2416 1893 2970 1452 131 147 3267 834 2133 1921 64 376 3208 
491 481 294 512 324 16 3600 3519 3927 1577 3999 784 1292 3943 3286 2762 262 208 3094 3948 1656 689 
492 450 324 482 347 15 3975 167 2081 764 1911 3372 3275 1722 2439 745 14 2947 1980 1079 614 
493 450 347 482 388 16 3786 61 3619 1849 1504 1356 1325 1988 1075 3593 1390 1663 3656 289 3173 553 
494 482 324 512 349 16 3591 3422 3924 1098 617 3040 1555 2092 2110 2393 2461 2712 2540 3417 750 1449 
495 482 349 512 388 16 3903 712 3495 3898 2904 2658 490 2859 2730 3011 3726 2241 2601 397 301 3230 
496 385 388 421 427 15 2822 153 120 1320 2327 3992 2528 3904 373 2562 406 437 2076 3354 3128 
497 385 427 421 452 16 3840 2073 2325 1451 2747 669 401 3063 2086 2385 1265 2506 3871 3962 3429 117 
498 421 388 444 411 15 2535 3413 1745 3002 624 749 2296 2339 1144 219 2684 3241 1989 3585 2556 
499 421 411 444 452 16 2783 348 2559 3223 1533 1908 2829 997 456 1269 2045 1436 888 961 1003 848 
500 385 452 418 479 15 89 82 126 254 658 3502 1836 1006 2248 1854 3722 38 2555 1405 2185 
501 385 479 418 512 16 3149 3292 2908 440 240 639 627 3541 3408 48 2315 1426 2930 415 405 3706 
502 418 452 444 486 16 2934 1021 3262 1188 31 3081 2782 3669 1171 3360 1519 3751 1443 590 2164 1057 
503 418 486 444 512 16 148 2906 3233 1247 675 1972 2268 2988 3347 755 2098 3459 3829 2184 2557 189 
504 444 388 474 419 15 1069 2871 2707 805 1194 1217 2616 904 2541 2144 3931 419 1277 2313 650 
505 444 419 474 446 16 3053 2304 3880 2737 1273 3357 2915 1244 2298 3918 2759 2121 446 3913 3111 1070 
506 474 388 512 420 15 3864 977 1556 1526 2015 668 3960 3973 1015 1724 2351 1591 3667 1647 810 
507 474 420 512 446 16 3553 2224 1792 488 1959 3080 1291 520 770 1383 2949 1543 3685 3592 813 3073 
508 444 446 476 476 15 919 2935 1464 172 3615 3547 1570 1334 2757 2014 1415 453 3423 2255 916 
509 444 476 476 512 16 2834 2743 1306 3888 3411 3104 2886 2100 3112 75 2672 372 3039 2523 2952 1535 
510 476 446 512 469 16 3432 823 3337 2083 1680 2683 3806 2977 2260 3282 35 3231 1751 3362 2239 550 
511 476 469 512 512 16 1316 3500 3313 3733 1208 3679 1547 1594 79 242 1622 1574 1400 2815 41 2738 
