512
512 0 0 0 0 40 136 126 110 11 3950 1615 4331 4111 5388 20 4843 2180 3361 239 5765 
513 40 0 0 0 128 136 126 110 12 1540 2244 4239 505 4216 4088 2684 1552 3644 3356 1324 4543 
514 0 0 0 110 51 136 126 268 11 1720 5433 2022 5002 3409 1741 2776 5014 2877 1621 2852 
515 51 0 0 110 128 136 126 268 12 5298 4566 1099 2586 1689 454 1031 4105 231 4996 5266 3794 
516 0 0 126 0 68 136 259 139 11 1365 2017 2882 3937 3366 4039 2990 5129 3583 5436 4262 
517 68 0 126 0 128 136 259 139 12 2590 477 2766 2094 1754 1845 4655 4474 661 3177 267 5975 
518 0 0 126 139 27 136 259 268 12 1108 4400 1998 5730 5587 4899 1105 5022 3864 1936 585 4871 
519 27 0 126 139 128 136 259 268 12 349 3703 926 4955 1915 5076 3016 2591 2851 3 1941 4062 
520 0 136 0 0 55 264 106 105 11 5927 5172 1304 2485 5668 5361 5766 2084 1996 4910 1844 
521 55 136 0 0 128 264 106 105 12 2330 5045 1986 5883 2612 3854 3343 3090 1980 4961 3067 1403 
522 0 136 0 105 59 264 106 268 12 2767 3900 1116 2176 5736 4024 3771 2100 1769 1617 1544 4483 
523 59 136 0 105 128 264 106 268 12 2530 1005 1107 5746 4369 517 406 4476 5977 1152 5719 1177 
524 0 136 106 0 68 264 259 146 11 3354 3841 3765 592 861 4447 1556 4925 254 2900 4038 
525 68 136 106 0 128 264 259 146 12 2994 4702 444 2927 3021 1405 1340 3903 3026 5699 22 3817 
526 0 136 106 146 46 264 259 268 12 3940 5271 5256 4898 1677 5472 5661 1487 3618 2960 3442 726 
527 46 136 106 146 128 264 259 268 12 126 531 3914 5915 2093 2562 5540 4795 5843 5475 4155 2135 
528 128 0 0 0 179 130 103 105 11 4128 198 4044 981 1246 212 2184 548 2465 326 2314 
529 179 0 0 0 253 130 103 105 12 3883 1088 135 1595 3784 1651 3082 5665 634 4667 1912 2745 
530 128 0 0 105 209 130 103 268 12 3251 1070 2698 3502 752 5739 1433 2086 2964 205 2657 1402 
531 209 0 0 105 253 130 103 268 12 3370 2245 4185 5465 5923 451 5071 3933 376 4025 5130 5748 
532 128 0 103 0 157 130 259 172 11 2610 5482 1062 5791 1426 2779 3324 1553 4077 3143 2833 
533 157 0 103 0 253 130 259 172 12 3137 2618 3120 4467 3955 4091 1703 2635 4950 350 1850 2269 
534 128 0 103 172 188 130 259 268 12 3594 1098 1164 5594 436 4373 4804 4680 5777 1485 2434 2109 
535 188 0 103 172 253 130 259 268 12 4537 4931 2344 615 3398 2148 2786 3038 5058 3262 4328 5151 
536 128 130 0 0 178 264 141 132 11 3077 1947 1938 1314 5803 3419 5609 149 603 5709 21 
537 178 130 0 0 253 264 141 132 12 3967 3338 246 2374 899 5283 1561 1603 5717 2217 1479 1793 
538 128 130 0 132 183 264 141 268 12 2835 4643 3529 500 5650 1315 238 3032 5137 3085 5752 3154 
539 183 130 0 132 253 264 141 268 12 761 1993 3269 2040 5181 5409 2052 5838 2848 362 3319 739 
540 128 130 141 0 210 264 259 130 11 3295 1355 4311 2006 1171 1234 579 5499 5131 1369 5604 
541 210 130 141 0 253 264 259 130 12 1950 2328 4404 982 3870 5906 3323 5986 5555 4901 4318 967 
542 128 130 141 130 184 264 259 268 12 4188 702 5414 4449 587 1977 4249 5734 983 3920 880 1824 
543 184 130 141 130 253 264 259 268 12 1765 5066 105 1080 460 2011 3980 665 2728 2123 3499 795 
544 0 0 0 268 64 145 133 376 11 2881 1173 2563 5500 2884 2673 3998 472 2159 1343 4028 
545 64 0 0 268 130 145 133 376 12 5334 3039 3932 941 5743 4270 137 927 270 5978 309 99 
546 0 0 0 376 48 145 133 32 11 5138 5689 150 2102 421 1362 5960 54 2000 3364 5954 
547 48 0 0 376 130 145 133 32 12 5585 57 2234 966 3971 3353 232 2170 5212 4525 4618 1926 
548 0 0 133 268 57 145 259 379 11 4681 2112 2778 1744 1826 3493 4023 5660 4362 5716 2831 
549 57 0 133 268 130 145 259 379 12 2704 2694 4143 2110 3966 5636 589 1756 3429 2225 2944 3141 
550 0 0 133 379 78 145 259 32 12 3812 5368 3215 1887 9 3069 5794 146 4502 5870 4557 5662 
551 78 0 133 379 130 145 259 32 12 206 5908 4805 1430 1127 3247 2873 1578 968 1847 2569 3729 
552 0 145 0 268 52 264 130 397 11 5320 547 627 929 5944 1593 5063 3053 3327 5524 3424 
553 52 145 0 268 130 264 130 397 12 2228 5167 5997 2772 5407 5556 1963 208 5036 2346 832 3087 
554 0 145 0 397 43 264 130 32 12 501 4021 5157 938 3009 4452 5726 1622 5303 369 4831 1951 
555 43 145 0 397 130 264 130 32 12 969 5046 4022 1987 4747 2860 4887 4861 5871 5788 560 1050 
556 0 145 130 268 57 264 259 384 11 5695 1905 1891 745 220 3488 5999 5523 1907 5357 838 
557 57 145 130 268 130 264 259 384 12 2091 2288 1860 1170 2308 3893 4716 3347 4011 656 4600 5184 
558 0 145 130 384 63 264 259 32 12 1837 5935 5658 1920 3518 2839 4016 4168 2003 4507 4538 3968 
559 63 145 130 384 130 264 259 32 12 2315 3036 1319 2509 2644 2740 5210 5982 3540 4558 1163 4829 
560 130 0 0 268 187 124 151 390 11 2309 3588 2494 1178 1962 1838 619 2195 103 3109 2376 
561 187 0 0 268 253 124 151 390 12 2419 1728 2008 5537 869 784 2350 4642 2171 42 3989 4976 
562 130 0 0 390 169 124 151 32 12 2114 5162 540 3972 3928 1858 1425 3702 5762 59 4385 4714 
563 169 0 0 390 253 124 151 32 12 2957 485 2892 2988 5438 5450 1417 5607 1691 3604 2056 3159 
564 130 0 151 268 206 124 259 395 11 2272 4531 4468 5364 913 4798 2202 4705 67 1857 4943 
565 206 0 151 268 253 124 259 395 12 3144 256 3119 4084 1791 3721 3150 4916 4818 4821 368 3996 
566 130 0 151 395 194 124 259 32 12 2913 1034 1020 2221 4733 5626 3930 3057 1662 2663 1569 4757 
567 194 0 151 395 253 124 259 32 12 5823 1502 5599 358 5385 3457 594 2453 1566 4414 5399 4518 
568 130 124 0 268 201 264 117 357 11 1974 4017 4051 4815 4802 759 814 3951 4549 5201 951 
569 201 124 0 268 253 264 117 357 12 3458 1929 226 3770 6 3798 1463 508 3211 5416 5495 2923 
570 130 124 0 357 190 264 117 32 12 1247 4302 495 3293 4274 1788 2876 4648 2841 4365 3014 5213 
571 190 124 0 357 253 264 117 32 12 5030 3309 4661 4148 695 61 3386 1573 785 2451 3866 5547 
572 130 124 117 268 190 264 259 380 11 4754 5229 1817 5769 2637 3448 1197 5642 1444 2855 3015 
573 190 124 117 268 253 264 259 380 12 1819 3789 991 3614 2460 1652 2098 431 722 1674 1219 2431 
574 130 124 117 380 172 264 259 32 12 3497 1469 51 3956 5669 2535 1422 2659 1398 4228 3121 867 
575 172 124 117 380 253 264 259 32 12 447 3691 2034 3593 4904 402 1305 3988 2695 1132 1527 244 
576 0 0 259 0 46 120 394 106 11 2550 1853 199 3891 1531 3654 3509 5362 5149 5539 1563 
577 46 0 259 0 120 120 394 106 12 3853 1848 4774 1249 56 4790 4834 1515 2165 4830 4099 588 
578 0 0 259 106 60 120 394 252 11 915 4177 1653 1771 1633 4499 3869 1416 3901 2613 5147 
579 60 0 259 106 120 120 394 252 12 4951 3302 5282 2652 1241 697 5663 760 2444 3532 1501 5031 
580 0 0 394 0 59 120 32 108 11 5952 223 3777 2096 5656 5898 5957 5384 3711 5275 3066 
581 59 0 394 0 120 120 32 108 12 806 10 3807 2930 3566 4372 973 1036 1018 5337 1894 3012 
582 0 0 394 108 24 120 32 252 12 4376 3659 4251 3647 5576 5485 2053 5861 2440 3633 410 3597 
583 24 0 394 108 120 120 32 252 12 5448 4097 4060 1224 3826 3422 401 452 2265 3581 1904 3102 
584 0 120 259 0 76 264 398 95 11 1794 5938 871 659 3346 2127 5326 2253 1762 895 1385 
585 76 120 259 0 120 264 398 95 12 4356 4817 5880 4572 4570 5074 3648 2404 4823 3616 3923 1250 
586 0 120 259 95 46 264 398 252 12 4796 3317 4651 2854 727 112 4959 4382 4454 4381 1455 4374 
587 46 120 259 95 120 264 398 252 12 2068 1172 366 3582 4493 3062 2910 5713 1800 663 4204 3441 
588 0 120 398 0 55 264 32 88 11 3374 2546 2121 4147 3839 3810 5102 3349 550 815 4291 
589 55 120 398 0 120 264 32 88 12 2255 1071 3073 1731 747 3800 4984 1584 4266 2753 5232 2624 
590 0 120 398 88 63 264 32 252 12 3355 4186 329 507 617 2141 2267 5684 5041 734 5490 5026 
591 63 120 398 88 120 264 32 252 12 3477 2614 4343 404 5052 1972 4040 1205 5220 4811 2492 5804 
592 120 0 259 0 200 132 380 117 11 4457 3385 2762 4118 486 3220 3505 1186 3427 2427 4258 
593 200 0 259 0 253 132 380 117 12 3708 40 2748 4989 84 3216 4865 776 5574 2361 1495 2842 
594 120 0 259 117 191 132 380 252 12 546 1124 961 5831 1694 3621 324 139 3292 1464 1799 2820 
595 191 0 259 117 253 132 380 252 12 1048 537 2 5434 1687 5188 3874 5410 4323 3342 5277 4749 
596 120 0 380 0 172 132 32 148 11 1220 1811 4235 3514 3743 4252 4279 872 1275 3760 1237 
597 172 0 380 0 253 132 32 148 12 4377 5962 233 5821 3359 3482 5216 5727 2730 1966 3275 4421 
598 120 0 380 148 209 132 32 252 12 3168 554 1805 2385 5810 3146 5272 4985 4026 2097 5350 2834 
599 209 0 380 148 253 132 32 252 12 2792 1030 3093 4393 3526 2504 5281 4162 3253 4265 4378 5346 
600 120 132 259 0 168 264 381 123 11 1781 1021 995 4847 5687 312 5223 4395 4412 5888 1875 
601 168 132 259 0 253 264 381 123 12 4224 3766 800 4030 5393 214 1162 2667 5087 3463 351 5119 
602 120 132 259 123 204 264 381 252 12 4767 3948 5516 2327 2522 1543 5958 4841 1726 2226 2030 2139 
603 204 132 259 123 253 264 381 252 12 2066 3115 4481 2718 1029 450 2430 3189 729 4388 3650 5508 
604 120 132 381 0 180 264 32 90 11 4664 3576 3851 261 4229 5833 3258 4260 4928 2508 5306 
605 180 132 381 0 253 264 32 90 12 3767 2519 1676 4419 4264 3635 2054 4322 1618 3465 4236 1598 
606 120 132 381 90 190 264 32 252 12 1914 5825 922 3435 3282 4941 2045 5241 2681 4134 3896 3890 
607 190 132 381 90 253 264 32 252 12 796 5680 488 2592 5866 878 4405 3484 3700 2521 5163 1671 
608 0 0 259 252 63 122 385 357 11 3190 1668 4498 5104 5801 2626 959 1667 5733 3682 4584 
609 63 0 259 252 129 122 385 357 12 3333 4630 4748 1918 5243 2031 4059 4610 5905 2290 511 1101 
610 0 0 259 357 40 122 385 32 11 1739 4391 3697 4556 1292 3170 200 2299 5371 1761 3938 
611 40 0 259 357 129 122 385 32 12 4334 1383 2209 3573 3630 396 974 283 5175 3459 3935 1628 
612 0 0 385 252 51 122 32 383 11 3779 4217 5864 158 4929 1835 706 789 3733 5443 5279 
613 51 0 385 252 129 122 32 383 12 3941 1779 3095 5391 5024 5545 1881 2853 2803 5494 3426 422 
614 0 0 385 383 56 122 32 32 12 5641 5566 3877 1768 1525 4707 3162 5751 3728 3824 4913 5541 
615 56 0 385 383 129 122 32 32 12 3357 2942 5270 2436 1161 4288 3408 405 224 2095 2920 426 
616 0 122 259 252 58 264 392 385 11 683 3495 5963 5646 391 5924 144 4668 4263 4595 5763 
617 58 122 259 252 129 264 392 385 12 185 3788 5504 2459 1524 5932 3611 620 5380 4245 4366 296 
618 0 122 259 385 56 264 392 32 12 3486 1211 2813 3138 2987 1087 640 3764 249 866 3265 2484 
619 56 122 259 385 129 264 392 32 12 1242 2448 5365 5417 2948 1209 731 2442 5582 3719 4505 4869 
620 0 122 392 252 64 264 32 378 11 5050 4970 4700 3632 1389 2973 3535 2630 4713 4708 4856 
621 64 122 392 252 129 264 32 378 12 3388 4113 1606 4946 4122 3140 165 4199 935 607 3416 1795 
622 0 122 392 378 63 264 32 32 12 5398 5666 1141 1991 2571 2168 5868 4571 2276 3011 5527 2555 
623 63 122 392 378 129 264 32 32 12 4289 2457 723 891 1261 1587 5897 5820 3622 2662 5770 4658 
624 129 0 259 252 188 114 388 362 11 4156 5914 3209 2977 3300 5544 4852 4809 911 1189 2360 
625 188 0 259 252 253 114 388 362 12 4797 2906 5849 1445 1200 4298 387 4450 2651 1518 724 4562 
626 129 0 259 362 191 114 388 32 12 498 3490 2182 5691 3010 1297 5638 4999 779 5468 764 2518 
627 191 0 259 362 253 114 388 32 12 570 5053 810 4791 2423 5553 4501 1477 2845 5531 701 3790 
628 129 0 388 252 161 114 32 371 11 1599 1713 79 3219 3994 109 1767 1637 5061 3489 5180 
629 161 0 388 252 253 114 32 371 12 2727 2671 3653 4231 3780 3774 5554 171 2101 5234 5775 5510 
630 129 0 388 371 185 114 32 32 12 5343 2752 2305 2238 4029 2173 3192 5702 5988 1388 940 2967 
631 185 0 388 371 253 114 32 32 12 2206 2975 4529 5625 5124 2055 2938 1828 3975 5049 5760 3983 
632 129 114 259 252 205 264 383 390 11 5155 3538 1225 2581 4433 1719 4669 3642 1557 3186 5859 
633 205 114 259 252 253 264 383 390 12 3104 3613 3025 1006 1137 778 161 5222 1128 5060 3776 5633 
634 129 114 259 390 176 264 383 32 12 1180 2142 4833 2081 1820 2539 4512 5441 2722 4418 916 1604 
635 176 114 259 390 253 264 383 32 12 4773 174 181 4896 672 4524 618 2414 2686 1570 3627 4132 
636 129 114 383 252 166 264 32 373 11 3469 572 1877 1290 1350 3019 1784 151 5879 1825 2286 
637 166 114 383 252 253 264 32 373 12 4553 5107 2157 353 3821 610 1150 3094 4593 1750 1191 2012 
638 129 114 383 373 182 264 32 32 12 4213 415 1366 5214 274 756 1190 399 1266 4853 5400 5203 
639 182 114 383 373 253 264 32 32 12 5624 817 4895 328 2050 3507 611 2991 3132 3205 4054 5454 
640 0 264 0 0 55 400 127 150 11 4194 2891 217 5679 4496 1782 5339 1656 3781 1302 749 
641 55 264 0 0 121 400 127 150 12 3063 1732 3814 3196 5710 2764 2734 310 5505 5603 1221 3987 
642 0 264 0 150 44 400 127 264 11 4141 934 5231 265 3250 1054 471 2602 3464 4541 1065 
643 44 264 0 150 121 400 127 264 12 2377 257 5802 1420 1368 1683 2425 1970 2682 1939 298 744 
644 0 264 127 0 64 400 248 109 11 4867 4732 2649 1896 2997 1312 1090 264 2578 3944 480 
645 64 264 127 0 121 400 248 109 12 2557 2542 5395 5592 5950 4759 222 3842 5164 1923 5782 5480 
646 0 264 127 109 51 400 248 264 12 4907 3335 4201 3701 2051 5211 5918 3749 5707 5200 2426 4780 
647 51 264 127 109 121 400 248 264 12 852 2477 4659 1490 2263 1012 3318 4142 3718 5781 4124 3072 
648 0 400 0 0 57 32 126 135 11 4972 211 4737 3437 1367 909 638 4709 4301 1852 3439 
649 57 400 0 0 121 32 126 135 12 4563 4523 2395 2474 854 978 177 577 1245 4550 1136 4535 
650 0 400 0 135 45 32 126 264 12 4129 580 2711 1772 2230 4063 3756 804 719 932 5290 1258 
651 45 400 0 135 121 32 126 264 12 552 1884 5768 2897 4652 1269 5951 3963 5925 5244 4146 4367 
652 0 400 126 0 62 32 248 117 11 3985 1528 2199 2311 153 3848 1626 1613 4464 4309 5402 
653 62 400 126 0 121 32 248 117 12 2999 2567 5156 4742 4627 237 122 5570 1792 563 5826 325 
654 0 400 126 117 73 32 248 264 12 448 3873 2422 5221 3397 1181 2865 1335 1009 2416 2029 5392 
655 73 400 126 117 121 32 248 264 12 2965 2020 605 2002 2690 2921 5936 123 4296 5070 5491 5645 
656 121 264 0 0 189 390 146 138 11 5686 3992 5987 730 3714 1640 1263 3953 3052 2735 1429 
657 189 264 0 0 253 390 146 138 12 386 2083 825 5759 3704 3310 2281 4101 215 2458 3639 31 
658 121 264 0 138 172 390 146 264 12 5690 3868 373 3195 2811 5423 3443 5992 3202 2575 1317 5489 
659 172 264 0 138 253 390 146 264 12 1685 5671 2683 3674 4966 4119 4839 3550 3401 340 3007 4919 
660 121 264 146 0 172 390 248 132 11 5827 2950 1605 16 3679 1227 1655 4335 700 5224 275 
661 172 264 146 0 253 390 248 132 12 3003 4013 1969 4859 1548 4190 960 4979 4957 2185 1467 2896 
662 121 264 146 132 185 390 248 264 12 3716 4456 4526 3273 5968 1560 1204 963 3657 1709 5652 5845 
663 185 264 146 132 253 390 248 264 12 4885 1707 3546 912 1118 4333 604 2334 2061 3391 5143 5674 
664 121 390 0 0 175 32 144 127 11 5583 1168 3101 2707 1140 77 5563 1786 2257 2117 799 
665 175 390 0 0 253 32 144 127 12 3806 3330 5846 2587 4893 5204 4629 3454 4736 2227 499 4210 
666 121 390 0 127 186 32 144 264 12 543 4314 3245 3405 4182 2807 63 4103 250 3237 3230 3234 
667 186 390 0 127 253 32 144 264 12 119 971 4775 4728 4922 651 2947 1931 1935 5750 2869 5091 
668 121 390 144 0 209 32 248 155 11 2502 2296 440 1351 1289 5088 4145 4390 2915 4995 4671 
669 209 390 144 0 253 32 248 155 12 4218 4202 4043 4689 2482 828 2445 1291 4808 2476 643 2488 
670 121 390 144 155 186 32 248 264 12 1612 1619 3264 1353 5028 3288 667 445 821 803 4982 1663 
671 186 390 144 155 253 32 248 264 12 449 5855 4639 2816 5239 3476 2840 2702 689 3897 992 902 
672 0 264 0 264 69 387 127 415 11 3420 269 4032 1688 2574 3830 2525 986 2692 2670 3562 
673 69 264 0 264 130 387 127 415 12 4241 284 5863 4174 3316 949 3180 2932 5865 304 5408 4915 
674 0 264 0 415 80 387 127 32 11 4406 5722 4261 3539 1529 178 5154 5920 2005 1066 348 
675 80 264 0 415 130 387 127 32 12 616 2009 3470 4163 1432 2062 2089 1882 5507 3043 1195 91 
676 0 264 127 264 64 387 248 360 11 3421 1358 2223 1834 571 4614 5610 5254 3585 2642 2556 
677 64 264 127 264 130 387 248 360 12 5378 1742 1094 4906 4444 4219 664 4626 2243 4672 3394 308 
678 0 264 127 360 52 387 248 32 12 3665 2042 5011 2607 2388 2998 5004 5754 5876 4290 2204 3527 
679 52 264 127 360 130 387 248 32 12 1764 4100 4098 1259 5565 612 3978 5511 4842 5589 419 4171 
680 0 387 0 264 66 32 112 362 11 4599 905 4173 1483 3481 2940 5839 1460 3118 5073 5 
681 66 387 0 264 130 32 112 362 12 3278 87 751 2870 5435 3997 3619 3876 5064 4816 4379 3730 
682 0 387 0 362 52 32 112 32 12 4305 2551 885 4662 5133 286 748 418 3977 5018 235 3403 
683 52 387 0 362 130 32 112 32 12 5199 2325 106 5280 4826 642 2691 3592 5875 930 5086 2696 
684 0 387 112 264 84 32 248 341 11 3029 2063 5463 4432 1400 2672 5296 159 2279 356 4209 
685 84 387 112 264 130 32 248 341 12 456 1083 5601 1522 1159 5258 4286 2952 1533 586 2514 2978 
686 0 387 112 341 79 32 248 32 12 4389 338 4001 4534 2757 4268 1142 5832 4324 5374 317 1125 
687 79 387 112 341 130 32 248 32 12 5095 5352 1873 1441 434 4325 202 3271 3181 3071 987 2857 
688 130 264 0 264 173 395 110 380 11 1757 1638 2349 2627 4857 4066 1049 5007 4008 3307 4092 
689 173 264 0 264 253 395 110 380 12 4484 850 4837 4096 1684 629 1283 4347 2131 5099 5693 2725 
690 130 264 0 380 174 395 110 32 12 5688 2074 5353 1650 2313 5856 497 2399 5165 4760 2645 4455 
691 174 264 0 380 253 395 110 32 12 5867 1588 1202 2264 2175 1447 5035 2342 5605 3658 4574 3918 
692 130 264 110 264 186 395 248 389 11 5675 3472 2322 225 777 2925 3736 4953 147 4776 4348 
693 186 264 110 264 253 395 248 389 12 4768 551 4136 5854 5934 247 2503 5928 1967 1807 2868 1285 
694 130 264 110 389 178 395 248 32 12 2929 5109 3894 2357 1330 4003 5631 5260 2507 2622 2812 2125 
695 178 264 110 389 253 395 248 32 12 2789 2498 4890 4965 1869 5564 4583 679 2765 2992 4876 4342 
696 130 395 0 264 192 32 133 367 11 5579 1008 786 2248 4072 2773 439 2277 3655 1763 528 
697 192 395 0 264 253 32 133 367 12 4071 4206 3598 4005 1639 510 1585 2829 4458 4337 4064 5132 
698 130 395 0 367 204 32 133 32 12 716 3519 4434 2489 173 2844 4647 1616 1510 882 2746 1092 
699 204 395 0 367 253 32 133 32 12 5383 946 3838 1075 631 888 1636 2410 874 1431 3820 1017 
700 130 395 133 264 189 32 248 404 11 996 3191 2796 4295 1060 1407 4665 1670 2650 3000 4912 
701 189 395 133 264 253 32 248 404 12 303 3561 1010 3231 5421 1185 4992 5886 3783 2134 1780 1932 
702 130 395 133 404 178 32 248 32 12 288 4638 3673 5552 2189 1702 2867 3491 829 741 5299 1623 
703 178 395 133 404 253 32 248 32 12 2918 3024 4631 3445 1267 1508 2716 1079 4827 5301 2104 5135 
704 0 264 248 0 62 379 357 120 11 768 4678 2329 5696 3511 2129 2534 1214 75 0 1229 
705 62 264 248 0 118 379 357 120 12 5882 2709 1037 1879 2496 5955 4448 975 4442 4634 183 1293 
706 0 264 248 120 74 379 357 254 11 2916 2433 5110 2162 4730 3922 2588 1925 5797 4047 2405 
707 74 264 248 120 118 379 357 254 12 481 1520 3939 1196 4649 4848 2912 3217 4169 4506 3542 2984 
708 0 264 357 0 59 379 32 117 11 1521 1589 5251 1504 3636 3871 1338 5141 2726 4624 4586 
709 59 264 357 0 118 379 32 117 12 5197 879 5578 2966 919 2559 614 5892 3494 4312 5117 4189 
710 0 264 357 117 43 379 32 254 12 5227 4109 5773 4056 3451 3238 2523 691 2172 5295 1716 4227 
711 43 264 357 117 118 379 32 254 12 4214 5616 4282 5532 5812 5021 1097 1917 1759 4248 5325 3020 
712 0 379 248 0 81 32 406 129 11 677 3738 3399 4877 5643 3105 2699 2526 2895 3512 669 
713 81 379 248 0 118 32 406 129 12 2982 1217 3687 5894 4862 5584 2777 3917 2411 463 1783 1775 
714 0 379 248 129 49 32 406 254 12 1027 2809 1906 4938 1537 4530 3906 1816 4731 1183 2878 3787 
715 49 379 248 129 118 32 406 254 12 5207 5623 5738 4793 2823 1643 892 1156 4167 5657 703 5389 
716 0 379 406 0 53 32 32 100 11 4329 746 3475 5404 3610 3751 4510 3417 116 2961 299 
717 53 379 406 0 118 32 32 100 12 5372 2552 4666 1063 3068 5248 5345 2911 567 1749 3078 1210 
718 0 379 406 100 28 32 32 254 12 3287 5268 948 5069 72 1061 5190 5259 5304 1581 1028 590 
719 28 379 406 100 118 32 32 254 12 474 3336 4517 1984 2472 4203 3912 5089 1 1723 5620 2600 
720 118 264 248 0 164 378 379 109 11 3949 5753 2455 4422 2035 2491 1708 464 3297 1158 3313 
721 164 264 248 0 253 378 379 109 12 896 1076 3845 2538 4942 5470 2480 3515 4832 1823 3444 279 
722 118 264 248 109 183 378 379 254 12 2183 3533 5023 2151 4612 3436 66 908 3239 5363 2937 1387 
723 183 264 248 109 253 378 379 254 12 4426 3818 516 1264 3934 4883 5776 5126 4152 4519 676 2421 
724 118 264 379 0 163 378 32 124 11 1166 1494 3257 5302 1386 1047 743 962 4947 2558 285 
725 163 264 379 0 253 378 32 124 12 3684 4892 3555 1943 2163 5667 2800 2438 1798 4528 143 5729 
726 118 264 379 124 192 378 32 254 12 1871 3326 476 2075 1199 1041 2158 4439 292 4272 3600 3761 
727 192 264 379 124 253 378 32 254 12 1594 4276 1144 5098 5245 1614 1473 5451 997 5338 2979 5724 
728 118 378 248 0 176 32 397 144 11 5824 754 4191 985 2926 3670 1410 1192 5415 2818 102 
729 176 378 248 0 253 32 397 144 12 297 184 5557 5134 2802 4726 4723 4762 2191 2874 5756 3589 
730 118 378 248 144 174 32 397 254 12 4048 1328 293 1193 2049 4657 5324 3198 5526 2036 3050 2278 
731 174 378 248 144 253 32 397 254 12 4554 3797 4761 3549 684 5956 1953 1572 2863 783 4361 5293 
732 118 378 397 0 174 32 32 109 11 5891 3117 4244 5449 5588 470 4114 4788 3690 5424 4968 
733 174 378 397 0 253 32 32 109 12 5476 5033 4466 437 623 824 4693 3579 3334 5937 581 78 
734 118 378 397 109 193 32 32 254 12 2814 140 2625 4969 3337 3860 5432 921 4725 4278 4585 1751 
735 193 378 397 109 253 32 32 254 12 4431 1316 5701 2203 2390 245 1154 994 1999 1307 5377 4576 
736 0 264 248 254 44 385 373 380 11 907 1182 4135 2059 2187 1550 167 2306 5613 3847 1649 
737 44 264 248 254 106 385 373 380 12 4921 5869 3696 2666 5247 5848 933 2701 4738 2316 5799 1102 
738 0 264 248 380 46 385 373 32 11 5933 1600 5185 83 4053 3693 4441 807 259 3844 5152 
739 46 264 248 380 106 385 373 32 12 3428 2714 3453 5993 3284 5411 5837 3207 600 4180 2749 3148 
740 0 264 373 254 51 385 32 397 11 5397 5425 5218 345 5431 5627 3037 1143 630 5542 2024 
741 51 264 373 254 106 385 32 397 12 4619 4873 12 993 5959 2687 2446 3952 1277 1169 1577 1546 
742 0 264 373 397 66 385 32 32 12 2190 388 33 1208 5900 5538 2689 3328 2946 4081 5617 5877 
743 66 264 373 397 106 385 32 32 12 4676 3060 496 2688 2564 4772 1965 5148 2103 4150 2971 5597 
744 0 385 248 254 66 32 372 395 11 4807 4423 3620 5043 4819 4615 4846 2815 1476 5322 5473 
745 66 385 248 254 106 32 372 395 12 3990 2321 1818 1517 3344 4479 4987 755 3098 4487 2424 2832 
746 0 385 248 395 57 32 372 32 12 4380 86 2301 4007 2685 2655 4588 2014 3926 2153 3432 281 
747 57 385 248 395 106 32 372 32 12 606 2294 1930 576 4292 1056 390 3954 3695 3187 4149 3744 
748 0 385 372 254 34 32 32 399 11 4491 2817 1475 3331 4359 4353 4033 5562 859 2907 5697 
749 34 385 372 254 106 32 32 399 12 4086 3002 371 3745 4673 4410 4548 2033 3974 5966 1327 5819 
750 0 385 372 399 51 32 32 32 12 3103 1424 2862 4891 4387 1174 3013 5237 5010 2415 2678 1058 
751 51 385 372 399 106 32 32 32 12 2939 2124 367 1352 39 771 2019 5072 2352 2825 3079 3022 
752 106 264 248 254 172 381 380 390 11 5747 277 2072 2319 4050 5189 4243 2270 4923 3414 5535 
753 172 264 248 254 253 381 380 390 12 4095 3468 5034 1001 108 1908 2239 1596 242 4967 4717 1539 
754 106 264 248 390 187 381 380 32 12 2370 3750 4255 5497 2337 5101 435 5757 172 4954 4015 5520 
755 187 264 248 390 253 381 380 32 12 512 2583 3383 4034 1776 920 5635 2890 1760 5309 5496 2986 
756 106 264 380 254 166 381 32 349 11 3862 718 5100 4656 4939 698 2608 3984 2428 3599 2914 
757 166 264 380 254 253 381 32 349 12 3857 3393 4436 5488 635 1384 4429 2032 1535 1787 1564 5573 
758 106 264 380 349 189 381 32 32 12 1669 1188 3263 3241 2478 5572 3819 1968 3829 5430 1026 4514 
759 189 264 380 349 253 381 32 32 12 3226 901 339 5895 3174 2513 2268 1281 1625 4753 5376 2335 
760 106 381 248 254 174 32 372 328 11 3601 4949 4536 1230 3976 48 5989 980 5774 5125 3643 
761 174 381 248 254 253 32 372 328 12 3865 4125 473 4711 5917 4727 4653 2256 3059 341 865 4394 
762 106 381 248 328 212 32 372 32 12 591 55 1461 4144 735 2010 3210 5741 1421 4425 4010 5464 
763 212 381 248 328 253 32 372 32 12 984 2146 1982 1664 3827 1785 2516 5995 228 5818 4488 3675 
764 106 381 372 254 171 32 32 406 11 4920 5881 176 2358 4956 561 4945 5447 424 2754 5369 
765 171 381 372 254 253 32 32 406 12 5405 4552 2218 1299 1111 4187 4825 2252 4055 1808 844 2974 
766 106 381 372 406 182 32 32 32 12 1046 1336 3569 2398 4401 234 1597 221 194 5319 3961 1994 
767 182 381 372 406 253 32 32 32 12 4719 2949 2266 5122 3395 3261 219 836 1084 3212 3111 1789 
768 253 0 0 0 325 126 115 133 11 1095 3320 4670 1489 3352 5948 1562 2130 2463 4247 227 
769 325 0 0 0 378 126 115 133 12 3828 4781 4503 1474 3762 519 129 5844 493 4850 145 2798 
770 253 0 0 133 314 126 115 257 11 3254 4297 5973 4875 389 5822 3054 2111 4267 3802 3134 
771 314 0 0 133 378 126 115 257 12 1233 5225 1113 2366 2909 1381 3097 3430 5481 196 956 218 
772 253 0 115 0 309 126 250 142 11 2505 1371 1841 3775 3167 3304 3624 4320 3667 1743 3554 
773 309 0 115 0 378 126 250 142 12 1976 3993 2067 5744 4435 1100 2441 5439 3431 1937 5145 5344 
774 253 0 115 142 320 126 250 257 12 5249 3772 3471 1758 2880 3692 230 826 2609 5075 5161 4257 
775 320 0 115 142 378 126 250 257 12 3958 5067 4280 5461 395 5941 2394 564 886 3669 2801 5349 
776 253 126 0 0 302 253 134 127 11 2553 3661 363 4281 4159 148 5051 3201 5136 1119 681 
777 302 126 0 0 378 253 134 127 12 2332 2343 2617 2160 2409 2136 4386 5912 2783 2493 5731 3803 
778 253 126 0 127 336 253 134 257 12 2520 3065 3905 5793 5195 772 4616 3943 3688 65 4259 1392 
779 336 126 0 127 378 253 134 257 12 2621 5602 4958 4640 3672 3151 674 4998 737 5019 4338 5708 
780 253 126 134 0 307 253 250 104 11 4603 289 5396 1004 5700 2210 2639 668 5057 5885 322 
781 307 126 134 0 378 253 250 104 12 5264 5292 553 1909 1630 3402 455 1003 1766 514 4396 1257 
782 253 126 134 104 314 253 250 257 12 2719 2219 2007 3628 5278 998 2490 4411 5841 1453 4504 2548 
783 314 126 134 104 378 253 250 257 12 1120 375 3910 2229 2312 318 2047 2200 3791 432 2250 1721 
784 378 0 0 0 426 136 122 100 11 4579 1711 3605 4184 3381 1746 4908 5097 3294 1997 2646 
785 426 0 0 0 32 136 122 100 12 3286 3785 1418 3885 4461 4226 300 2527 3360 319 5637 5183 
786 378 0 0 100 436 136 122 257 12 2738 3368 657 4087 4960 5732 4909 4398 1686 1889 4287 1973 
787 436 0 0 100 32 136 122 257 12 2980 1803 5593 5961 4139 5160 1321 1148 2302 1129 3575 3724 
788 378 0 122 0 451 136 250 124 11 4812 5340 5456 4459 1364 3274 400 1712 3193 4172 4 
789 451 0 122 0 32 136 250 124 12 3379 2885 5085 1538 1778 5816 857 562 1223 3308 3089 1055 
790 378 0 122 124 465 136 250 257 12 4902 632 5715 5115 3525 347 5893 5289 4844 682 45 4107 
791 465 0 122 124 32 136 250 257 12 2736 1948 1412 1334 4307 2118 3831 4878 1693 4140 3339 794 
792 378 136 0 0 447 253 111 94 11 155 2529 3571 240 4935 2827 4710 3034 862 1151 4889 
793 447 136 0 0 32 253 111 94 12 115 428 5964 3580 1565 1379 1571 2152 2573 5634 1903 721 
794 378 136 0 94 430 253 111 257 12 2976 2273 720 3312 2721 5375 5677 1592 2369 2371 990 2985 
795 430 136 0 94 32 253 111 257 12 3929 2432 62 3411 1081 5379 5153 2242 910 4729 4917 3946 
796 378 136 111 0 426 253 250 151 11 5930 478 3415 4319 1117 4009 5176 3404 5673 5094 639 
797 426 136 111 0 32 253 250 151 12 162 2132 1602 3122 943 692 2323 1665 4473 1378 2402 1218 
798 378 136 111 151 468 253 250 257 12 5342 136 3382 1382 601 2943 4685 2435 2026 5469 1830 5420 
799 468 136 111 151 32 253 250 257 12 894 2664 3455 2143 11 1734 36 2393 4740 842 5318 3487 
800 253 0 0 257 306 136 137 389 11 1736 295 1399 195 2560 3957 3523 4230 5228 2620 3100 
801 306 0 0 257 389 136 137 389 12 2320 2261 4223 5926 3739 3373 2145 5305 3513 2108 4212 1482 
802 253 0 0 389 317 136 137 32 11 2367 5455 5458 3715 4469 3171 2744 5513 1077 374 3962 
803 317 0 0 389 389 136 137 32 12 1971 1301 710 1409 4918 5606 1895 3314 4864 5466 5755 1582 
804 253 0 137 257 314 136 250 374 11 4304 3748 4316 775 466 2580 2824 1072 5359 2565 3123 
805 314 0 137 257 389 136 250 374 12 4597 258 280 2945 2893 3182 1015 4888 1248 685 654 1509 
806 253 0 137 374 316 136 250 32 12 1738 1696 459 331 2781 5446 3030 2387 4082 504 5013 2570 
807 316 0 137 374 389 136 250 32 12 782 3835 660 5370 4254 2310 3161 3552 1024 117 4515 3270 
808 253 136 0 257 322 253 136 363 11 1790 2743 1810 3425 999 5173 1206 2122 3204 1511 2755 
809 322 136 0 257 389 253 136 363 12 1868 2345 1459 2212 5171 4075 3666 1752 4706 4838 1646 1038 
810 253 136 0 363 333 253 136 32 12 290 1921 3590 3737 5648 4073 3786 3895 4644 1855 4250 3754 
811 333 136 0 363 389 253 136 32 12 4897 5543 624 1773 4042 5596 5911 4880 2826 1093 3689 5571 
812 253 136 136 257 303 253 250 339 11 728 937 4654 3959 2413 2771 1427 2280 111 4110 5664 
813 303 136 136 257 389 253 250 339 12 3947 2847 1851 3131 4368 4724 4674 3837 5723 3461 4193 1300 
814 253 136 136 339 331 253 250 32 12 5159 2791 5529 1231 2680 3228 4179 3296 4198 5910 1112 3548 
815 331 136 136 339 389 253 250 32 12 3172 3909 3534 2220 4565 1806 5796 4181 4511 4326 2888 2282 
816 389 0 0 257 454 146 140 377 11 95 182 4696 673 3474 397 5860 5059 5721 3727 2140 
817 454 0 0 257 32 146 140 377 12 5193 316 5786 2437 1661 3557 2549 4178 3880 4810 4936 5728 
818 389 0 0 377 463 146 140 32 12 5902 4478 5515 5517 1268 4577 3340 1333 420 1375 5890 4052 
819 463 0 0 377 32 146 140 32 12 1496 3981 3631 539 1446 2397 3166 4299 305 2382 1867 5913 
820 389 0 140 257 445 146 250 360 11 1519 900 5226 2875 4494 3303 5785 5611 809 5025 5590 
821 445 0 140 257 32 146 250 360 12 1032 1347 3705 1423 1975 1718 427 827 3698 1843 3017 2236 
822 389 0 140 360 476 146 250 32 12 625 4012 4617 1632 2641 3858 4375 2271 4269 1774 678 3175 
823 476 0 140 360 32 146 250 32 12 4222 686 2076 5457 207 1893 2750 5037 3516 5649 5857 3031 
824 389 146 0 257 455 253 129 371 11 818 2904 3899 3506 3332 3709 1408 5896 3299 931 494 
825 455 146 0 257 32 253 129 371 12 4471 4632 5406 1228 5694 2917 156 4521 3222 2850 5047 2935 
826 389 146 0 371 457 253 129 32 12 2222 3565 3387 5267 188 3305 2924 2291 4701 5471 302 3492 
827 457 146 0 371 32 253 129 32 12 715 2747 5887 1675 3329 3242 127 4350 4628 2208 2541 1644 
828 389 146 129 257 443 253 250 378 11 549 2064 1276 3184 1833 633 1526 847 2338 3498 788 
829 443 146 129 257 32 253 250 378 12 5166 2934 142 4822 1280 5811 5285 1924 5217 3233 4722 5591 
830 389 146 129 378 457 253 250 32 12 5233 2194 1346 3908 1797 408 27 5198 3074 2665 675 5208 
831 457 146 129 378 32 253 250 32 12 3911 1240 2259 4315 2724 5348 131 4598 955 5039 4735 1611 
832 253 0 250 0 316 135 380 145 11 4606 4882 2658 3634 717 1610 3503 5341 1122 3646 3139 
833 316 0 250 0 386 135 380 145 12 4590 4900 4031 5460 4402 3044 4345 3969 3545 4285 5806 5874 
834 253 0 250 145 315 135 380 272 11 2188 2584 337 2071 2775 4560 1673 2631 2804 4430 1082 
835 315 0 250 145 386 135 380 272 12 3544 1607 2251 4594 1870 287 4712 461 4926 1207 4739 2138 
836 253 0 380 0 315 135 32 113 11 950 3886 7 392 1481 28 3663 5235 5114 4569 5261 
837 315 0 380 0 386 135 32 113 12 1450 5567 5150 5640 3371 5316 1044 4207 3856 2359 3096 2133 
838 253 0 380 113 341 135 32 272 12 1679 1465 1910 4014 766 1298 976 1411 972 3717 2417 3232 
839 341 0 380 113 386 135 32 272 12 5000 3200 186 3188 4470 175 5815 2540 4175 1812 583 384 
840 253 135 250 0 317 253 379 111 11 2636 3960 3136 1601 4750 2260 4611 5358 647 1864 705 
841 317 135 250 0 386 253 379 111 12 5921 645 282 382 2201 1342 3236 5174 1846 2120 243 2537 
842 253 135 250 111 317 253 379 272 12 863 2705 3163 1313 2901 3603 306 835 4046 3473 1647 3927 
843 317 135 250 111 386 253 379 272 12 816 4704 5453 1279 1899 2297 262 733 490 3662 1271 5187 
844 253 135 379 0 301 253 32 134 11 5273 2919 2113 3564 2858 3919 4990 4698 3267 81 216 
845 301 135 379 0 386 253 32 134 12 3099 89 530 5983 5113 4453 1360 5008 1286 5939 526 688 
846 253 135 379 134 333 253 32 272 12 2461 1133 2300 377 1187 5428 5437 5310 5783 5704 4568 191 
847 333 135 379 134 386 253 32 272 12 5647 3823 5922 5186 1251 1256 1733 417 4293 1344 3213 2931 
848 386 0 250 0 440 117 413 130 11 3178 3345 2676 4993 1690 4233 5090 3048 4777 958 2544 
849 440 0 250 0 32 117 413 130 12 736 3510 3112 73 2898 4349 4792 525 5745 823 1019 4766 
850 386 0 250 130 455 117 413 272 12 3522 1574 5452 1265 3882 5996 769 5969 1045 96 5903 3396 
851 455 0 250 130 32 117 413 272 12 1722 4564 4646 1554 74 1109 1213 5878 5847 2232 2073 128 
852 386 0 413 0 419 117 32 103 11 3083 4360 4814 5335 4744 5530 5561 70 3392 342 2215 
853 419 0 413 0 32 117 32 103 12 536 1730 2070 740 5287 4679 1404 5615 2368 5323 597 5779 
854 386 0 413 103 443 117 32 272 12 41 4756 4089 2347 534 5528 5503 813 3898 2677 1493 3586 
855 443 0 413 103 32 117 32 272 12 1542 2254 1672 1390 3107 3521 2788 1147 2619 2632 5284 2378 
856 386 117 250 0 449 253 365 122 11 1448 3755 1149 4682 85 5550 180 5654 4460 2723 5330 
857 449 117 250 0 32 253 365 122 12 5994 1253 3979 4158 4397 1341 2996 2742 4751 1254 442 5308 
858 386 117 250 122 440 253 365 272 12 3731 3889 4300 1995 1737 3942 482 3680 4465 2475 875 694 
859 440 117 250 122 32 253 365 272 12 2883 1176 2774 3142 3149 3080 465 2715 446 2633 3214 5498 
860 386 117 365 0 449 253 32 160 11 5749 2164 758 4752 3742 1458 3108 5985 1814 4592 3861 
861 449 117 365 0 32 253 32 160 12 201 5767 1804 479 4495 433 2454 2733 3651 14 2579 4866 
862 386 117 365 160 440 253 32 272 12 2391 4462 5761 4944 3577 4743 2675 1624 3365 2150 381 5711 
863 440 117 365 160 32 253 32 272 12 294 5946 4771 5685 88 2197 5907 953 708 3664 1311 2703 
864 253 0 250 272 319 132 400 422 11 2830 5274 3836 4440 4153 4765 5206 3440 4116 3446 798 
865 319 0 250 272 392 132 400 422 12 2554 5307 4546 5901 2928 4166 1472 1946 114 2466 3406 3834 
866 253 0 250 422 333 132 400 32 11 830 988 2246 4635 793 2363 1551 3681 1320 2902 5581 
867 333 0 250 422 392 132 400 32 12 2443 3389 5651 5740 3547 1898 3995 1167 2149 1013 1724 558 
868 253 0 400 272 316 132 32 412 11 1437 4675 2769 125 5020 3602 5373 5737 307 1854 2015 
869 316 0 400 272 392 132 32 412 12 5971 923 1414 1438 2326 2179 3699 5080 3046 2028 5834 5005 
870 253 0 400 412 338 132 32 32 12 3520 3608 2872 4620 4106 4746 5191 2615 3298 1705 3084 413 
871 338 0 400 412 392 132 32 32 12 5442 1332 4492 5703 5828 189 5559 2969 453 1262 3133 5807 
872 253 132 250 272 319 253 386 386 11 1130 2262 1308 2648 3678 121 187 3153 989 3369 3501 
873 319 132 250 272 392 253 386 386 12 4828 1747 5735 4879 5440 4428 2536 327 1238 80 5062 1401 
874 253 132 250 386 304 253 386 32 12 3531 3732 3358 5742 1175 924 2739 4545 602 34 5077 1911 
875 304 132 250 386 392 253 386 32 12 1296 5784 2962 2859 584 204 4783 5595 1660 2717 3536 1391 
876 253 132 386 272 314 253 32 420 11 1498 1952 37 3804 509 1755 30 671 1641 3563 3759 
877 314 132 386 272 392 253 32 420 12 2169 4363 1434 314 2041 1468 3147 248 1022 2092 1329 4020 
878 253 132 386 420 333 253 32 32 12 2037 2604 4234 1053 5403 2790 4688 3285 360 2993 2500 1374 
879 333 132 386 420 392 253 32 32 12 1345 914 5426 5790 1698 538 4542 4500 4370 5422 524 1659 
880 392 0 250 272 445 139 381 383 11 2099 1288 5712 5418 273 2936 357 1866 4952 5242 4215 
881 445 0 250 272 32 139 381 383 12 5387 1506 132 965 3617 599 2933 5467 1927 5209 4246 1591 
882 392 0 250 383 448 139 381 32 12 3158 1516 5814 1484 4905 4868 1956 5144 484 2389 2836 1480 
883 448 0 250 383 32 139 381 32 12 3606 3543 4138 2365 1885 2846 5536 4339 1558 5121 3005 2348 
884 392 0 381 272 446 139 32 390 11 1934 4694 5205 3686 1827 4986 2593 628 3322 2585 1014 
885 446 0 381 272 32 139 32 390 12 1451 3227 5772 3965 3129 3197 2603 4035 60 3081 1068 1042 
886 392 0 381 390 441 139 32 32 12 193 5817 3423 944 2181 709 1695 3671 3840 3656 2025 2295 
887 441 0 381 390 32 139 32 32 12 1883 372 3248 1725 5720 1913 1377 4623 2511 1872 1532 1815 
888 392 139 250 272 458 253 366 369 11 4884 5714 559 489 5683 757 5367 4117 3556 1710 5586 
889 458 139 250 272 32 253 366 369 12 5016 1955 4068 520 2126 4317 1534 1051 5479 3462 4070 4794 
890 392 139 250 369 433 253 366 32 12 4769 3092 3045 4489 4836 3246 670 3924 3887 2561 3218 568 
891 433 139 250 369 32 253 366 32 12 1620 1648 839 2284 3725 5836 3623 2981 4803 94 2078 4486 
892 392 139 366 272 453 253 32 394 11 532 3707 1740 1989 4567 5412 5006 1503 3676 1243 2021 
893 453 139 366 272 32 253 32 394 12 4074 335 3363 332 5015 5311 5040 3157 5083 5619 3027 1559 
894 392 139 366 394 436 253 32 32 12 5474 2429 3964 1146 5366 2235 3272 2758 712 2090 1033 3570 
895 436 139 366 394 32 253 32 32 12 1576 3799 163 3156 5105 2207 2566 5600 483 2524 1678 2495 
896 253 253 0 0 311 382 111 130 11 5764 5612 1040 4424 3568 2596 2517 699 2293 4427 3135 
897 311 253 0 0 378 382 111 130 12 4561 2706 2963 2317 5312 2137 1138 394 2128 2298 2471 3042 
898 253 253 0 130 329 382 111 276 11 69 90 2795 5618 5263 4321 4383 2241 107 3945 5842 
899 329 253 0 130 378 382 111 276 12 2467 5655 5386 3243 5840 97 3884 93 1942 210 3863 2805 
900 253 253 111 0 292 382 260 146 11 457 3380 738 1466 1232 2452 4208 4555 2951 3758 278 
901 292 253 111 0 378 382 260 146 12 5017 3504 4522 545 416 68 846 2660 690 1011 2577 2004 
902 253 253 111 146 315 382 260 276 12 2499 4112 649 3740 5808 4820 2038 5355 104 1309 713 5029 
903 315 253 111 146 378 382 260 276 12 134 662 110 5294 379 5608 458 506 3351 1323 141 5382 
904 253 382 0 0 294 32 146 105 11 2356 2396 4102 4924 5976 3240 1349 2192 1978 5056 1165 
905 294 382 0 0 378 32 146 105 12 2450 3116 3056 5670 3321 569 138 365 841 541 5329 3126 
906 253 382 0 105 312 32 146 276 12 5792 680 1586 5630 272 203 2576 3625 1337 3055 252 936 
907 312 382 0 105 378 32 146 276 12 4161 425 5240 917 2640 4303 5858 4399 2177 3128 1085 4975 
908 253 382 146 0 313 32 260 151 11 765 4294 1888 1985 3741 3629 3277 2449 5621 853 2611 
909 313 382 146 0 378 32 260 151 12 1822 5970 4799 1282 2043 3712 23 5980 5851 5048 1856 1007 
910 253 382 146 151 308 32 260 276 12 1155 1471 2674 5314 3660 527 323 5884 2956 423 3456 1897 
911 308 382 146 151 378 32 260 276 12 1831 4934 2623 3587 3530 462 3279 2196 2861 4094 5096 5809 
912 378 253 0 0 441 396 148 156 11 790 430 5313 3478 1252 398 5502 2216 2547 2922 3936 
913 441 253 0 0 32 396 148 156 12 3843 4336 4516 475 1488 3185 1945 3466 636 301 4036 1449 
914 378 253 0 156 457 396 148 276 12 2693 4049 843 1940 3734 877 5525 947 1514 5949 3685 4785 
915 457 253 0 156 32 396 148 276 12 787 2048 5813 4778 1415 2821 229 1179 1203 4745 3266 860 
916 378 253 148 0 447 396 260 147 11 652 1244 5215 2582 3753 5965 5493 1215 1880 4221 3449 
917 447 253 148 0 32 396 260 147 12 4415 2761 1295 4641 1114 3281 1681 5678 5401 792 4351 5558 
918 378 253 148 147 454 396 260 276 12 2060 4513 3367 1376 3203 732 2741 3447 3033 92 352 3596 
919 454 253 148 147 32 396 260 276 12 3553 566 4758 1201 3400 1829 492 4115 1486 3677 124 4137 
920 378 396 0 0 448 32 161 115 11 1274 5477 4126 5394 4154 5027 858 1121 4575 5942 3194 
921 448 396 0 0 32 32 161 115 12 1836 4625 1064 3001 502 1541 4277 2082 260 3925 1753 837 
922 378 396 0 115 444 32 161 276 12 1443 491 2237 1395 344 2886 5509 4527 2336 1428 3578 5192 
923 444 396 0 115 32 32 161 276 12 4587 3683 1339 2760 3040 5676 725 5518 209 154 361 5492 
924 378 396 161 0 447 32 260 151 11 4963 3524 1992 1039 4872 1634 2392 4540 4692 3206 3801 
925 447 396 161 0 32 32 260 151 12 1954 5265 3086 5286 2144 2161 5269 1440 2107 4720 3018 1859 
926 378 396 161 151 422 32 260 276 12 3872 693 4851 3916 4980 253 4332 3668 2759 443 1717 870 
927 422 396 161 151 32 32 260 276 12 753 320 5546 5830 3106 168 4932 5929 13 4978 2186 1131 
928 253 253 0 276 309 407 142 383 11 5947 4886 3991 3720 3290 942 1545 5659 64 2401 1555 
929 309 253 0 276 373 407 142 383 12 2304 4108 2531 593 5967 658 2481 750 4697 1979 1706 152 
930 253 253 0 383 310 407 142 32 11 3591 5789 1590 2115 2116 4604 1735 3572 1442 578 1348 
931 310 253 0 383 373 407 142 32 12 2737 3846 3176 5252 2483 3811 5092 1916 5916 2843 2018 2643 
932 253 253 142 276 300 407 260 376 11 5560 4601 1579 5853 5904 1958 2456 2953 4482 4358 3757 
933 300 253 142 276 373 407 260 376 12 4509 71 4327 1497 5984 4192 3110 2354 291 4779 2289 4037 
934 253 253 142 376 319 407 260 32 12 359 4344 1666 1657 5568 4559 4991 4497 608 5506 164 4200 
935 319 253 142 376 373 407 260 32 12 1023 797 2908 5628 1035 4160 113 4403 856 5718 2400 5255 
936 253 407 0 276 308 32 120 403 11 687 3892 5798 5328 2412 213 2044 1059 1961 3164 2808 
937 308 407 0 276 373 32 120 403 12 5444 2231 160 4490 2167 3999 3607 321 4438 4703 5333 4532 
938 253 407 0 403 308 32 120 32 12 3418 414 3595 4446 1727 2959 4914 2353 544 2894 1645 2479 
939 308 407 0 403 373 32 120 32 12 4164 4962 3341 3769 5381 2700 3259 3375 3130 1697 4539 4660 
940 253 407 120 276 316 32 260 358 11 1865 411 4437 130 407 2594 3537 4637 4787 98 4002 
941 316 407 120 276 373 32 260 358 12 5705 1303 555 523 582 1212 556 2770 609 5889 4533 1500 
942 253 407 120 358 317 32 260 32 12 2668 1491 4687 2106 575 2599 4472 1222 4845 2375 4580 4789 
943 317 407 120 358 373 32 260 32 12 1067 1043 1069 918 1701 3315 2249 4256 4894 3793 5127 354 
944 373 253 0 276 408 371 117 404 11 2828 100 822 1654 2088 1153 4801 2406 3199 521 2532 
945 408 253 0 276 32 371 117 404 12 2497 1260 2046 1507 1863 5549 197 1326 3235 5632 4061 1145 
946 373 253 0 404 438 371 117 32 12 29 3173 3640 1547 5009 773 2780 3301 3815 2023 4205 4863 
947 438 253 0 404 32 371 117 32 12 2174 4057 3973 3609 4355 4578 4283 5653 1777 133 5829 1115 
948 373 253 117 276 445 371 260 388 11 1959 4940 5778 4085 2653 4930 977 49 255 4211 2362 
949 445 253 117 276 32 371 260 388 12 1919 2879 3615 3722 4330 2958 5082 4475 5872 120 2224 1236 
950 373 253 117 388 458 371 260 32 12 1457 3434 3223 3384 3517 438 4607 3229 4645 2708 2447 3970 
951 458 253 117 388 32 371 260 32 12 2856 2797 2287 1078 4782 3638 3152 3723 1964 5998 3637 596 
952 373 371 0 276 452 32 133 384 11 5692 831 1714 1862 925 5943 3822 380 2205 5012 4786 
953 452 371 0 276 32 32 133 384 12 3412 4948 5873 3183 1057 1692 2468 5850 522 2283 2039 1454 
954 373 371 0 384 443 32 133 32 12 5940 3125 236 4784 5331 3249 5146 1842 2638 4800 3752 2605 
955 443 371 0 384 32 32 133 32 12 5236 2954 1813 3145 3567 2211 4083 5598 1583 1809 819 487 
956 373 371 133 276 446 32 260 369 11 2462 4067 4764 5253 5084 650 1580 1536 3986 5106 2661 
957 446 371 133 276 32 32 260 369 12 2837 5038 1052 4981 4196 1235 4741 3064 4609 1123 557 3483 
958 373 371 133 369 437 32 260 32 12 1704 2970 4964 169 770 76 1609 805 2616 1393 1363 166 
959 437 371 133 369 32 32 260 32 12 2351 4988 1658 3833 5179 855 3260 2105 3915 251 5390 3452 
960 253 253 260 0 345 371 384 126 11 3006 2784 4284 5032 2572 4835 3612 1452 762 5111 2598 
961 345 253 260 0 388 371 384 126 12 1091 5317 4357 2903 4408 2178 3626 848 4170 1470 5055 704 
962 253 253 260 126 303 371 384 254 11 791 2819 2968 4065 2085 4691 1294 801 1419 5168 2156 
963 303 253 260 126 388 371 384 254 12 1900 5079 3088 3155 3179 2628 179 18 2303 44 3850 4937 
964 253 253 384 0 308 371 32 159 11 4544 1396 4027 5142 4573 2871 5521 4582 3735 3276 378 
965 308 253 384 0 388 371 32 159 12 3008 849 2751 3902 3169 5569 4045 2782 1322 266 393 157 
966 253 253 384 159 308 371 32 254 12 4058 1983 4078 3913 3558 3306 3289 4076 4123 503 192 3496 
967 308 253 384 159 388 371 32 254 12 979 3225 1436 38 1359 3832 5291 4806 2972 101 2486 2720 
968 253 371 260 0 345 32 380 101 11 3049 1840 5194 5169 4240 3433 598 3508 2506 714 648 
969 345 371 260 0 388 32 380 101 12 945 3051 5548 952 1629 2793 2763 2057 46 876 939 3816 
970 253 371 260 101 303 32 380 254 12 4443 2233 4927 1126 5112 3808 4971 2381 4608 5300 355 5315 
971 303 371 260 101 388 32 380 254 12 2386 4677 268 781 3165 3921 118 5196 2806 412 4420 58 
972 253 371 380 0 312 32 32 113 11 5108 5042 4417 574 1960 1106 2597 5682 1406 2713 2533 
973 312 371 380 0 388 32 32 113 12 4508 2155 4341 4127 1354 4242 5445 2154 2240 653 3500 2420 
974 253 371 380 113 318 32 32 254 12 5093 2955 343 4983 2408 883 2027 4977 644 1957 1160 742 
975 318 371 380 113 388 32 32 254 12 5459 3652 4121 1839 2473 868 711 3252 4633 3713 3559 3710 
976 388 253 260 0 442 388 385 121 11 2528 903 4699 429 2079 1575 1356 5354 4547 4445 1255 
977 442 253 260 0 32 388 385 121 12 4734 1928 3479 5899 3075 1492 3778 1549 2285 4079 5706 3378 
978 388 253 260 121 454 388 385 254 12 5622 3023 2258 2213 4093 2995 1373 5054 4881 2013 2147 2710 
979 454 253 260 121 32 388 385 254 12 4253 3058 1318 4352 3004 4271 4133 1608 4273 4974 5852 4069 
980 388 253 385 0 460 388 32 121 11 2654 881 763 4613 626 5795 3450 3792 5512 812 4340 
981 460 253 385 0 32 388 32 121 12 2647 5805 573 1981 1949 311 4275 2601 5534 1796 2634 3467 
982 388 253 385 121 454 388 32 254 12 1357 1284 5413 3878 3208 4591 3852 2318 5681 3879 4997 3221 
983 454 253 385 121 32 388 32 254 12 4763 5835 3410 2198 3113 5044 5276 1499 655 2069 2001 1278 
984 388 388 260 0 458 32 402 117 11 385 641 3485 3124 2799 864 1110 5332 1272 1530 4911 
985 458 388 260 0 32 32 402 117 12 2543 5771 3796 2669 4463 5238 315 5427 4364 2339 565 1086 
986 388 388 260 117 442 32 402 254 12 808 4157 1627 542 3224 637 4019 811 5246 1216 3551 3377 
987 442 388 260 117 32 32 402 254 12 409 1715 1394 4622 5068 5991 622 4690 904 3795 1902 2905 
988 388 388 402 0 458 32 32 115 11 3773 4165 767 3881 5629 4041 5219 5336 190 3244 2822 
989 458 388 402 0 32 32 32 115 12 1325 3061 4485 1226 1435 5919 954 3768 2838 3560 1002 5230 
990 388 388 402 115 453 32 32 254 12 1513 2810 3907 346 595 2077 802 2403 4755 4551 1135 2656 
991 453 388 402 115 32 32 32 254 12 5483 774 4854 3348 2464 3160 19 1802 5001 887 2418 1306 
992 253 253 260 254 314 396 386 377 11 25 4392 4621 4849 8 4721 964 5487 4695 3982 2512 
993 314 253 260 254 383 396 386 377 12 3726 53 4581 2324 5321 5182 2731 17 1370 3641 5123 4310 
994 253 253 260 377 318 396 386 32 11 1478 3859 2407 52 5140 4409 533 5288 5103 5297 5170 
995 318 253 260 377 383 396 386 32 12 2380 2989 4903 3875 50 2080 1287 1699 3645 3584 3541 5800 
996 253 253 386 254 306 396 32 425 11 1523 3280 3813 1748 5909 5202 333 5262 3849 2794 5078 
997 306 253 386 254 383 396 32 425 12 2899 3407 32 2355 336 3256 1512 1801 2333 3888 2341 4477 
998 253 253 386 425 320 396 32 32 12 2469 2119 170 1000 1104 4237 3480 1901 15 5003 5327 5551 
999 320 253 386 425 383 396 32 32 12 2589 3805 1139 646 5639 4220 4715 2275 4813 5351 3376 4589 
1000 253 396 260 254 307 32 386 383 11 2247 2768 330 4308 1878 4933 898 4232 3291 4197 2470 
1001 307 396 260 254 383 32 386 383 12 2629 5177 3091 1933 1157 24 2384 3528 1198 4870 5522 241 
1002 253 396 260 383 331 32 386 32 12 1700 3747 1821 3649 3127 4176 4770 4346 1096 890 3782 1025 
1003 331 396 260 383 383 32 386 32 12 834 5065 970 2712 2166 3390 403 1729 4683 780 2331 1682 
1004 253 396 386 254 342 32 32 341 11 3763 5953 4354 5347 2373 5139 3855 840 5981 3372 4238 
1005 342 396 386 254 383 32 32 341 12 3438 1990 5158 5931 2729 4183 4130 5533 5698 1310 3076 5780 
1006 253 396 386 341 318 32 32 32 12 468 2379 5862 2697 3809 43 515 2364 3028 4018 529 1631 
1007 318 396 386 341 383 32 32 32 12 4874 2785 3114 4384 1439 2679 4973 5250 5419 4855 82 3460 
1008 383 253 260 254 435 382 385 367 11 2606 3350 2383 4480 2307 928 1372 5128 621 4520 1849 
1009 435 253 260 254 32 382 385 367 12 2439 851 4718 5501 1886 276 4090 3904 5360 2274 4605 4451 
1010 383 253 260 367 443 382 385 32 12 4686 3413 5644 4840 1239 5974 2340 4407 4006 3283 370 513 
1011 443 253 260 367 32 382 385 32 12 2889 1016 5257 613 5519 1861 2595 845 518 3255 5758 5990 
1012 383 253 385 254 455 382 32 342 11 4195 3041 2214 2065 1568 26 5972 833 2545 4306 2866 
1013 455 253 385 254 32 382 32 342 12 873 1890 271 1745 5462 47 5945 2787 4313 5120 4416 3325 
1014 383 253 385 342 437 382 32 32 12 1922 5577 4684 2887 4004 5478 1273 4596 1635 5514 3047 2193 
1015 437 253 385 342 32 382 32 32 12 1073 1184 2510 5725 5486 4413 1988 4860 467 666 3694 2941 
1016 383 382 260 254 433 32 383 370 11 4225 263 1361 35 1456 4120 5672 889 1074 5787 1642 
1017 433 382 260 254 32 32 383 370 12 1874 4151 5614 696 2756 1089 5356 4994 5178 3746 1567 5429 
1018 383 382 260 370 434 32 383 32 12 3706 707 893 441 5116 1134 2568 5979 897 906 884 4636 
1019 434 382 260 370 32 32 383 32 12 820 5575 1892 5118 4080 4858 3574 4602 2864 364 957 4371 
1020 383 382 383 254 450 32 32 426 11 5580 4824 1270 3070 2849 1380 2732 2501 1505 3035 2087 
1021 450 382 383 254 32 32 32 426 12 1413 4000 5081 2372 1944 1397 313 1876 3825 3867 2515 3362 
1022 383 382 383 426 449 32 32 32 12 334 2983 2016 3268 1462 1832 5484 3931 1770 4104 3311 4650 
1023 449 382 383 426 32 32 32 32 12 1680 4663 1103 383 2292 2487 535 4131 1331 469 2058 1194 
512
512 0 0 0 0 40 136 126 110 11 3950 1615 4331 4111 5388 20 4843 2180 3361 239 5765 
513 40 0 0 0 128 136 126 110 12 1540 2244 4239 505 4216 4088 2684 1552 3644 3356 1324 4543 
514 0 0 0 110 51 136 126 268 11 1720 5433 2022 5002 3409 1741 2776 5014 2877 1621 2852 
515 51 0 0 110 128 136 126 268 12 5298 4566 1099 2586 1689 454 1031 4105 231 4996 5266 3794 
516 0 0 126 0 68 136 259 139 11 1365 2017 2882 3937 3366 4039 2990 5129 3583 5436 4262 
517 68 0 126 0 128 136 259 139 12 2590 477 2766 2094 1754 1845 4655 4474 661 3177 267 5975 
518 0 0 126 139 27 136 259 268 12 1108 4400 1998 5730 5587 4899 1105 5022 3864 1936 585 4871 
519 27 0 126 139 128 136 259 268 12 349 3703 926 4955 1915 5076 3016 2591 2851 3 1941 4062 
520 0 136 0 0 55 264 106 105 11 5927 5172 1304 2485 5668 5361 5766 2084 1996 4910 1844 
521 55 136 0 0 128 264 106 105 12 2330 5045 1986 5883 2612 3854 3343 3090 1980 4961 3067 1403 
522 0 136 0 105 59 264 106 268 12 2767 3900 1116 2176 5736 4024 3771 2100 1769 1617 1544 4483 
523 59 136 0 105 128 264 106 268 12 2530 1005 1107 5746 4369 517 406 4476 5977 1152 5719 1177 
524 0 136 106 0 68 264 259 146 11 3354 3841 3765 592 861 4447 1556 4925 254 2900 4038 
525 68 136 106 0 128 264 259 146 12 2994 4702 444 2927 3021 1405 1340 3903 3026 5699 22 3817 
526 0 136 106 146 46 264 259 268 12 3940 5271 5256 4898 1677 5472 5661 1487 3618 2960 3442 726 
527 46 136 106 146 128 264 259 268 12 126 531 3914 5915 2093 2562 5540 4795 5843 5475 4155 2135 
528 128 0 0 0 179 130 103 105 11 4128 198 4044 981 1246 212 2184 548 2465 326 2314 
529 179 0 0 0 253 130 103 105 12 3883 1088 135 1595 3784 1651 3082 5665 634 4667 1912 2745 
530 128 0 0 105 209 130 103 268 12 3251 1070 2698 3502 752 5739 1433 2086 2964 205 2657 1402 
531 209 0 0 105 253 130 103 268 12 3370 2245 4185 5465 5923 451 5071 3933 376 4025 5130 5748 
532 128 0 103 0 157 130 259 172 11 2610 5482 1062 5791 1426 2779 3324 1553 4077 3143 2833 
533 157 0 103 0 253 130 259 172 12 3137 2618 3120 4467 3955 4091 1703 2635 4950 350 1850 2269 
534 128 0 103 172 188 130 259 268 12 3594 1098 1164 5594 436 4373 4804 4680 5777 1485 2434 2109 
535 188 0 103 172 253 130 259 268 12 4537 4931 2344 615 3398 2148 2786 3038 5058 3262 4328 5151 
536 128 130 0 0 178 264 141 132 11 3077 1947 1938 1314 5803 3419 5609 149 603 5709 21 
537 178 130 0 0 253 264 141 132 12 3967 3338 246 2374 899 5283 1561 1603 5717 2217 1479 1793 
538 128 130 0 132 183 264 141 268 12 2835 4643 3529 500 5650 1315 238 3032 5137 3085 5752 3154 
539 183 130 0 132 253 264 141 268 12 761 1993 3269 2040 5181 5409 2052 5838 2848 362 3319 739 
540 128 130 141 0 210 264 259 130 11 3295 1355 4311 2006 1171 1234 579 5499 5131 1369 5604 
541 210 130 141 0 253 264 259 130 12 1950 2328 4404 982 3870 5906 3323 5986 5555 4901 4318 967 
542 128 130 141 130 184 264 259 268 12 4188 702 5414 4449 587 1977 4249 5734 983 3920 880 1824 
543 184 130 141 130 253 264 259 268 12 1765 5066 105 1080 460 2011 3980 665 2728 2123 3499 795 
544 0 0 0 268 64 145 133 376 11 2881 1173 2563 5500 2884 2673 3998 472 2159 1343 4028 
545 64 0 0 268 130 145 133 376 12 5334 3039 3932 941 5743 4270 137 927 270 5978 309 99 
546 0 0 0 376 48 145 133 32 11 5138 5689 150 2102 421 1362 5960 54 2000 3364 5954 
547 48 0 0 376 130 145 133 32 12 5585 57 2234 966 3971 3353 232 2170 5212 4525 4618 1926 
548 0 0 133 268 57 145 259 379 11 4681 2112 2778 1744 1826 3493 4023 5660 4362 5716 2831 
549 57 0 133 268 130 145 259 379 12 2704 2694 4143 2110 3966 5636 589 1756 3429 2225 2944 3141 
550 0 0 133 379 78 145 259 32 12 3812 5368 3215 1887 9 3069 5794 146 4502 5870 4557 5662 
551 78 0 133 379 130 145 259 32 12 206 5908 4805 1430 1127 3247 2873 1578 968 1847 2569 3729 
552 0 145 0 268 52 264 130 397 11 5320 547 627 929 5944 1593 5063 3053 3327 5524 3424 
553 52 145 0 268 130 264 130 397 12 2228 5167 5997 2772 5407 5556 1963 208 5036 2346 832 3087 
554 0 145 0 397 43 264 130 32 12 501 4021 5157 938 3009 4452 5726 1622 5303 369 4831 1951 
555 43 145 0 397 130 264 130 32 12 969 5046 4022 1987 4747 2860 4887 4861 5871 5788 560 1050 
556 0 145 130 268 57 264 259 384 11 5695 1905 1891 745 220 3488 5999 5523 1907 5357 838 
557 57 145 130 268 130 264 259 384 12 2091 2288 1860 1170 2308 3893 4716 3347 4011 656 4600 5184 
558 0 145 130 384 63 264 259 32 12 1837 5935 5658 1920 3518 2839 4016 4168 2003 4507 4538 3968 
559 63 145 130 384 130 264 259 32 12 2315 3036 1319 2509 2644 2740 5210 5982 3540 4558 1163 4829 
560 130 0 0 268 187 124 151 390 11 2309 3588 2494 1178 1962 1838 619 2195 103 3109 2376 
561 187 0 0 268 253 124 151 390 12 2419 1728 2008 5537 869 784 2350 4642 2171 42 3989 4976 
562 130 0 0 390 169 124 151 32 12 2114 5162 540 3972 3928 1858 1425 3702 5762 59 4385 4714 
563 169 0 0 390 253 124 151 32 12 2957 485 2892 2988 5438 5450 1417 5607 1691 3604 2056 3159 
564 130 0 151 268 206 124 259 395 11 2272 4531 4468 5364 913 4798 2202 4705 67 1857 4943 
565 206 0 151 268 253 124 259 395 12 3144 256 3119 4084 1791 3721 3150 4916 4818 4821 368 3996 
566 130 0 151 395 194 124 259 32 12 2913 1034 1020 2221 4733 5626 3930 3057 1662 2663 1569 4757 
567 194 0 151 395 253 124 259 32 12 5823 1502 5599 358 5385 3457 594 2453 1566 4414 5399 4518 
568 130 124 0 268 201 264 117 357 11 1974 4017 4051 4815 4802 759 814 3951 4549 5201 951 
569 201 124 0 268 253 264 117 357 12 3458 1929 226 3770 6 3798 1463 508 3211 5416 5495 2923 
570 130 124 0 357 190 264 117 32 12 1247 4302 495 3293 4274 1788 2876 4648 2841 4365 3014 5213 
571 190 124 0 357 253 264 117 32 12 5030 3309 4661 4148 695 61 3386 1573 785 2451 3866 5547 
572 130 124 117 268 190 264 259 380 11 4754 5229 1817 5769 2637 3448 1197 5642 1444 2855 3015 
573 190 124 117 268 253 264 259 380 12 1819 3789 991 3614 2460 1652 2098 431 722 1674 1219 2431 
574 130 124 117 380 172 264 259 32 12 3497 1469 51 3956 5669 2535 1422 2659 1398 4228 3121 867 
575 172 124 117 380 253 264 259 32 12 447 3691 2034 3593 4904 402 1305 3988 2695 1132 1527 244 
576 0 0 259 0 46 120 394 106 11 2550 1853 199 3891 1531 3654 3509 5362 5149 5539 1563 
577 46 0 259 0 120 120 394 106 12 3853 1848 4774 1249 56 4790 4834 1515 2165 4830 4099 588 
578 0 0 259 106 60 120 394 252 11 915 4177 1653 1771 1633 4499 3869 1416 3901 2613 5147 
579 60 0 259 106 120 120 394 252 12 4951 3302 5282 2652 1241 697 5663 760 2444 3532 1501 5031 
580 0 0 394 0 59 120 32 108 11 5952 223 3777 2096 5656 5898 5957 5384 3711 5275 3066 
581 59 0 394 0 120 120 32 108 12 806 10 3807 2930 3566 4372 973 1036 1018 5337 1894 3012 
582 0 0 394 108 24 120 32 252 12 4376 3659 4251 3647 5576 5485 2053 5861 2440 3633 410 3597 
583 24 0 394 108 120 120 32 252 12 5448 4097 4060 1224 3826 3422 401 452 2265 3581 1904 3102 
584 0 120 259 0 76 264 398 95 11 1794 5938 871 659 3346 2127 5326 2253 1762 895 1385 
585 76 120 259 0 120 264 398 95 12 4356 4817 5880 4572 4570 5074 3648 2404 4823 3616 3923 1250 
586 0 120 259 95 46 264 398 252 12 4796 3317 4651 2854 727 112 4959 4382 4454 4381 1455 4374 
587 46 120 259 95 120 264 398 252 12 2068 1172 366 3582 4493 3062 2910 5713 1800 663 4204 3441 
588 0 120 398 0 55 264 32 88 11 3374 2546 2121 4147 3839 3810 5102 3349 550 815 4291 
589 55 120 398 0 120 264 32 88 12 2255 1071 3073 1731 747 3800 4984 1584 4266 2753 5232 2624 
590 0 120 398 88 63 264 32 252 12 3355 4186 329 507 617 2141 2267 5684 5041 734 5490 5026 
591 63 120 398 88 120 264 32 252 12 3477 2614 4343 404 5052 1972 4040 1205 5220 4811 2492 5804 
592 120 0 259 0 200 132 380 117 11 4457 3385 2762 4118 486 3220 3505 1186 3427 2427 4258 
593 200 0 259 0 253 132 380 117 12 3708 40 2748 4989 84 3216 4865 776 5574 2361 1495 2842 
594 120 0 259 117 191 132 380 252 12 546 1124 961 5831 1694 3621 324 139 3292 1464 1799 2820 
595 191 0 259 117 253 132 380 252 12 1048 537 2 5434 1687 5188 3874 5410 4323 3342 5277 4749 
596 120 0 380 0 172 132 32 148 11 1220 1811 4235 3514 3743 4252 4279 872 1275 3760 1237 
597 172 0 380 0 253 132 32 148 12 4377 5962 233 5821 3359 3482 5216 5727 2730 1966 3275 4421 
598 120 0 380 148 209 132 32 252 12 3168 554 1805 2385 5810 3146 5272 4985 4026 2097 5350 2834 
599 209 0 380 148 253 132 32 252 12 2792 1030 3093 4393 3526 2504 5281 4162 3253 4265 4378 5346 
600 120 132 259 0 168 264 381 123 11 1781 1021 995 4847 5687 312 5223 4395 4412 5888 1875 
601 168 132 259 0 253 264 381 123 12 4224 3766 800 4030 5393 214 1162 2667 5087 3463 351 5119 
602 120 132 259 123 204 264 381 252 12 4767 3948 5516 2327 2522 1543 5958 4841 1726 2226 2030 2139 
603 204 132 259 123 253 264 381 252 12 2066 3115 4481 2718 1029 450 2430 3189 729 4388 3650 5508 
604 120 132 381 0 180 264 32 90 11 4664 3576 3851 261 4229 5833 3258 4260 4928 2508 5306 
605 180 132 381 0 253 264 32 90 12 3767 2519 1676 4419 4264 3635 2054 4322 1618 3465 4236 1598 
606 120 132 381 90 190 264 32 252 12 1914 5825 922 3435 3282 4941 2045 5241 2681 4134 3896 3890 
607 190 132 381 90 253 264 32 252 12 796 5680 488 2592 5866 878 4405 3484 3700 2521 5163 1671 
608 0 0 259 252 63 122 385 357 11 3190 1668 4498 5104 5801 2626 959 1667 5733 3682 4584 
609 63 0 259 252 129 122 385 357 12 3333 4630 4748 1918 5243 2031 4059 4610 5905 2290 511 1101 
610 0 0 259 357 40 122 385 32 11 1739 4391 3697 4556 1292 3170 200 2299 5371 1761 3938 
611 40 0 259 357 129 122 385 32 12 4334 1383 2209 3573 3630 396 974 283 5175 3459 3935 1628 
612 0 0 385 252 51 122 32 383 11 3779 4217 5864 158 4929 1835 706 789 3733 5443 5279 
613 51 0 385 252 129 122 32 383 12 3941 1779 3095 5391 5024 5545 1881 2853 2803 5494 3426 422 
614 0 0 385 383 56 122 32 32 12 5641 5566 3877 1768 1525 4707 3162 5751 3728 3824 4913 5541 
615 56 0 385 383 129 122 32 32 12 3357 2942 5270 2436 1161 4288 3408 405 224 2095 2920 426 
616 0 122 259 252 58 264 392 385 11 683 3495 5963 5646 391 5924 144 4668 4263 4595 5763 
617 58 122 259 252 129 264 392 385 12 185 3788 5504 2459 1524 5932 3611 620 5380 4245 4366 296 
618 0 122 259 385 56 264 392 32 12 3486 1211 2813 3138 2987 1087 640 3764 249 866 3265 2484 
619 56 122 259 385 129 264 392 32 12 1242 2448 5365 5417 2948 1209 731 2442 5582 3719 4505 4869 
620 0 122 392 252 64 264 32 378 11 5050 4970 4700 3632 1389 2973 3535 2630 4713 4708 4856 
621 64 122 392 252 129 264 32 378 12 3388 4113 1606 4946 4122 3140 165 4199 935 607 3416 1795 
622 0 122 392 378 63 264 32 32 12 5398 5666 1141 1991 2571 2168 5868 4571 2276 3011 5527 2555 
623 63 122 392 378 129 264 32 32 12 4289 2457 723 891 1261 1587 5897 5820 3622 2662 5770 4658 
624 129 0 259 252 188 114 388 362 11 4156 5914 3209 2977 3300 5544 4852 4809 911 1189 2360 
625 188 0 259 252 253 114 388 362 12 4797 2906 5849 1445 1200 4298 387 4450 2651 1518 724 4562 
626 129 0 259 362 191 114 388 32 12 498 3490 2182 5691 3010 1297 5638 4999 779 5468 764 2518 
627 191 0 259 362 253 114 388 32 12 570 5053 810 4791 2423 5553 4501 1477 2845 5531 701 3790 
628 129 0 388 252 161 114 32 371 11 1599 1713 79 3219 3994 109 1767 1637 5061 3489 5180 
629 161 0 388 252 253 114 32 371 12 2727 2671 3653 4231 3780 3774 5554 171 2101 5234 5775 5510 
630 129 0 388 371 185 114 32 32 12 5343 2752 2305 2238 4029 2173 3192 5702 5988 1388 940 2967 
631 185 0 388 371 253 114 32 32 12 2206 2975 4529 5625 5124 2055 2938 1828 3975 5049 5760 3983 
632 129 114 259 252 205 264 383 390 11 5155 3538 1225 2581 4433 1719 4669 3642 1557 3186 5859 
633 205 114 259 252 253 264 383 390 12 3104 3613 3025 1006 1137 778 161 5222 1128 5060 3776 5633 
634 129 114 259 390 176 264 383 32 12 1180 2142 4833 2081 1820 2539 4512 5441 2722 4418 916 1604 
635 176 114 259 390 253 264 383 32 12 4773 174 181 4896 672 4524 618 2414 2686 1570 3627 4132 
636 129 114 383 252 166 264 32 373 11 3469 572 1877 1290 1350 3019 1784 151 5879 1825 2286 
637 166 114 383 252 253 264 32 373 12 4553 5107 2157 353 3821 610 1150 3094 4593 1750 1191 2012 
638 129 114 383 373 182 264 32 32 12 4213 415 1366 5214 274 756 1190 399 1266 4853 5400 5203 
639 182 114 383 373 253 264 32 32 12 5624 817 4895 328 2050 3507 611 2991 3132 3205 4054 5454 
640 0 264 0 0 55 400 127 150 11 4194 2891 217 5679 4496 1782 5339 1656 3781 1302 749 
641 55 264 0 0 121 400 127 150 12 3063 1732 3814 3196 5710 2764 2734 310 5505 5603 1221 3987 
642 0 264 0 150 44 400 127 264 11 4141 934 5231 265 3250 1054 471 2602 3464 4541 1065 
643 44 264 0 150 121 400 127 264 12 2377 257 5802 1420 1368 1683 2425 1970 2682 1939 298 744 
644 0 264 127 0 64 400 248 109 11 4867 4732 2649 1896 2997 1312 1090 264 2578 3944 480 
645 64 264 127 0 121 400 248 109 12 2557 2542 5395 5592 5950 4759 222 3842 5164 1923 5782 5480 
646 0 264 127 109 51 400 248 264 12 4907 3335 4201 3701 2051 5211 5918 3749 5707 5200 2426 4780 
647 51 264 127 109 121 400 248 264 12 852 2477 4659 1490 2263 1012 3318 4142 3718 5781 4124 3072 
648 0 400 0 0 57 32 126 135 11 4972 211 4737 3437 1367 909 638 4709 4301 1852 3439 
649 57 400 0 0 121 32 126 135 12 4563 4523 2395 2474 854 978 177 577 1245 4550 1136 4535 
650 0 400 0 135 45 32 126 264 12 4129 580 2711 1772 2230 4063 3756 804 719 932 5290 1258 
651 45 400 0 135 121 32 126 264 12 552 1884 5768 2897 4652 1269 5951 3963 5925 5244 4146 4367 
652 0 400 126 0 62 32 248 117 11 3985 1528 2199 2311 153 3848 1626 1613 4464 4309 5402 
653 62 400 126 0 121 32 248 117 12 2999 2567 5156 4742 4627 237 122 5570 1792 563 5826 325 
654 0 400 126 117 73 32 248 264 12 448 3873 2422 5221 3397 1181 2865 1335 1009 2416 2029 5392 
655 73 400 126 117 121 32 248 264 12 2965 2020 605 2002 2690 2921 5936 123 4296 5070 5491 5645 
656 121 264 0 0 189 390 146 138 11 5686 3992 5987 730 3714 1640 1263 3953 3052 2735 1429 
657 189 264 0 0 253 390 146 138 12 386 2083 825 5759 3704 3310 2281 4101 215 2458 3639 31 
658 121 264 0 138 172 390 146 264 12 5690 3868 373 3195 2811 5423 3443 5992 3202 2575 1317 5489 
659 172 264 0 138 253 390 146 264 12 1685 5671 2683 3674 4966 4119 4839 3550 3401 340 3007 4919 
660 121 264 146 0 172 390 248 132 11 5827 2950 1605 16 3679 1227 1655 4335 700 5224 275 
661 172 264 146 0 253 390 248 132 12 3003 4013 1969 4859 1548 4190 960 4979 4957 2185 1467 2896 
662 121 264 146 132 185 390 248 264 12 3716 4456 4526 3273 5968 1560 1204 963 3657 1709 5652 5845 
663 185 264 146 132 253 390 248 264 12 4885 1707 3546 912 1118 4333 604 2334 2061 3391 5143 5674 
664 121 390 0 0 175 32 144 127 11 5583 1168 3101 2707 1140 77 5563 1786 2257 2117 799 
665 175 390 0 0 253 32 144 127 12 3806 3330 5846 2587 4893 5204 4629 3454 4736 2227 499 4210 
666 121 390 0 127 186 32 144 264 12 543 4314 3245 3405 4182 2807 63 4103 250 3237 3230 3234 
667 186 390 0 127 253 32 144 264 12 119 971 4775 4728 4922 651 2947 1931 1935 5750 2869 5091 
668 121 390 144 0 209 32 248 155 11 2502 2296 440 1351 1289 5088 4145 4390 2915 4995 4671 
669 209 390 144 0 253 32 248 155 12 4218 4202 4043 4689 2482 828 2445 1291 4808 2476 643 2488 
670 121 390 144 155 186 32 248 264 12 1612 1619 3264 1353 5028 3288 667 445 821 803 4982 1663 
671 186 390 144 155 253 32 248 264 12 449 5855 4639 2816 5239 3476 2840 2702 689 3897 992 902 
672 0 264 0 264 69 387 127 415 11 3420 269 4032 1688 2574 3830 2525 986 2692 2670 3562 
673 69 264 0 264 130 387 127 415 12 4241 284 5863 4174 3316 949 3180 2932 5865 304 5408 4915 
674 0 264 0 415 80 387 127 32 11 4406 5722 4261 3539 1529 178 5154 5920 2005 1066 348 
675 80 264 0 415 130 387 127 32 12 616 2009 3470 4163 1432 2062 2089 1882 5507 3043 1195 91 
676 0 264 127 264 64 387 248 360 11 3421 1358 2223 1834 571 4614 5610 5254 3585 2642 2556 
677 64 264 127 264 130 387 248 360 12 5378 1742 1094 4906 4444 4219 664 4626 2243 4672 3394 308 
678 0 264 127 360 52 387 248 32 12 3665 2042 5011 2607 2388 2998 5004 5754 5876 4290 2204 3527 
679 52 264 127 360 130 387 248 32 12 1764 4100 4098 1259 5565 612 3978 5511 4842 5589 419 4171 
680 0 387 0 264 66 32 112 362 11 4599 905 4173 1483 3481 2940 5839 1460 3118 5073 5 
681 66 387 0 264 130 32 112 362 12 3278 87 751 2870 5435 3997 3619 3876 5064 4816 4379 3730 
682 0 387 0 362 52 32 112 32 12 4305 2551 885 4662 5133 286 748 418 3977 5018 235 3403 
683 52 387 0 362 130 32 112 32 12 5199 2325 106 5280 4826 642 2691 3592 5875 930 5086 2696 
684 0 387 112 264 84 32 248 341 11 3029 2063 5463 4432 1400 2672 5296 159 2279 356 4209 
685 84 387 112 264 130 32 248 341 12 456 1083 5601 1522 1159 5258 4286 2952 1533 586 2514 2978 
686 0 387 112 341 79 32 248 32 12 4389 338 4001 4534 2757 4268 1142 5832 4324 5374 317 1125 
687 79 387 112 341 130 32 248 32 12 5095 5352 1873 1441 434 4325 202 3271 3181 3071 987 2857 
688 130 264 0 264 173 395 110 380 11 1757 1638 2349 2627 4857 4066 1049 5007 4008 3307 4092 
689 173 264 0 264 253 395 110 380 12 4484 850 4837 4096 1684 629 1283 4347 2131 5099 5693 2725 
690 130 264 0 380 174 395 110 32 12 5688 2074 5353 1650 2313 5856 497 2399 5165 4760 2645 4455 
691 174 264 0 380 253 395 110 32 12 5867 1588 1202 2264 2175 1447 5035 2342 5605 3658 4574 3918 
692 130 264 110 264 186 395 248 389 11 5675 3472 2322 225 777 2925 3736 4953 147 4776 4348 
693 186 264 110 264 253 395 248 389 12 4768 551 4136 5854 5934 247 2503 5928 1967 1807 2868 1285 
694 130 264 110 389 178 395 248 32 12 2929 5109 3894 2357 1330 4003 5631 5260 2507 2622 2812 2125 
695 178 264 110 389 253 395 248 32 12 2789 2498 4890 4965 1869 5564 4583 679 2765 2992 4876 4342 
696 130 395 0 264 192 32 133 367 11 5579 1008 786 2248 4072 2773 439 2277 3655 1763 528 
697 192 395 0 264 253 32 133 367 12 4071 4206 3598 4005 1639 510 1585 2829 4458 4337 4064 5132 
698 130 395 0 367 204 32 133 32 12 716 3519 4434 2489 173 2844 4647 1616 1510 882 2746 1092 
699 204 395 0 367 253 32 133 32 12 5383 946 3838 1075 631 888 1636 2410 874 1431 3820 1017 
700 130 395 133 264 189 32 248 404 11 996 3191 2796 4295 1060 1407 4665 1670 2650 3000 4912 
701 189 395 133 264 253 32 248 404 12 303 3561 1010 3231 5421 1185 4992 5886 3783 2134 1780 1932 
702 130 395 133 404 178 32 248 32 12 288 4638 3673 5552 2189 1702 2867 3491 829 741 5299 1623 
703 178 395 133 404 253 32 248 32 12 2918 3024 4631 3445 1267 1508 2716 1079 4827 5301 2104 5135 
704 0 264 248 0 62 379 357 120 11 768 4678 2329 5696 3511 2129 2534 1214 75 0 1229 
705 62 264 248 0 118 379 357 120 12 5882 2709 1037 1879 2496 5955 4448 975 4442 4634 183 1293 
706 0 264 248 120 74 379 357 254 11 2916 2433 5110 2162 4730 3922 2588 1925 5797 4047 2405 
707 74 264 248 120 118 379 357 254 12 481 1520 3939 1196 4649 4848 2912 3217 4169 4506 3542 2984 
708 0 264 357 0 59 379 32 117 11 1521 1589 5251 1504 3636 3871 1338 5141 2726 4624 4586 
709 59 264 357 0 118 379 32 117 12 5197 879 5578 2966 919 2559 614 5892 3494 4312 5117 4189 
710 0 264 357 117 43 379 32 254 12 5227 4109 5773 4056 3451 3238 2523 691 2172 5295 1716 4227 
711 43 264 357 117 118 379 32 254 12 4214 5616 4282 5532 5812 5021 1097 1917 1759 4248 5325 3020 
712 0 379 248 0 81 32 406 129 11 677 3738 3399 4877 5643 3105 2699 2526 2895 3512 669 
713 81 379 248 0 118 32 406 129 12 2982 1217 3687 5894 4862 5584 2777 3917 2411 463 1783 1775 
714 0 379 248 129 49 32 406 254 12 1027 2809 1906 4938 1537 4530 3906 1816 4731 1183 2878 3787 
715 49 379 248 129 118 32 406 254 12 5207 5623 5738 4793 2823 1643 892 1156 4167 5657 703 5389 
716 0 379 406 0 53 32 32 100 11 4329 746 3475 5404 3610 3751 4510 3417 116 2961 299 
717 53 379 406 0 118 32 32 100 12 5372 2552 4666 1063 3068 5248 5345 2911 567 1749 3078 1210 
718 0 379 406 100 28 32 32 254 12 3287 5268 948 5069 72 1061 5190 5259 5304 1581 1028 590 
719 28 379 406 100 118 32 32 254 12 474 3336 4517 1984 2472 4203 3912 5089 1 1723 5620 2600 
720 118 264 248 0 164 378 379 109 11 3949 5753 2455 4422 2035 2491 1708 464 3297 1158 3313 
721 164 264 248 0 253 378 379 109 12 896 1076 3845 2538 4942 5470 2480 3515 4832 1823 3444 279 
722 118 264 248 109 183 378 379 254 12 2183 3533 5023 2151 4612 3436 66 908 3239 5363 2937 1387 
723 183 264 248 109 253 378 379 254 12 4426 3818 516 1264 3934 4883 5776 5126 4152 4519 676 2421 
724 118 264 379 0 163 378 32 124 11 1166 1494 3257 5302 1386 1047 743 962 4947 2558 285 
725 163 264 379 0 253 378 32 124 12 3684 4892 3555 1943 2163 5667 2800 2438 1798 4528 143 5729 
726 118 264 379 124 192 378 32 254 12 1871 3326 476 2075 1199 1041 2158 4439 292 4272 3600 3761 
727 192 264 379 124 253 378 32 254 12 1594 4276 1144 5098 5245 1614 1473 5451 997 5338 2979 5724 
728 118 378 248 0 176 32 397 144 11 5824 754 4191 985 2926 3670 1410 1192 5415 2818 102 
729 176 378 248 0 253 32 397 144 12 297 184 5557 5134 2802 4726 4723 4762 2191 2874 5756 3589 
730 118 378 248 144 174 32 397 254 12 4048 1328 293 1193 2049 4657 5324 3198 5526 2036 3050 2278 
731 174 378 248 144 253 32 397 254 12 4554 3797 4761 3549 684 5956 1953 1572 2863 783 4361 5293 
732 118 378 397 0 174 32 32 109 11 5891 3117 4244 5449 5588 470 4114 4788 3690 5424 4968 
733 174 378 397 0 253 32 32 109 12 5476 5033 4466 437 623 824 4693 3579 3334 5937 581 78 
734 118 378 397 109 193 32 32 254 12 2814 140 2625 4969 3337 3860 5432 921 4725 4278 4585 1751 
735 193 378 397 109 253 32 32 254 12 4431 1316 5701 2203 2390 245 1154 994 1999 1307 5377 4576 
736 0 264 248 254 44 385 373 380 11 907 1182 4135 2059 2187 1550 167 2306 5613 3847 1649 
737 44 264 248 254 106 385 373 380 12 4921 5869 3696 2666 5247 5848 933 2701 4738 2316 5799 1102 
738 0 264 248 380 46 385 373 32 11 5933 1600 5185 83 4053 3693 4441 807 259 3844 5152 
739 46 264 248 380 106 385 373 32 12 3428 2714 3453 5993 3284 5411 5837 3207 600 4180 2749 3148 
740 0 264 373 254 51 385 32 397 11 5397 5425 5218 345 5431 5627 3037 1143 630 5542 2024 
741 51 264 373 254 106 385 32 397 12 4619 4873 12 993 5959 2687 2446 3952 1277 1169 1577 1546 
742 0 264 373 397 66 385 32 32 12 2190 388 33 1208 5900 5538 2689 3328 2946 4081 5617 5877 
743 66 264 373 397 106 385 32 32 12 4676 3060 496 2688 2564 4772 1965 5148 2103 4150 2971 5597 
744 0 385 248 254 66 32 372 395 11 4807 4423 3620 5043 4819 4615 4846 2815 1476 5322 5473 
745 66 385 248 254 106 32 372 395 12 3990 2321 1818 1517 3344 4479 4987 755 3098 4487 2424 2832 
746 0 385 248 395 57 32 372 32 12 4380 86 2301 4007 2685 2655 4588 2014 3926 2153 3432 281 
747 57 385 248 395 106 32 372 32 12 606 2294 1930 576 4292 1056 390 3954 3695 3187 4149 3744 
748 0 385 372 254 34 32 32 399 11 4491 2817 1475 3331 4359 4353 4033 5562 859 2907 5697 
749 34 385 372 254 106 32 32 399 12 4086 3002 371 3745 4673 4410 4548 2033 3974 5966 1327 5819 
750 0 385 372 399 51 32 32 32 12 3103 1424 2862 4891 4387 1174 3013 5237 5010 2415 2678 1058 
751 51 385 372 399 106 32 32 32 12 2939 2124 367 1352 39 771 2019 5072 2352 2825 3079 3022 
752 106 264 248 254 172 381 380 390 11 5747 277 2072 2319 4050 5189 4243 2270 4923 3414 5535 
753 172 264 248 254 253 381 380 390 12 4095 3468 5034 1001 108 1908 2239 1596 242 4967 4717 1539 
754 106 264 248 390 187 381 380 32 12 2370 3750 4255 5497 2337 5101 435 5757 172 4954 4015 5520 
755 187 264 248 390 253 381 380 32 12 512 2583 3383 4034 1776 920 5635 2890 1760 5309 5496 2986 
756 106 264 380 254 166 381 32 349 11 3862 718 5100 4656 4939 698 2608 3984 2428 3599 2914 
757 166 264 380 254 253 381 32 349 12 3857 3393 4436 5488 635 1384 4429 2032 1535 1787 1564 5573 
758 106 264 380 349 189 381 32 32 12 1669 1188 3263 3241 2478 5572 3819 1968 3829 5430 1026 4514 
759 189 264 380 349 253 381 32 32 12 3226 901 339 5895 3174 2513 2268 1281 1625 4753 5376 2335 
760 106 381 248 254 174 32 372 328 11 3601 4949 4536 1230 3976 48 5989 980 5774 5125 3643 
761 174 381 248 254 253 32 372 328 12 3865 4125 473 4711 5917 4727 4653 2256 3059 341 865 4394 
762 106 381 248 328 212 32 372 32 12 591 55 1461 4144 735 2010 3210 5741 1421 4425 4010 5464 
763 212 381 248 328 253 32 372 32 12 984 2146 1982 1664 3827 1785 2516 5995 228 5818 4488 3675 
764 106 381 372 254 171 32 32 406 11 4920 5881 176 2358 4956 561 4945 5447 424 2754 5369 
765 171 381 372 254 253 32 32 406 12 5405 4552 2218 1299 1111 4187 4825 2252 4055 1808 844 2974 
766 106 381 372 406 182 32 32 32 12 1046 1336 3569 2398 4401 234 1597 221 194 5319 3961 1994 
767 182 381 372 406 253 32 32 32 12 4719 2949 2266 5122 3395 3261 219 836 1084 3212 3111 1789 
768 253 0 0 0 325 126 115 133 11 1095 3320 4670 1489 3352 5948 1562 2130 2463 4247 227 
769 325 0 0 0 378 126 115 133 12 3828 4781 4503 1474 3762 519 129 5844 493 4850 145 2798 
770 253 0 0 133 314 126 115 257 11 3254 4297 5973 4875 389 5822 3054 2111 4267 3802 3134 
771 314 0 0 133 378 126 115 257 12 1233 5225 1113 2366 2909 1381 3097 3430 5481 196 956 218 
772 253 0 115 0 309 126 250 142 11 2505 1371 1841 3775 3167 3304 3624 4320 3667 1743 3554 
773 309 0 115 0 378 126 250 142 12 1976 3993 2067 5744 4435 1100 2441 5439 3431 1937 5145 5344 
774 253 0 115 142 320 126 250 257 12 5249 3772 3471 1758 2880 3692 230 826 2609 5075 5161 4257 
775 320 0 115 142 378 126 250 257 12 3958 5067 4280 5461 395 5941 2394 564 886 3669 2801 5349 
776 253 126 0 0 302 253 134 127 11 2553 3661 363 4281 4159 148 5051 3201 5136 1119 681 
777 302 126 0 0 378 253 134 127 12 2332 2343 2617 2160 2409 2136 4386 5912 2783 2493 5731 3803 
778 253 126 0 127 336 253 134 257 12 2520 3065 3905 5793 5195 772 4616 3943 3688 65 4259 1392 
779 336 126 0 127 378 253 134 257 12 2621 5602 4958 4640 3672 3151 674 4998 737 5019 4338 5708 
780 253 126 134 0 307 253 250 104 11 4603 289 5396 1004 5700 2210 2639 668 5057 5885 322 
781 307 126 134 0 378 253 250 104 12 5264 5292 553 1909 1630 3402 455 1003 1766 514 4396 1257 
782 253 126 134 104 314 253 250 257 12 2719 2219 2007 3628 5278 998 2490 4411 5841 1453 4504 2548 
783 314 126 134 104 378 253 250 257 12 1120 375 3910 2229 2312 318 2047 2200 3791 432 2250 1721 
784 378 0 0 0 426 136 122 100 11 4579 1711 3605 4184 3381 1746 4908 5097 3294 1997 2646 
785 426 0 0 0 32 136 122 100 12 3286 3785 1418 3885 4461 4226 300 2527 3360 319 5637 5183 
786 378 0 0 100 436 136 122 257 12 2738 3368 657 4087 4960 5732 4909 4398 1686 1889 4287 1973 
787 436 0 0 100 32 136 122 257 12 2980 1803 5593 5961 4139 5160 1321 1148 2302 1129 3575 3724 
788 378 0 122 0 451 136 250 124 11 4812 5340 5456 4459 1364 3274 400 1712 3193 4172 4 
789 451 0 122 0 32 136 250 124 12 3379 2885 5085 1538 1778 5816 857 562 1223 3308 3089 1055 
790 378 0 122 124 465 136 250 257 12 4902 632 5715 5115 3525 347 5893 5289 4844 682 45 4107 
791 465 0 122 124 32 136 250 257 12 2736 1948 1412 1334 4307 2118 3831 4878 1693 4140 3339 794 
792 378 136 0 0 447 253 111 94 11 155 2529 3571 240 4935 2827 4710 3034 862 1151 4889 
793 447 136 0 0 32 253 111 94 12 115 428 5964 3580 1565 1379 1571 2152 2573 5634 1903 721 
794 378 136 0 94 430 253 111 257 12 2976 2273 720 3312 2721 5375 5677 1592 2369 2371 990 2985 
795 430 136 0 94 32 253 111 257 12 3929 2432 62 3411 1081 5379 5153 2242 910 4729 4917 3946 
796 378 136 111 0 426 253 250 151 11 5930 478 3415 4319 1117 4009 5176 3404 5673 5094 639 
797 426 136 111 0 32 253 250 151 12 162 2132 1602 3122 943 692 2323 1665 4473 1378 2402 1218 
798 378 136 111 151 468 253 250 257 12 5342 136 3382 1382 601 2943 4685 2435 2026 5469 1830 5420 
799 468 136 111 151 32 253 250 257 12 894 2664 3455 2143 11 1734 36 2393 4740 842 5318 3487 
800 253 0 0 257 306 136 137 389 11 1736 295 1399 195 2560 3957 3523 4230 5228 2620 3100 
801 306 0 0 257 389 136 137 389 12 2320 2261 4223 5926 3739 3373 2145 5305 3513 2108 4212 1482 
802 253 0 0 389 317 136 137 32 11 2367 5455 5458 3715 4469 3171 2744 5513 1077 374 3962 
803 317 0 0 389 389 136 137 32 12 1971 1301 710 1409 4918 5606 1895 3314 4864 5466 5755 1582 
804 253 0 137 257 314 136 250 374 11 4304 3748 4316 775 466 2580 2824 1072 5359 2565 3123 
805 314 0 137 257 389 136 250 374 12 4597 258 280 2945 2893 3182 1015 4888 1248 685 654 1509 
806 253 0 137 374 316 136 250 32 12 1738 1696 459 331 2781 5446 3030 2387 4082 504 5013 2570 
807 316 0 137 374 389 136 250 32 12 782 3835 660 5370 4254 2310 3161 3552 1024 117 4515 3270 
808 253 136 0 257 322 253 136 363 11 1790 2743 1810 3425 999 5173 1206 2122 3204 1511 2755 
809 322 136 0 257 389 253 136 363 12 1868 2345 1459 2212 5171 4075 3666 1752 4706 4838 1646 1038 
810 253 136 0 363 333 253 136 32 12 290 1921 3590 3737 5648 4073 3786 3895 4644 1855 4250 3754 
811 333 136 0 363 389 253 136 32 12 4897 5543 624 1773 4042 5596 5911 4880 2826 1093 3689 5571 
812 253 136 136 257 303 253 250 339 11 728 937 4654 3959 2413 2771 1427 2280 111 4110 5664 
813 303 136 136 257 389 253 250 339 12 3947 2847 1851 3131 4368 4724 4674 3837 5723 3461 4193 1300 
814 253 136 136 339 331 253 250 32 12 5159 2791 5529 1231 2680 3228 4179 3296 4198 5910 1112 3548 
815 331 136 136 339 389 253 250 32 12 3172 3909 3534 2220 4565 1806 5796 4181 4511 4326 2888 2282 
816 389 0 0 257 454 146 140 377 11 95 182 4696 673 3474 397 5860 5059 5721 3727 2140 
817 454 0 0 257 32 146 140 377 12 5193 316 5786 2437 1661 3557 2549 4178 3880 4810 4936 5728 
818 389 0 0 377 463 146 140 32 12 5902 4478 5515 5517 1268 4577 3340 1333 420 1375 5890 4052 
819 463 0 0 377 32 146 140 32 12 1496 3981 3631 539 1446 2397 3166 4299 305 2382 1867 5913 
820 389 0 140 257 445 146 250 360 11 1519 900 5226 2875 4494 3303 5785 5611 809 5025 5590 
821 445 0 140 257 32 146 250 360 12 1032 1347 3705 1423 1975 1718 427 827 3698 1843 3017 2236 
822 389 0 140 360 476 146 250 32 12 625 4012 4617 1632 2641 3858 4375 2271 4269 1774 678 3175 
823 476 0 140 360 32 146 250 32 12 4222 686 2076 5457 207 1893 2750 5037 3516 5649 5857 3031 
824 389 146 0 257 455 253 129 371 11 818 2904 3899 3506 3332 3709 1408 5896 3299 931 494 
825 455 146 0 257 32 253 129 371 12 4471 4632 5406 1228 5694 2917 156 4521 3222 2850 5047 2935 
826 389 146 0 371 457 253 129 32 12 2222 3565 3387 5267 188 3305 2924 2291 4701 5471 302 3492 
827 457 146 0 371 32 253 129 32 12 715 2747 5887 1675 3329 3242 127 4350 4628 2208 2541 1644 
828 389 146 129 257 443 253 250 378 11 549 2064 1276 3184 1833 633 1526 847 2338 3498 788 
829 443 146 129 257 32 253 250 378 12 5166 2934 142 4822 1280 5811 5285 1924 5217 3233 4722 5591 
830 389 146 129 378 457 253 250 32 12 5233 2194 1346 3908 1797 408 27 5198 3074 2665 675 5208 
831 457 146 129 378 32 253 250 32 12 3911 1240 2259 4315 2724 5348 131 4598 955 5039 4735 1611 
832 253 0 250 0 316 135 380 145 11 4606 4882 2658 3634 717 1610 3503 5341 1122 3646 3139 
833 316 0 250 0 386 135 380 145 12 4590 4900 4031 5460 4402 3044 4345 3969 3545 4285 5806 5874 
834 253 0 250 145 315 135 380 272 11 2188 2584 337 2071 2775 4560 1673 2631 2804 4430 1082 
835 315 0 250 145 386 135 380 272 12 3544 1607 2251 4594 1870 287 4712 461 4926 1207 4739 2138 
836 253 0 380 0 315 135 32 113 11 950 3886 7 392 1481 28 3663 5235 5114 4569 5261 
837 315 0 380 0 386 135 32 113 12 1450 5567 5150 5640 3371 5316 1044 4207 3856 2359 3096 2133 
838 253 0 380 113 341 135 32 272 12 1679 1465 1910 4014 766 1298 976 1411 972 3717 2417 3232 
839 341 0 380 113 386 135 32 272 12 5000 3200 186 3188 4470 175 5815 2540 4175 1812 583 384 
840 253 135 250 0 317 253 379 111 11 2636 3960 3136 1601 4750 2260 4611 5358 647 1864 705 
841 317 135 250 0 386 253 379 111 12 5921 645 282 382 2201 1342 3236 5174 1846 2120 243 2537 
842 253 135 250 111 317 253 379 272 12 863 2705 3163 1313 2901 3603 306 835 4046 3473 1647 3927 
843 317 135 250 111 386 253 379 272 12 816 4704 5453 1279 1899 2297 262 733 490 3662 1271 5187 
844 253 135 379 0 301 253 32 134 11 5273 2919 2113 3564 2858 3919 4990 4698 3267 81 216 
845 301 135 379 0 386 253 32 134 12 3099 89 530 5983 5113 4453 1360 5008 1286 5939 526 688 
846 253 135 379 134 333 253 32 272 12 2461 1133 2300 377 1187 5428 5437 5310 5783 5704 4568 191 
847 333 135 379 134 386 253 32 272 12 5647 3823 5922 5186 1251 1256 1733 417 4293 1344 3213 2931 
848 386 0 250 0 440 117 413 130 11 3178 3345 2676 4993 1690 4233 5090 3048 4777 958 2544 
849 440 0 250 0 32 117 413 130 12 736 3510 3112 73 2898 4349 4792 525 5745 823 1019 4766 
850 386 0 250 130 455 117 413 272 12 3522 1574 5452 1265 3882 5996 769 5969 1045 96 5903 3396 
851 455 0 250 130 32 117 413 272 12 1722 4564 4646 1554 74 1109 1213 5878 5847 2232 2073 128 
852 386 0 413 0 419 117 32 103 11 3083 4360 4814 5335 4744 5530 5561 70 3392 342 2215 
853 419 0 413 0 32 117 32 103 12 536 1730 2070 740 5287 4679 1404 5615 2368 5323 597 5779 
854 386 0 413 103 443 117 32 272 12 41 4756 4089 2347 534 5528 5503 813 3898 2677 1493 3586 
855 443 0 413 103 32 117 32 272 12 1542 2254 1672 1390 3107 3521 2788 1147 2619 2632 5284 2378 
856 386 117 250 0 449 253 365 122 11 1448 3755 1149 4682 85 5550 180 5654 4460 2723 5330 
857 449 117 250 0 32 253 365 122 12 5994 1253 3979 4158 4397 1341 2996 2742 4751 1254 442 5308 
858 386 117 250 122 440 253 365 272 12 3731 3889 4300 1995 1737 3942 482 3680 4465 2475 875 694 
859 440 117 250 122 32 253 365 272 12 2883 1176 2774 3142 3149 3080 465 2715 446 2633 3214 5498 
860 386 117 365 0 449 253 32 160 11 5749 2164 758 4752 3742 1458 3108 5985 1814 4592 3861 
861 449 117 365 0 32 253 32 160 12 201 5767 1804 479 4495 433 2454 2733 3651 14 2579 4866 
862 386 117 365 160 440 253 32 272 12 2391 4462 5761 4944 3577 4743 2675 1624 3365 2150 381 5711 
863 440 117 365 160 32 253 32 272 12 294 5946 4771 5685 88 2197 5907 953 708 3664 1311 2703 
864 253 0 250 272 319 132 400 422 11 2830 5274 3836 4440 4153 4765 5206 3440 4116 3446 798 
865 319 0 250 272 392 132 400 422 12 2554 5307 4546 5901 2928 4166 1472 1946 114 2466 3406 3834 
866 253 0 250 422 333 132 400 32 11 830 988 2246 4635 793 2363 1551 3681 1320 2902 5581 
867 333 0 250 422 392 132 400 32 12 2443 3389 5651 5740 3547 1898 3995 1167 2149 1013 1724 558 
868 253 0 400 272 316 132 32 412 11 1437 4675 2769 125 5020 3602 5373 5737 307 1854 2015 
869 316 0 400 272 392 132 32 412 12 5971 923 1414 1438 2326 2179 3699 5080 3046 2028 5834 5005 
870 253 0 400 412 338 132 32 32 12 3520 3608 2872 4620 4106 4746 5191 2615 3298 1705 3084 413 
871 338 0 400 412 392 132 32 32 12 5442 1332 4492 5703 5828 189 5559 2969 453 1262 3133 5807 
872 253 132 250 272 319 253 386 386 11 1130 2262 1308 2648 3678 121 187 3153 989 3369 3501 
873 319 132 250 272 392 253 386 386 12 4828 1747 5735 4879 5440 4428 2536 327 1238 80 5062 1401 
874 253 132 250 386 304 253 386 32 12 3531 3732 3358 5742 1175 924 2739 4545 602 34 5077 1911 
875 304 132 250 386 392 253 386 32 12 1296 5784 2962 2859 584 204 4783 5595 1660 2717 3536 1391 
876 253 132 386 272 314 253 32 420 11 1498 1952 37 3804 509 1755 30 671 1641 3563 3759 
877 314 132 386 272 392 253 32 420 12 2169 4363 1434 314 2041 1468 3147 248 1022 2092 1329 4020 
878 253 132 386 420 333 253 32 32 12 2037 2604 4234 1053 5403 2790 4688 3285 360 2993 2500 1374 
879 333 132 386 420 392 253 32 32 12 1345 914 5426 5790 1698 538 4542 4500 4370 5422 524 1659 
880 392 0 250 272 445 139 381 383 11 2099 1288 5712 5418 273 2936 357 1866 4952 5242 4215 
881 445 0 250 272 32 139 381 383 12 5387 1506 132 965 3617 599 2933 5467 1927 5209 4246 1591 
882 392 0 250 383 448 139 381 32 12 3158 1516 5814 1484 4905 4868 1956 5144 484 2389 2836 1480 
883 448 0 250 383 32 139 381 32 12 3606 3543 4138 2365 1885 2846 5536 4339 1558 5121 3005 2348 
884 392 0 381 272 446 139 32 390 11 1934 4694 5205 3686 1827 4986 2593 628 3322 2585 1014 
885 446 0 381 272 32 139 32 390 12 1451 3227 5772 3965 3129 3197 2603 4035 60 3081 1068 1042 
886 392 0 381 390 441 139 32 32 12 193 5817 3423 944 2181 709 1695 3671 3840 3656 2025 2295 
887 441 0 381 390 32 139 32 32 12 1883 372 3248 1725 5720 1913 1377 4623 2511 1872 1532 1815 
888 392 139 250 272 458 253 366 369 11 4884 5714 559 489 5683 757 5367 4117 3556 1710 5586 
889 458 139 250 272 32 253 366 369 12 5016 1955 4068 520 2126 4317 1534 1051 5479 3462 4070 4794 
890 392 139 250 369 433 253 366 32 12 4769 3092 3045 4489 4836 3246 670 3924 3887 2561 3218 568 
891 433 139 250 369 32 253 366 32 12 1620 1648 839 2284 3725 5836 3623 2981 4803 94 2078 4486 
892 392 139 366 272 453 253 32 394 11 532 3707 1740 1989 4567 5412 5006 1503 3676 1243 2021 
893 453 139 366 272 32 253 32 394 12 4074 335 3363 332 5015 5311 5040 3157 5083 5619 3027 1559 
894 392 139 366 394 436 253 32 32 12 5474 2429 3964 1146 5366 2235 3272 2758 712 2090 1033 3570 
895 436 139 366 394 32 253 32 32 12 1576 3799 163 3156 5105 2207 2566 5600 483 2524 1678 2495 
896 253 253 0 0 311 382 111 130 11 5764 5612 1040 4424 3568 2596 2517 699 2293 4427 3135 
897 311 253 0 0 378 382 111 130 12 4561 2706 2963 2317 5312 2137 1138 394 2128 2298 2471 3042 
898 253 253 0 130 329 382 111 276 11 69 90 2795 5618 5263 4321 4383 2241 107 3945 5842 
899 329 253 0 130 378 382 111 276 12 2467 5655 5386 3243 5840 97 3884 93 1942 210 3863 2805 
900 253 253 111 0 292 382 260 146 11 457 3380 738 1466 1232 2452 4208 4555 2951 3758 278 
901 292 253 111 0 378 382 260 146 12 5017 3504 4522 545 416 68 846 2660 690 1011 2577 2004 
902 253 253 111 146 315 382 260 276 12 2499 4112 649 3740 5808 4820 2038 5355 104 1309 713 5029 
903 315 253 111 146 378 382 260 276 12 134 662 110 5294 379 5608 458 506 3351 1323 141 5382 
904 253 382 0 0 294 32 146 105 11 2356 2396 4102 4924 5976 3240 1349 2192 1978 5056 1165 
905 294 382 0 0 378 32 146 105 12 2450 3116 3056 5670 3321 569 138 365 841 541 5329 3126 
906 253 382 0 105 312 32 146 276 12 5792 680 1586 5630 272 203 2576 3625 1337 3055 252 936 
907 312 382 0 105 378 32 146 276 12 4161 425 5240 917 2640 4303 5858 4399 2177 3128 1085 4975 
908 253 382 146 0 313 32 260 151 11 765 4294 1888 1985 3741 3629 3277 2449 5621 853 2611 
909 313 382 146 0 378 32 260 151 12 1822 5970 4799 1282 2043 3712 23 5980 5851 5048 1856 1007 
910 253 382 146 151 308 32 260 276 12 1155 1471 2674 5314 3660 527 323 5884 2956 423 3456 1897 
911 308 382 146 151 378 32 260 276 12 1831 4934 2623 3587 3530 462 3279 2196 2861 4094 5096 5809 
912 378 253 0 0 441 396 148 156 11 790 430 5313 3478 1252 398 5502 2216 2547 2922 3936 
913 441 253 0 0 32 396 148 156 12 3843 4336 4516 475 1488 3185 1945 3466 636 301 4036 1449 
914 378 253 0 156 457 396 148 276 12 2693 4049 843 1940 3734 877 5525 947 1514 5949 3685 4785 
915 457 253 0 156 32 396 148 276 12 787 2048 5813 4778 1415 2821 229 1179 1203 4745 3266 860 
916 378 253 148 0 447 396 260 147 11 652 1244 5215 2582 3753 5965 5493 1215 1880 4221 3449 
917 447 253 148 0 32 396 260 147 12 4415 2761 1295 4641 1114 3281 1681 5678 5401 792 4351 5558 
918 378 253 148 147 454 396 260 276 12 2060 4513 3367 1376 3203 732 2741 3447 3033 92 352 3596 
919 454 253 148 147 32 396 260 276 12 3553 566 4758 1201 3400 1829 492 4115 1486 3677 124 4137 
920 378 396 0 0 448 32 161 115 11 1274 5477 4126 5394 4154 5027 858 1121 4575 5942 3194 
921 448 396 0 0 32 32 161 115 12 1836 4625 1064 3001 502 1541 4277 2082 260 3925 1753 837 
922 378 396 0 115 444 32 161 276 12 1443 491 2237 1395 344 2886 5509 4527 2336 1428 3578 5192 
923 444 396 0 115 32 32 161 276 12 4587 3683 1339 2760 3040 5676 725 5518 209 154 361 5492 
924 378 396 161 0 447 32 260 151 11 4963 3524 1992 1039 4872 1634 2392 4540 4692 3206 3801 
925 447 396 161 0 32 32 260 151 12 1954 5265 3086 5286 2144 2161 5269 1440 2107 4720 3018 1859 
926 378 396 161 151 422 32 260 276 12 3872 693 4851 3916 4980 253 4332 3668 2759 443 1717 870 
927 422 396 161 151 32 32 260 276 12 753 320 5546 5830 3106 168 4932 5929 13 4978 2186 1131 
928 253 253 0 276 309 407 142 383 11 5947 4886 3991 3720 3290 942 1545 5659 64 2401 1555 
929 309 253 0 276 373 407 142 383 12 2304 4108 2531 593 5967 658 2481 750 4697 1979 1706 152 
930 253 253 0 383 310 407 142 32 11 3591 5789 1590 2115 2116 4604 1735 3572 1442 578 1348 
931 310 253 0 383 373 407 142 32 12 2737 3846 3176 5252 2483 3811 5092 1916 5916 2843 2018 2643 
932 253 253 142 276 300 407 260 376 11 5560 4601 1579 5853 5904 1958 2456 2953 4482 4358 3757 
933 300 253 142 276 373 407 260 376 12 4509 71 4327 1497 5984 4192 3110 2354 291 4779 2289 4037 
934 253 253 142 376 319 407 260 32 12 359 4344 1666 1657 5568 4559 4991 4497 608 5506 164 4200 
935 319 253 142 376 373 407 260 32 12 1023 797 2908 5628 1035 4160 113 4403 856 5718 2400 5255 
936 253 407 0 276 308 32 120 403 11 687 3892 5798 5328 2412 213 2044 1059 1961 3164 2808 
937 308 407 0 276 373 32 120 403 12 5444 2231 160 4490 2167 3999 3607 321 4438 4703 5333 4532 
938 253 407 0 403 308 32 120 32 12 3418 414 3595 4446 1727 2959 4914 2353 544 2894 1645 2479 
939 308 407 0 403 373 32 120 32 12 4164 4962 3341 3769 5381 2700 3259 3375 3130 1697 4539 4660 
940 253 407 120 276 316 32 260 358 11 1865 411 4437 130 407 2594 3537 4637 4787 98 4002 
941 316 407 120 276 373 32 260 358 12 5705 1303 555 523 582 1212 556 2770 609 5889 4533 1500 
942 253 407 120 358 317 32 260 32 12 2668 1491 4687 2106 575 2599 4472 1222 4845 2375 4580 4789 
943 317 407 120 358 373 32 260 32 12 1067 1043 1069 918 1701 3315 2249 4256 4894 3793 5127 354 
944 373 253 0 276 408 371 117 404 11 2828 100 822 1654 2088 1153 4801 2406 3199 521 2532 
945 408 253 0 276 32 371 117 404 12 2497 1260 2046 1507 1863 5549 197 1326 3235 5632 4061 1145 
946 373 253 0 404 438 371 117 32 12 29 3173 3640 1547 5009 773 2780 3301 3815 2023 4205 4863 
947 438 253 0 404 32 371 117 32 12 2174 4057 3973 3609 4355 4578 4283 5653 1777 133 5829 1115 
948 373 253 117 276 445 371 260 388 11 1959 4940 5778 4085 2653 4930 977 49 255 4211 2362 
949 445 253 117 276 32 371 260 388 12 1919 2879 3615 3722 4330 2958 5082 4475 5872 120 2224 1236 
950 373 253 117 388 458 371 260 32 12 1457 3434 3223 3384 3517 438 4607 3229 4645 2708 2447 3970 
951 458 253 117 388 32 371 260 32 12 2856 2797 2287 1078 4782 3638 3152 3723 1964 5998 3637 596 
952 373 371 0 276 452 32 133 384 11 5692 831 1714 1862 925 5943 3822 380 2205 5012 4786 
953 452 371 0 276 32 32 133 384 12 3412 4948 5873 3183 1057 1692 2468 5850 522 2283 2039 1454 
954 373 371 0 384 443 32 133 32 12 5940 3125 236 4784 5331 3249 5146 1842 2638 4800 3752 2605 
955 443 371 0 384 32 32 133 32 12 5236 2954 1813 3145 3567 2211 4083 5598 1583 1809 819 487 
956 373 371 133 276 446 32 260 369 11 2462 4067 4764 5253 5084 650 1580 1536 3986 5106 2661 
957 446 371 133 276 32 32 260 369 12 2837 5038 1052 4981 4196 1235 4741 3064 4609 1123 557 3483 
958 373 371 133 369 437 32 260 32 12 1704 2970 4964 169 770 76 1609 805 2616 1393 1363 166 
959 437 371 133 369 32 32 260 32 12 2351 4988 1658 3833 5179 855 3260 2105 3915 251 5390 3452 
960 253 253 260 0 345 371 384 126 11 3006 2784 4284 5032 2572 4835 3612 1452 762 5111 2598 
961 345 253 260 0 388 371 384 126 12 1091 5317 4357 2903 4408 2178 3626 848 4170 1470 5055 704 
962 253 253 260 126 303 371 384 254 11 791 2819 2968 4065 2085 4691 1294 801 1419 5168 2156 
963 303 253 260 126 388 371 384 254 12 1900 5079 3088 3155 3179 2628 179 18 2303 44 3850 4937 
964 253 253 384 0 308 371 32 159 11 4544 1396 4027 5142 4573 2871 5521 4582 3735 3276 378 
965 308 253 384 0 388 371 32 159 12 3008 849 2751 3902 3169 5569 4045 2782 1322 266 393 157 
966 253 253 384 159 308 371 32 254 12 4058 1983 4078 3913 3558 3306 3289 4076 4123 503 192 3496 
967 308 253 384 159 388 371 32 254 12 979 3225 1436 38 1359 3832 5291 4806 2972 101 2486 2720 
968 253 371 260 0 345 32 380 101 11 3049 1840 5194 5169 4240 3433 598 3508 2506 714 648 
969 345 371 260 0 388 32 380 101 12 945 3051 5548 952 1629 2793 2763 2057 46 876 939 3816 
970 253 371 260 101 303 32 380 254 12 4443 2233 4927 1126 5112 3808 4971 2381 4608 5300 355 5315 
971 303 371 260 101 388 32 380 254 12 2386 4677 268 781 3165 3921 118 5196 2806 412 4420 58 
972 253 371 380 0 312 32 32 113 11 5108 5042 4417 574 1960 1106 2597 5682 1406 2713 2533 
973 312 371 380 0 388 32 32 113 12 4508 2155 4341 4127 1354 4242 5445 2154 2240 653 3500 2420 
974 253 371 380 113 318 32 32 254 12 5093 2955 343 4983 2408 883 2027 4977 644 1957 1160 742 
975 318 371 380 113 388 32 32 254 12 5459 3652 4121 1839 2473 868 711 3252 4633 3713 3559 3710 
976 388 253 260 0 442 388 385 121 11 2528 903 4699 429 2079 1575 1356 5354 4547 4445 1255 
977 442 253 260 0 32 388 385 121 12 4734 1928 3479 5899 3075 1492 3778 1549 2285 4079 5706 3378 
978 388 253 260 121 454 388 385 254 12 5622 3023 2258 2213 4093 2995 1373 5054 4881 2013 2147 2710 
979 454 253 260 121 32 388 385 254 12 4253 3058 1318 4352 3004 4271 4133 1608 4273 4974 5852 4069 
980 388 253 385 0 460 388 32 121 11 2654 881 763 4613 626 5795 3450 3792 5512 812 4340 
981 460 253 385 0 32 388 32 121 12 2647 5805 573 1981 1949 311 4275 2601 5534 1796 2634 3467 
982 388 253 385 121 454 388 32 254 12 1357 1284 5413 3878 3208 4591 3852 2318 5681 3879 4997 3221 
983 454 253 385 121 32 388 32 254 12 4763 5835 3410 2198 3113 5044 5276 1499 655 2069 2001 1278 
984 388 388 260 0 458 32 402 117 11 385 641 3485 3124 2799 864 1110 5332 1272 1530 4911 
985 458 388 260 0 32 32 402 117 12 2543 5771 3796 2669 4463 5238 315 5427 4364 2339 565 1086 
986 388 388 260 117 442 32 402 254 12 808 4157 1627 542 3224 637 4019 811 5246 1216 3551 3377 
987 442 388 260 117 32 32 402 254 12 409 1715 1394 4622 5068 5991 622 4690 904 3795 1902 2905 
988 388 388 402 0 458 32 32 115 11 3773 4165 767 3881 5629 4041 5219 5336 190 3244 2822 
989 458 388 402 0 32 32 32 115 12 1325 3061 4485 1226 1435 5919 954 3768 2838 3560 1002 5230 
990 388 388 402 115 453 32 32 254 12 1513 2810 3907 346 595 2077 802 2403 4755 4551 1135 2656 
991 453 388 402 115 32 32 32 254 12 5483 774 4854 3348 2464 3160 19 1802 5001 887 2418 1306 
992 253 253 260 254 314 396 386 377 11 25 4392 4621 4849 8 4721 964 5487 4695 3982 2512 
993 314 253 260 254 383 396 386 377 12 3726 53 4581 2324 5321 5182 2731 17 1370 3641 5123 4310 
994 253 253 260 377 318 396 386 32 11 1478 3859 2407 52 5140 4409 533 5288 5103 5297 5170 
995 318 253 260 377 383 396 386 32 12 2380 2989 4903 3875 50 2080 1287 1699 3645 3584 3541 5800 
996 253 253 386 254 306 396 32 425 11 1523 3280 3813 1748 5909 5202 333 5262 3849 2794 5078 
997 306 253 386 254 383 396 32 425 12 2899 3407 32 2355 336 3256 1512 1801 2333 3888 2341 4477 
998 253 253 386 425 320 396 32 32 12 2469 2119 170 1000 1104 4237 3480 1901 15 5003 5327 5551 
999 320 253 386 425 383 396 32 32 12 2589 3805 1139 646 5639 4220 4715 2275 4813 5351 3376 4589 
1000 253 396 260 254 307 32 386 383 11 2247 2768 330 4308 1878 4933 898 4232 3291 4197 2470 
1001 307 396 260 254 383 32 386 383 12 2629 5177 3091 1933 1157 24 2384 3528 1198 4870 5522 241 
1002 253 396 260 383 331 32 386 32 12 1700 3747 1821 3649 3127 4176 4770 4346 1096 890 3782 1025 
1003 331 396 260 383 383 32 386 32 12 834 5065 970 2712 2166 3390 403 1729 4683 780 2331 1682 
1004 253 396 386 254 342 32 32 341 11 3763 5953 4354 5347 2373 5139 3855 840 5981 3372 4238 
1005 342 396 386 254 383 32 32 341 12 3438 1990 5158 5931 2729 4183 4130 5533 5698 1310 3076 5780 
1006 253 396 386 341 318 32 32 32 12 468 2379 5862 2697 3809 43 515 2364 3028 4018 529 1631 
1007 318 396 386 341 383 32 32 32 12 4874 2785 3114 4384 1439 2679 4973 5250 5419 4855 82 3460 
1008 383 253 260 254 435 382 385 367 11 2606 3350 2383 4480 2307 928 1372 5128 621 4520 1849 
1009 435 253 260 254 32 382 385 367 12 2439 851 4718 5501 1886 276 4090 3904 5360 2274 4605 4451 
1010 383 253 260 367 443 382 385 32 12 4686 3413 5644 4840 1239 5974 2340 4407 4006 3283 370 513 
1011 443 253 260 367 32 382 385 32 12 2889 1016 5257 613 5519 1861 2595 845 518 3255 5758 5990 
1012 383 253 385 254 455 382 32 342 11 4195 3041 2214 2065 1568 26 5972 833 2545 4306 2866 
1013 455 253 385 254 32 382 32 342 12 873 1890 271 1745 5462 47 5945 2787 4313 5120 4416 3325 
1014 383 253 385 342 437 382 32 32 12 1922 5577 4684 2887 4004 5478 1273 4596 1635 5514 3047 2193 
1015 437 253 385 342 32 382 32 32 12 1073 1184 2510 5725 5486 4413 1988 4860 467 666 3694 2941 
1016 383 382 260 254 433 32 383 370 11 4225 263 1361 35 1456 4120 5672 889 1074 5787 1642 
1017 433 382 260 254 32 32 383 370 12 1874 4151 5614 696 2756 1089 5356 4994 5178 3746 1567 5429 
1018 383 382 260 370 434 32 383 32 12 3706 707 893 441 5116 1134 2568 5979 897 906 884 4636 
1019 434 382 260 370 32 32 383 32 12 820 5575 1892 5118 4080 4858 3574 4602 2864 364 957 4371 
1020 383 382 383 254 450 32 32 426 11 5580 4824 1270 3070 2849 1380 2732 2501 1505 3035 2087 
1021 450 382 383 254 32 32 32 426 12 1413 4000 5081 2372 1944 1397 313 1876 3825 3867 2515 3362 
1022 383 382 383 426 449 32 32 32 12 334 2983 2016 3268 1462 1832 5484 3931 1770 4104 3311 4650 
1023 449 382 383 426 32 32 32 32 12 1680 4663 1103 383 2292 2487 535 4131 1331 469 2058 1194 
