64
64 0 0 2 2 93 206 5298 5995 3155 4458 849 5187 115 4872 1353 3132 1248 4047 640 4490 2035 4468 2409 2090 1292 5554 2127 1759 2547 800 5837 4166 1099 630 8 2355 5702 508 4407 2910 56 3303 3543 5026 5611 2014 5189 1076 1204 3465 1225 1231 1848 3565 1047 5804 4623 2122 1762 3266 595 1789 2855 164 1328 2815 2262 3576 651 4970 1259 661 5087 1554 1900 5336 537 5407 2538 5775 408 1269 1036 3806 1145 2663 1941 488 3390 576 546 3306 3164 4147 3414 4117 3327 4193 
65 0 2 2 3 94 953 105 2777 2630 5958 5971 1490 3002 4858 5452 2878 3736 1131 3934 1808 2056 2287 1634 5615 2031 5854 2085 564 3208 3174 3291 3105 1201 919 3650 3631 2434 1756 3488 1058 1281 2071 478 3556 3959 4425 3439 4654 5641 1122 3615 5012 732 5631 3018 2112 3738 287 2124 4228 4636 5402 4216 2992 450 2806 2333 1775 3634 154 1682 5098 210 1184 2714 4050 4845 4310 3451 1728 5589 3039 1555 1711 826 2255 2627 5514 445 952 3037 2970 2704 5849 4740 3020 1912 2947 1551 
66 2 0 3 2 94 948 1888 3130 5486 2571 1622 5372 1611 5667 3884 935 429 5680 3393 171 930 4162 1704 3088 1336 4785 1187 1979 4756 3878 4196 4736 3300 4622 2471 527 67 3446 731 2608 2633 2016 2949 1475 3312 4912 5385 5609 402 5639 557 5058 2001 2260 3968 667 2747 5954 636 4037 3812 3379 45 2186 2154 416 2870 715 457 4141 1263 512 1278 2824 5732 600 1022 3618 2212 1755 1911 526 1709 1398 394 4177 2990 2368 605 2447 4079 142 4200 3265 990 2573 5176 824 4094 
67 2 2 3 3 94 2223 2512 42 4125 4030 1740 4941 1277 2796 1722 2372 281 686 4582 3587 2246 3710 277 900 706 5987 1098 809 2084 4594 4563 2782 2691 5188 4628 586 643 5571 5149 955 4897 859 215 1821 1114 2812 5142 1219 3764 2115 2453 1007 1325 3298 2994 4063 133 3338 2701 246 3638 4023 156 2635 4215 1288 725 1769 4463 1140 4161 4006 4640 3187 474 5108 5196 5162 208 1662 76 2648 4988 3284 1683 1677 5432 158 3381 1402 2620 3523 4894 5364 5938 2142 4145 3464 3332 
68 0 3 1 5 93 4760 97 3197 1280 786 2552 4652 3721 2091 5812 2344 2095 5601 1035 5560 1 907 1637 5109 3964 915 1508 2893 5509 4472 1311 161 1236 3961 174 3219 2298 5429 489 1273 1496 3147 1150 3536 3673 4674 4621 3843 516 5139 4801 2729 1190 1023 5153 2330 3003 3079 5730 4707 2493 3076 2940 273 2284 1326 1967 4055 1910 2082 5184 2325 3112 2891 1433 3967 4151 3179 579 5910 4287 2521 4290 4643 5562 4878 4554 746 3522 4344 64 5048 1745 4841 626 4706 805 929 
69 0 5 1 8 94 2008 2820 4418 5493 238 300 1943 1612 5566 1610 5623 5616 5575 4796 1919 3676 3471 1964 1986 4313 298 1834 2487 1539 674 4319 5691 4176 5277 2063 1346 3589 2178 4124 1971 1877 199 3325 5431 5017 191 2542 5711 1747 2769 4061 1934 723 4656 1552 4128 4062 1736 1730 5722 3397 1786 1593 2347 159 5845 5401 1476 5202 5766 1617 5242 197 2157 255 1102 1130 3834 4800 3377 4474 3068 46 5343 1892 5953 1698 1003 4076 3799 2548 3507 2688 5448 4388 3651 1498 558 468 
70 1 3 3 6 94 1454 53 83 38 3301 87 1509 310 5043 2931 4390 3732 4910 1601 1615 2486 1619 5446 3215 753 699 4916 3380 911 2059 1188 4218 4685 1437 2362 1441 888 2647 4168 1135 1729 733 5425 4421 2972 418 73 262 1953 5411 235 5319 4505 4813 290 2572 1584 1389 4099 5366 1267 5309 1101 2903 253 1298 1994 4818 3169 1027 2857 2924 5329 2589 1860 4602 578 2625 4275 3983 344 2877 4465 3092 2706 974 3546 1108 4972 4360 2545 5027 2180 566 392 2027 2094 2099 3463 
71 1 6 3 8 94 3269 518 4204 2485 4234 1300 2759 841 1264 4799 1033 209 5686 5466 4083 4245 29 433 3190 5547 2209 5408 1590 5312 1954 198 4413 2639 4316 187 4548 1062 405 3421 177 4272 1205 3975 742 5602 5587 5548 2057 3900 5528 2851 4717 682 5891 4539 3852 2560 3810 5736 1871 1442 5532 1780 5270 2391 5622 4534 1983 612 2384 5261 4777 3940 5054 2048 4677 1287 2273 4506 4032 1703 3250 876 4971 3969 5076 4599 4753 1457 5518 3423 3479 2749 31 5978 4483 35 3729 3727 
72 3 0 5 2 93 4803 1086 5082 5610 1656 2695 3254 3675 4056 5993 2473 5062 5022 318 996 846 1132 2415 2269 1673 4981 4448 2055 5272 1678 5932 3114 203 205 5819 1770 5796 1309 3911 1271 2939 5348 3473 1426 5045 3820 1922 5132 3141 1152 4130 1699 1250 1419 4698 4447 5034 5393 5727 2148 2629 2509 2795 3632 646 593 4642 2527 1865 817 4572 1580 2904 1948 220 2053 3259 3264 5705 1235 1327 3832 2986 5506 908 2776 1504 655 3160 4609 855 683 2599 2067 5141 5297 2229 2026 
73 3 2 5 4 94 3566 3468 200 4230 2364 5604 3841 940 168 5090 435 702 5975 1202 5985 2755 4381 3231 1570 1907 4329 3515 2922 4881 2501 2462 2531 5019 845 1456 962 4202 5543 4389 117 4212 5381 5001 1813 4295 4362 5649 1714 3811 791 1592 2889 2075 1330 5253 2215 2918 2363 1879 5592 803 5477 4149 5047 1382 5208 4938 726 865 1631 5808 2961 1308 2996 3794 2023 5848 4379 1423 5719 2790 4771 2378 1361 3089 1477 463 881 3876 1751 2696 3652 5296 4973 3282 877 5339 1310 1413 
74 5 0 8 2 94 2541 4139 2752 2037 4949 5049 5918 3385 1374 910 213 4663 2680 3789 1506 295 348 2139 4276 4873 3492 2481 5266 1032 3711 1995 2875 3341 3108 4296 3891 72 1960 2205 3430 1223 5595 4606 2240 4180 3154 3238 3534 2583 4754 5201 4826 5593 3813 4514 1274 712 4246 2610 3731 3928 2520 2622 708 5857 4992 5643 1531 3272 4118 1761 5173 4449 4538 2010 3592 2197 2674 3253 3686 2764 3863 5093 2407 1933 2102 866 2294 720 68 5100 443 5126 3477 5304 5128 3663 4882 4346 
75 5 2 8 4 94 3739 4211 3927 619 2745 5483 3982 4961 4768 3979 617 2338 3 1014 5800 2069 5396 1663 1649 639 5809 950 2068 116 4420 2558 1139 5306 4100 1929 4658 326 4457 1749 1882 5376 234 2047 4960 879 2593 2263 2162 5386 5235 3051 4213 1902 451 4252 2906 1087 2065 4460 149 4917 4002 874 631 727 1317 1781 3059 5361 1809 912 1314 5553 1465 1005 3346 4194 3499 1471 4142 288 789 3925 913 5481 3645 4298 228 3398 4921 4499 3691 5875 1980 5933 5193 483 3111 3817 
76 3 4 5 6 93 1097 1304 3322 793 4522 2621 2626 98 5263 4080 4355 3295 1297 5308 3826 411 1462 4105 1439 1039 4478 4763 5274 4286 363 3535 2711 5634 1321 3677 3343 3984 1708 5574 2477 2141 5654 1065 5369 2981 1875 4797 5078 3991 2968 5462 5455 3533 2553 5406 1091 2646 268 802 5155 4367 4259 480 519 4400 1667 5516 5859 5328 5964 755 5488 5806 1143 5855 3121 170 1289 44 2892 5473 3837 2337 4009 2231 5945 1894 3165 1640 1890 5900 998 1724 4715 1349 2999 1177 1227 
77 3 6 5 8 94 2360 5960 3340 5151 4689 5561 3349 5051 1220 1507 1511 1778 505 3273 5437 3345 5216 4682 3993 862 5200 2649 1148 545 4541 2278 3396 3642 3510 2128 4240 4095 5885 4944 2499 2678 2289 5944 3569 2517 5826 5160 3923 1956 5030 3283 2816 1684 906 3026 2105 1891 3319 4282 3918 5537 1222 4752 350 4851 3972 4254 3427 5430 4844 5009 5114 4375 113 27 4191 5678 4633 2592 3242 560 5666 5884 4306 870 5925 3181 5712 1337 1852 4978 4664 1895 575 1746 4719 3869 5174 2152 
78 5 4 8 6 94 2962 5236 2976 1557 2948 542 59 1591 2967 5512 3583 2354 4350 4248 3790 609 2879 1568 4598 2803 721 4271 4053 4113 2983 3598 2475 1481 2933 884 1549 1270 1348 2938 1975 4073 3004 1391 2051 3937 3708 378 4545 5322 2668 5060 5179 4432 1935 3372 1688 1383 1061 1110 4396 3056 547 263 1024 5311 544 5021 5846 5652 1463 3622 1286 1739 5756 697 1163 4500 172 5183 4512 2151 5248 3221 5497 5056 2206 4842 1654 1936 4 4058 5867 2472 1670 5530 3958 4634 1849 424 
79 5 6 8 8 94 1901 4928 4579 4394 4670 372 5795 3538 4065 3770 3489 4332 2489 4593 2169 1410 43 5456 5016 5709 3703 4738 5470 4966 2566 2345 2944 2966 5757 572 375 3670 2842 5790 3718 5287 5904 905 2353 2129 5598 5227 1715 2123 5213 148 1738 5288 5905 4315 3865 4620 924 2367 4550 5018 2716 4410 4104 2034 91 88 2862 135 360 2201 1028 1461 3930 2479 3595 4832 3486 4188 5999 3072 769 3842 5436 3384 1985 9 503 1647 2429 2797 4088 2533 705 1560 4152 5373 4000 5445 
80 0 8 1 10 93 4699 3758 3612 12 17 1347 13 4415 2654 5942 2901 4880 2497 5862 2982 3040 1523 5340 1226 3168 2442 5768 552 1633 691 5268 4019 2758 5703 5663 430 289 1141 1805 4614 1792 3666 3609 320 5529 966 5033 5628 5229 4503 3475 792 2173 4107 5930 4039 2386 406 4307 3537 1117 5398 1961 525 1116 356 4122 4133 4619 3908 2488 4745 3041 5368 2446 4519 1440 5660 2907 1397 614 1012 2650 4384 1334 822 2748 5103 4806 1856 2109 2693 4808 981 1651 3621 4839 5112 
81 0 10 1 12 94 3941 377 1064 3945 4116 4616 4163 4964 2400 3467 4918 5824 1129 415 3449 3151 781 1959 5565 3563 3022 1283 2390 5491 3135 1516 5066 2177 565 5977 2276 5119 4223 4256 4937 4942 4933 4273 2783 4696 5760 3907 1400 620 297 3028 380 1547 592 276 1618 4504 3890 1645 4406 1123 4709 4237 1358 2959 5893 4308 796 5763 5417 3305 3628 1726 4078 324 645 4986 4087 549 5418 2277 2849 3137 1095 1518 861 2187 4356 5632 4226 3821 3702 5576 3750 2237 1056 965 2207 2801 
82 1 8 4 10 94 1798 5527 1451 5461 2741 1284 2329 896 4013 243 5501 3021 2401 2040 4775 5671 2928 3707 131 5065 567 4997 2176 5579 2927 3881 853 2113 1331 2628 4414 3458 4209 1136 3847 291 1541 2780 2036 3203 5449 4126 2081 3268 502 2397 1275 3680 1241 322 5696 4575 707 4567 1240 3403 4074 1942 403 4264 1636 3324 2504 3660 4782 4903 2404 3029 4279 1453 5515 893 1268 2702 124 4120 1925 3184 1804 5434 1515 2441 1854 1282 1732 2763 2652 5214 58 775 4786 3344 2159 4492 
83 1 10 4 12 94 2837 3614 4491 1175 1217 240 4767 3590 937 4864 4363 3526 4578 3498 3412 4284 4713 4277 3074 3078 5502 5326 195 5713 5190 2946 5752 3870 1409 1396 5550 1660 225 1717 5982 2616 5238 1077 331 761 2645 5285 5275 2357 5482 4571 2013 65 4816 404 975 1947 465 3965 304 811 4962 5564 3920 3606 1862 3919 4374 2916 2256 2428 5249 3751 4231 82 3995 692 2952 2216 4895 1178 345 1363 2396 993 2072 3195 4335 963 2818 466 3348 3193 3553 3985 464 3280 3640 5359 
84 0 12 2 14 93 456 5192 4434 2379 4755 1873 1845 873 2856 5816 2064 4185 1497 1869 5377 1587 3461 2578 3123 2723 5420 4422 652 3860 2872 5300 3052 4127 3331 4070 183 964 3493 5658 2079 2618 2546 5936 3378 486 4794 30 4967 1559 5161 3531 1771 3936 4660 4647 4665 5135 3659 1279 2412 2710 729 4450 1166 1162 2989 2286 632 3441 2185 1447 3304 2321 1120 2012 4084 5280 5934 3410 647 2823 1387 1438 3170 3070 2838 1486 2136 4853 3525 3232 5210 2515 4392 2942 3060 4340 5927 
85 0 14 2 16 94 3779 366 5525 312 2181 286 434 2460 3087 3100 4102 4206 3954 5677 3220 4075 1949 1092 2405 788 4114 2414 3978 3858 2243 1529 3080 807 3629 1855 57 606 653 1266 2021 4040 2200 444 1991 4585 2160 5612 2196 3667 5422 1908 2296 384 3743 4111 3797 5871 886 2408 3096 695 885 5972 1329 99 2339 2664 4770 3818 1632 785 2965 1368 2804 2651 2096 5467 252 5636 2204 3424 1754 5656 3347 3321 3591 1224 3095 5864 2528 2971 522 5962 2698 173 24 2708 5981 4994 
86 2 12 4 14 94 4569 3693 972 2425 2420 4591 3682 5692 1158 254 1826 5613 5169 771 294 669 5222 1768 851 854 5657 3177 5499 5698 5383 4091 33 2935 1320 2954 2234 3564 2936 4959 4048 4546 4827 3828 3578 3827 4012 3550 3766 1333 3990 3369 3217 1318 5403 5416 382 4865 1388 1073 1801 2853 3496 4453 1569 4305 4143 2426 1525 2445 5966 4551 5747 194 3191 1904 3939 2721 2250 690 615 2605 1725 3970 5 1764 4187 5897 1049 2170 214 2417 4708 3599 2219 1405 5842 5122 4555 1395 
87 2 14 4 16 94 4983 1793 5271 4148 4347 5345 85 5785 5781 4339 5600 80 4744 818 4613 2923 1878 4592 1586 5646 3804 4403 1578 4739 4258 1072 3470 5279 4031 1484 3204 5321 3049 2844 3495 4838 2331 2788 3724 4847 2388 4565 22 3388 351 5606 3275 957 3408 1170 831 5096 895 5265 5577 1296 5820 25 4393 5230 5352 1295 2133 808 3007 1599 2717 2371 2728 2381 5807 658 2374 2632 2669 1923 4789 4743 4641 2336 5148 2655 1417 335 2295 543 5640 5704 5198 248 4712 5635 4852 4945 
88 4 8 6 10 93 1930 1924 217 1644 5471 3783 2975 1626 4720 3977 3081 5653 4811 2977 2285 2235 3776 15 2076 627 2033 5052 1669 2058 5130 3636 3714 1399 894 3402 4976 4991 190 633 3299 2268 4954 2899 3657 2915 2897 4508 5799 2638 1807 4580 3209 4059 1544 4138 5390 1010 1694 3437 340 4093 991 2871 2217 5898 106 5435 1639 1379 3277 3704 4109 3681 4467 346 4401 3946 1785 1621 1316 1366 2369 3838 5817 2612 2377 5134 4192 5091 2416 3713 4466 95 843 2456 5474 3247 2562 
89 4 10 6 12 94 3547 4835 5833 613 301 3274 2163 816 383 3684 2839 5419 2738 3297 5901 4890 279 3648 36 2018 4764 3294 1459 5935 2564 3124 1825 4993 4328 2144 839 1206 5232 5815 4900 2146 2665 5974 2858 5662 2787 3330 714 541 1458 3782 4525 1861 2098 2934 3118 1373 1164 1716 5063 556 2956 2637 4278 1069 3131 274 3723 166 3831 561 1403 4725 1048 389 1655 618 1889 3626 5199 5086 1026 3484 2603 1020 1710 5331 2653 3997 1169 1218 1079 4737 5909 4596 1165 3788 3733 2198 
90 6 8 8 9 94 3236 1119 3897 2973 3271 4626 671 449 1090 1880 1689 4020 1239 745 5391 472 2615 3426 260 4953 2402 5870 293 1563 3754 2985 583 139 4153 790 3083 1818 20 2266 5468 4464 5094 1819 4672 3654 2300 2830 601 5536 2675 4405 1503 3365 309 5851 2987 5438 4577 693 5038 3395 3399 1863 3419 3862 5767 3529 4045 2750 857 2574 2598 2895 4210 4509 553 5255 4704 1350 5644 3418 4974 313 4354 1928 5882 1050 1783 5803 432 550 1037 1082 303 4198 4243 2270 719 3935 
91 6 9 8 12 94 4963 2778 3771 4322 5533 5185 628 5405 3902 504 3050 4173 1322 5003 2997 3921 400 407 1844 4914 5580 1412 4158 5110 5245 3814 1185 4532 4262 2019 5913 1701 317 5834 4982 1767 1313 3240 5969 858 6 4395 349 5590 984 946 4885 373 1958 1234 4908 5956 5137 5240 1394 5906 4417 5099 3337 3097 4693 4337 374 5545 3122 3129 1883 897 2768 1572 1199 5335 2760 3848 5539 5830 353 4651 3688 1545 5914 167 1650 5659 3773 2125 236 141 3557 5371 5367 5876 4383 3966 
92 4 12 6 14 93 1585 5172 776 4934 5869 2677 5943 5860 5707 1408 3117 5324 2743 4584 4441 5057 1189 780 2725 5384 724 5325 5305 292 5243 3554 5828 4935 2087 492 1156 914 4359 1138 1059 5028 147 4385 32 3035 2000 4370 3963 5150 336 4029 2715 2399 3361 4957 5257 513 1483 1573 3061 4996 3248 52 5388 4026 5726 114 4907 3278 3955 1376 2707 5459 1381 1354 4487 5794 1874 1154 4874 4902 540 5170 779 496 1921 1914 3019 5630 2843 1106 5899 2883 4694 4678 2073 5273 666 
93 4 14 6 16 94 2602 5937 1989 2457 5782 2107 4112 5922 3425 2682 1359 2737 4042 2060 5282 1831 5218 3994 5916 5573 3722 587 3762 5894 3310 5892 1147 1153 728 4085 3906 2885 2332 3442 2502 2356 5342 218 5071 1183 4901 4821 1658 4318 4326 3364 4535 5475 3617 3023 93 2020 5588 4589 60 5318 5765 5770 369 4115 4496 2537 748 1257 181 111 3551 5517 112 1430 5827 5915 2993 2009 4809 926 1676 2932 4837 2963 4342 4174 4183 233 1609 2905 2241 1427 5005 5986 4004 989 3514 880 
94 6 12 8 14 94 1052 49 1339 216 2322 710 2687 5741 1029 3742 319 2106 109 2998 1378 4520 3581 2108 3586 3351 1624 5880 3186 530 4784 4700 799 3868 3798 3263 2882 4159 5774 1691 4150 5370 2835 1517 1054 399 616 3180 977 577 2385 2535 5744 3825 5217 4610 5710 4241 4617 5206 3090 4969 4668 700 5976 4566 5264 5584 4644 1915 69 4779 765 760 4025 231 4723 2951 5940 2156 337 2874 5718 2182 4247 3194 3354 3017 1500 2802 1760 510 1830 4028 3261 355 315 3625 4477 3455 
95 6 14 8 16 94 4637 4896 1479 3373 2724 821 4791 2257 3914 5608 3252 390 5524 1614 4387 359 1340 3562 4568 5638 4684 3624 5801 5681 5494 3780 5996 5997 3024 4513 2474 5581 5357 1407 3974 453 5503 3044 1104 856 2577 2579 5844 1646 2846 680 1604 491 4431 4588 3951 5783 3200 1468 3363 5912 3548 4975 5489 1513 4528 90 5228 5496 4521 4552 5647 1425 1720 4999 204 4270 4716 3260 4205 1089 3142 2670 3487 2226 5874 1448 3027 2988 1094 1847 1345 4891 5549 992 2867 814 936 5186 
96 8 0 9 2 93 4977 4186 4924 5701 1857 5225 665 4948 296 928 2869 4263 1868 397 5626 4222 3661 3286 5847 3244 1998 1799 4255 5291 5555 1920 766 954 3574 5917 481 2554 2624 570 4761 2930 5120 2238 5399 5317 4229 138 2316 713 3038 4632 3329 2919 2348 815 1464 838 3864 2834 5395 5064 5349 2466 3616 2774 5035 1252 257 4239 4445 5661 484 4184 3010 4049 3210 2066 2886 535 3176 3639 5759 3996 4812 4884 4604 1773 1731 934 4979 5689 1899 2119 5769 3389 3504 1126 3740 
97 8 2 9 4 94 2042 3630 157 840 2118 3516 3866 5797 1800 1155 3161 3952 2088 5957 2757 4067 4195 3199 1133 2614 2508 5443 1017 5856 1019 1492 4475 555 4772 3075 1652 804 1000 5788 4691 2969 3405 2925 201 2468 3048 2595 1068 4930 834 4238 5320 4531 1534 1299 5700 2078 1940 1055 520 2500 3861 2766 361 5791 342 4624 241 4398 2394 5965 5029 573 837 2549 2299 2249 2690 3084 4780 3006 3375 2522 2567 3539 3679 2739 2861 5563 2199 2941 1372 169 4066 4438 1422 1824 3888 3435 
98 9 0 12 2 94 473 2606 568 4795 563 1452 4544 1207 3594 3008 4369 2679 3032 188 5729 3669 4883 2307 610 144 3853 4015 1690 5777 2103 5538 4494 1597 3545 2343 1460 4653 1167 985 2449 3188 3133 2022 101 4489 3001 224 5810 229 3596 787 2340 1245 5980 2086 2902 5739 2636 1602 2171 1428 2960 740 1806 338 3469 4155 4154 3929 423 3611 2346 2 3153 3901 3823 3205 650 3916 3882 3580 2190 1643 244 5250 5392 4280 3567 1124 3251 5484 5379 4054 4955 5347 4433 222 5991 438 
99 9 2 12 4 94 3257 3613 371 4774 4323 3530 1840 4958 782 5067 1228 3245 5310 1134 4776 5559 1125 3749 868 2613 4268 4334 4129 3725 250 2507 3434 1390 2894 2611 3047 670 1262 4989 3600 3401 1214 5450 1338 3062 2436 2121 1011 3787 1173 4014 995 2282 1093 958 1836 829 4165 1990 4765 2135 2158 1505 5582 2659 591 942 5223 3980 5841 1004 3685 3933 4250 501 5487 1502 5625 2450 5716 5968 2792 3371 1315 2744 3120 1721 1355 1046 176 3288 5069 4497 5572 5061 1256 4666 2288 5276 
100 8 4 9 5 93 2443 307 1084 4303 2168 3382 4787 1001 1627 514 4757 5772 2172 763 3383 1535 4358 704 2224 2753 1931 2444 2699 589 1186 2310 2376 2979 3577 2292 413 5327 4001 5526 4846 637 370 3585 4027 2419 4646 5458 1885 2813 4265 634 2280 467 3067 5758 2312 1323 3276 5668 3481 5599 3839 2448 2335 4493 1829 5642 1996 3917 2395 5665 2770 5072 2382 1043 3875 515 5055 4540 1151 2221 1357 4274 5839 3011 3549 4662 1846 2865 3671 4024 5101 5829 5776 1965 4157 5955 4366 
101 8 5 9 8 94 352 3085 521 4010 5688 4266 3697 4576 738 1251 5967 1445 3159 4807 4341 2161 2929 387 2052 3603 4940 2080 2100 2145 3840 2503 833 4553 2596 4382 4866 1661 178 3802 165 4703 3867 1514 3182 1952 5749 5861 3894 5670 3786 2342 4773 4627 1837 3497 3432 2318 4131 122 2585 485 4968 1168 1887 4950 1237 5970 1182 3064 1858 4618 3643 5104 4348 4529 2370 4547 3668 4952 3480 5994 84 2836 1404 3218 5814 4208 3103 2773 1255 2786 2955 2912 5878 580 3110 2403 5990 5024 
102 9 4 12 6 94 3230 1193 4140 3140 5014 1906 5780 2689 4371 3285 2817 3292 4175 5947 2550 4164 2519 3256 860 5180 517 2525 4783 4727 4893 5740 2155 77 2974 2358 230 1305 4376 1013 3712 536 5453 3988 4021 1600 4172 4227 5330 1657 764 4732 4998 967 659 2937 4607 882 4679 1416 412 5811 2809 3709 3737 2188 1216 264 2032 1903 5570 2359 2631 1533 2480 624 2559 4304 446 2800 2492 2392 3258 1344 1018 2467 2227 4365 2308 1542 5415 5492 3450 4299 5302 4681 4892 376 3772 770 
103 9 6 12 8 94 1659 1192 1782 1893 594 1816 3360 4178 1212 1146 4860 4573 5125 1085 493 3992 2586 4144 5594 883 256 3267 4526 1668 2898 1016 4269 2271 562 2685 182 4203 3478 1712 4469 4429 4481 4214 118 3560 4199 588 4022 1963 2561 1435 1060 3943 5089 1063 308 3290 2252 1285 2024 4232 4016 5920 5380 551 819 5840 918 425 5095 3689 2293 3173 1067 1820 4919 3999 1303 1444 1491 3857 270 497 3213 2143 3829 2421 1982 2828 5825 2165 2765 3452 5853 5440 5460 2917 1041 4701 
104 12 0 14 1 93 5246 5424 3962 1109 5764 663 4336 4564 2984 3202 4648 354 1583 1596 5738 1208 5410 2491 479 330 759 1802 762 4587 5421 835 5821 529 3045 5146 1628 2570 3851 1527 5197 2498 4361 1431 1494 302 5013 4317 5510 1696 3500 21 3433 1176 1814 2767 2814 1351 4518 5295 2132 152 4687 3157 123 4297 4217 3386 1765 2478 3358 5750 4676 1414 2484 3241 1719 3898 3057 4659 3077 306 5166 922 5865 358 102 2805 1606 2455 752 4870 410 5895 436 3808 3447 5472 4368 
105 12 1 14 4 94 1242 4722 997 3394 1968 3429 4899 2543 328 3879 4288 4951 2373 1480 3175 4156 4430 5952 5490 1380 1261 3367 4886 3317 5289 925 1474 3428 1629 1999 3986 4446 1455 5607 5664 2004 2781 4850 1777 1598 3942 4136 3506 5773 4260 4443 487 4098 5083 3436 1103 2114 3472 4082 409 62 4242 2483 1685 5457 5973 4615 4805 1548 2681 734 1343 357 2179 987 1950 1790 1540 2365 3183 1757 4011 4007 4502 5413 4920 1595 4179 4915 2291 1625 4456 3126 3189 2030 4629 3765 3791 1443 
106 14 0 16 2 94 2317 1939 2430 4461 1973 3407 3544 4402 470 736 2536 4516 1434 3503 1833 4888 5676 794 901 5121 735 3795 4669 5363 5355 2440 4611 2643 247 777 2719 871 3196 3355 1044 2301 1822 3846 5534 602 5951 1992 175 3610 4044 1057 448 4639 1945 5557 3734 180 2505 89 3005 1791 3922 4312 3438 5832 1532 4462 4984 212 2673 1859 2841 999 3328 5911 3211 103 39 2847 5887 5334 571 207 1916 211 48 419 4946 4922 4479 1524 3082 3910 3644 4729 2242 5541 1081 2418 
107 14 2 16 4 94 5896 3099 1867 2463 1772 163 5195 5451 4485 1686 189 3091 2239 126 675 3887 1215 2130 2513 81 155 5583 5313 365 3665 1671 4071 1788 3296 11 945 1221 1812 1870 3320 119 3792 4710 1774 1075 2494 3145 3658 5118 1692 3246 3730 642 688 4638 4424 973 3490 2167 5171 1520 747 4875 5946 5992 327 1450 4397 475 2713 1197 332 4060 4285 3134 3627 2709 3309 1375 2762 265 2754 3422 3805 4235 1616 827 5568 1796 4561 1988 1247 1984 4759 5181 5465 2727 2771 221 
108 12 4 14 5 93 71 2733 1623 3646 2134 1528 5479 2366 2568 1232 3883 2326 3672 2218 160 941 4769 5333 968 2305 5567 5802 3065 5113 2070 4829 5746 5621 2265 5000 5041 3459 2658 2320 5650 460 5234 2957 4051 461 4536 2900 1369 1149 285 2607 2580 3647 2247 2798 1543 5731 2351 3448 5251 498 2761 3454 4814 5751 63 2149 5158 5792 78 3146 2423 3094 5088 4046 4932 750 1078 1695 1605 3127 949 3833 462 3558 5742 4309 3656 5645 1841 904 368 4069 223 3444 495 2730 4625 
109 12 5 14 8 94 1817 903 1556 4005 3293 921 196 386 5252 1053 4705 5908 2791 2660 3069 1418 1766 3102 2459 2950 3649 3109 5699 3956 4861 867 237 1864 381 4840 2324 3417 2314 137 2697 14 1538 323 660 5784 5921 5032 2594 5789 795 4169 4320 4097 5469 151 4913 524 1962 4680 2829 61 5511 1015 902 34 5866 3728 1905 5023 5478 3494 5107 5831 2049 3623 4823 5365 678 4057 2222 2705 5521 140 5596 3755 4495 4220 850 960 2029 4436 2859 2232 3336 4452 2789 1672 4224 2731 
110 14 4 16 6 94 1501 5044 5414 5010 698 3726 523 2864 3031 2110 3924 3555 441 2510 5679 722 751 5495 5890 3896 2600 2958 261 909 5674 4854 4905 2283 1191 3948 3895 3093 2833 185 3696 1981 5778 1642 4072 687 3926 2306 920 664 2756 1748 339 2061 4488 944 5605 2840 4428 3224 227 1797 2735 5211 2389 2380 5569 4695 2062 4181 5771 4683 2866 5931 3333 5008 3735 5221 2375 2544 1142 4033 737 3042 5959 4182 2641 5116 3201 96 5858 4750 1006 1675 4793 4261 4096 1276 528 2775 
111 14 6 16 8 94 2274 3104 3376 4092 1180 4560 3462 3641 2025 4292 1666 2043 4601 4734 5314 5463 654 4377 959 477 1582 37 5714 437 1795 1969 5356 1977 1571 1576 4510 458 681 5131 717 2556 3579 2349 1758 3152 5551 3767 4253 3849 476 2054 4543 5624 5629 938 329 2281 3054 2887 5182 3342 325 3374 2852 2236 2261 2214 3420 4219 3944 5852 3485 4686 2827 4476 1265 3483 5346 1510 3540 4747 4036 5382 830 2089 4160 2588 2530 4507 5706 757 4300 3877 3323 1851 1886 1881 4802 5015 
112 8 8 10 9 93 2881 5734 1693 3715 656 1246 2074 5822 86 5233 844 3167 1987 1030 4820 532 5683 127 23 26 4311 1293 635 4751 5074 607 267 1853 226 4862 2597 1575 2926 685 249 4409 2153 1290 3856 4583 5073 4987 1025 4527 1784 4923 3098 299 5068 5889 3279 3520 3225 5059 2393 1360 5651 153 3905 1561 2722 3904 623 3760 1415 1787 810 4470 5761 657 3509 1681 3409 3308 1794 5743 1495 4692 10 4657 1392 3517 3014 3912 5341 1473 5075 2482 622 1179 4064 5950 5798 
113 8 9 10 12 94 590 2506 3106 828 5281 581 2211 1083 3717 5053 5586 1842 1810 3683 1080 5351 2093 3957 4440 104 2686 427 5728 4437 569 1713 3387 2831 5793 2896 5522 4068 420 5215 2495 5535 2323 3706 2233 3366 806 311 5939 3716 2454 5293 5350 644 1937 1356 442 2490 5544 1938 3228 5039 1918 5156 1519 100 823 2050 971 2590 1850 2876 511 259 2576 4843 2640 192 2921 5447 4423 3411 1521 5154 482 3456 5926 1370 4302 120 1896 2943 4929 3113 3318 5558 668 509 2077 5948 
114 10 8 12 10 94 772 5672 5540 3214 2334 5070 5397 898 3116 428 2225 494 2617 314 4353 341 3086 4810 5129 797 932 5105 4373 1493 3987 5081 5883 4294 3368 362 5441 2469 5836 3699 4171 4330 2854 5886 4530 3584 4936 5998 5283 2327 933 1172 5404 3854 554 4442 4724 4197 3518 4291 4995 3339 5983 5779 3136 2140 4728 5241 2435 5002 1546 393 4690 2920 5092 2328 3756 5637 4661 2248 2413 5427 1312 4766 832 5111 5267 4435 629 3775 4170 1976 2164 3778 5354 4517 3559 1478 2011 4325 
115 10 10 12 12 94 5433 1648 2575 5152 2290 5693 5409 3607 2514 5239 16 1734 1742 2406 649 2476 3287 1002 5412 2591 1562 2175 94 1254 5818 1238 2015 2302 179 2319 3582 3571 414 4925 5617 716 1707 1421 1737 5209 3508 4343 4758 3404 5984 4221 5123 4586 951 3233 3012 3872 5219 19 754 1733 5157 5531 1966 994 3844 2213 4038 3635 2822 1951 5085 1843 638 2258 2272 2191 5850 4281 1042 1680 1070 4523 4804 5480 5278 4833 4444 4911 1499 5888 129 145 4906 5603 5244 2671 4480 5879 
116 8 12 9 14 93 969 3416 1230 4017 3763 2532 490 1741 5929 4630 3043 4314 1307 2041 5167 4439 2131 3830 3664 4943 5868 334 4357 439 1112 2002 1565 3457 3162 5835 1917 367 4132 2683 5205 2772 1446 3633 1243 5961 1367 2424 3071 4574 3981 3391 4119 5754 2104 4301 5164 3570 1607 4556 1815 2712 3602 1564 4608 1203 3568 4898 1365 3335 1702 943 130 3819 459 3148 1537 2230 5400 1171 3519 1665 4741 1558 1909 1972 4459 4511 5011 4035 801 1118 2667 3512 2873 4931 5168 749 3311 
117 8 14 9 16 94 5464 3748 5247 3796 5378 1579 1932 5159 5627 1581 4455 5175 1485 5262 2254 136 2439 4327 4225 596 5259 3746 3445 743 1550 2661 2313 421 5542 4612 4645 4830 3998 3370 852 3178 3561 74 584 4257 5299 3528 2888 70 939 4399 1832 597 4557 3973 5203 1021 5684 1194 1111 3281 4714 4667 2581 3620 3947 4688 5619 4293 3234 730 4416 3227 4412 3953 768 5079 4135 3785 1393 3960 2845 5500 3063 5316 3053 3903 3976 108 3119 2192 3542 5725 40 3289 1195 5037 887 3572 
118 9 12 12 14 94 916 4167 275 4822 3115 4600 5004 5685 2220 3768 2387 2111 3302 2779 3143 2208 2703 321 5224 4635 4697 50 1750 891 1594 316 3505 4595 4427 2452 1472 2684 1835 3815 5231 3413 271 5556 5498 2279 4702 621 539 5508 2799 983 3678 1071 1697 931 4283 3431 5178 92 3835 5762 3015 5117 3315 2700 1253 4537 2311 3171 4558 4003 847 1839 2138 2147 3440 2046 3759 364 4103 2601 4742 2587 2694 1100 4486 2534 2540 5145 3073 1827 283 143 2264 892 5578 3326 1051 5863 
119 9 14 12 16 94 3971 5036 1466 2183 3989 2811 4482 5031 2726 709 3692 2832 5165 499 3720 1744 836 1335 2604 3185 3909 5140 3406 1588 534 4008 625 3334 1362 1040 150 3605 5552 3226 4559 2465 1776 4451 1679 110 4386 2526 3255 1653 2850 1897 3163 1401 4834 1229 4454 4956 3009 3443 5633 1705 1160 1385 1574 1031 1522 5923 4655 4788 3886 3801 1482 979 1038 4778 4824 417 2908 2253 5439 4746 3753 3223 878 4985 5147 1718 3687 3521 3156 3144 3850 4086 2860 3055 3030 3950 3502 2793 
120 12 8 14 9 93 1866 2914 2676 5648 4721 978 4887 2194 347 4251 5362 1898 3845 5307 2464 598 3836 1589 2734 2516 3501 3491 4792 1157 1411 4236 3359 1137 980 242 4372 2868 2202 961 2383 1008 186 4498 5428 778 1487 2116 1341 2303 2203 3207 2980 431 1779 890 5040 3139 3752 3172 3016 599 923 703 5338 5697 5050 3222 767 51 5618 4859 4857 5597 422 3604 2911 5124 219 1406 2297 739 5454 2742 2189 2461 684 1978 5143 574 1424 1121 4570 2092 75 5919 5673 1763 5737 
121 12 9 14 12 94 1324 1302 848 1272 4733 107 1174 284 5748 4876 3608 2539 3314 679 604 3784 3262 272 1872 1811 2623 1244 3357 3239 4207 582 2184 398 5353 672 5903 5212 5269 2352 2821 18 2808 5077 2003 5988 2433 5838 4980 1432 648 28 162 3166 3855 2005 5138 1200 1469 3125 5902 5133 5745 4408 5724 121 1074 4889 1944 2995 2511 4471 1209 5237 3453 2137 4735 1258 5290 744 1955 1470 5358 4947 4515 1566 2884 3400 3362 3695 2228 245 1536 2245 5708 5136 4650 1803 3158 2097 
122 14 8 16 10 94 391 5949 1342 5444 5284 4877 3694 956 2427 1957 927 2017 4990 4836 2718 1105 1233 5813 4673 5614 4726 1706 1096 4052 1927 3353 1332 3745 2784 1926 3741 3198 1260 3597 1567 5426 2569 4043 4549 426 54 1876 3800 1753 5020 784 4106 2890 4671 5520 4321 2259 1364 2672 1210 5787 4244 3700 3150 1198 2361 3899 4121 1687 3229 783 5394 3313 756 1196 676 4817 4815 2398 3744 3216 3674 2523 4089 3816 774 3822 2101 696 3415 3913 2732 269 4711 2807 5979 2619 4731 401 
123 14 10 16 12 94 4404 447 3541 1066 5025 4831 5717 3701 3761 5507 4597 5423 5989 4828 454 2044 4041 872 4484 5389 0 2644 396 3316 1161 4730 4034 4605 2692 3034 1213 5675 5102 4533 3249 4926 4426 4345 2826 3885 3781 2458 5907 718 5723 673 4081 1635 947 1553 548 5720 4867 3466 4868 5127 3653 4869 3690 4123 5928 5873 889 2794 1970 5786 3524 2518 5924 305 1306 4137 1530 820 689 694 2411 3138 2039 1488 4819 4108 3527 3149 2863 5755 193 798 2584 3859 1377 4855 4965 1700 
124 12 12 14 14 93 134 3793 5042 1946 4380 5591 2720 5374 773 5177 5690 4289 79 3655 2267 4849 2563 875 986 4649 507 5332 2251 2785 3938 3192 2244 3107 2007 2909 3552 3619 2634 4879 5504 825 5303 3352 3206 5881 3046 5694 976 2529 3588 2470 2438 202 585 2582 3532 2437 5387 3482 4798 2304 5735 5721 280 3036 5256 4603 469 3809 863 1436 1009 4419 1630 1641 3932 266 4134 3601 1045 3662 2422 4762 5097 5301 611 2117 4749 641 5194 232 1913 3769 5046 2557 1144 662 2555 
125 12 14 14 16 94 4364 3270 2662 379 5204 2150 3719 4718 3513 4267 1127 1128 4233 531 5805 4590 2120 455 3774 146 2524 4825 4351 184 5191 5485 3511 4146 5505 3573 2045 3235 3237 2341 452 471 3575 5877 2028 2210 1467 5715 1638 239 4324 1352 869 5823 4939 5682 1526 4333 4349 4748 970 1034 2083 3058 5513 2953 3777 3803 5872 3824 2666 1828 1211 5963 4848 3128 5084 1088 2825 3915 1993 2174 3350 4090 2166 5941 813 1107 3698 4249 5163 2350 3392 1727 2275 5226 132 1429 1291 4378 
126 14 12 16 14 94 1752 3000 5106 440 2736 711 500 4501 4790 7 4101 4871 5337 2431 5360 66 2964 559 1115 917 2195 4391 343 4189 258 1674 278 3871 1301 2657 1449 2193 2410 677 864 506 5220 1371 4338 1319 2751 5620 4473 1489 3705 758 1608 2656 4781 2642 3243 2991 5695 3892 1181 2848 5687 5523 5669 1386 2945 47 2978 4077 5144 4863 538 5115 1838 5655 1974 1823 5753 333 5323 5294 5258 5442 385 3307 5286 899 3873 3460 5207 3893 3212 842 533 812 988 4542 5519 3013 
127 14 14 16 16 94 1743 3066 1113 3931 5733 3949 395 3033 5843 1664 5260 2551 4018 2810 741 3747 5375 1577 3807 2432 1512 3593 2006 1735 2038 982 3889 2315 3476 5315 1613 1159 4927 1249 2496 1603 4631 5254 4562 4411 2913 3474 5585 1384 5007 701 4909 3637 5546 2740 41 608 2746 2451 1620 4331 2880 5344 5292 4352 1420 5006 4856 4904 5080 5476 55 3025 3101 125 251 2126 1997 4201 4190 3757 1884 282 4581 1723 388 1294 2609 3356 4110 2565 128 3880 603 2819 4675 4524 2309 3874 
