64
64 0 0 0 15 14 14 93 2685 4941 132 5471 2393 1828 2315 2052 5075 3114 2911 4243 4429 5341 5651 2715 2850 3594 2417 5225 660 109 2849 5799 2312 2981 5656 2739 5421 5793 4249 26 2574 2104 239 3314 5792 3681 1785 4634 4813 13 3725 1259 3398 5974 4493 4822 4318 2018 3135 4976 857 1794 5666 4506 1533 2539 2721 1288 4433 2949 4890 5889 3926 5436 4500 579 1313 4325 5267 2102 918 19 3028 1496 330 2697 1390 3985 3533 3963 1830 2408 4034 4546 1494 4674 4273 2284 5452 4061 1375 
65 0 0 14 15 14 40 94 4550 727 5752 347 2065 1322 2164 5029 5122 599 4124 3571 4998 2213 1895 2467 1162 3275 1853 162 3447 5399 1913 1379 5156 3866 3270 1516 4699 1062 4560 4258 4946 3737 3272 3020 1861 1987 4145 3619 4234 1882 2768 849 4277 2461 1792 1906 4219 5417 5976 401 1451 5311 2750 2046 588 4391 2597 51 5400 3471 5914 316 4636 2508 1352 3419 3326 4913 3491 2311 4036 2062 4149 5243 1502 298 3853 3437 5488 1152 3165 1681 2382 4438 1187 589 5641 1069 523 5659 2631 2089 
66 0 14 0 15 40 17 94 1603 3371 4293 4338 1553 2920 1088 3703 4213 3840 5845 789 508 1216 4065 1078 1636 3905 5874 1124 3129 1487 1343 1822 306 5751 1806 4485 4049 5653 507 5639 3506 25 1640 2840 1797 230 2305 5608 1609 1013 3006 5572 2650 5346 5003 4027 7 5677 1193 4321 3801 1637 1197 1251 2159 1286 893 1329 1761 2559 5961 5424 4310 206 5713 4174 5370 1444 1041 2626 2718 5005 28 2483 3307 1229 218 237 2465 5865 2468 1212 2488 5673 1247 1931 326 3247 5995 1267 24 732 
67 0 14 17 15 40 40 94 2771 521 5449 1808 5120 1823 5145 4117 1199 3932 1235 1985 1156 3556 708 2249 845 1154 864 4021 1261 1950 402 1317 1063 5100 932 3589 3118 4209 709 2873 4826 5860 541 1742 163 2121 3320 3592 2192 1961 1524 1293 3479 3677 2970 5557 3574 1117 1058 775 243 957 8 2823 1268 5769 1441 4767 3475 1354 3872 1904 2561 3709 899 5984 5163 1864 5366 4316 3777 3242 3045 75 57 3644 1312 1209 4026 4184 4760 4925 21 4113 4955 4780 713 3514 2140 285 1596 712 
68 15 0 0 40 14 16 93 5660 5725 1289 5365 798 4873 892 5406 1878 4635 5931 1900 3666 5981 4308 960 5042 1034 4017 5260 2556 2485 744 2851 805 2562 877 1500 3742 718 1408 5982 5512 3480 3710 4292 1569 5016 4733 3499 5720 4708 1582 4547 5599 405 5231 193 567 3382 311 2321 4351 1363 3629 2063 2790 2892 1559 4878 5755 2725 4266 2935 1328 3811 4738 1403 3330 5690 4092 5870 1566 1332 52 185 2426 5474 2606 1813 317 4607 1079 404 3774 1505 252 5884 449 3331 2549 4245 3142 
69 15 0 16 40 14 40 94 5030 2515 2376 2929 505 3877 2552 3760 2125 771 3678 2647 3943 5114 4341 5686 4514 5700 1059 2737 4294 4542 931 5790 166 5561 4846 1182 550 4696 5304 716 790 3010 2837 5707 1605 3380 3183 5522 699 3899 3814 3498 4916 4282 5935 1550 565 5972 1615 4069 4482 1377 4387 884 2997 356 141 4872 974 3268 4596 2956 2775 1388 1724 616 2034 4221 4823 975 387 5875 2368 1196 192 3271 5757 1206 769 5550 5361 2002 1238 4042 3141 92 5878 4138 533 1782 3798 305 
70 15 14 0 40 40 15 94 3559 5149 544 2298 2522 2857 3664 1382 1934 5408 3309 484 2812 605 4053 2185 689 2651 2283 3349 5867 4470 1400 4288 728 4970 5712 2123 1960 1933 5049 5742 5432 5081 5022 3201 738 220 5429 1355 1880 552 2932 5318 5554 4653 5979 833 1570 2613 4267 3856 2155 4283 1427 2463 1644 476 631 265 4931 4460 5997 1116 1060 90 4944 3704 1658 4661 5065 5567 5826 844 1638 2893 3421 4010 3342 4683 4354 929 344 3901 5078 5910 4689 3343 4977 2223 3873 5788 3190 3121 
71 15 14 15 40 40 40 94 547 3883 510 2610 346 5643 787 3379 5530 5859 2419 381 2717 5491 2990 4773 3828 1738 3402 563 4779 837 4019 1540 5746 3470 2444 1101 2924 2119 4077 4132 2576 5108 268 2528 366 1963 403 2307 4137 3920 2755 531 4650 1084 5987 5689 4398 4549 5437 3458 4966 636 3673 3955 946 4350 5201 2208 3003 496 3634 5922 2009 4712 4141 644 3579 2020 3102 1019 3296 1507 5514 5000 292 850 673 1561 4928 2264 4726 1709 536 1150 3762 406 5259 4100 935 4379 1406 4539 
72 0 0 40 17 14 70 93 1070 2013 733 4028 4164 4863 613 2882 3213 371 4825 5041 303 875 5798 1693 4025 1244 5772 5289 2132 5850 4314 4006 2378 3951 3680 4133 3043 5519 1066 4693 4775 5917 5907 5019 4509 33 2482 951 2509 1887 5043 4849 3092 3041 475 5067 1148 4866 1948 4668 2225 3229 696 3301 3820 5601 3501 465 2654 2744 1651 4374 2709 4614 654 5998 1085 4013 1232 4128 182 165 5054 862 5516 1753 5731 4179 3641 5258 4711 1519 1308 2916 816 2872 3346 280 4954 1529 269 
73 0 0 70 17 14 104 94 1168 2848 4146 4210 3228 3810 4408 2570 829 2770 2347 113 5703 2867 5167 5118 3783 5504 2792 5216 2075 1932 3467 1993 1258 4997 1807 2726 4327 370 3687 1076 1942 397 1373 222 2968 1198 4422 3849 1472 3608 1897 392 3886 4456 2826 2712 2149 2979 2724 3696 1087 4176 4521 3699 5314 4483 2011 5817 1436 4151 3414 4584 4915 1912 570 3845 3682 1662 302 2563 5071 1816 5946 1459 4690 3568 4444 2032 4624 136 3523 3715 5103 481 3612 5932 4160 5394 4078 3132 1631 930 
74 0 14 40 17 40 73 94 3898 5696 3002 4279 3009 5294 4336 1754 620 3949 1105 2727 3812 1837 3971 485 202 3786 4927 408 3007 4705 4802 2661 2905 1405 5604 2649 4400 4621 1748 5444 5977 5194 2289 1024 4309 933 2175 4591 210 2660 1237 4047 3113 907 4451 1321 143 5738 4270 4853 4371 444 5050 5193 5274 1769 3874 2713 3937 4676 5897 3855 74 3084 1121 3162 2477 4565 4102 3455 5446 5565 5775 4558 3821 2404 5074 249 655 1424 1779 4469 3378 5918 980 2086 4882 2070 3336 2301 1534 2701 
75 0 14 73 17 40 104 94 1781 3565 1146 4938 204 2704 890 3839 3895 5509 5894 4695 3648 76 4960 4158 1599 3321 2745 5552 4511 608 2186 2589 5590 1137 1480 3341 5581 1691 1497 5434 867 4301 4415 3093 3104 1298 386 4218 3558 1817 3012 2598 3987 2568 2834 4747 1221 2957 4224 315 3004 4328 5307 5645 2582 2326 5228 1800 233 2599 3591 186 2670 338 188 4261 4973 3418 2112 4111 1095 502 5801 4981 2732 2436 5045 1068 4757 423 956 4450 3312 5844 3718 1166 5971 1704 826 3432 3032 3561 
76 17 0 40 40 15 75 93 2439 5313 1359 4608 5337 598 4682 1953 2544 2778 2871 3560 4876 4326 819 976 3719 1732 3997 5275 2703 3214 1903 1049 5035 3453 1805 5901 3697 5209 5899 137 3977 5575 1177 5802 1138 81 82 3177 5732 1246 3761 3303 1685 3208 5726 1032 2101 5877 1296 2288 5151 1492 5687 2427 3831 3570 1506 1874 1309 612 1727 5324 4540 3273 5492 839 5347 203 2876 3668 725 1410 1447 2037 3672 2541 486 322 3991 4554 5744 1036 5482 3074 4001 2073 2022 49 2973 5616 2716 
77 17 0 75 40 15 104 94 1433 784 1149 1423 1706 4732 4887 5325 5537 5778 799 1958 1164 2308 4305 3717 4900 3294 3528 2373 5286 2821 78 4743 5430 3454 1871 959 4730 3605 4262 4691 692 2030 4903 5178 3606 2292 1996 1511 1619 597 5298 5256 197 2237 2270 2643 989 5270 4837 3834 1680 5248 961 2886 965 2934 3702 622 3441 4512 2152 628 2543 5882 3496 2399 407 2323 3889 3870 5546 5459 1549 133 5828 3068 3773 3384 4185 4993 5413 2263 2686 2397 5609 2648 6 3243 4764 2695 518 2793 
78 17 15 40 40 40 74 94 1946 1284 2462 1614 18 2403 4269 4215 2169 23 783 2813 1107 383 700 1708 5379 1330 4421 4000 537 1419 189 2804 753 1690 2646 4046 64 4685 928 1909 4524 1323 1065 4573 2059 5468 3077 1145 3563 5138 5883 2209 1175 5291 5649 1656 446 2986 169 2817 1591 1850 1556 4030 2331 3374 3990 2364 522 5349 5309 2510 1429 1030 5908 3851 1536 5702 4467 2010 5896 1276 675 5873 1255 2166 2607 5619 2325 1995 5500 4700 3072 1257 4507 1571 3642 1783 3583 340 1097 2042 
79 17 15 74 40 40 104 94 685 2776 4461 4799 520 4087 3372 2895 2486 4259 1551 4435 5174 352 4105 4416 4502 238 1305 1675 5208 2048 107 1622 955 792 998 3698 5736 1115 3738 4930 5628 2531 2294 3332 5310 2339 5527 2696 5938 1252 941 2334 814 2878 1839 5569 4478 3764 1271 1555 4009 5809 1399 1711 1454 1262 1477 2520 2464 1585 1273 3300 3089 5574 3535 4811 5806 173 3130 5888 3841 706 1749 2787 2931 293 5393 3206 1647 1676 1771 4545 5978 3846 2743 4414 1143 5117 5415 3953 3894 1140 
80 0 40 0 15 74 14 93 5296 794 5354 5204 1054 5511 2198 1131 2473 4809 2211 711 2360 5181 515 2762 1202 168 3385 1669 4553 5116 2999 3521 1151 1338 1470 2517 5160 1865 3823 3824 5014 797 2441 2076 3427 3257 4987 2692 1334 3869 5985 1660 3891 5992 3473 658 1635 4412 3256 4586 4082 5680 3245 5153 4737 3622 3263 4839 5489 3600 376 2318 4281 5018 1579 2035 3519 4935 1380 4585 868 4349 2891 4088 503 4407 461 2898 3073 2454 530 693 2529 2460 5837 4173 2410 3964 5212 1796 1652 
81 0 40 14 15 74 38 94 4274 3707 144 5528 2674 1159 236 5443 2 3868 2229 1846 5339 4228 3793 534 2538 2688 3386 5510 1316 2199 5130 5827 2500 1575 358 603 5715 5535 2910 4963 2969 3942 4503 2652 2231 3487 3171 5880 1381 2055 4947 1432 4719 4956 3741 1023 4912 4645 2902 1210 1840 2350 244 1208 3431 5819 682 1294 3468 679 4835 4742 795 114 5945 3511 372 591 110 3241 1523 5203 350 3035 4337 1275 4527 4375 2948 351 874 3029 1442 710 1200 2134 62 4403 5674 5490 5242 1793 
82 0 74 0 15 104 15 94 2595 1663 5326 5825 3277 5773 5140 5157 5739 5129 5542 3508 754 1194 1092 1130 5663 2985 3370 731 2668 4045 374 3832 1362 4335 4492 3048 291 5412 4798 2869 5300 5333 1256 3714 1031 2220 3154 4490 3663 3859 2980 2144 36 5691 385 2788 5807 1527 3407 3280 178 5573 2676 4983 1607 4649 4532 3363 2690 1290 5597 3581 3545 5396 991 2880 2767 79 1437 1938 5927 3108 2655 1820 328 1401 5905 1548 2060 5235 396 1345 4606 2707 779 4610 4702 5549 3654 1073 138 5989 
83 0 74 15 15 104 38 94 4094 1558 2379 5505 3462 2665 3172 4750 2271 4562 34 2396 4958 1439 436 1165 1264 2381 2184 3994 3711 5006 190 32 4604 3042 3433 1083 5704 519 3449 4908 3748 4198 1557 5692 3692 3146 91 5584 2201 337 56 4211 3000 2961 5671 1671 2889 5461 307 3285 1110 5052 668 549 1927 424 355 5892 3058 825 5380 2344 4454 5710 2861 4495 730 5293 2594 4859 2530 3443 3127 674 4911 684 3157 2835 715 331 3344 2828 120 1108 5352 294 5551 1740 4528 1153 2936 1055 
84 15 40 0 40 71 13 93 2678 729 2170 571 2429 4959 3318 4123 5229 3071 666 2991 3923 5996 609 3176 869 1299 3438 2783 448 3381 3403 5571 2276 301 5627 3650 4364 1457 966 5886 5095 2146 1365 3187 4914 3405 4207 5359 927 3966 993 3763 50 4370 1483 4744 5104 2248 4272 2085 3298 5098 2797 854 4126 1052 1701 4858 3960 5253 3095 3023 5329 1077 2474 4803 494 5206 2053 1048 2111 463 1333 2205 4796 4187 4114 2883 540 3973 4904 3784 3489 3495 2193 4544 2989 1099 707 5192 911 
85 15 40 13 40 71 38 94 972 1201 3887 5198 695 1687 994 2176 2413 4360 5066 4425 5688 1367 3255 131 2365 3618 4538 214 2749 2639 5195 4498 1125 3442 187 3412 5169 2244 1028 1629 4474 4312 4333 4969 3253 3524 5374 4037 2004 3817 4810 3148 2285 5990 1552 3848 2281 1917 3637 3279 3147 1122 1086 3625 2160 4897 1914 3086 4163 714 1728 2816 5909 1617 2807 3254 3212 5224 607 2217 3659 3527 3562 4924 1118 2926 1634 2267 2016 2554 5842 2019 4729 1495 1241 2212 1114 30 3862 908 3482 1611 
86 15 71 0 40 104 16 94 93 2585 4592 5023 5321 2091 1366 913 5667 2885 762 657 343 1565 5249 259 1170 4389 5440 413 1009 3975 4929 4275 5144 3319 4342 2050 880 2430 1719 5454 2731 936 2601 4192 594 40 1219 866 5774 195 365 3965 4800 150 1057 4602 1320 2354 4832 4600 14 5975 495 240 1347 917 2864 811 776 20 2608 4130 2699 3322 4654 3948 1171 3661 855 2738 1852 1885 5091 3713 4952 1888 4710 618 5082 310 5881 841 2162 3393 111 4083 1922 447 3706 2098 4486 3117 
87 15 71 16 40 104 38 94 255 5486 2469 4055 5315 2177 2196 4582 5891 4093 3529 1287 3970 2246 4949 5547 1998 3752 4177 1768 3708 5678 2579 221 5796 3234 576 3081 1318 5813 4797 5718 2564 1710 3236 2359 319 1311 4230 3740 1845 2470 4769 1458 2967 3954 1503 5585 2051 2442 4613 2377 3340 5662 2503 1951 2268 4731 1712 2801 1646 2424 208 2994 4991 3284 5238 3160 2425 5390 3195 4231 3056 2081 652 606 5743 2904 4073 5175 4575 851 902 1986 4385 3399 3969 4581 4921 4035 3444 2596 3080 98 
88 0 40 38 15 76 74 93 756 650 719 778 3538 617 3689 4728 3580 2014 2583 2290 3025 4829 1402 2161 4568 791 3548 1180 4459 5236 2219 4322 1515 4666 3787 2525 102 1735 5740 4222 1863 5840 4393 1476 104 793 556 3927 1485 1368 5724 5963 5469 2791 1469 4781 3940 2254 645 4570 1645 4678 2242 4628 2400 1890 3728 4879 3348 3366 2115 1843 4612 687 760 2422 4657 1971 4818 1341 970 5852 156 460 3226 5428 452 4644 3755 5021 3168 5885 1641 4616 4871 4620 4838 3409 2278 3723 1022 
89 0 40 74 15 76 104 94 2490 228 3497 5540 1545 1361 889 1923 4248 5944 4434 4844 2021 2789 4806 3360 1947 4445 1144 1204 4734 4964 3593 2966 5835 822 3599 4095 428 5466 3252 3790 5592 3223 3153 5455 3182 2719 1157 723 434 127 2215 1215 3161 55 4922 3136 5252 2627 5164 1181 4315 2906 5515 3683 4794 2759 3329 2917 4841 5051 4466 2356 3415 42 2634 1207 5838 3111 1537 5864 629 5920 44 2560 2521 65 662 1011 1844 5635 4535 1461 3695 1098 5358 1847 304 1684 456 4945 5013 2581 
90 0 76 38 15 104 72 94 3836 5265 4278 1633 3780 968 232 5360 1039 5053 4116 336 2241 5011 990 1689 5456 4488 4186 3013 5513 5447 1225 300 583 1803 3193 3021 1743 2447 2532 2319 260 5962 3232 2519 836 1538 916 4241 952 5898 2181 3988 1008 3416 4442 988 1804 1784 2058 1870 4856 2984 1602 4594 1016 5629 122 5833 2899 3310 5498 1925 815 780 2962 2286 4517 3929 4487 5323 5655 1725 139 464 2383 2357 225 4223 5409 2881 3770 1431 1875 5588 5214 1741 4175 4918 4368 5930 2421 2154 
91 0 76 72 15 104 104 94 1350 807 2453 498 4086 527 3686 4629 1968 2844 4593 5768 5467 5280 856 763 984 1842 1300 5376 3361 3281 996 1889 553 5046 4824 2746 4208 4401 5331 3833 22 1833 2894 5586 4673 2452 1134 2338 4980 5148 3429 3387 1573 47 4496 1815 2673 2250 5634 1006 4736 1920 5241 4197 4091 2389 2479 1351 2415 3807 3248 5919 5342 3557 267 5476 87 1581 1392 2437 2304 2992 1112 5699 4339 1517 258 3404 5080 5207 5133 3465 2395 1731 3727 3150 5496 1214 736 3191 1489 3424 
92 15 40 38 40 73 71 93 2728 84 2420 1222 2131 3564 514 3485 2638 4382 1337 59 566 379 5237 2182 1901 201 4583 2266 539 3779 561 5517 1962 5292 4031 4508 559 3265 3493 2099 2370 5887 2332 4758 5797 1639 5936 5810 5282 4296 115 5302 808 3617 3133 648 5921 5539 5154 4148 323 2998 5593 4023 3088 1056 3552 5803 4967 1859 4778 1093 5272 5367 1026 4772 2940 1265 3924 4851 4569 3359 901 3861 5782 1438 4247 3365 1814 3283 2548 3782 179 4968 1481 2390 3660 1972 4812 1260 4499 
93 15 40 71 40 73 104 94 313 3445 1080 5988 1340 2633 2202 1353 1576 5630 947 3291 4112 768 4995 5414 2870 1988 3751 4864 4366 5403 749 2952 2245 910 5027 117 2625 3587 3691 1407 3368 4942 4068 2329 361 4423 4847 3972 1453 894 3771 4513 3897 1263 4694 3555 5350 1941 1501 2017 1491 3922 761 2197 12 181 3553 1415 4819 4652 140 853 3282 2927 2077 3626 3726 3278 3396 167 2313 1726 1386 4075 653 1319 1462 2113 5281 1774 80 2615 5829 5121 2000 333 1542 5335 5705 253 5622 1509 
94 15 73 38 40 104 74 94 3628 2602 3933 5559 3913 2139 5676 4202 626 3484 459 1339 1378 5227 5916 5135 5024 5213 3388 3860 2667 4170 1716 3315 3180 2306 5563 3546 415 2036 4264 748 3123 5036 4833 5200 1849 5734 4386 5320 2687 2847 1872 35 690 1592 5986 5 394 4152 1975 2796 5184 3804 2255 5223 3238 4663 5960 3324 377 504 1106 1185 2584 276 3477 4431 1370 5388 3439 1999 4756 1604 5211 3225 3052 1762 4664 2572 4902 4834 4556 5009 5747 4029 5170 3984 1020 4957 4129 103 3063 205 
95 15 73 74 40 104 104 94 5620 5134 3614 5669 2764 2806 3844 5385 3906 2233 1612 615 643 3448 5401 199 2659 5319 2502 4555 4359 3892 2071 5767 1648 3670 5094 4754 1464 3729 154 2628 4599 3722 4443 2384 4933 3968 2897 2371 2964 3061 584 5576 3026 1007 2839 5846 3181 3767 5464 488 4715 4012 171 2230 5059 953 3543 3822 3515 671 4491 2342 3435 1387 174 5791 5222 4589 1855 1231 3590 2401 1025 4039 1703 5058 2388 2392 5001 2965 3525 4567 2352 4448 2260 5698 1678 4380 5502 5034 1777 4441 
96 40 0 0 73 17 14 93 5783 630 2710 641 4530 4383 5784 1302 2740 4655 3791 1957 2679 4265 4639 4479 2730 1174 1673 3302 1021 1911 1394 2295 5906 4883 1467 876 3179 3796 5494 827 4066 840 2136 2274 1750 5092 3220 676 5613 3185 1967 1746 2337 2280 2953 1091 2031 4684 4525 2620 4739 3586 2600 4852 4090 3819 5937 3323 802 5839 2858 2496 231 663 246 4256 2450 817 3946 4166 72 1580 5484 4263 1898 2913 1089 796 348 2567 4697 2069 5701 1430 4934 2617 4874 3189 3209 2642 4436 
97 40 0 14 73 17 38 94 4307 878 5173 1081 1832 2641 3486 885 3657 777 4300 2506 2901 5911 5431 558 3781 5090 4984 2831 4787 999 1428 2612 4043 1414 443 4740 1132 4713 950 2514 3632 995 4440 5714 3338 528 384 439 2803 3503 1745 88 5694 2987 5139 1966 4865 4642 773 2995 398 3350 3864 949 2536 3671 3733 4323 3354 1877 5804 830 3186 3015 3541 130 812 5188 4978 3919 242 4723 595 1434 5004 4056 937 5623 5722 5518 3122 557 3456 224 1360 4862 3250 3925 704 2443 2147 3675 
98 40 17 0 73 41 15 94 4792 1657 1242 3837 1543 3188 978 2117 2472 4595 5524 1448 2143 5967 4725 2937 1564 3615 1474 2049 3391 1297 5105 1203 895 4804 2763 1136 359 277 3008 2493 2335 5064 1834 5141 2903 4828 2915 1610 2810 5373 2672 1303 5624 5841 4489 3576 3530 4397 1033 1227 4861 512 2087 1176 177 2039 3827 5761 1003 4007 2833 1015 4686 1072 4242 3231 1702 2137 2635 4089 5913 2914 1018 4601 4214 5644 2080 4692 5382 5183 4139 1992 5723 1799 4050 106 2621 215 1211 1014 5364 2868 
99 40 17 15 73 41 38 94 1356 1626 5435 1778 3451 1167 296 1956 3305 4367 5261 1674 209 3604 1717 4134 414 1075 3885 3446 2095 4171 5849 327 3215 4063 5143 5308 422 888 4886 5968 944 5843 4891 1983 3031 4060 3655 2351 774 5277 670 2385 1335 5239 5155 4940 3055 363 1310 1413 3040 4313 3842 320 1694 1184 5217 1508 4519 4752 391 3126 3999 3878 554 4418 4131 1067 3106 5652 4229 373 2043 5245 5625 2194 5638 5657 217 2922 3517 2671 945 1037 5015 77 2236 5853 4721 4704 5582 4306 
100 73 0 0 104 16 17 93 5631 2580 4515 625 5089 5964 4194 4226 4135 4587 2402 5682 883 4660 2067 3646 1372 3175 227 1396 4735 5191 4143 2862 5735 314 3199 281 1272 5477 649 5453 4097 2753 4096 4020 312 5112 3624 691 31 861 4875 909 261 4471 2820 5152 2983 5336 4298 4376 3335 429 2171 3353 667 5378 3635 1002 3526 5789 497 1283 1943 5219 4656 357 97 5187 3902 1764 611 2742 5952 4302 3904 3978 180 278 3478 1683 4505 2096 2722 5426 5748 5924 3027 2537 3033 1601 2907 
101 73 0 17 104 16 38 94 3658 3638 4289 569 5106 247 3573 4244 5031 5605 1473 119 3694 3643 489 5534 4714 2151 4191 2545 750 5578 4843 2782 1744 5386 2945 4449 4953 1736 681 5017 5250 2772 1737 2808 1979 3662 94 5136 1899 2109 5039 4409 2677 3017 151 4106 468 4154 5110 3930 511 1416 971 2829 5330 5040 743 3502 3500 2619 2287 1624 1279 3609 1228 1896 934 1243 3334 3685 2363 5499 3789 4217 3549 4665 2088 3676 824 2666 275 3196 5422 3938 482 5618 4311 3219 5558 2459 1460 3049 
102 73 16 0 104 41 16 94 4022 4543 170 1918 832 3417 3601 2859 2079 5441 2827 4189 2855 2188 5697 688 1178 1908 4118 3339 4464 3950 4640 3047 96 3059 2780 5776 1670 942 1528 5411 4854 4157 441 5123 5072 2142 4156 2766 2736 3085 5856 1133 368 112 4986 4510 5749 1426 2761 5060 3094 369 1292 2025 1757 5284 2006 1787 4271 4727 1422 4534 100 1475 1729 1278 3735 196 5771 4988 1798 2320 1163 3805 1936 5189 272 529 3806 813 4462 442 3203 2207 3112 572 5246 3051 3908 3293 3376 4501 
103 73 16 16 104 41 38 94 451 5642 4161 1173 435 4746 2491 3178 5602 4576 1440 5506 2029 2714 5954 3230 742 906 800 4115 71 4109 5812 3069 2008 3005 639 4344 382 5334 4869 5808 5037 4199 4561 1420 4099 1398 250 5137 5176 1463 2163 2066 3347 5226 3426 1188 1593 1695 1969 5583 1562 3863 4765 3510 160 2221 4840 1040 1583 1598 1714 3038 2191 2605 656 1155 3509 3597 4884 4457 560 4165 3540 634 4932 73 299 1722 5344 4563 2794 4363 5661 3304 1751 3959 4707 4347 4246 3406 4343 1357 
104 40 0 38 71 16 69 93 3776 2863 2433 3800 524 5254 2939 5425 283 1866 5111 1926 3211 5566 2234 3566 2204 2959 2498 1490 5556 1788 200 2523 2777 15 5824 964 1772 1104 5480 2571 2624 4889 457 4329 4842 1836 4965 3939 5615 2800 3422 256 661 2754 939 1346 3060 1786 5779 5495 1301 621 490 580 1921 4962 3816 4054 1254 5675 3116 1818 5956 400 5719 342 3109 4923 2456 4204 5351 1686 664 1821 4870 926 1650 759 2636 5730 4632 2141 4319 1090 659 847 3107 4169 4971 3633 4472 
105 40 0 69 71 16 104 94 5758 5084 4831 4855 1949 2314 1628 471 417 5299 5869 4679 5893 4814 2921 3690 2747 2976 5493 5915 3952 4868 2578 3457 4559 5220 1183 5560 2756 4951 1274 1990 5706 3679 290 2982 4643 4672 4188 5196 2394 823 5577 4232 2565 2435 3469 3607 1358 1226 2611 2279 4706 1668 3430 1659 1894 5785 5205 5125 245 2814 5404 735 697 2455 4235 4762 3996 101 1835 3137 1590 5536 3274 3098 4257 2105 5316 2524 1991 3884 1486 1940 3356 2183 831 1109 427 3778 5438 5716 4615 1349 
106 40 16 38 71 41 71 94 3290 4250 1829 270 3627 4950 3947 223 1046 772 5980 551 4396 1526 5287 1285 5532 289 3716 17 5483 2830 4426 3852 2300 2167 264 3595 70 1587 4848 3803 2815 3173 4362 886 1452 4142 5180 3815 3464 158 1224 1522 1977 4372 555 3745 2930 5596 4475 3408 3986 5251 5268 1240 287 3669 3505 3249 1186 4172 273 4373 3623 3847 4413 2706 4926 308 339 1625 5119 4761 1364 3754 1327 60 157 2375 5448 4518 897 146 5109 1395 5343 2822 3333 1597 3327 409 5356 2068 
107 40 16 71 71 41 104 94 1391 1218 785 2174 863 2145 2495 2296 1643 2918 411 3425 3772 4040 3120 2879 3216 431 2499 3903 5544 1767 4287 61 5925 705 2875 5271 4626 2090 745 1514 1369 4533 973 1819 4877 4974 2057 737 462 881 5895 2224 219 453 1504 1488 4598 5322 981 2575 5290 4753 2494 4801 4526 3967 4790 3982 3534 2734 3640 4420 2423 4717 5472 3688 1802 3483 4011 4284 5955 3867 3011 4122 1374 4776 637 747 3420 1584 3167 4541 493 118 4985 3065 234 1383 4183 5721 2310 3494 
108 71 0 38 104 15 70 93 425 5900 1892 3647 235 5172 5234 2358 4795 5763 5538 480 5340 4755 1688 2550 781 5836 2235 4064 251 1250 5904 4008 3730 5943 5317 46 3876 5262 1667 4446 454 5332 5654 4590 4658 2887 5879 4220 2669 4566 1172 254 3328 2614 5603 1384 3461 2165 5503 418 3345 1412 2414 2684 2072 3914 3569 4190 1677 3436 1733 262 1484 5255 282 1326 755 4745 3362 1280 4167 5392 627 5083 3152 764 1277 472 5815 987 263 5876 2938 3900 2120 5063 3765 4276 395 3797 4571 
109 71 0 70 104 15 104 94 1053 1586 5328 2273 2272 680 3037 532 1371 3460 1655 142 651 4637 4588 752 3603 5818 5210 1572 321 4320 153 4206 2189 5442 4522 954 4786 4638 1860 2854 5410 2138 3769 4079 27 2700 1418 1989 3998 5028 2458 4771 2658 450 5077 2406 3053 4392 4504 2228 2774 2118 1621 1189 5407 2975 977 2128 194 669 1770 3879 4057 3909 3261 4574 295 3 4101 4430 4411 672 390 3490 3306 5729 5868 3016 5822 3838 1891 5814 1535 3452 2293 904 1331 4681 590 4072 4345 1720 
110 71 15 38 104 41 75 94 4905 568 3221 2518 920 2890 5020 5369 2179 2480 2341 1546 2227 3792 1191 5165 29 2908 4140 2203 4062 1520 5057 161 4180 703 5026 4394 1627 3611 5668 619 318 1094 3044 1661 5591 5621 4580 1195 5607 788 4894 4067 2239 5994 2542 4361 4722 4016 4520 921 3286 4196 2842 4200 211 309 2333 2573 702 335 4817 1035 3383 5197 604 3613 2798 149 4334 4808 2416 164 380 5485 116 2557 720 37 433 3459 1574 5097 1236 105 4253 4687 3450 548 1281 3067 492 124 
111 71 15 75 104 41 104 94 467 3944 5162 3200 3488 1886 4936 4830 3337 5855 3577 940 1699 3567 5215 1169 5433 3941 2238 2501 5312 5787 38 1692 5142 5132 5848 5521 123 3428 4155 4536 1450 5362 1005 2644 5055 3091 1544 501 852 1348 5073 4182 5221 95 5679 1324 4239 3463 5007 2130 3202 207 2232 5770 3269 66 766 2593 3516 3316 367 3205 5543 1 135 1126 5529 1045 5076 3826 1666 3101 586 4783 564 5179 1791 5637 1649 1563 5418 191 1435 838 2841 213 2941 726 4051 5727 4867 1541 
112 40 41 0 71 71 15 93 4698 4484 922 2218 3311 4080 3036 5664 1700 5384 3066 4516 3394 3218 2640 1029 2023 2988 5363 5737 1521 5405 4917 3369 5872 1715 3224 4107 3825 4458 5929 2497 1970 2038 1856 1618 4268 421 4014 2942 5754 3865 334 4015 1775 4994 5760 2180 4324 3976 516 4071 4619 5420 4477 5062 2309 432 2971 4494 2056 4358 2785 632 3585 2168 4110 3785 2569 1498 1291 4159 5545 2773 474 2896 5391 4816 5832 3875 1102 3287 5085 3724 2362 4463 5481 2122 3981 2604 3550 5633 4405 
113 40 41 15 71 71 37 94 2127 4680 2044 2588 5800 3701 2551 1964 1239 5276 3143 677 2884 2856 4377 4633 1001 1190 3907 3734 399 4564 873 1826 1456 1449 5851 3317 5061 4098 2001 4537 1831 2852 2691 4406 4850 500 4074 5684 4424 1547 2824 393 4356 3288 5973 2431 3912 3857 148 2526 5416 5745 683 2645 1100 5759 1158 5507 2819 5733 3992 16 2711 2505 5942 5933 3830 1120 155 2041 1632 470 4611 2064 4330 5541 2275 1981 58 1789 3355 2156 5923 4557 4481 2527 4331 3881 2558 3105 2428 872 
114 40 71 0 71 104 14 94 5177 1220 903 445 2257 640 3931 1233 4972 1499 1959 5375 891 5953 3090 1776 2933 1493 4104 3652 1389 4857 5348 801 1682 4791 3024 2418 2262 2512 3917 4770 2265 5947 3170 2153 487 2689 2809 5594 1857 542 4237 4144 4002 2765 914 4255 54 2974 3050 2015 4748 1531 2944 1994 2860 3197 646 4605 4003 4785 3100 388 3259 2129 3204 2516 4881 3871 5959 5617 770 68 4880 506 2110 4032 3266 2663 4417 4476 3351 5427 5008 473 5185 1411 4836 948 1539 3934 1234 2836 
115 40 71 14 71 104 37 94 2432 1654 2511 4033 2963 1510 5166 624 3520 2061 1245 5991 1443 4939 5460 284 1518 4432 1696 1560 638 479 2024 3158 4473 4005 905 1466 4627 2702 362 2818 4899 5741 2779 3352 4910 1478 1759 4989 3054 3034 184 1758 4468 5093 5606 2187 1974 633 3551 2591 3367 1873 2751 4203 2752 1314 5780 329 912 2157 5463 3039 828 5285 3888 5353 1812 3474 5762 4419 1043 1915 4784 4577 354 1718 1253 5786 2126 3916 5587 4084 5948 642 5902 3099 5146 5345 4675 2769 3476 4103 
116 71 41 0 104 71 15 93 3413 1734 1594 810 4548 69 2200 958 734 3750 2547 1707 2216 145 2853 3918 5568 2150 5626 2729 4597 5244 1147 5445 2190 4453 4285 5069 4990 4233 2978 2355 2330 575 5611 1160 3289 341 5890 1838 919 4332 212 2616 5939 3720 5555 1713 5647 4317 5295 2251 1939 3194 4497 2108 4996 5127 5983 2637 1269 4428 3935 5182 2398 4427 53 5303 1935 440 3018 4948 2106 610 573 1730 5070 5355 5147 2698 782 1455 147 2214 3974 2492 1071 3163 4845 3156 5753 5950 2811 
117 71 41 15 104 71 37 94 526 1824 546 513 4782 2656 183 2322 5450 420 2484 4768 5088 4081 5002 3739 1630 4551 3030 3078 1984 4291 2675 458 5965 1595 1600 1425 1047 2124 1752 3125 5648 5672 4529 3880 4455 4070 2316 1930 5266 846 2405 3260 5553 3983 2094 2632 5012 39 1044 5847 2888 4741 41 1217 3636 4793 647 121 1937 3582 2760 1213 4236 4162 2336 982 1827 4404 1978 5306 2681 3744 2865 3809 3979 4603 3131 4201 3794 5357 5423 1282 1123 5632 2553 887 3217 0 2653 1304 5389 2475 
118 71 71 0 104 104 16 94 3119 4240 3184 5670 1868 5079 5831 5811 3795 3364 5781 4254 4121 2946 3244 5102 2374 1672 1017 3693 226 2445 4058 3775 5473 3896 5240 1763 938 1664 3440 898 2682 2054 2084 5708 900 4579 1128 2799 3753 2172 5457 2243 4648 3651 4178 1954 2513 804 2040 5402 1248 5475 1811 5387 2078 5478 1000 5562 3064 3768 152 4937 3423 2590 4076 806 2005 43 5805 4898 1910 257 426 4260 3227 5610 2003 1119 2877 5579 3144 5595 1893 410 5823 3237 4766 2504 3411 5957 5056 4402 
119 71 71 16 104 104 37 94 266 3504 3956 198 859 175 2683 4909 134 3235 2386 2622 1965 3911 2566 577 1955 5247 1417 4384 1858 2996 2795 746 2282 2092 5794 5327 2912 3240 279 4720 2977 2299 2587 5439 5820 1795 2960 4667 5861 1944 3882 3813 2340 2586 1532 3539 860 3264 5683 2269 1841 2387 2007 129 2082 3046 3700 4357 1883 2252 3377 3124 5470 3843 324 4024 3400 1409 1616 4181 2720 4572 3532 3915 2253 786 1851 5101 5305 2972 3531 4961 5640 2100 4388 882 821 1705 1179 4623 3747 4286 
120 40 41 37 72 74 73 93 3835 4238 4365 5171 1876 2277 1760 1325 3584 349 4906 1867 5398 4304 5570 1884 5087 4153 375 4789 1050 5854 5969 1578 353 1928 2302 1589 3325 538 2366 2705 1723 5650 3276 2449 2466 4353 979 1074 2256 2708 2349 2577 2324 4827 5685 5816 2247 665 5269 2507 4369 1161 2923 2555 3434 1997 2206 248 2448 5458 286 4252 4290 1525 5113 4041 2900 2909 5834 1679 271 5161 4052 1902 2345 5371 5048 345 3057 2629 4120 1567 1129 4390 1306 3854 1064 1642 5523 4085 4999 
121 40 41 73 72 74 104 94 5564 3705 5589 5377 477 3392 2226 1127 4807 2784 1192 3110 1588 332 3001 2662 499 923 4355 63 2158 1465 5928 4168 1698 5263 3292 5951 2451 765 1307 4303 4044 3466 5047 478 3910 3169 3588 835 3373 4943 5257 3572 2925 5383 1620 2391 1916 3721 483 2748 4893 3472 5693 4609 364 4147 4447 1608 1980 3656 5338 2097 5717 1982 4659 2950 4670 4716 2327 5614 3258 4975 1445 3358 2471 5451 3893 3945 1653 4763 1766 466 5419 2411 5525 5526 5264 2735 1012 389 1342 701 
122 40 74 37 72 104 68 94 2664 983 437 4340 1905 5548 4578 3598 601 4125 2114 4979 1344 3128 915 678 2107 5372 2222 4885 698 412 5612 4212 3389 3766 67 3649 5131 4617 4777 2535 4205 5863 4630 602 1952 3957 2805 5903 1111 2409 2618 3802 4718 3019 5283 5279 5600 2657 3630 2928 2533 585 5795 2478 4709 4127 4896 1907 2733 2028 578 4059 600 3246 2178 3138 4004 5926 4982 4992 3554 724 1577 1879 2148 4647 4724 3653 5858 5970 5531 2116 4641 4751 2303 5033 525 614 3518 2103 3166 535 
123 40 74 68 72 104 104 94 1755 3075 3251 4280 1103 3192 1973 2680 2943 3295 5168 562 1924 2291 5128 1404 820 3850 2546 4895 1825 1530 969 3542 5520 2240 2592 3082 2487 3357 963 3134 2372 4523 992 3397 3297 3401 419 5766 5273 1482 4038 509 717 3596 5288 1697 159 3513 5764 3757 3087 1606 3536 1862 740 4618 2026 2832 2845 5368 694 3732 125 3492 3313 4119 757 5462 4622 5665 3395 5186 635 4805 865 5010 4295 5233 4901 2195 2757 2843 1266 274 3507 3731 517 4227 4646 2786 1010 4297 
124 72 41 37 104 75 70 93 4920 4352 3155 4437 1568 3980 4888 2825 85 1471 4251 5126 3749 818 5711 2534 5501 4399 2609 4531 4465 962 803 3961 4480 2694 3103 767 4136 4860 4346 574 3684 2027 2045 5681 3139 176 1479 5695 4701 438 5993 1139 2540 3858 5636 1623 3575 3544 5301 1854 2353 1446 5115 3928 3140 2758 288 3079 751 3602 2958 2369 2741 5765 5190 3921 5232 3995 5750 3799 4892 241 3667 879 5857 3410 5038 2440 3756 545 2693 10 2361 2346 3665 985 2380 3375 3547 3758 3267 
125 72 41 70 104 75 104 94 5756 3746 4907 581 3198 4821 1468 870 1096 2623 871 943 2947 1315 2866 5821 1554 1376 4919 3620 1801 3299 128 3083 2259 3936 1810 455 924 4048 3578 491 3645 1397 5999 2489 5032 1881 4677 3537 2367 5728 2173 1249 4381 848 1205 5487 5830 2838 1061 172 2954 3808 4759 5646 3759 5709 4108 5912 2047 5658 809 4378 3076 1976 5958 925 4 2919 4788 1421 967 89 1004 4299 378 2407 5381 5199 1051 5068 1270 5866 4671 3159 2955 3958 4625 3210 5395 3743 5508 469 
126 72 75 37 104 104 72 94 2476 3829 587 1869 2457 3674 2481 83 3174 1790 4439 2993 741 1747 3736 1295 3151 4410 5871 739 1756 5150 5218 4774 1135 1780 5479 858 5497 3481 1223 1512 1038 4749 2951 3390 2781 2261 1739 5025 1773 3962 3308 4195 2074 1027 5533 5158 5099 3262 896 1142 5940 3115 3989 5044 3631 1809 2297 4452 686 5580 2412 1765 2846 758 1613 5949 5966 2033 5086 3145 430 722 5598 4216 3239 3014 5124 2630 4225 5862 986 297 1336 126 4631 4193 4348 3522 3222 4552 2434 3207 
127 72 75 72 104 104 104 94 45 1230 3062 3022 5107 216 1848 5941 5278 5297 1082 2438 3610 86 582 2874 3164 3070 108 997 3621 416 623 325 2012 3097 842 2083 5777 1929 2603 4815 5397 2723 3818 2093 1919 4703 360 4651 2802 5159 4150 4018 834 2348 1042 3639 4662 48 1513 5465 2317 99 543 843 2343 2258 3890 1141 2135 1393 5202 2133 1113 1385 2328 4669 4688 3512 2210 2446 1665 1721 3149 721 5230 5934 3993 3096 593 4395 596 592 3712 4820 3233 9 11 3788 5096 3616 229 1945 
