512
512 0 0 0 0 0 0 103 132 132 241 253 252 19 9857 4263 9722 8279 4858 4854 8245 8705 9666 2372 9597 7365 7535 3761 9664 8675 9266 7721 5210 
513 0 0 132 0 0 0 103 132 262 241 253 252 20 8824 1844 4619 685 8442 1712 9528 161 9305 7072 47 3258 5978 1596 4319 9056 7361 6023 106 1423 
514 0 132 0 0 0 0 103 249 178 241 253 252 19 5916 912 2795 4095 8275 3926 3513 1641 5855 4620 1140 8409 1167 7384 3965 907 9087 5409 7917 
515 0 132 178 0 0 0 103 249 262 241 253 252 20 5444 8178 4040 7464 9592 5698 9636 1883 9304 7901 1234 7517 7416 704 5435 3249 463 1554 7267 7686 
516 103 0 0 0 0 0 258 128 162 241 253 252 19 4158 3581 693 7130 721 1609 9778 1147 4943 2096 5022 2925 826 6876 1819 7623 5921 4570 9771 
517 103 0 162 0 0 0 258 128 262 241 253 252 20 4372 447 2057 5189 1209 682 8754 8564 7744 1419 785 5766 8073 8608 2727 3562 3261 5950 4371 618 
518 103 128 0 0 0 0 258 249 117 241 253 252 19 6168 1048 8238 2750 827 6940 8925 7458 6206 8673 3072 5304 6706 9291 6232 5310 6801 6619 2955 
519 103 128 117 0 0 0 258 249 262 241 253 252 20 7729 845 6776 1850 6381 9534 3833 9929 4403 5067 1952 1263 4510 9353 9393 1788 303 3729 7888 958 
520 0 0 0 0 0 252 116 119 78 241 253 512 19 9791 9392 3754 7124 1614 1805 6375 8947 4099 4669 11 9995 6334 7658 7034 2020 2848 9189 4956 
521 0 0 78 0 0 252 116 119 262 241 253 512 20 744 9906 2119 199 6835 4055 5258 6465 9863 4776 5541 6560 552 4575 6805 6484 8601 332 8055 8399 
522 0 119 0 0 0 252 116 249 122 241 253 512 19 7951 7042 1205 8461 7884 7473 2715 1660 6181 169 4933 2510 7285 4523 2700 7229 287 1401 2546 
523 0 119 122 0 0 252 116 249 262 241 253 512 20 4070 4036 5760 5382 6512 6070 92 6311 8821 719 4634 5411 7666 3790 2127 1924 5551 466 2956 4188 
524 116 0 0 0 0 252 258 122 140 241 253 512 19 2281 8408 8458 6367 94 864 8109 5559 5935 6569 1228 3852 9115 1222 1414 6193 1869 1553 5025 
525 116 0 140 0 0 252 258 122 262 241 253 512 20 2359 6110 5311 2362 541 4782 2172 5235 9801 2680 8793 8197 1971 5410 8856 6521 5756 439 3779 3877 
526 116 122 0 0 0 252 258 249 120 241 253 512 19 1117 3810 923 7415 1462 8433 3176 4741 4066 2754 3624 9325 2262 5106 5446 8926 5858 9123 5313 
527 116 122 120 0 0 252 258 249 262 241 253 512 20 9015 3395 1693 8161 4020 5675 3964 7730 4451 6529 4474 1823 7652 4872 1626 5549 9498 883 424 6259 
528 0 0 0 0 253 0 141 123 128 241 512 261 19 3713 3169 7073 4390 8020 1800 3750 6884 8984 5503 2246 8354 7989 7950 2874 7351 3764 6590 1394 
529 0 0 128 0 253 0 141 123 262 241 512 261 20 1256 5678 8447 8725 6988 2711 237 2595 3199 3166 1235 2090 6537 5496 5898 2663 5240 6220 4759 9844 
530 0 123 0 0 253 0 141 249 112 241 512 261 19 8663 8414 4262 8427 6650 5113 9093 7408 934 638 8936 9825 6603 5251 6598 2396 5787 9300 5448 
531 0 123 112 0 253 0 141 249 262 241 512 261 20 3328 4766 4404 2978 4822 1242 8490 2487 5590 9575 3609 1747 7461 9065 897 6231 6177 3087 3005 3718 
532 141 0 0 0 253 0 258 110 108 241 512 261 19 2235 3674 2292 9462 3024 5979 3344 2053 277 7810 5512 3464 3978 8949 6606 7400 6960 7066 890 
533 141 0 108 0 253 0 258 110 262 241 512 261 20 7203 3060 4560 814 5553 5516 1909 9251 4115 7863 2741 787 4309 3968 3271 7147 2931 264 6732 6866 
534 141 110 0 0 253 0 258 249 117 241 512 261 19 688 5610 7262 7343 3725 442 9519 8229 9387 2618 2843 6355 2347 1695 5801 6005 113 4077 3127 
535 141 110 117 0 253 0 258 249 262 241 512 261 20 2524 1099 3143 4501 6399 5550 2209 1063 2080 4226 6372 4680 7041 4866 7289 1615 3816 7545 2102 7625 
536 0 0 0 0 253 261 132 117 120 241 512 512 19 6124 5479 9136 2468 828 9322 3535 7975 4409 3899 6704 4684 6969 3052 1847 8019 4971 2466 5043 
537 0 0 120 0 253 261 132 117 262 241 512 512 20 4439 4810 8241 8767 7530 8095 4698 730 9026 2847 3014 6378 1337 133 321 9153 3771 6433 9833 245 
538 0 117 0 0 253 261 132 249 134 241 512 512 19 5007 3029 3345 731 4788 270 9731 4241 5465 631 4384 8977 4840 4787 249 2192 5155 6008 8071 
539 0 117 134 0 253 261 132 249 262 241 512 512 20 8746 387 2892 967 2389 492 7787 6536 5006 8166 1487 3489 9439 5262 1568 9244 3986 1129 7831 1856 
540 132 0 0 0 253 261 258 87 107 241 512 512 19 6467 2194 7036 851 4768 8335 7733 2861 9579 1740 1956 9105 3746 6034 4880 6257 772 6460 4381 
541 132 0 107 0 253 261 258 87 262 241 512 512 20 6204 1108 129 6176 547 3608 7231 2278 8876 5474 1682 362 7215 9563 8491 198 5268 4916 8261 5742 
542 132 87 0 0 253 261 258 249 137 241 512 512 20 475 6335 8877 8575 8557 6469 2963 6839 9454 2234 697 8562 4748 4301 5835 2802 7200 7251 3799 5252 
543 132 87 137 0 253 261 258 249 262 241 512 512 20 8122 3426 2929 4559 9594 1670 3186 4863 1226 4432 280 3842 4096 5732 8207 9971 9373 4567 8535 6358 
544 0 0 0 241 0 0 125 150 134 512 257 257 19 843 3573 3444 4024 6627 656 1323 409 5369 7525 8649 7650 2330 4018 6892 1968 6025 24 3597 
545 0 0 134 241 0 0 125 150 262 512 257 257 20 58 4922 4959 1681 7018 4721 2019 7641 3510 9562 5455 1430 5172 2533 4450 7876 7302 2418 8641 1910 
546 0 150 0 241 0 0 125 249 145 512 257 257 19 3076 2951 1512 9993 2038 3245 5736 5329 8254 860 2698 3596 3383 6826 9609 2146 9360 2074 1775 
547 0 150 145 241 0 0 125 249 262 512 257 257 20 9289 6895 2244 2460 1590 9894 679 1884 2122 8934 8170 2764 2718 1979 5925 7433 1703 663 6757 1134 
548 125 0 0 241 0 0 258 147 152 512 257 257 19 5780 2150 2869 5469 5384 5128 2566 204 4852 8336 7690 160 360 6810 1739 9859 7435 4476 3306 
549 125 0 152 241 0 0 258 147 262 512 257 257 20 5281 9176 1801 3545 7165 3663 2982 938 9799 1969 7751 7735 1796 5865 2875 8049 6230 9355 3299 9049 
550 125 147 0 241 0 0 258 249 129 512 257 257 19 7224 8270 6787 2790 2860 6747 7016 8522 4238 9728 9148 1484 6959 1644 6453 7026 1710 6021 6962 
551 125 147 129 241 0 0 258 249 262 512 257 257 20 3389 6012 8054 2145 9472 5031 7477 1640 2717 6848 2094 8553 4942 2593 4438 1399 2758 705 1297 853 
552 0 0 0 241 0 257 144 114 162 512 257 512 19 3191 454 8815 1326 5563 5901 2766 822 3717 3047 7255 8477 8831 4294 6625 1797 9772 2981 7019 
553 0 0 162 241 0 257 144 114 262 512 257 512 20 9702 9988 6616 8174 2976 4671 4656 4564 8314 5095 9922 3933 3071 4765 1490 6697 6722 3860 3555 4295 
554 0 114 0 241 0 257 144 249 150 512 257 512 19 8733 3690 2495 6182 6754 3371 3203 3807 4629 1004 8034 7984 4465 1404 1540 7331 9344 1940 4360 
555 0 114 150 241 0 257 144 249 262 512 257 512 20 1082 8274 1346 3242 8769 2205 5108 3793 4317 1422 7366 3699 9674 3477 1664 5373 3182 5731 8844 1534 
556 144 0 0 241 0 257 258 135 182 512 257 512 19 5206 895 6434 8024 7802 2876 765 8468 2807 1657 3834 1456 292 9155 6914 7467 1834 472 8179 
557 144 0 182 241 0 257 258 135 262 512 257 512 20 9342 7341 2025 5333 1231 9447 5213 9874 166 2511 1907 1558 8347 9691 1268 6954 7039 794 6882 1341 
558 144 135 0 241 0 257 258 249 117 512 257 512 19 8326 4911 4357 4254 5357 7201 5864 7924 8650 7087 6680 6141 5544 6597 3766 5850 7380 6602 3342 
559 144 135 117 241 0 257 258 249 262 512 257 512 20 8101 1446 8631 6621 8293 9000 6897 2231 6373 8894 718 4060 7740 7430 1161 9160 3595 4300 3821 9747 
560 0 0 0 241 257 0 136 132 122 512 512 230 19 4615 6853 4893 4524 8247 1727 4688 7697 5086 1782 647 3724 5951 1351 8504 6256 6618 5096 6731 
561 0 0 122 241 257 0 136 132 262 512 512 230 20 465 8378 8777 7759 6013 7097 3084 3302 7755 6746 8430 9698 513 6295 6756 4351 8811 6310 6740 2318 
562 0 132 0 241 257 0 136 249 174 512 512 230 19 4281 5807 5693 6532 2651 9196 9511 7694 1254 509 8937 80 8994 4621 8462 5478 914 1031 26 
563 0 132 174 241 257 0 136 249 262 512 512 230 20 7756 6980 7875 4331 6074 5838 508 6322 7432 4851 7588 9970 7369 3184 6628 778 3697 4557 7032 4165 
564 136 0 0 241 257 0 258 119 121 512 512 230 19 9415 798 1001 8836 6362 2165 5330 577 3684 1457 7569 5809 8096 3583 726 1915 8352 5217 7746 
565 136 0 121 241 257 0 258 119 262 512 512 230 20 7969 1431 5520 1912 4563 8470 9909 8883 7966 4910 8026 4352 1928 4205 9604 7673 2544 2772 6804 5754 
566 136 119 0 241 257 0 258 249 132 512 512 230 19 4946 9888 644 2508 4456 3917 9242 462 441 3140 5998 2585 3653 6591 5723 1172 3714 9491 8173 
567 136 119 132 241 257 0 258 249 262 512 512 230 20 1155 468 3401 2436 7050 1019 6377 3188 5485 4719 7977 7854 8297 2691 3914 7405 6266 3051 2473 2622 
568 0 0 0 241 257 230 115 129 128 512 512 512 19 9628 9336 1061 7728 3832 5830 8708 1494 1495 3178 9892 9587 9488 3966 1716 5686 9261 6315 4754 
569 0 0 128 241 257 230 115 129 262 512 512 512 20 9377 7719 8714 7434 7961 1831 1017 966 3252 3954 2794 4544 2153 4026 8939 395 8152 673 4312 4900 
570 0 129 0 241 257 230 115 249 98 512 512 512 19 9938 341 1982 3536 6658 7949 5062 9986 9206 5337 1434 1941 1164 2630 5617 4035 3824 3100 7600 
571 0 129 98 241 257 230 115 249 262 512 512 512 20 6293 9547 3521 6275 9440 9054 9809 1738 5985 2778 4302 7822 7335 7053 5486 4755 6829 5377 220 8406 
572 115 0 0 241 257 230 258 131 150 512 512 512 19 6064 1444 2799 1081 7447 5231 9711 729 7196 8476 748 55 4220 3901 1994 16 2710 5489 3638 
573 115 0 150 241 257 230 258 131 262 512 512 512 20 8627 4235 3858 7111 3270 1600 4962 960 8439 4216 3902 3894 8759 1420 8016 950 799 6081 9837 8208 
574 115 131 0 241 257 230 258 249 141 512 512 512 20 5335 786 7611 6595 3093 1020 2657 7120 8570 1580 8798 9358 8751 9881 9716 6383 9460 6749 6226 3194 
575 115 131 141 241 257 230 258 249 262 512 512 512 20 7878 4865 5607 3632 7990 9045 5415 9350 7428 84 758 322 4471 452 9048 5174 6552 5955 592 9754 
576 0 0 262 0 0 0 108 128 409 262 242 262 19 6371 9541 6427 5614 3045 5371 2329 4549 947 896 4832 8480 2242 512 5181 6828 2243 9110 3755 
577 0 0 409 0 0 0 108 128 512 262 242 262 20 2259 65 5770 2567 7507 4528 1125 1757 6596 6729 8979 9783 2136 7048 7663 2273 2267 2853 6130 6827 
578 0 128 262 0 0 0 108 249 414 262 242 262 19 8075 1987 4941 2897 8760 5997 3177 7996 3870 2176 3740 3435 2474 6325 1721 4590 4307 8059 2377 
579 0 128 414 0 0 0 108 249 512 262 242 262 20 8500 5704 9335 3662 5604 8668 1276 1857 5236 7563 857 555 9382 7074 4981 2797 9088 4039 2838 2703 
580 108 0 262 0 0 0 258 136 382 262 242 262 19 4283 8989 8377 8032 8210 5579 6920 9966 5130 3341 8960 6129 3846 3728 6341 1318 9647 4427 1730 
581 108 0 382 0 0 0 258 136 512 262 242 262 20 3561 7249 9247 8541 6451 6635 1891 9470 9214 1287 9453 6062 73 2303 8139 4179 6246 2437 5751 4934 
582 108 136 262 0 0 0 258 249 394 262 242 262 19 8402 436 4973 2896 5123 114 1518 3565 2980 7040 9715 4297 6312 21 2844 640 4633 651 7945 
583 108 136 394 0 0 0 258 249 512 262 242 262 20 5543 1319 4076 9068 4219 323 9796 5052 9957 3693 7481 1386 7086 6575 4961 2196 2290 1455 6645 2768 
584 0 0 262 0 0 262 117 132 383 262 242 512 19 2996 3248 5208 2141 1138 8280 9548 9011 7773 7743 8328 6047 2287 4291 4650 8585 1808 838 7240 
585 0 0 383 0 0 262 117 132 512 262 242 512 20 911 4846 9004 6611 4912 736 5796 2854 2445 8897 8329 978 5334 9076 1352 2662 681 9695 7403 1799 
586 0 132 262 0 0 262 117 249 352 262 242 512 19 7675 6482 988 849 608 1810 1879 4996 8331 6353 5286 5318 9850 1331 6869 6733 8147 9912 2769 
587 0 132 352 0 0 262 117 249 512 262 242 512 20 3200 404 9606 7827 6572 7613 995 926 8503 6549 2697 7914 9465 1806 5511 6160 1465 9293 1665 2353 
588 117 0 262 0 0 262 258 147 393 262 242 512 19 5785 2995 3364 427 1733 5331 4242 408 2069 2068 7985 8676 4168 5090 4894 5596 3441 8390 3059 
589 117 0 393 0 0 262 258 147 512 262 242 512 20 5646 7490 2317 2590 1926 5734 9708 8658 7834 8847 7123 2536 235 7137 8277 9699 1448 6425 478 7213 
590 117 147 262 0 0 262 258 249 358 262 242 512 19 3455 9798 4732 1454 1507 7300 8056 3439 8677 3361 7263 2221 2558 8572 4778 3066 4606 2376 2921 
591 117 147 358 0 0 262 258 249 512 262 242 512 20 7957 8395 37 209 2453 5568 2932 9556 2624 9878 4250 9301 8551 9717 5960 5957 2804 5305 5224 1690 
592 0 0 262 0 242 0 103 108 356 262 512 245 19 8502 3961 4860 8686 537 7227 6965 5937 8509 2499 5493 7392 7063 8119 936 9152 4164 1755 8935 
593 0 0 356 0 242 0 103 108 512 262 512 245 20 1863 1160 817 2938 3769 2441 564 9182 1936 8356 4676 8820 7833 8368 9333 5133 825 7492 3491 3197 
594 0 108 262 0 242 0 103 249 363 262 512 245 19 5480 2186 62 3551 641 9527 3183 5340 2032 3202 8747 3167 6751 8807 3447 498 4740 5681 8025 
595 0 108 363 0 242 0 103 249 512 262 512 245 20 3557 4163 6973 8610 6420 571 7793 2229 9808 4206 2619 4048 8944 4310 2667 8996 4091 2169 5765 9366 
596 103 0 262 0 242 0 258 111 354 262 512 245 19 8099 8848 6483 8887 302 830 7689 4616 9670 3107 5190 9062 774 1440 9042 8382 8364 4772 4704 
597 103 0 354 0 242 0 258 111 512 262 512 245 20 5837 1618 9887 5227 5139 859 2216 9851 1803 3373 4014 1480 7644 5182 5119 2331 1654 2950 4004 4999 
598 103 111 262 0 242 0 258 249 406 262 512 245 19 182 999 5615 4057 4347 1935 5674 9526 1766 702 2449 8785 3239 1592 4687 8006 7636 9191 2575 
599 103 111 406 0 242 0 258 249 512 262 512 245 20 4533 6393 6173 917 9998 8779 4267 9629 5799 7861 1550 3787 6297 1397 1357 6815 1582 5618 6580 9411 
600 0 0 262 0 242 245 141 122 364 262 512 512 19 2873 4584 8012 9774 4223 1802 6888 8185 30 3783 9471 8933 7983 1110 4308 9994 723 2271 6846 
601 0 0 364 0 242 245 141 122 512 262 512 512 20 9436 6600 2645 6356 1951 9704 275 7794 9846 9456 4948 6647 8098 9326 5483 412 4792 6030 3102 8717 
602 0 122 262 0 242 245 141 249 399 262 512 512 19 5138 3559 7419 2588 5500 751 288 7022 4088 8384 4430 2708 8489 9103 6045 1026 2671 5109 7923 
603 0 122 399 0 242 245 141 249 512 262 512 512 20 4284 1204 6926 9100 6623 1551 5899 2204 8544 8027 5068 8942 6868 2484 2112 2125 1322 5048 8272 3041 
604 141 0 262 0 242 245 258 134 375 262 512 512 19 6760 5949 664 3179 3698 7010 6811 2610 6188 654 1047 2806 6905 6924 9836 2333 3843 2175 2625 
605 141 0 375 0 242 245 258 134 512 262 512 512 20 5010 298 2919 2031 491 2837 9 8154 7682 8255 4109 1054 9656 4743 6144 6285 4828 8198 4482 872 
606 141 134 262 0 242 245 258 249 361 262 512 512 20 5775 4686 5019 8866 5639 5332 5982 8253 4780 3569 5660 3739 7211 791 3876 9399 8873 5168 1587 2805 
607 141 134 361 0 242 245 258 249 512 262 512 512 20 417 4074 8810 1186 8554 8137 3935 175 6044 8872 922 9524 8169 8267 4601 6258 443 7784 6998 8372 
608 0 0 262 262 0 0 140 116 373 512 269 237 19 5569 9685 3158 7967 9157 7000 5884 1786 8387 5601 3859 3232 4217 3378 8421 6095 2116 766 9945 
609 0 0 373 262 0 0 140 116 512 512 269 237 20 7210 2498 522 9272 1041 8853 7550 4784 7692 1658 6488 1281 4867 9962 4030 9932 6832 5045 5556 558 
610 0 116 262 262 0 0 140 249 383 512 269 237 19 6633 6712 9935 8634 5953 1100 8199 9903 6363 2813 4318 4011 4169 9812 5581 792 6540 5645 8891 
611 0 116 383 262 0 0 140 249 512 512 269 237 20 4631 3850 8457 1748 1632 8400 5657 1984 1124 1416 5911 5107 637 4611 542 3668 4034 119 5932 7568 
612 140 0 262 262 0 0 258 120 347 512 269 237 19 5654 7630 9802 5722 5427 5308 3165 127 2502 6390 4437 3001 3719 9834 53 174 3365 7643 3436 
613 140 0 347 262 0 0 258 120 512 512 269 237 20 3854 3061 1095 2777 4204 4955 1067 4506 7198 2251 1975 4534 2364 5890 6986 2600 9309 6166 6755 8118 
614 140 120 262 262 0 0 258 249 413 512 269 237 19 1760 5391 1012 2245 7885 3311 4410 4920 9638 1241 1463 619 1789 1765 1545 1621 623 4702 3556 
615 140 120 413 262 0 0 258 249 512 512 269 237 20 5134 6486 7005 6198 1648 1918 1139 5913 7452 6780 5924 3008 5692 4969 7781 1152 4460 9845 6017 5851 
616 0 0 262 262 0 237 123 98 363 512 269 512 19 6613 7532 5289 2525 3576 3305 5876 3984 3215 4610 610 8973 5114 2621 9677 788 3023 2211 7303 
617 0 0 363 262 0 237 123 98 512 512 269 512 20 18 4588 3490 3062 5821 7274 5534 2713 6374 510 7893 9449 1253 351 6102 8707 2878 9047 6219 8540 
618 0 98 262 262 0 237 123 249 359 512 269 512 19 1250 2823 5024 4178 3049 3855 7968 5507 3086 5652 7254 5857 9605 3067 7513 3879 8817 1381 8296 
619 0 98 359 262 0 237 123 249 512 512 269 512 20 7407 1055 8724 6304 6506 3743 4952 2987 3356 6294 4458 5853 3114 8492 413 609 2676 6696 7216 4538 
620 123 0 262 262 0 237 258 124 381 512 269 512 19 2305 4321 8008 9241 9600 4767 8117 9286 7446 2803 2152 2969 1312 9753 3991 7505 4572 6445 683 
621 123 0 381 262 0 237 258 124 512 512 269 512 20 8691 8150 5059 25 309 7065 8693 5582 6570 4737 9422 8985 4087 9098 6057 2143 9866 2801 2254 8495 
622 123 124 262 262 0 237 258 249 423 512 269 512 19 1295 3856 1945 6436 178 8438 9679 632 6824 595 2099 8149 8486 9502 3620 7764 4328 9113 4355 
623 123 124 423 262 0 237 258 249 512 512 269 512 20 9818 8004 3989 3291 6280 5079 1832 3339 7258 9275 9316 615 6179 2679 7209 102 8411 2444 1916 646 
624 0 0 262 262 269 0 126 114 343 512 512 242 19 7576 1219 4480 1536 7995 7997 9750 5102 9217 5597 605 4958 9745 583 8736 4608 854 9222 2609 
625 0 0 343 262 269 0 126 114 512 512 512 242 20 5620 8405 6185 5976 1653 7562 3175 2736 1985 910 7070 5051 984 1965 2880 8013 9452 9621 5497 6808 
626 0 114 262 262 269 0 126 249 361 512 512 242 19 4642 604 6928 9532 1238 7266 2056 4618 951 7183 1861 9204 4574 6861 2728 9984 3511 840 6299 
627 0 114 361 262 269 0 126 249 512 512 512 242 20 7272 3297 7799 6551 9567 7620 2926 2179 9651 6336 3310 8333 444 5611 71 5001 9489 7064 1932 312 
628 126 0 262 262 269 0 258 137 359 512 512 242 19 358 8021 2646 9590 4967 7410 1477 6736 5193 9891 9755 6501 1974 9445 1791 2166 388 4433 6727 
629 126 0 359 262 269 0 258 137 512 512 512 242 20 8758 9710 2729 3732 5752 1613 6192 3145 4736 4790 2709 821 9800 2722 2455 1373 1601 9256 1798 7468 
630 126 137 262 262 269 0 258 249 393 512 512 242 19 3819 9595 4118 7001 141 3153 6735 7626 2006 776 3878 4353 4571 6653 2124 3677 1233 1515 241 
631 126 137 393 262 269 0 258 249 512 512 512 242 20 8547 2998 1713 8076 2022 9738 8258 5970 578 3650 5920 9582 9931 4108 4023 725 993 5538 6104 8870 
632 0 0 262 262 269 242 139 94 349 512 512 512 19 4992 9782 7412 8591 3944 8739 1243 4925 5917 3170 481 3827 3648 4346 4905 2183 9880 8770 7451 
633 0 0 349 262 269 242 139 94 512 512 512 512 20 3563 3304 9254 4729 1257 8018 1367 7149 1842 9046 3368 4632 6307 449 1666 363 9601 499 2026 892 
634 0 94 262 262 269 242 139 249 423 512 512 512 19 7518 8085 9720 6189 7571 2030 7981 3659 3155 3818 2636 674 6584 9596 8589 2958 600 3881 9058 
635 0 94 423 262 269 242 139 249 512 512 512 512 20 4993 5903 7344 3945 6077 8086 3747 8681 2002 8923 534 5952 2891 7346 6758 5633 3099 4595 4221 863 
636 139 0 262 262 269 242 258 111 394 512 512 512 19 7150 2337 9311 2149 9041 5061 7191 9941 3320 1248 7108 1089 3212 115 4392 3976 9537 4947 7307 
637 139 0 394 262 269 242 258 111 512 512 512 512 20 9530 9102 1218 1023 8105 8916 7913 3602 9094 6041 9643 6216 8156 9824 4997 3442 1904 431 5098 9842 
638 139 111 262 262 269 242 258 249 416 512 512 512 20 5027 7889 4380 8195 6169 846 8804 8317 6213 1032 4477 2986 9022 5016 5338 9446 8987 6707 6498 9070 
639 139 111 416 262 269 242 258 249 512 512 512 512 20 4 6587 4058 162 5537 5575 3614 4191 6571 1685 3517 252 7699 2942 3469 4644 7790 5882 9374 4881 
640 0 249 0 0 0 0 128 373 122 250 262 231 19 538 1040 9118 5531 5126 418 866 2384 3497 2093 716 6767 1829 996 502 4086 768 1839 3689 
641 0 249 122 0 0 0 128 373 243 250 262 231 20 9762 4897 9197 6909 6022 3512 6238 5385 8079 4119 5624 6648 5487 753 7043 7411 9129 9921 574 3057 
642 0 373 0 0 0 0 128 512 101 250 262 231 19 8595 108 6807 9862 4422 8961 4484 9776 7683 7852 2294 3318 6241 983 8262 8083 2694 6819 9211 
643 0 373 101 0 0 0 128 512 243 250 262 231 20 5457 6042 9281 8266 6686 2344 5875 2350 3032 9343 7455 4928 3458 3189 1573 4666 8841 4156 3290 9505 
644 128 249 0 0 0 0 258 378 120 250 262 231 19 5808 8160 660 4847 434 2633 6276 566 5861 3509 4085 2740 4600 1437 1304 7212 9395 3498 3996 
645 128 249 120 0 0 0 258 378 243 250 262 231 20 6250 6681 2049 2820 7648 2959 6154 4529 1699 3889 7687 2034 3995 9936 4201 8628 2390 7928 96 6910 
646 128 378 0 0 0 0 258 512 125 250 262 231 19 6849 808 3397 7135 1133 6788 2052 4789 2464 7795 2572 2180 7910 9950 3885 3922 5423 5395 6858 
647 128 378 125 0 0 0 258 512 243 250 262 231 20 9486 7838 86 4463 7011 6694 1774 5261 9900 8519 9682 8914 3042 5928 6594 1942 5269 2501 8219 9963 
648 0 249 0 0 0 231 118 377 117 250 262 512 19 6035 1044 4830 7851 3075 4795 8417 1460 2071 6037 3639 4286 7788 1271 4103 3274 6217 2018 7573 
649 0 249 117 0 0 231 118 377 243 250 262 512 20 329 8598 1736 8302 2979 9997 8398 5431 3461 4144 1696 3503 1645 7732 8039 7377 8599 85 9112 3812 
650 0 377 0 0 0 231 118 512 125 250 262 512 19 6972 8379 3533 518 7340 4327 1113 5366 7642 9736 7727 1185 1571 9869 9361 5509 703 2852 8927 
651 0 377 125 0 0 231 118 512 243 250 262 512 20 7511 6148 27 8784 2282 8423 5347 5080 8129 4007 5721 3695 802 6672 6565 6222 9401 4208 8282 8773 
652 118 249 0 0 0 231 258 381 137 250 262 512 19 8365 7357 596 414 7259 1175 6087 6841 9925 1030 6944 9442 5154 7360 4974 8323 603 2812 8112 
653 118 249 137 0 0 231 258 381 243 250 262 512 20 5447 5840 2428 5764 4649 1131 7918 2193 5587 7685 9332 5392 6140 6432 4960 7814 937 4105 573 7145 
654 118 381 0 0 0 231 258 512 140 250 262 512 19 5905 5811 9215 3407 8945 545 3542 8819 3123 4643 2451 4251 3352 9423 7679 420 2147 7121 4013 
655 118 381 140 0 0 231 258 512 243 250 262 512 20 2017 4083 4233 2226 6877 3759 7318 4067 8902 1442 3473 6708 6454 1705 369 6693 206 2067 6052 4750 
656 0 249 0 0 262 0 131 374 141 250 512 225 19 8546 6867 8813 2577 4517 7653 3009 7837 2841 8909 1180 4607 2367 871 8374 4625 1576 2106 706 
657 0 249 141 0 262 0 131 374 243 250 512 225 20 5428 5748 9208 5317 841 7556 5968 9163 9956 9383 2114 51 1840 7500 2306 3010 5295 1970 6744 7236 
658 0 374 0 0 262 0 131 512 89 250 512 225 19 6626 3037 9536 3336 1421 5362 9408 3326 7937 7681 5404 3515 8294 6476 891 8972 5342 928 7931 
659 0 374 89 0 262 0 131 512 243 250 512 225 20 5339 325 7440 165 4172 9500 8959 8135 4924 7449 4487 8145 5237 8355 1846 9979 7187 2060 3470 8357 
660 131 249 0 0 262 0 258 393 93 250 512 225 19 8656 1328 7047 5700 9340 5376 8237 4699 7927 5125 4565 2939 584 4665 8510 2459 6429 1340 7167 
661 131 249 93 0 262 0 258 393 243 250 512 225 20 9044 1848 6415 5894 5 8726 3548 9260 1150 1347 3579 4746 1546 42 4835 4659 9312 1732 9732 2617 
662 131 393 0 0 262 0 258 512 91 250 512 225 19 9248 1181 6837 9137 5084 5393 2358 2429 2800 2279 4112 2513 6885 4692 7575 1906 8376 8341 4363 
663 131 393 91 0 262 0 258 512 243 250 512 225 20 7471 6440 7319 9276 5908 6468 9724 4552 1625 4811 2109 2401 36 6968 4530 181 5517 8063 3950 6117 
664 0 249 0 0 262 225 122 376 79 250 512 512 19 8884 7462 5963 8089 1741 6531 9701 9576 5783 2066 636 3130 4664 7439 1761 7356 5504 6339 8843 
665 0 249 79 0 262 225 122 376 243 250 512 512 20 2665 2483 6113 7051 3893 3285 7933 5973 6060 700 7738 4807 9538 100 5717 2210 7264 6088 4073 3284 
666 0 376 0 0 262 225 122 512 112 250 512 512 19 9264 7459 6447 3635 8549 8814 3343 2301 8890 5394 3957 9258 1517 3863 4386 3125 9263 1259 6656 
667 0 376 112 0 262 225 122 512 243 250 512 512 20 4399 3900 3873 1957 8642 4950 8292 6682 1973 5869 8667 3589 2690 7315 7585 1064 2059 8620 4234 1708 
668 122 249 0 0 262 225 258 391 119 250 512 512 19 2276 6908 7820 320 3340 2527 7172 4834 780 3391 3465 7778 2612 6114 2207 7497 1052 7948 8240 
669 122 249 119 0 262 225 258 391 243 250 512 512 20 121 5063 3088 7753 2322 3323 1249 906 265 4983 3135 228 150 3942 46 1822 4111 2001 5778 5671 
670 122 391 0 0 262 225 258 512 111 250 512 512 20 2884 2404 7712 192 7804 1199 4614 3185 2324 9221 2398 811 2765 6132 1557 9060 2584 8552 9730 8290 
671 122 391 111 0 262 225 258 512 243 250 512 512 20 594 1606 8047 6843 8066 7816 5791 9829 5527 8181 3119 6559 1072 4343 8231 63 2004 6574 4673 3716 
672 0 249 0 250 0 0 126 391 114 512 257 246 19 7279 1294 1389 9138 880 6762 9165 9375 1564 3390 7106 4110 6201 1105 8404 3748 1888 6643 7131 
673 0 249 114 250 0 0 126 391 243 512 257 246 20 533 5943 3825 9914 7457 2785 8311 4485 3384 8896 9787 5892 9232 793 2992 2293 5081 4712 7844 146 
674 0 391 0 250 0 0 126 512 113 512 257 246 19 6935 6303 5794 7703 6701 6428 6936 7911 9514 213 1283 1114 8558 8067 3016 105 1432 6918 8976 
675 0 391 113 250 0 0 126 512 243 512 257 246 20 4350 8993 3430 6879 1898 9658 4907 3951 4043 8991 383 8437 17 2786 430 4708 216 8167 9913 5714 
676 126 249 0 250 0 0 258 368 97 512 257 246 19 8635 2530 905 4127 6158 5378 4299 1395 9588 873 2410 7235 9975 3912 5432 2916 4391 6745 8289 
677 126 249 97 250 0 0 258 368 243 512 257 246 20 9792 56 7776 5039 8469 6883 991 3599 4421 1398 5993 1605 6319 2366 1196 3907 4751 8850 8100 4225 
678 126 368 0 250 0 0 258 512 117 512 257 246 19 7234 8053 3549 5387 3539 9752 2013 116 5769 3451 6772 5798 6800 5011 7320 9742 1135 6405 6431 
679 126 368 117 250 0 0 258 512 243 512 257 246 20 3800 311 3508 8143 1633 7509 236 4154 9686 1198 6765 7792 5492 7094 3762 5679 8898 7619 3897 3906 
680 0 249 0 250 0 246 125 393 78 512 257 512 19 6507 9790 227 1750 1634 3218 6079 486 714 4521 5375 6983 8854 7038 7662 3004 8775 7591 3192 
681 0 249 78 250 0 246 125 393 243 512 257 512 20 7926 1370 2187 7584 5915 6170 7372 7597 653 1372 5846 3660 4387 1561 5771 670 801 1255 276 2900 
682 0 393 0 250 0 246 125 512 126 512 257 512 19 1471 6233 8426 1636 7798 3774 6111 8834 1624 3703 8313 7855 5627 1330 4550 299 741 3000 9329 
683 0 393 126 250 0 246 125 512 243 512 257 512 20 5196 5121 9188 8090 295 7378 7127 7421 4479 7358 7017 493 6942 8750 8291 1491 1412 5718 7306 52 
684 125 249 0 250 0 246 258 352 91 512 257 512 19 243 6563 2940 2223 806 5981 4514 8781 5759 5967 3896 9864 8383 1851 2763 5691 2341 8808 5934 
685 125 249 91 250 0 246 258 352 243 512 257 512 20 139 622 5066 9181 6351 4031 8998 6187 421 3400 516 8239 1338 2828 8184 2543 1260 9003 5852 6958 
686 125 352 0 250 0 246 258 512 83 512 257 512 19 244 5522 2706 2316 6033 4369 4065 7228 6844 7718 8349 399 6279 2591 8299 9546 8069 6934 9122 
687 125 352 83 250 0 246 258 512 243 512 257 512 20 711 8078 4002 2542 8215 8982 5042 8630 149 9749 8445 7660 2232 8452 5288 7519 8682 5456 1280 3201 
688 0 249 0 250 257 0 127 372 114 512 512 245 19 1435 963 1783 8699 4159 4176 7100 7292 3678 1864 4098 1212 1742 3319 611 9238 5964 6651 4239 
689 0 249 114 250 257 0 127 372 243 512 512 245 20 4431 9288 1468 3082 6036 3144 7828 955 3366 3949 7312 4703 3836 3154 6313 7649 3244 6050 5749 5954 
690 0 372 0 250 257 0 127 512 99 512 512 245 19 1756 9290 7139 8453 6014 5609 4668 3657 8716 982 9858 9169 3560 1314 2361 2463 915 2055 7218 
691 0 372 99 250 257 0 127 512 243 512 512 245 20 952 9885 8647 6845 8543 3642 5684 6142 7431 4756 7394 5322 556 8177 9108 4336 4200 5319 7015 6660 
692 127 249 0 250 257 0 258 386 108 512 512 245 19 9822 1824 6443 1813 7031 2003 1182 9559 7099 2177 7655 5292 4542 334 8789 9168 5880 6093 5049 
693 127 249 108 250 257 0 258 386 243 512 512 245 20 5699 5129 9262 2554 5619 2638 2375 2190 7999 920 3333 1474 724 7900 2746 7741 6010 1978 3594 9630 
694 127 386 0 250 257 0 258 512 116 512 512 245 19 5164 7383 9884 4287 8392 9037 9131 4653 8220 202 9334 6539 7760 5425 7166 2933 2641 4806 1933 
695 127 386 116 250 257 0 258 512 243 512 512 245 20 5630 9694 5316 6679 1929 6174 2670 1635 9581 3956 1267 1575 3892 1562 6327 8424 3255 7880 887 9784 
696 0 249 0 250 257 245 114 376 136 512 512 512 19 9759 1115 5442 3484 569 187 9057 4270 5472 8533 7617 2512 5267 8752 903 6402 375 6028 6007 
697 0 249 136 250 257 245 114 376 243 512 512 512 20 238 9367 2215 158 5539 1162 4602 8196 3630 7964 9617 7553 6387 8108 4707 4472 7237 2181 285 4995 
698 0 376 0 250 257 245 114 512 99 512 512 512 19 8921 9760 4985 2157 9907 261 4325 4883 5255 8350 3998 3172 8023 2266 8665 7908 7541 7770 8391 
699 0 376 99 250 257 245 114 512 243 512 512 512 20 7677 6343 1725 70 7988 8244 781 2539 1549 9497 4593 328 7657 6642 7972 203 1773 1753 4937 6059 
700 114 249 0 250 257 245 258 362 100 512 512 512 19 2131 9317 4197 9139 7978 2918 7758 7058 5433 8571 5452 118 4904 7348 4273 7590 191 3723 7328 
701 114 249 100 250 257 245 258 362 243 512 512 512 20 6016 1039 3744 5093 8351 3132 74 3396 3214 7874 5893 5878 829 9916 1293 4045 4603 1214 8188 8284 
702 114 362 0 250 257 245 258 512 117 512 512 512 20 2357 7907 9676 5491 5361 3702 9186 4541 2414 7090 9555 7879 5416 1938 9552 7696 7155 6661 8809 9162 
703 114 362 117 250 257 245 258 512 243 512 512 512 20 4855 7860 2814 9707 2061 2967 850 7785 9861 4821 9077 9097 7528 5440 3604 3482 6261 6485 1496 3887 
704 0 249 243 0 0 0 123 365 342 253 245 243 19 8046 529 1084 3348 5868 4990 5502 6382 875 3627 7055 9267 2320 9159 5060 4582 3412 4862 5078 
705 0 249 342 0 0 0 123 365 512 253 245 243 20 5885 7104 3351 4757 7248 5816 1313 2047 5545 8222 3474 4605 2917 3021 9297 543 5695 7206 677 2792 
706 0 365 243 0 0 0 123 512 387 253 245 243 19 205 5417 2796 5464 7354 4591 6510 2644 8529 5298 5713 3526 760 4797 9831 5832 5572 3673 4345 
707 0 365 387 0 0 0 123 512 512 253 245 243 20 2608 5284 6298 2491 3098 1700 1051 6203 5696 1686 2309 1862 7958 3977 5277 7162 1954 7181 9020 6945 
708 123 249 243 0 0 0 258 374 370 253 245 243 19 9166 8062 1986 803 4779 4019 8216 3928 9187 8164 5647 8840 3872 9946 5580 9075 3712 5820 7314 
709 123 249 370 0 0 0 258 374 512 253 245 243 20 1011 5263 8955 797 1544 8837 4747 2171 9756 6721 7295 6785 6688 3621 8014 4837 445 3205 4243 4889 
710 123 374 243 0 0 0 258 512 363 253 245 243 19 1245 9341 9012 7291 5891 8992 3971 1485 4786 9634 2810 3007 3485 2493 7869 5186 1470 3946 5099 
711 123 374 363 0 0 0 258 512 512 253 245 243 20 4232 3359 4968 2773 3181 581 1711 2142 8484 8115 6379 7565 3675 6456 5142 1726 4733 9479 691 9010 
712 0 249 243 0 0 243 137 411 369 253 245 512 19 4979 6278 5383 9171 7929 6795 738 5243 4504 8713 5296 9688 6692 344 1671 5072 5069 7548 1500 
713 0 249 369 0 0 243 137 411 512 253 245 512 20 6842 2134 2656 7925 908 1565 5750 8235 3736 4917 1178 7116 8757 5418 8580 196 6301 7184 3096 8906 
714 0 411 243 0 0 243 137 512 370 253 245 512 19 3969 777 9372 554 5629 217 4025 9090 3375 6195 5763 1785 943 1642 5309 9406 3670 6725 6167 
715 0 411 370 0 0 243 137 512 512 253 245 512 20 4306 1729 8692 1499 2582 6243 6105 1467 7282 319 1207 60 2489 3124 7128 8651 698 5222 5245 5773 
716 137 249 243 0 0 243 258 382 346 253 245 512 19 7566 5211 2043 2174 5359 7615 6726 3026 8342 7708 8542 8644 6038 9697 4497 544 6365 757 3078 
717 137 249 346 0 0 243 258 382 512 253 245 512 20 2605 2253 2228 7301 9418 8763 3433 9030 8110 6416 9478 3625 7704 1223 1963 4499 1728 2399 9144 6669 
718 137 382 243 0 0 243 258 512 369 253 245 512 19 6251 99 1524 9603 4173 1809 9911 7375 8162 6622 3831 394 531 9035 9855 7059 8530 1130 6364 
719 137 382 369 0 0 243 258 512 512 253 245 512 20 5938 7347 3278 215 7495 5351 4508 1486 8506 7278 9116 5033 6424 4583 5941 9661 7338 5655 5605 422 
720 0 249 243 0 245 0 115 391 370 253 512 251 19 2430 4491 2652 4265 9672 9976 8425 5874 505 9029 294 9213 5470 4640 6391 7607 6223 403 9397 
721 0 249 370 0 245 0 115 391 512 253 512 251 20 7298 3034 5640 696 6907 7629 4366 9198 7362 3649 5390 972 8422 2132 5219 1145 6734 1071 9948 5529 
722 0 391 243 0 245 0 115 512 361 253 512 251 19 9814 5848 7942 4826 5124 5103 879 7595 3089 7791 4418 3048 8756 634 6923 3109 8722 7739 867 
723 0 391 361 0 245 0 115 512 512 253 512 251 20 12 7596 3074 7980 5437 9052 5936 8721 998 2023 2423 1749 1769 5094 5003 3386 5290 3941 6793 9871 
724 115 249 243 0 245 0 258 394 365 253 512 251 19 7955 5320 4289 1159 4478 9542 4268 1362 286 7857 3090 8131 8609 6272 7574 7840 1278 8087 6851 
725 115 249 365 0 245 0 258 394 512 253 512 251 20 8842 4592 335 2775 2162 3217 560 4104 9668 2550 4044 9468 5757 7943 9952 315 9203 8607 8655 4829 
726 115 394 243 0 245 0 258 512 359 253 512 251 19 2678 1033 266 6418 6069 2368 9174 9847 6592 7288 6326 4383 2521 6019 5097 2571 3272 7882 6971 
727 115 394 359 0 245 0 258 512 512 253 512 251 20 2203 8094 6308 5008 5234 2607 2201 4143 7221 8573 877 8685 7420 1937 4637 8432 7676 2615 7762 8780 
728 0 249 243 0 245 251 110 387 407 253 512 512 19 4182 3427 8223 2756 157 7998 6932 3077 9308 1631 546 773 6778 4190 6352 8132 8472 662 6850 
729 0 249 407 0 245 251 110 387 512 253 512 512 20 5467 2635 170 3610 4902 6993 8036 8360 6000 5753 4781 2284 6724 6984 6061 4468 5118 3952 7119 4278 
730 0 387 243 0 245 251 110 512 395 253 512 512 19 3767 3134 8829 5972 3658 6995 8527 2261 7706 5264 3247 8028 8640 9391 9890 9349 1083 9173 3350 
731 0 387 395 0 245 251 110 512 512 253 512 512 20 3462 1174 7646 7494 4359 3937 7570 1683 4940 5969 5632 6814 2354 7506 3671 4825 5622 701 2486 775 
732 110 249 243 0 245 251 258 379 367 253 512 512 19 5813 1734 1045 3982 6287 8852 3296 448 2960 3544 6703 5314 1880 2826 6581 6444 5557 3322 3781 
733 110 249 367 0 245 251 258 379 512 253 512 512 20 2286 8001 7245 8561 8690 7028 2200 5477 7485 3775 4587 8370 7887 8367 3126 767 815 1607 4260 9085 
734 110 379 243 0 245 251 258 512 392 253 512 512 20 3972 5829 6685 5826 1619 9713 1714 4556 4064 342 9577 34 3844 6406 6987 2682 7268 8187 5650 9226 
735 110 379 392 0 245 251 258 512 512 253 512 512 20 4037 3256 9933 2573 3985 1930 9394 5247 6718 2386 5535 8381 7850 602 2734 5729 128 3546 2378 2830 
736 0 249 243 253 0 0 122 371 357 512 270 228 19 4714 4683 4466 1123 1754 8435 1224 2407 2724 3506 4061 4930 2283 5822 7103 945 6072 1825 6583 
737 0 249 357 253 0 0 122 371 512 512 270 228 20 145 7992 1684 6576 267 2654 349 2664 2360 9432 4358 2048 5727 8051 1669 1925 3450 2381 6917 2088 
738 0 371 243 253 0 0 122 512 378 512 270 228 19 7192 3003 9981 6357 2310 2126 2735 5834 4493 5697 1542 4717 3939 2649 3180 3801 9063 1901 2954 
739 0 371 378 253 0 0 122 512 512 512 270 228 20 1165 8871 72 1447 782 6605 1993 271 4272 8221 5070 1284 4638 6157 4324 2458 5548 2062 886 1525 
740 122 249 243 253 0 0 258 421 383 512 270 228 19 7903 7271 4816 3015 9821 3056 5407 2514 9201 6332 1853 9612 8639 5720 7921 7515 3187 4093 3385 
741 122 249 383 253 0 0 258 421 512 512 270 228 20 6063 5983 4304 2999 4713 7724 9622 6906 9128 5552 4214 6073 9407 7054 5055 1285 6900 3472 2115 223 
742 122 421 243 253 0 0 258 512 395 512 270 228 19 5178 1983 5368 15 715 8863 2752 5484 9249 2771 924 2269 2911 1955 3776 5348 1871 9448 6009 
743 122 421 395 253 0 0 258 512 512 512 270 228 20 3838 9284 2355 5242 316 9687 1176 3410 1505 5944 5510 8778 4247 9806 2914 337 4446 5703 3379 2505 
744 0 249 243 253 0 228 126 367 392 512 270 512 19 8191 6103 151 2723 4531 5862 1830 6248 2538 3851 9517 4818 4230 1826 7089 4539 4341 9421 4406 
745 0 249 392 253 0 228 126 367 512 512 270 512 20 7474 2342 179 5032 6579 8910 837 7194 5207 8256 7567 5975 635 6296 2374 2693 357 9714 1858 4764 
746 0 367 243 253 0 228 126 512 360 512 270 512 19 8697 1679 4887 8765 580 6392 3808 3288 8518 796 6459 6803 3237 2123 6450 8103 5841 9145 8983 
747 0 367 360 253 0 228 126 512 512 512 270 512 20 8783 471 4338 3438 9482 9164 5594 3332 3734 3325 290 8614 8920 482 7715 3848 8010 2285 4102 2388 
748 126 249 243 253 0 228 258 391 389 512 270 512 19 1458 3738 2597 5514 6153 2220 1037 6026 3568 7309 8899 2202 6020 5047 655 1232 5324 6683 2552 
749 126 249 389 253 0 228 258 391 512 512 270 512 20 561 6412 7004 2033 7531 5445 7453 1603 5737 3321 9882 4157 7170 3017 9521 3641 1780 800 2666 497 
750 126 391 243 253 0 228 258 512 379 512 270 512 19 1776 6324 5578 8674 4408 7469 9733 8812 5777 5694 831 3434 3629 2526 7353 7370 2037 1022 633 
751 126 391 379 253 0 228 258 512 512 512 270 512 20 2719 5300 5642 9506 3504 8061 5519 9225 6227 9873 1104 1746 8672 1132 6938 2225 4378 2626 7848 8617 
752 0 249 243 253 270 0 130 356 382 512 512 240 19 2467 8566 2311 8371 8645 3633 4963 5074 3795 1016 4678 4313 7270 4079 142 7819 3421 6277 5195 
753 0 249 382 253 270 0 130 356 512 512 512 240 20 5441 6463 1717 3558 3817 8711 4875 340 8393 7965 1360 4919 2742 4516 9510 9101 4255 2040 259 3480 
754 0 356 243 253 270 0 130 512 355 512 512 240 19 7437 1579 3727 5105 2140 3148 8963 3919 4170 8043 9815 956 2438 8797 4016 4213 9770 7536 257 
755 0 356 355 253 270 0 130 512 512 512 512 240 20 4056 9849 6305 4222 515 1262 138 1103 4475 1539 4126 6462 90 4823 3136 5599 9611 1183 699 7529 
756 130 249 243 253 270 0 258 384 362 512 512 240 19 6442 474 3796 2178 5738 8893 9278 5525 7482 7640 8772 7359 1029 7691 9039 4152 3572 3867 2975 
757 130 249 362 253 270 0 258 384 512 512 512 240 20 5784 2488 1126 4799 6159 6863 7390 1080 3266 9389 2042 7754 6719 7382 8735 740 9135 2274 4012 1559 
758 130 384 243 253 270 0 258 512 381 512 512 240 19 6956 6242 4461 6522 7750 5023 464 5658 2212 6473 256 2704 7126 4626 7202 974 8764 7883 1599 
759 130 384 381 253 270 0 258 512 512 512 512 240 20 599 230 1301 2819 585 4774 4237 7195 809 3993 3263 1610 8133 1377 4015 7321 7725 6695 4072 7890 
760 0 249 243 253 270 240 138 377 361 512 512 512 19 7253 1784 9483 6494 2732 3213 6847 4509 8141 3471 709 8695 3276 6235 3012 4376 6821 4195 3478 
761 0 249 361 253 270 240 138 377 512 512 512 512 20 5241 7707 4279 4553 6411 1252 1655 7604 4198 293 2085 1028 6024 3737 7093 7845 8236 2213 517 8107 
762 0 377 243 253 270 240 138 512 388 512 512 512 19 9904 5450 3891 3479 5966 1000 9761 2089 2412 4323 3369 2808 4636 7952 6894 494 4397 8623 1527 
763 0 377 388 253 270 240 138 512 512 512 512 512 20 2898 9513 3398 3773 4005 6963 9641 8900 7308 7296 8002 8849 7747 7422 5971 3020 1560 9860 4647 9631 
764 138 249 243 253 270 240 258 358 383 512 512 512 19 4646 6150 3226 9270 8626 2997 333 2507 7621 5608 4000 425 1947 4609 28 5528 5724 8428 1698 
765 138 249 383 253 270 240 258 358 512 512 512 512 20 4691 5220 8606 4388 6975 3574 8731 2568 7242 5256 2425 1270 4125 9735 4612 4839 2984 1220 2965 6039 
766 138 358 243 253 270 240 258 512 376 512 512 512 20 7745 7742 5823 4573 4796 8806 5897 1227 1068 8835 222 4965 2275 1958 4365 2104 477 32 1013 8679 
767 138 358 376 253 270 240 258 512 512 512 512 512 20 3234 5711 9553 7220 7821 8823 9924 8276 7645 2373 5945 9853 9650 6761 470 6779 3932 1149 4240 944 
768 258 0 0 0 0 0 382 115 139 251 236 255 19 8590 2387 7079 628 942 6720 7280 4802 8120 3688 747 8459 8204 5238 4848 3777 779 2964 6346 
769 258 0 139 0 0 0 382 115 248 251 236 255 20 2695 1759 3835 9996 6065 2065 9476 5419 2548 5013 6161 8669 7113 1764 2082 8138 188 2687 7310 666 
770 258 115 0 0 0 0 382 256 138 251 236 255 19 4174 1229 5214 6333 8666 8479 1876 1637 6162 6475 3370 7624 3756 9501 2302 9985 7156 6479 964 
771 258 115 138 0 0 0 382 256 248 251 236 255 20 9279 3452 4561 9318 3532 8596 6143 8091 2549 3590 4710 20 5396 7503 9435 5800 9233 7909 3523 1520 
772 382 0 0 0 0 0 512 122 115 251 236 255 19 1065 2163 1697 9539 557 9934 1838 695 4256 2611 5687 8466 6737 4139 8687 1101 929 6122 4758 
773 382 0 115 0 0 0 512 122 248 251 236 255 20 1793 1107 9156 305 833 2936 789 1964 9292 588 3353 5533 9265 735 7737 1581 5521 8932 7542 6620 
774 382 122 0 0 0 0 512 256 126 251 236 255 19 1087 9120 3228 4892 7774 4185 284 4694 7311 2091 2909 1169 6915 9040 1948 3405 3895 1492 5302 
775 382 122 126 0 0 0 512 256 248 251 236 255 20 8175 7522 6717 1692 4385 3475 9257 8060 2864 5661 4348 2788 746 6477 6288 33 8924 3683 7337 2492 
776 258 0 0 0 0 255 371 142 122 251 236 512 19 1315 4745 9067 5041 7488 1385 4641 4448 8956 1014 8568 87 4257 3488 6 2833 326 7157 5613 
777 258 0 122 0 0 255 371 142 248 251 236 512 20 9064 8218 5888 9999 2798 3745 1828 5659 2985 4042 4899 4762 4831 1523 2948 9229 1998 1336 5961 1676 
778 258 142 0 0 0 255 371 256 96 251 236 512 19 338 1298 1541 2751 7456 4903 7986 8565 824 8864 6555 5136 4022 1350 6878 7374 8741 1060 9175 
779 258 142 96 0 0 255 371 256 248 251 236 512 20 8288 9683 6769 9523 2647 7768 6208 1286 5175 5625 2128 2855 9654 487 1195 6738 5515 3813 5719 8799 
780 371 0 0 0 0 255 512 145 118 251 236 512 19 7293 1264 6131 6262 6667 8861 2471 8683 5567 4116 2095 4314 186 6933 3457 1450 4140 5257 3681 
781 371 0 118 0 0 255 512 145 248 251 236 512 20 6871 6893 4689 7049 3601 3216 8662 4441 678 6750 3492 54 1302 969 1897 9117 4001 3221 1239 3466 
782 371 145 0 0 0 255 512 256 92 251 236 512 19 4720 763 525 4356 7102 6497 8232 5602 1111 973 9744 389 3329 4354 2579 5526 559 1563 4340 
783 371 145 92 0 0 255 512 256 248 251 236 512 20 7317 4805 4153 5283 7426 1027 3665 2598 3823 3645 3235 6702 122 4305 2659 2 6546 5161 8080 5127 
784 258 0 0 0 236 0 378 150 149 251 512 274 19 7199 8874 8121 234 6464 8613 8415 4931 88 8268 314 6366 6503 5228 4966 500 1835 40 6056 
785 258 0 149 0 236 0 378 150 248 251 512 274 20 9646 839 8168 9854 6809 524 5676 7849 3414 3308 5566 6300 7241 69 847 378 6492 9199 1378 6615 
786 258 150 0 0 236 0 378 256 127 251 512 274 19 913 9928 1374 8531 5459 2348 8485 101 1620 1931 5018 8363 5761 6414 9487 8953 5017 2479 5673 
787 258 150 127 0 236 0 378 256 248 251 512 274 20 1097 9219 1200 3280 9973 9779 7716 1752 4844 884 3987 3380 1905 6816 5649 5422 4709 2922 5825 893 
788 378 0 0 0 236 0 512 140 95 251 512 274 19 4322 428 7114 1662 6654 4288 8555 9926 435 9663 1201 22 8189 6599 8106 8802 3634 1428 253 
789 378 0 95 0 236 0 512 140 248 251 512 274 20 2079 836 3338 8493 5279 2024 7974 1672 1707 8646 8755 2263 190 8865 1096 7020 4724 6547 4697 2565 
790 378 140 0 0 236 0 512 256 86 251 512 274 19 6515 2941 5403 4661 2791 1002 8451 9359 9763 6370 7516 8507 4423 5401 4876 5150 7846 4586 81 
791 378 140 86 0 236 0 512 256 248 251 512 274 20 7994 4486 3970 9294 1469 2901 8124 2101 8449 7442 5926 2431 9557 8917 2774 2781 3419 8171 5253 5689 
792 258 0 0 0 236 274 374 143 118 251 512 512 19 2312 4084 7559 5530 194 4500 7247 1996 9396 361 1628 3069 2214 5886 9705 9051 5002 7 7920 
793 258 0 118 0 236 274 374 143 248 251 512 512 20 6221 6368 2776 8153 9625 1617 7713 7193 2913 2973 4734 5793 5677 5562 3789 970 9277 1364 7057 2072 
794 258 143 0 0 236 274 374 256 111 251 512 512 19 3335 1202 5987 367 9895 597 7552 6449 1689 1445 2578 9082 2903 8922 7067 4175 3289 9404 7577 
795 258 143 111 0 236 274 374 256 248 251 512 512 20 5184 9726 2639 927 9788 6886 6274 4513 9803 1305 2250 3064 6730 5083 44 4462 3974 5672 3915 6400 
796 374 0 0 0 236 274 512 138 116 251 512 512 19 6966 7862 4367 4976 8999 6292 9901 1503 3159 1024 5201 2345 9177 5160 5218 7391 8838 7414 6018 
797 374 0 116 0 236 274 512 138 248 251 512 512 20 6403 3530 5743 125 10 4569 6609 4518 3030 6396 6881 3499 49 9848 2862 2236 1991 5301 5449 2151 
798 374 138 0 0 236 274 512 256 147 251 512 512 20 3116 7406 2156 2744 2440 8536 7424 136 9989 9568 1981 9310 8888 8625 7749 8346 1719 7393 3440 8954 
799 374 138 147 0 236 274 512 256 248 251 512 512 20 9303 6286 8678 7371 8670 1779 6774 4700 152 4836 8271 3279 2603 4566 4133 1339 1976 6487 104 4041 
800 258 0 0 251 0 0 376 122 134 512 257 271 19 2198 8180 7486 4032 9561 343 4850 7129 6687 5546 2346 2000 9843 9877 5818 1902 461 8031 587 
801 258 0 134 251 0 0 376 122 248 512 257 271 20 6092 6040 7413 9768 9867 2835 4878 4512 665 6812 1612 7953 4428 7656 1091 783 8886 3905 5466 5847 
802 258 122 0 251 0 0 376 256 107 512 257 271 19 9193 7138 6624 625 1890 1895 6568 921 9055 865 708 3997 304 9942 8515 2332 8740 1903 279 
803 258 122 107 251 0 0 376 256 248 512 257 271 20 3753 9146 9014 7940 4957 1913 3415 5636 5965 2008 1900 4329 3730 9469 1272 9655 3804 3853 6825 345 
804 376 0 0 251 0 0 512 120 146 512 257 271 19 7632 6306 6668 9192 4068 4658 4027 1475 9021 3705 6530 563 986 6430 5365 4148 4394 7133 6461 
805 376 0 146 251 0 0 512 120 248 512 257 271 20 9923 5536 511 5191 1953 8142 173 5345 2592 1106 9032 4122 274 1156 4180 3131 1413 6348 7082 1393 
806 376 120 0 251 0 0 512 256 121 512 257 271 19 3731 5254 878 8619 5782 5909 7847 9757 9525 7534 7769 8990 4277 6514 2745 3661 8616 9127 1608 
807 376 120 121 251 0 0 512 256 248 512 257 271 20 6136 4316 3382 7214 371 5919 1066 3566 9143 7780 5789 3577 5056 8825 4932 4393 8033 8389 4298 9943 
808 258 0 0 251 0 271 388 137 134 512 257 512 19 3980 1141 366 5381 7476 2230 7717 9955 3164 5762 6649 7782 5285 1758 5451 9328 7800 6273 6585 
809 258 0 134 251 0 271 388 137 248 512 257 512 20 8125 7521 7012 7161 1768 8889 5266 7071 7463 1946 959 2702 5250 7493 4470 601 218 8413 6386 2465 
810 258 137 0 251 0 271 388 256 139 512 257 512 19 5824 7561 1585 8816 1943 985 7610 8632 4594 4726 652 3778 7484 5187 5682 4945 2371 1392 1343 
811 258 137 139 251 0 271 388 256 248 512 257 512 20 3265 8633 3394 4162 8230 6775 4264 4285 9380 7448 1595 2529 5910 3219 4038 8305 2219 9314 620 9151 
812 388 0 0 251 0 271 512 117 107 512 257 512 19 9589 3331 7701 6520 9573 5735 7499 4773 6099 5089 1059 4473 4890 1790 1088 282 4009 2434 8587 
813 388 0 107 251 0 271 512 117 248 512 257 512 20 4114 8885 9036 2842 8768 9002 1678 9464 5986 1771 9240 450 1691 4142 1368 2450 820 4648 1770 2475 
814 388 117 0 251 0 271 512 256 125 512 257 512 19 5812 7207 5354 1094 4464 9769 4652 9426 3780 2270 7169 3682 411 9420 8643 9977 50 5246 9379 
815 388 117 125 251 0 271 512 256 248 512 257 512 20 2994 5151 5157 423 467 8576 6714 3316 8420 77 9386 3883 8011 8584 2865 9607 1290 2637 1289 6637 
816 258 0 0 251 257 0 394 124 154 512 512 242 19 7363 7489 3524 9161 4494 8482 3758 8327 9516 9958 3666 2130 7140 7243 5162 3916 2809 6049 3815 
817 258 0 154 251 257 0 394 124 248 512 512 242 20 1236 6320 185 4330 2182 7502 4909 2218 410 939 8895 4898 5494 9886 2589 7368 3227 7902 6448 8766 
818 258 124 0 251 257 0 394 256 54 512 512 242 19 8603 3586 9119 1530 9202 6699 1701 607 2699 4654 1795 4052 3402 5863 8065 2817 1361 9990 8919 
819 258 124 54 251 257 0 394 256 248 512 512 242 20 8340 4236 4100 4339 7436 7899 6281 5282 9865 3538 3934 6452 2433 2928 3791 8652 3792 7204 8516 7936 
820 394 0 0 251 257 0 512 118 115 512 512 242 19 2974 4657 1237 9246 8473 3346 1299 458 7009 6941 9302 523 8058 5988 3570 743 8928 1639 3437 
821 394 0 115 251 257 0 512 118 248 512 512 242 20 9321 8252 3091 356 7896 5200 6260 6678 7397 795 7801 2881 6929 4349 4130 1652 251 7332 9140 346 
822 394 118 0 251 257 0 512 256 112 512 512 242 19 9080 3376 676 7688 7512 2256 5259 3623 3644 9072 6212 9937 931 9184 6996 582 1873 4194 2650 
823 394 118 112 251 257 0 512 256 248 512 512 242 20 862 3884 7409 7239 9200 5653 6741 1731 6857 6833 882 5912 7112 2036 5488 4495 8227 734 5053 6361 
824 258 0 0 251 257 242 364 122 107 512 512 512 19 4315 3923 3043 6048 9835 6029 29 8338 5244 306 2923 2596 7806 5819 2395 3324 8827 9560 6964 
825 258 0 107 251 257 242 364 122 248 512 512 512 20 2027 3869 5073 6407 2481 144 6759 7526 5386 6854 6347 7722 1439 9485 2469 8 7325 1009 4543 5100 
826 258 122 0 251 257 242 364 256 142 512 512 512 19 2882 2447 5542 9268 1704 7752 239 473 1327 8359 3315 1611 6604 5931 6631 7659 6505 3146 2692 
827 258 122 142 251 257 242 364 256 248 512 512 512 20 1489 9876 1827 9872 2442 9919 4395 43 6237 4814 2161 1638 3106 248 1578 97 2547 5188 2767 7668 
828 364 0 0 251 257 242 512 133 139 512 512 512 19 6700 2424 4379 9001 8322 7551 2832 4215 5149 283 4131 7919 5374 1433 3404 949 5260 1137 232 
829 364 0 139 251 257 242 512 133 248 512 512 512 20 8304 4859 661 9610 3507 8858 7222 5197 567 7930 7088 9775 2993 6284 3250 3013 6493 6496 2369 3612 
830 364 133 0 251 257 242 512 256 112 512 512 512 20 176 6771 1990 9974 3676 6472 1225 2240 9424 2129 9550 2574 6544 6323 324 3264 9618 3540 5356 7501 
831 364 133 112 251 257 242 512 256 248 512 512 512 20 5962 1184 5984 7606 6999 5844 5768 9006 8041 7912 9371 3527 1210 9230 8465 8463 8801 4271 1118 1887 
832 258 0 248 0 0 0 378 135 351 240 247 260 19 2831 8410 5927 2606 6178 3033 7599 109 4551 9337 3788 1718 6930 1050 400 5065 3654 3979 1529 
833 258 0 351 0 0 0 378 135 512 240 247 260 20 4982 3463 2520 1815 5591 565 2971 8176 3580 1537 2660 4106 5634 3587 7081 881 2628 6677 2504 2338 
834 258 135 248 0 0 0 378 256 394 240 247 260 19 7523 7417 5145 2472 9324 8968 1036 1077 4801 5990 6953 5746 9591 9427 7671 4525 2840 5388 7238 
835 258 135 394 0 0 0 378 256 512 240 247 260 20 9598 5481 2397 9619 4266 9786 1417 535 7148 4742 3910 3715 6490 7498 3022 1772 7829 9624 4869 7061 
836 378 0 248 0 0 0 512 145 366 240 247 260 19 6860 8113 4440 3147 9767 2725 5040 250 2046 6289 451 226 7445 5143 7579 8136 2983 3794 7396 
837 378 0 366 0 0 0 512 145 512 240 247 260 20 3700 6896 7905 300 5307 2623 9376 7281 3019 7766 210 8224 4078 3139 260 3295 398 671 6466 5436 
838 378 145 248 0 0 0 512 256 396 240 247 260 19 954 4663 4123 898 7533 13 2748 8396 4134 4604 3571 5468 9096 4914 3110 8202 5906 3206 4660 
839 378 145 396 0 0 0 512 256 512 240 247 260 20 3428 193 9132 6097 9593 9565 5712 1042 5180 5071 5641 5958 9074 6240 9005 4303 3537 8052 3552 1335 
840 258 0 248 0 0 260 398 115 371 240 247 512 19 2485 4954 5895 2382 2477 5336 6080 4877 5216 4978 645 1627 4728 1179 5372 4171 5942 3468 3882 
841 258 0 371 0 0 260 398 115 512 240 247 512 20 3083 8706 7705 8285 9195 526 2064 2943 586 1511 3908 8727 3259 6331 6612 576 9917 4138 4527 5230 
842 258 115 248 0 0 260 398 256 386 240 247 512 19 6031 4498 8659 4537 4150 9899 4994 6214 8401 377 759 7141 527 7866 3018 3293 3138 901 1821 
843 258 115 386 0 0 260 398 256 512 240 247 512 20 1143 5996 3861 2905 540 6495 135 1966 4777 8358 818 6927 3611 2614 7976 5405 2716 4411 1939 5524 
844 398 0 248 0 0 260 512 136 337 240 247 512 19 59 1090 3006 7873 8975 8040 3312 5274 6949 1493 5360 6004 3606 3031 111 727 5209 5991 429 
845 398 0 337 0 0 260 512 136 512 240 247 512 20 8664 6527 7205 9905 3238 4675 1043 2990 331 307 2470 3564 4389 5792 9639 7273 3065 4503 5399 6410 
846 398 136 248 0 0 260 512 256 377 240 247 512 19 6151 8903 7350 9384 6395 2966 5044 9237 19 4426 1300 5221 7136 7811 7244 6789 3550 4415 6638 
847 398 136 377 0 0 260 512 256 512 240 247 512 20 1584 3847 9474 1999 4775 9615 8467 7678 6388 2005 263 212 7581 1583 987 8257 962 3156 812 9239 
848 258 0 248 0 247 0 386 122 351 240 512 267 19 2443 5879 5922 7075 9443 1034 9902 8790 4613 5643 2173 9150 4483 1837 5358 2793 7612 9369 9637 
849 258 0 351 0 247 0 386 122 512 240 512 267 20 7008 2570 3742 3505 7178 1127 1889 7959 359 370 1425 4189 8868 200 224 5574 455 6253 1170 2516 
850 258 122 248 0 247 0 386 256 382 240 512 267 19 4146 1329 722 2420 551 5744 9178 9645 3150 1514 9231 6957 8308 3330 981 8737 6978 6359 728 
851 258 122 382 0 247 0 386 256 512 240 512 267 20 3955 4597 2581 948 164 8732 7962 8698 591 7153 6394 3770 9613 6925 3651 9419 9503 4589 5585 8997 
852 386 0 248 0 247 0 512 136 336 240 512 267 19 9819 9053 3849 9362 8702 7592 4522 7614 3628 1193 2249 2655 909 7152 5501 6550 5523 3811 6112 
853 386 0 336 0 247 0 512 136 512 240 512 267 20 1427 3531 6446 4490 7549 5198 1602 45 2135 2237 521 1354 4400 613 5870 9008 57 156 7023 7132 
854 386 136 248 0 247 0 512 256 393 240 512 267 19 8444 9409 4622 8818 5088 7472 2111 6015 1007 9216 1429 7836 7483 1865 6317 4868 6419 3303 9018 
855 386 136 393 0 247 0 512 256 512 240 512 267 20 5668 1650 8403 835 7859 211 5683 6106 1246 308 9245 9031 130 381 3036 4293 2238 1317 8822 7540 
856 258 0 248 0 247 267 377 104 326 240 512 512 19 6309 2408 2870 3875 2669 1 8310 5725 8696 3757 8951 6768 9417 5323 4333 9940 132 8791 2154 
857 258 0 326 0 247 267 377 104 512 240 512 512 20 7480 5959 9972 4212 2856 2553 9319 7232 2924 143 8700 6887 7364 2011 2097 7941 7808 667 8348 7651 
858 258 104 248 0 247 267 377 256 374 240 512 512 19 2753 233 3920 5709 5873 7151 6091 8980 4006 8826 7334 6916 7871 4420 5076 8513 3494 2872 7286 
859 258 104 374 0 247 267 377 256 512 240 512 512 20 2446 6948 5900 4160 7250 432 5554 496 1151 6676 7025 5896 536 9709 8362 3095 6979 5923 6046 5621 
860 377 0 248 0 247 267 512 137 399 240 512 512 19 4396 2648 9653 4481 7085 3692 3028 8440 8521 8629 5833 6607 761 4326 5028 5612 9492 3784 9870 
861 377 0 399 0 247 267 512 137 512 240 512 512 20 1409 9721 2323 9667 9320 1882 1282 7027 7117 7046 2063 7355 3204 1807 9111 6271 5558 2839 4972 4771 
862 377 137 248 0 247 267 512 256 375 240 512 512 20 5115 9810 9868 2953 1424 7322 4624 5226 479 5576 3958 6270 876 9017 6269 3117 8249 5730 6330 9255 
863 377 137 375 0 247 267 512 256 512 240 512 512 20 171 2363 5132 1355 8273 1977 2413 3929 1261 3424 3797 9889 8111 7077 7608 7376 8193 1240 4739 2653 
864 258 0 248 240 0 0 392 137 330 512 247 262 19 8242 4690 1438 392 460 5379 8918 76 9402 2946 5223 9013 6205 3643 3409 2084 694 229 8618 
865 258 0 330 240 0 0 392 137 512 512 247 262 20 7290 5054 9416 4949 6360 2631 2846 8212 2113 1035 2054 2356 3584 2907 8786 1406 752 5887 201 7217 
866 258 137 248 240 0 0 392 256 386 512 247 262 19 6120 4003 6027 2714 3874 2789 6912 195 8263 3820 3768 107 9212 9649 6991 8538 2945 3617 4864 
867 258 137 386 240 0 0 392 256 512 512 247 262 20 6338 6491 8441 66 5856 7056 9898 5163 6728 507 8123 4344 2321 3399 6543 8525 9205 6538 1920 3704 
868 392 0 248 240 0 0 512 131 370 512 247 262 19 6674 5603 4368 7693 5122 7895 93 386 4882 7638 501 9461 2336 4540 9558 140 6340 5797 2308 
869 392 0 370 240 0 0 512 131 512 512 247 262 20 9413 3327 6509 9414 7680 6671 659 7226 8875 1206 7352 4049 9875 1709 382 7891 385 7812 5064 2845 
870 392 131 248 240 0 0 512 256 368 512 247 262 19 6006 6481 3207 4706 6856 1659 8684 2426 8905 5871 6763 2731 4245 4749 7441 4207 3886 3752 4824 
871 392 131 368 240 0 0 512 256 512 512 247 262 20 4029 3652 3251 9370 83 2681 6163 9734 8915 4107 6525 8882 7443 9466 3115 1053 5212 9578 8155 4935 
872 258 0 248 240 0 262 376 117 363 512 247 512 19 9190 8948 5171 9967 1833 4519 6145 6384 7598 9484 6067 6872 2910 992 562 6186 1203 3613 1190 
873 258 0 363 240 0 262 376 117 512 512 247 512 20 8042 7033 1296 4526 2272 2456 5014 6614 8186 8537 7842 6118 3425 6071 5453 9124 3983 8295 7466 4815 
874 258 117 248 240 0 262 376 256 370 512 247 512 19 2365 1348 1403 416 7021 9982 9019 686 2148 9616 4842 5112 8474 7856 1461 6657 6982 4879 5169 
875 258 117 370 240 0 262 376 256 512 512 247 512 20 2677 2675 8429 9142 1481 480 3967 3647 9635 3637 6831 9494 3044 9515 989 852 1852 5690 1478 4080 
876 376 0 248 240 0 262 512 147 396 512 247 512 19 8064 3994 268 5946 8946 4794 9652 4730 8337 3467 9823 9620 2403 2604 8661 9412 1767 2016 9459 
877 376 0 396 240 0 262 512 147 512 512 247 512 20 9381 754 4089 5914 7465 4701 6937 8586 8637 7030 1859 8126 8448 5688 4361 9327 1688 2620 874 3711 
878 376 147 248 240 0 262 512 256 352 512 247 512 19 4585 3988 3578 900 2118 6165 1453 8128 4282 7385 9930 2503 4987 6455 575 1411 3133 9583 1960 
879 376 147 352 240 0 262 512 256 512 512 247 512 20 5408 8611 6813 4181 3680 6100 1651 6911 1720 6663 7807 4203 4677 3273 7395 4244 1482 6593 2217 1274 
880 258 0 248 240 247 0 375 122 372 512 512 251 19 5715 2594 7865 7159 9681 9496 7971 616 8719 6541 4113 7504 4568 504 2195 384 2168 7944 9700 
881 258 0 372 240 247 0 375 122 512 512 512 251 20 932 4097 994 528 7557 9712 3236 7877 8070 3782 8211 2726 4927 4447 3246 6199 2050 5380 6116 91 
882 258 122 248 240 247 0 375 256 382 512 512 251 19 6051 1345 7367 9345 5012 8512 5202 3694 539 6502 2893 9473 4808 4705 1379 4886 7475 278 6090 
883 258 122 382 240 247 0 375 256 512 512 512 251 20 2780 1109 6898 4374 5131 589 7381 297 8345 3449 3161 5476 7991 8930 925 2476 4124 5153 5397 7091 
884 375 0 248 240 247 0 512 152 347 512 512 251 19 6548 1018 4275 9038 8833 1366 3501 9896 1359 3760 3640 6976 8526 9274 1216 6109 7122 8805 9183 
885 375 0 347 240 247 0 512 152 512 512 512 251 20 7096 7326 3392 2851 7867 2280 7429 4953 9949 1872 8050 5229 6135 1153 391 2189 5315 7786 8082 9719 
886 375 152 248 240 247 0 512 256 374 512 512 251 19 8660 5363 6952 3151 9813 4977 3349 4184 6474 67 4627 918 1623 9856 570 3121 4296 3209 953 
887 375 152 374 240 247 0 512 256 512 512 512 251 20 2858 9368 3225 8511 1358 6554 2117 3118 6066 2770 9839 9330 6504 2688 6777 2755 6043 832 5239 272 
888 258 0 248 240 247 251 384 113 417 512 512 512 19 9298 7723 7803 7797 5547 7427 9504 5438 8307 5628 2749 4763 6951 8800 4682 9033 4246 1816 4457 
889 258 0 417 240 247 251 384 113 512 512 512 512 20 2155 9569 1934 1513 1396 168 5430 4547 9084 5814 9827 2137 8487 7252 5843 1881 1158 3841 4667 7158 
890 258 113 248 240 247 251 384 256 361 512 512 512 19 8464 5370 5741 4896 8528 3857 9194 8869 1528 5091 5352 4617 330 6950 9364 4248 2394 5057 5670 
891 258 113 361 240 247 251 384 256 512 512 512 512 20 2560 7554 2422 1896 8209 2968 1112 3420 9703 7118 9586 8375 5795 2222 7105 6197 6321 3162 7775 5806 
892 384 0 248 240 247 251 512 143 399 512 512 512 19 657 6441 6752 5907 2021 7898 1923 9980 8029 6435 9781 4051 9405 6078 78 4253 6922 8579 717 
893 384 0 399 240 247 251 512 143 512 512 512 512 20 940 4429 6673 899 1735 2007 7809 246 8343 9339 8615 7702 4923 9673 4196 3522 1154 5443 9259 407 
894 384 143 248 240 247 251 512 256 395 512 512 512 20 9228 1472 1598 1516 4382 3626 503 2288 9693 3802 6558 1324 8165 137 612 2409 8600 1056 9746 9520 
895 384 143 395 240 247 251 512 256 512 512 512 512 20 2078 7586 9964 8386 3168 1538 6873 2319 5710 8703 9078 3520 3079 6709 7897 5508 4752 1251 8913 8748 
896 258 256 0 0 0 0 374 376 161 245 242 235 19 2689 506 5593 3163 2912 1046 9499 9507 5009 6830 4053 3605 6921 9463 8550 3367 2991 4218 4598 
897 258 256 161 0 0 0 374 376 254 245 242 235 20 5471 9050 8657 684 9280 95 7826 354 8517 1213 804 4645 2035 1275 5420 393 3516 1365 9535 1501 
898 258 376 0 0 0 0 374 512 132 245 242 235 19 4224 1586 7832 2685 5275 5166 2227 7789 9817 5758 1814 4944 5584 5293 9723 8325 9531 4838 8324 
899 258 376 132 0 0 0 374 512 254 245 242 235 20 1567 484 9282 3211 4791 5540 2576 8857 733 9250 3355 7329 3865 1307 2107 8190 3277 9718 5203 8369 
900 374 256 0 0 0 0 512 388 134 245 242 235 19 790 2811 6630 5327 6985 2779 7993 2821 4334 61 3839 6236 7616 4984 327 5790 7002 7602 8523 
901 374 256 134 0 0 0 512 388 254 245 242 235 20 3948 5828 9130 7095 7714 2405 4651 4849 8003 5706 2417 9425 2041 1860 2904 2601 7761 2300 8309 4276 
902 374 388 0 0 0 0 512 512 146 245 242 235 19 2100 9481 405 7007 1464 9385 7342 1383 5767 6316 2260 639 2255 8183 1291 5460 2906 5276 2351 
903 374 388 146 0 0 0 512 512 254 245 242 235 20 3840 3360 1334 8862 6566 7080 8265 7818 7583 1015 242 7868 5845 7269 2528 2164 4845 254 126 669 
904 258 256 0 0 0 235 360 361 131 245 242 512 19 6083 4183 3454 3403 3959 2522 8943 7277 9780 4063 4050 6556 6264 2674 8048 3027 3448 4576 7935 
905 258 256 131 0 0 235 360 361 254 245 242 512 20 6234 9748 8830 9522 4770 2962 5037 8312 8394 8622 8904 4511 8319 6662 225 5077 9104 495 6011 1950 
906 258 361 0 0 0 235 360 512 104 245 242 512 19 6970 5328 680 4211 8718 6499 3160 4137 6421 2836 6690 861 347 6207 2432 9852 124 1885 1870 
907 258 361 104 0 0 235 360 512 254 245 242 512 20 291 68 8035 8407 629 3309 112 8532 2233 6710 23 844 9992 2888 1459 476 6085 485 3582 3152 
908 360 256 0 0 0 235 512 364 128 245 242 512 19 1189 8594 2188 1356 9879 8248 8201 8157 3785 8332 6194 5205 2627 3307 6128 6125 7881 5939 9185 
909 360 256 128 0 0 235 512 364 254 245 242 512 20 6862 1479 5827 8593 6817 5424 4269 8970 7418 7275 9477 7524 4761 3600 5159 1488 4161 8621 7076 3388 
910 360 364 0 0 0 235 512 512 113 245 242 512 19 7487 453 4425 8878 9729 3281 2015 8742 4579 4921 5406 9236 2478 1668 9179 2506 3313 6802 6344 
911 360 364 113 0 0 235 512 512 254 245 242 512 20 5977 1724 9533 1451 117 7593 6561 7146 6404 4753 6641 8931 9092 5194 2268 4964 690 4101 888 4128 
912 258 256 0 0 242 0 382 393 131 245 512 258 19 8205 8077 9348 532 7934 5429 4577 5413 5087 2849 3253 8287 6589 4147 9910 9134 2531 8577 3374 
913 258 256 131 0 242 0 382 393 254 245 512 258 20 6200 5439 4901 7813 5999 6068 9034 9089 9807 8030 2208 2761 742 2138 9743 1191 6228 9234 1737 3301 
914 258 393 0 0 242 0 382 512 145 245 512 258 19 5176 7973 8037 5075 6337 2972 355 3696 4970 7154 6644 8450 5716 1408 4092 4094 9495 9356 1418 
915 258 393 145 0 242 0 382 512 254 245 512 258 20 7537 4803 4364 8000 1073 1922 3416 2159 3814 1466 8728 3483 3672 771 7700 4413 2701 1509 3803 1866 
916 382 256 0 0 242 0 512 379 133 245 512 258 19 7538 8671 6172 4783 1566 3749 5598 8524 397 9323 8908 5933 8892 4679 1215 6314 3927 8068 1687 
917 382 256 133 0 242 0 512 379 254 245 512 258 20 5475 1038 5680 1310 4827 7398 1911 7330 7389 5728 1522 5303 3567 3431 4082 5291 5747 6437 4401 8860 
918 382 379 0 0 242 0 512 512 121 245 512 258 19 3888 2952 9007 1908 7633 1273 2224 5867 5781 8418 9826 5085 4151 3918 8127 5204 8688 7734 1265 
919 382 379 121 0 242 0 512 512 254 245 512 258 20 3829 1591 9671 2743 4635 1836 4988 1069 1972 5272 7062 1436 48 1057 1680 6126 79 5167 3111 8974 
920 258 256 0 0 242 258 383 388 152 245 512 512 19 8140 5665 1441 756 2009 5571 6791 902 4435 9794 2877 2247 1841 1076 2370 5995 7029 6283 5294 
921 258 256 152 0 242 258 383 388 254 245 512 512 20 273 626 7176 8792 7060 3528 6855 6398 7265 3222 2051 2937 2580 8217 6526 7305 2563 336 313 807 
922 258 388 0 0 242 258 383 512 90 245 512 512 19 692 7349 6218 7164 9027 3257 5842 1868 4696 710 7225 762 4873 7037 5701 9805 9816 7736 1548 
923 258 388 90 0 242 258 383 512 254 245 512 512 20 8597 6247 469 9690 6981 7386 5702 1877 8729 4536 8986 8929 5199 3862 3142 2537 7572 183 4711 2686 
924 383 256 0 0 242 258 512 359 139 245 512 512 19 2668 9428 2569 6055 7654 5595 7179 5648 7894 889 5092 1849 2439 3975 6562 8246 9158 5532 6773 
925 383 256 139 0 242 258 512 359 254 245 512 512 20 3038 7185 784 9737 4785 8648 131 7514 9968 376 1498 1820 7478 5135 2435 3372 8845 9095 8855 8569 
926 383 359 0 0 242 258 512 512 157 245 512 512 20 8881 4578 2315 9580 5183 4046 31 1914 7605 7665 6859 2559 6967 4199 4335 5412 9434 7182 2523 3593 
927 383 359 157 0 242 258 512 512 254 245 512 512 20 5273 6422 6961 6636 6665 9398 7603 2258 2239 8710 997 658 82 7578 1277 9908 4843 4695 5271 8859 
928 258 256 0 245 0 0 396 379 115 512 265 253 19 1949 4167 6919 3708 1476 3554 8015 6003 7589 8749 1643 9295 3196 4819 4090 8624 9028 1008 9126 
929 258 256 115 245 0 0 396 379 254 512 265 253 20 7336 339 9431 8446 5156 6557 5287 9633 1102 7667 968 9777 3195 6137 3691 7628 1146 6652 7765 7772 
930 258 379 0 245 0 0 396 512 102 512 265 253 19 2326 1875 9121 3129 6742 4492 9125 4081 6123 5398 7177 8964 548 1874 4693 5278 2289 5026 2643 
931 258 379 102 245 0 0 396 512 254 512 265 253 20 9180 5707 7404 2562 1962 3294 7388 5872 2961 4991 9883 9978 8334 9069 2518 9659 1630 8283 7052 1892 
932 396 256 0 245 0 0 512 382 88 512 265 253 19 9828 6245 2461 1388 8097 1656 8796 4033 764 643 5389 8009 4311 1120 2712 9025 9410 1763 6640 
933 396 256 88 245 0 0 512 382 254 512 265 253 20 8744 1663 8481 2379 6820 4891 5774 3588 3101 4249 6084 9840 2970 5656 9549 5929 3822 9518 9509 7101 
934 396 382 0 245 0 0 512 512 126 512 265 253 19 3871 7470 6796 4229 7639 4727 7083 9893 5280 2541 1070 5148 4735 9252 6076 6573 5355 8578 9083 
935 396 382 126 245 0 0 512 512 254 512 265 253 20 6977 7304 456 4853 9009 2915 2296 3039 5463 5505 5104 5831 6723 1415 3679 6608 7425 488 2908 5881 
936 258 256 0 245 0 253 387 405 159 512 265 512 19 3269 3543 2583 5158 2760 5685 5482 7313 1402 572 6533 8782 3911 5462 3105 3953 110 9224 9832 
937 258 256 159 245 0 253 387 405 254 512 265 512 20 7186 9795 184 4841 6519 870 7345 8967 459 8203 3518 2500 4939 1744 6943 9554 7637 2480 5050 2857 
938 258 405 0 245 0 253 387 512 96 512 265 512 19 134 6500 9403 3174 7580 1919 7078 8225 3616 103 1344 8380 7190 672 8762 4054 9315 6990 7316 
939 258 405 96 245 0 253 387 512 254 512 265 512 20 4417 1078 6342 3408 5772 1812 5165 3 6670 4975 9220 2868 6480 1777 7084 9614 2816 530 489 7956 
940 387 256 0 245 0 253 512 387 119 512 265 512 19 3981 368 6782 8962 7125 2170 4809 8264 713 7872 3619 6899 5297 3519 3636 8605 1787 9959 1086 
941 387 256 119 245 0 253 512 387 254 512 265 512 20 6224 2160 8007 1288 2658 6146 1382 1332 5573 6263 7163 1119 1390 1452 6328 8488 6511 3534 8144 4655 
942 387 387 0 245 0 253 512 512 126 512 265 512 19 3241 1854 7932 6567 5904 5232 2672 6823 8228 2339 5498 1570 2738 2555 2045 1594 6417 3615 4628 
943 387 387 126 245 0 253 512 512 254 512 265 512 20 6901 916 650 4507 8753 3806 3081 2086 9147 3223 8795 4121 9566 2185 5506 8151 4141 4674 7134 8654 
944 258 256 0 245 265 0 403 368 141 512 512 245 19 6806 379 4075 1867 6255 7684 2406 3686 8114 5631 6127 2494 9154 5637 1899 8471 1391 6211 6770 
945 258 256 141 245 265 0 403 368 254 512 512 245 20 9467 3936 2264 7783 4416 5616 9599 9331 8344 6974 6790 2103 8412 258 1597 2197 6691 8353 9490 6684 
946 258 368 0 245 265 0 403 512 105 512 512 245 19 7916 2385 5461 6267 8583 7982 3493 7853 2825 4342 9086 8638 4332 6818 7379 8901 1510 8712 9347 
947 258 368 105 245 265 0 403 512 254 512 512 245 20 9107 4515 6946 9706 5626 2452 980 2944 1230 3763 3229 163 9091 8416 6385 7904 9429 8281 8734 7387 
948 403 256 0 245 265 0 512 370 122 512 512 245 19 5426 8761 6215 869 3890 7142 5755 2509 9665 8045 8434 2265 4936 933 9354 6870 4405 5992 9106 
949 403 256 122 245 265 0 512 370 254 512 512 245 20 4874 9662 3097 9585 5038 9081 7045 5173 9071 1079 5367 6739 6799 8938 2010 4662 5804 14 4252 4488 
950 403 370 0 245 265 0 512 512 77 512 512 245 19 1647 4419 3931 823 401 4817 5146 5458 4259 1194 6107 301 7479 2782 6545 8093 2673 5745 2098 
951 403 370 77 245 265 0 512 512 254 512 512 245 20 3864 9141 1547 4769 9114 7510 8704 7109 2871 957 2935 2076 7609 813 5343 7188 1543 1426 1306 520 
952 258 256 0 245 265 245 366 375 128 512 512 512 19 8455 9543 3190 2199 7256 7546 4906 2252 6119 9741 2899 5185 5866 8498 2661 3496 9299 6408 9357 
953 258 256 128 245 265 245 366 375 254 512 512 512 20 1116 9079 975 4630 7839 1675 8723 3035 4731 8612 8636 976 1855 207 6781 8508 1702 4715 2343 2295 
954 258 375 0 245 265 245 366 512 96 512 512 512 19 6413 438 9378 5344 5555 3805 8130 6082 6864 1025 6534 1308 2335 3701 8548 8074 8182 3735 9564 
955 258 375 96 245 265 245 366 512 254 512 512 512 20 1508 7160 1187 8260 2120 1483 3025 4820 4362 1473 8969 5733 6675 9640 7830 5030 6797 426 353 4132 
956 366 256 0 245 265 245 512 377 101 512 512 512 19 9253 8088 8456 2866 433 1569 2721 7450 9644 167 894 4861 7444 9338 7946 5325 2416 3963 8720 
957 366 256 101 245 265 245 512 377 254 512 512 512 20 3786 6380 5144 2859 180 231 8965 6518 2720 2730 2586 2640 1010 8911 3943 9841 3103 7709 9965 352 
958 366 377 0 245 265 245 512 512 138 512 512 512 20 3262 1021 4998 4402 8278 7068 7069 123 3104 5349 3337 4129 4434 3960 1878 590 9830 2557 755 1003 
959 366 377 138 245 265 245 512 512 254 512 512 512 20 8321 848 9765 5854 9273 2834 7695 1144 6528 4599 3173 446 7401 630 3685 6249 3622 5034 8102 8776 
960 258 256 254 0 0 0 371 373 379 262 245 259 19 6582 8213 9313 7180 1085 159 8971 2561 1532 606 9209 8192 6931 9172 1221 7635 1604 5565 2519 
961 258 256 379 0 0 0 371 373 512 262 245 259 20 7938 5326 9675 7560 935 1128 8200 9657 9475 5586 5270 2277 7627 7748 8443 6516 6254 5708 8771 1173 
962 258 373 254 0 0 0 371 512 402 262 245 259 19 1384 2895 707 4228 1804 4681 8361 7013 9061 5570 5644 7098 6397 1363 6423 946 1521 8556 39 
963 258 373 402 0 0 0 371 512 512 262 245 259 20 6617 7835 1369 7960 8978 3141 2902 5667 5839 3243 5029 374 2545 2883 6902 5306 4554 2167 5651 4502 
964 371 256 254 0 0 0 512 394 386 262 245 259 19 8005 3765 1325 4120 1778 457 6086 4562 3772 3826 3055 3275 1927 9283 5877 5740 965 4290 4722 
965 371 256 386 0 0 0 512 394 512 262 245 259 20 9793 6401 4580 490 8339 9773 4047 5606 310 553 6634 2707 4442 3938 5889 6329 3254 6553 9271 5350 
966 371 394 254 0 0 0 512 512 375 262 245 259 19 4871 4467 120 6101 7044 8730 1519 1622 2737 2683 2934 3112 6875 1244 155 5364 4760 7664 8286 
967 371 394 375 0 0 0 512 512 512 262 245 259 20 3553 9608 9804 3287 2073 668 6183 9602 3973 38 6955 7670 9346 6239 5666 6822 5454 4938 8134 7661 
968 258 256 254 0 0 259 383 379 365 262 245 512 19 5248 4375 7276 6184 3618 7115 6058 5776 7520 4455 350 720 214 2191 1157 3092 4718 6210 4496 
969 258 256 365 0 0 259 383 379 512 262 245 512 20 7817 3122 4884 3664 8701 2894 593 1762 6282 9235 9983 5120 7674 2012 8017 4452 3476 5021 8880 9820 
970 258 379 254 0 0 259 383 512 355 262 245 512 19 5664 7197 3300 255 732 737 6524 6202 8694 7024 6002 9133 7906 6798 5726 9540 5082 8514 4812 
971 258 379 355 0 0 259 383 512 512 262 245 512 20 6794 6134 8301 7947 2206 3866 8851 5974 7634 7287 2613 269 3358 3113 318 6190 5137 2824 1311 2454 
972 383 256 254 0 0 259 512 358 372 262 245 512 19 7698 9758 7260 6489 3830 5177 9285 7219 7006 3208 9016 8388 858 5805 4581 6783 3406 5836 9918 
973 383 256 372 0 0 259 512 358 512 262 245 512 20 1166 9991 1893 208 834 4548 5902 5000 3108 1005 3085 3193 4813 5930 3999 3631 1192 2762 7399 8475 
974 383 358 254 0 0 259 512 512 357 262 245 512 19 5588 219 8563 7423 3011 4274 6389 7323 6075 6438 247 8689 2815 9043 5956 2949 3282 2325 9669 
975 383 358 357 0 0 259 512 512 512 262 245 512 20 153 5815 1168 4377 1142 7527 2298 8158 4062 1723 2241 6748 7373 7294 6646 9223 3992 3880 41 2304 
976 258 256 254 0 245 0 387 383 381 262 512 252 19 5225 4192 7841 1376 8912 4723 7460 3283 6225 2158 6586 281 9441 9725 6350 8104 2927 6865 2383 
977 258 256 381 0 245 0 387 383 512 262 512 252 20 2334 2448 364 5947 177 8559 1380 8057 8788 2496 549 1353 5473 98 2314 5669 6874 3220 9024 6713 
978 258 383 254 0 245 0 387 512 396 262 512 252 19 6369 3487 9789 7870 6903 5583 1371 6171 2696 6138 8146 8743 7496 8214 5918 6191 3809 3317 8315 
979 258 383 396 0 245 0 387 512 512 262 512 252 20 3054 2462 8081 6345 7438 7777 5312 3157 1992 8172 579 6108 2108 9570 9951 4454 4986 6268 7168 2139 
980 387 256 254 0 245 0 512 374 363 262 512 252 19 2133 5434 1062 6891 7987 9444 64 5035 3094 9218 4716 5179 8044 8454 4117 8846 2427 7174 7327 
981 387 256 363 0 245 0 512 374 512 262 512 252 20 6564 8582 1781 4885 3721 6094 6409 1673 8653 8084 8867 6156 1988 971 689 7246 9545 2482 8774 6139 
982 387 374 254 0 245 0 512 512 368 262 512 252 19 8560 2757 7223 2977 9363 4436 75 2783 5859 2014 172 5110 1405 415 3149 3002 4193 961 2886 
983 387 374 368 0 245 0 512 512 512 262 512 252 20 1217 7672 6513 9307 89 8303 9388 1574 6689 6947 289 189 5414 3231 9696 4069 1533 6032 3413 9571 
984 258 256 254 0 245 252 380 382 365 262 512 512 19 2497 3298 3363 5577 5341 2077 7731 6517 8907 4443 4155 9438 9680 3377 7864 1506 9109 1589 8534 
985 258 256 365 0 245 252 380 382 512 262 512 512 20 3930 598 6376 7710 2402 8604 2587 2328 9023 2867 7299 4280 9684 8539 9642 8022 3947 5058 9838 9969 
986 258 382 254 0 245 252 380 512 361 262 512 512 19 4186 5739 842 3909 5994 6354 9306 3443 5117 8988 5638 3393 6664 2818 3446 8505 3068 4913 621 
987 258 382 361 0 245 252 380 512 512 262 512 512 20 519 3925 2634 1321 2599 7970 3210 2602 2890 2733 1531 9766 739 1794 2075 6155 4685 1894 4258 3058 
988 380 256 254 0 245 252 512 378 399 262 512 512 19 1075 6133 6089 4639 6542 8366 5215 6743 3460 7843 221 3050 9430 6096 8574 2515 4149 1410 8496 
989 380 256 399 0 245 252 512 378 512 262 512 512 20 5346 9960 941 6458 9987 4535 2784 2411 7796 4929 3040 8879 7208 3898 4231 9584 7339 2081 6992 9066 
990 380 378 254 0 245 252 512 512 374 262 512 512 20 6152 5779 4187 675 8745 4373 624 9287 4135 4980 7324 2556 1247 3347 6265 1792 4670 8494 5883 919 
991 380 378 374 0 245 252 512 512 512 262 512 512 20 8715 2490 5036 7333 6318 6834 3354 5635 2327 1443 4856 3357 6478 6852 8316 4412 4210 9352 5499 5490 
992 258 256 254 262 0 0 388 387 382 512 249 255 19 6147 7622 1743 6457 7954 7726 197 4136 9099 3575 6764 5989 6229 380 6705 6939 7508 8148 8460 
993 258 256 382 262 0 0 388 387 512 512 249 255 20 7257 5803 6578 2920 4059 2534 7858 6149 1674 4398 1817 8520 7922 6904 9390 1944 8318 4555 9365 9953 
994 258 387 254 262 0 0 388 512 373 512 249 255 19 2957 4833 816 1309 8794 8602 3429 7230 7564 6508 8234 8251 649 3940 6997 3387 9915 2705 1649 
995 258 387 373 262 0 0 388 512 512 512 249 255 20 3710 7886 6715 1148 9073 8250 6054 3445 5111 4453 8269 7402 5192 2349 9544 6698 2517 4489 6792 9400 
996 388 256 254 262 0 0 512 374 346 512 249 255 19 9648 6784 2058 3924 868 1333 5663 2110 1177 2947 9632 4021 6164 3655 1552 617 745 9243 8588 
997 388 256 346 262 0 0 512 374 512 512 249 255 20 8306 7144 3495 8385 4888 7171 7647 6439 1886 3591 4469 6632 4202 5116 7963 8092 1921 2393 1811 3120 
998 388 374 254 262 0 0 512 512 384 512 249 255 19 8320 9740 9455 7014 2144 3751 4320 148 5518 8116 8567 4414 2829 977 9678 7491 9529 437 1556 
999 388 374 384 262 0 0 512 512 512 512 249 255 20 2248 5005 9457 8373 4596 1006 9351 3669 5152 4623 2184 2988 348 1751 7618 3459 8941 4857 419 8950 
1000 258 256 254 262 0 255 386 377 378 512 249 512 19 6629 9927 7805 2299 5662 7757 642 8995 9493 6994 7143 3687 3529 1121 3240 1342 7539 8839 483 
1001 258 256 378 262 0 255 386 377 512 512 249 512 20 930 3607 1502 3456 2887 6098 1407 6053 885 8483 4424 1593 6716 8832 3921 1694 2380 5141 1706 1845 
1002 258 377 254 262 0 255 386 512 375 512 249 512 19 4445 3646 6426 2642 365 3314 4145 1997 6889 1279 2632 9660 4532 296 7763 4028 6470 5233 2532 
1003 258 377 375 262 0 255 386 512 512 512 249 512 20 5147 9170 390 855 2457 6535 3720 7543 8680 6523 6349 9059 2787 9944 5705 1677 3868 3598 4177 5015 
1004 386 256 254 262 0 255 512 384 395 512 249 512 19 147 5802 1980 6753 712 9920 1093 5020 4545 614 5249 8226 1375 6601 8545 1722 8499 9751 3726 
1005 386 256 395 262 0 255 512 384 512 512 249 512 20 8072 5421 3603 979 2257 7110 9692 2885 9480 3422 4370 2989 3267 9207 1995 1449 396 2391 4337 2863 
1006 386 384 254 262 0 255 512 512 344 512 249 512 19 2684 2616 3733 1959 3547 2850 5046 9797 2083 3411 3233 5810 1316 4926 1171 3904 6639 7189 3292 
1007 386 384 344 262 0 255 512 512 512 512 249 512 20 3585 4209 4725 6244 1989 9572 4989 9433 3502 8501 240 440 5786 5788 550 6196 3073 6989 5623 7825 
1008 258 256 254 262 249 0 379 387 389 512 512 257 19 4915 3046 1616 1163 1572 4870 2739 317 3990 5299 6786 1667 6838 2392 7173 5592 5265 8259 5849 
1009 258 256 389 262 249 0 379 387 512 512 512 257 20 1961 3514 9512 1049 1211 7915 1136 1497 648 9269 3481 2070 1122 8206 7767 4071 9939 1646 2087 6711 
1010 258 387 254 262 249 0 379 512 351 512 512 257 19 6121 2297 9897 4407 5402 8803 2400 154 2340 1058 9954 3137 3707 5004 8957 8709 3837 2421 8038 
1011 258 387 351 262 249 0 379 512 512 512 512 257 20 4444 9623 8298 3418 6252 1917 8233 1387 2039 990 1197 3798 6175 1715 3224 7779 7284 8581 6115 8431 
1012 379 256 254 262 249 0 512 393 364 512 512 257 19 2540 8419 262 6890 3903 2629 2827 9689 1555 7669 6290 3525 3230 1745 2564 4010 2889 8787 5940 
1013 379 256 364 262 249 0 512 393 512 512 512 257 20 4459 2535 3741 8330 6302 1818 7003 750 2092 4505 6840 1504 749 6001 7283 9727 3070 8940 0 1588 
1014 379 393 254 262 249 0 512 512 399 512 512 257 19 6180 3053 9626 4558 4017 4546 3423 5353 7824 1269 1400 7711 7555 9508 372 8828 3432 3063 9627 
1015 379 393 399 262 249 0 512 512 512 512 512 257 20 8163 4227 8952 1526 4804 2121 4008 9811 373 810 805 7035 6880 2930 3128 8497 406 8300 770 9764 
1016 258 256 254 262 249 257 374 372 368 512 512 512 19 8243 2307 3845 7823 5400 4520 7892 5140 2352 9961 7587 3198 4261 9296 6291 2028 8966 2029 7547 
1017 258 256 368 262 249 257 374 372 512 512 512 512 20 4166 568 687 1074 856 6209 5980 5589 8159 8958 819 7454 6766 5600 7979 402 7558 2879 7939 3828 
1018 258 372 254 262 249 257 374 512 347 512 512 512 19 2551 3709 2415 8738 5561 3334 5170 1967 1349 5948 1629 8592 5817 3268 2044 7092 7233 514 7261 
1019 258 372 347 262 249 257 374 512 512 512 512 512 20 1092 9210 9551 5321 769 7107 3453 6913 4895 4798 6836 9167 8478 3260 3171 8436 5495 1303 2419 3486 
1020 374 256 254 262 249 257 512 414 354 512 512 512 19 9785 1292 1320 9458 7720 9739 5860 9947 4908 7771 904 3656 7631 3667 1098 3286 4800 1843 6577 
1021 374 256 354 262 249 257 512 414 512 512 512 512 20 5564 4738 7601 3381 4292 2313 4918 2822 9149 8194 5513 1577 2105 1266 7582 3417 4744 4793 8397 2291 
1022 374 414 254 262 249 257 512 512 355 512 512 512 20 6588 7594 627 3722 7544 3500 3080 1188 7297 2759 3913 4449 5560 4672 3592 1661 6610 9437 6666 1258 
1023 374 414 355 262 249 257 512 512 512 512 512 512 20 2747 7175 8981 35 3362 9574 6655 1535 6659 9227 9450 3962 9451 6471 1208 3706 7815 5101 4951 3541 
