64
64 0 0 0 0 0 14 31 32 31 33 93 1434 3114 5399 1387 5207 1414 5159 1813 1228 3024 3725 5304 3722 1031 2263 3234 1912 5029 40 5196 4736 2608 4265 5796 5034 3382 762 1860 419 2730 3160 1719 4656 804 1724 5017 1929 5365 912 4550 3539 2354 4953 3712 4672 3268 5706 221 517 1043 3314 5882 3833 1919 1389 1198 3760 3 3042 1852 4843 4078 4208 4345 2858 5202 5953 5417 692 2479 3377 796 5039 975 1079 3714 3302 3236 2849 671 2401 3752 1010 2426 3496 5694 5231 5412 3050 5378 2726 3387 3261 
65 14 0 0 0 0 31 31 32 31 33 94 1162 4206 4387 531 136 2665 743 1518 4293 5316 3693 5144 2250 3202 5189 5393 2723 4441 206 355 3061 5781 220 1664 3440 5273 4562 1092 2788 99 2243 1401 3363 4454 3443 2766 3093 2224 160 1084 4648 2767 3616 462 859 3718 1663 4313 2512 2029 3020 4194 61 3499 4235 4209 293 5512 2552 1601 4122 2820 1289 4505 2485 775 1511 5114 5123 373 31 1746 2787 1918 3068 558 2191 242 5888 1095 4409 2854 4244 1942 4338 2605 2743 1564 4690 2582 5341 2270 3838 628 
66 0 0 0 0 33 15 31 32 31 80 94 5584 1697 2679 5932 630 4873 2751 481 4642 4339 1573 2102 596 3175 2802 999 4613 5475 4691 5892 5096 1990 5476 3058 4638 5946 880 5716 5148 4376 736 731 2752 2753 699 2269 4522 4493 697 2262 2795 3813 1219 5431 1590 2545 3480 2135 4191 2829 5814 834 2933 413 5471 2861 676 2389 2189 5404 5699 2574 356 2750 495 5473 424 4262 4579 4471 2585 1510 3651 5906 2765 3985 4697 669 4574 5256 3568 3185 312 3270 2136 3124 1823 5091 1409 5326 496 5260 3774 3334 
67 15 0 0 0 33 31 31 32 31 80 94 1603 1467 1883 2603 233 4416 1088 3149 1427 129 3574 1517 3191 1009 4983 636 4970 5823 2388 22 5315 3235 1646 3424 2845 4060 3818 1393 3753 3451 941 1678 1543 1273 1508 171 3492 3826 436 1657 3639 4182 1000 1940 1956 3479 560 1003 3894 2914 219 403 2920 1996 5761 805 5599 5784 660 4097 1582 4341 2128 2775 3316 883 2929 830 2105 2576 3643 3834 1199 2975 3655 1957 3715 4132 5799 1226 5092 3391 1272 5961 2461 2079 3541 4786 2821 1045 5077 2619 2686 716 
68 0 0 0 31 0 14 31 32 80 29 93 930 2536 2304 47 5410 1076 1665 3879 2012 385 3170 1899 2171 1259 2880 2069 2885 2508 5080 2363 3757 3523 1087 5413 2133 4589 1372 4622 5764 1527 2803 2317 2580 3543 2149 2280 2340 5406 3596 3179 855 2894 1668 2757 2084 5975 4292 518 4295 1682 88 5465 314 3435 3657 5870 3681 4662 1379 2082 4972 4240 4730 178 2826 329 3028 4495 9 718 798 4596 2977 3727 4185 5094 3742 1763 1279 231 3819 4567 4401 657 4197 2185 4192 4327 5578 812 5031 3796 4492 
69 14 0 0 31 0 31 31 32 80 29 94 1944 3233 3889 1021 4651 4038 5698 112 5222 1565 2801 2528 3591 3953 3788 2424 5727 1802 777 4798 2445 842 2520 3534 3807 1474 3764 3364 3982 4485 3556 93 2130 5542 5505 4592 38 5230 2965 3615 1482 5807 5186 4402 1857 2343 888 354 2298 3004 1606 1731 2840 5739 2335 5867 6 1662 4771 5826 2232 4066 4787 2868 3339 2284 1894 227 4706 5792 2337 4643 792 2293 3920 449 691 367 4650 1585 4986 5103 3899 2911 51 5217 4779 5889 2539 857 2435 2117 1396 2810 
70 0 0 0 31 29 15 31 32 80 80 94 663 1171 825 2949 5298 3272 3954 1128 3931 4419 3864 2774 4791 4748 1776 5342 3204 4941 4939 1288 4770 2620 3551 4949 1496 4674 473 1549 1920 4916 3429 1945 4813 904 2312 3471 5166 1812 4124 2052 2851 959 487 4234 4389 3504 4681 4805 154 3039 87 5457 4978 5430 4057 1314 876 3353 5010 567 26 5462 2506 550 2393 2586 3670 4058 4764 5112 2406 3870 317 2252 1394 2125 2995 2384 1373 2268 4820 4226 2731 3733 194 4815 5241 426 3404 5785 2003 2015 3508 5494 
71 15 0 0 31 29 31 31 32 80 80 94 3965 2913 218 694 957 5285 3400 4150 2220 3312 4229 1915 8 4898 2090 5049 1113 5506 2587 2832 337 2746 5321 1855 2060 4909 1382 4561 4640 5496 4688 4854 640 2430 4350 3407 948 2305 2937 3293 4009 410 48 2348 257 3968 68 4717 1834 1675 3515 1666 4131 2048 5628 2376 3189 2739 949 1324 1877 4328 2644 272 2732 2159 3106 414 5239 5979 2467 974 3129 4506 5089 3688 541 4725 5723 946 2736 4790 1674 2982 4283 3206 4450 5651 4267 4993 2562 649 2831 2823 
72 0 0 32 0 0 14 31 80 32 30 93 5225 1109 4012 3046 595 4018 1274 3100 5464 2118 3710 5452 281 4667 5439 730 2648 5610 1615 2415 3646 3791 3696 2622 1418 488 3671 3454 1967 2673 78 646 4297 1659 528 3367 4096 1134 900 4429 588 3384 1721 2996 1548 2889 4547 2992 1439 3666 1807 174 2864 5780 5333 3699 1443 903 5394 2061 2395 401 5470 1322 5594 1006 1712 3026 166 5670 2054 3507 311 4308 1703 4934 2228 5755 1680 5129 5579 1472 1436 2446 5735 5205 4422 1154 2839 3706 52 2946 5502 
73 14 0 32 0 0 31 31 80 32 30 94 1862 2050 1329 3890 5157 4746 2565 4090 4135 5762 3032 2007 2452 779 2841 1761 4155 3592 2601 5805 2843 3087 3525 3231 3047 4901 1170 163 5006 4342 1454 1718 2893 1888 5679 4218 56 4099 5642 4157 2260 5652 3837 3048 3740 3201 867 2026 4230 738 953 1375 133 1067 2394 5529 2979 3679 5105 4019 1535 4069 3905 1636 1694 3509 4284 5561 95 405 5016 3559 5913 2575 4634 4188 3943 681 1553 497 3609 961 2901 3828 4189 1115 4903 3608 3601 1354 3307 3955 3274 5608 
74 0 0 32 0 30 14 31 80 32 80 94 1132 1673 4473 1979 2814 577 1900 4154 5927 5718 180 3866 1882 584 3199 450 3119 5453 1696 4490 4669 97 3108 884 1759 5058 416 1057 5248 11 4443 392 505 5314 2274 4958 3663 4320 27 1256 4913 865 1736 1871 5791 913 960 2034 2556 2595 2994 4219 4530 3732 3652 4646 3896 2344 3127 1473 2809 1785 599 4733 1621 153 3956 590 5748 770 3607 3778 4273 4713 971 4221 2912 4254 511 5924 1858 2530 2040 1503 2897 633 5106 1377 977 623 1835 3963 5390 396 
75 14 0 32 0 30 31 31 80 32 80 94 1486 1989 3354 2465 597 4335 2818 5577 2964 4357 776 2717 2799 914 188 1489 2855 2707 4003 3248 1974 5689 4462 2257 670 2878 1808 2755 3370 1194 5549 2522 936 2371 2963 2568 1833 637 5486 1351 1464 2008 944 1017 5773 5415 521 4861 2513 4840 1777 3398 4022 4747 827 1293 1619 2983 186 5434 5964 5637 1605 4512 5605 1742 4828 5790 1400 2862 3885 100 4483 66 5418 5040 2617 1451 1331 5438 5426 4804 5721 4301 622 1771 1459 3526 427 510 5145 1839 1002 398 
76 0 0 32 32 0 14 31 80 80 28 93 3090 735 5710 3430 1815 2230 3970 5300 4217 5375 4486 5804 3474 1266 2210 3811 5188 5585 5820 5631 5477 125 3685 5330 866 593 4899 4754 3926 290 3401 4989 1349 2418 151 1816 4881 4232 2961 1616 1007 4160 445 4436 5884 1891 5634 721 790 3536 2172 2597 4227 2402 3209 2689 1898 4020 1332 2974 5846 5811 5665 2668 4181 2837 2997 2503 3993 4178 2786 2213 159 4504 1560 2458 325 5891 757 226 4635 4673 3729 3702 130 2700 4857 2721 4605 2377 315 3590 2093 
77 14 0 32 32 0 31 31 80 80 28 94 3470 5249 4980 2740 1873 4985 891 5874 5770 1676 3130 1504 5557 3513 2066 838 207 123 1385 5 277 1598 2381 3144 543 2083 4027 5574 5348 3244 4785 1868 5667 740 3154 268 3264 576 5093 3832 209 2472 2338 1514 4526 4541 5001 1647 727 3490 5521 4624 4686 4792 320 3458 3167 2915 391 261 4549 4151 5931 5311 1416 4500 4767 1562 981 2137 197 3012 1178 5290 3486 4823 4533 4976 2208 2207 1488 3664 5075 507 5117 1794 1174 2397 4243 382 5660 5752 1516 709 
78 0 0 32 32 28 14 31 80 80 80 94 2437 397 801 3512 5934 4430 3414 4079 5407 184 5247 2543 5794 1581 2682 2287 222 2432 388 5386 4636 4496 4875 1631 5079 3638 2065 1906 5777 3465 3795 4448 2292 4130 2647 877 3661 2968 3266 2032 3731 3533 4604 328 2981 5125 365 2685 4738 2063 4710 2152 2690 3930 1182 3845 3612 1557 5822 1987 3016 1302 4307 3419 3098 5817 3975 674 5463 4703 5440 5974 744 5219 141 5914 3919 1624 3137 4289 4822 321 1388 4143 4660 2092 5828 4665 2702 684 5937 2524 1959 1166 
79 14 0 32 32 28 31 31 80 80 80 94 390 3297 3775 4532 5238 5286 1744 5353 5546 5682 5783 1955 3350 5576 5708 5692 2187 4649 1583 3446 5045 4119 4610 4117 1524 5141 4884 3205 5140 3096 1362 639 1014 4213 2970 4165 2374 5208 1513 2494 747 1348 4783 2869 1231 4572 229 5776 3463 4654 1214 119 5845 4753 2561 1444 4615 5736 370 3380 1399 4915 5284 2718 2030 2734 2658 4456 4072 1117 4266 5789 5003 2163 4176 3849 5270 4867 3452 4137 3872 689 5536 13 3640 1203 1904 4595 5524 672 5110 5271 2018 5793 
80 0 31 0 0 0 14 80 33 31 33 93 2618 4647 3532 3554 1187 3141 3531 3352 5498 3447 4029 2373 4225 741 2667 5323 4718 587 856 5019 2031 5067 2782 4205 3338 2253 111 1038 4675 1998 5425 1848 5082 4468 3676 1053 4866 2697 2630 3900 4319 2314 3934 3736 5957 4216 2453 1790 1168 3560 425 5223 3246 580 1592 4997 5703 3598 2654 2519 4954 3783 4175 3984 3295 4745 4923 3444 3800 1612 2164 4593 2129 2024 3397 4076 2828 3177 139 190 5949 5734 3457 3207 5283 5898 1804 3520 1138 2945 1405 4937 3449 
81 14 31 0 0 0 31 80 33 31 33 94 2439 143 533 4511 5677 3195 1104 3762 1574 4709 3484 335 2720 1195 4174 5387 4047 2238 5026 5135 529 21 2546 983 266 4555 708 5175 5100 1705 4362 5788 5279 4067 5582 5640 210 3227 409 2148 3962 2833 138 1931 3459 1248 4623 715 1245 4992 1977 4774 4212 2227 3251 1505 3346 3436 4539 3658 3786 4438 4164 1030 5139 5041 1533 5839 4817 1561 3941 4169 2416 3216 3092 5215 137 165 4061 3247 2165 5137 1356 2518 2794 380 897 4282 4501 1218 5294 3498 5152 1395 
82 0 31 0 0 33 15 80 33 31 80 94 2624 5317 4241 4556 2570 2951 5035 5345 5168 2602 5046 4951 3232 3010 4514 4902 1577 3989 4054 4631 2088 4386 1390 81 2196 4329 4658 2549 3063 5467 3915 4856 67 4255 1225 704 418 3390 5778 5328 600 4554 997 3109 5616 1 2308 4594 4582 1410 4193 952 819 2887 3323 1975 968 307 2291 347 2427 1090 3056 3146 4488 882 578 3816 1238 5815 1108 1142 199 1066 1363 3228 255 1655 2592 5629 34 5598 3043 2772 3529 1350 3461 991 4305 3957 366 5903 1811 3009 
83 15 31 0 0 33 31 80 33 31 80 94 3166 2661 444 608 4927 216 1768 1094 3777 3115 294 5669 5554 1596 986 5966 4749 537 836 3565 4563 4030 2502 2239 3237 4310 4086 5962 4938 1295 1973 4140 2626 527 2680 3583 3157 344 4129 1507 1870 2434 5596 2754 1677 3595 485 4149 4802 2300 5654 4846 1232 2550 5444 4842 2062 703 5758 1745 802 4925 2641 1717 2495 4158 3603 4426 3337 5666 3250 5138 644 2273 3249 4926 2973 2225 4591 1818 3214 4013 15 292 4876 3229 4133 2109 3990 1156 696 1614 5550 1283 
84 0 31 0 31 0 17 80 33 80 33 93 72 817 336 1558 651 4487 4957 3747 2636 2368 150 1490 1821 1153 3037 5265 475 5986 1336 733 5601 1280 205 2600 2139 3876 4606 1085 5991 990 3174 182 5904 1907 2372 1879 642 2078 1786 1311 4005 2871 5111 4797 5101 1344 1737 937 5587 3462 454 437 1747 569 951 5678 5401 2703 4452 3362 5869 3997 2863 2677 284 5943 4566 4982 4223 4931 3239 5194 3460 3653 5485 5099 1889 384 4326 24 417 2425 4852 1803 916 2379 5500 4385 690 3117 3503 3315 3766 
85 17 31 0 31 0 31 80 33 80 33 94 585 5620 1597 1725 4196 4180 3361 1106 5600 5036 5604 4100 3959 3542 4552 520 2714 108 3850 4581 5841 1922 4172 5180 2240 4756 73 1150 1321 5567 5385 2481 1097 2154 264 5369 920 4573 5356 37 1756 2375 126 4094 3422 3072 4214 4145 5719 3290 1837 5731 685 1886 5495 2358 4732 346 933 235 5488 4560 5433 5119 18 4343 2544 774 3855 1892 3305 1209 1805 4300 3776 5657 1246 4700 1946 4311 4887 5998 5255 3904 4077 4064 4277 4026 1909 146 5259 3717 3949 5824 
86 0 31 0 31 33 16 80 33 80 80 94 2939 652 4166 5187 557 5305 4946 4084 4103 3692 1036 2181 1948 2022 5280 4632 3208 3780 1512 5347 606 5392 2126 4528 2567 829 3730 748 3183 589 909 4472 3765 3737 2382 5493 4368 3916 2663 3991 1326 2447 5714 5396 2716 3569 46 3933 2347 1103 5320 4286 1135 3694 3322 4629 1875 2572 3074 5522 1538 839 565 1412 5200 5901 3969 4302 2261 4525 1820 1566 1733 2899 1119 5033 430 3678 4863 486 739 553 1447 5214 1932 283 3914 3719 5262 1658 5922 5447 3193 1754 
87 16 31 0 31 33 31 80 33 80 80 94 2687 4712 3874 3007 2932 2666 4784 2470 3851 3123 2683 568 5995 1253 1426 935 1398 3070 2186 988 5661 4896 105 2068 5483 3644 5573 287 5941 76 2727 992 5352 536 3393 5372 1708 1602 1163 4396 2764 4367 4177 4125 4260 3450 3082 5376 1999 1308 1685 5853 3301 3944 5118 2830 1149 489 1284 4580 2895 1121 1667 1406 764 340 1782 5977 387 5757 5686 3648 5491 5713 3877 1706 532 3827 472 1196 2742 3946 1702 3378 5779 3505 4102 613 5267 3873 1313 3814 269 2514 
88 0 31 33 0 0 18 80 80 29 34 93 4056 1318 2606 203 459 821 1743 224 5641 5916 1604 357 1417 2792 995 2075 5772 3545 1431 5730 1531 3882 659 4814 2904 103 480 535 755 5575 3389 3075 298 5128 3697 3641 4092 643 3630 3145 3152 3116 2972 722 763 1853 519 303 1360 412 5798 2722 5960 562 2612 5351 1016 5548 1952 1254 5893 1780 5861 1519 5907 2421 4755 3798 439 4025 621 2725 5324 3518 4575 525 4093 4874 5025 2073 4825 1949 2020 984 851 969 2009 780 2412 1327 4035 2119 211 
89 18 31 33 0 0 31 80 80 29 34 94 5388 2286 5863 4340 2457 655 232 3019 5011 940 619 2028 3567 2107 3476 1613 1781 4250 3128 2664 5849 4142 5513 3792 3937 4113 996 4727 3221 3686 4309 815 467 2960 1968 3439 2209 4280 381 5875 1836 1237 5532 5448 551 342 1255 3579 185 844 3647 5074 5560 2976 5802 3745 5043 5468 2404 1783 783 4704 5050 262 106 5984 3345 1177 1062 5151 4363 612 4220 2822 5590 5054 5873 3977 7 5591 4087 3162 4520 627 2039 1691 4210 5860 3761 1206 1335 5897 3932 5818 
90 0 31 33 0 34 17 80 80 29 80 94 1309 3892 2835 2535 5655 2874 1328 5250 1492 3952 4446 3388 2777 4433 4431 4004 2709 1423 2993 1502 4824 5704 3433 479 3911 4001 2770 3929 664 5297 1433 3549 263 4998 5559 1671 3273 3062 3631 1809 83 5518 769 3810 2962 2733 5563 1027 2877 2523 2487 5959 2013 20 4577 1851 5136 583 5480 2383 5862 4608 3938 3324 1301 3014 5124 5687 1049 5134 5519 1872 1830 3357 5122 2564 5581 2496 3978 1586 1530 276 4588 5005 3000 3138 3581 3803 522 204 5278 1607 3860 1995 
91 17 31 33 0 34 31 80 80 29 80 94 4617 3180 3052 1699 4359 4518 4246 5170 408 675 157 5612 4475 3002 2922 3906 215 4161 3120 4641 4186 5595 1591 2070 5146 5109 4663 2813 2798 4259 5183 1357 1661 4961 1227 29 686 2796 3099 5361 2450 4006 270 4726 4373 523 2938 2403 5268 4679 406 3856 2756 4354 4540 5623 2650 3517 2175 1175 1767 5900 4089 383 5216 5436 620 4971 28 3716 3668 5722 1169 4775 2671 4294 1926 4614 2235 3041 202 4106 3815 492 864 863 1732 3971 4256 2557 2778 816 4440 3304 
92 0 31 33 29 0 16 80 80 80 30 93 4795 5534 1494 5940 5917 429 32 2438 5747 4276 3328 371 2579 1277 5218 2744 1683 2790 2103 3610 2984 3238 1903 2459 750 1762 1688 1953 152 3478 2800 2806 4128 5235 2114 2659 918 698 1437 915 3285 4862 5836 4699 3501 5044 1792 1172 5497 3649 1739 5158 1986 5456 94 2456 1849 2271 400 3546 122 4408 2533 4889 5970 5876 5107 1650 4777 5956 91 5004 1411 1924 2002 5768 260 254 5325 3939 614 2872 976 2386 3225 5243 4442 2476 5580 5053 5726 1874 2953 
93 16 31 33 29 0 31 80 80 80 30 94 5163 2905 464 3514 3280 1165 2584 3045 1419 5197 3192 4702 1690 5349 3013 2815 3994 2846 1281 4834 3804 1111 5606 2655 2241 2860 3711 1236 602 3895 2607 5446 547 2478 5309 5078 1755 45 3164 394 1463 1323 4195 2781 2071 1740 1033 1985 725 23 4179 2141 2288 5234 217 1644 4607 2892 4661 2488 5020 1424 4878 5566 75 1091 256 1148 3563 654 113 1850 3113 1895 3213 5340 3271 2385 5057 3437 3680 2907 4509 2087 322 2433 5209 4853 4831 4711 2101 3467 781 5843 
94 0 31 33 29 30 15 80 80 80 80 94 758 2657 5881 142 661 1466 5150 5289 2614 2844 5083 3080 5313 5588 987 0 1345 3219 5676 2151 1943 5516 2847 1765 2805 2631 5492 862 2246 1346 4682 4245 4202 4204 3477 2089 2255 1055 524 3134 4921 5030 5878 5479 3988 3491 1039 1681 1753 2482 5211 1110 3481 4138 300 498 3522 5618 3294 3770 1893 4083 1300 2808 1264 4750 3423 4476 1069 5063 1905 4348 896 4720 4751 601 5813 875 54 5520 1179 4724 3633 92 931 3308 5989 4170 3022 3060 2943 963 57 1638 
95 15 31 33 29 30 31 80 80 80 80 94 4885 813 1224 3947 1429 3351 506 5918 3669 724 615 1869 3286 4761 4127 3341 1073 5980 3748 5871 3310 807 3281 4379 2635 4780 2477 1223 71 2409 2817 175 1773 1532 1101 3259 4979 5287 2080 4211 4413 3421 2378 3925 5994 3374 4507 476 5700 4298 3336 4372 3672 4000 1798 2443 299 3165 579 4435 5245 5565 468 548 4036 673 5537 442 5544 1887 4869 3118 5370 1693 1866 2987 598 3821 1536 1497 4558 784 700 4043 1587 2873 3571 4890 4900 4347 5165 3902 5097 5935 
96 31 0 0 0 0 47 30 33 31 30 93 407 4111 3773 453 1072 852 4391 4115 25 4444 193 5228 369 3682 5976 3243 766 5178 3878 1475 4584 5246 2875 5639 1261 3005 3806 2046 1242 5210 2183 892 4420 3886 4655 2613 5583 1075 1450 2793 3500 5421 570 302 1422 2643 386 5859 5201 3069 4288 5769 2188 5155 3558 3867 2057 3510 586 4315 1184 5938 4765 118 1593 4930 1068 2095 5445 5648 5411 4545 4987 5322 810 5354 493 4543 5346 135 3842 4414 1041 5978 956 3695 3987 2108 2097 2598 2251 1537 3036 
97 47 0 0 0 0 80 30 33 31 30 94 1544 5658 5143 832 3066 455 3759 4535 3511 3095 3960 4611 1086 4044 3241 3438 155 3161 1796 2362 2330 2218 5339 2711 1151 2625 253 2180 2360 3489 2517 1684 4680 575 2017 2076 607 1881 4107 3537 5212 4816 3907 121 65 1048 1700 3793 1594 4427 1608 729 3148 114 2888 3572 5864 5951 2355 3734 5541 2215 3691 2265 1885 2110 3726 2699 1061 5056 4275 5562 4670 2966 4553 3340 2594 4144 2392 3181 5380 924 127 5233 5059 4045 5368 279 240 1234 2005 3158 2779 343 
98 31 0 0 0 30 47 30 33 31 80 94 3330 1403 19 5844 5690 5226 1448 1609 2339 2279 316 3300 4139 3188 2715 3038 5472 3428 3516 2121 1878 1477 132 3142 4249 3687 5609 3126 508 4653 1013 2941 2326 2067 4984 934 238 1695 3396 737 3349 2812 1670 4323 3269 4502 5622 1343 3006 688 1637 4478 4990 5614 4236 363 2569 853 693 3883 2621 1669 5737 1817 3011 4261 5717 4484 1018 1976 301 4963 4065 4576 1251 5437 5745 3483 3318 3999 2859 2783 1563 4626 5065 978 243 5362 3553 2529 4070 4109 2672 4974 
99 47 0 0 0 30 80 30 33 31 80 94 3981 2656 107 4519 1787 491 982 5996 2451 2336 2309 2471 4912 1044 5266 1202 809 478 5571 5664 4897 2627 5592 2500 1270 5890 3656 4841 3258 4377 187 2773 4330 966 2173 4291 4942 3771 629 1521 1826 5835 4819 145 69 2785 5257 3720 3599 3278 3255 4585 3030 4716 5489 3473 5555 4162 794 922 3922 4312 3394 5381 3317 4424 4303 5947 3076 3721 2950 2566 4715 5547 198 5008 1461 4104 360 2201 4991 1672 3081 2504 4859 3277 4384 2591 4395 5133 374 3557 2387 638 
100 31 0 0 31 0 49 30 33 80 31 93 5474 823 5801 5997 1040 1896 109 895 3101 4546 278 4183 173 1059 1622 1292 3008 5442 1806 2834 4156 4489 4482 4392 3320 4411 1262 2593 4886 5987 4050 327 1430 4397 1034 4837 3132 1770 4757 4639 1235 1797 2886 5072 1143 4287 605 2531 443 5749 5809 5149 5051 2501 1692 2749 1540 1491 2249 1140 2391 5432 1575 1188 3897 5742 742 2211 3840 389 2143 5085 1213 5712 5939 2041 2464 745 1307 4356 3426 711 3908 4470 5073 1268 5697 3418 1386 1483 1630 666 2160 
101 49 0 0 31 0 80 30 33 80 31 94 3637 5633 3260 3487 55 835 2473 3808 1263 2674 2407 5832 1629 1728 3472 4080 5455 5945 5829 378 1445 2588 4633 5866 2615 5942 1342 3279 4074 5068 848 1660 4207 5358 5909 3171 3369 364 2604 1051 2460 3743 653 4349 4904 2988 603 4975 4994 4809 3521 2719 5626 2316 526 89 2824 5395 168 4381 1098 5487 5069 591 1004 542 4763 2051 2091 3197 1841 44 4832 2342 291 3150 5427 1478 195 2738 1366 274 5102 2396 5293 2098 592 1845 917 3871 4091 324 5177 258 
102 31 0 0 31 31 48 30 33 80 80 94 3178 3606 2237 5042 5868 5037 3698 3015 1960 5132 2642 2104 2724 3033 338 1791 4708 1252 1500 5459 1173 2436 4776 625 3624 3506 1832 1828 3053 942 2096 3332 5725 5968 4743 4263 4801 954 4051 3230 3535 1310 348 5701 2695 402 5729 4449 2221 2423 1216 5055 1640 3632 1542 1749 5466 998 3841 3420 5104 1435 1457 4053 1413 2857 5060 822 5910 4597 4839 4466 5507 1734 3701 5312 5693 5350 5838 5760 5624 4877 3750 3597 1752 500 5449 4811 2954 2634 3550 5673 1333 1827 
103 48 0 0 31 31 80 30 33 80 80 94 5525 2838 4741 2942 662 333 2698 2632 4544 2547 2122 4922 2902 3210 5958 3739 117 925 3468 1980 1462 2729 4428 172 1964 4548 682 5027 3918 2113 4126 2176 4671 1334 2327 4782 1844 5383 469 5384 3659 3071 4364 5204 80 632 1831 1407 4114 4956 1653 534 695 701 4110 5363 1207 4147 358 39 2047 734 2282 4759 3284 5992 2023 3282 1501 3917 515 4055 1994 1766 4203 2157 1130 717 2836 267 2442 1347 1233 2628 5461 5397 1392 2328 2144 3822 828 4600 549 2195 
104 31 0 33 0 0 47 30 80 31 33 93 4383 2956 1908 861 90 2651 814 2192 2491 5400 1167 3576 5895 3769 1570 2737 234 2850 3605 5310 2315 732 1555 1950 3309 989 330 4587 2283 441 4598 5336 3306 5751 1584 3901 170 4734 2759 1212 1800 1133 5484 5856 1934 1124 2560 148 4460 5095 1005 5511 12 881 3031 2310 2248 4344 1078 3703 3683 3415 3190 4966 4163 3417 4940 177 167 4123 714 4773 304 705 3432 2049 1547 1635 3868 4464 3040 5441 4959 1819 4048 4224 1365 4321 5264 1319 502 422 5416 
105 47 0 33 0 0 80 30 80 31 33 94 2978 4794 4996 2170 1838 5646 869 2356 41 1147 181 5013 5837 3254 3358 2919 3823 1338 4071 3817 3645 2906 483 2168 4893 4652 5116 4332 3182 1730 3857 428 2329 679 1397 5983 1978 5515 761 4068 2652 3466 2411 1970 1726 993 2077 1158 3763 334 50 2064 3413 4453 434 3212 2474 2405 2819 1847 3785 5121 910 2190 3176 2197 4609 3650 5800 3111 4285 3256 3292 5296 3843 4024 3708 2231 3958 1954 1220 5709 4599 5920 4677 5052 635 2469 5919 3395 3240 5662 668 5774 
106 31 0 33 0 33 49 30 80 31 80 94 2323 2934 3635 5007 4696 2768 5613 245 965 3186 5120 3335 1189 3846 2294 4118 1933 2321 3909 4762 4049 3220 641 2599 1221 3629 1991 564 5972 1649 5848 5108 5656 3502 789 265 2295 3371 295 4973 3065 4536 3967 2455 1911 723 3589 5543 2223 1058 2112 2142 5160 1197 906 4007 5429 4405 894 1157 2927 2497 1453 4418 5569 3403 833 5530 5127 4423 4752 5382 1738 2146 1470 2827 2431 656 4108 456 3830 5787 2193 399 5754 2410 3588 5206 3825 2991 2150 3252 421 1249 
107 49 0 33 0 33 80 30 80 31 80 94 1160 5684 4788 3973 2275 3289 1632 5819 4564 5062 4447 2484 4538 5705 1011 5985 42 1131 244 5568 5481 4917 361 5014 4796 4274 3169 2521 3224 1205 2492 5182 1982 1617 2688 5391 5886 927 1415 2441 4404 1707 5405 3582 16 3125 5830 3626 2322 5199 3578 5164 4537 513 1914 2038 4513 4645 4333 3223 2350 3600 3587 5195 3257 5047 3187 4002 208 461 3948 5252 4625 5831 2917 5023 938 5825 3319 5683 1493 1927 3700 4121 1025 3184 5586 1648 4929 754 2511 1951 319 1710 
108 31 0 33 31 0 46 30 80 80 30 93 2011 4325 5982 4134 3561 1358 4735 728 1572 2935 4017 4101 1750 3347 3950 563 5028 1271 1243 213 2712 1374 1822 1704 3331 4865 4351 2138 611 2399 5334 423 955 4257 3573 5981 973 1720 1247 2537 4398 3677 2957 3673 1369 4883 1528 2307 1580 3112 3469 4239 5645 3085 484 5806 4601 5971 4510 572 3091 1155 1711 5999 3738 246 5572 2483 726 501 3805 2696 131 1297 2748 196 368 1383 707 2807 96 2044 1015 5076 2123 466 5527 1541 5224 1880 2198 2780 530 
109 46 0 33 31 0 80 30 80 80 30 94 1136 1440 4692 1961 1120 4075 3562 2581 1294 5635 5295 4015 5510 571 3153 3329 448 546 3910 5181 5098 3288 474 573 5933 1190 1001 2199 5153 2735 4095 5528 3992 4793 2429 2816 3218 458 2367 3865 1715 5229 5070 5338 5728 4914 5335 1937 4406 1029 1054 3431 2244 765 4694 3311 647 4455 4742 3163 3593 2200 2910 2035 1208 4659 1941 2925 3405 4858 2004 463 967 4602 1539 43 2999 2489 5460 3767 2153 4836 1141 898 5454 5597 4491 4731 3034 259 4908 1112 2258 5331 
110 31 0 33 31 30 48 30 80 80 80 94 4515 5720 773 3055 3586 2670 2563 1408 1569 2710 4981 3863 3441 2417 5071 831 3998 5191 1897 4739 1352 1714 1126 4318 239 4521 4011 3059 3356 826 3089 3884 4021 2419 3594 1305 4872 2493 3996 5643 4479 101 5179 191 795 4272 706 840 2611 372 5277 5142 2678 950 5967 3972 5925 3636 230 2931 797 1239 3086 1298 5955 544 3136 5408 3104 5281 5419 5221 4835 1969 1432 1963 2760 3494 5261 2640 1303 2334 1487 4415 4943 5307 1367 3704 2763 554 2000 2853 4233 5733 
111 48 0 33 31 30 80 30 80 80 80 94 3893 1118 1620 4378 5912 5872 4924 4698 5611 212 1865 1455 1215 1774 958 5061 3018 2762 1509 3790 5526 609 1935 2094 4299 3923 1028 140 3368 341 1012 2616 3945 1421 1217 2276 4964 2216 2856 5244 854 4370 5508 1181 5627 214 3373 2313 4847 5827 658 3824 4945 470 846 4516 3385 2505 1916 2056 5451 1299 5402 3381 53 3555 3888 3622 3159 5032 4800 1758 5766 2955 4618 5288 5671 5663 2985 3313 4039 3172 2352 2177 4933 843 1083 5240 3097 4380 1042 1499 509 79 
112 31 30 0 0 0 49 80 31 31 33 93 82 3690 4693 3453 3425 1522 1229 2876 2174 1107 5619 275 928 5556 5707 1452 1278 1764 164 3812 2010 5258 555 2573 3797 4215 2333 2713 3383 169 2320 849 4105 1428 3898 1024 2761 1772 845 250 3869 5625 5162 1285 4253 1962 3940 5242 4719 1193 2266 3110 1186 1729 3577 3707 778 3359 161 5672 1610 1863 4619 4120 1282 1829 5002 3409 5066 4269 4944 4928 58 1276 3078 2649 2236 3173 4016 3402 5880 4721 4936 17 4569 1026 552 3936 1037 3705 1449 3073 1159 
113 49 30 0 0 0 80 80 31 31 33 94 351 4331 248 979 4201 5647 1997 1353 4445 2527 908 2870 4346 1114 3787 4098 1595 4845 1984 3298 4499 2948 514 2380 1192 4919 2548 84 2797 2852 4701 4508 4153 4570 3912 179 3412 5190 1810 4173 3547 5834 5545 2277 5929 3809 4969 3625 749 2551 2332 768 1204 5887 2507 4268 4252 2681 1471 5113 1023 5319 687 2866 1846 5711 841 3267 5858 2596 2769 545 5691 4844 5227 4627 1633 2980 35 2676 86 2081 3399 36 3621 3262 4578 3151 4918 5617 415 1741 3859 4630 
114 31 30 0 0 33 51 80 31 31 80 94 1244 3455 4830 3406 5482 4167 5167 2804 490 5499 4849 4361 2930 5744 1559 4723 2301 800 1656 2776 2610 4826 5649 4042 1550 4684 5877 2867 251 3464 1993 5915 4894 5746 1191 2498 4905 3820 4707 2747 713 5732 1748 5952 5366 921 3379 2745 1081 4382 326 2042 1571 5602 2639 2842 158 4088 2918 4271 411 2771 3756 223 3709 2589 4046 5251 5038 5950 2302 3642 236 1306 5653 3348 2653 2131 2194 3475 3519 2140 4467 183 499 4477 1579 4568 3392 1884 3155 4494 2205 871 
115 51 30 0 0 33 80 80 31 31 80 94 5355 1554 5857 3887 1456 879 1125 2365 4023 1465 516 2134 5276 4358 2475 5088 2553 2891 4365 1971 376 1901 2318 3728 3584 1523 1589 3287 1077 1080 5389 2896 2400 420 5237 2428 5154 1200 972 2884 559 4871 710 5420 760 2883 2540 1100 2694 286 1641 3667 5203 3226 1099 5847 3057 4850 2691 1634 5253 5171 5012 2124 2299 5674 793 4073 4366 4290 5756 5021 594 2027 4152 4032 4388 3054 4 5905 4880 4198 4517 3913 1825 331 1185 3411 4417 5531 820 3844 134 2532 
116 31 30 0 31 0 46 80 31 80 32 93 3135 1526 74 5638 3408 4451 192 1420 788 1164 4848 4314 4855 1257 5603 1211 4668 2684 616 1799 4461 280 4542 787 712 306 1145 4590 2990 3327 1484 2468 5379 2462 926 5364 1330 2879 1506 1152 2571 2444 5621 3789 1267 3094 457 3102 3077 4870 4676 5908 667 5885 702 3566 1864 3376 2169 3735 4960 3283 5514 3623 1551 3051 5018 3343 1930 3083 1065 3299 1035 2059 5398 2559 923 1687 4400 2693 2413 2325 2542 4758 2499 2706 2645 1545 1060 4534 1056 1052 5192 
117 46 30 0 31 0 80 80 31 80 32 94 932 2998 271 4603 4808 5435 30 4781 2555 3779 4744 2045 4778 1291 3544 4317 650 3942 4772 5306 1201 4666 874 5965 2947 1902 1304 2366 63 4360 2324 5302 3854 2369 581 3848 2692 3527 4737 3263 539 4907 1376 379 818 1468 3442 4403 1679 2021 1425 3253 3386 4812 2466 3749 4768 868 4497 1402 332 2162 786 1623 4829 98 2967 2247 626 2359 3276 4818 2306 2100 905 3325 5551 4952 1287 1689 2036 1008 4766 1784 582 858 5409 120 1458 1370 1320 5948 1339 3416 
118 31 30 0 31 32 51 80 31 80 80 94 359 1966 1861 2072 4571 2331 404 1599 4270 2166 5850 5702 4184 5954 2120 1709 5899 4687 3326 2515 4258 4882 4559 885 1183 2204 1534 3215 2509 2924 3372 5173 5090 3296 2145 1788 4457 2161 1757 3689 1442 4620 1498 5840 4474 2285 5812 4251 5509 4353 2155 285 1286 1928 352 5803 719 273 3784 3744 1713 353 4081 947 3524 1074 4337 5928 1618 345 3342 3995 5174 648 4306 890 249 2106 645 2203 3847 289 431 5303 5644 124 4551 2662 4678 5842 1485 1588 5198 1939 
119 51 30 0 31 32 80 80 31 80 80 94 5993 4803 2633 1269 5759 3618 3133 5750 5450 3980 1093 3140 1568 3079 460 4355 4304 1890 5921 2099 3485 3799 1102 1337 4052 1096 3139 5990 574 1876 393 1275 5232 4041 1161 5969 3966 2490 2267 1917 5685 5374 4159 4827 4480 3143 3493 1972 4459 4187 2422 2254 3194 3974 1340 5715 4324 5517 2449 4296 3088 2001 1139 617 3265 3245 3927 5854 228 803 4769 4168 2525 5184 3802 2345 4860 5009 3497 3103 5131 2116 2928 362 1290 4264 2297 5833 1842 3344 4895 4231 5360 2936 
120 31 30 31 0 0 50 80 80 31 34 93 1651 899 4034 3831 2006 4868 5659 70 1258 5675 3200 4374 2916 305 4962 1070 3903 5022 1176 964 1992 4336 3570 5504 296 2311 5775 3017 4714 3530 680 4955 471 5254 1384 5422 5503 2414 3084 2669 3303 1628 759 753 1441 3211 446 2646 720 5865 4695 2364 5615 5896 4316 1686 200 824 4689 5944 4481 1567 5428 2259 4527 432 4728 1316 2289 4437 1983 1469 3242 3852 349 5343 3751 3754 309 5015 440 5696 4967 1760 1479 1127 970 4838 1578 1735 3724 3548 5963 
121 50 30 31 0 0 80 80 80 31 34 94 2728 3891 5821 5680 2016 144 2440 1611 3928 1789 683 1047 782 5126 5443 4729 919 2558 4238 1315 3375 5553 2158 1600 751 3875 2865 3983 375 323 2349 1222 3427 4503 2926 2202 5851 3881 494 3758 3935 1639 1050 4995 3660 5423 5539 1645 4281 1843 4434 873 538 3552 1793 2219 540 5630 4085 4112 5292 5923 4557 4821 808 4407 901 3580 2053 2538 1867 2969 1325 1988 5589 5458 2791 624 1654 2944 1404 4664 2516 3021 2074 5024 3222 1082 2184 5533 4116 1938 1230 5741 
122 31 30 31 0 34 47 80 80 31 80 94 3044 4565 5763 4040 2341 5344 482 4891 3801 3321 5337 771 2882 2234 1371 4977 318 5064 2986 3611 2147 5299 3613 3951 4146 3528 1359 3275 4008 1529 1089 5084 1296 1520 2704 878 2037 3853 5308 3196 339 2480 4722 5176 566 1778 116 3488 1698 503 2705 3627 4740 2701 2167 1265 2789 4421 2510 4371 1241 1856 1936 2361 1495 4705 4932 756 3029 3772 2623 2019 1129 2290 1701 2390 4799 2043 4616 237 4199 4950 1063 3366 5564 3540 3723 4947 3203 772 1626 943 1240 2909 
123 47 30 31 0 34 80 80 80 31 80 94 677 5403 1546 4279 2923 2577 2526 128 3880 2226 2825 3976 2055 115 4948 2229 3105 4082 4014 4463 3585 1981 5329 1576 4851 2370 4498 1260 5501 4806 1854 1210 3862 4864 5269 2637 561 2952 5367 5377 3835 5523 5936 2534 5753 2989 3575 5782 110 4352 4612 3858 4393 3355 2014 5272 1022 5593 2346 3434 962 1652 201 3979 4248 1481 5414 5327 310 1642 1965 4892 2178 14 1476 5213 3755 2303 4059 3654 2033 3836 2058 5767 3674 225 3614 377 2357 5926 1716 4278 5086 1020 
124 31 30 31 31 0 46 80 80 80 36 93 3122 2296 886 5156 49 33 2272 785 5879 799 5332 5738 5291 3107 2848 5220 1913 1480 1921 847 3662 4637 4200 4334 939 2463 3986 5607 189 3027 252 5193 1727 4242 837 451 4063 4190 2541 3003 2351 2132 3675 1460 1751 1250 64 5771 5855 929 1556 2660 3333 2898 435 433 4375 3634 1046 350 5808 1769 4968 5000 2758 3365 77 1391 4810 2741 5274 2638 5668 4583 3839 4657 313 10 3067 3921 1123 5373 850 3782 308 4469 1947 889 5883 5359 3564 1779 4906 
125 46 30 31 31 0 80 80 80 80 36 94 5081 1364 1116 5115 1312 1446 604 4148 1144 1438 4247 5301 3746 5357 4399 5147 2971 4999 3156 2609 610 2629 3001 1380 1122 1840 4628 3665 2085 4136 3794 1361 791 2940 5236 3961 4390 5650 5688 4465 4807 2214 870 1552 2675 767 1515 104 1064 4586 2420 5816 5161 4644 85 3410 2708 3620 985 2127 1814 4458 4222 102 5490 1859 2583 2212 5797 2242 4531 5973 860 4910 3448 2206 4432 2353 1180 3360 5478 678 4410 2881 5930 3713 447 3628 5786 297 4523 4833 1378 4911 
126 31 30 31 31 36 49 80 80 80 80 94 2264 2959 2 5894 162 3781 5552 5275 465 3456 1958 2921 4524 5318 4965 5558 5172 60 2908 2578 3619 4141 4028 395 512 1019 945 1643 1722 2408 3049 4760 631 282 149 2486 1032 5424 247 4621 4685 5538 752 5911 2086 4010 4394 2025 2278 1146 2281 2179 4988 1355 1317 5852 1625 1627 2784 907 1341 5130 4683 3121 2903 2217 634 5988 3684 5724 556 3131 2454 4062 994 5371 2256 5169 1105 980 1137 4171 5695 2890 3604 147 3602 1801 3217 893 4879 2811 1381 5282 
127 49 30 31 31 36 80 80 80 80 80 94 3023 4031 5681 3445 1723 4412 5636 1923 665 2554 4888 5810 5087 2115 4425 288 62 911 2900 59 5263 1824 2958 3147 5570 3538 477 4529 3198 3741 5540 3168 872 2398 4322 5535 5632 2245 2111 3482 1071 3035 1525 4935 2182 2156 3617 3495 452 887 1368 3025 4789 5765 4369 4037 3291 438 4228 241 4920 3861 156 176 1775 3964 5740 3924 1910 2448 746 5048 5795 5469 4033 1795 3829 902 3064 2222 1925 5743 5185 504 2319 5902 2233 2590 806 4237 811 618 3768 4439 
