64
64 0 0 0 0 0 0 3 1 5 5 5 4 125 7304 3768 1907 4804 6010 1283 4 2942 2407 2398 2405 104 1112 2396 4805 2404 1282 10 2385 2406 3758 4793 1 3769 1477 2943 6011 7317 2959 1906 6022 76 107 11 2378 4786 7719 105 6134 5 7715 4799 260 7986 88 7305 7362 5999 7285 7335 7316 7 7667 2410 6078 3805 56 2415 2994 7917 7423 3 14 79 6 251 77 7904 237 226 7987 16 7691 3807 4802 7437 4787 7363 239 6090 12 64 7523 9 92 7468 0 66 90 2984 89 7984 2948 67 7931 236 7985 65 6091 91 93 225 248 240 80 6080 229 3808 15 227 7930 2995 69 6082 7436 7288 7340 6102 3792 7326 249 7503 7469 3106 58 
65 0 0 0 0 0 4 3 1 5 5 5 8 125 6084 7668 7420 2 6079 17 7905 57 7470 266 3108 6592 3810 7422 238 6085 7696 3107 94 3812 7442 4898 7524 7672 4892 250 7424 6083 7421 78 7438 7525 3793 7676 7669 6103 1904 3094 6081 252 7692 7507 3809 2411 4893 228 3813 7443 7693 253 7677 81 241 6100 3806 3811 7449 68 7714 2414 7439 4899 2413 7718 59 7473 3089 7673 7471 6593 1286 3095 3018 7697 2412 7476 7425 7477 6101 6140 3019 7444 2982 6192 1905 6092 3007 3105 1288 3113 3013 7472 3011 3110 6588 3009 1902 3109 6135 1287 3010 1289 6141 2428 3006 6589 3111 3112 3012 6166 6167 6169 3104 3817 6168 1903 6096 6137 3816 3008 6162 6173 6193 6093 2425 
66 0 0 0 0 5 0 3 1 5 5 8 4 125 2949 1899 13 2397 1491 1917 1912 262 4900 1913 2401 2426 6163 2399 3759 1909 1482 2379 1893 261 1484 4803 2382 1290 1916 1285 2954 1908 2384 2955 1113 1887 1898 1284 1492 1114 1890 1892 2956 2958 1115 1889 1478 4888 1483 2997 2960 2427 1485 2944 4901 1891 2983 4798 1490 7504 1886 7306 7914 7327 3772 4792 2996 3814 2416 1888 3088 4791 1894 263 2383 1493 264 7478 7720 106 1918 4801 7508 7505 265 7307 7716 6006 1895 2945 7289 7445 7341 7694 108 7336 7915 7364 4870 7287 3020 7919 2961 3815 4882 7474 4881 2417 267 5996 7309 6191 6164 7347 5984 110 111 7717 7369 7313 7695 7314 6142 6138 5985 7332 5997 7337 7500 
67 0 0 0 0 5 4 3 1 5 5 8 8 125 7365 7292 4896 7310 6023 7440 7475 7366 6007 8 6106 4889 7291 7932 7721 6590 7509 7348 6174 6594 7426 7446 4800 7674 7479 6094 6089 109 7330 6165 7344 7510 6086 7331 6143 6095 7908 7675 7722 6591 6595 6001 7506 7670 7447 7328 6175 7906 7480 7427 7342 7286 6107 7367 6000 7315 7933 7441 7293 7333 7501 7311 4897 4884 6020 6170 7349 6139 6008 7312 7290 6012 6171 6104 4890 7448 6024 6144 6087 7346 7502 6098 7308 7907 7343 7481 7511 7918 4885 6021 7334 7345 7916 7368 7723 7671 7329 4894 4891 6145 6009 5998 6088 6197 6025 6198 6176 6099 6108 6019 6194 6105 6097 5986 6013 6172 4883 4880 4895 4871 3092 6136 6190 6196 6195 
68 0 0 0 5 0 0 3 1 5 8 5 4 125 3763 2402 3764 6182 7386 4809 4808 4905 6236 6015 4796 4810 3760 6016 6002 7370 7380 7375 6014 3114 6115 7324 7318 6199 7376 6148 5991 7483 7518 7489 7371 7352 7358 6114 7929 7355 7921 6157 5987 7319 5990 7381 6640 7920 7387 6118 7353 7532 6156 7924 6641 4910 2998 7530 6122 7294 6603 4878 7698 3016 2986 7377 6109 7451 7354 7683 7988 7994 2420 7912 6238 7359 7433 6634 7925 7519 7526 1486 7909 7428 6237 7512 7702 7482 7457 3821 7450 3014 7928 7911 7494 6242 7678 7679 7533 6123 7462 7703 6633 7488 3098 2421 6240 4911 95 7295 7531 6239 7528 7995 7989 7520 7934 7452 7990 3100 3820 7429 4904 3000 7495 6243 1488 7516 7680 
69 0 0 0 5 0 4 3 1 5 8 5 8 125 6635 3017 1489 7710 7992 6638 2988 230 83 7456 3096 3101 7682 7463 6110 243 7529 3002 254 60 6241 3001 70 6604 3099 7689 6245 4902 7993 271 7681 7991 114 7496 7453 7711 6605 3003 6126 3822 3097 6128 99 6235 2422 255 4908 101 7497 6639 7688 7430 6124 73 7432 61 7684 233 4903 6111 257 6177 7464 6147 6119 6125 1487 2999 6596 270 4876 272 71 84 3823 119 7685 6127 2418 102 63 274 6129 258 4909 235 115 256 244 2423 86 6183 231 75 82 242 246 247 3115 85 245 3090 3818 2419 87 7465 2987 6597 3093 6146 118 72 74 234 3819 116 259 275 3015 62 232 100 103 4877 273 
70 0 0 0 5 5 0 3 1 5 8 8 4 125 2403 2953 2424 2376 2946 2381 1901 2429 4812 1896 1911 3021 4811 2947 2386 2951 2400 2408 2409 1910 2952 1915 2380 2377 2950 6017 1914 1900 2387 3761 2957 4907 6112 4790 7527 2989 4813 3773 3798 3767 6200 2990 3771 7729 2985 2993 3765 3770 7350 3800 3005 7724 3766 2991 7517 3802 7732 3799 7514 3794 4797 7431 7935 6113 7351 5988 7299 6598 7725 7513 7382 7913 7484 7704 6149 6150 7686 4806 6027 3804 6204 3803 4794 4879 7927 5992 4887 3801 7356 6184 6003 7325 7454 7302 3795 6131 7515 7378 7733 7372 6599 7712 7466 7303 7485 113 7922 7687 6151 6600 7360 4807 7705 6026 7373 6185 6186 7458 7730 7357 7699 6154 4912 4788 4795 
71 0 0 0 5 5 4 3 1 5 8 8 8 125 7379 5989 6158 7383 6244 7486 6004 5993 268 7701 7455 7298 7728 6159 7937 7322 6120 7910 7926 7731 6180 7361 6601 6116 7320 7708 98 7434 7487 7726 7459 7706 6187 7384 6209 7996 6005 7923 7301 7296 5994 6155 7521 7467 7713 6152 96 7460 7522 7297 6178 7997 6586 7727 6201 7936 6132 6202 269 7700 6181 4874 7321 4789 6117 7709 7707 7323 7490 7435 117 7338 7492 97 112 6602 7385 7300 6636 6153 6121 5995 6179 6637 6188 6133 3796 6606 7374 7690 4872 3762 7498 7491 7461 6206 4875 7339 6049 6018 6130 6205 6587 6203 6160 7493 1897 3797 4906 7499 6208 6161 3022 6189 3023 3102 4886 6607 6207 3091 4873 6608 3004 2992 3103 
72 0 0 5 0 0 0 3 1 8 4 5 5 125 2963 1494 2391 2976 310 2431 2965 3781 3854 1480 1481 1928 2977 1929 2390 6267 2962 6057 4823 2964 7938 4939 3155 4838 4824 3788 3041 4962 20 2394 6067 6065 3866 3133 3862 7939 4839 3867 7571 7565 6617 4984 3840 7537 7561 7740 6668 7394 4982 6708 7388 3855 6611 7970 4913 4994 4956 7603 7569 6676 6673 6729 4990 3789 6725 4955 7534 6609 7941 4963 7998 6666 7408 7404 7405 3857 6310 4983 6312 6648 6253 3863 4935 6734 3841 6216 3826 3836 6706 4991 3824 282 7535 7541 280 4928 4995 4957 24 6677 6028 7954 7395 6710 7566 7741 7770 6709 7942 7971 7968 7389 6716 26 7999 6313 7748 6614 6717 4929 4923 6210 6311 6711 7744 
73 0 0 5 0 0 5 3 1 8 4 5 8 125 7564 7567 7969 6684 7774 6652 7771 7560 6735 7604 6029 7562 6642 27 3825 3837 4915 6672 6619 6612 3864 7952 283 7602 6212 7594 6707 6214 6649 7540 6217 3827 7598 7599 7595 6681 7747 7742 6615 7542 6685 7749 4936 4980 6653 6726 7745 6211 6303 6610 6618 3039 6213 6215 7775 7570 3156 7563 6718 7750 3137 3150 3034 6613 7605 7536 6616 6719 6254 3035 6646 6736 6249 3118 3157 6678 6686 6667 6315 6298 6643 3027 6720 7543 6274 4937 4998 3151 6270 3026 6727 4981 6247 6250 3040 4931 6669 4938 6721 6687 6647 6246 6737 6674 6728 6650 6275 4930 6680 6266 6251 4922 6679 6271 6248 6299 4914 6255 3865 3856 6304 2442 2443 6308 2430 
74 0 0 5 0 5 0 3 1 8 4 8 5 125 3786 4825 278 1291 2395 4840 3116 22 294 154 122 153 1919 3790 1923 138 34 46 2432 311 3787 120 277 1479 2968 293 2433 3036 125 2436 6305 137 141 121 37 7409 3117 2388 3791 3131 47 33 49 276 6034 1922 3119 21 281 4815 123 136 32 25 295 4992 3838 297 7955 48 6730 7743 300 3839 126 23 279 3028 156 6035 4817 296 7396 4926 139 155 6268 35 314 4993 4958 298 312 6030 6050 7600 140 6738 7406 2967 124 36 6269 301 2434 7573 7606 157 4916 6317 7776 4927 7397 7953 6221 6032 4918 142 6731 6031 6670 313 6306 3024 6218 4959 6724 38 50 299 4818 2389 6066 7607 143 
75 0 0 5 0 5 5 3 1 8 4 8 8 125 3134 7601 7568 6219 7407 3842 6739 6671 7751 4960 2969 4819 7972 6620 7779 7390 4919 39 6712 4917 127 7777 1921 3778 7596 7778 7538 6051 2966 7746 6307 7772 51 315 4820 6033 7940 6714 6220 6682 3135 7539 7413 3025 6732 7773 7398 4961 7597 7956 6621 7943 7572 4924 7411 6713 7973 7412 3779 7391 7752 2970 6740 4920 4996 4821 4826 3843 4841 2437 6319 2435 6715 3847 6318 6068 4827 2971 6722 3846 4925 6037 6309 7410 6644 4997 3844 6300 6675 6651 6683 4921 3138 7399 6733 1495 4932 6272 6036 7957 6655 6252 3158 6069 3139 6273 3136 4822 3130 3029 6301 6302 4933 6645 3845 3780 4999 1920 6276 4985 3132 6723 6316 4934 6654 
76 0 0 5 4 0 0 3 1 8 8 5 5 125 3783 2441 2978 4965 2444 3774 3775 3829 3828 3782 6055 2438 3122 2981 6230 2974 6059 2979 3152 2445 4842 3159 7547 6691 6625 3125 3142 7580 4814 6699 6045 3154 6291 6061 6292 7948 7767 6058 6076 6075 6077 6054 6074 6060 6073 3037 3859 6290 3042 3849 6629 3833 6656 7622 7963 6755 7581 7974 6698 7392 6746 7614 6323 7576 7400 7737 7755 6222 7417 7758 7980 6332 7958 7589 6701 7584 6702 6751 6688 7949 6689 6320 6263 6223 6333 7544 7574 7780 7620 18 6279 7623 6657 7782 6703 7414 7590 6261 19 7401 284 7753 7959 7756 7962 7795 6622 7786 6744 7610 7735 7585 6286 6229 6756 7975 6658 6277 7615 7578 7981 28 3860 7759 287 
77 0 0 5 4 0 5 3 1 8 8 5 8 125 7577 29 7787 30 7579 7545 6745 6321 6329 285 7549 6322 6256 6623 6748 6696 6758 6234 7621 7793 3038 7415 7781 7591 7611 7760 6742 7575 6662 7608 7546 6659 6757 7783 3032 6280 7739 6281 6259 7582 7754 7764 7550 7609 7616 6749 7554 6314 7736 6294 7784 6257 6663 7548 130 4977 6759 6287 6697 7788 6664 7761 6743 6628 7734 128 7556 6262 7789 5000 6632 5002 4964 6330 5010 7792 135 4942 6224 7583 7765 7588 7555 6334 3870 131 6278 6284 6750 4986 6295 6665 4968 6331 7551 6660 7738 4969 6700 3143 6285 6661 4988 7557 6231 5004 4943 6265 5001 6692 5003 6225 3031 6258 3871 4987 6335 6264 3043 3030 6226 7766 5011 6624 6690 
78 0 0 5 4 5 0 3 1 8 8 8 4 125 6062 3858 3868 4843 3153 1924 3873 3861 6056 4831 2446 3126 3128 4974 6064 3834 2980 4844 3872 3776 3777 4846 6063 4970 3123 1927 4975 6046 3835 3033 7757 2975 7785 7553 5008 7762 3144 6288 5006 5005 6070 7946 2393 6293 7403 7558 6693 4828 3832 3784 6296 3869 7402 6042 3129 5009 4947 3140 7393 4847 3124 3850 4816 7960 6747 6297 3851 6704 7612 2439 4941 6071 7763 3145 7790 7586 3852 6052 7944 6227 7617 6324 6043 7978 2392 7768 7947 4834 6328 7559 6047 6289 6626 7964 3785 7416 5012 6754 7769 7587 6232 6325 4946 4950 7950 129 144 7965 6705 7979 40 7976 7791 7966 7961 7613 6752 4830 7552 7945 6627 4972 4835 6040 7977 
79 0 0 5 4 5 4 3 1 8 8 8 8 125 4837 1926 3853 3146 7797 159 6044 6053 52 3848 303 5013 7796 304 6038 4973 2440 147 6753 7618 6741 4951 43 6336 7967 7982 7951 6630 31 41 3147 316 145 6233 3830 317 6631 7593 302 307 42 4952 288 4979 7419 7794 132 3831 286 6048 6337 4836 54 4966 158 146 6039 319 7619 45 3148 4978 6760 290 7592 7983 53 4829 7418 150 161 4948 148 149 4949 163 44 6694 4967 2972 6761 4944 6283 305 4976 289 291 3149 3120 160 4953 6228 55 6327 309 133 4832 151 4845 6282 6041 4833 2973 6260 4989 306 1925 4954 3141 6072 2447 6326 4940 292 3127 4971 4945 6695 308 318 162 134 152 5007 3121 
80 0 1 0 0 0 0 3 8 4 4 6 4 125 2069 2461 2448 978 1119 858 828 416 1593 1304 1592 900 803 987 1317 860 417 1574 1296 1116 3267 843 1551 1121 1128 1937 1595 899 2449 2020 1117 1130 1131 214 898 1971 320 1550 841 1505 901 3266 165 1553 1541 2530 3050 6791 1315 2531 3890 6369 2602 980 840 2592 1297 3874 1936 418 3877 1322 7629 3876 1932 2622 2522 3274 5518 321 3180 3051 6795 2493 6480 6356 6771 166 7630 6462 215 2008 1600 2062 6371 6522 2023 7625 6469 6775 6373 5520 216 6569 981 5516 164 328 6457 224 6479 3958 3948 6461 6470 7624 6341 322 6762 1563 3976 338 3181 3185 2009 2550 2494 6773 329 5507 6357 6540 6481 6472 167 
81 0 1 0 0 0 4 3 8 4 4 6 8 125 5490 7631 5517 7628 5519 6534 6471 6776 5521 6792 5491 6487 6338 6463 1510 6763 5508 6764 6565 1122 6777 349 6765 348 6465 6774 6793 2495 6770 6474 6488 6339 6473 217 6468 323 6790 6477 5312 2552 6370 6541 6772 3977 6392 3974 3184 339 6535 4850 6532 2551 6794 5313 6489 3975 5330 2492 1564 1125 2553 1298 6475 4848 5358 6523 4851 1981 5354 1565 3161 5314 2001 6458 3176 1124 3173 4849 6562 6520 5331 3164 2548 5340 6561 3162 2546 6566 5335 6528 1979 6533 1511 1123 5355 6567 1299 6529 6478 6460 6572 6486 2485 1562 6521 2000 3163 1314 1980 6563 1316 3170 3177 1324 6459 5359 3165 3946 5341 2024 6568 2025 6530 5315 3160 
82 0 1 0 0 6 0 3 8 4 4 8 3 125 1964 1318 984 1323 2060 1500 2063 986 979 2021 2074 1497 2590 1542 1596 1513 2075 1946 1498 1941 1305 1931 1512 1554 1933 1520 1120 1601 1930 1543 1129 1567 1503 1566 1325 1552 1942 1312 1525 1300 1504 1545 2468 1982 2076 1943 2462 3888 1598 3044 2538 2081 1575 2623 3054 2523 2061 2450 5509 2591 3275 1319 1292 1555 1521 3272 2604 2005 2004 5026 1501 1965 2547 3045 1506 2489 2022 3055 1576 2549 2488 2484 1947 1301 3060 2593 2603 1502 1499 1126 1597 2457 2068 1496 1313 6570 2077 3262 3172 3182 2463 1577 1983 3875 2469 4855 5027 3273 3889 1602 6531 6393 3171 2451 2456 1972 2070 3261 1524 1594 5506 1544 6778 6358 1507 
83 0 1 0 0 6 3 3 8 4 4 8 8 125 1599 5316 6359 6342 5510 6361 5492 6779 6362 5309 6482 6571 6464 6347 6344 5342 6491 6524 5500 6376 5498 5014 4868 3183 6544 5338 5365 6360 6483 5310 5356 5339 5317 6390 6545 5499 5048 4869 5501 6394 6377 6525 3882 5360 5015 5016 5038 6346 5511 6536 6796 6363 5343 6343 6345 5493 5017 5311 6484 3894 5344 5039 3883 6492 5052 5049 4852 6395 5357 5361 3962 6374 5040 5028 6391 6542 3956 6538 6526 6797 6466 6537 6485 3256 6375 3895 3957 6539 6476 3263 6467 6340 5332 5053 6527 3947 5336 3269 6372 3963 5050 5362 6543 5041 4853 5029 6490 6564 3891 3277 4856 5051 5334 5363 3257 5364 3268 5333 4857 5337 3949 3964 3959 4854 3276 
84 0 1 0 4 0 0 3 8 4 8 6 4 125 861 2614 3063 2458 813 859 3065 3984 2464 1605 1604 2465 812 829 3061 1976 3064 2621 1986 1559 1975 1302 811 799 3985 1303 2596 800 1603 809 798 2600 3066 2454 2605 1573 2453 810 808 822 3980 1547 2452 2030 2466 845 3881 844 2618 3982 2597 6584 2543 801 6405 1320 2539 3887 1973 2626 6378 6382 2536 842 2544 2598 2608 2615 802 3880 3886 6397 2601 2537 3892 7635 7632 3983 2501 2010 1321 1557 2017 1514 3987 2556 2499 3991 6493 1516 6550 2012 3950 2529 6506 7626 6400 7637 5019 6806 6549 6498 5018 6556 6789 6353 5522 6781 3884 6350 7633 3992 6379 6585 6784 5350 6767 6768 5523 2011 3885 2557 6507 3993 7627 
85 0 1 0 4 0 4 3 8 4 8 6 8 125 5496 1974 6351 6801 341 7798 6557 6496 6783 6798 6499 6401 6785 351 2558 5030 7800 6553 2541 6404 6883 218 3978 419 7799 2018 2019 6512 330 6800 6769 7801 6799 6782 3954 5497 219 324 332 6497 1517 2014 6494 3979 6503 6766 1558 2559 6807 5031 6787 1518 344 342 326 340 335 5318 2026 4858 6780 6514 221 6513 352 350 354 6495 6504 333 2015 331 1515 3167 4859 3986 6580 343 6516 220 222 347 4864 6573 2027 327 345 6515 5319 2013 6802 355 6578 6505 357 3951 353 336 334 6546 5345 325 6558 356 5326 6517 5346 6581 4865 3166 2006 6559 6788 6548 346 6579 2003 6547 337 1569 223 1568 2498 3990 2500 
86 0 1 0 4 6 0 3 8 4 8 8 3 125 2459 1940 1527 1985 1934 2073 1948 1571 3981 1987 1548 1607 1938 2067 1944 2455 1570 2609 1949 2467 1966 1560 2066 1984 1939 1546 1526 1572 2064 2065 2031 1969 2028 1561 2610 2071 2032 1977 1606 2599 1935 1945 2460 1519 1968 1522 1556 1508 1509 1523 2627 2524 1978 3048 3046 3058 2487 2619 2033 2611 2080 2594 2029 2620 3052 2533 3961 1967 2613 3067 1970 2526 2525 2534 2527 3056 3059 3988 3893 2532 2496 2490 3049 2002 2612 2542 2535 2078 2545 2606 2595 2528 3965 6501 5366 5032 5524 6398 6803 6551 6348 5370 5021 6383 3898 3168 2625 3175 6518 5054 2617 3994 2607 3047 3057 5046 5022 2497 3879 3179 5044 3989 3896 3955 5033 
87 0 1 0 4 6 3 3 8 4 8 8 8 125 2555 2616 5502 2624 2554 3897 6380 6349 6364 5349 6399 3280 4867 5320 6519 5323 5055 2540 6354 3258 6402 5045 2486 3062 3878 6576 5367 5494 3260 3178 5034 5047 5525 3995 5504 5023 5515 5368 5024 5505 6396 5043 6406 6381 6366 6365 6355 5035 3264 5526 6403 5347 5042 3279 5321 6508 6554 5512 3259 5503 6511 7636 6577 7634 6786 5495 6808 4862 6367 3278 5025 3270 5348 6809 5369 6352 6582 5327 5056 6407 6552 6368 5352 3265 6555 5514 6804 5324 6574 6509 6500 6502 5513 5036 4863 5057 5353 5037 3053 5020 5328 6805 6510 2079 3271 6583 4860 5322 2072 6575 3952 3169 5325 3960 2491 2016 5329 6560 4866 3174 1549 2007 4861 3953 5351 
88 0 1 4 0 0 0 3 8 8 4 6 4 125 903 834 2099 1294 1329 2095 1337 168 3310 830 2098 989 2094 907 1132 832 904 358 3235 1614 848 2503 905 1996 5078 3968 847 1326 870 1306 2480 171 852 876 1336 836 1133 1609 823 906 1613 1341 1295 838 880 2633 372 855 867 3076 871 881 877 862 1578 1615 902 866 420 1590 3936 1579 373 982 178 426 6813 806 5416 854 846 7638 361 6418 849 169 3934 3082 3311 807 1584 5537 1962 3929 2040 6847 6868 5535 7639 376 5059 6872 170 6426 378 7649 374 421 7658 174 363 6419 6848 6441 3083 172 6384 6433 6849 6385 5405 6440 5392 5420 5396 6448 5058 5431 7659 6810 6826 5528 360 6449 182 
89 0 1 4 0 0 4 3 8 8 4 6 8 125 6851 3281 2568 432 6427 377 5546 7648 6871 379 5379 2560 430 6873 3202 173 184 175 6869 6389 7640 5417 6814 5466 5414 6812 362 5381 185 7803 6846 5397 5432 6830 6829 7641 5467 6815 3186 433 7802 5380 6827 5530 2582 5529 5547 3203 2561 6816 6811 5393 5421 5378 3966 2569 6850 5456 5453 5433 3197 5415 6817 5430 5461 5399 5395 5451 5404 5423 6831 5458 5426 2583 5400 5549 3213 5063 3224 3967 5434 5402 2035 2054 2048 3236 3225 3247 3249 5462 3244 5457 5450 5427 5401 5468 2041 5459 5407 5463 5435 3204 5422 3201 5398 5452 5469 3198 5394 5403 5406 3200 3234 3998 3237 2507 2055 2502 2034 2504 3245 2049 3246 2512 2513 
90 0 1 4 0 6 0 3 8 8 4 8 4 125 1953 2515 2473 1611 1540 1591 452 1608 3084 1535 1580 1330 204 1118 1620 406 2472 988 440 1952 3935 428 1957 390 1621 1956 192 1963 375 1327 2042 1529 2634 2506 3969 1307 180 1528 1308 1293 1586 2481 1992 1534 1997 1626 985 1127 2082 2057 1950 1338 1585 1340 3069 409 431 1993 2100 422 1339 183 1627 393 2505 2088 3068 2043 1587 6444 3077 359 190 2089 195 407 3298 207 438 179 427 455 391 1581 5084 2083 3086 3085 205 2635 191 2579 3087 1951 439 443 453 423 181 6445 2056 3299 441 1991 3899 3997 206 5085 394 2101 6443 429 6870 454 3910 5060 1610 392 193 5065 5419 3187 6428 6429 3902 
91 0 1 4 0 6 4 3 8 8 4 8 8 125 1582 3286 5539 408 1532 3300 3911 194 3218 5061 208 6408 196 6430 5550 1618 3284 442 456 5531 6386 3072 395 6420 5470 6828 424 6421 6387 5424 5551 3288 3073 380 457 197 6431 6852 3219 6409 209 5062 5548 410 3287 3220 3285 3900 3914 3301 1954 1583 3903 1533 3912 7660 1619 3289 3282 3214 3221 6442 5538 3916 3913 5536 5454 5425 3915 6451 2474 3901 7650 2050 5066 1309 3205 5069 6446 2637 3283 5464 3206 6450 1955 5064 6432 3222 6388 5455 3074 3917 1622 5067 3972 3216 3970 5086 3318 2638 6447 5428 5429 3199 5465 5460 2636 5418 3290 3937 2639 3996 5087 5068 1343 3319 3075 3207 3973 1342 3215 3223 3217 3971 3999 
92 0 1 4 4 0 0 3 8 8 8 6 4 125 820 814 816 2483 1616 3904 885 863 3918 3238 1617 2037 2102 879 2479 817 2589 2585 3313 5080 2091 864 2571 821 868 872 818 837 882 874 2085 815 878 884 3906 2475 833 831 839 2521 2103 3905 2096 2084 875 869 819 835 1998 873 2482 2036 3242 883 865 6834 2588 6843 2644 2584 851 2516 857 5071 3293 850 3302 2649 6424 3321 6823 6436 2578 3254 6819 3943 3291 3239 853 5082 2646 2629 5079 856 6425 3942 3931 1331 2517 2580 1333 1335 3189 2565 983 5083 2645 7645 5388 6838 6818 6423 6844 6422 5384 6864 6434 6412 5075 3908 6832 7651 7661 7805 7646 7642 6438 3303 2628 6861 6876 6845 444 6854 6452 
93 0 1 4 4 0 4 3 8 8 8 6 8 125 6878 7643 5089 2581 1328 6881 176 6875 5385 6413 6435 6439 3320 6884 6839 5532 381 5437 6853 6858 7656 7804 5473 2566 177 7647 5527 6856 6820 5389 5387 186 425 6886 434 6833 6855 366 435 187 6822 6859 7666 6840 5391 364 6879 6865 6874 5474 2567 6821 5476 7654 5544 5443 3194 5440 5472 5534 188 437 6877 6887 3192 6882 5436 6857 3208 436 5413 6841 3193 5478 3195 5408 5484 6867 3248 5552 5412 365 5441 5446 5382 3209 367 6836 5481 5477 5556 7662 369 5480 5410 5486 3240 6837 5386 3252 3188 5409 5447 6860 5485 5383 368 404 2059 3210 3241 2052 5411 5438 2511 6842 2586 3253 2514 3211 5487 2058 5390 1999 2570 
94 0 1 4 4 6 0 3 8 8 8 8 4 125 2574 2651 3932 3939 1990 2520 2044 2587 1531 1310 1530 1612 1960 2471 1959 3940 1311 2470 2648 2046 2510 2519 2092 3919 3079 2086 3907 2647 3316 3909 2650 5081 2093 3315 2038 3078 2518 3930 3933 3243 3314 3325 6835 2641 3938 5092 1989 3255 3070 3080 1988 1588 3944 5093 2039 2562 2573 1623 2087 5442 3250 3317 3324 3230 2572 3312 1625 2640 5448 6437 3322 5072 1589 3920 3226 5088 3190 3922 5479 7653 2476 396 3945 3296 1334 6453 3227 5533 5073 5542 1537 5444 5374 3081 3071 3251 2575 1344 1961 5439 1538 5449 5482 3323 2642 2576 2051 5076 411 3304 458 2643 5445 5483 5555 7644 6454 3923 3308 6862 3231 5371 7663 3297 7652 
95 0 1 4 4 6 4 3 8 8 8 8 8 125 399 5553 210 3921 5543 7655 397 2053 5070 5375 1994 198 2097 3196 3306 446 6824 5471 382 6417 400 447 5488 384 2577 5077 6825 3307 6863 6880 6885 6416 1539 5475 445 3309 2478 7664 6866 3294 199 3926 3305 449 189 6455 6414 1624 201 5372 5554 3292 387 3232 412 414 3927 203 383 6415 459 7665 212 385 3295 5545 6410 403 7657 460 448 2630 5489 6456 200 451 5540 211 5557 5541 398 3233 5376 3191 3924 450 5090 213 5074 2631 388 202 405 461 1536 3928 3228 5373 6411 2509 401 2477 413 370 2090 2045 5091 415 1995 3212 389 3229 2564 2632 3925 1958 5377 2047 3941 402 2508 371 386 1332 2563 
96 3 0 0 0 0 0 8 2 5 5 5 6 125 576 924 997 992 923 462 566 472 2109 577 5117 567 4350 568 925 463 2104 3354 473 464 579 996 2130 491 5252 489 580 6888 570 503 578 474 3355 466 4351 2105 4470 591 6952 478 7827 475 3327 476 5143 601 5270 477 7234 6890 488 6919 7809 5256 479 4471 7830 5142 5797 467 500 581 465 5756 5273 4091 569 6889 5720 5253 5558 7226 5747 4074 5576 571 5559 4050 6950 1631 5099 5257 5706 2662 2131 4318 3332 7004 490 5721 5271 5718 5250 6891 4075 5804 7834 7214 5577 4356 7235 7828 7227 6958 502 7225 7224 5757 7831 4352 7806 6892 5719 5700 4051 5762 5707 5560 7812 5602 5782 7826 5096 7813 1673 
97 3 0 0 0 0 6 8 2 5 5 5 8 125 3334 4357 3336 6894 5703 6951 3333 7005 6893 1346 5805 7807 7032 5260 4353 5715 7835 5265 6916 4319 5603 2106 5094 5258 2663 6959 5251 6908 5802 4105 7829 4320 5763 5701 5803 6909 5294 5714 5300 3353 5708 5259 5783 6900 6917 7000 5748 6964 4321 3335 6953 5788 6895 5121 5710 5596 1632 5561 5095 5097 5261 6970 2128 2110 6994 5750 5307 5296 3337 3350 6910 5150 2138 3338 5740 3326 5272 4472 5599 5742 4473 4433 2690 7006 5709 5301 2137 5743 6911 2139 5295 5306 6918 5151 4058 2670 3352 4432 1672 2660 2111 4434 7001 3351 5297 5764 5751 7012 1347 5741 4435 5749 4431 6971 6965 6901 1633 5702 6995 5789 2136 5597 2129 6902 5796 
98 3 0 0 0 5 0 8 2 5 5 8 5 125 1135 991 1136 1134 1148 1156 993 1157 922 1149 1137 995 1151 1150 1142 2673 1345 990 1671 1679 2661 1630 1143 3339 994 1670 2107 1637 2657 1350 2672 3329 3328 5816 1348 7028 7216 7215 1144 6913 4076 1351 4448 6897 4342 7007 4462 501 5267 6962 7832 4463 5589 2691 7003 5146 6960 3356 6903 7008 5579 5817 6904 5819 7034 4057 7217 4095 6922 7218 512 5132 5765 6905 7013 7029 5118 7009 4106 6957 7833 5712 5753 5100 7010 4343 5717 5605 5793 4478 7035 6996 6914 5262 5153 6963 6974 5723 5147 4479 5254 6920 5766 5794 5744 5119 6915 6923 5754 4336 5101 6898 5263 6961 6906 5562 5133 5268 7011 5818 6997 4053 4107 6966 7014 
99 3 0 0 0 5 5 8 2 5 5 8 8 125 7033 5713 5798 4067 7219 4322 7810 5098 7030 6975 7031 7811 6921 5255 5600 4108 5704 5767 5758 5711 4477 5799 6968 6967 7015 5303 5274 5298 5269 7808 6907 5784 5800 5745 4474 4065 5120 5795 6899 4323 6998 4344 5755 4092 5606 4337 5299 5304 5152 4109 5601 4079 5578 5746 4475 6972 5760 4068 5705 5264 5785 5607 5266 5759 4338 5790 6954 5716 5144 6896 5722 4093 4324 4354 4060 4102 4345 4476 5801 6969 5590 5806 6999 5275 5148 5786 4325 5807 4055 5305 5149 4449 5308 5563 4066 4359 5598 4430 5604 5787 4103 6956 4052 4077 5145 5792 7002 4355 6955 4056 5752 6912 4358 4078 4339 5761 5791 2671 4059 4069 4094 4104 4054 6973 5302 
100 3 0 0 5 0 0 8 2 5 8 5 6 125 2112 2113 1349 2654 999 998 6976 2692 4329 4326 3357 5112 5127 3344 3358 3345 6935 4061 4328 4367 5157 6932 5770 5609 4458 4346 7850 4371 4480 6977 6989 5612 6942 5591 6978 6927 7024 5768 7815 3348 3349 7851 4327 5618 7840 5114 504 6979 6944 7222 5613 7221 5564 4089 7818 7814 6943 3342 6925 5287 6988 5724 582 5277 3346 7836 4071 6933 2108 5777 492 592 481 5735 7228 4482 7845 6984 4481 5619 5115 3347 4070 482 5130 5616 5280 5154 4114 573 593 4368 4460 1634 583 469 5610 585 3343 6928 595 7841 602 5730 507 495 5725 5288 6945 7223 7816 7819 4486 7229 604 7837 471 493 607 5155 6980 5726 605 7018 5276 
101 3 0 0 5 0 6 8 2 5 8 5 8 125 575 7817 7232 5156 480 6929 603 485 505 572 5771 4369 5611 5617 6926 5727 5289 586 7046 5734 5731 596 468 3340 584 598 5281 5286 588 7233 594 7230 4115 7016 4436 494 506 4442 496 6924 6934 4062 510 483 589 5769 587 7859 5572 498 508 5820 7019 6981 487 4099 4456 5808 5585 599 4366 2668 5608 7231 4360 5736 597 7824 3341 600 7825 5809 4080 5102 4098 2669 5593 2125 4361 4370 5737 5584 4086 2134 5136 2655 5137 5573 486 5126 4451 4110 5104 5592 470 4063 4483 5565 511 5158 5103 509 4457 4450 4365 5111 497 4081 7036 4437 4438 484 2141 590 2140 5159 574 7017 4364 1674 2667 5566 4443 2664 499 
102 3 0 0 5 5 0 8 2 5 8 8 5 125 1139 1140 1152 1138 1161 1160 1155 1141 1147 1159 1153 1154 1145 1158 1146 5105 4111 5140 1677 1639 1628 1678 1638 1635 1640 5131 1629 1636 1668 1680 1683 1682 2656 2652 2665 2659 1676 1681 2666 4334 3331 7037 5134 7042 1675 1669 4332 7820 7047 7025 4347 4335 5135 4447 7043 5567 2132 4461 4073 5615 5822 5113 4459 5129 5812 7842 5580 4101 4333 5283 7023 5595 4088 6985 5107 2653 7846 4348 7048 5581 4485 5774 5729 7821 7040 5823 5815 5826 5292 5824 5279 7843 5738 2124 2658 5813 7838 6990 7853 5568 2133 6982 6936 6930 5284 4465 7049 4349 6940 7045 6983 4453 6991 6931 6937 4084 6986 7041 4487 5825 5772 5775 4372 4468 5569 
103 3 0 0 5 5 5 8 2 5 8 8 8 125 4439 4064 5293 5108 7847 6946 7039 7020 5827 5124 7220 7839 6992 7050 5739 7051 7822 4082 7852 5810 7026 5285 5278 7848 5728 7854 5773 6947 6938 5778 6948 5733 6993 5141 5162 5582 5125 4488 5574 4469 7022 5122 6941 4085 6987 5109 4444 7021 5290 5575 5586 5123 4454 5570 4440 5776 5732 5779 4112 7027 5583 4467 5811 5282 4330 5138 4116 606 7044 5160 7844 6949 4096 7849 5828 5291 4340 5780 5821 4489 5163 4083 4445 6939 4362 7823 4087 608 7855 5588 4464 609 4363 4090 5110 5106 4446 5587 2126 4341 5128 7038 5781 4331 5829 3330 4113 4117 5594 4484 5614 4072 4097 4441 5161 4100 5814 5571 2135 4455 4452 5139 2127 4466 5116 
104 3 0 5 0 0 0 8 2 8 5 4 6 125 1004 931 909 908 929 1014 1001 1011 1007 926 1647 1641 3359 928 927 1015 1352 3360 1644 930 4025 3393 4200 7861 5227 5832 5881 7155 2681 1006 1353 1010 5659 7865 3381 5668 7101 7053 7112 2677 7065 7087 4375 4197 4126 7111 7172 5183 5856 5634 5831 5863 610 5176 7056 4127 5669 7164 7124 4184 4394 7886 5230 4143 5896 4201 5918 4168 4187 5833 4129 5860 4522 7156 5846 7133 4414 7182 4186 5847 5202 7157 7126 5204 4395 5232 5656 5926 5635 5932 5231 4185 5620 5916 5177 7165 4170 4118 4204 5919 7130 4169 5857 7062 7054 5830 611 5897 5861 7057 5638 7887 7080 7173 7125 5894 7060 4523 7094 7864 5216 7095 5927 5165 5895 
105 3 0 5 0 0 6 8 2 8 5 4 8 125 5684 5924 5639 7081 5214 7127 7052 7884 4494 4548 4171 4205 5203 7131 7180 5682 5201 5917 4119 4490 4500 3396 7055 5933 4145 7118 5657 7860 5938 4506 5882 5680 7088 5888 7061 5660 5621 7183 7063 5233 5875 4415 5849 5666 4501 5205 7113 5667 4136 7089 7119 5184 5171 4507 5200 4404 5925 5658 4026 3397 5164 5185 4396 5685 5889 5215 4128 3378 5939 5883 5217 7084 5170 5628 5852 5681 5661 4495 7097 4418 4144 7181 7154 5683 7066 3392 5228 7090 7175 5622 4491 5862 7085 7096 5229 4549 7132 4198 5848 5629 4012 4037 5858 5876 4376 5623 7082 4027 5854 4382 5853 4397 5874 4419 7064 2676 2152 5178 4405 2680 5636 4550 7067 5890 4373 
106 3 0 5 0 4 0 8 2 8 5 8 6 125 1165 1163 2114 1164 1648 557 524 2683 541 1005 1356 3366 5168 556 2684 3376 3361 4034 4546 1654 4035 1357 4497 1000 4202 513 540 4175 542 544 5631 5632 4002 525 526 4498 545 4014 3377 1162 2685 5928 547 5169 5633 4503 4199 543 5934 558 5921 514 527 7889 529 560 4017 4013 5922 7885 559 530 4499 5887 5180 4412 528 4132 5929 4015 7867 4203 5935 5172 5834 7068 3364 4172 5891 4130 1687 5835 5940 4131 7058 515 4413 5624 7158 7862 7120 7890 4173 4504 7166 531 5174 7179 546 561 7069 4133 5937 3365 3379 4380 5181 5923 4492 7168 7116 3372 4134 5173 7869 4138 7169 4137 7167 7160 5892 4493 5850 7128 7092 
107 3 0 5 0 4 6 8 2 8 5 8 8 125 5878 7122 7888 5175 4381 5625 7059 4505 5898 5941 4374 5182 7863 7186 5942 5884 4207 7174 1354 3373 5626 5877 7866 7891 3374 7868 5859 5855 4016 4120 7159 4135 7117 5930 4124 4139 5864 5931 7161 5179 7184 5880 5851 5640 2146 5885 5627 5893 2115 4122 5637 4121 7170 5166 7129 7162 5936 7123 4496 7135 7114 5879 4188 7102 4502 7187 5899 7176 3363 7093 7121 4140 3380 7083 5920 1646 3375 4416 1649 5686 4378 4038 3362 4142 2675 1355 4039 4532 4001 4125 4531 2143 5630 2147 7171 4141 4377 4379 4206 7163 7086 4123 4417 4547 4545 5886 4000 7178 4406 7177 7134 5865 4036 7185 2674 5641 4544 7115 5167 2142 7103 4189 4551 1686 7091 
108 3 0 5 5 0 0 8 2 8 8 4 6 125 1009 1003 1017 1008 1002 1012 1016 1013 4028 3370 3398 3384 3394 3367 3388 1643 1650 1645 1642 1655 4008 4029 4030 7072 4529 2144 5186 4046 4398 2153 7191 7892 7143 7145 2148 4514 4543 5246 5235 7106 5236 5643 5689 7149 5672 5871 5225 4562 2150 7198 4044 7199 4535 7189 4022 5673 4045 4402 7879 7893 5943 5237 4009 7141 5674 5945 4410 5955 4555 7206 7874 7073 4161 4047 4031 2145 5238 5187 5642 7107 2151 7074 2149 4399 4216 5903 4411 4032 5226 5691 5670 5901 5687 5239 4003 4024 7098 4180 5950 4383 4530 7192 4403 5845 4533 4196 4541 5838 5906 7856 5248 7870 614 7104 5836 4564 612 4518 5910 7875 7207 7075 7076 7193 4552 
109 3 0 5 5 0 6 8 2 8 8 4 8 125 5904 4519 5948 5194 4565 7099 7208 7201 5956 5951 5840 615 5907 4218 4524 5249 7105 7857 4154 7196 4148 7142 5671 4194 7858 7871 4149 7077 7070 5905 5218 5911 4510 7190 5870 520 5944 4191 5837 4181 518 5665 5221 5211 4183 7197 4528 4208 5234 4219 4155 5646 7144 4176 4538 5662 4511 5678 5222 4525 4042 5866 5949 5206 5195 5188 4422 4553 5841 4195 5698 5219 5675 7108 7071 7877 521 7881 4192 5957 7896 519 4536 7209 523 4554 4526 4177 4043 4423 2687 7136 3368 5872 5663 3395 4174 2154 7100 5699 3385 5913 3369 4210 5647 5220 4539 4193 4534 7109 7148 4209 5688 5867 4190 5679 5223 4407 2682 5207 5208 4542 4160 5844 5189 
110 3 0 5 5 4 0 8 2 8 8 8 4 125 2688 4408 5210 5213 4033 1695 4409 1651 1690 2117 2122 1691 1689 2689 3371 1694 2118 1692 1688 5212 2116 2686 2123 2119 1693 5209 4150 4162 4425 2120 4421 3389 4041 4424 4163 7138 1685 5648 3387 5191 5654 5193 4512 1684 4428 5196 4214 5915 5908 4420 4040 4515 4157 5197 4164 7150 5690 4217 5644 4048 4513 7079 4429 7897 7152 7895 4426 5697 7203 5909 3390 5694 7137 5649 4020 1652 7873 4179 7146 7139 5952 5958 4508 5242 4146 4018 4509 7110 4158 7213 4019 5839 4520 5959 5192 4049 7898 5655 7872 7194 3391 517 5946 5843 5873 7151 5900 5953 4166 7147 4427 7153 1653 4392 4159 5645 5960 7204 5247 548 4165 5652 2121 4147 4516 
111 3 0 5 5 4 4 8 2 8 8 8 8 125 4401 5198 532 4400 4021 533 7900 7195 4521 4517 551 7903 7882 7878 5954 5650 4390 5914 5199 659 4167 4023 5653 4388 535 7200 4156 7899 4563 7205 5842 4556 4393 5961 4010 3386 562 7901 5240 5947 5692 5241 4011 563 4389 4004 536 4211 5693 4384 7876 7880 516 613 565 5651 4557 7894 4391 3382 7078 7883 4558 617 549 5868 4527 4559 5244 616 539 7202 534 552 4152 550 554 618 661 538 7210 5676 4182 5902 4385 5912 3383 7188 4386 4005 2678 4007 5224 4540 4212 5696 4561 4006 4153 4215 5243 5695 564 7212 7140 555 2155 4387 660 4178 5245 5664 553 522 537 4560 5869 4213 2679 7211 7902 5677 5190 4151 4537 
112 3 2 0 0 0 0 8 8 5 4 6 4 125 674 1071 757 824 2299 753 703 1023 694 967 1019 936 915 1449 1708 1067 932 914 1106 1053 1271 1783 2257 961 1169 2283 804 695 966 1721 1399 752 1212 825 1194 2256 1270 662 673 760 2293 1065 935 1227 754 2282 2275 1061 1452 1070 1052 702 1782 2260 686 886 913 2261 759 3433 2298 761 1785 2274 2883 1804 1226 962 756 2264 675 1662 934 1064 933 2697 2884 664 1657 758 1709 1696 1398 672 755 1784 1072 1453 1812 1740 3399 1073 2698 1066 663 665 2178 2175 2769 2788 937 4223 3686 1386 4240 4664 3688 2166 2892 3696 4220 1727 3697 4665 3687 2182 3436 3723 2700 2719 4619 2179 1218 4640 2789 
113 3 2 0 0 0 4 8 8 5 4 6 8 125 676 2176 4649 2699 4566 4634 3720 3682 677 4573 3718 3721 3683 4567 2792 2200 1179 4601 4582 4614 3432 4221 4663 666 2701 3587 7248 2183 3437 2180 4659 1219 4574 4641 4579 2177 5965 2184 5962 2793 4632 4606 4568 4608 4572 4575 2702 2201 2768 4583 5964 2716 4616 4638 4584 2181 4646 1059 1361 4615 2718 2782 2199 3719 4660 4570 2715 4602 4585 2156 1743 3402 4618 3588 4648 1739 4578 4571 4609 4647 4600 4633 4617 1221 2770 2781 4612 3581 2772 2185 4639 2783 4569 4607 4658 1741 2717 4662 3564 3551 3440 4610 3550 3518 3406 3584 2771 4644 3524 1726 4603 1722 2157 1723 1060 4613 1742 1058 3525 3589 3580 1738 1360 3519 1720 
114 3 2 0 0 6 0 8 8 5 4 8 4 125 1195 1233 1268 1387 1177 1188 1400 1196 975 1176 1794 1394 1107 1166 1228 1178 1444 1180 1197 1442 1027 1805 1815 1186 1697 1021 974 1220 1213 1187 1167 1814 1656 1390 1698 2790 1367 1724 1445 1699 1026 1795 1711 1443 2874 1020 1229 2791 1358 1725 1710 1813 1168 2885 2893 1189 1269 1018 1803 1395 1663 1448 1022 1401 2703 2910 2167 2159 4271 2265 2875 2312 1190 2704 4257 4238 2169 1359 1754 4241 7249 4268 1181 1362 4661 2280 1214 2694 2198 3684 1366 3712 2168 1391 2158 2302 3590 2911 3426 3428 3685 3713 3548 3529 4239 3710 3570 2313 5966 3439 4645 4269 4611 4604 4576 3694 4580 3689 3404 2912 2281 4258 4224 3546 2314 
115 3 2 0 0 6 4 8 8 5 4 8 8 125 2303 3552 4275 4247 4245 3418 3425 3565 3566 3591 4260 3714 4272 3526 3419 3400 3571 4776 4259 3544 4242 4228 4605 3549 3702 3530 4635 4577 4581 3711 3405 2316 5967 2914 2315 3416 3695 4225 3427 2913 4226 3547 3567 2262 4772 3700 3553 3429 4773 4276 3701 4642 3698 4273 4229 4636 3715 3708 4227 4261 3527 4666 3703 3568 4246 3722 4244 4243 3582 3417 4270 2263 4274 2915 3572 3592 3434 3531 2294 3545 3520 2317 3401 2276 4277 2720 3569 2300 2278 2773 2284 2258 2296 3583 2695 3420 2705 3435 3407 4637 2295 2903 3522 3709 4643 3521 4256 2902 2277 4222 3585 3699 2721 2297 2301 3403 3586 2786 3438 2279 3421 2259 3523 3528 3441 
116 3 2 0 4 0 0 8 8 5 8 6 4 125 917 1705 1272 1737 1191 1702 1714 1198 2285 1025 2324 2318 1736 1706 939 2290 1718 1790 1789 891 1800 1811 1174 912 890 888 889 887 1786 1799 2320 2327 1069 1797 911 1057 1068 1076 910 1809 1075 1074 1273 1798 1024 1056 1173 938 1451 1054 916 1796 1055 1029 3413 1215 964 1237 963 2706 1715 1446 1792 1388 2906 1028 1787 1816 1810 2888 2321 1801 2890 1791 1666 965 1703 1788 1230 2780 1404 2712 3414 3449 2209 2165 4264 4249 3446 2778 4253 2707 1062 2194 2170 2189 1364 3691 3620 1063 2710 4262 2192 2711 687 3452 2193 2779 3415 1234 1365 4667 2195 3447 3626 3451 2188 3717 2797 2708 679 2713 3408 1224 1392 
117 3 2 0 4 0 4 8 8 5 8 6 8 125 7241 7236 7250 1756 3621 7237 3537 1363 667 706 4586 4588 4594 2799 696 2801 1757 688 3556 3453 5968 1225 4650 7251 4627 4591 681 3532 4774 7244 5963 4621 7240 3627 669 4668 1746 4669 2202 691 2203 3454 3533 699 4620 7245 3442 4587 2800 4595 697 689 4596 3554 678 4626 1747 2196 7238 7242 4651 3622 707 4589 3557 5969 705 5972 4597 3410 690 3623 2777 4628 3450 7243 692 2210 698 684 2798 1731 3443 682 670 700 668 1396 1664 3596 2208 3593 3555 4590 680 1402 3577 1403 3559 3573 2164 2776 3541 3558 1397 1755 1758 3534 3597 685 708 1749 5973 701 671 3411 683 1704 2173 2211 2722 3540 3576 693 4629 
118 3 2 0 4 6 0 8 8 5 8 8 4 125 1193 2291 1200 1735 1450 1183 1172 1182 1719 2286 1222 1199 1216 2319 1236 1454 1201 1232 1223 1716 1701 1192 1447 2288 1175 2289 2272 1184 2266 2305 1235 1231 1707 1185 1745 1217 1170 2325 1713 1728 1732 1171 1759 2877 1748 1802 1808 1660 1817 1752 1729 2891 1753 1806 1658 1659 1717 2894 2898 1761 1665 2909 2907 1793 2900 1667 2881 1750 1760 1733 2889 1661 4265 2160 4250 2304 2197 2908 2917 2899 2287 2880 3409 4232 2918 2267 2310 2882 2161 2916 2207 4263 2270 2174 2273 4233 1807 2204 2171 2328 2206 2709 2714 2163 2696 2693 2904 2162 2901 3724 2205 3725 7239 2186 3716 2905 3705 4592 2271 1730 2322 2311 2895 5970 4251 
119 3 2 0 4 6 4 8 8 5 8 8 8 125 4630 2268 7252 2876 3578 2308 3455 1744 1712 2886 1700 3624 3598 3431 2329 3561 4598 3692 3538 2887 3704 4670 3599 3726 4654 4770 3575 4672 7253 4631 2323 4622 3706 4230 2306 3690 4652 3579 3424 3625 4593 4237 704 2896 4280 4278 2794 4282 3535 2309 4254 5971 4775 2269 4655 4624 4279 709 4771 4281 4236 2795 2307 4283 3444 2878 4266 4599 4673 2897 4255 7246 4671 4623 2774 3707 3693 4248 4653 4234 4231 3727 3542 2784 3539 3560 3543 4252 3594 2775 2879 7247 2326 2785 4267 3423 3562 4235 4656 4674 3536 3445 4625 710 2292 2190 3422 3430 2187 1393 3563 3412 4657 3448 4675 2172 2723 2787 2796 1751 3574 3595 1734 2191 1389 
120 3 2 5 0 0 0 8 8 8 4 6 4 125 919 971 1840 897 940 968 1091 805 1275 1455 1099 1843 973 1278 1078 918 920 956 972 1247 970 1108 726 826 892 1842 1254 1280 1092 1459 1100 921 951 1263 946 762 764 969 1837 2240 1822 1087 1077 1239 950 977 976 1861 957 2935 1858 1037 1823 765 1839 1262 947 1042 1036 636 620 1836 1256 727 1079 1875 2363 1874 1859 2864 1248 763 4307 1246 1031 1030 1841 1257 1264 1820 1238 1818 1093 1821 1049 1039 1101 1281 2759 2763 1434 1038 1048 2724 1405 1086 2738 637 1043 1435 1423 1414 3608 1406 1415 1407 1424 4736 4689 7254 3484 3609 3492 2850 7272 3662 3500 623 4710 3508 2742 624 7275 3488 3470 
121 3 2 5 0 0 4 8 8 8 4 6 8 125 3493 4737 3489 3663 3612 3501 3509 4711 3471 3485 3460 2851 2842 4679 3601 2806 4705 4287 7274 3748 3606 4743 3740 7273 4744 4288 7258 4681 4286 2817 4306 4755 7255 625 4695 4690 3607 4742 4748 4684 4718 3613 3749 3600 2854 4738 2807 4691 2852 3461 2248 4745 4720 3614 4686 2242 3506 2843 4712 4678 2853 2855 4739 4713 2865 4754 4749 2227 3463 2247 2249 3507 4694 3486 4750 3602 4721 4685 4704 2241 4719 3615 3504 4687 2243 2803 4706 3494 4707 2809 3644 3462 2813 3635 2802 3645 3666 3633 3472 3505 3495 3466 3634 2836 2743 2734 4692 2230 3487 2832 2725 3643 3467 2816 2216 3456 3457 2228 2812 4680 2214 2808 2231 4688 3632 
122 3 2 5 0 6 0 8 8 8 4 8 4 125 635 742 1461 2362 1863 1877 1426 1819 1369 712 766 1368 1084 1437 1207 1876 777 1860 775 1468 1862 1249 1370 1456 621 1265 941 1240 2246 1382 2932 2736 1838 654 1378 1774 638 2921 1457 1383 2366 729 789 1032 652 2331 2933 2862 774 1085 745 1460 1436 1241 714 769 788 2213 2212 790 2330 743 778 1274 1775 2334 3616 4751 1250 653 793 2833 2805 732 3459 1208 713 4304 728 641 2740 791 2737 1466 3469 2863 767 622 730 3603 715 639 3657 776 1375 1824 4709 781 2841 4305 4285 2735 2739 4746 3617 2346 3746 7259 7256 2727 3730 768 3604 3739 779 2920 2837 770 3728 4714 1467 2352 2744 744 2741 
123 3 2 5 0 6 4 8 8 8 4 8 8 125 2820 733 655 4308 640 642 716 2335 731 2347 717 792 3610 2922 771 4782 4747 2834 1425 7257 2838 1427 4777 2745 746 4722 3731 4309 4284 2818 4693 1255 4289 3502 3747 4715 1469 2353 4783 1276 643 4753 780 2821 3605 1209 3464 1377 2839 4298 4752 3743 4682 2351 3465 3741 3611 2367 3753 1428 2810 3510 3732 3742 2934 3750 2835 4723 4740 2232 2728 2819 4716 3751 3729 3503 3738 2814 1379 2365 2729 2332 4299 3660 3664 4717 2348 2811 3658 2840 4696 2233 1277 4756 2866 1210 4683 1211 2726 4741 1279 2764 2815 2217 3656 4708 2765 2333 2349 2215 2804 2229 1090 3667 1109 3659 3661 2350 1376 3665 2364 2226 3468 3458 2867 
124 3 2 5 4 0 0 8 8 8 8 6 4 125 1476 1080 944 1082 1089 1411 948 959 2370 954 955 1832 1088 1854 1410 952 1083 1096 1883 960 1103 1780 827 1828 1868 1095 1866 1848 1081 1873 1878 1826 1102 1865 1855 1770 894 1097 1769 1845 895 1471 1885 943 1880 953 896 945 1834 1825 1463 949 1094 1104 893 958 1852 1105 1872 1853 1835 1044 1844 1251 1864 1464 1252 2343 2926 1050 1867 1879 2341 1041 2930 1869 1829 1882 1051 1266 1243 1035 1242 4296 1253 1260 1244 1033 4313 1267 1045 1040 1245 1474 1046 1881 1884 1849 1034 1371 2755 1433 2762 1416 1429 1409 2732 2767 942 1441 1439 2751 3755 2236 4314 3733 2244 4312 4316 4291 4290 1418 1258 3678 1384 
125 3 2 5 4 0 4 8 8 8 8 6 8 125 7279 3496 7260 3744 7265 3653 3676 626 2847 4757 1408 1438 4300 1417 2826 5974 4761 4698 7271 3646 4701 7268 3497 4728 7278 3619 7276 3677 2823 7261 4762 4697 5981 4759 3473 4734 4676 4724 3648 5978 629 4727 627 3679 4301 3642 7262 7263 7266 5975 3649 3668 4699 5979 7269 4725 3636 4730 4677 5980 3654 3647 3670 4729 4732 4758 3618 2245 5982 4766 7280 7277 3673 2872 2828 4763 5983 2222 2873 3498 3671 3476 2219 3639 3652 7264 2856 3669 4733 3637 4767 2829 7267 3628 2871 2824 7281 3651 3655 4731 3512 3680 3513 2733 2223 1440 1779 1778 3650 3638 7282 3629 7270 3499 2760 711 4700 2822 3475 2825 3474 1768 2857 3477 2870 
126 3 2 5 4 6 0 8 8 8 8 8 4 125 1412 1420 1419 1422 1206 1475 2374 1202 1850 1098 1385 1833 1462 1827 1110 1205 1373 1781 1771 1458 2371 1374 1372 1047 2375 1413 1870 1204 1465 1871 1421 1776 1772 1773 2761 2927 1846 2748 2368 2860 2931 2928 2250 1764 1851 2254 3516 2940 2861 2858 1203 2252 1763 1847 2929 1765 4302 2345 1856 1857 2749 2255 2938 3517 1777 1766 1261 1381 1767 2344 3514 1259 2766 2253 4297 1830 2859 2936 2339 3515 2251 2757 4292 1430 3675 2218 4315 2372 2941 2225 2224 1473 3754 2939 4317 2747 2235 2237 4295 2354 2868 4735 1470 2848 2844 2845 2234 3681 2369 2357 2358 4303 3511 2238 4293 4780 656 3734 3490 4764 5976 2356 4702 644 3737 
127 3 2 5 4 6 4 8 8 8 8 8 8 125 735 3736 2355 2923 3491 1472 2752 3757 747 1432 1431 4760 2827 3630 2359 7284 772 4784 2336 3745 720 773 4703 3672 4778 718 4781 2919 782 2924 5977 795 4765 3480 2849 784 645 2730 2753 657 4294 3631 3478 3640 3735 4779 736 647 797 734 4768 787 628 648 723 721 632 2756 786 4310 719 748 739 630 750 783 2731 2338 7283 2337 2925 2830 3481 4785 2360 3756 3479 3641 794 785 2342 2846 2754 737 633 2937 651 4769 650 749 1831 658 2831 631 724 3482 796 3752 2220 2869 4726 2746 4311 741 646 2361 619 1380 2750 1762 722 3483 738 634 2221 2340 725 2239 2758 1111 649 751 3674 740 2373 
