512
512 0 0 0 62 52 50 29 4893 11897 14470 6627 3169 6124 13803 9392 4688 11025 3754 11595 7697 5479 1614 1805 5086 13919 13784 4099 4390 10801 1800 6884 3535 8984 14626 4854 12609 
513 0 0 50 62 52 129 29 8649 5951 6334 10601 7658 6969 11442 12989 7034 11479 2330 3178 12545 9587 9488 12183 14409 7255 2372 8477 9597 2119 14997 10192 9261 12692 4776 6315 4754 
514 0 52 0 62 128 64 29 13903 11601 12445 8247 4024 10469 656 7728 10877 11843 454 12152 5830 9136 10708 8708 11352 828 8279 8815 5563 9995 3750 8245 4409 3899 10915 10034 7650 
515 0 52 64 62 128 129 30 13556 13913 4956 744 12408 14588 3717 1968 14232 6892 3764 3966 6618 7535 6835 4055 10222 3761 9300 14755 11634 2466 5258 5043 13667 12806 11289 1394 13616 5541 
516 62 0 0 126 52 59 29 10138 843 4615 13123 4524 3444 9791 1323 10697 14726 11529 12187 11980 6375 4669 2468 12812 9722 1494 1326 12595 7525 11312 12802 11197 10390 7989 3724 6704 
517 62 0 59 126 52 129 29 4684 2020 2848 8504 11815 11337 14126 11756 822 1847 9906 14328 9666 5022 199 6590 14265 14575 8831 14969 13001 8675 5096 10391 11644 4294 6465 13814 13957 
518 62 52 0 126 128 63 29 6853 14547 3573 9857 4158 9628 3191 4263 9336 1061 7124 10712 409 3832 13429 8947 1782 9322 11 8020 11812 10385 14668 5503 1495 8354 7975 8705 1351 
519 62 52 63 126 128 129 30 12649 14981 5901 14555 9189 2874 10396 6181 7351 4018 2766 13245 11662 13434 6256 10538 12940 1716 7365 6025 8019 4971 10646 9664 5686 9863 6625 7721 1994 24 
520 0 0 129 66 67 196 29 11882 8824 4439 6560 1844 1797 8714 4619 10186 10066 552 12389 12994 12065 6988 8442 10628 2711 1831 730 1017 12232 13931 3302 7018 8601 12798 6616 6537 
521 0 0 196 66 67 258 29 6378 14140 13215 2976 11501 13986 12927 4319 2663 12824 13732 13868 9056 3510 4351 12409 9922 5095 6310 4450 4765 7302 11860 6740 8399 14947 13872 2418 4900 
522 0 67 129 66 128 198 29 13313 13469 58 8378 8241 14911 7759 5678 4922 8447 7019 9702 1681 1712 11542 12898 10810 9305 10173 4721 47 13652 2794 3258 2847 8430 5978 10060 11343 
523 0 67 198 66 128 258 30 11996 9698 5898 8174 332 10749 10596 11738 10117 7641 12808 7361 9562 3933 5240 5455 5172 10036 395 8152 7876 12534 13557 12522 14071 6697 3087 13991 12767 10230 
524 66 0 129 126 65 181 29 7719 14338 12777 9772 10386 8095 14779 6876 14416 13521 685 1819 4698 2362 7097 7434 4570 8725 447 7961 12180 12235 13787 3084 3199 4575 6805 3166 161 
525 66 0 181 126 65 258 29 9026 7072 7755 1235 6746 12553 2090 11279 11517 4544 13333 4671 513 1337 8073 4026 14546 8939 14159 9153 8811 6220 14308 12864 2533 12836 12583 6722 13639 
526 66 65 129 126 128 190 29 9377 5210 14173 4810 14482 12705 1256 14290 7530 13569 13973 1082 1346 2981 13305 4959 237 5189 9988 5006 13874 9528 6484 966 8754 10136 11482 3252 3954 
527 66 65 190 126 128 258 30 10101 3014 3902 1419 2019 3699 2153 133 10980 321 12569 12996 11642 8314 9244 3071 4759 8055 3771 673 466 10384 3860 6433 4312 3182 2318 9833 8641 13781 
528 0 128 0 65 195 72 29 8414 341 11331 11786 3345 912 6658 2795 7042 10572 2495 4095 10042 5113 4858 11929 1205 5369 5855 3245 9986 11311 10254 8254 5693 10216 11422 631 9892 
529 0 128 72 65 195 137 29 2651 1004 2698 12584 4933 9196 9511 7984 13683 7694 14208 4035 3824 2396 4523 14277 1167 13432 9266 12321 11998 14129 2546 10925 6275 4070 9054 4766 5478 
530 0 195 0 65 253 67 29 12531 11274 12516 13379 13193 731 11204 14429 3076 8275 3926 3513 10213 5062 6650 716 5807 2038 5736 9206 5329 14473 934 13291 14542 8936 11817 3807 12478 
531 0 195 67 65 253 137 30 4384 14815 10415 11072 2715 11844 3596 4620 5617 13013 4465 14009 13600 1140 12297 3100 6598 8937 6826 12052 11989 80 4787 3328 8994 2106 11153 11827 10080 8462 
532 65 128 0 126 186 78 29 5916 13881 14573 3029 3536 14657 11388 4281 6206 6182 9093 9993 12557 8461 14882 14068 3371 10397 5465 7884 9825 7473 10318 1434 860 13712 1660 7120 8034 
533 65 128 78 126 186 137 29 14865 10610 2630 14732 12276 10919 5251 8926 10184 8977 7600 5787 4840 2510 2700 7229 12386 2192 2146 5155 3521 6731 7729 12422 9440 7384 3597 8746 12677 
534 65 186 0 126 253 73 29 9938 3690 13440 8238 1982 7951 13883 4788 270 2951 1512 4262 7949 8427 9731 11652 11170 4241 1641 12023 636 12253 5337 3093 11423 13930 6603 6532 10995 
535 65 186 73 126 253 137 30 12832 1941 1164 13485 10240 13387 169 12241 13522 13848 509 13356 3383 9609 8409 1030 7285 5448 7131 249 6293 287 9547 1401 11259 4621 13428 1540 9360 8071 
536 0 128 137 62 191 209 29 5760 9344 11239 11127 12127 12423 2205 11988 11751 7756 8166 6980 8178 4822 1242 3793 11834 4040 1884 4317 92 14857 12565 12587 508 5698 9636 8821 2487 
537 0 128 209 62 191 258 29 6295 5486 13789 9304 2764 3609 4755 12016 1747 13053 7416 1924 10466 5435 5551 1664 1430 3184 1554 10352 1703 14039 6177 7831 14002 4188 14329 3005 1534 
538 0 191 137 62 253 200 29 7331 3825 9809 10031 1736 4360 1738 2389 5382 10484 12995 2978 4485 907 13591 492 7822 11905 26 10846 14399 1590 5409 11366 9894 10282 12776 6070 6074 
539 0 191 200 62 253 258 30 7053 1422 719 5411 9674 1487 4851 2122 7901 3477 2718 9970 6829 13074 9439 7517 7369 2127 5377 7461 704 5925 11823 3249 463 220 13409 11024 6757 3697 
540 62 128 137 126 191 205 29 12937 4036 10023 1775 2892 2074 5985 13583 6512 4302 3242 13167 6895 7787 14765 11902 10014 9087 13743 14892 10835 5108 10529 13651 12494 7464 9592 9393 1596 
541 62 128 205 126 191 258 30 7366 12350 1883 6322 9575 8934 8170 6756 7666 10639 7588 3489 12920 1234 10555 13298 11314 6023 9048 1568 12621 11961 10738 663 10306 7267 1134 14344 1910 5731 
542 62 191 137 126 253 191 29 11144 4404 914 1940 3285 2778 9289 967 12578 8274 3965 13145 8769 2244 2460 1031 6536 10102 7990 11416 3461 10893 7917 5444 7875 7335 8490 10304 13473 
543 62 191 191 126 253 258 30 679 14136 6387 6311 10985 5838 5590 4634 7432 11892 3790 12234 1979 5262 9065 7433 8406 11495 3986 6628 5373 8046 13090 13279 6231 883 778 10768 7686 2956 
544 126 0 0 190 61 58 29 6467 2194 14301 3713 1727 2281 8408 5384 3674 8024 4768 1081 13663 7733 7073 2165 5330 8336 693 13096 7447 7569 647 160 765 12233 10695 7950 6034 
545 126 0 58 190 61 130 29 4880 9711 11879 1147 3052 14346 3464 8476 3852 10178 11022 3047 2096 9115 14980 1222 7400 55 7066 1414 6204 14552 129 814 1869 13471 1553 547 2710 
546 126 61 0 190 126 64 29 688 2150 2869 2799 8458 7036 12340 14412 5128 5610 13446 11103 12628 6367 14540 12909 14108 1457 5809 8096 5231 3583 2246 7130 11124 13613 5559 9454 729 
547 126 61 64 190 126 130 30 5935 10457 12302 1228 8562 3978 2347 1657 13761 3834 10733 2925 13517 890 6591 1739 13920 292 11329 6193 4560 14190 13739 12879 10881 14537 7969 10530 10302 5835 
548 190 0 0 257 51 63 29 5206 895 14025 9415 798 1001 8836 6362 10614 14978 8335 204 864 13048 10803 577 3684 14613 9579 1740 5979 1956 721 726 1915 8468 9105 13029 12482 
549 190 0 63 257 51 130 29 12469 1609 7196 14474 12328 7810 8352 5512 4943 6569 772 14651 6460 14532 5217 8949 14527 11407 6606 12026 13766 4220 4381 12177 12097 13576 13921 12156 11351 
550 190 51 0 257 126 64 29 2235 6064 12773 6335 5780 8877 11054 6434 14984 12428 7802 2292 9462 3024 94 13204 2861 2876 360 2963 8109 3344 10259 3746 10874 11492 10064 6810 2053 
551 190 51 64 257 126 130 30 6257 11273 697 277 9778 14754 10109 12929 14030 5801 748 14447 11064 13089 6960 11091 1456 3060 7203 3901 11915 13637 9859 3127 1108 7746 11924 11603 6176 1431 
552 126 0 130 193 63 194 29 13046 12407 6914 10986 13960 12345 10405 5281 9176 4235 6110 1801 5311 5921 4563 4372 4782 2057 2172 13735 3270 682 8876 1909 7341 12730 2982 7966 14261 
553 126 0 194 193 63 258 29 12821 362 7215 12617 4910 4656 785 1420 1928 14240 5766 9799 1971 166 4564 9604 12246 4309 3968 4916 7147 12247 3562 2931 3261 8049 6230 9844 6081 
554 126 63 130 193 126 201 29 465 14579 13793 9155 4476 12789 11669 2359 8777 5489 8767 5550 3638 8627 3426 9594 10731 14510 2595 11236 10879 7165 11324 13091 11857 12341 14876 5496 4115 
555 126 63 201 193 126 258 30 14524 3894 4352 12759 2741 10098 8197 9447 12361 12619 13386 198 5268 7751 8856 2727 12810 264 1907 10579 5865 12952 1490 10782 6521 5756 4371 6804 799 3877 
556 193 0 130 257 66 188 29 10071 14445 11693 3608 10053 14966 12391 13875 5520 1912 541 8470 13607 10307 5516 12027 14327 9909 5235 1209 472 1834 11692 2278 14323 1600 9342 12381 5474 
557 193 0 188 257 66 258 30 4962 8564 1682 9251 9563 9801 7863 2025 5333 787 5213 2511 1969 2544 7735 11235 950 10268 1558 8261 6732 13493 1268 13867 2772 11592 6866 7039 5754 6882 
558 193 66 130 257 126 189 29 5553 10195 5025 10677 11094 12044 826 10443 12629 13479 13774 3306 14568 2436 9771 10361 7467 3545 3186 7231 14084 7111 4432 8883 2209 8179 14488 11350 4096 
559 193 66 189 257 126 258 30 3663 7744 8439 4216 8759 8026 2680 8793 10843 938 1231 4205 8608 9874 5410 8016 11712 11143 8491 7673 3271 8347 13710 11341 9691 10453 794 439 3779 1341 
560 126 126 0 190 174 47 29 475 8733 8270 3810 1444 10454 644 5469 2750 923 8575 10541 2566 10740 827 14374 7262 14143 786 5357 12624 9242 462 442 9519 13676 12860 14499 6839 
561 126 126 47 190 174 131 29 8650 12046 2234 9325 6232 7087 10540 8522 10936 4629 6680 11467 11850 6355 5544 9148 11357 12724 1484 3653 5310 9358 8751 2955 2524 13553 10285 6008 2802 
562 126 174 0 190 253 63 29 1117 11620 8663 5007 905 9888 243 11345 11927 8557 2508 11012 10235 7458 10325 10502 3725 12311 1462 7408 8673 8433 6754 7924 6706 638 3203 3624 14383 
563 126 174 63 190 253 131 30 14059 3140 14067 12397 2262 1020 2843 14900 5446 12885 9728 14487 6429 10943 12314 6959 12123 1254 12128 14077 1580 8798 6602 113 1172 1404 13935 13902 9881 845 
564 190 126 0 257 189 60 29 6168 13489 10510 1048 4911 2790 3581 13114 5335 2860 6747 14912 8925 4852 7201 3917 7611 7415 5864 6469 7690 3072 3176 5304 9387 4741 14366 11030 13992 
565 190 126 60 257 189 131 29 13909 12392 6141 2807 14967 14036 13239 10542 13427 13321 6801 5858 3766 6005 14701 1710 5723 12632 4077 3342 3714 14342 14345 10687 10336 3143 9491 16 9015 
566 190 189 0 257 253 74 29 4946 7224 8326 6787 6908 13750 4357 4254 13095 11112 6940 4456 7343 13028 13552 8229 11005 6595 4066 441 9291 11074 2754 2618 5998 5106 4085 2657 11427 
567 190 189 74 257 253 131 30 11672 14426 4238 2585 13302 13187 8570 4748 11962 1695 1644 12354 6597 9792 6453 13943 14839 9123 7380 7026 6619 10514 1099 5313 6021 13389 10333 14233 6962 3389 
568 126 126 131 189 183 191 29 387 4501 3395 6776 6226 6749 1693 11553 14331 14127 11794 8122 11580 6013 2145 10399 1670 3858 4403 7477 13094 1226 10866 7730 6377 1952 4474 11723 960 
569 126 126 191 189 183 258 29 4680 9373 13997 5415 13839 11002 6373 4866 84 6848 14060 322 4060 12135 10998 303 10147 7977 3729 9160 3595 897 1796 2875 1129 6954 13970 2622 592 
570 126 183 131 189 253 211 29 7251 5252 6399 3194 7878 10885 468 11243 13079 12043 7648 9472 10347 3632 4863 3964 12555 5485 4451 3188 13617 4331 12060 6372 7652 9000 9350 13038 10832 
571 126 183 211 189 253 258 30 4105 4719 758 1788 8894 2543 8553 14553 4942 10439 7854 4438 10964 13346 1161 12752 8297 14670 2102 1399 5549 5174 3821 14798 14032 13488 14439 13580 8844 4557 
572 189 126 131 257 192 181 29 9716 7200 8173 8101 11730 7435 6383 9460 1155 12108 13358 13155 11042 7623 4559 6381 9534 7050 13833 4865 9929 5607 13158 5675 12844 13584 280 3842 12327 
573 189 126 181 257 192 258 30 9045 1063 1640 4226 13031 8207 9353 11516 2094 4471 452 7289 7740 14951 3816 4872 1626 11522 7888 13614 7405 6266 4300 705 3051 1297 11911 8535 9355 6358 
574 189 192 131 257 253 191 29 12579 3799 1850 11721 8161 4020 6012 3401 8054 2929 1446 14764 11713 3833 5031 11105 5067 14215 1019 8631 6621 10516 8293 1263 2080 1823 13843 12357 4510 
575 189 192 191 257 253 258 30 5732 9971 14204 6897 4567 2231 7428 7041 2717 12172 718 1615 11333 2593 10765 7430 7545 2691 3914 7625 13217 14335 13769 2758 6552 9498 13361 2473 5955 958 
576 0 0 258 63 61 326 29 12559 106 13790 4992 2996 11405 4584 4860 7412 5208 4925 3170 9548 13962 12826 5102 14515 5937 7773 4958 605 3305 9745 5876 12283 3648 8509 2499 5493 
577 0 0 326 63 61 373 29 7743 12138 7063 6047 2621 8119 936 10644 9152 9880 9677 8933 6095 4650 7451 3023 4308 12215 3304 1160 6185 10969 14718 4588 14622 12801 10202 14760 9945 
578 0 61 258 63 119 325 29 4295 3555 6633 5569 3158 8502 2823 2186 7967 8012 5614 13230 1536 537 1138 14750 11513 11963 14643 1786 3783 7997 5507 6965 583 2329 4346 10434 4549 
579 0 61 325 63 119 373 30 7392 13256 610 12721 4217 8973 8736 947 3378 854 11906 896 4291 10097 13284 5620 14494 1381 3563 2116 14334 11290 10861 723 11615 2271 6846 5976 18 12712 
580 63 0 258 127 62 313 29 245 1423 9685 11552 7576 6613 1219 8686 9774 8739 7000 6427 10674 3045 1802 1243 8989 7995 2141 5917 8185 5289 12991 13882 9750 8210 12761 9217 3576 
581 63 0 313 127 62 373 29 5597 5371 13990 3984 3215 5601 4610 4905 5114 4608 8328 8421 2183 9222 2609 11795 12201 788 7983 4164 2211 14618 8935 1863 7303 9254 8480 12878 10836 
582 63 62 258 127 119 297 29 618 10612 6371 9541 3961 8848 7518 9157 8591 11250 3944 10151 4480 4223 3248 10172 7532 10311 5884 11412 12666 481 30 14421 12613 7689 2525 8280 7227 
583 63 62 297 127 119 373 30 14673 13144 9471 10113 14705 9011 13077 12166 3827 3232 3859 8960 13020 2287 14924 8770 13682 1755 14684 11521 4704 9994 8405 817 11814 14079 766 2938 4729 3769 
584 0 0 373 65 63 428 29 7210 9436 11507 1257 14889 1653 13939 1951 13831 522 9272 12450 7562 14914 8356 3175 2736 9046 1985 12214 5796 910 10275 14092 7893 3368 7070 9449 12919 
585 0 0 428 65 63 512 29 14746 10296 9846 8820 1658 8897 984 4867 2880 9333 6102 9962 5133 825 4792 8707 14523 449 2878 14054 11651 6219 5045 6130 13770 7403 3197 11858 892 
586 0 63 373 65 119 442 29 2498 2645 12816 2441 564 8018 911 1367 1936 13620 13533 11499 5181 3356 14797 5534 9110 11870 10575 4676 8853 5051 2854 4206 4784 12336 11732 14805 11049 
587 0 63 442 65 119 512 30 4948 6647 1281 4048 7833 8368 14677 1757 9326 12760 6596 13390 8979 13369 9783 9076 7492 4030 637 363 9932 13785 6832 10670 2273 8540 10229 681 558 8717 
588 65 0 373 127 52 449 29 6600 3062 1808 5821 3561 4846 12136 7149 6356 2242 13605 11158 10490 7274 12813 14273 13733 2713 6374 65 10084 7692 14906 13523 9456 13043 351 1965 4528 
589 65 0 449 127 52 512 29 1125 12055 8098 8329 11951 978 4632 5483 8013 10104 14873 412 14763 11222 10892 7644 10237 3491 7048 9047 9621 1666 12946 73 10605 10546 13129 6030 6827 
590 65 52 373 127 119 432 29 3490 1730 7240 9182 6506 14144 14812 512 13303 13722 11272 9004 6611 1041 4912 6828 14049 2987 736 1842 3755 11465 510 9704 2259 2709 9708 11032 275 
591 65 52 432 127 119 512 30 5770 1253 7794 2567 14118 2445 7507 10625 14105 9452 6729 6758 10562 13912 10561 7663 5497 1352 12191 4221 2662 14645 6808 2267 2853 14572 1799 14038 12056 2026 
592 0 119 258 63 189 303 29 12547 1250 2873 10317 11807 604 3551 6482 14406 12244 13898 5024 6888 14279 641 13482 3559 8634 5953 3183 13118 13916 1100 5997 1810 7968 12295 2588 14191 
593 0 119 303 63 189 383 29 7266 1879 3870 11832 6363 7183 13240 3155 288 3447 498 12596 9605 6325 11321 14282 14692 3879 1331 6045 3511 6299 3557 6540 5645 7827 5109 8891 838 
594 0 189 258 63 253 318 29 7032 5868 3718 4642 8085 1123 6712 12358 1224 9527 2897 4178 11558 3049 3855 5340 849 7981 3177 10649 11475 4996 4618 951 9903 6353 13073 751 2813 
595 0 189 318 63 253 383 30 7022 5286 3435 12173 4088 2474 8384 11081 5857 12910 10617 2708 10504 8817 8147 1721 3200 2769 13664 5581 14989 11460 10637 7407 840 8025 6584 9606 4163 4757 
596 63 119 258 127 182 321 29 1856 4165 5480 14286 9595 182 1987 10340 7675 9935 4941 2030 8760 988 11626 14838 608 5123 7419 2056 8199 2176 8331 3740 6751 13105 3086 14188 7254 
597 63 119 321 127 182 383 29 10535 4011 2636 9850 6861 12902 11107 14313 14211 7513 4606 2728 14024 4169 9912 4832 10419 702 9812 10330 8585 792 1055 10603 2671 8724 8149 11376 8589 
598 63 182 258 127 253 321 29 10433 62 8075 436 10048 9720 6928 14356 9532 5138 7571 10949 7996 2032 3202 1238 5500 8747 1935 10051 13656 3659 14436 3167 2558 7040 5652 1861 10356 
599 63 182 321 127 253 383 30 10407 9204 4318 5318 8807 4574 4430 5681 4740 3067 10398 8489 6869 9984 6733 11591 21 1766 142 8296 13162 674 4633 404 1026 9596 7992 7272 6304 14476 
600 0 119 383 65 175 454 29 11372 12240 12154 10056 6420 3743 10975 2958 3850 4458 14291 2377 12111 7799 3114 1632 9808 8668 7620 9100 1276 5657 1551 2179 6549 14201 5236 2697 7914 
601 0 119 454 65 175 512 29 13700 3310 4310 14402 2667 5611 8942 6160 5334 13391 13231 1465 12092 12669 9088 13188 3099 5001 1665 2838 7216 11875 4538 13157 7064 9695 863 10153 14878 
602 0 175 383 65 253 454 29 6973 4590 4631 6294 12831 13220 5704 9335 9567 8492 9058 11375 2926 8400 13646 995 7344 11083 926 14089 413 3817 13877 8086 8681 10676 14093 534 6336 
603 0 175 454 65 253 512 30 9465 8944 7563 8333 12853 13126 13395 12697 7074 5511 8996 2891 4981 5633 14699 2169 2484 10534 2112 4595 14847 11095 5765 11969 2703 11044 11800 7568 10774 14970 
604 65 119 383 127 179 446 29 651 4307 7945 11262 3297 10651 12269 4952 8059 7793 2243 4284 1204 6926 13738 4533 8457 3662 6393 6173 7613 5604 6077 9998 5899 1416 1124 4267 3747 
605 65 119 446 127 179 512 30 10248 8923 8544 10092 1806 857 555 5911 2676 6868 2797 71 2136 4091 6297 1397 12208 542 14566 6696 2353 4034 14268 8272 5048 119 14581 312 9366 11031 
606 65 179 383 127 253 440 29 13657 13370 8472 14985 13083 8610 4328 7923 571 12710 12374 12954 12577 12888 6572 8500 5853 3881 6551 1748 2229 14751 5903 8004 1984 3945 8503 1857 609 
607 65 179 440 127 253 512 30 9651 2619 2002 5952 8551 444 8027 3339 14928 5068 9382 11784 5107 12099 9293 4039 11667 4611 14014 3668 2125 1322 14940 14745 3041 9489 6645 1932 1916 6580 
608 127 0 258 192 53 326 29 5742 9837 12944 9782 14427 12019 2149 13337 2646 12968 4283 13016 9590 830 7191 12110 14283 11511 9670 8008 1248 12514 9891 7108 5331 6920 5130 5190 9062 
609 127 0 326 192 53 379 29 9755 11632 7010 10305 13400 14391 14543 8364 11871 388 1312 1110 3061 2069 10732 10079 14867 12738 2333 8676 2777 12893 10009 7505 4955 14849 11772 1318 1067 
610 127 53 258 192 127 316 29 10420 8208 13666 8099 2305 7150 2337 358 9311 9041 10271 5061 11217 302 6169 5722 5427 3364 9941 8032 13054 1477 4616 5949 3107 12527 11848 14946 13450 
611 127 53 316 192 127 379 30 3341 11001 4767 8387 1089 12458 3698 4242 14156 10582 3212 7446 11938 6129 2969 1791 14998 13813 7643 12009 14975 8758 12242 14137 3728 5090 4894 2729 5596 9647 
612 192 0 258 257 65 326 29 9049 6483 6760 8021 4967 9802 8377 5308 3165 427 12186 6736 10266 14341 5193 9241 127 2502 11724 14294 4437 11406 14937 3001 10798 10661 12255 10961 9286 
613 192 0 326 257 65 379 29 408 1440 6811 10224 14033 115 2803 53 654 10019 9445 4772 2806 1047 10853 3436 3854 11958 9753 2068 1095 13512 3991 12163 2175 14302 4204 12443 3732 
614 192 65 258 257 127 325 29 13234 11543 12081 1295 13757 5654 5785 13570 7630 13264 14871 8887 2995 13577 4321 7410 12216 3320 11348 5579 6390 14358 1733 11252 3719 9600 12258 3179 9834 
615 192 65 325 257 127 379 30 8117 774 6501 1974 2610 9042 6188 14993 2152 8382 174 3365 2166 4392 3976 3846 6924 9537 9836 9710 11090 14999 11169 4168 3843 4572 2625 5752 11779 5837 
616 127 0 379 187 63 447 29 6445 8691 8390 5646 7198 9247 2317 4534 25 10744 298 10412 14771 2031 11715 5582 13746 4737 9422 5139 11811 6986 7682 10116 8255 4109 1054 11439 13826 
617 127 0 447 187 63 512 29 9309 9643 9851 2536 6307 12372 3373 9453 12472 12655 8156 2143 13762 13010 2303 8277 14864 6755 499 1904 5556 2950 2437 5098 9842 3102 1448 10119 7213 
618 127 63 379 187 127 434 29 12564 1613 4506 14090 12402 7490 2590 10367 5059 5227 14644 1975 13802 9102 5734 13402 12756 8541 8693 12518 491 4790 12845 8154 5890 6635 7550 13366 13669 
619 127 63 434 187 127 512 30 8658 2600 6488 10334 12540 12907 11612 14171 12654 13756 14612 7137 13949 12117 4014 12439 1480 9256 11910 12604 10565 9601 1654 4179 6246 4969 2254 9699 4482 646 
620 187 0 379 257 55 439 29 4427 683 10930 14787 4947 7249 13509 9887 9530 13758 2251 11178 5010 3145 14835 2919 13504 4736 13258 14417 2837 6451 11578 821 8105 8916 7913 9800 8985 
621 187 0 439 257 55 512 30 4087 2722 2455 859 10730 8847 9470 7123 1601 9098 1287 4743 14236 3442 5119 6166 13644 7468 2331 11508 8139 2801 431 4828 11420 5751 12568 6425 11562 10054 
622 187 55 379 257 127 433 29 3441 1592 13224 3059 1618 7307 6707 8150 13528 1926 14259 12693 13452 13827 6498 309 14415 11446 7065 1218 13885 2364 14950 9 11991 12896 6570 11176 11445 
623 187 55 433 257 127 512 30 1023 11884 3602 11931 2216 9094 6041 1803 235 6216 6062 12460 9824 5182 13675 1798 4997 6144 12437 6285 10635 9866 12125 4004 8495 4934 4999 8118 872 14642 
624 127 127 258 190 187 317 29 424 3299 853 10715 3819 1760 4118 3856 10515 5019 8866 1012 6189 10180 5332 7300 14400 6436 13950 5982 4347 8253 4780 13628 14887 11739 13271 11785 13314 
625 127 127 317 190 187 391 29 13039 3818 4778 7626 14185 3876 12282 9399 619 4433 9103 2376 5168 11436 2844 4353 632 2805 6653 4477 2124 4074 8395 2099 11801 9022 5338 12015 8987 
626 127 187 258 190 253 315 29 12236 7615 3455 14314 8402 5391 11683 11241 4732 8626 5639 10413 2220 1507 10640 846 4057 8677 3361 10370 10993 13660 7885 4410 3153 1518 4920 11078 2980 
627 127 187 315 190 253 391 30 12560 8572 12007 7211 1241 14687 12385 1032 776 8873 10146 13999 14683 2921 14525 4571 6824 3239 10022 1765 37 209 14666 12880 14359 12002 1621 9446 4687 8006 
628 190 127 258 257 191 315 29 9747 6259 5775 14485 9798 11964 7889 4380 7001 4973 1945 13894 141 999 5615 14444 11224 2245 8804 7263 3311 664 8317 3569 114 13928 10063 6213 3739 
629 190 127 315 257 191 391 29 12083 9966 14296 11223 9679 791 14855 9638 10859 11123 14066 12034 1463 10863 11380 6905 2449 11574 6727 11593 11886 2986 6341 5016 12209 3677 9502 2453 1515 
630 190 191 258 257 253 317 29 9754 4686 5027 14124 3982 8195 13966 11671 13545 13568 1454 14177 3056 8056 3439 14044 2896 12203 11649 10811 5674 178 5660 9526 3565 8438 6735 2221 9715 
631 190 191 317 257 253 391 30 4297 6312 3066 12481 10703 2006 13810 14230 13213 10699 12286 1947 3878 640 8785 1789 1587 417 13075 595 12914 11675 12835 10422 12264 14428 10769 1545 12431 8486 
632 127 127 391 192 195 445 29 10467 14110 6192 600 11364 9113 9191 10218 2998 5568 10090 4 10249 12474 11449 2022 6623 10372 3291 11660 922 8779 6280 5537 5575 7834 3614 13368 2204 
633 127 127 445 192 195 512 29 3693 1891 5970 14918 3650 9582 5799 9316 9275 10072 1550 4961 12206 11782 2942 1357 10630 993 2290 7790 14774 5882 7784 1455 5932 478 2768 1582 5618 
634 127 195 391 192 253 445 29 623 11145 1186 5543 8554 1319 11949 13959 8137 12119 9068 14992 9070 10819 10106 6587 917 4993 323 13227 9796 3989 11487 12924 9957 5079 7005 8258 13549 
635 127 195 445 192 253 512 30 4191 11942 10481 7481 14116 578 1918 8267 1139 315 252 6780 4601 7346 12869 615 12031 3008 12708 7209 102 10280 5957 725 4644 12906 4460 9374 5305 5851 
636 192 127 391 257 185 453 29 241 3620 8547 11313 14216 3935 175 6044 12743 11008 12805 14061 13895 8076 9818 9556 5134 14559 10588 8872 14368 9738 5052 9656 11227 1373 12970 6198 9524 
637 192 127 453 257 185 512 30 8169 10580 7452 5913 7086 6575 13125 2679 3787 14034 11415 4108 10902 5960 2196 10952 8411 5538 8198 6104 1152 8870 11894 13186 6815 6017 1690 6998 12859 9411 
638 192 185 391 257 253 460 29 7636 7764 8810 4076 2575 4702 3556 13863 4219 1713 2932 14756 4355 2624 13163 10002 6486 10295 4058 6785 162 9878 1685 6571 1648 3517 5920 1832 4250 
639 192 185 460 257 253 512 30 9301 1386 9931 7258 9629 7861 5924 6179 9717 7699 6258 443 14249 13147 3469 10947 4023 11947 5692 10446 2444 2804 7781 5224 9845 13041 11298 4881 13130 8372 
640 0 253 0 66 317 52 29 12830 9790 1044 12779 1115 10058 1750 5126 11238 14091 4517 569 13742 14615 10069 9057 3497 6531 12410 9138 3218 5783 486 4270 10926 12248 12706 1864 11995 
641 0 253 52 66 317 122 29 9165 13015 1564 8909 13441 10619 1761 8417 1212 6767 1742 4286 13968 3192 7788 12382 1370 13635 14875 14545 6651 2483 14278 3274 6217 1839 10872 14256 3689 
642 0 317 0 66 386 57 29 13444 6867 7462 227 11663 9536 14135 7279 7851 14075 14927 5609 3484 1741 1389 2093 2066 12211 714 4521 7292 10121 2841 3678 6762 12982 7106 4664 13058 
643 0 317 57 66 386 122 30 7439 4098 11403 8854 12755 2071 13323 6201 4607 1829 3319 1271 13917 7617 611 2367 768 7218 871 2512 8374 10909 6643 1576 2018 4431 12764 7573 4172 13009 
644 66 253 0 129 316 49 29 538 1040 8884 8546 5963 1783 13773 11338 5442 12020 8699 4159 7653 13067 187 2527 1294 2384 13445 4176 14408 9701 9576 12199 12106 7100 14744 5375 7837 
645 66 253 49 129 316 122 29 4795 5472 9375 3130 1175 1180 3896 1460 7038 10267 5504 7662 6339 1105 7591 996 502 12226 9238 4103 14176 13307 5915 5267 6113 11184 4239 5154 7051 
646 66 316 0 129 386 62 29 1435 9759 9118 5531 8813 6035 8089 12512 963 10364 14460 1634 2577 14932 4830 418 866 3075 10316 12581 13102 6079 14318 13855 12380 11627 3390 6983 4110 
647 66 316 62 129 386 122 30 6087 7356 6037 12822 10704 3639 10507 3004 8775 12284 8843 13133 7926 8533 4086 10242 5964 8404 2187 12017 11137 14181 2665 14163 13927 4625 8752 7948 11229 329 
648 0 253 122 62 322 175 29 533 3512 14495 375 7372 14584 13172 8598 5748 13085 8302 7457 8079 4119 1162 8311 2785 13275 6036 5624 3384 7556 11821 3144 753 3630 7933 10156 14146 
649 0 253 175 62 322 247 29 9163 1696 12536 5846 14504 11606 700 3836 11334 2114 4807 8039 7377 9538 100 7649 3244 2293 14516 7237 85 10241 12833 11659 2306 5295 7236 10410 10777 
650 0 322 122 62 386 192 29 903 11898 6402 9197 6007 7597 11452 11041 13537 5539 8292 9997 8196 7828 8177 10938 9497 5973 1372 7964 5892 7411 9232 955 9617 3660 3189 9921 9383 
651 0 322 192 62 386 247 30 3503 3949 7312 12079 793 3154 12657 6313 7738 1645 51 13859 4707 12663 8599 2210 5749 7264 9112 10660 3010 12703 3057 13455 3812 12071 14793 6744 4979 8191 
652 62 253 122 129 330 176 29 12650 13953 6909 13232 14147 2812 6028 14600 238 5943 5428 9367 13748 3082 11440 9208 14784 2215 9914 5317 2979 841 4602 13027 5968 5487 12997 14973 7043 
653 62 253 176 129 330 247 29 9129 6060 3366 4703 12936 14827 14896 7732 11096 4472 12068 1561 5717 6050 11564 10160 574 11813 10547 12035 2900 2181 4712 7844 11156 4995 5954 14022 7253 
654 62 330 122 129 386 183 29 9288 13099 9762 13478 3893 4897 13320 6022 1468 14560 5840 5385 6238 70 706 5619 12883 158 12470 1549 10739 8398 6648 12966 8896 5431 10650 4144 9956 
655 62 330 183 129 386 247 30 9787 10239 14021 14197 328 11286 3135 7553 10844 8108 7657 13135 2992 11530 12639 4387 5771 1840 11214 7500 801 1255 12975 6088 12980 4073 3284 285 1970 7015 
656 0 386 0 65 439 54 29 8921 108 6507 12087 1756 11106 9290 9862 6626 6233 3037 518 9907 261 4484 6701 9408 7798 3657 3172 8834 7937 6936 8716 2266 7642 880 9514 9858 
657 0 386 54 65 439 118 29 5404 1114 1624 891 3318 8972 3957 13326 8665 12202 7727 3863 13654 13065 5342 12904 9361 8083 10908 10905 2361 2463 915 11506 2055 9211 9263 12538 6918 
658 0 439 0 65 512 53 29 9264 6935 3533 13498 8453 4422 6447 6014 8961 10745 7340 4327 9776 10344 6111 11900 4325 14587 1113 8814 10870 2301 5255 8350 3998 8023 10626 5394 982 
659 0 439 53 65 512 118 30 3515 9169 8067 13765 6241 3016 1185 3703 11320 7908 12780 7855 5627 928 13538 13165 11641 4550 13599 8391 11293 12132 9885 11913 3125 1432 12335 299 14309 6656 
660 65 386 0 129 442 64 29 6972 1471 13181 7459 6807 9760 14538 8379 10837 4985 10349 3336 5362 5794 3635 3774 8549 7683 11628 3343 5366 12347 3123 10533 14539 7681 8558 2294 10418 
661 65 386 64 129 442 118 29 14703 14111 11061 8262 1571 14411 4386 12799 1330 7541 12359 1314 7770 3748 7584 5339 325 2694 952 6819 7677 8647 6845 5457 1888 10210 13205 6170 11038 
662 65 442 0 129 512 58 29 8595 13351 7139 6303 13653 1421 8426 2157 7907 1636 7703 4668 4883 10003 3326 7718 6428 10040 14362 8890 7852 7911 3702 13422 213 1283 10887 12987 6476 
663 65 442 58 129 512 118 30 9334 9736 9258 11889 6132 11102 1517 983 3560 13182 12530 14081 8313 9869 105 11390 12219 11097 5509 7440 703 2641 6343 1259 10110 13335 8976 165 8543 4399 
664 0 386 118 70 435 189 29 10734 13631 9281 2852 10095 14597 6879 8090 12678 7988 2344 10041 27 2539 7394 8423 13241 14607 556 653 3032 9343 12473 7455 11638 5080 10624 4593 8667 
665 0 386 189 70 435 247 29 1573 6942 7315 7585 10131 13554 12224 8291 17 3695 9979 10720 8841 2059 2060 1412 203 14193 9401 430 1753 10854 1708 4208 5319 10440 146 6660 11623 
666 0 435 118 70 512 169 29 6042 3900 11458 741 11859 8266 8927 3000 8993 10049 3430 5121 1725 6148 9658 7378 1957 11666 4950 781 4907 10046 4924 14424 14281 13915 1973 4487 5347 
667 0 435 169 70 512 247 30 11670 8145 5237 13219 13192 4007 8437 8355 11401 14284 12479 8750 6642 1064 7187 6565 1491 10696 12461 6059 12840 14046 4200 5718 3290 3470 13149 13180 3969 12025 
668 70 386 118 129 441 177 29 10287 9500 14633 10659 10766 6686 8959 11443 14960 7511 295 11668 7431 8135 7127 13212 8784 10129 4083 5322 5875 3323 2282 6682 4043 14336 13737 5869 4928 
669 70 386 177 129 441 247 30 11009 3458 7017 7358 3589 493 5721 4666 14330 11213 9108 7972 13925 6222 4156 12140 4708 5081 670 11956 9913 276 11469 2067 8773 13124 5714 9505 11637 9904 
670 70 441 118 129 512 185 29 3642 14845 9329 5196 5684 4350 3873 6142 9188 12685 1898 8244 8642 11131 7421 4756 11033 7449 13897 12681 3951 14042 8991 2350 383 4479 13780 4154 8129 
671 70 441 185 129 512 247 30 11471 12222 13299 2690 14590 10226 14099 14212 802 13890 6672 2786 63 1773 8620 4937 4234 216 8167 4336 7306 52 8357 10108 14422 8282 14312 5450 9814 7437 
672 129 253 0 201 317 47 29 13952 10197 2530 9317 4127 8160 6158 1813 4197 2003 414 6563 13795 1182 14852 8237 12308 12858 4699 3009 7758 4299 4834 7172 14425 5433 12487 9588 5981 
673 129 253 47 201 317 114 29 7655 5292 873 584 14655 10123 8781 11142 8510 5759 12735 4542 12539 14522 7235 10212 9864 7590 3912 2341 2916 11468 1340 12958 1039 13164 1052 11512 8469 
674 129 317 0 201 381 52 29 8656 7047 2276 8365 14698 6443 7357 9340 320 596 10030 434 9139 5378 6276 7058 9559 7927 780 7099 11255 806 8349 12022 4565 12271 11140 14018 2410 
675 129 317 52 201 381 114 30 11132 4904 11586 5967 13367 12090 10152 5861 8789 10207 1851 2414 12231 12084 1437 7931 14843 1304 10068 7328 56 11610 13408 7776 3744 6944 5 8078 9442 8726 
676 201 253 0 257 315 73 29 1824 13171 5808 10324 660 7820 11617 12886 12167 10309 13233 2177 13711 1395 5125 7259 5452 12261 14377 118 11198 7348 6841 4273 7778 14712 14394 8383 3509 
677 201 253 73 257 315 114 29 2763 5691 14640 5432 191 12420 13069 9925 9168 8808 14047 13006 7212 6745 14921 8289 13497 9395 6415 6016 139 10442 5894 6093 5049 5039 5129 10855 11540 
678 201 315 0 257 381 45 29 2131 244 1328 8635 10781 9822 10656 11359 13510 5700 12998 7031 4847 3340 5376 2633 7978 2940 2918 14982 2223 12659 3391 8571 12088 13702 12690 13845 2939 
679 201 315 45 257 381 114 30 3465 399 12288 4514 4665 4541 334 11873 2612 13511 9975 14789 566 6114 2740 11544 4600 4391 14396 5934 2207 3723 7167 9044 13615 7497 5880 6661 5699 13248 
680 129 253 114 185 328 186 29 13852 8240 3996 6250 5093 622 8351 14631 12947 5447 8112 1398 14711 3579 2428 13981 5764 10587 10620 2322 14844 4529 5587 14247 14001 10743 12973 265 5392 
681 129 253 186 185 328 247 29 11548 3889 14780 3333 9916 1474 13026 9732 14954 10869 7814 46 8184 8188 4201 3907 4751 8628 12393 14149 11392 11297 5671 6958 10564 14627 11292 12141 5813 
682 129 328 114 185 381 192 29 7360 12298 1347 5066 74 11212 4421 5993 12709 42 11464 8630 2375 6154 3214 14669 6319 11322 2193 7685 4659 7874 14593 11551 1699 12153 421 8239 1338 
683 129 328 192 185 381 247 30 1732 5878 920 14721 7687 12707 11535 1293 2828 4045 14292 12895 724 1196 3942 13461 2746 13590 1822 7741 2617 14661 5852 9003 14520 7928 7145 6910 474 5211 
684 185 253 114 257 321 170 29 12383 9262 9260 11589 12671 14043 2554 4974 3132 8323 3599 603 9181 12376 3088 10339 11258 10244 10681 13218 2638 2820 1131 8998 7753 13261 2959 11745 1249 
685 185 253 170 257 321 247 30 6187 14307 11172 2366 516 10393 9312 6432 10954 829 11676 14691 7900 937 4603 1214 12876 13005 12164 6010 8850 5778 9630 4225 8284 96 12294 6442 11116 12955 
686 185 321 114 257 381 181 29 3498 3548 6431 6883 14821 4002 991 1150 5063 2049 6681 12066 6351 10604 4031 4746 1605 3396 4649 11065 7918 4835 7509 10281 149 906 14528 14807 9332 
687 185 321 181 257 381 247 30 13777 11778 12667 3400 4983 5893 7999 12605 6140 13760 2034 3995 9936 150 4960 13430 12143 5456 14214 1260 13606 2390 4111 2001 3201 11771 10845 9166 4646 6150 
688 129 381 0 193 447 71 29 13109 3549 5811 2706 2316 9137 9752 8392 2013 7135 14742 13731 3542 8819 10431 5491 202 4112 4643 10875 116 11336 9186 8294 12749 14512 5769 2464 14649 
689 129 381 71 193 447 132 29 2459 5425 12672 13879 12818 13515 11428 2451 5416 13865 4363 8552 14397 3922 9730 9742 13116 8809 4806 13754 1933 9162 594 5395 121 6858 8047 13720 5316 
690 129 447 0 193 512 45 29 2884 13425 5905 13236 10159 13242 1181 12537 11462 7383 12576 7712 4287 2357 11797 4369 9037 10185 7228 14848 13392 1199 3185 11296 2324 11493 2398 811 11904 
691 129 447 45 193 512 132 30 2800 11196 2765 1133 6279 14498 9546 7760 3451 11806 6772 7910 7090 10965 9122 12005 11138 2584 5011 7320 9552 7696 7155 10082 1135 10343 5423 2542 7471 8215 
692 193 381 0 257 446 67 29 9248 7234 5522 10099 14375 2404 9884 3539 13341 6837 6033 10085 808 5393 2358 9215 4065 3397 3407 8945 545 2429 14551 5361 8220 14738 6539 2591 4789 
693 193 381 67 257 446 132 29 1557 8069 6934 7166 7575 7879 9950 4251 711 3885 13800 11757 1848 7679 12908 12405 8290 13634 2147 10602 1606 12453 11177 14080 5630 11798 9694 13454 10163 
694 193 446 0 257 512 57 29 13000 12618 12597 5387 8053 11411 5164 6849 12095 5084 192 7804 14395 9676 10684 9131 13042 4653 4614 9221 11851 6844 13063 14263 2279 14810 2513 10726 14541 
695 193 446 57 257 512 132 30 14678 6788 6885 8299 2052 14624 7795 10503 13475 2572 9060 2180 1906 8376 9555 5798 6800 1938 8341 2933 3352 9423 10437 6405 420 7121 11502 7860 13857 2814 
696 129 381 132 189 440 198 29 10808 13327 6174 8982 14006 8143 5042 6468 3956 13684 1267 13071 9829 850 7785 9861 8445 6559 2190 3892 1625 1198 14995 13458 10689 7318 7528 8902 1846 
697 129 381 198 189 440 247 29 10489 7094 6454 1705 36 11284 7880 5440 8914 3604 3482 4530 12490 10375 14623 11579 369 6594 14704 206 1280 1942 13972 1978 6574 5269 3887 9963 3897 
698 129 440 132 189 512 191 29 14728 9486 13086 3800 10464 9707 5791 3508 86 2061 11317 13267 14133 5908 12572 12890 236 14161 1774 8181 13456 14996 14479 4821 4811 12401 13755 12059 6327 
699 129 440 191 189 512 247 30 4067 2109 1442 7792 5288 9900 5492 2401 8231 13277 13861 14513 5928 3042 12711 181 5679 5517 12877 887 8063 11520 1496 12535 4673 14028 14706 10665 1245 11318 
700 189 381 132 257 453 184 29 6843 10976 6679 1929 4013 8066 11330 7816 311 1546 7319 10299 4463 2226 9581 13503 7011 13717 9749 9724 6877 5527 1575 4552 14713 13612 1072 9686 6765 
701 189 381 184 257 453 247 30 1562 13896 9077 9097 12315 8519 14332 13179 6708 12529 228 10548 9682 12828 10462 10568 8898 573 2004 3594 14714 6117 7619 11737 6052 10337 3906 1776 10127 6251 
702 189 453 132 257 512 186 29 13381 13018 11787 6440 10895 13901 2017 7838 2670 14796 1633 13698 12375 9276 13668 4233 2967 1635 6694 11308 12221 14681 14826 3119 12662 10827 7660 10857 2232 
703 189 453 186 257 512 247 30 4343 5261 3759 8452 8424 10951 12113 3473 7519 3255 8682 14305 6968 10694 3762 6261 11573 11653 6693 6485 12716 2501 3716 8219 9784 10839 4750 3972 5178 6324 
704 0 253 247 68 319 309 29 13317 13532 14567 12287 11596 2467 11919 14103 13274 13543 5383 7929 6494 10531 2732 1754 2652 875 1830 3506 10770 9029 8141 3276 12463 9213 11523 14154 13989 
705 0 253 309 68 319 381 29 9517 13401 10029 14601 9267 13837 13340 945 5470 9159 6692 1631 11704 1825 12574 4678 7104 10169 13641 4079 13438 14349 12969 10483 6277 9397 4341 1684 6576 
706 0 319 247 68 379 320 29 6103 4714 14381 9483 4466 529 1084 3348 13156 6795 2310 3213 6382 12960 4170 9976 13273 3627 10672 4061 2412 157 9815 2538 956 10685 5822 11701 12815 
707 0 319 320 68 379 381 30 6932 10820 7103 3633 4963 4818 14138 4640 13699 4582 10247 6391 6072 5078 1826 5885 10346 10145 5069 5072 3351 403 11826 4539 11950 13136 1500 13304 1901 5241 
708 68 253 247 128 321 311 29 1784 2723 6278 8566 14165 12178 11182 13726 4990 13772 4531 4491 5862 2311 4509 4265 14693 14052 8371 14783 2756 8695 709 4930 8713 11863 13492 7055 11485 
709 68 253 311 128 321 381 29 2960 12368 8645 12304 4376 9308 5060 11203 11155 546 3412 773 3795 1016 13280 13560 6223 7089 13472 7270 6583 11093 12634 14250 11688 3421 7548 145 3187 
710 68 321 247 128 379 298 29 4683 151 7192 14907 10758 14598 5417 12979 13246 10118 738 5502 11120 8435 6847 12819 4779 2407 10761 2724 5243 3427 6392 8223 5874 12134 505 11023 12029 
711 68 321 298 128 379 381 30 6248 10556 3471 10429 294 12047 2283 3851 11004 7998 8797 9688 3077 2320 5074 4862 6821 4230 1671 7607 4313 11160 6778 4190 4195 11804 7819 8983 4093 12917 
712 0 253 381 64 321 450 29 10283 11992 267 5441 7298 4279 11838 11736 696 6850 349 5032 14055 3558 908 837 7194 3610 8711 11496 4875 5207 13100 7965 13658 1360 7567 7604 14005 
713 0 253 450 64 321 512 29 11136 5975 6000 8422 9297 14218 5727 6296 4516 2132 5219 10366 2040 9948 1925 10359 3450 11382 2693 5529 10785 9714 11027 677 11461 2088 6061 5118 10263 
714 0 321 381 64 379 431 29 7707 6352 9421 7248 10043 662 5816 12225 1313 13282 3034 11957 6463 5594 10751 8222 4366 179 12421 11716 3474 6579 2635 14220 4605 7362 10198 13588 8920 
715 0 321 431 64 379 512 30 3649 11147 2917 4902 13082 6993 340 8393 1252 1655 8360 972 5390 1028 5753 10652 12881 1145 14183 5695 12912 13594 10805 259 14548 11780 886 1858 8107 4278 
716 64 253 381 128 308 451 29 11994 11872 8132 4553 2047 14237 2654 7474 14348 5640 13142 10706 12974 10717 13566 13251 12633 12794 10374 6411 10382 2360 13175 9468 11225 13448 8256 293 4198 
717 64 253 451 128 308 512 29 4358 12337 6024 13057 2742 4781 7845 9510 543 12769 9101 2374 14019 2213 6734 1669 11288 2284 517 7184 3096 2381 8906 357 2792 14074 4468 7119 12999 
718 64 308 381 128 379 443 29 5195 5983 6842 12032 4406 138 6298 1447 13630 5545 5467 6907 2342 2664 7629 12133 8910 13481 170 13194 11489 10383 3775 11424 14529 8235 4917 12857 11410 
719 64 308 443 128 379 512 30 9432 8036 3021 13866 13573 11820 4919 635 90 2048 3737 7093 8757 13209 8236 5599 8051 4255 7206 6301 11303 12548 13647 6917 14299 6984 7529 4764 10496 3480 
720 0 379 247 61 451 314 29 3767 2796 4826 12993 2430 9171 14078 14809 1679 8765 3727 3479 11805 4025 5105 2140 8829 13460 3089 12070 10933 8043 4182 4591 8425 3288 8527 10960 12207 
721 0 379 314 61 451 383 29 11361 5763 5296 5697 634 12040 6803 3237 14168 7706 943 13101 1642 12001 8103 7536 7739 4717 11013 11819 6305 9890 11700 8783 12935 471 3801 2954 11608 
722 0 451 247 61 512 323 29 8697 5629 13252 1579 12131 5103 13904 12644 9981 5464 1000 3134 13550 10139 8963 14096 10458 3919 14749 4418 3658 2126 2261 12727 14629 13200 12484 12384 3048 
723 0 451 323 61 512 383 30 4493 8756 10959 10611 11010 3109 12432 11622 10871 11063 8028 13998 760 257 9406 9391 6894 5832 6167 10353 4306 515 1729 4397 1165 1083 8623 8692 8871 9173 
724 61 379 247 128 445 326 29 9372 7942 5124 10899 3003 879 4887 5966 6357 1619 12293 7791 10994 10906 9672 580 3844 6510 12237 2735 3808 8529 11967 11525 14153 12082 1785 14073 6459 
725 61 379 326 128 445 383 29 6019 5713 6923 2123 6450 12146 4636 3526 8722 344 4016 13166 12846 10794 1542 10223 13072 9145 8640 10594 867 9849 4797 9831 4222 8842 13036 3180 1262 
726 61 445 247 128 512 311 29 777 5848 205 554 217 3891 10314 12418 6418 7595 7354 9761 12054 5972 13108 11015 9090 12057 14768 12686 2089 3375 6995 2644 6195 5834 8518 14870 2438 
727 61 445 311 128 512 383 30 14442 5298 4323 3369 796 12887 14866 2808 5264 4213 3247 14317 3272 5841 3946 3939 10026 2203 4056 3670 7952 12 9349 494 13955 2649 5572 9063 14959 4338 
728 0 379 383 70 446 446 29 3673 2582 10979 2608 11017 5437 1174 10494 782 3773 7282 1051 12491 10707 11852 3734 2134 14811 5750 2023 1749 2423 5696 1683 1686 2489 13297 1769 1284 
729 0 379 446 70 446 512 29 3124 4126 8002 7958 6462 11165 5094 6157 6814 13788 12257 5003 11488 7162 1071 7181 14503 9860 196 12567 5548 3941 14860 10638 6724 10355 3952 4102 2388 
730 0 446 383 70 512 420 29 12475 3438 1499 14370 7596 4345 12585 5284 13483 2491 11673 2898 7980 3462 9513 7646 1700 11527 13196 4359 319 10618 5936 1993 12446 1207 3325 13747 10621 
731 0 446 420 70 512 512 30 10125 11076 1103 10842 4272 9641 7715 13555 7308 14198 4940 4638 8651 3977 7422 10011 5277 12353 5971 2458 11020 13933 5245 10545 5290 5622 4825 5773 12517 2486 
732 70 379 383 128 438 442 29 1527 14949 3350 4037 6243 12454 14029 3398 6105 11052 6605 10523 2656 13673 9198 6963 10228 7925 6203 13771 14808 998 8061 10004 12369 14270 482 14686 60 
733 70 379 442 128 438 512 30 1178 7116 12440 1539 8381 5969 7128 7296 8849 9203 4324 5418 4823 3136 8580 1954 1560 2285 14392 1183 10513 11263 9020 2062 6945 6793 14563 11869 9631 13397 
734 70 438 383 128 512 441 29 12036 72 12349 9482 9164 3098 11276 3074 10623 9052 7494 11978 1467 10910 13693 3332 14735 11959 290 14151 271 8721 8614 3937 10037 4475 7570 8900 8221 
735 70 438 441 128 512 512 30 2309 1862 11867 11656 5070 13546 5632 3848 7747 2354 698 13447 12451 7506 11555 13008 13687 11888 3671 8010 9611 13436 10409 4647 3386 701 9871 1525 775 14320 
736 128 253 247 192 328 314 29 7903 2043 5359 3226 2178 1734 10927 14403 7271 5738 1045 12230 12546 11828 803 12493 4504 14041 14680 3928 7857 14393 14727 333 2507 448 5647 13045 9697 
737 128 253 314 192 328 379 29 11925 3012 3544 10067 14923 6703 14117 13829 11976 757 14148 8772 7359 11484 5580 1278 8899 6020 10171 5528 3867 14736 7301 5784 655 10365 1232 5324 14628 
738 128 328 247 192 389 307 29 3796 7742 12285 7955 11283 14272 1458 12611 13565 12104 13203 4816 10633 8062 1986 4478 4019 4268 8216 11583 9278 8806 13250 5525 13730 9187 12938 12592 1037 
739 128 328 307 192 389 379 30 10829 11809 6235 13110 3568 1068 4000 7640 7482 7574 1880 6332 2826 3078 14621 13696 2253 4609 11342 13540 8639 2228 3478 6851 8763 2286 4592 6683 13345 3433 
740 192 253 247 257 330 310 29 7566 13539 5320 14700 12825 11098 9270 3738 2597 8342 14715 14769 3015 6287 6153 8644 14917 3296 2997 2514 286 10636 8164 9201 6038 3090 14114 6026 12627 
741 192 253 310 257 330 379 29 7621 4497 6365 5314 425 3872 11803 7840 9946 14802 14051 12378 11113 9075 7691 5557 2202 9039 14169 4152 3322 5724 9418 7314 7921 7515 14387 14461 11519 
742 192 330 247 257 389 310 29 2174 10257 14549 12566 10157 5826 6726 13609 11344 3026 8992 8893 12189 5514 7708 10269 1159 11880 8542 7375 11368 4064 4796 8852 1362 13309 34 13830 7869 
743 192 330 310 257 389 379 30 7268 11576 8131 8609 13844 5608 544 13971 6272 14012 1958 2275 6581 13255 6444 2605 3712 28 3572 8087 32 2975 5650 5820 5047 13753 3781 12726 8001 13360 
744 128 253 379 191 325 438 29 9030 1126 1011 4691 2552 4713 4388 8110 11053 11824 13412 9622 9668 1717 7245 6412 5263 4044 8955 2033 8561 6863 8837 7028 13092 8731 4747 11082 3736 
745 128 253 438 191 325 512 29 1080 3625 10942 14739 1223 13767 10735 2085 10137 2425 7754 13847 11549 14035 11896 6900 445 10505 3205 14031 12768 4243 14389 9144 11429 2274 2965 223 10984 
746 128 325 379 191 389 449 29 14897 6063 10061 2162 12763 2999 4799 11497 11234 13051 561 11500 2550 1544 1565 6416 5477 2171 12075 9756 7390 7485 5737 3266 4214 6073 4157 13850 7704 
747 128 325 449 191 389 512 30 10989 2042 6379 5256 3621 7565 13963 3017 13467 7054 10297 4125 3675 767 8014 4837 5142 740 1780 815 10742 9735 8655 3472 128 1220 4889 10944 4829 497 
748 191 253 379 257 324 446 29 2488 14641 560 14648 4304 11864 6159 4104 8606 13513 14098 797 3574 7531 11285 12811 2200 13889 6906 1603 9128 4587 3321 10377 8370 10860 7242 6688 9882 
749 191 253 446 257 324 512 30 11587 1963 7887 7943 13410 8367 1728 12198 9521 14776 7382 3641 14710 10236 10883 2399 11068 4612 4839 2984 2115 2666 1607 14234 13891 4012 6669 1559 6039 9085 
750 191 324 379 257 389 448 29 9553 2775 8428 230 335 1698 7220 3217 10456 12343 5220 12174 7724 10093 2573 8506 7004 8690 5445 7453 14293 9478 13834 5552 6721 7295 2568 9389 14938 
751 191 324 448 257 389 512 30 13623 12640 14010 9952 13103 7170 9407 3126 4499 14227 14467 13625 10663 8607 1270 6719 12160 10826 14654 10357 8735 11504 11582 11455 800 9135 14491 12436 691 4260 
752 128 389 247 198 446 293 29 5578 5829 6685 6956 11383 14931 10658 12823 13926 3971 10894 5823 14072 1485 2368 9174 9634 4786 3148 4573 10557 1714 10276 9847 2752 6592 5407 3485 13937 
753 128 389 293 198 446 378 29 12064 3434 12984 464 10544 5897 531 2526 2037 2521 12691 222 10027 5097 9770 10966 7309 13097 11687 13286 13642 4232 5720 1013 7202 3776 5938 8764 7347 
754 128 446 247 198 512 309 29 9012 2678 14453 11920 1033 8674 6242 5891 99 266 4173 5368 11696 13002 6069 9911 15 8812 8162 342 13864 394 10574 9249 5658 13832 7288 12021 13168 
755 128 446 309 198 512 378 30 9035 6326 10450 10005 12210 924 11414 14825 2269 14454 10010 13906 2571 1470 8187 4365 5309 12533 2104 2911 477 11599 10096 8094 6725 14977 6364 5348 1871 974 
756 198 389 247 257 454 314 29 9341 7291 1983 12485 4289 11709 12809 1809 14630 13383 5777 10187 2810 9821 9542 4556 6622 9577 2493 6406 2771 2212 13954 14174 2682 1227 7370 12256 12462 
757 198 389 314 257 454 378 29 14877 10778 13150 13207 1022 4383 11833 8835 12506 4965 12006 1853 9612 12145 7059 13659 8530 14139 11151 1955 6971 2704 10957 7126 10008 10338 4626 13311 13846 
758 198 454 247 257 512 298 29 13610 7745 13035 12098 4408 14455 1524 7469 9603 14747 9733 10990 715 11837 4461 9713 11161 6522 7750 3007 8863 12626 5484 10477 5023 5694 3831 831 10132 
759 198 454 298 257 512 378 30 11168 6987 10380 14401 13629 13257 3629 13782 13295 7353 6473 9855 13201 12181 10436 10862 12967 5186 11254 14762 256 11993 14202 1130 5099 11248 12045 3359 8679 7883 
760 128 389 378 192 451 450 29 3234 5711 599 3385 3181 9226 13677 6009 5642 8823 7495 10424 10725 12762 11584 3985 10217 14489 5234 12456 10631 9225 13932 9873 11802 10154 5535 8573 2373 
761 128 389 450 192 451 512 29 809 1176 1937 5945 4583 8432 9650 2225 5941 11966 2626 3020 1377 8778 5222 4247 4015 14697 337 3546 9661 10065 5655 10606 2378 8617 2830 13403 8780 
762 128 451 378 192 512 450 29 13229 11437 1599 2719 10662 6308 1301 14219 13281 13632 7821 5300 215 4508 3838 13064 5008 4005 13398 1930 2355 316 13502 4237 10076 8484 877 14717 1132 
763 128 451 450 192 512 512 30 7420 13759 6938 1505 13679 4378 470 11207 14289 1610 5510 2734 10752 11050 7848 7321 9806 7725 14611 13688 4446 3379 13259 11266 4240 699 9010 4072 7890 10592 
764 192 389 378 257 444 450 29 4968 12889 14820 12931 9448 12278 581 14526 11908 3256 9933 12630 1486 13619 9284 14979 3504 585 2607 5242 5247 4143 6718 2386 2142 5757 5033 14186 13671 
765 192 389 450 257 444 512 30 4637 6761 14511 6779 14435 8133 11192 3932 5055 6456 2615 13611 14004 12238 7762 13104 10387 10232 1726 12465 4733 14241 6695 5605 422 12078 2505 10709 12194 13678 
766 192 444 378 257 512 441 29 633 10613 13899 3278 2773 11614 12933 11917 13862 5351 2819 9924 9506 12217 14364 4774 7278 2201 9394 13495 8276 1711 5519 9116 6227 9687 1104 1746 8672 
767 192 444 441 257 512 512 30 7221 7195 7645 12985 13736 6424 8685 3410 7850 11928 11816 8115 12814 9853 10950 3993 602 3263 14822 7676 5944 5729 5703 7338 11777 12873 1149 11934 9479 944 
768 257 0 0 323 76 67 29 7363 13056 12676 7489 13407 11433 9067 8590 14891 2387 1385 10500 13695 7247 4641 343 13715 9835 8956 4850 10591 5244 306 2923 13474 2596 13923 8568 11402 
769 257 0 67 323 76 136 29 13643 88 3688 5546 14521 2395 7140 3164 13453 6503 6649 5162 13153 6964 11505 5285 5002 13202 13749 5818 9877 11565 10204 14606 6221 1902 9064 8031 6368 
770 257 76 0 323 136 76 29 7199 2198 1530 14122 11014 8874 4084 7559 851 5530 11270 11257 7488 9161 7079 14650 628 13490 6048 8327 6720 9396 7129 1628 11689 8415 7806 8120 6687 
771 257 76 76 323 136 136 30 9958 4339 2346 12884 10492 12406 6366 8204 13976 8827 4966 12827 6 1758 9051 779 11842 14517 9843 11561 4301 7920 5451 9328 13728 12842 11654 587 6585 12729 
772 323 0 0 381 64 63 29 4745 8180 4379 7486 10549 14465 1141 4500 11572 12149 366 10698 4494 4068 6464 8482 9561 1996 6029 7280 9516 12651 8613 11633 11534 10001 10666 13764 5149 
773 323 0 63 381 64 136 29 2230 4931 87 10403 5819 11590 12772 14466 9955 3324 747 14170 4848 10176 9560 5762 13988 3777 13694 3916 14761 2027 3869 10100 7800 461 2809 10945 12740 
774 323 64 0 381 136 68 29 1315 12249 4315 3923 6624 2312 5041 3524 3043 4032 7752 8121 234 12442 13791 942 3758 11891 4215 7476 29 361 1014 8338 13198 4802 865 3069 7717 
775 323 64 68 381 136 136 30 14254 314 12834 11769 10323 2214 14916 2000 2095 14558 5238 4257 9705 3488 3756 11597 12509 5228 2964 2833 7 326 5073 7157 5613 500 6273 10191 8218 11847 
776 257 0 136 324 70 191 29 8153 5888 14880 11118 6040 7193 12316 7413 144 9999 2913 2798 7012 1236 7526 9646 10528 10890 13824 9996 6065 5419 5013 8889 13120 5793 6161 5266 8669 
777 257 0 191 324 70 250 29 14767 12643 5562 10476 1523 14274 2948 2082 9277 9886 959 12200 13704 4428 378 7057 4543 7656 12928 1998 12471 5961 1378 1676 14175 5847 5100 2831 9190 
778 257 70 136 324 136 198 29 1835 6092 6056 3452 9768 13131 10897 6759 9867 1759 5386 2973 6854 10087 185 839 9854 4734 2065 2548 10622 1439 7071 14064 4899 4762 10432 14310 12588 
779 257 70 198 324 136 250 30 10038 7113 13088 14157 970 939 69 8895 8 8138 3106 7953 1091 11181 9233 783 1336 13244 3227 13958 601 218 9199 8413 2547 11425 13776 11648 11764 5950 
780 324 0 136 381 74 194 29 2776 9625 6346 8125 6407 2481 13838 13505 7521 3745 14189 1828 3835 10552 3030 10793 12728 12042 4330 2835 6347 2985 4512 4878 7722 2182 4042 10128 12195 
781 324 0 194 381 74 250 29 12124 4831 12736 5677 1764 6812 7463 5566 6300 7241 5494 4898 14757 1364 12072 10748 7368 2702 11187 188 5250 10303 12329 14664 12561 7902 6448 6615 13263 
782 324 74 136 381 136 203 29 6505 13128 8304 7713 11075 2695 40 3815 12363 7161 12683 1768 14119 6143 12528 5659 8168 9476 13745 524 13306 7502 9485 665 4909 2218 3414 410 11211 
783 324 74 203 381 136 250 30 2469 3789 1946 13374 4393 11874 14814 9229 14941 7325 1612 1009 2589 11575 10838 8886 3905 7493 4470 2687 7310 2072 666 2369 5466 2465 12362 9298 2485 10279 
784 257 136 0 322 196 53 29 1541 1202 9268 11046 7561 13382 1701 13655 1704 14209 12594 8565 194 11946 1890 985 239 7016 8864 597 13296 12338 1895 4022 6568 8666 12148 1350 6878 
785 257 136 53 322 196 127 29 1637 2578 1931 708 8359 10616 12795 12510 5886 8363 13310 11315 14690 4175 11149 5682 5850 11426 7436 3753 12868 11389 9487 13405 9985 5184 5931 6281 5673 
786 257 196 0 322 256 51 29 5824 338 913 9193 13019 3586 3335 7456 9202 8816 6699 625 14830 1943 2699 1795 1374 824 3402 7610 5459 2348 6555 8485 2817 921 14288 13388 13332 
787 257 196 51 322 256 127 30 7552 8919 4726 9055 6162 6475 1327 13022 8340 13751 10478 11890 12838 4236 10086 12558 3370 5761 5187 1060 8515 7624 14665 12467 279 2371 11302 9726 13140 7156 
788 322 136 0 381 191 56 29 8603 7138 4174 14824 2447 9119 10654 5214 9928 7986 4654 14306 367 6333 6497 5381 8531 4448 10886 8065 12332 8479 8632 473 6449 4594 1876 14083 1445 
789 322 136 56 381 191 127 29 7424 1620 12259 12939 3997 9082 3315 12563 4100 8268 14893 2903 13645 10763 10527 9175 3289 2332 4945 1611 7577 12379 12771 8953 6604 11174 6769 6479 6631 
790 322 191 0 381 256 62 29 2882 14048 12774 12848 1298 11306 5542 2751 1585 1229 5987 4903 607 13260 4052 14076 9895 12615 5863 5136 11281 101 13822 9990 11435 1689 10182 9744 7374 
791 322 191 62 381 256 127 30 652 3778 14020 12790 4354 13060 5018 304 7484 8922 8741 7067 9942 11417 8288 9404 9683 8740 9501 1903 13940 6414 7899 5962 2302 1608 5017 2479 1719 12204 
792 257 136 127 315 200 187 29 1097 7659 14788 7940 9788 8633 13417 5282 4561 10928 9865 13797 11856 6775 5965 12606 2442 8596 9779 13418 9919 6237 6809 4395 6529 14000 2008 4710 9380 
793 257 136 187 315 200 250 29 2250 1595 4844 2529 2855 2161 9654 5083 13983 3308 487 10851 44 14509 7503 9435 5800 14094 3974 5672 248 3915 2219 13087 14725 6738 5515 6825 7523 
794 257 200 127 315 256 189 29 12855 927 11571 13567 10006 1913 2692 9219 5636 9876 11045 3538 1827 13476 8230 1286 5625 8091 12425 12360 14813 2928 14908 13535 11128 3590 11674 1752 12089 
795 257 200 189 315 256 250 30 12932 5910 884 14890 3219 1900 12635 20 1638 4038 10310 5396 10013 14384 11982 9469 11059 11230 10246 5649 1578 12787 1272 11841 11731 893 7936 1520 7668 8464 
796 315 136 127 381 198 183 29 9146 9523 9014 11546 11231 964 1392 4957 1617 1343 3146 11611 7768 6274 3394 1489 6208 4162 11883 10920 4513 14723 9318 6452 9872 12058 7716 11373 12266 
797 315 136 183 381 198 250 30 1305 5676 2128 7849 4814 10788 8652 3987 3380 2659 847 1905 7204 13701 4462 3730 4133 6492 7909 5422 6386 9655 5719 10479 9151 3804 1887 5188 8799 6400 
798 315 198 127 381 256 194 29 2639 2647 10158 12317 10379 6886 11480 3415 10135 10683 1200 9279 14719 13672 3280 5175 9973 3532 14616 2433 13873 10088 12829 9803 2549 43 7448 5056 3064 
799 315 198 194 381 256 250 30 6730 3792 12115 4329 11301 11948 10525 6546 6816 8305 14586 1195 13574 9314 10166 8080 620 97 14817 4709 2922 5825 3813 3853 9104 345 2767 11395 6051 8660 
800 381 0 0 439 69 81 29 6700 4657 6306 13871 8473 7701 3980 557 9573 5735 6131 11909 458 10934 6099 11680 9663 11560 11362 4890 13325 1201 8683 8189 5201 2345 3666 11944 9177 
801 381 0 81 439 69 130 29 2130 5218 14297 4116 8459 6430 4131 1088 2079 836 3338 929 282 8493 2434 4314 186 7782 3457 10718 14340 4114 4148 13169 2024 12797 6871 7974 11845 
802 381 69 0 439 129 53 29 2974 6966 7632 2163 2424 7862 9589 1264 7293 9001 6668 4976 8999 9934 13023 12851 6292 13869 1299 12165 13328 4288 9901 14620 4658 14500 7009 4027 1503 
803 381 69 53 439 129 130 30 6941 435 12747 14766 6599 5988 10573 13278 4139 8928 7243 3634 253 10983 7919 13211 5279 5374 6933 8838 14570 10426 6018 8885 11990 1433 10438 11936 7409 11327 
804 439 0 0 512 58 66 29 13372 11702 10830 1237 11179 10143 11247 12953 10645 6520 11914 428 695 6262 7114 1662 14596 12956 10373 4256 4773 5089 8466 3159 523 4473 1475 6667 9021 
805 439 0 66 512 58 130 29 3705 11538 22 10460 11058 11029 6737 283 743 13823 1101 8802 986 1639 14881 11088 4009 8587 7414 1450 4140 4758 3437 1793 3404 11748 12356 11557 5260 
806 439 58 0 512 129 74 29 1065 4322 14497 9246 1697 9539 12429 3331 9192 3346 11191 1838 7551 13160 12229 7499 6654 13536 12746 2611 8555 5687 9926 9302 1059 10598 1024 2471 13601 
807 439 58 74 512 129 130 30 8058 11567 5567 6530 3570 8687 563 1790 12371 1428 10688 14322 10448 11202 14709 7391 6122 5365 11295 5257 10571 13638 949 13820 4394 10493 1107 7133 6893 3530 
808 381 0 130 442 61 199 29 1672 1707 12101 1137 2842 232 9321 8755 8646 11444 305 11363 3216 6320 5200 8662 11365 6678 11353 13893 789 2592 3353 9240 4349 9265 13080 190 735 
809 381 0 199 442 61 250 29 5197 4122 3499 2993 1096 251 13519 274 4180 13308 6493 3131 12320 1413 9140 13987 1897 12218 6348 2565 5301 5449 5521 1393 6620 8766 8064 12377 6548 
810 381 61 130 442 129 182 29 10584 13235 6049 11830 11885 4859 9464 8576 2263 11750 10411 14164 5986 13561 511 795 4518 1953 13415 2881 10508 13640 8858 1964 3507 1771 7222 6396 588 
811 381 61 182 442 129 250 30 12120 14269 1106 5533 4142 9032 8865 7930 14182 12290 7737 49 3250 1156 11518 9848 10509 12744 2862 6496 969 12417 10028 12688 10904 2151 14448 3221 10209 3466 
812 442 0 130 512 60 194 29 4689 5743 9036 8768 12783 6461 8252 661 833 356 3091 7896 5536 6260 6609 5191 12331 14879 10358 11791 12698 13247 9292 5345 14862 450 1691 54 14569 
813 442 0 194 512 60 250 30 1368 14365 567 13840 12793 7088 2450 13907 12267 13254 9775 1652 3013 7332 13017 2236 13457 14531 11968 1581 10329 9117 12254 14518 8932 7082 7542 4001 2475 13223 
814 442 60 130 512 129 183 29 7522 7049 10335 3601 12986 125 12737 12656 9002 1678 9156 9923 12013 10 4569 2936 11999 10864 9610 7397 4441 7801 11249 8142 12466 173 12118 13691 6750 
815 442 60 183 512 129 250 30 6929 6881 3492 10972 13183 14533 1302 820 4130 4648 7020 5488 14729 4724 11051 13944 10937 12754 4697 1770 11360 1991 9943 12364 10702 346 3612 1239 6860 6674 
816 381 129 0 449 202 52 29 9080 878 1087 3376 10767 5354 1990 9974 2791 6472 12263 13975 4185 13266 7102 9763 6370 5909 7512 9769 11749 284 7847 4694 10190 11278 3644 10194 10690 
817 381 129 52 449 202 124 29 9550 12305 9937 8861 8990 4423 2270 5401 4876 4277 4586 81 9040 9568 411 2745 12192 10341 12323 7317 14614 50 8888 11070 9618 12306 12396 8346 1492 
818 381 202 0 449 256 66 29 14956 6515 14639 11450 3228 2744 12448 4892 2440 13938 10000 14324 8232 2256 13477 11862 9757 8507 1111 14120 4652 9072 6212 12086 11011 9525 13190 6544 2574 
819 381 202 66 449 256 124 30 7534 324 2091 389 11129 9184 3329 6915 9989 13978 11039 9310 6514 14647 582 9420 8643 4805 10647 11865 10378 3540 2650 9127 7749 862 1184 3405 10278 5984 
820 449 129 0 512 184 53 29 3731 5254 14737 12435 3116 7406 13821 4367 11026 9120 6771 763 5403 4661 1002 3676 4356 8619 10560 1225 8322 2832 2240 2129 5602 13377 3623 10537 13665 
821 449 129 53 512 184 124 29 8536 13098 13491 10012 13170 12400 11490 3780 8106 7169 2909 5150 5160 13723 12684 4340 1981 9977 13050 11691 1873 14011 1948 10570 11134 12041 3681 6136 3884 
822 449 184 0 512 256 67 29 5812 4720 14056 176 7207 2156 12480 14351 11960 525 2941 10381 8451 9359 7774 676 14869 1094 5782 7688 4464 9424 7516 7311 5259 11332 973 11922 931 
823 449 184 67 512 256 124 30 6323 7769 12870 14770 9426 2579 5526 136 6996 1169 7846 3682 559 7994 1563 3264 11060 12742 8625 4194 3661 5246 11912 8616 7501 5356 14957 3895 12891 7239 
824 381 129 124 451 198 164 29 11066 9379 11466 6403 10729 10208 7393 12850 6717 5157 5653 11253 6857 7214 423 3475 13034 5919 8060 8041 2864 1779 152 3566 3934 7912 13689 11524 13253 
825 381 129 164 451 198 250 29 3823 13524 4264 4348 678 13564 12333 11418 10825 3791 10814 8465 8011 6284 14925 6547 8516 8917 1339 4271 734 9607 8227 8171 33 13942 11635 7337 8113 
826 381 198 124 451 256 180 29 4316 12673 4486 11282 14507 5151 3265 3440 467 11421 9257 7426 1066 1027 6774 4700 2598 8124 2901 11354 12144 9143 3235 3645 7780 8271 13849 1210 4285 
827 381 198 180 451 256 250 30 122 10078 5789 3577 13995 746 4305 2431 14583 8825 11404 2 8584 2435 8801 2865 2774 1976 4495 3419 10414 4041 104 5127 10783 11776 3523 10427 6361 5115 
828 451 129 124 512 189 183 29 12645 3382 5302 14199 11474 1692 9006 6741 9303 13012 6286 5283 7371 10150 13690 10293 3316 2101 3527 12103 11387 14806 6702 8449 77 7442 5912 13836 7112 
829 451 129 183 512 189 250 30 5926 2788 13828 10641 11846 9230 11616 13508 8033 8463 9557 14087 10896 8389 5161 11381 6487 13111 12526 12525 5253 4298 5689 8924 3683 1118 5053 13228 2492 6151 
830 451 189 124 512 256 163 29 8175 7606 2994 14069 9200 6999 5844 5768 13812 3970 9294 4153 14441 4385 1731 6833 8954 8678 371 14987 882 10181 8670 6714 3665 10470 10760 5661 4836 
831 451 189 163 512 256 250 30 14221 8420 9371 3279 2603 12532 2036 13946 10284 9386 4566 4932 3883 13705 11699 13343 10083 10162 6477 2781 6288 1290 13922 12582 12717 10312 2637 1289 6637 14490 
832 257 0 250 319 57 318 29 10165 2870 8948 1438 5879 2594 14339 11939 1833 5725 9681 6145 3757 8951 2946 6768 7797 9013 6178 3643 10722 5547 13484 7427 4613 3788 4333 1050 229 
833 257 0 318 319 57 379 29 5216 132 4978 12962 12497 645 2154 4568 8307 1837 1627 5628 6872 13449 504 7290 7612 3654 1529 7008 11419 3742 10736 13177 13627 3468 3083 1127 1815 
834 257 57 250 319 126 314 29 13394 4954 9967 392 460 14823 13514 8410 5895 2420 7159 10615 5922 2382 9496 616 5223 5336 14508 6205 3409 9902 4551 8790 1718 9484 4113 10655 9150 
835 257 57 314 319 126 379 30 5438 4483 8791 6067 13779 400 10756 5065 10447 3494 13339 527 12862 13214 1179 11208 14885 7944 5942 3613 7480 4763 10916 7985 14172 2520 9700 10245 6360 12977 
836 319 0 250 385 58 309 29 6309 2408 8242 4690 2443 5715 11166 12008 8310 14536 8696 11154 10802 6384 7723 9443 11971 7598 7971 11472 10657 10319 13375 7803 3033 14775 6080 9417 5643 
837 319 0 309 385 58 379 29 5323 2173 9940 694 4877 8618 8805 14443 13300 11371 2910 11916 4728 2195 11210 384 9637 2168 562 9416 14187 6186 13285 7178 3882 13596 8706 1296 7705 
838 319 58 250 385 126 333 29 14904 233 5171 7865 3875 2669 4519 1 7075 12492 11983 2477 5927 9402 2606 8719 6541 7599 109 14101 9337 2084 11215 10608 9504 7504 12925 14617 13947 
839 319 58 333 385 126 379 30 14853 5358 2793 992 13378 11594 9620 9369 3979 11111 13595 5054 2570 12319 5372 4171 4949 10362 1203 1190 2749 3505 3463 8042 14158 7033 932 11280 1889 5959 
840 257 0 379 316 63 446 29 5591 4097 6951 12911 8800 11478 4682 526 14097 8176 2456 4212 5014 14045 2064 6614 9033 370 10177 586 12542 14347 10812 13592 3259 10691 6118 143 881 
841 257 0 446 316 63 512 29 6887 9214 9084 2011 5453 224 9827 10680 11619 13206 7941 1406 12018 7808 8348 5887 6253 10629 14565 11057 10062 13363 5843 4138 2338 5230 4815 7217 4667 
842 257 63 379 316 126 449 29 901 11043 10956 9972 14258 1109 8212 14113 12552 9142 12753 3580 14884 359 4246 4457 10754 12796 8186 4189 8537 3908 13055 13581 2924 11206 11618 3782 10554 
843 257 63 449 316 126 512 30 168 5430 7364 13870 13706 11878 13316 3584 9124 12330 6612 6057 4447 3246 4927 576 7976 6199 12326 6046 8295 10963 1881 11570 14671 7651 1158 3841 7466 91 
844 316 0 379 385 63 438 29 8285 565 4526 528 11180 10289 2272 7959 11114 2856 12554 9712 14363 7877 2155 2943 2553 12498 1425 9319 11854 4106 5634 14404 1513 7232 7081 1035 8727 
845 316 0 438 385 63 512 29 7842 10913 8070 1396 8700 8211 2726 200 12243 4547 5814 5574 2907 11734 10221 6677 2097 455 667 2050 8487 6116 12642 2504 4527 201 13338 12262 7158 
846 316 63 379 385 126 441 29 13413 9195 10400 994 2846 13348 13768 5554 9459 10817 2113 4374 14961 14502 1537 7557 2660 3236 11973 1816 9569 10111 12719 1934 1511 14239 3587 13697 13621 
847 316 63 441 385 126 512 30 12063 3449 5229 8868 10270 7046 12972 2628 3425 12281 6331 2356 2054 6071 3983 8786 14804 13597 14851 2137 6979 5380 7252 5923 11970 9917 10141 2516 2620 14459 
848 257 126 250 324 190 324 29 1348 7417 11216 8659 722 551 13342 8918 4003 10193 9324 8968 3150 12307 4801 5202 195 9231 6916 10997 10996 6930 11685 6957 7871 7856 11477 11228 7671 
849 257 126 324 324 190 374 29 4617 6950 2893 6214 8401 4248 8308 4525 13918 11556 4705 11681 5388 11377 7866 14934 12168 6978 4982 12503 11185 10982 3617 14926 2560 7475 5169 278 6359 
850 257 190 250 324 256 323 29 14556 2753 2365 10243 6031 9345 11943 4498 5709 10675 416 8528 12185 13585 5012 10345 10632 8512 13014 6091 8980 3857 9194 8869 1528 12731 12112 9591 4994 
851 257 190 323 324 256 374 30 11232 9427 5076 10174 14609 9364 12943 1461 3768 11625 377 6657 4808 107 12874 13618 9212 14432 13324 9649 14653 1379 11186 8538 12158 7957 3293 2872 2422 7286 
852 324 126 250 385 193 299 29 11855 13551 13024 4146 11133 5145 1403 2472 3501 1329 5741 4537 4896 5873 11703 12905 6027 2714 5744 3874 2789 11498 9982 1077 6912 2725 686 14224 1514 
853 324 126 299 385 193 374 29 7334 9616 4842 6953 4184 8474 10924 8263 3330 13161 11036 12964 6982 9473 11818 8737 10593 14505 11636 13487 14564 5670 4879 4886 12252 14251 3138 2677 5028 
854 324 193 250 385 256 311 29 12394 5370 3920 1345 7367 12193 13804 11218 13575 6120 3151 2118 12161 9178 12403 9645 7151 1036 7021 9019 4006 8826 11047 5990 2148 4150 3694 11454 5746 
855 324 193 311 385 256 374 30 5112 12765 10867 539 12713 14903 5091 4420 6502 9899 3820 5352 330 10301 10907 981 8513 3958 918 2394 11933 5057 759 7141 13526 2840 6991 2945 14471 7554 
856 257 126 374 315 192 432 29 11400 14023 6090 3955 11718 2971 432 8429 6898 496 10482 2968 14063 3420 12157 5131 12757 5481 480 12452 8441 3861 948 2905 9703 14419 8732 66 7962 
857 257 126 432 315 192 512 29 9586 6495 3637 5896 13007 12344 8698 10880 135 14920 7991 1966 8930 7153 5795 3770 6925 6543 3651 10315 3095 7775 852 12701 5153 5397 14086 11018 13794 
858 257 192 374 315 256 456 29 728 10047 13571 1233 4864 10487 11661 13886 11705 2397 14057 10581 297 3647 164 10973 540 11413 11725 9635 7118 535 13982 536 7056 4742 9494 12598 9898 
859 257 192 456 315 256 512 30 5163 11514 925 3044 9515 6728 10912 3022 4777 2222 7105 6927 7829 10360 10471 4411 9419 14685 11267 9503 5690 6538 14152 1478 4589 5806 1920 5585 4080 5524 
860 315 126 374 385 197 458 29 1896 6948 5900 1821 4160 2858 6338 1112 11021 12921 7429 9598 1143 1151 589 14449 2581 12096 7381 8345 12447 10105 1417 7025 6831 3161 13841 3910 10167 
861 315 126 458 385 197 512 30 6490 13318 8375 7498 12433 507 9709 2476 4344 2321 12062 9624 6197 12599 5405 8362 11265 12660 12296 4869 1852 5436 13929 1939 14226 11099 5621 3704 8997 4771 
862 315 197 374 385 256 441 29 2675 2446 14962 7250 2780 11768 7238 10962 10971 8209 10521 1481 4597 6491 12961 13106 10115 10050 5996 9619 3967 4266 6676 14636 9786 10126 12457 13752 11536 
863 315 197 441 385 256 512 30 14222 7148 5476 3715 14743 591 12607 13977 11146 8358 989 818 11175 1772 8123 6394 9613 2614 12511 3399 2716 8525 4124 9205 6321 3162 11566 7061 14672 7091 
864 385 0 250 442 73 311 29 657 5603 3994 2648 9053 268 4275 8702 9362 8833 1366 7592 7873 10634 76 12515 11719 10231 3692 9767 8040 14016 11130 6949 909 12413 8440 13842 10841 
865 385 0 311 442 73 378 29 11664 250 386 11456 14225 1923 12899 3031 9980 3811 501 8664 7445 13984 10686 3531 11678 12176 7096 7579 8136 9905 7326 6340 6446 9413 4675 6896 1043 
866 385 73 250 442 137 309 29 10970 3849 10955 5379 4368 10806 3006 6481 8946 10486 10981 4794 1359 7614 11432 7085 11954 4622 1034 12807 9652 3028 14585 14829 3312 1193 13714 3640 13191 
867 385 73 309 442 137 378 30 12715 8337 1493 5040 14255 7152 13466 1216 2046 5501 6289 12228 226 5209 5991 6435 10856 4207 10586 4051 11092 9405 10858 4326 10929 9558 12504 3392 12875 4490 
868 442 0 250 512 79 327 29 4396 13112 5946 59 9653 11765 1090 9896 14257 10142 5122 13084 12913 12011 4481 12109 10473 14794 12612 2655 8526 93 6004 11188 7898 3606 10168 8629 727 
869 442 0 327 512 79 378 29 6550 5523 451 12636 12926 9461 2336 8029 429 4540 1427 9183 14675 2403 14945 6078 2983 11773 3794 10977 7205 13709 7396 140 2308 3700 14104 7905 2851 
870 442 79 250 512 137 316 29 4440 10833 11569 9819 12575 14248 3147 9038 14580 12866 7693 4522 10792 7895 6441 11658 13796 12272 12352 3628 8975 5274 2249 14195 6976 5907 5360 2021 3467 
871 442 79 316 512 137 378 30 9274 14676 8521 4882 111 11743 5833 6109 7638 13608 6607 6112 9781 14840 13934 761 6527 2604 12586 14652 11476 14952 5797 3238 14458 4253 5612 9492 11935 12903 
872 385 0 378 447 64 439 29 8661 2631 14785 2990 12867 10940 11585 11069 2016 4089 754 9870 10265 4429 14910 899 13603 2323 12365 12861 1735 3564 12521 14431 11245 13344 11431 10292 14407 
873 385 0 439 447 64 512 29 9320 613 12694 2063 4503 12155 4078 11793 8343 5688 9339 4361 12590 3139 14179 3295 9327 14994 752 11067 14053 6466 5558 14477 11040 4972 12412 9719 12957 
874 385 64 378 447 137 442 29 10149 6922 10901 7549 5307 14452 45 7867 2280 6671 6673 5914 12990 4701 10992 14988 9949 11836 9734 1354 2007 10179 7809 14246 10033 9639 1206 4400 1282 
875 385 64 442 447 137 512 30 8637 210 7027 4049 14605 1709 8448 10258 13819 6135 13062 385 11408 7812 4923 260 9673 10511 12188 398 9111 4196 1170 156 10220 5315 2839 8082 3711 874 
876 447 0 378 512 68 439 29 3784 12725 1767 5198 2623 10363 11384 307 3327 11003 9414 9381 12788 12637 7465 1409 12351 521 9721 7226 1872 11714 12603 7281 8050 4389 5792 7273 9667 
877 447 0 439 512 68 512 30 246 7352 1859 10779 8126 3065 5870 12948 14115 11220 12197 5399 7702 1153 14905 13516 3522 1154 6271 7023 1688 5064 7786 14740 2845 10017 11141 9259 13066 11986 
878 447 68 378 512 137 440 29 13587 300 14562 14571 14184 9412 331 1602 2470 8579 14898 14196 9376 6509 2135 14229 7680 940 717 2237 6937 659 12205 8875 12325 10753 8586 11378 7766 
879 447 68 440 512 137 512 30 1882 11531 13185 7117 14357 9875 14142 11588 7891 382 8224 7355 9008 8615 6410 13808 57 3204 1807 671 14128 391 2189 13633 12720 10834 7132 11728 407 14688 
880 385 137 250 452 203 319 29 1018 1424 6395 4123 898 14858 6165 1598 1659 5044 4977 1453 6752 10052 9237 13442 7472 6763 4282 1300 2503 5221 4987 14883 14496 6474 14082 7441 13199 
881 385 137 319 452 203 389 29 11244 1429 10775 10799 12291 7122 575 11726 13347 5468 11109 5143 13292 14472 12638 13598 13650 6789 612 10953 3018 8249 3752 4914 4824 11453 11048 10569 171 
882 385 203 250 452 256 321 29 6006 10452 13494 11260 8903 14386 3578 12696 9384 2953 900 6952 13465 4706 2966 3349 8684 5871 13044 4624 7385 1516 2731 12268 4382 9930 5226 2111 9216 
883 385 203 321 452 256 389 30 13792 11164 12299 13880 13507 4604 3571 1324 6270 3133 9583 7483 6317 10848 3117 3550 5730 14965 4415 11686 6330 4868 10807 14304 9255 6638 1584 6419 6813 9370 
884 452 137 250 512 203 322 29 12758 9810 14200 4585 3988 11481 9409 9868 3207 10070 9813 1472 6856 11438 10678 5088 2426 10550 3760 4730 503 7136 13081 2288 5576 6015 1007 13716 12679 
885 452 137 322 512 203 389 29 6455 3802 12318 10032 9823 6269 3886 9856 11752 9096 14635 137 5408 14953 78 3121 13287 14382 3209 12871 953 14252 8600 11796 11706 8611 11533 5132 13399 
886 452 203 250 512 256 321 29 954 4663 9228 6784 8444 13525 5363 7350 7533 8818 13 8905 8128 7322 14608 12048 19 4426 2748 4245 10815 3626 4749 479 12863 7811 13572 10107 8396 
887 452 203 321 512 256 389 30 12265 12732 13914 4134 67 9693 4627 7244 6558 7836 14734 1411 1623 876 9017 14206 8165 1960 570 1865 2409 11861 4296 4029 3652 3251 13421 2363 10585 1056 
888 385 137 389 445 195 441 29 9746 9018 5906 1977 4181 5668 13431 14578 9964 11240 7859 9474 8386 1999 14800 2117 1538 4953 10277 14610 5710 2681 11868 12723 10497 11470 6066 13148 12741 
889 385 137 441 445 195 512 29 14506 10175 3520 7030 5641 3797 6525 11323 13154 2770 7807 6240 3611 11940 8882 11694 6709 14915 212 1317 8822 10643 8052 5212 962 11163 14948 272 11825 
890 385 195 389 445 256 439 29 11190 13993 8202 11391 13805 12775 9520 1650 2078 3428 4660 83 1358 3929 1261 6873 1651 6911 10589 12093 211 8915 13195 1042 3118 5683 13078 308 1246 
891 385 195 439 445 256 512 30 5856 3079 10214 11233 9031 11110 14463 10091 9330 4203 9074 13021 3036 7608 6777 13662 2755 4244 1583 832 10824 3552 11101 7540 14801 1240 8193 13593 8913 1335 
892 445 137 389 512 201 457 29 8273 8511 12050 835 14167 9132 193 3680 11310 6554 14217 4775 6163 1720 3019 14372 8703 8467 6106 10253 3424 9245 5180 7678 9889 12658 14155 130 14944 
893 445 137 457 512 201 512 30 9839 8111 10401 381 263 2688 4293 7395 9466 7581 2238 987 3115 5443 1053 8257 3156 7376 9578 8155 4752 4935 2217 4739 1274 812 1251 9239 11945 8748 
894 445 201 389 512 256 445 29 3303 3110 1355 9368 3225 11237 3847 3206 8403 7586 2413 6097 3168 6100 13729 2319 9593 13033 14724 9615 13237 9565 10526 5712 6663 4107 9078 13501 5071 
895 445 201 445 512 256 512 30 12171 11621 5958 12976 6388 2005 13037 10727 10595 6504 11006 10828 4677 9005 3273 7077 7443 10219 4303 10771 6043 11581 1482 3537 7897 5508 6593 5239 2653 10884 
896 257 256 0 317 321 65 29 10700 11007 8077 14410 14778 4183 11399 14731 11835 1949 379 4167 10567 14405 13464 3554 14464 8015 2522 11775 14792 1361 3163 7277 9780 4063 9499 10889 1402 
897 257 256 65 317 321 131 29 572 2406 12390 10103 5866 13563 8782 902 11605 8498 13184 10389 10566 12404 9910 6127 9295 13876 13744 3196 14106 3448 1008 12279 9299 12061 6408 2370 6234 
898 257 321 0 317 387 57 29 8455 6083 3543 8205 2583 7934 9543 13624 3454 2199 6919 7256 3403 11019 8583 11494 5087 5685 13740 4906 4211 12114 10840 6864 10144 13121 6003 3253 2912 
899 257 321 57 317 387 131 30 1046 9741 13221 861 6533 3686 8638 7789 3911 13365 6556 6207 4435 2432 124 1643 2247 4819 9347 3027 4090 4515 4053 10918 2531 14986 4838 1076 6921 11294 
900 317 256 0 384 320 64 29 3269 13443 12245 6806 2689 13030 8140 11640 5665 1441 6255 9879 8248 1476 2849 13265 14213 7684 14166 756 2009 14058 10428 13463 6791 7313 12324 12687 12033 
901 317 256 64 384 320 131 29 2899 5185 8287 894 4861 5009 9507 8114 8749 2661 10238 13506 14943 3496 2877 1841 2674 8048 2494 6830 3105 9028 4576 8471 8577 10488 1391 8550 7935 
902 317 320 0 384 387 48 29 9348 11677 12107 8594 532 11974 11979 10495 506 5158 5429 3190 4075 4577 7546 5413 11349 3708 12591 10728 13380 2760 3959 5482 5593 2252 8157 14298 2811 
903 317 320 48 384 387 131 30 13269 8943 6119 4081 4050 14662 13404 14834 11271 6589 14050 4944 8548 7589 9794 4147 9134 1510 11269 13329 6264 12395 9154 9126 3605 68 7602 9463 9357 7336 
904 257 256 131 326 318 206 29 6211 12959 11100 339 9431 11629 7029 14440 12170 6283 10590 626 975 12366 9777 1675 9522 13622 4770 13799 9280 9807 8622 8030 95 13518 6398 7265 10518 
905 257 256 206 326 318 254 29 4511 12820 14343 8517 1213 2197 9743 976 6691 1855 14663 6662 10203 9490 6781 2500 1275 10882 10206 14350 9554 393 4715 2563 11491 313 9535 807 2295 
906 257 318 131 326 387 205 29 1116 3367 6770 5439 6557 9832 7813 10234 7667 9599 8792 2962 10155 5037 6974 9089 8969 3035 11264 6675 23 6855 12102 6519 10776 6137 3691 7628 10227 
907 257 318 205 326 387 254 30 8904 354 1146 8636 4645 1191 13459 207 2580 10408 4939 11631 8100 11071 1744 8217 13721 6526 1892 6943 495 3516 8734 14933 1365 2857 10551 2343 1950 11665 
908 326 256 131 384 324 186 29 1479 14107 9748 5156 9467 4218 14160 5294 4901 110 5287 4630 5999 9633 4598 12292 7839 12778 14799 8723 7176 10322 9034 11650 7060 8657 684 13216 3195 
909 326 256 186 384 324 254 29 8312 11080 14833 11055 12275 8394 14846 10711 1010 10018 2761 8612 2138 8319 804 2051 459 10868 7076 2035 6228 11655 13558 225 5420 7305 3301 336 1501 
910 326 324 131 384 387 193 29 8446 2991 5995 8830 3309 10903 13905 273 9079 11159 7783 1310 1102 13531 5471 10878 968 4416 5616 7186 9050 9795 12130 3528 184 11309 4841 6790 13964 
911 326 324 193 384 387 254 30 8003 4731 7826 870 8967 10074 3222 14930 12085 1597 8203 10225 3518 12981 2937 7765 353 5077 8508 1702 9429 13499 12549 6684 1737 14360 6011 10196 5050 7772 
912 257 387 0 315 454 66 29 14667 438 7164 11760 6218 9378 2326 5344 10512 3805 3174 13602 5328 11167 5075 8037 11121 14095 7853 6534 10506 11000 5275 12468 762 9086 13579 14280 14895 
913 257 387 66 315 454 132 29 5701 9817 4692 2227 13670 5758 9805 8901 13911 9816 8074 3735 7316 4417 11509 1408 1885 11722 2643 6247 1508 13197 14015 13661 9706 11657 12411 3374 5626 
914 257 454 0 315 512 61 29 6413 12073 7349 9403 9027 10059 11613 11430 12162 4696 5461 8130 7078 4224 12464 1586 11541 7982 8718 355 4492 11367 7225 9125 1344 12923 6421 12388 12030 
915 257 454 61 315 512 132 30 2836 6690 5398 7037 12477 1814 548 7190 7379 1874 14376 5716 8182 9315 6990 5278 8712 1870 291 6946 10532 1078 9531 13122 4092 5707 4855 7404 4094 8324 
916 315 387 0 384 441 55 29 134 1875 6970 5842 3257 1868 7580 1919 8225 5176 13262 11903 7973 13268 6082 11226 9121 2972 3160 7832 11448 6742 4137 5571 14782 4970 7154 2825 6644 
917 315 387 55 384 441 132 29 11268 4873 2335 6123 3701 7177 4332 14469 8450 672 5462 7736 2478 1548 12505 12513 9830 5026 7160 12641 8260 8325 13435 2120 8407 14295 1962 1483 12300 
918 315 441 0 384 512 65 29 14326 11463 692 6500 12500 5555 12792 11853 10917 12892 3616 123 680 6337 8742 6499 3493 103 710 3129 3696 11808 1025 2685 1308 4129 14437 4342 5166 
919 315 441 65 384 512 132 30 347 11299 13854 8964 8380 8762 12817 9852 4693 13115 5584 5293 4054 8597 9723 9564 11907 14730 2289 10679 14863 1187 13349 9180 13396 6342 8035 11326 11679 3294 
920 257 387 132 323 455 190 29 629 3025 6200 12614 9282 13727 10351 3211 2961 2944 14707 7537 10183 14936 4364 9224 10669 2233 10653 8729 4536 8857 6068 1473 9069 14231 3865 2518 13420 
921 257 387 190 323 455 254 29 9659 5733 7830 13243 6480 3862 6797 7345 2208 11016 14991 14369 11682 8416 7572 12930 11755 3950 12495 14130 9718 2816 4132 11876 7637 8369 14646 2480 1509 
922 257 455 132 323 512 186 29 12444 7388 14599 484 10291 5772 5872 11104 11374 4803 7386 4791 8532 1073 6670 14856 1230 2576 5540 11783 1877 3416 6710 9978 9220 9250 10941 8334 14674 
923 257 455 186 323 512 254 30 14963 3483 163 771 14530 12126 13312 9992 9091 13811 2888 3142 426 2701 11866 7084 12507 7904 10273 183 4711 10388 489 13210 2686 3803 10716 3152 11981 13152 
924 323 387 132 384 454 181 29 12077 14773 9495 469 14040 14316 3953 2452 4820 10480 11304 5165 980 3 6981 14888 9883 14223 10148 4362 14733 1922 11409 4975 733 12550 14716 11952 3814 
925 323 387 181 384 454 254 30 3355 7329 8929 10524 13860 3672 5199 2868 5030 13139 10112 1307 742 2537 2107 1630 11901 14141 14544 14777 9234 5203 11754 3582 8281 14418 11483 11708 1866 7956 
926 323 454 132 384 512 196 29 14353 12623 1567 9690 9356 1812 9533 1418 9765 112 8000 10800 14380 12803 5702 12387 12094 13815 3763 12571 2159 3229 8986 1466 8728 12121 9640 13718 9092 
927 323 454 196 384 512 254 30 844 7868 11355 7700 11034 14625 4413 1459 476 8190 1777 6385 14361 8283 10577 630 6085 10668 3277 11193 9614 485 7052 530 13951 10133 11965 7387 14276 6121 
928 384 256 0 447 305 58 29 3981 14333 10873 6782 8761 13093 6215 4783 2569 14235 12483 14861 5595 12175 2721 8201 8097 12012 2509 12745 11763 12049 14253 9323 14481 7894 13725 643 7872 
929 384 256 58 447 305 126 29 14554 6630 12322 9410 7444 1763 14354 10922 9338 8605 7993 933 5631 2821 6128 6125 8246 9354 1787 13127 8892 8624 5637 12414 8068 1086 13480 7002 4874 
930 384 305 0 447 381 53 29 7538 2668 8088 368 14968 1189 5426 2188 6172 1867 3281 7654 869 12843 1569 3890 13648 1566 7125 12718 9580 7179 3749 13626 5648 4046 12438 9665 713 
931 384 305 53 447 381 126 30 8009 8908 889 11346 6899 8434 9025 2265 4936 5205 2627 14414 3839 11729 3963 13674 8720 7881 11486 14367 13924 1215 10371 6870 1899 14430 5992 6224 9106 2160 
932 447 256 0 512 321 69 29 13283 11510 14909 9828 8671 2866 14818 11554 13462 6055 12004 433 13336 14919 1388 790 11639 12714 5755 5598 12695 1656 3785 8796 8264 8045 8332 9644 1120 
933 447 256 69 512 321 126 29 12523 5327 5092 5297 3636 3519 10693 2779 6562 6640 3307 4334 14935 11759 2416 11219 13293 7616 9959 327 11195 6314 10394 3927 10755 13047 14037 9158 5532 
934 447 321 0 512 381 69 29 9253 8456 9428 14478 12010 14433 13070 1356 2461 11441 8962 10445 11117 7142 8524 11568 764 4033 14162 12426 4809 397 12184 7450 5389 3619 4921 4311 2712 
935 447 321 69 512 381 126 30 13783 13941 1914 5745 167 6194 1849 7946 10852 6985 13276 2439 3975 10444 5325 8744 13334 61 5933 6236 13527 13900 4679 4984 1663 11385 4405 3786 5790 10797 
936 384 256 126 446 315 184 29 6380 9185 8481 12847 12310 14819 3588 3936 1038 7185 13980 4249 14244 8593 6817 12700 6518 10161 1288 10485 2720 10543 8970 7398 10914 4269 8344 9840 4785 
937 384 256 184 446 315 254 29 2586 5303 11774 11457 14837 2417 11997 9968 14550 4082 1498 1820 12949 5135 14632 8488 12965 8353 8845 14972 14337 3822 10294 2300 3388 7101 8309 8860 4276 
938 384 315 126 446 381 188 29 13174 5144 1687 3097 14534 2379 6773 3038 5475 5774 8007 9585 2264 180 5827 3101 14576 6084 5424 12983 14842 5173 1382 10233 9331 7330 4651 7275 12739 
939 384 315 188 446 381 254 30 5159 2103 1119 5728 3567 8412 3431 258 12260 2041 8911 10850 2010 6652 5804 5291 14874 4964 9549 5929 9095 9841 14795 3103 12399 9965 352 8569 14300 10627 
940 446 256 126 512 325 193 29 5939 8523 12992 12918 11073 6820 3948 231 8965 12781 1469 12122 5828 13362 7095 9081 14134 11781 11246 11300 9071 784 11698 11347 7714 2405 10710 14501 7524 
941 446 256 193 512 325 254 30 9477 6739 12501 4761 3600 2970 7389 2640 131 1452 1522 8938 9425 1488 376 8621 14266 10931 7478 1860 10124 5747 3943 9518 6511 9509 3534 12074 11291 4488 
942 446 325 126 512 381 184 29 12373 9662 12647 6862 12519 10667 2859 12367 4891 13562 14942 10559 13809 14929 11810 3593 5680 14207 7593 5038 9130 2658 7045 4827 7418 6665 1911 10578 9737 
943 446 325 184 512 381 254 30 4849 1079 2730 5367 5573 11758 6263 8648 10449 12196 1390 6799 7514 6328 13541 4161 4662 3372 5656 2904 2601 14 6437 12370 7709 4252 4401 8144 8855 13385 
944 384 381 0 445 450 55 29 7487 13649 4425 3871 3241 1908 12646 7916 7633 10609 2385 4229 13424 9729 4419 6267 8881 4578 401 10274 4817 5183 4259 10016 12543 6107 2339 2170 13437 
945 384 381 55 445 450 130 29 14287 10264 5085 8093 14493 2673 14859 10459 11115 1878 2045 10290 1668 3918 2506 9252 6076 2559 10935 11984 11086 6573 11532 7734 1265 12600 10300 2562 6977 
946 384 450 0 445 512 59 29 12901 1021 3262 9007 4998 10847 1854 13238 12951 8278 8878 7069 12301 6567 405 5232 2315 10077 5349 5146 13825 5458 12250 14591 5867 5781 4579 8418 31 
947 384 450 59 445 512 130 30 13470 2782 14976 11056 6316 10134 6818 13373 2098 7605 639 2555 8183 590 13330 5204 6859 9107 2557 755 12601 3408 5355 13969 11559 10354 6901 2906 10723 3829 
948 445 381 0 512 444 75 29 1647 11316 14958 9481 6796 7068 6245 3931 11473 1273 2015 9385 2224 7342 6823 1194 13724 1383 5498 301 7479 10553 5767 11822 4434 3960 9893 11335 11937 
949 445 381 75 512 444 130 29 2541 4151 13249 3864 1070 10024 6417 8127 13965 4735 9141 10089 11921 6802 6967 6344 14017 9114 10472 11987 10395 1291 5460 10583 8578 9083 7510 10094 10600 
950 445 444 0 512 512 49 29 2952 3888 453 7470 4402 2100 12544 12488 7932 14758 5904 4727 7639 823 14438 14205 2672 3104 7007 1464 13315 13352 11600 7083 12689 10369 11545 8228 13534 
951 445 444 49 512 512 130 30 14242 11918 3337 9826 6545 12182 5406 1570 14484 13936 2738 2260 5280 9236 2255 7665 1594 14836 9179 5148 10714 3313 13376 3615 8688 1547 4769 12704 12309 4628 
952 384 381 130 441 448 203 29 5977 9671 957 4991 456 3840 5412 1451 12312 10286 2076 14781 14990 11085 13076 6961 6146 7146 1332 2296 2086 13884 11604 7583 14112 5343 1144 3223 2258 
953 384 381 203 441 448 254 29 14886 12100 6528 5845 10199 5463 11396 13582 2528 12664 6723 690 997 7401 14007 12865 12038 7761 888 13270 5271 5034 12142 12748 669 4674 7134 14180 8654 
954 384 448 130 441 512 189 29 5276 8704 4199 4335 14150 13331 13226 848 14285 7182 3360 4853 117 8753 10746 1836 14759 4988 3081 11503 13775 13858 1972 7609 6641 9147 8265 9398 7603 
955 384 448 189 441 512 254 30 7818 12722 11977 1436 13419 13967 5194 4121 4599 2268 48 14831 1426 1057 2164 6126 2185 658 11287 6608 82 6249 9908 14203 7425 4695 12608 254 126 2908 
956 441 381 130 512 444 195 29 1591 7304 13301 650 12169 7109 8321 2871 1724 2351 9434 11710 4507 4635 11789 5273 6561 2915 1069 12766 9273 8931 7062 11526 5706 14070 1015 13208 7163 
957 441 381 195 512 444 254 30 11251 12625 11877 8710 1543 10898 11741 13143 10331 3173 12856 446 13974 5167 8151 7578 3111 3685 1277 4141 3622 4843 12950 488 520 8102 8859 4655 5881 6152 
958 441 444 130 512 512 185 29 13357 916 2743 1003 12872 11643 12524 2523 12190 2935 11550 5854 9009 12303 6422 1334 6636 3806 6404 14658 8862 3039 4753 5272 14315 813 10701 6566 14913 
959 441 444 185 512 512 254 30 7080 2834 7695 242 2239 7188 14243 8795 5505 7269 14228 14854 5104 5831 1680 9566 10888 4845 1306 11697 1415 79 5506 3679 4101 14013 14971 4128 10332 5588 
960 257 256 254 311 317 329 29 4915 6184 13529 6147 6582 10671 4192 13578 2077 2307 6629 11839 10498 9927 14245 7805 7180 10519 7954 1085 11152 5400 4520 4723 5140 11256 7587 317 13049 
961 257 256 329 311 317 386 29 4136 9680 10849 12137 4261 10376 1029 12610 3529 1221 7635 8104 12416 6229 12449 10946 2392 6210 2927 6705 1342 7547 6939 7508 4166 10417 5326 8148 3664 
962 257 317 254 311 382 331 29 4375 10272 11717 12051 12622 10796 1376 6058 5776 9313 8912 14574 7731 12355 10809 6457 350 2299 7823 9961 8840 10201 2561 12791 1532 9493 9209 1157 2191 
963 257 317 331 311 382 386 30 3092 2029 9725 8966 1506 1363 5299 6786 4718 6931 9172 6350 13734 11647 11079 13468 8534 13547 7817 6865 10795 12786 5592 8839 5265 6376 2383 8460 9675 568 
964 311 256 254 379 312 323 29 14752 2497 3046 7276 3298 8213 5341 7841 13530 10724 11767 3618 7115 14062 3845 7520 720 11126 159 1163 11397 4870 14637 7892 10120 3283 6225 2739 7757 
965 311 256 323 379 312 386 29 642 11119 606 8995 3990 6994 7143 11451 14483 14696 3687 7864 9441 12000 11325 12499 10642 9109 1589 380 12963 5565 3122 3930 13548 598 4884 2402 7560 
966 311 312 254 379 382 326 29 5248 1616 11893 3363 7622 5577 8243 11277 14262 13835 6517 12024 8907 4455 7726 4443 1349 10451 1572 4155 214 8971 7460 13708 2352 14003 2158 6586 10350 
967 311 312 326 379 382 386 30 9099 10747 9438 10648 3198 14753 3575 281 8192 9296 6291 6764 2028 12942 11201 10876 10563 1604 1121 4496 3240 7539 7173 11932 14131 483 2519 10081 7938 7710 
968 257 256 386 317 328 453 29 935 6578 1074 3514 12733 2448 6975 14894 8200 1762 3456 7858 2887 10978 11695 6098 13439 12116 8559 11077 6053 885 4398 14319 13141 819 4424 11358 648 
969 257 256 453 317 328 512 29 1497 5600 6766 7922 10968 12616 98 9642 14446 8022 11547 1122 13159 10055 2879 4071 13134 10813 8880 14592 1646 10790 13107 5708 2087 13994 8771 1706 3828 
970 257 328 386 317 382 443 29 10215 5849 687 12852 12941 5803 14085 14192 856 12653 13910 10075 1128 13068 10750 5947 6209 13818 5589 5586 9475 4280 11340 1407 269 11194 13945 8057 7915 
971 257 328 443 317 382 512 30 13636 7748 6523 10921 9684 12455 11062 6716 9167 1944 8318 7558 2070 4452 10455 10020 2545 11747 1285 2380 9838 9939 2419 13288 7939 13692 14832 10261 6711 1845 
972 317 256 386 379 315 443 29 14602 7257 14901 12839 2894 930 4059 364 12476 11684 3607 12602 9023 9512 5980 1049 177 12147 9657 6149 11148 9983 5270 10759 10298 8159 8958 2277 12289 
973 317 256 443 379 315 512 29 8788 8483 14660 2496 7627 7454 8443 1593 6904 5473 10342 402 3481 11602 3476 4555 8206 10057 5669 13117 3921 3947 5058 3220 5141 9024 13979 1173 6713 
974 317 315 386 379 382 444 29 12212 12441 1961 13685 8701 8604 14634 2920 2587 2328 39 593 14850 2534 1502 14603 2867 7299 6282 9235 8978 10762 5120 1211 7674 1674 12804 1380 1817 
975 317 315 444 379 382 512 30 14065 1136 10789 14260 1353 13032 10787 2012 14355 8017 9390 9269 8539 7979 8832 10501 9944 6516 3171 11539 7767 6254 6902 6874 10468 5021 1303 9365 9820 12800 
976 257 382 254 316 442 319 29 10021 5739 12562 9897 5225 3909 3300 10791 10939 6426 2642 3314 4145 5170 1967 1309 732 14475 5583 14689 3393 1371 9133 7564 6664 8361 6171 6889 3446 
977 257 382 319 316 442 377 29 2696 1279 12699 2632 13173 8709 10348 12080 9660 6798 5570 3837 7233 10251 6397 8505 12151 6997 7763 1092 6794 3387 11899 2705 4444 6470 1649 12028 3710 
978 257 442 254 316 512 308 29 4186 13138 6354 3709 7197 4445 14423 6369 9306 2415 2957 3487 13225 12682 255 8738 5561 9789 4833 5638 8803 2400 12313 154 12159 10721 6202 1804 6002 
979 257 442 308 316 512 377 30 1629 10831 13680 7230 3137 12486 2818 3707 8234 12223 10958 12785 7092 12782 7098 10308 7882 8038 11398 12346 14868 4913 621 10321 7947 2206 3866 2634 9623 12076 
980 316 382 254 379 442 320 29 10816 2297 12978 2551 11447 1384 3646 3443 10320 1743 3334 11953 707 816 11307 2340 11646 11515 8794 14791 7024 197 11125 12091 4681 11171 7013 14872 12273 
981 316 382 320 379 442 377 29 13703 8146 9061 649 2421 14816 9540 5082 7261 3068 1667 13798 4812 6838 6134 8301 4028 10517 3925 7496 14371 1521 11720 1321 5233 14535 14271 11261 10073 
982 316 442 254 379 512 315 29 14451 842 5664 5994 13146 4407 13433 12430 10114 5117 8988 2895 5402 365 7870 6903 10911 737 1997 1058 8694 4228 13542 10818 8602 5948 8592 1661 14238 
983 316 442 315 379 512 377 30 5817 6508 10891 5004 11087 6138 8957 3268 13371 7906 2044 8743 5644 5726 4532 14974 10475 514 8514 6423 12339 296 9915 946 14388 519 12934 9210 8214 2532 
984 257 382 377 321 444 451 29 12274 3317 6252 8259 10757 8556 10713 6054 7634 10327 11028 2457 855 13040 12415 12580 3453 3210 6345 2602 11200 14379 14694 14462 12849 12129 2890 3141 2039 
985 257 382 451 321 444 512 29 6190 14589 1992 10122 579 6698 2108 3260 5839 5029 9570 14109 9951 2824 2914 10987 1794 5495 2883 2454 5705 4986 10597 11139 3868 6155 9969 1894 11577 
986 257 444 377 321 512 435 29 12014 5918 8298 10402 6715 13222 5974 5321 2599 7287 3445 7970 7107 6617 14100 13059 12551 5192 14178 13713 2613 12069 7438 11941 13176 10772 2349 5312 3113 
987 257 444 435 321 512 512 30 12348 1387 11598 13178 10491 14145 2733 318 1531 9766 5667 6349 3798 12424 3243 4454 11895 10536 3224 14682 2075 13151 3598 4554 14902 4177 12922 11733 6115 4258 
988 321 382 377 379 445 433 29 7886 3809 3418 11356 1148 12770 11975 10205 8315 13544 13290 9170 3287 390 4453 12894 10255 14679 8269 7402 14267 6913 10015 12665 6535 11183 3720 11735 3358 
989 321 382 433 379 445 512 30 11707 9544 3157 8680 11840 8520 13806 990 310 9059 6108 2517 13137 11609 8478 12541 2314 4489 1311 7582 13423 7779 11122 12751 12854 10328 4685 7168 2139 8431 
990 321 445 377 379 512 429 29 6191 8851 14413 12489 9551 14390 12916 8250 6659 769 1917 5111 5147 3054 2462 14264 14352 7835 10435 11727 8081 13786 4895 1369 14748 14275 7960 7777 14210 
991 321 445 429 379 512 512 30 8233 4798 10256 10025 10211 6836 2902 1197 8172 2787 374 6471 5137 739 6175 1715 8436 13686 1677 7284 5306 14514 9400 2167 8581 3486 14983 5651 4502 3058 
992 379 256 254 445 322 318 29 14125 9648 9758 12841 7260 12280 12139 9785 14772 3765 14194 11173 10804 6890 14656 11537 8366 2629 5802 5215 1778 10313 6290 3655 4716 13996 10999 5662 10786 
993 379 256 318 445 322 379 29 13354 13322 457 7771 1093 858 11209 11829 3050 9430 13878 5989 5249 2564 14121 11762 6577 10465 1375 3406 9283 10821 8385 8545 7171 4888 8582 9918 4149 
994 379 322 254 445 384 327 29 14659 14450 12496 12897 2058 10140 14557 1062 6089 1333 7720 13586 6489 1177 5860 2827 13393 9218 9285 7219 6743 247 1552 3460 10392 3525 11645 221 8044 
995 379 322 327 445 384 379 30 9016 13816 3377 4545 12589 4562 13350 13908 3826 3055 9243 6096 8846 10260 10326 12945 6783 13681 2427 2889 5940 8787 11386 6564 13003 13956 1168 12334 12037 13189 
996 445 256 254 512 321 308 29 7698 2133 11563 10822 11199 868 11744 10262 14577 1292 6133 10692 147 8419 262 6891 4639 6542 11157 3830 13807 9444 9689 64 10682 5035 3094 4021 6164 
997 445 256 308 512 321 379 29 7006 12620 14741 7843 10719 10130 3208 14519 11328 6086 9920 8454 14420 13416 5805 3286 1843 14373 7144 7327 13496 5564 5877 11369 10664 10900 12988 8499 2515 
998 445 321 254 512 384 314 29 1075 11985 3924 2540 11305 10780 14486 3011 9455 5434 5663 3903 7987 2110 10784 5177 1325 13763 1555 2947 4120 1980 9632 7669 14939 12227 5518 13853 6753 
999 445 321 314 512 384 379 30 617 712 9043 12419 14708 745 5179 8388 5020 614 3656 4117 7631 1098 8588 8226 4581 8574 3275 8306 4010 7174 9529 3495 14456 5836 13589 1722 10474 1142 
1000 379 256 379 446 319 435 29 7601 9751 3741 13451 4722 10039 6302 1410 3721 6439 7003 2334 5421 6094 6401 10430 4580 6409 10948 941 6840 3108 11339 1673 12427 11607 1005 4469 2885 
1001 379 256 435 446 319 512 29 10368 3085 13025 12734 8084 13961 5606 4202 12668 5116 549 2784 3193 4813 5930 5513 4929 2105 3631 1266 5889 14702 4231 13414 2482 4337 14325 5350 8475 
1002 379 319 379 446 384 458 29 4459 4738 8330 14594 7647 6513 1781 12502 1723 8496 9793 11150 4292 9388 14378 13061 1886 11393 11799 9773 11370 9987 8653 4535 8194 6156 10823 11887 12179 
1003 379 319 458 446 384 512 30 13411 971 10441 13486 14434 14899 10463 12556 7208 10164 4442 3070 9545 6329 11761 10773 7339 1694 396 2391 2863 4793 14964 7399 11035 3120 9066 6139 9953 13289 
1004 446 256 379 512 316 448 29 14841 1166 13406 4290 10522 1893 12398 3381 834 4548 5902 3603 979 2257 14595 8339 7110 11753 4918 10250 9692 4047 11084 14695 10865 11955 6632 9149 8867 
1005 446 256 448 512 316 512 30 6001 13801 4370 7963 2411 3267 3999 11037 7796 1577 1921 8879 10461 7246 3938 1995 9207 1192 10200 11930 6553 0 2762 11459 1811 6992 14720 1588 8774 12251 
1006 446 316 379 512 384 431 29 5740 965 13004 12702 11788 9991 4885 14619 12593 3726 14468 2241 1818 13559 8072 208 750 2092 10520 5346 490 9960 5000 10416 13384 14008 6458 1504 3591 
1007 446 316 431 512 384 512 30 9480 10539 3422 5414 10421 7283 2989 10923 1988 689 8092 3040 2393 9727 8940 3898 13426 9584 12674 1449 3417 11162 4744 8397 2081 11690 2291 12039 10607 10967 
1008 379 384 254 441 437 317 29 8776 8320 7594 5779 4871 2684 4467 1320 120 12750 11319 10288 9458 8005 13707 624 8730 2850 13948 9797 4672 6524 6075 8689 9947 13520 12971 12150 4980 
1009 379 384 317 441 437 378 29 4908 2556 1745 12459 4926 3904 6875 13778 12784 4414 3002 3772 4800 11089 2829 2325 3585 2747 9669 1927 7491 8981 12067 4209 153 437 5815 13272 4377 
1010 379 437 254 441 512 322 29 6180 627 3722 7423 9740 12508 11108 6101 7014 7044 1188 4546 3751 5859 5046 1519 12837 10764 9954 5353 148 13888 2934 3429 6438 4135 3233 1269 14026 
1011 379 437 322 441 512 378 30 1247 8251 8116 13294 10974 1171 3347 6639 13887 8567 9437 6666 1405 3940 415 3149 3292 8494 155 7175 12520 1258 12661 13500 5364 12105 11135 961 8286 11972 
1012 441 384 254 512 452 311 29 8974 219 6588 8560 14492 4187 3053 8563 7544 7223 2616 4274 14321 3080 9626 2144 9739 14102 1959 2783 2759 12648 14803 3913 4449 5560 2737 2083 3592 
1013 441 384 311 512 452 378 29 10558 7324 3230 13353 5956 904 7711 11770 3667 14311 1792 2949 4670 1244 10988 13719 977 9678 14132 9508 5883 6601 4760 12670 1217 7664 919 12900 11790 
1014 441 452 254 512 512 298 29 2757 675 8745 13856 11394 12631 4373 13741 3500 13052 3733 2977 9363 4558 4436 7297 75 4017 3547 6389 3423 11831 10576 13817 10189 7323 4320 14457 1622 
1015 441 452 298 512 512 378 30 14398 13892 2683 2014 7824 172 9287 3411 2815 13364 3112 5810 5110 1316 1400 10170 6265 6610 7189 13604 11926 7555 4193 3282 12680 12573 35 2886 372 3362 
1016 379 384 378 442 456 448 29 9574 7527 6244 2535 1989 13359 11740 2490 6655 12053 12434 3063 4989 89 14604 8303 4505 6834 3354 12277 2073 2327 14088 6689 12270 749 2822 7294 6478 
1017 379 384 448 442 456 512 29 348 10499 5788 6196 10035 4069 12915 373 1533 9223 12342 3962 9451 3992 8941 6955 10599 3128 12220 6268 10007 406 11792 8300 3413 5015 9571 11221 14027 
1018 379 456 378 442 512 439 29 4725 14955 12570 10741 7672 2248 8828 8158 14123 9073 5036 3502 6748 13113 6318 8501 12652 8373 1006 240 6947 1443 3669 440 11849 189 11630 7543 10188 
1019 379 456 439 442 512 512 30 10406 14638 2988 2184 13319 6646 8316 38 12675 3459 11881 4857 3706 6989 12239 2930 10705 6792 5454 7815 13132 5101 5499 7661 13985 5490 9764 8950 3541 7825 
1020 442 384 378 512 441 439 29 3553 10044 8715 1556 2298 11205 11434 10737 4062 9572 9608 5005 14561 9457 14385 8952 1526 11189 7373 14922 9351 11766 2121 289 2313 4856 11242 3357 668 
1021 442 384 439 512 441 512 30 4623 10932 11742 14790 10045 553 6634 3973 4412 14786 2707 6032 11528 7670 810 805 4210 10425 6239 3254 5666 6822 419 3880 8134 9352 9271 770 2304 14582 
1022 442 441 378 512 512 428 29 13355 11379 12882 14722 1535 9307 3432 9627 8163 9433 7333 13851 9804 9227 10404 11275 11746 1574 11711 4227 13011 5635 4596 13119 10252 4804 9450 14303 12003 
1023 442 441 428 512 512 512 30 14828 5152 5786 14480 6183 4008 9602 9696 3231 9811 550 10673 6852 12213 1751 7618 3073 1208 7035 9346 11624 10991 6880 5623 4938 8497 4951 41 10423 11923 
