128
128 0 0 0 0 126 126 128 248 117 14547 9857 4158 11897 10469 4263 14470 3713 9791 3169 6124 9392 11025 3754 10877 11595 7124 5479 1614 1805 13429 9136 12187 8947 6375 4669 4099 2468 11352 828 4390 9722 8279 11 8020 9995 12595 1800 3750 6884 3535 8984 5503 4854 11197 12802 12609 8245 8354 4409 7975 3899 10390 7989 6704 6334 10601 8705 7658 4684 6969 11479 7034 2020 3178 14981 2848 9189 2874 4956 6181 10396 7351 744 4018 11337 11756 11662 1847 13434 9906 10538 9666 2372 3764 9597 5022 2119 199 7365 7535 4971 8019 6590 6835 14575 14265 4055 3761 14969 9664 8675 2466 11634 5258 10391 11644 12692 6465 5043 9863 13667 7721 13814 4776 11289 13957 
129 0 0 128 0 126 126 258 248 117 1394 5541 13616 13313 5210 4439 8824 6560 13469 1844 14338 4619 4810 8241 14482 12777 10186 10386 1256 14290 552 8095 7530 14779 6876 14416 13973 12994 13521 5678 685 1819 2362 8447 12065 4698 4570 6988 8725 8442 447 2711 730 12180 237 1712 3199 13874 9528 4575 6805 6484 3166 161 9305 9026 7072 8601 8754 47 1235 13652 3258 12553 2847 5978 2090 3014 11279 6537 6378 11343 11517 14140 1419 13333 5898 332 13986 1337 10596 11738 4319 2663 133 8073 321 13732 12808 9056 14546 7361 12409 9153 5240 9244 12864 6220 14308 10036 4759 12534 8055 13557 12583 12522 3771 466 10384 13639 3087 6433 8399 13991 14947 9833 10230 
130 0 126 0 0 126 253 130 248 117 12531 8414 11274 5916 11331 12516 11786 13440 8238 14573 13881 3029 3345 912 7951 2795 7042 13379 13193 731 14429 4788 10572 4095 270 4262 8275 8427 3926 3513 10213 6650 6206 9731 9093 5113 716 4858 11170 4241 11929 1205 1641 8461 12023 636 5855 11311 934 12253 3093 5465 14542 8936 11422 11817 631 9825 7884 14815 12478 4384 6603 7473 12832 2715 13485 12584 1660 14865 10610 10240 169 13387 4620 4933 12276 13013 13683 5251 10919 13522 10184 12297 8977 1140 6598 13356 2396 5787 11989 4840 1030 8409 2510 4787 7285 4523 9300 5448 2700 1167 7229 13432 9266 2192 12321 3328 287 1401 5155 2546 10925 7729 2106 13428 11827 
131 0 126 130 0 126 253 258 248 117 7384 4070 4766 8071 8746 12677 4036 11144 2892 4404 1736 5760 3285 2389 967 5382 10484 11127 2978 3965 6512 12127 907 13145 492 7787 11902 11905 6536 9087 14399 5409 11416 8166 3461 7917 10835 5444 8178 4822 1242 8490 4040 12776 6070 92 14857 7464 6311 9393 9592 5698 1596 9636 8821 2487 5590 13789 12350 719 4634 1883 5411 9575 1487 9304 7666 7901 11892 3609 12920 3790 3489 1234 13074 12234 1747 9439 13298 13053 2127 7517 7416 6023 5262 1924 7461 10466 5435 9065 704 1568 3249 5551 463 12621 10738 1554 10352 13409 11495 11024 3986 8046 13090 7267 6231 6177 883 7831 10768 14002 7686 2956 4188 3005 14329 
132 126 0 0 0 257 120 127 248 117 2235 6467 12773 2194 8877 11054 688 2281 8408 7036 8458 3674 14412 14984 5610 13446 10614 4768 2292 14540 6367 9462 3024 8335 13663 94 12909 864 7733 13048 7073 10803 13204 2861 693 9322 9579 1740 2246 5979 7130 8109 721 1956 5559 3344 10695 9105 7950 3746 11492 4880 6034 9454 2053 6257 5935 12469 697 9778 1609 1147 277 14754 12302 3052 10109 7810 12929 5512 3464 4943 6569 14030 1228 772 3978 3852 6460 11022 5217 13761 8949 2096 9115 14980 1222 6606 7400 10733 6960 4381 890 7066 2925 13517 3060 7203 1414 12097 11915 13576 13921 6193 13637 6204 4560 12156 1108 10881 14552 12879 129 6176 814 1869 5835 
133 126 0 127 0 257 120 258 248 117 10302 1553 547 11351 12407 13046 11693 3608 13793 5553 12789 10677 2359 11094 12044 826 8767 14966 5550 13875 12345 14568 6110 3426 5311 5921 4372 9771 10361 541 9594 10731 13607 5516 12027 3186 4782 14510 7231 2057 2595 5189 14084 5235 2172 10879 1209 4432 11692 14323 2278 682 8876 14488 11350 1909 5474 12730 8564 1682 7744 12821 9251 11857 5496 4115 14524 7215 362 9563 9801 7863 785 2680 8793 2741 14240 5333 5766 10098 8197 787 1971 8608 5410 11712 12246 4309 8491 3968 198 5268 8856 2727 12810 3271 4916 7147 12247 2931 264 3562 10268 3261 8261 6732 13867 5756 6521 11592 4371 6866 9844 439 3779 6081 3877 
134 126 120 0 0 257 253 122 248 117 6168 1117 475 8663 10510 5007 6335 1048 3810 6908 3581 13114 11345 644 11927 2750 923 8575 8557 10541 11112 11012 10740 827 6940 7262 8925 7343 7458 4852 10502 7415 6469 3725 1462 442 13028 7408 8673 9519 13676 13552 3072 2963 8433 14499 6839 3176 8229 5304 9387 4741 4066 6706 11030 9291 11074 2754 638 2234 2618 14383 3624 14059 9325 2262 12397 6232 2843 5106 14900 4085 11672 5446 11467 14426 8562 12885 14967 13302 6355 2347 4748 11962 6429 5801 11357 1695 14036 12724 8926 14447 13427 5310 10542 12354 13321 5858 6801 13943 6005 9123 14701 6619 12632 113 1172 249 4077 3127 2955 2524 13553 1099 5313 10285 6008 
135 126 120 122 0 257 253 258 248 118 11603 13389 10687 3143 2802 10333 13935 845 9015 7200 11730 7251 387 4501 3395 3799 12579 5252 6776 5025 6399 1850 11721 1693 14331 10885 13358 8161 4020 13155 11243 14127 7648 8122 2929 11042 4559 7623 6381 9534 3833 1670 9929 4403 10347 13094 5675 5067 4863 14215 3964 5006 12844 13584 1226 10516 7730 280 3842 2209 4451 1952 4474 1063 1263 1823 2080 4226 11723 4096 12060 4510 5732 6372 7652 8207 9971 13997 4680 9373 9353 4567 12341 13839 7041 13038 11516 4866 14060 4105 1788 7289 1615 14951 14553 3816 303 11333 4872 1626 7545 13346 3729 12752 7888 2102 7625 5549 897 1129 9498 14032 11911 8535 14439 13488 958 6358 
136 0 0 0 248 128 129 133 512 117 843 10138 13123 6853 4615 3573 4893 4524 13903 12445 11601 9628 3444 3191 8247 4024 6627 656 1323 13803 9336 4688 10697 1061 7728 14726 7697 454 10712 11843 3832 409 12152 5830 11529 5086 11980 13919 13784 10708 8708 12812 1782 1494 10801 8815 11812 5563 10385 1326 14668 7525 14626 11312 1495 8649 10915 3724 5951 10034 12649 1351 7650 13556 11442 2330 12989 5901 12545 14555 9892 9587 13913 8504 11815 9488 12183 12408 2766 13245 14588 14126 822 3717 6892 1968 14232 6256 14328 14409 7255 8477 12940 3966 1716 6618 6025 14997 10222 10192 8831 10646 14755 5686 13001 9261 5096 4294 6625 1994 12806 6315 4754 24 9377 11882 7719 
137 0 0 133 248 128 129 258 512 117 58 1797 8378 8714 14173 14911 10066 9772 12705 7759 13569 12389 1082 4922 7434 1346 7097 7019 2981 12423 13305 7961 10628 4959 9702 1831 1681 1017 12232 12235 11542 9988 13787 3084 13931 12898 3302 10810 966 7018 7755 10173 4721 10136 11482 3252 12798 3954 2794 6746 8430 10060 6616 10101 13215 11996 3902 9698 11501 8174 4544 2976 4671 2019 513 10749 3699 12927 10117 2153 12824 7641 10980 12569 13868 4026 3510 12996 4564 4351 8939 14159 11642 8314 5095 9922 9562 3933 6310 8811 5455 3071 5172 2533 395 4765 4450 8152 7876 12836 7302 14071 673 6722 6697 3860 6740 11860 3182 2318 4312 12767 2418 13872 8641 13781 4900 
138 0 129 0 248 128 253 145 512 117 9938 341 3690 1982 3536 6658 13883 14657 11388 11204 2495 3076 2951 1512 10042 7949 5062 4281 6182 9993 11652 5369 12557 5807 3245 2038 5736 3371 14882 9986 14068 9206 5329 10254 13291 14473 5337 5693 8254 10397 10216 11423 13930 3807 10415 6532 10318 11072 10995 2651 1434 860 1941 11844 3596 2698 1164 1004 13712 7120 8034 2630 14732 9196 9511 5617 12241 7984 13848 14208 7694 4035 4465 14009 13600 3824 3100 7600 509 8937 3383 6826 12052 9609 80 14277 12386 7131 2146 6293 8994 9547 11998 6731 14129 3521 11259 12422 11153 4621 9440 6275 1540 10080 9054 9360 3597 8462 5478 12937 7331 6226 3825 10023 3194 9809 2074 
139 0 129 145 248 128 253 258 512 118 1775 914 10031 1940 9344 4360 1738 5985 2778 11239 9289 12578 13583 12995 8274 4485 4302 13591 3242 13167 8769 6895 7822 2244 2205 2460 14765 11988 10014 1031 11751 26 10846 10102 7990 13743 7756 1590 14892 10893 7875 6980 11366 7335 5108 3793 4331 10529 10304 9894 13473 11834 679 10282 1884 13651 4317 14136 6387 12494 6074 7053 10985 12565 5838 508 12587 1422 7366 6295 5486 6322 7432 9674 8934 2122 4851 8170 6756 2764 10639 3477 7588 4755 12016 9970 2718 10555 6829 11314 7369 5377 1979 9048 11823 5925 1664 1430 3184 11961 7433 1703 220 8406 663 6757 10306 5373 6628 14039 13279 1134 778 14344 3697 1910 5731 1534 
140 128 0 0 248 257 132 135 512 117 5206 6064 895 5780 1444 14025 14301 2150 1727 9415 2869 2799 798 5384 12340 1001 6434 8836 5128 8024 2566 12428 7802 6362 11103 12628 14978 1081 204 577 2165 5330 8336 3684 14108 2876 14613 7447 1457 13096 5809 647 7569 160 8096 360 3583 765 5231 11124 12233 726 13613 1915 10259 8468 10874 10064 9711 13029 6810 11879 12482 729 11273 10457 7196 14474 14346 12328 8352 8476 2807 14651 10178 14532 1657 748 3047 14527 11064 11407 3834 13089 55 12026 13766 11091 1456 4220 6591 12177 1739 13920 9358 3901 11329 292 9859 14190 13739 7746 11924 14342 14537 7969 13471 10530 16 2710 1431 10071 465 14445 14579 9155 6914 
141 128 0 135 248 257 132 258 512 117 9460 4476 10195 11669 8777 10986 5489 10443 10053 12391 13960 12629 3638 13479 13774 5520 3306 5281 10405 1912 8627 4235 9176 6013 1801 2436 4563 7467 8470 10307 3545 3858 14327 9909 11236 13735 7111 1834 472 8883 3270 8179 1600 9342 12381 7341 7165 4962 3663 7966 960 2982 14261 8439 4216 11324 13091 14876 3894 4910 12617 2025 4656 8759 1420 12759 4352 8026 1928 10843 938 1231 4205 9447 5213 9799 12361 166 9874 12619 2511 9604 13386 8016 1969 11143 7673 7751 2544 7735 11235 950 1907 10579 5865 1558 8347 11341 13710 12952 9691 1490 13493 1268 10782 8049 10453 2772 6230 6804 794 7039 5754 799 6882 1341 592 
142 128 132 0 248 257 253 136 512 117 11620 7224 4946 13489 8733 8326 8270 905 9888 6787 4911 13750 2790 10454 243 5335 5469 4357 4254 2860 2508 13095 6747 14374 10235 4456 14912 786 14143 5357 10325 3917 7201 7611 5864 9242 12624 7690 462 12311 12860 6754 7924 6595 11005 8650 441 14366 12046 3203 13992 3140 14067 5998 10540 1020 7087 13909 8522 10936 12392 2657 11427 4629 6680 6141 11850 4238 2585 13187 9728 14487 8570 5544 9148 10943 1484 3653 12314 1644 6959 12123 1254 13239 12128 6597 9792 6453 14077 3766 14839 1580 7380 8798 7026 1710 6602 10514 5723 8751 3342 3714 1404 6021 14345 10336 9491 13902 14233 6962 9881 3389 8173 9716 8101 7435 6383 
143 128 132 136 248 257 253 258 512 118 6749 1155 11553 468 12108 7878 6012 3401 8054 13079 11794 12043 11580 2145 1446 7050 14764 9472 11713 10399 5031 13833 4865 13158 5607 7477 3632 11105 1019 8631 6621 10866 12555 6377 12327 9045 3188 5485 8293 13617 13843 1640 12357 13031 14204 9000 5415 6897 9350 2231 11002 7428 6373 2717 84 6848 758 4719 10832 2094 322 12172 8894 718 4471 4060 452 2543 7740 12135 8553 10998 10439 4942 10765 2593 10147 7430 7977 7854 4438 10964 11522 1161 9160 2691 8297 3914 14670 13217 1399 7405 13614 3595 5174 14335 6266 13769 1796 4300 2758 2875 3821 6552 705 14798 13361 3051 1297 6954 2473 13970 2622 13580 5955 8844 9355 4557 
144 0 0 258 0 124 127 383 260 117 1856 106 10612 618 1423 13790 2873 6371 2996 9541 8502 2186 3961 11552 8848 4584 4860 8012 8686 9774 6427 5614 4223 1802 3045 3248 10172 13898 6888 8989 537 5208 11412 2141 8185 1138 14421 30 7689 8280 12991 3783 12295 9548 14673 13962 9471 8210 12826 6965 9011 12761 14515 5937 7773 5371 13990 2329 8509 2499 4549 5493 7392 8960 7743 7063 8328 947 13020 6047 2287 8119 11906 936 10644 14024 9152 896 4291 8933 14924 13284 7983 4164 4650 1755 14684 4308 4704 14618 9994 8935 8585 1863 1160 817 14079 723 10969 2271 11615 8480 12878 6846 14718 2938 12712 10202 14760 3769 6600 9436 11507 2645 1808 1730 838 
145 0 0 383 0 124 127 512 260 117 7240 2441 564 3561 4846 911 9182 6356 2242 1951 1936 512 13722 11272 13620 12450 9004 13605 11499 8356 11158 6611 10490 5181 6828 4912 14797 736 9110 14273 3755 11870 10575 13733 5796 4676 9704 2259 14092 65 9100 2854 11032 4206 275 10296 9998 5770 12336 7794 9846 8820 2567 9456 2445 11049 4948 6647 8897 7507 1125 4528 10625 8098 7833 4048 8368 11951 8329 978 14677 1757 9333 9326 12760 5483 6596 10104 2667 6729 8979 5133 9783 825 412 14763 4792 9076 2136 7492 10892 7644 10237 7048 3491 7663 73 1352 10605 13785 10546 6030 2273 2662 14645 681 2267 6130 2853 8717 13770 6827 9695 7403 1799 3197 11858 
146 0 127 258 0 124 253 388 260 117 5868 3718 10317 10433 5480 8075 62 3551 1987 10340 6482 7675 14356 12244 4941 5138 9527 2897 641 3559 13482 10949 8760 11558 3183 988 11626 849 5340 13916 608 5997 2032 7996 5123 1810 3177 2588 7419 3202 5500 1935 1879 8747 10051 3870 4996 11832 3167 2176 8331 6353 3740 751 6751 2558 13105 13240 288 7022 14188 10356 5286 3435 8807 5318 2474 4088 3447 8384 498 9850 11321 6325 4430 12596 14282 11107 4740 5681 2708 1331 8489 6869 6733 11591 9912 8147 21 1721 4832 1766 3200 6045 2769 702 14989 10330 11460 4633 13162 8025 404 3557 1026 10603 9606 7827 2671 5109 4163 4757 12240 11372 13370 12154 8472 
147 0 127 388 0 124 253 512 260 117 6973 14985 651 4307 13083 8610 11262 7945 10651 6420 7923 571 7793 8059 12374 2243 14291 12577 12888 1204 13220 4533 2377 6926 6572 13738 8500 5704 12111 9335 3662 6393 2229 6173 14751 7613 8668 5604 9808 995 1276 926 14089 1551 5899 8503 1857 6549 4267 5236 2619 2697 7914 9465 8944 13700 8544 7563 857 1806 12853 8551 4310 14402 13126 8027 555 12697 5511 7074 9382 5068 8942 8996 6160 4981 13391 5334 6868 13231 1465 2797 12099 12092 12669 9293 9088 2169 4091 6297 4039 11667 1397 2484 13188 10534 2112 1665 14014 14847 2353 5765 2838 1322 2125 14268 8272 5048 14745 14940 3041 2703 11044 6645 10153 9366 11031 
148 124 0 258 0 257 132 389 260 117 245 13234 10420 5742 8099 12944 12081 13757 182 12019 6483 13337 5785 6760 12968 4283 13016 13264 14871 11217 2995 8887 13577 302 8377 830 12110 3364 8032 11511 4616 9670 3107 427 12186 5949 10266 5579 12514 11848 14294 1733 5331 11252 14937 13450 10661 12083 6920 5130 5190 3341 10961 12258 3698 4242 9062 408 11632 14156 774 1440 7010 6811 2610 10224 11938 9042 13400 14993 6188 8382 6129 654 14543 8364 4772 2806 1047 13813 10853 1110 2069 12009 6905 3846 6924 14975 10732 11958 2068 9836 12738 14999 14137 2333 3728 4168 8676 11169 5090 12163 12893 3843 4894 10009 2175 5596 2625 1318 5837 9647 1592 3441 4427 8390 7249 
149 124 0 389 0 257 132 512 260 117 12015 14090 1618 3059 12402 5646 9247 7490 2317 13509 9887 2590 10367 5227 13528 13758 1926 14644 13452 5010 298 14415 5734 14835 13402 11446 12756 8541 2919 12518 2031 14771 14417 13885 491 2837 9708 6451 14950 9 11991 8154 6635 11811 5139 8658 10116 8255 4109 1054 2204 11931 859 10730 13826 11439 8847 11227 2216 9470 11612 12654 14171 7123 1803 9851 235 13756 1287 3373 7137 9453 4014 12439 1480 4743 1550 6062 12460 5182 11415 6144 12437 6285 5119 12604 2303 8277 14864 10565 10635 2331 1654 2950 10952 8139 4179 2437 6246 4828 8198 4004 5751 11420 3102 12568 9699 1448 6815 4934 6425 12859 7213 4999 4482 872 14642 
150 124 132 258 0 257 253 376 260 117 424 7615 6259 5775 3455 9798 14485 4686 8402 11964 436 4973 3982 10515 5019 4732 13966 13894 8866 5639 13545 1454 14177 5332 999 10180 7300 8056 1507 3439 10640 14400 5615 13950 4057 2896 3361 8677 4347 8253 12203 10370 4780 13660 7263 13628 664 14887 3569 5674 114 11739 1518 10063 5660 3565 9526 11785 13271 2221 3739 2980 7040 9715 9966 4297 8572 12007 14296 6312 4778 7211 10535 791 14855 12481 3066 10703 13810 3876 14687 9399 12282 14230 14066 4606 12385 10863 9103 11380 8873 2376 12286 10146 5168 2844 13999 11436 2449 14683 640 2921 8785 11593 1587 2805 417 13075 3239 4074 11886 12914 8395 6341 11801 10022 12835 
151 124 132 376 0 257 253 512 260 118 10422 37 209 14428 14359 12880 12431 4687 2453 8006 7636 11145 14110 1186 8810 11364 5543 8554 9191 10218 4284 4076 2575 11949 5568 14216 12119 8137 3935 10090 9068 175 4219 6044 2932 12743 14756 11008 12805 917 14061 323 12474 13227 9556 2624 9796 8872 6623 10372 14368 922 8779 6785 5052 12924 9957 7834 13368 13549 9656 3693 11942 9878 1891 7481 14116 9524 8169 8267 315 4250 10580 1386 9301 7086 4601 6575 9629 5799 7861 9717 4961 12206 3787 14034 6258 11782 443 13147 1357 5960 2196 10280 5957 11947 10947 10630 10446 2290 2804 12906 7784 1455 5224 13186 5305 478 13041 13130 1690 6998 8372 2768 5618 1582 6580 9411 
152 0 0 258 260 131 111 365 512 117 12559 3555 4295 4992 9685 7967 7518 11405 6613 7576 9157 7412 11250 1219 8591 3944 10151 8739 4480 7000 10674 13230 10311 7532 1536 1243 7995 5884 4925 5917 3170 12666 5289 14750 481 12613 11513 11963 14643 1786 2525 7227 7997 13882 9750 13144 10113 5102 5507 14705 9217 12166 3576 5597 3305 4958 605 9745 583 3827 5876 3648 12283 8387 3984 4346 10434 5601 3215 4610 3232 12721 610 12138 4905 4217 8736 5114 8973 4608 3378 2621 8421 2183 854 9222 9677 9880 2609 11795 6095 10097 12201 5620 788 14494 8770 13682 7451 1381 3563 3023 2211 11521 12215 3304 14334 11290 8405 10861 11814 6185 7303 9254 766 18 5976 
153 0 0 365 260 131 111 512 512 117 10836 4588 4729 12801 14622 7210 9945 3490 3062 1257 5821 14889 12816 8018 1653 12136 14144 6506 7149 1367 13939 14812 13303 13831 522 9272 13533 7562 14914 3175 1041 3356 7274 2736 5534 12813 1842 10744 2713 9046 12214 1985 6374 10275 910 510 7893 8853 3368 2709 7070 5051 9449 12919 14746 10084 4784 7692 14906 1253 11732 1658 14805 13523 14118 13043 1281 984 351 1965 4867 12055 2880 14105 4632 8013 6102 9962 9452 13390 13369 14873 6758 10562 11222 4030 8707 14523 449 2878 9047 9621 1666 12946 363 10561 5497 9932 14054 11651 6219 12191 4221 10670 13129 6832 5556 5045 8540 10229 558 14572 10119 14038 12056 892 2026 
154 0 111 258 260 131 253 379 512 117 7032 12547 4165 853 1250 6633 4642 14286 5569 2823 3158 9595 11807 10048 8085 1123 604 9720 6712 6928 14406 9935 12358 5024 14279 1224 2030 9532 7571 4178 8634 5953 13118 3049 3855 14838 7981 1100 7968 10649 1238 14191 7266 11475 13656 3659 2056 4618 14436 8199 951 9903 7183 13077 6363 13073 2813 3155 5652 3086 1861 7254 10407 9204 4318 12173 3859 4011 11081 13256 4574 5857 2636 12910 9605 12902 6861 14313 10617 14211 3067 10398 7513 2728 14692 3879 10504 4169 9984 8817 2116 10419 9812 13664 5581 3511 142 10637 8296 7407 840 6653 792 6299 674 6584 1055 6540 9596 5645 7992 2498 7272 8724 11376 6304 8149 
155 0 111 379 260 131 253 512 512 118 8589 8891 14476 13657 4590 3297 10056 12269 10975 3743 2958 4328 4952 14049 12710 2987 4631 3850 2998 12954 6294 4458 12831 13959 11465 5853 3881 8457 7799 6551 9567 1748 3114 8492 9058 1632 11375 7620 5903 8004 8400 2926 13646 7344 5657 11083 3945 1984 6077 413 3817 2179 609 1124 1416 13877 14201 9651 3747 8086 8681 10248 10676 2002 8923 534 14093 6336 5952 10092 8333 3310 444 3339 13395 14928 5911 5611 2891 2676 7346 11784 5107 5633 71 13912 14699 4611 637 12208 14566 3099 542 5001 6696 4595 3668 11095 4034 7216 11875 9489 4538 11969 13157 6808 7064 119 14581 11800 863 1932 7568 312 10774 1916 14970 14878 
156 131 0 258 260 257 123 377 512 117 8208 13666 9837 9049 9782 7150 2337 14427 358 9311 9041 2149 5654 10271 13570 8021 7630 2646 5061 9590 6169 4967 9802 7191 5722 14283 5427 9941 7410 13054 1477 5308 12216 3165 1248 3320 8008 11348 6736 14341 5193 9241 9891 6390 2502 7108 127 12527 14358 14946 11724 4437 11406 3001 3719 10798 12255 11001 4767 3179 1089 12458 9834 9286 9755 6501 1974 10582 3212 14033 115 7446 10305 2803 53 2152 14391 174 10019 2969 9445 11871 2166 14998 3365 388 4392 7643 3436 1312 3854 3976 3061 9537 10079 8758 12242 9753 14867 11090 1095 9710 13512 3991 2777 2729 7505 4572 14302 12443 4204 4955 3732 11772 5752 14849 11779 
157 131 0 377 260 257 123 512 512 117 1067 6445 683 10930 13224 8691 1613 14787 4947 4506 7198 7307 6707 9530 8150 5059 2251 1975 11178 4534 14259 12693 13802 13827 25 3145 6498 9102 309 7065 13258 1218 4736 13504 8693 10412 11715 4790 2364 5582 12845 11578 12896 821 6570 13746 5890 11176 4737 9422 7550 6986 11445 1023 13366 13669 8105 8916 7682 7913 8985 9800 4087 11884 2600 3602 6488 2455 10334 2722 9309 12540 9094 6041 12907 9643 2536 6307 12372 14612 9098 1601 13949 12472 6216 12655 8156 9256 14236 2143 9824 13762 11910 13675 1798 13010 4997 3442 6166 13644 7468 6755 9601 1904 499 11508 2801 431 4969 12125 5098 9842 2254 8495 11562 8118 10054 
158 131 123 258 260 257 253 393 512 117 12236 9754 9747 3299 10715 14314 2305 11543 3819 7889 1295 5027 1760 11683 5391 4118 4380 3856 14124 7001 8195 11241 1945 8626 1012 6189 11671 13568 141 10413 3056 2220 6436 14044 5982 846 14444 4321 11224 10993 11649 2245 8804 7885 3311 4410 10811 3153 8317 13928 178 4920 6213 8438 11078 6735 13314 12560 13039 9600 3818 11223 9679 8117 14185 7626 9638 10859 2006 1241 11123 13213 12034 1463 619 1791 1032 776 4433 10699 1947 3878 4353 11574 632 6727 1789 14525 4571 6824 4477 2124 595 2986 2099 9022 11675 5016 12209 1765 12564 12264 1545 10769 14666 3677 5338 12002 9502 8486 9446 1621 1515 8987 10467 3620 623 
159 131 123 393 260 257 253 512 512 118 7764 241 6192 600 8547 9113 11313 1319 4702 3556 13863 14992 9070 10819 1713 10106 4 6587 13895 4355 4993 8076 9818 10249 11449 5134 14559 2022 13163 10588 10002 3989 6486 3291 11487 11660 9738 10295 4058 6280 162 5575 5537 5079 3614 8258 7005 4191 10481 6571 1373 5970 1685 6198 12970 578 1918 14918 1648 3517 1139 3650 5920 1832 7452 5913 252 9582 9931 12117 6780 7258 9316 12869 9275 10072 615 5924 6179 13125 12031 3008 2679 7699 14249 4108 2942 10902 12708 7209 102 3469 9866 4644 4023 725 5692 8411 993 2444 7790 5538 14774 7781 1152 6104 5882 11894 8870 4460 9374 5932 9845 4881 11298 6017 646 5851 
160 0 253 0 0 130 375 122 256 117 8884 1040 538 9118 6867 8546 7462 5531 9790 8813 5963 6035 1044 12779 8089 10058 10364 2577 14932 4830 5126 7851 418 14091 866 4517 7653 13067 3075 13742 3009 1741 10069 2527 3497 2384 6531 13445 12581 12410 9701 9576 2093 5783 12380 13855 12106 12199 14744 7100 10926 12248 7837 2841 4795 11995 3130 1175 8909 4664 7439 13441 10619 1180 1761 2071 6087 8417 1460 7356 6037 5504 1742 12822 6767 4607 3639 6339 1829 10507 4286 12284 7788 8843 13133 996 1271 502 4086 10242 12226 2367 768 4103 12017 871 14176 14545 13307 8374 14181 2665 2483 3274 6113 4625 11184 6217 1576 1839 2018 7948 5154 7573 7051 329 3689 
161 0 253 122 0 130 375 247 256 117 13099 12650 9762 3893 4897 9197 6909 13320 13232 6022 3512 14147 14560 2812 13172 14584 5840 5385 6238 8598 706 5428 11440 5748 9208 13085 14784 8302 5317 8079 4119 2979 841 5624 12470 13027 9997 7556 8398 6648 5968 5487 12997 753 14973 5431 10650 7933 14146 7043 4144 5973 9163 9956 1696 7411 955 12536 10239 9129 14504 6060 9921 11286 9383 3503 11606 3135 700 11334 14827 13135 1645 2114 7738 4807 14896 7732 8039 51 7377 11096 100 9538 1840 7500 5717 2210 85 7264 10241 9112 574 12833 11564 11813 11659 10547 2306 12035 12703 3057 3010 4073 6088 12975 5295 3284 3812 12071 1970 14793 6744 7236 10410 4979 14022 
162 0 375 0 0 130 512 111 256 117 9264 8595 6972 7459 13181 108 6807 8379 3533 11106 6626 9862 13498 3037 9536 10349 4422 6447 3336 518 8961 10745 13653 1421 5362 5794 7340 4327 4484 9408 3635 9776 10344 8549 7683 1113 8814 3343 10003 5366 3326 2301 7718 12347 2066 10040 3123 8890 7937 10533 7852 14539 5394 7642 7681 13422 3515 5404 12987 9334 6476 9736 3318 891 2294 8972 14703 13765 3957 6241 9258 6132 13326 14111 11889 11102 1517 983 11061 7727 3863 1185 8262 13654 13065 1571 11320 5342 4386 14081 9869 13917 9361 928 11390 8083 12359 10908 13165 12219 13599 325 5339 11293 2694 12132 6819 9211 11137 3125 7440 9263 703 5509 8647 5457 1259 
163 0 375 111 0 130 512 247 256 117 10110 6656 13335 165 4399 4172 11038 6042 3900 13631 10734 9281 2852 9500 8266 8927 10659 6686 3873 8959 7511 6148 12678 2344 1957 11668 8135 8642 4950 27 8784 10046 4924 7449 4083 12681 5875 3323 2282 8292 8423 13241 6682 10739 14042 2350 4487 1973 5347 3032 14336 9343 7455 8145 12473 5869 11638 5080 5237 4928 3458 10624 8129 11471 8667 3189 1573 3589 4007 13192 2690 7315 5721 7585 8355 11401 12079 4666 10226 12224 14330 1064 9979 3695 802 13890 7187 13859 2059 8841 6672 13925 6565 6222 2060 4156 9401 8599 63 8620 11956 4234 3290 52 3470 1708 4208 8357 11469 2067 10108 8282 9505 8773 3969 9814 12025 
164 130 253 0 0 257 389 121 256 117 8656 13952 7047 2276 1328 8365 10656 13171 5808 7357 10324 8160 660 5700 7820 9340 320 11617 596 12886 4847 10030 3340 434 414 5376 2633 14852 12167 8237 12858 14982 4699 6276 7135 12659 7172 7927 4834 3391 780 12487 12088 13702 13711 5125 4565 7259 2939 11140 584 3465 12261 14655 12288 14377 4665 8510 11586 7348 6841 7778 11873 2612 10212 5861 14394 566 14649 3509 10207 6114 12818 14640 12231 2740 12420 13069 11544 4600 11468 9925 1437 7931 14396 2207 1304 1340 7212 7167 9044 7497 9395 11610 6415 12958 139 5894 13164 13408 6944 1052 5 9442 11512 8726 3498 3548 12383 13852 9260 7360 8240 14821 3996 11589 4002 
165 130 253 121 0 257 389 247 256 117 6250 121 14043 1150 4974 1347 8351 5063 8323 603 14631 2049 6681 12947 11212 10339 3088 8112 5447 10604 3579 4746 2428 13981 12709 5764 4649 42 13218 10681 2638 2820 11464 7753 1131 7918 4463 4835 2322 13261 2959 6154 11745 4529 1249 2193 906 5587 14247 7685 14307 14528 4659 14807 9332 14593 265 1699 12153 5392 11778 4983 6140 9312 6432 1732 829 3889 920 7687 12707 2034 3995 14292 13026 9936 228 1705 9732 150 14954 3942 14691 4960 13430 7814 937 46 12876 1822 14623 2617 4201 14214 8628 12393 2390 14149 573 4111 2001 5778 11771 5671 5269 11737 7928 7145 96 6910 12294 9166 12141 11116 6251 5813 5211 
166 130 389 0 0 257 512 127 256 117 13109 9248 2884 12618 5905 10159 13236 13242 1181 14375 2404 11411 5811 13341 6837 6849 9137 7712 11797 808 5084 192 5393 14395 7804 9215 2358 3397 14848 13392 13042 1199 3185 4614 14742 9221 2324 3407 11493 8945 545 8819 3542 2429 2398 811 11904 14263 11196 2800 2279 4643 4112 10875 14810 2765 2513 11336 1133 14498 8294 14678 6788 6885 2464 4789 2052 1557 14624 7795 2459 11806 2572 9060 2180 7575 1906 13515 7910 11428 8376 2451 9950 4251 2584 8341 3885 4363 9552 3352 8552 14397 3922 13800 9730 11757 9423 1848 10082 7679 12908 8290 13754 420 2147 594 1606 10602 5423 7121 12453 5395 11502 7471 6858 8047 14080 
167 130 389 127 0 257 512 247 256 118 13720 11798 13454 6843 9486 10976 10808 8066 4013 7816 10464 11330 11787 1546 6440 5791 2017 7319 7838 86 11317 1633 14796 13698 13267 14133 13668 9276 5908 4233 12572 2226 6468 7011 13503 13684 6694 13071 9829 11308 850 9724 5527 14681 12890 6877 3119 8181 1774 4552 6559 14713 13456 1072 14479 1625 13896 4811 13755 4343 13458 10689 3759 5261 10951 7318 4067 2109 8902 1442 3473 9900 1846 8519 2401 6708 8231 6454 13277 36 9682 6968 8914 5928 3042 4530 12711 10462 181 369 11579 11573 6594 10568 6693 5517 14704 1942 206 2004 8063 6574 12535 6117 3716 2501 8219 4673 6052 9963 10839 14028 4750 10127 14706 3972 11318 1245 
168 0 253 0 256 128 391 120 512 117 1435 9759 13444 6507 12830 227 11663 1115 963 12512 1750 1783 13773 14460 14135 11338 1634 5442 7279 11238 14075 12020 14927 5609 3484 4159 8699 187 569 14615 10316 9057 1294 4176 14408 1389 13102 9138 3218 6079 14318 486 12211 4270 714 11627 4521 5375 7292 10121 12706 1864 3678 880 5472 6762 9165 9375 1564 13015 3390 12982 13058 7106 4098 11403 6983 8854 4110 12755 3896 13323 7038 10267 6201 1212 10704 7662 3004 3319 8775 13968 1105 7591 3192 8533 7926 7617 12382 611 9238 5964 1370 8404 2187 3748 13635 14875 7218 2512 6651 10909 14163 5915 14278 5267 13927 8752 1888 6643 4239 4431 6170 12764 14256 13009 10872 
169 0 253 120 256 128 391 247 512 117 11229 903 9288 11898 6402 13478 13953 533 1468 14495 375 6028 7372 6007 14600 5943 238 70 9367 13748 7597 3082 11452 2215 12883 11041 9914 13537 7457 158 5539 1162 8311 2785 13275 6036 3384 4602 1549 11821 12966 8896 8196 3144 3630 7828 8177 10156 10938 9497 1372 7964 5892 9787 9232 14021 5846 9617 328 14197 3660 3366 3949 7312 7553 4703 3836 10844 793 3154 8108 12936 12657 11213 7657 6313 2992 11530 4707 12663 7649 12639 3244 4387 4472 12068 1561 5771 2293 14516 7237 11214 5749 6050 670 5081 801 10160 10660 1255 276 2900 12980 2181 13455 285 4712 7844 11156 7015 146 4995 11637 5954 7253 10777 8191 
170 0 391 0 256 128 512 125 512 117 8921 1471 13351 9760 14538 6935 12087 1756 10837 9290 4985 7139 6303 6233 8453 6014 2157 8426 7907 9907 261 1636 7703 6701 4668 7798 3774 6111 11900 3657 4883 4325 14587 11628 10870 5255 8350 6428 3998 3172 14362 8834 8023 10626 6936 8716 2266 7911 982 3702 9858 9514 213 1283 10887 1114 8558 1624 9169 10418 8067 8665 12202 3560 3016 13182 14411 3703 7908 12530 12904 12799 12780 8313 105 7855 5627 13538 7541 1330 10905 1314 2361 2463 7770 11641 4550 915 7584 11097 11506 2055 8391 952 7677 11913 9885 2641 12335 6343 12538 1432 6845 299 6918 14309 10210 13205 8976 8543 11458 741 10287 14633 11859 3642 14845 
171 0 391 125 256 128 512 247 512 118 9329 3000 5684 5196 10095 14597 4350 8993 10049 3430 10766 6142 11443 5121 6879 14960 9188 1725 1898 12685 8090 295 9658 7378 7988 8244 7431 7127 11666 10041 781 13212 11131 4907 2539 4756 7421 7394 10129 11033 5322 13897 14424 14281 3951 13915 14607 4043 556 8991 653 383 4479 11670 13780 13737 13219 11009 4154 12222 7017 7358 4593 13299 6942 8437 493 10131 13554 14590 12479 14284 14099 8750 8291 17 6642 9108 14212 7972 10720 1491 2786 1412 203 12140 14193 430 10696 1773 4708 1753 4937 12461 6059 216 12840 8167 4336 9913 14046 4200 5718 7306 10854 5319 10440 13149 14422 5714 13124 6660 13180 11623 5450 14312 9904 7437 
172 128 253 0 256 257 372 111 512 117 2131 10197 244 8635 14698 10781 9822 2530 1824 11359 6443 13510 9317 4127 6158 1813 12998 4197 2003 6563 13795 9139 1182 12308 7978 2940 5378 2918 2223 7758 7058 9559 4299 14425 10309 13233 7099 5433 8571 2177 806 12022 1395 9588 12690 5452 7655 12271 5981 5292 14018 873 2410 399 10123 11132 118 4514 8781 4904 11142 5759 11198 5967 12735 13367 4542 334 12539 4273 14522 14712 12090 7235 7590 9864 14789 9975 8383 8789 3912 1851 2763 2414 5691 2341 5432 191 2916 4391 12084 9168 8808 14047 13006 14843 5934 3723 10068 13615 6745 14921 8289 13497 56 7328 5880 6661 6016 1039 10442 6093 5699 5049 3744 7776 13248 
173 128 253 111 256 257 372 247 512 117 5039 5129 10855 8078 8469 11540 9262 6883 6431 12298 12671 5093 991 622 2554 3132 3599 9181 5066 12376 74 4421 12066 6351 11258 1398 5993 14711 4031 1605 3396 10244 10587 10620 11065 8998 8630 14844 2375 3214 10281 149 6319 6187 11322 14001 10743 11172 2366 7874 12973 13777 421 12667 516 3400 10393 5893 8239 7999 12605 1338 11548 10954 13760 5878 14721 11676 14780 3333 9916 11535 1474 2828 1293 4045 724 1196 7900 13461 10869 4603 1214 8184 13590 2746 12143 7741 13005 5456 8188 3907 14661 12164 1260 6010 4751 9003 5852 8850 11392 11297 3201 10845 6958 9630 4225 14520 14627 8284 10564 11292 4646 6442 6150 12955 474 
174 128 372 0 256 257 512 132 512 117 13425 13000 12597 10099 5522 7234 8053 12537 3549 5387 5164 11462 9884 7383 3539 2706 12576 2316 12095 6033 7031 2357 4287 10085 9752 4369 8392 9037 4065 9676 10185 7228 2013 10684 9131 4653 11296 13731 11851 6844 11255 13063 10431 8349 14551 5491 13845 5361 8220 202 116 6279 10726 9186 14541 12749 14738 14512 4541 5769 6539 2591 8299 9546 7760 13511 10152 10503 13475 8069 3451 12672 7166 6934 5425 6772 13879 7090 9555 10965 9122 7879 12005 5798 11138 5416 711 6800 5011 1938 13865 7320 2933 7696 7155 9742 13116 10437 8809 12405 1135 4806 6405 1933 13634 9162 10343 2542 11177 7860 5630 13857 8215 9694 2814 10163 5316 
175 128 372 132 256 257 512 247 512 118 14728 13086 6679 1929 3800 5619 13381 311 13018 13327 6174 9707 13901 8982 10895 2670 14006 3508 2061 8143 5042 10299 12375 7509 1635 2967 9581 3956 14669 13717 1267 7785 12221 9749 1575 236 9861 14161 14826 8445 12662 10827 13612 14996 3892 2190 9686 1198 4821 1562 7660 12401 14995 11551 6765 2232 10857 8452 9077 12059 6327 9097 8424 12113 7528 12315 7792 5288 10489 5492 7519 14332 7094 3255 13179 12529 10548 12895 8682 14305 11284 7880 5440 3604 10694 13861 14513 3482 12828 12490 10375 3762 6261 13606 5679 11653 8898 12877 1280 13972 6485 1978 3594 887 12716 11520 14714 1496 7619 3887 9784 3897 10337 3906 1776 5178 10665 6324 
176 0 253 247 0 122 386 384 250 117 13532 13317 14907 14381 529 1084 5417 11919 6278 3348 13274 13543 11182 2430 5383 13246 7929 4990 13772 6795 4491 5502 738 11120 2652 12070 6382 12819 4265 14693 875 14052 9672 12960 10933 5243 9976 13273 3627 4182 3844 3427 14783 10672 8425 8223 505 12134 9029 11023 10770 2756 294 157 9213 8713 11863 7055 13401 11485 14601 10029 7998 9267 9688 6932 12815 13340 3077 2320 5470 14138 9308 9159 6692 5060 4640 1631 13699 11203 4582 11704 3412 773 10247 6391 5078 1671 13560 7607 5885 6778 7104 10346 4190 10169 5069 6223 3351 5072 13472 403 13641 11804 11093 11826 12634 11950 7548 10483 13136 1500 9397 13304 12917 10283 11992 
177 0 253 384 0 122 386 512 250 117 6352 11994 7298 7248 11872 10043 6842 8132 662 5816 12225 1313 6298 2047 14237 3034 11957 5640 13142 10751 696 13630 6850 10717 13566 5545 5467 6907 8222 7629 4366 14055 12633 2656 3474 12794 2635 12133 10374 7925 14220 10382 908 4605 7362 13588 170 13175 10383 3610 3775 3649 8235 11147 2917 4902 1686 13100 6993 7116 13658 13448 8036 14005 8360 3021 972 5390 11136 6000 11820 5753 8422 10652 9297 14218 12337 12881 4781 8757 13209 5418 2132 543 12769 5219 1145 14019 5695 6734 10366 7206 2284 10359 10805 11303 7184 5529 12548 3096 8906 11780 11027 677 6945 6984 2792 14563 6061 14074 10496 5118 4468 3952 4278 7119 12999 
178 0 386 247 0 122 512 385 250 117 9372 3767 777 5848 205 554 7942 13252 5629 2796 217 4826 5124 12131 10314 5103 879 9171 7595 5464 4025 7354 3134 1619 5972 8829 13108 12293 10139 9090 3089 14096 7791 10994 14749 12057 4418 3658 14768 3375 4591 6995 6510 2644 6195 8529 11967 8527 2261 12727 14870 14442 12207 14629 1785 5763 14073 5296 5298 12484 12384 3048 8756 10959 634 5713 6923 7706 14168 943 11010 5264 3526 344 3109 8722 13101 3247 11622 10871 1642 10794 12001 7739 3272 11063 8028 760 13072 9406 8640 867 10594 2203 3670 9391 4797 12 9831 9890 8842 5832 9349 12935 6167 5572 4306 1729 1083 8692 9173 11608 1499 12036 12475 3673 14370 
179 0 386 385 0 122 512 512 250 117 7596 2582 4345 14949 2608 13483 5284 12349 3350 11276 3098 2491 4037 11017 6243 11673 3074 7980 5437 9052 3462 7646 1174 1700 7494 11527 4359 11978 1467 7282 10910 1051 13693 10707 319 5936 11852 2134 1207 14735 13673 10621 13747 14811 9198 6203 13771 10842 5750 998 8721 14270 3937 2023 7570 1749 1683 5696 2309 1178 2489 60 1862 11867 14198 1769 11656 12440 3124 8381 4940 5969 7128 5632 7958 8651 3977 5094 9203 10011 6814 5277 13788 5003 698 2354 7506 8580 7162 1954 1071 5245 11888 7181 14503 3671 10545 196 10409 10513 3386 11263 5290 3941 5622 4825 9020 5773 701 6724 12517 6793 9871 2486 13397 775 14320 
180 122 253 247 0 257 382 379 250 117 7566 2043 5359 7955 5320 14700 11283 1734 14272 6726 11098 13609 10927 8992 3026 11344 13565 8342 7708 1045 12104 13203 14715 1159 11880 8542 6287 8644 14917 12230 12546 8062 1986 4779 803 8852 4019 12493 4268 4504 1362 14041 8216 3296 13309 11583 3928 13250 286 7857 13730 9187 10636 12938 8164 14727 6038 3090 14114 448 5647 10829 12627 7268 13045 2960 8131 9697 8609 3544 10067 14923 544 6703 6365 6272 5314 757 14148 7574 1880 4862 3872 9946 7840 14802 2826 6581 11484 3078 5580 1278 9075 6444 3712 2605 5557 2253 3322 8087 14736 2228 7301 9418 5820 6851 8763 3781 12726 10365 7314 2286 8001 4592 14387 13360 14461 
181 122 253 379 0 257 382 512 250 117 11519 3433 9030 14641 2775 335 1011 10061 2162 3217 560 14648 4104 11497 8110 11053 9668 13412 7245 14098 4044 2550 5263 8955 797 1544 8561 1565 11285 8837 8690 7028 6416 2200 5477 9478 13834 4747 2171 9756 7485 9468 11082 4587 6721 3736 4917 10377 3625 8370 7295 11225 6688 14739 7704 13850 1223 10989 13623 13767 6379 11587 10735 14010 3621 1963 7943 9952 7887 8367 4499 14227 3126 13467 13625 10663 10297 8607 12160 1728 3675 10826 767 14776 8014 4837 5142 14710 11504 11582 14035 11455 2399 815 11896 10742 11068 8655 6301 445 10505 3205 12768 4243 9144 1607 11429 4889 14234 13891 12436 6669 691 4260 9085 10984 4829 
182 122 382 247 0 257 512 364 250 117 13610 9341 9012 7291 2678 10257 11920 2174 1033 5829 13035 12098 6685 11383 4289 1524 99 5891 11709 5826 9603 266 12823 6418 4173 12809 10894 1809 3971 14072 1485 6069 2368 9911 11837 9174 12054 7375 13383 9713 9634 4786 2810 1714 3007 8162 4064 4478 9542 4556 6622 9847 342 6592 3831 3485 394 10574 13937 9577 34 2493 11168 6406 10544 6987 13832 7288 13954 13629 14174 531 12082 9035 2682 13168 7869 6326 13295 12256 14877 12462 10778 10450 12210 10005 9855 4383 2521 14825 13201 12181 14454 6019 10436 14866 10027 12967 12006 5186 5097 2571 1470 7059 8187 8530 13097 3946 5309 13286 1130 11151 6971 10957 5099 10096 4232 
183 122 382 364 0 257 512 512 250 118 5650 8094 6725 6364 13846 12045 3359 7347 13229 10613 4968 6308 3278 12931 2773 11614 3181 13281 9226 12278 581 13632 215 11908 3256 7495 9933 5351 4508 13064 2573 12762 1486 3985 5008 10217 6105 14489 8506 1930 14979 12217 5234 14364 7278 12456 2607 2201 9394 5247 10631 13502 1711 4143 9116 6718 2386 2142 5757 11802 7221 5033 13736 5535 10154 8573 6424 8685 14717 8484 877 7420 7850 1937 11928 11816 8115 4583 4637 8432 13679 7565 602 5941 14467 14511 7676 2734 5222 6456 2615 14004 5729 7762 13688 10387 128 3546 1726 9661 11266 12465 7338 5655 4733 14241 11777 5605 422 12078 10606 2378 9479 2830 9010 13403 8780 13678 
184 0 253 247 250 130 372 382 512 117 4683 4714 6103 151 14567 10758 1784 11596 12287 9483 2723 4466 14598 2467 14165 14103 8566 12178 12979 13726 13156 6494 10531 2732 4531 10118 1754 3213 5862 8435 6847 2311 4509 2407 2724 10761 4170 8371 1830 3506 5874 4061 12029 6248 8141 10429 12463 8695 4930 3276 709 2538 12047 2283 10685 5822 3851 14154 13492 11523 13989 9517 11004 11701 12368 8645 3012 8797 13837 10820 7103 945 12304 3633 4376 4963 4818 5074 11155 546 4230 6821 3795 6072 1016 1825 12574 13280 1826 4678 4313 11160 10145 7089 6583 4195 7270 13540 4079 7819 8983 13438 4539 14250 11688 14349 12969 145 3421 6277 4341 1684 6576 3187 5241 5195 7707 
185 0 253 382 250 130 372 512 512 117 267 5441 5983 9421 4279 12032 11838 4553 4406 138 11736 13282 7474 2654 14348 5594 6463 10706 12974 1717 13251 2342 2664 349 5032 12421 179 11716 6579 3558 6411 8910 13481 10198 13194 8920 2360 11489 837 7194 11424 14529 8711 11496 12857 4875 5207 13082 8393 340 11410 7965 9432 1252 1655 1360 8256 7567 7604 4198 293 13866 13573 5975 3017 4358 1028 4919 635 90 2048 5727 6296 13057 2742 6024 4516 3737 7093 7845 9510 8236 9101 2374 14183 2213 1780 12912 8051 4255 1669 2040 9948 11288 1925 13594 3450 259 517 11382 2693 10785 2381 6917 13647 357 14299 9714 7529 1858 8107 10944 4764 11461 2088 3480 10263 
186 0 372 247 250 130 512 378 512 117 7192 8697 10899 1579 12993 3891 12418 3003 14078 8765 4887 14809 13904 12644 1679 3479 3727 5966 9981 11805 6357 5105 1000 2140 9761 2310 13550 11015 3148 13460 8963 10458 3919 10906 2126 12686 8043 2089 580 6392 12237 2735 3808 10556 3471 5834 2412 3288 8518 11525 9815 14153 956 2438 10960 11361 13200 4323 3369 4493 796 5697 2269 6459 12887 12040 6803 2808 3237 10611 2123 6450 12146 4636 4016 4213 9770 12432 13166 14317 12846 7536 8103 5841 1542 3939 4717 13998 257 10223 10026 9145 11013 9849 4056 7952 11819 6305 4222 11700 6894 8783 494 13955 2649 471 5348 13036 10353 3180 9063 3801 515 1901 4397 1262 2954 
187 0 372 378 250 130 512 512 512 118 1165 4093 14959 4338 8623 8871 10662 2719 3438 72 12585 1527 10979 9482 1447 9164 2898 12454 10623 9513 10494 3398 14029 782 3773 13196 12491 11052 6605 10618 3332 1993 3734 12446 10523 3325 11959 290 10125 10228 14151 6963 11076 271 14808 1103 9641 4272 8614 8061 10004 482 12369 14686 10037 4475 7715 2423 8900 8221 13555 13297 7308 5070 1284 1539 4126 1505 4638 13546 7296 3848 8002 8849 11165 7747 6462 7422 6157 12353 12257 5971 4324 11488 13447 12451 4823 2458 3136 11555 13008 5599 11020 13933 1560 13687 8010 2285 9860 14392 9611 13436 1183 5548 12567 4647 14548 10638 14860 2062 699 886 11869 9631 1525 10355 4102 2388 
188 130 253 247 250 257 398 381 512 117 7903 13539 3796 7742 14549 12285 12566 10157 3226 2178 12825 9270 14403 7271 1458 3738 5738 12611 2597 8893 12189 5514 10269 14769 4816 3015 6153 10633 9821 11368 11828 4796 2997 14680 13830 2514 8806 9278 5525 14393 333 9201 12592 2507 6026 1037 11809 7621 2526 11576 6235 1068 13110 3568 11925 5608 13844 4000 4497 7640 7482 13971 222 14117 14012 13829 425 11976 2275 1958 11803 6332 8772 13255 7359 14051 12378 11113 13696 7309 14621 7691 8899 2202 9039 4152 14169 4609 10171 28 6020 5528 3572 11342 5724 8639 3867 32 3478 7126 2975 10008 5784 5047 655 13753 1232 13311 7921 5324 6683 7515 13345 14628 2488 1126 9553 
189 130 253 381 250 257 398 512 512 117 14897 8428 230 1698 6063 7220 4691 2552 10456 12763 4304 2999 4799 4713 12343 11864 6159 5220 8606 12174 11234 4388 13051 7724 561 11824 10093 13513 9622 6412 11500 7004 3574 2033 6863 7531 12811 5445 14293 13092 7453 13889 8731 6906 1603 9225 12075 9128 7390 5737 5552 3321 1080 3266 4214 2568 10860 6073 7242 9882 10942 4157 9389 14938 2373 13671 809 12640 2042 5256 2085 13410 13103 7170 9407 10137 13963 2425 7054 7754 1270 13847 6719 9521 12198 4125 14654 10357 11549 7382 8735 3641 740 10236 10883 9735 800 4612 6900 3472 4839 2984 10065 9135 2115 14031 2666 1220 14389 14491 2274 2965 1559 4012 6039 223 497 
190 130 398 247 250 257 512 381 512 117 5578 7745 14453 1983 12485 14455 8674 6956 4408 6242 14931 7469 10658 13926 5368 11696 13002 14747 14630 5823 9733 10990 15 8812 4461 715 10187 5777 6522 11161 4573 10557 7750 10276 8863 2752 5484 12626 5694 13864 5023 10477 5407 9249 831 12064 3434 10132 464 12984 10380 5658 5897 2771 14401 12021 2212 13257 3629 1227 13782 7353 7370 2037 13150 6473 13207 924 11414 1022 12691 11833 8835 12506 4965 10862 10010 13906 1853 9612 11254 12145 10966 14762 13659 256 4365 14139 11687 11993 2104 12533 14202 2911 1955 2704 477 11599 11248 13642 10338 1013 5720 14977 7202 4626 3776 1871 5938 8679 974 8764 7883 633 3234 11437 1599 
191 130 398 381 250 257 512 512 512 118 5711 599 3385 13899 12889 14820 9448 14219 1301 13677 12933 7821 6009 5300 14526 5642 11917 8823 13862 10424 3838 12630 2819 10725 9924 11584 13619 9284 9506 4005 13398 3504 2355 585 4774 5242 13495 8276 316 4237 5519 6227 10076 9687 13932 9873 1104 8672 1746 7195 7645 12985 14186 1176 1132 3410 5945 13759 6938 12814 9853 10950 3993 9650 2225 4378 6761 3263 470 11207 11966 14822 2626 14289 1610 6779 14435 8133 3020 11192 5944 1377 3932 5510 10752 8778 5055 11050 4247 7848 4015 7321 9806 7725 13611 14611 337 14697 12238 13104 5703 4446 10232 3379 13259 6695 12873 2505 1149 10709 4240 11934 8617 4072 12194 944 7890 10592 
192 257 0 0 0 377 142 130 252 117 1315 13056 7199 4745 13407 12249 14122 10549 8874 9067 2312 8590 4084 7559 851 5530 5041 11270 11257 194 7488 2387 8121 4500 234 7079 1385 7247 4641 628 13791 6464 4448 942 11891 1996 6720 8956 8666 9396 7280 361 10591 1014 1876 14083 8613 1628 10666 11689 4802 8415 3069 13923 8568 11402 4931 87 8120 10403 88 3688 8268 314 11590 12772 12834 10616 11769 2214 10492 747 6366 8204 14170 14916 2095 14558 13976 5238 10176 4848 4257 9705 13453 3756 3488 11597 6503 12509 13988 5228 3777 4966 13153 13694 6 11505 11842 9051 779 14761 2964 5002 7 2833 11561 326 4301 7920 7157 5613 14606 6221 9064 12842 6368 
193 257 0 130 0 377 142 250 252 117 11654 500 10945 2776 8218 8153 6346 9625 5888 1835 11118 7193 7713 2695 40 6056 13505 9999 13838 3452 2913 2798 10897 3745 14189 1759 14119 1828 9646 3835 10528 2973 10552 6143 10793 9996 13824 6065 5659 12042 839 8168 9854 4734 9476 2065 5419 2548 6809 5013 2985 5793 524 10622 6161 8669 4042 14767 4762 4899 12124 4831 10432 10038 12736 5677 3414 7113 13088 11211 12643 1764 5562 3789 5566 1523 970 6300 2948 9277 7241 2082 69 14757 7503 14814 9229 8138 14941 13704 1364 12072 378 7057 11181 1998 9233 11187 188 10838 1336 2687 7310 10303 9199 2072 5961 666 14664 1378 13776 12362 1676 6615 5950 2831 2485 
194 257 142 0 0 377 256 128 252 117 913 338 1298 4174 1541 11306 13019 3335 1202 2751 1229 10654 7456 5987 5214 13655 9928 4903 13260 12594 14830 7986 8565 11946 14076 1374 824 367 9895 6333 12615 6497 8864 8531 597 5459 6555 2348 8485 5136 4022 13822 11281 101 8479 14288 13388 1350 7552 6449 6878 1689 1637 1445 2578 6162 1620 1931 6475 7374 9744 12939 12259 13022 13751 10478 9082 4354 12790 5018 10086 2903 13645 8922 3370 5886 8363 8741 5761 10763 7067 11315 1060 10527 11417 9175 3289 4175 8288 7624 9404 9683 14665 12467 9501 11302 12868 6414 11389 7577 12379 9487 2302 13405 9985 11174 5184 6769 9726 13140 7156 6479 5017 2479 2639 5673 927 
195 257 142 128 0 377 256 250 252 117 1097 9523 2647 14788 9788 6886 1617 11480 11611 7768 9219 10135 1200 6274 9279 13417 6208 14719 10928 4561 4513 13797 14723 9318 3280 5175 1286 9973 3532 5625 9779 12058 8596 7716 13873 10088 8091 12360 11373 2549 9803 13418 14813 14908 13535 11128 6529 3590 1305 5676 4710 2128 1752 7849 2250 4844 12932 2855 10788 6730 884 3064 14890 3987 12115 12635 9654 20 3380 5083 3308 11948 2659 487 1905 847 5396 10310 10013 44 9435 14384 13701 6816 14094 5800 4462 3974 5672 11230 10246 5649 1195 3915 6492 12787 7909 13087 5422 10166 14817 6738 5515 4709 2922 3813 5825 11841 5719 10479 9104 11731 8799 893 1520 7523 6400 
196 377 0 0 0 512 132 121 252 117 6966 13372 1065 4322 2163 1087 14497 7862 11702 10830 11179 7293 1264 1697 4976 9539 10645 8999 557 9192 9934 13023 1838 12851 13869 6292 428 695 6131 13160 6262 12229 7114 1662 6654 13536 10934 4256 2611 9901 4288 8555 14500 5687 10194 9926 1503 8466 435 9663 1024 3159 12747 6667 8861 13325 22 2471 1201 8683 8189 5201 11029 6737 2345 6599 5567 10573 14466 13278 4139 9177 11944 8687 12371 1790 5218 1101 14297 8802 4116 8459 3634 1428 10688 14881 253 2079 836 3338 8493 10448 929 11202 14709 5279 4314 186 6933 3457 7391 6122 14340 8838 7414 1450 4140 4758 6018 5257 11990 2024 1793 10571 10438 13820 6871 
197 377 0 121 0 512 132 250 252 117 7974 10493 1107 11327 11557 1672 7522 3530 6893 7049 4689 5743 1707 3601 10584 12986 13235 125 12656 11885 12783 8646 8755 9156 12013 2263 305 833 10 4569 11750 12363 14164 2936 3216 8662 11365 11353 6609 4518 3030 13893 4441 14879 13640 789 1964 12466 9292 6396 12118 588 6750 12120 6881 14862 3353 3492 5533 54 13080 9265 190 14365 735 8865 13840 14182 14533 13907 1302 12290 3499 13254 7737 1096 7020 49 13519 4724 11518 9848 10509 12744 12320 2862 13017 2236 12754 4697 969 11968 10028 1897 1581 9117 11360 2565 1991 5301 12688 5521 5449 12364 14518 8932 7542 10904 2151 4001 14448 1239 3221 6620 3466 6860 13223 
198 377 132 0 0 512 256 130 252 117 14956 4720 6515 14737 12435 3116 7406 4367 9120 2156 14351 525 763 2941 5403 4661 2791 1002 3228 2744 8451 12448 4892 4356 10560 9359 12263 7774 13975 2440 4185 13266 7102 9763 6370 8232 11749 7516 284 4694 11862 8507 5602 7311 11332 1111 973 10537 10690 8536 7424 12086 12305 2091 389 12870 13170 4423 14770 3329 12400 2579 136 5526 5401 8106 4876 2909 5150 1169 6915 9989 7846 5160 4586 13978 559 81 13723 9040 1563 7994 9568 11039 4340 11060 1981 9310 10341 12323 7317 12742 14614 4805 8888 8625 14011 11865 1948 11070 11912 11134 8953 12396 3681 7749 8346 3405 3895 1492 10278 1719 8175 5302 14069 4486 6403 
199 377 132 130 0 512 256 250 252 118 10729 13812 10208 11282 7393 6717 3970 11474 1692 964 9294 11253 4153 4385 3440 10683 8954 9303 3475 5283 6286 8678 11421 7426 9257 8060 7371 1027 2864 8670 10181 1779 6774 4700 2598 3665 10760 152 2901 8124 5661 13689 4836 12144 2101 3823 3235 3645 8271 12103 12829 6702 13524 3279 4348 8449 13849 678 2603 7442 122 10078 5926 13946 10825 13995 2788 746 10284 4305 10814 13828 2431 4566 11846 11616 13508 2 6546 10083 6547 9557 2435 8917 4133 2774 1339 10162 6477 5161 2781 1976 6487 3419 6288 8171 8080 13922 4041 104 5127 33 10783 10312 13942 3523 11776 5253 5689 8924 3683 13228 7337 2492 6151 14490 8113 5115 
200 257 0 0 252 385 130 137 512 117 7363 12676 7489 4315 2198 1530 8180 4379 11433 6624 3923 7486 14465 11014 1141 14891 9161 3524 3043 4032 11572 366 14650 12149 10698 4494 10500 13695 12442 4068 8482 9561 13715 3758 343 13490 6048 11909 4215 8327 9835 7476 6029 29 4850 9516 8338 5244 12651 11633 306 11534 7129 10001 2923 13198 13764 13474 5149 2230 865 2596 7806 7717 13643 5819 6687 9958 5546 9955 14521 2346 10323 12884 2395 7140 3324 3164 12406 2000 8827 10983 9560 5762 6649 5162 3916 6964 5285 1758 14517 9843 13202 2027 5818 13749 9877 3869 5451 11565 10204 5073 10100 9328 7800 1902 13728 461 8031 2809 12740 6585 587 12729 10191 11847 6505 
201 257 0 137 252 385 130 250 512 117 13128 14880 8125 6092 6040 8304 6407 12316 2481 7413 144 9768 7521 3815 13131 7012 1236 7161 6759 9867 7526 12683 1768 5386 6854 10890 12728 12528 10087 13415 185 4330 13745 13120 2835 8889 6347 4878 4512 7722 1439 2182 5266 10128 7071 13306 12195 7502 9485 14064 665 4909 12588 14310 2218 410 2469 6812 7463 1946 10476 14274 14157 13374 939 2993 11874 8895 5494 8 4898 9886 7325 1612 3106 959 12200 1009 7953 2589 4428 4543 10748 12928 1091 7368 7656 11575 2702 783 8886 5250 3905 7493 4470 3227 12471 13244 601 12329 218 8413 5466 6348 12561 2465 7902 11648 6448 14175 5847 5100 11764 9298 13263 10279 9190 
202 257 130 0 252 385 256 126 512 117 5824 2882 8603 14048 12774 9193 12848 7138 14824 3586 2447 5542 9268 10767 11046 9119 7561 1585 11450 8816 9202 13382 1701 6699 607 1704 14209 625 1943 2699 4654 1795 4052 7752 14306 3402 1890 985 239 7016 5381 7610 13296 12338 5863 1895 10886 8065 6568 2817 921 12332 8632 9757 473 9990 12148 13332 11435 4594 8919 10182 4726 9055 652 708 1327 8340 3778 3997 8359 11890 14020 3315 12563 4236 12838 4100 13060 14254 14893 304 4339 12795 7484 12558 12510 5187 13310 9942 14690 8515 11149 2332 5682 11426 8740 5850 7436 1903 4945 12827 279 13940 2371 3753 1611 3540 7899 5962 12771 6604 1608 5931 6281 12204 6631 
203 257 130 126 252 385 256 250 512 118 12855 9146 11571 7659 9014 13567 11546 10006 6273 10158 12317 7940 11231 1392 10379 4957 3265 1343 8633 1913 2692 3146 3415 11075 1489 3394 5636 9876 11045 4162 13672 5282 11883 10920 9865 3538 13476 1827 11856 8230 6452 6775 9872 12606 5965 14616 2442 2433 12425 2928 9919 12333 4395 6237 12266 43 14000 7448 9380 11674 2008 5056 12089 1595 4814 2529 5910 8652 3219 2161 1900 3792 4329 13983 1638 11301 4393 10525 4038 7204 10851 14509 3730 11982 8305 9469 11059 14586 248 2219 13574 1578 9314 1272 620 97 13958 14725 2369 2547 6386 9655 3804 9151 11425 3853 1887 5188 11635 6825 7936 345 7668 2767 8464 11395 8660 6051 
204 385 0 0 252 512 127 139 512 117 2974 6700 7632 2424 4657 6306 1237 13871 9589 9246 9001 10143 6668 8473 12429 12953 11247 6520 7701 3331 3980 11914 3346 11191 9573 5735 7551 1299 14596 12956 7499 12165 458 13328 12746 10373 14620 4658 4773 7009 4027 6099 5089 9302 6941 1059 11680 10598 11560 523 4473 1475 11362 9021 14766 4890 3705 11538 10460 11058 13601 11567 8058 5988 3666 283 6530 3570 743 8928 2130 563 13823 1639 986 7243 6430 4131 1088 14322 11088 282 7919 13211 2434 4009 7782 8587 10718 14570 4114 5365 11295 4148 3437 8885 13169 10426 1433 12797 3404 13638 11936 949 4394 7409 11748 12356 11845 7133 5260 10335 9036 12101 2842 1137 232 
205 385 0 139 252 512 127 250 512 117 9321 8768 6049 12737 11830 1678 9002 6461 4859 8252 9464 9923 11444 661 356 3091 10411 11363 7896 5536 5986 6320 13561 11999 5200 511 6260 9610 10864 6678 7397 5191 795 1953 12331 7801 10508 2881 11249 8142 10358 8858 3507 11791 12698 13247 173 7222 1771 5345 13691 14269 6929 2592 9240 1106 450 1691 10972 14569 4349 4142 1368 9032 5197 567 7930 13183 12793 7088 2450 820 12267 4122 4130 9775 1652 251 4648 5488 14729 274 3250 1156 3013 11051 4180 13308 6493 7332 3131 13944 1413 10937 6496 13457 9140 12417 14531 13987 1770 10329 12218 12254 9943 10702 7082 346 1393 2475 3612 10209 8766 6674 6548 8064 12377 
206 385 127 0 252 512 256 123 512 117 5254 3731 9080 5812 878 14056 176 14639 3376 7207 13821 11026 5354 6771 12480 11960 1990 10381 9974 3676 8619 6472 1225 8322 13938 14869 1094 676 10000 14324 2832 5782 7688 5909 4464 7512 2240 9769 2256 9424 13477 2129 7847 5259 10190 3623 13377 11278 3644 13665 14120 4652 9072 11922 13098 6212 11011 9550 9525 13190 2574 13491 6544 9937 7534 931 324 6323 8990 7769 10012 11129 9184 9426 3780 11490 2270 7169 6996 4277 3682 12684 3264 411 6514 2745 12192 14647 582 9420 8643 9977 13050 50 5374 10647 1873 11691 3661 4194 5246 10378 9618 10570 2650 5356 7501 8616 12041 9127 12306 14957 1184 862 6136 12891 3884 
207 385 127 123 252 512 256 250 512 118 12645 7239 5984 11066 4316 9379 3382 12673 2994 7606 9200 5768 6999 5844 11466 14507 12850 14199 5151 9006 5157 5653 14441 6741 6857 1731 423 7214 6833 467 13012 8576 371 14987 5919 13034 1066 882 10150 8041 10293 13690 6714 10470 3316 3934 3566 7912 13253 11354 11524 14221 8420 9371 3527 9143 7780 14806 11387 4264 1210 13564 77 4285 5912 7112 13836 11418 12532 2036 5789 3577 9386 3791 14583 8825 10641 9230 4932 13705 3883 11404 8033 11699 13343 8465 8011 8463 6284 14925 8584 8516 14087 2865 8801 10896 8389 4271 11381 4495 734 8227 9607 13111 1290 10414 12526 12582 12717 2637 12525 4298 1118 5053 10427 1289 6637 6361 
208 257 0 250 0 385 125 370 251 117 6309 233 2408 4954 2870 2443 5879 3875 14339 8410 13514 2669 11166 5895 2420 12008 1 8310 5922 7075 14536 5725 8696 2382 11983 2477 3757 9443 5927 8951 10319 6768 13375 2606 9013 5336 6178 14508 3033 10722 9417 6080 9902 109 4551 7599 8790 14101 9337 3788 4613 11215 1718 5643 10608 4113 5323 2173 9940 4333 9150 4877 4483 229 1050 5216 132 12925 4978 8791 12497 645 2154 400 1837 10756 1627 8805 13947 5628 13300 11371 5065 5358 2793 11916 7612 3654 3494 4728 3979 9369 527 1529 9637 7008 13214 12862 1179 13595 11419 5372 2570 4171 14187 11208 3742 13285 5942 3505 7480 3463 10916 7985 14172 7178 2520 
209 257 0 370 0 385 125 512 251 117 3468 3882 9700 3083 14158 1127 1815 8706 12977 1889 5959 7705 5591 8285 901 9195 9972 565 4682 1109 13348 13768 5554 526 14097 10817 10289 7959 8176 12753 4212 11114 3580 2064 1537 2856 12554 2660 359 370 10177 11973 14363 4457 2943 2553 586 12796 12498 10812 1425 9319 4106 1511 5634 7232 4189 3587 7081 3908 13592 8727 2924 3259 11206 10691 143 8700 881 10270 8868 7046 200 6887 2628 12972 9214 7364 6331 2011 13316 224 5574 12330 6612 10680 13206 11619 576 6677 2097 7941 13597 7976 7808 455 14851 667 8348 6253 11057 6979 2504 5923 11970 9917 4138 10963 2338 4527 14671 2516 7651 1158 13338 14459 5230 
210 257 125 250 0 385 256 382 251 117 12394 2753 2365 3920 7417 6031 4146 11943 5145 13804 4498 11218 13575 8659 2472 1329 722 551 13342 5709 4537 10193 5873 9324 11703 12905 8968 5744 9178 12403 9645 7151 10345 10632 1036 3150 6091 8980 1077 4801 4006 2725 8826 5990 14224 7334 1514 12731 4150 9231 10997 6916 6953 6930 5746 6957 7871 10867 14903 9591 11477 4420 9899 11228 9427 4994 11232 7671 10174 5076 14609 6214 12943 10301 8401 8308 4248 4525 377 3330 981 13161 8513 3958 11818 8737 12874 7141 759 11636 2840 5388 14432 11377 13324 14653 13487 14564 12168 6978 7866 4982 12503 11185 12252 10982 7957 3138 3293 2872 6359 5028 7286 11400 2446 6948 728 
211 257 125 382 0 385 256 512 251 117 5900 13571 3955 1821 4160 2971 10487 7250 11661 2780 432 7238 10962 10971 10482 496 11021 4597 9598 11705 1143 13106 5481 2397 1151 5996 14449 2581 14057 12096 12452 8441 10581 9619 3861 948 2905 4266 164 8732 540 6676 7962 10179 11413 11725 9786 1417 13752 6495 535 14222 7025 5896 13007 536 7148 12344 13841 8698 3910 4742 135 3715 12598 14920 591 1966 10167 6490 8375 12607 13977 7153 7498 10912 8358 3022 4777 818 9709 1772 6927 6394 3770 12062 7829 6925 9613 9624 12511 2614 6197 5405 3651 8362 4411 9419 11265 3095 12296 4869 11267 14685 12701 5436 6046 9503 1939 7061 4589 5621 11018 8997 5585 4771 5524 
212 385 0 250 0 512 137 371 251 117 11569 4440 4396 2648 9819 9053 14248 59 9653 3849 3147 8702 1090 9362 14580 7592 3006 9896 7873 10981 4522 7614 13084 12913 10231 4481 9402 11658 12109 7085 12272 13796 4622 3692 1034 9767 3628 3028 8975 14585 8040 3312 5274 14016 11130 1193 2249 14195 13714 6949 2655 909 8440 13842 10841 1493 5040 5360 7152 11664 250 6004 11456 8521 13466 3606 10168 3031 8629 11743 111 727 2046 5833 5523 5501 6550 6289 451 12636 12228 226 3811 5209 6607 6112 429 5991 8664 10856 1427 7445 10686 9183 3531 14675 11092 10858 7579 8136 761 6527 4326 2983 10929 14652 3794 10977 13709 7205 11476 9905 7396 3392 14952 6446 3238 
213 385 0 371 0 512 137 512 251 117 4675 14458 5612 3700 9492 14104 6896 12903 1043 7905 4490 13587 300 14785 14562 3784 2990 10901 12867 7549 331 5307 5198 1602 2623 10363 11585 307 2470 45 14898 2135 9376 14196 11003 12788 9870 10265 12637 1409 2237 521 9721 13603 12205 2323 12365 11836 12861 3564 11714 12325 10753 7281 1354 10033 4389 5792 7273 9639 9667 11378 7766 4400 9320 1882 1282 13185 210 11531 7027 7117 613 2063 14605 3065 4503 12155 5870 11588 8224 4078 13819 9008 7355 12197 5399 3139 14905 13516 14179 3295 6410 260 57 14994 3204 398 1807 9111 671 1170 156 6271 6466 5558 7023 14477 10834 2839 7132 10017 4972 12412 11728 12957 11986 
214 385 137 250 0 512 256 392 251 117 954 9810 4663 10452 8444 13525 8903 9409 9868 14386 7350 9384 12696 2953 1424 6395 13465 4123 898 14858 2966 7533 5044 8818 9237 5088 13 13044 7322 19 7472 12048 4624 4426 2748 10815 1300 5221 7136 5226 13081 479 2111 6015 5576 1007 13716 9216 8396 10107 13572 7811 13792 11244 12732 12265 1429 10775 13914 11164 4134 67 13880 12299 10799 7244 12291 4604 12318 11726 3571 7836 13347 14734 5468 11109 876 9017 6270 6269 5143 9096 7483 1865 14635 6789 6317 10848 11861 3117 3018 8249 3550 5730 14965 4914 4415 6330 14382 12871 4868 10807 9255 14252 6638 11796 10569 6419 1584 171 2363 5132 3110 3303 11190 1355 8273 
215 385 137 392 0 512 256 512 251 118 9368 8202 1977 9018 5906 5668 1650 3847 3206 4660 3428 8403 2413 3929 835 9132 193 1261 11310 11240 7859 9474 6097 1999 13729 14800 14217 9593 10277 13033 4775 14724 9615 13237 10589 9565 211 11868 5712 1042 14372 3019 8467 5683 6106 3424 308 13078 9245 1246 12741 13148 7678 5180 14506 10175 5071 5641 3797 9889 12171 11323 11621 14155 13154 10214 5958 11233 9031 130 2005 6388 11110 14944 10595 9074 6240 9005 3611 8111 10401 381 7077 13021 263 3036 2716 7608 4293 212 7581 4303 10771 2238 1583 987 1317 8822 8257 3537 3552 8052 7897 11101 962 7540 3156 14801 6593 7376 1240 8193 4739 812 10884 2653 9239 1335 
216 257 0 250 251 385 127 389 512 117 14904 10165 8242 4690 13394 8948 5171 9967 1438 5715 392 2594 14823 7865 460 11939 4519 1833 7159 10615 12492 9681 11154 10802 6145 6384 9496 7723 7598 11971 11472 7971 10657 616 2946 7803 7797 5223 8719 6205 3643 6541 3409 14775 5547 7427 13484 2084 9484 9504 10655 7504 5438 694 12962 6067 14617 4568 13779 8618 8307 14443 14853 6872 13449 10447 2910 504 11556 992 7290 13378 2195 9620 11594 13339 384 11210 11111 5054 562 12319 2168 9416 14885 4949 7944 6186 1203 10362 3613 1190 2749 10736 14251 13177 4763 8042 13627 7033 13596 932 10245 6360 11280 1296 13413 4097 11043 6951 12911 8800 10956 10400 14258 11478 994 
217 257 0 389 251 385 127 512 512 117 4526 2846 528 9459 8212 11180 14113 2272 4374 2113 2456 9142 12552 5014 14045 14961 6614 14502 7557 14884 9033 9712 4246 3236 1816 7877 2155 10754 9569 12542 8186 10111 14347 11854 12719 1934 14404 1513 14239 8537 13697 1035 7842 10913 13055 13581 12063 13621 8070 1396 3449 11618 6118 5229 3782 8211 10554 168 2726 12281 13870 13706 5430 3425 11878 12243 4547 2356 2054 9084 6071 5453 5814 3584 9124 3983 2907 9827 8786 14804 6057 4447 3246 4927 11734 10221 6199 12326 1406 12018 2137 5887 10629 14565 10062 2050 5380 7252 6116 8487 12642 13363 5843 8295 1881 10141 11570 201 2620 12262 7466 3841 7217 4667 7158 4815 91 
218 257 127 250 251 385 256 371 512 117 14556 5370 10243 1345 1348 7367 12193 11855 13551 13024 11133 9345 1403 11216 3501 5741 6120 8918 3151 4003 10675 4896 416 2118 12161 6027 2714 8528 12185 13585 5012 8512 13014 2789 3874 7021 9019 11498 9982 12307 3857 6912 686 11047 5202 195 8869 9194 2148 1528 9616 3694 4842 11454 4184 10996 11685 12112 5112 12765 7856 8474 539 12713 5091 6502 10924 8263 3820 5352 4617 330 6950 2893 9364 1461 3768 11625 10907 13918 6657 918 12964 11036 6982 9473 2394 11933 4808 10593 107 13618 5057 14505 13526 4705 11681 9212 9649 14934 1379 5670 4879 11186 8538 6991 4886 12158 2945 14926 3617 2560 7475 5169 278 7554 14471 
219 257 127 371 251 385 256 512 512 118 2677 2422 2675 1896 14023 6090 10047 4864 1233 11718 14962 2858 13805 11768 8429 6338 6898 8209 10521 2968 1112 12921 14063 1481 6491 7429 3420 12157 5131 12961 13886 10115 12757 10050 480 589 7381 3967 297 9703 14419 8345 3647 10973 12447 66 14636 10105 9635 10126 12457 9586 7118 11536 3637 13982 6831 3161 7056 5476 10880 9494 9898 14743 7991 13318 8930 5163 925 11514 3044 9515 6728 11146 5795 12433 989 2222 11175 507 7105 8123 4344 2476 2321 10360 12599 3399 6543 8525 10471 10315 4124 12660 9205 6321 3162 7775 852 11566 1852 13929 5153 6538 5690 1478 14152 14226 11099 14672 1920 14086 5397 5806 7091 3704 13794 4080 
220 385 0 250 251 512 137 389 512 117 657 10833 3994 5603 10970 13112 12575 268 4275 5946 11765 10955 5379 9038 4368 8833 1366 10806 6481 14257 12866 7693 8946 10486 10634 10142 4794 1359 76 5122 12515 11719 10792 12011 11432 7895 6441 11954 12352 12807 9652 10473 14794 14829 3640 12612 13191 12413 12715 6976 8337 93 8526 5907 14255 2021 386 3467 11188 9274 7898 14676 14225 1923 4882 12899 1216 6109 9980 7638 501 12926 8029 9461 2336 9781 6435 4540 14840 4207 13984 13934 11678 2403 14945 12176 4051 7096 10586 9405 6078 11773 2604 12586 9558 7326 12504 140 5797 6340 2308 9413 4253 11935 2851 8661 12875 2631 10149 14571 6922 12725 14184 10940 9412 1767 11069 
221 385 0 389 251 512 137 512 512 117 14452 11384 7867 3327 8579 6509 2016 9414 14229 9381 940 754 7680 717 2280 4089 6671 4429 5914 6673 7465 12351 12990 4701 6937 659 14910 899 7226 8875 10992 9949 14988 1735 1872 12603 12521 9734 14431 11245 8586 2007 7809 14246 8050 13344 10292 11431 1206 14407 246 8637 7352 12694 1859 10779 8126 4049 1709 9875 14357 8448 10258 14142 382 7891 12948 11793 8343 14115 5688 9339 6135 11220 385 13062 4361 12590 11408 8615 1153 7702 4923 7812 13808 9673 9327 10511 752 12188 11067 14053 4196 14128 3522 1154 391 2189 13633 1688 12720 10220 5315 5064 7786 14740 8082 11040 9259 11141 2845 407 13066 874 3711 9719 14688 
222 385 137 250 251 512 256 385 512 117 12758 6006 14200 9228 1018 13494 4585 11260 11481 3988 6784 5363 3578 3207 10070 6952 900 1472 9813 4706 6856 1598 6165 1659 11438 3349 4977 1453 8684 6752 10052 10678 2426 13442 8905 5871 8128 10550 14608 6763 4282 7385 1516 3760 4245 2731 12268 4730 4382 3626 9930 503 2503 4987 14496 6474 14883 14082 2288 4749 7441 12863 13199 12679 6455 4627 13507 9693 3802 7122 13608 6558 575 10032 1411 1623 9823 1324 9856 11752 14206 3886 3133 13292 14472 9583 1960 8165 570 12638 13598 13650 137 612 2409 10953 5408 14953 3752 78 3121 11686 13287 4296 4824 3209 11453 953 14304 11048 4029 8600 11706 8611 3652 6813 3251 
223 385 137 385 251 512 256 512 512 118 13421 11533 10585 13399 1056 9746 9370 13993 11391 12775 3225 4181 8511 9520 11237 83 2078 14578 13431 12050 7586 1358 9964 14167 3680 6554 8386 3168 6100 2117 1538 6873 2319 1651 4953 14610 6911 5710 2681 6163 1720 12093 8915 13195 10526 3118 12723 10497 6663 8703 6066 11470 10253 4107 9078 5856 13501 7030 3520 3079 6525 12658 12976 2770 14463 7807 10091 9839 10727 9330 13037 4203 6504 11006 10828 4677 11940 8882 3273 2688 10219 7443 11694 6777 7395 6709 9466 13662 14915 2755 4244 6043 3115 5443 11581 1053 832 1482 10824 10643 5212 5508 11163 5239 9578 8155 14948 4752 4935 2217 272 13593 1274 11825 8913 1251 11945 8748 
224 257 256 0 0 380 388 135 245 117 6083 12245 8077 13443 8205 9348 12107 8594 2689 532 4183 7934 11399 13624 506 8140 11640 3454 4577 14405 3403 5413 1441 11349 12591 11494 8248 13380 5087 3959 2849 5593 4211 2522 12114 11775 8157 7832 14792 756 14166 14298 13269 2009 5571 10144 3163 8943 3253 7277 9780 1046 6791 2912 4050 4063 9499 12324 12033 861 13404 12390 14834 8287 6589 5701 7789 13365 902 6556 6207 4944 4435 2432 9794 4147 5009 9507 10389 12404 9910 10238 9134 124 11269 13329 2877 2247 1841 6264 2674 14106 3448 8048 3027 6830 12279 4053 10918 2531 4838 1076 3605 68 4576 12061 8577 6921 9463 10488 8550 12959 6234 7935 2370 1479 3367 
225 257 256 135 0 380 388 254 245 117 11629 14107 2991 5995 7029 9748 8830 3309 13727 10903 5439 14440 4218 6283 5294 273 10590 626 4901 7813 5999 4598 11159 12292 13531 5471 14799 9522 7176 9050 4770 8792 10322 9034 2962 11650 5037 7060 8657 684 3528 11309 9280 3865 8312 9089 9807 13964 8622 8394 14846 23 8030 6855 95 13518 7826 6398 7265 10518 8904 10112 10018 3222 2761 742 2138 4511 354 12820 1213 8517 8319 12085 14930 2051 804 9743 4645 1191 10868 6662 6228 2035 10203 11655 1275 2937 2580 225 5077 11631 5420 10206 9234 8217 13721 6526 13499 7305 393 495 2563 1737 3516 3301 6011 14933 336 1365 313 10551 9535 807 1950 1501 11665 
226 257 388 0 0 380 512 136 245 117 14326 692 7349 11760 7164 6218 9027 11613 12500 6970 11430 5842 3257 12162 1868 4696 12792 11853 4224 12892 12464 5176 11541 1586 5328 13262 7973 680 13268 5075 8037 6337 8742 6499 8718 2972 3160 710 14095 355 3696 4137 11808 2685 7225 14782 4970 7154 10506 5275 6644 12468 6421 762 14437 12030 2836 13579 6690 4873 5166 14280 347 7037 9817 2227 4692 12477 13854 9805 5758 1814 8450 13911 9816 7736 2478 14376 9852 5716 13115 5584 5293 9723 8597 11509 11907 14730 10679 1408 11722 1885 14863 6247 1870 291 12641 14015 8325 13661 13435 9531 13122 4092 8035 8407 4094 3374 11326 11679 12300 8324 14353 12077 629 14773 6200 
227 257 388 136 0 380 512 254 245 117 9495 469 14316 1567 14599 484 9690 9282 9356 10480 11374 10351 3211 1418 14707 7537 4803 14936 112 6981 7386 4791 14888 4364 8000 8532 1073 10800 5540 2576 10669 5702 12803 2233 10653 1922 11409 12094 8729 1877 3416 13815 4536 8857 6710 733 6068 12571 2159 3814 9250 3355 8986 1466 8929 7329 8728 3483 10524 771 3672 14530 5199 9092 844 9992 7868 11355 13811 2888 3862 7700 2208 3142 1307 2537 2107 4413 14369 1459 476 2701 8190 11866 7572 12930 14141 14361 14777 12507 3950 6085 10273 14130 3277 11193 183 9718 485 4711 10388 13951 5203 3582 11876 10133 8369 2686 14418 14646 11708 1509 3803 11981 3152 1866 14276 
228 380 256 0 0 512 377 127 245 117 2668 7538 13283 14333 14909 11510 9428 10873 8671 1189 13093 12010 2188 6172 4783 2569 14818 5429 13070 13462 14235 1356 6055 12004 3281 14861 7654 13336 5665 5595 12175 9879 10445 13648 11639 790 1566 12718 12714 9580 7179 8201 3749 5648 5598 8524 12695 12012 3785 4046 12745 11568 2811 11763 12049 14162 14253 9323 7894 8332 14554 6630 8908 11346 889 4921 12687 12322 5327 6194 5092 1849 10693 6985 2439 2779 5205 3975 6562 7993 2627 10444 3307 2821 6128 13334 4334 14935 61 11759 3839 5933 11729 11219 6125 6236 7881 8246 13527 11486 7616 8892 4679 327 1215 6314 12414 10394 3927 8068 5790 10797 7002 14037 5532 9158 5939 
229 380 256 127 0 512 377 254 245 117 9185 6862 1687 8523 12992 6773 3038 12847 12918 12367 14819 3948 7185 1038 5827 12781 1469 3593 8593 6817 5828 5680 10161 1310 9130 5424 7593 13362 12983 7095 10485 14134 14842 11781 11300 4827 7398 4269 10914 8970 7418 6665 1911 10578 784 7330 11698 2405 7714 4651 4785 9737 4849 7275 9477 7524 12501 8648 10449 3600 4761 5159 7389 131 5728 1522 5303 3567 7514 3431 11457 2417 13541 9425 1488 2041 12260 9968 4161 376 8621 4082 14266 1498 1820 10931 12949 10850 5135 7478 1860 14632 12965 7076 5291 4964 3372 14972 8845 2904 2601 9095 14337 5747 6437 3388 2300 12399 11291 8309 4401 8855 8860 8569 4276 14300 10627 
230 380 377 0 0 512 512 132 245 117 2952 3888 11316 7487 453 4425 9007 14968 2100 14478 9481 12646 1908 7633 10609 8878 12544 13424 12488 9729 8881 405 11473 4578 14205 2315 1273 10274 2015 7007 13825 1464 13315 5183 12689 9385 2224 12543 14591 7342 5781 5867 11545 10369 4579 397 1383 13437 11918 8418 10553 31 13470 5767 11822 9826 14976 5406 5085 12182 11056 14484 6316 14493 13936 14859 1914 13941 2260 10134 11335 9236 7605 639 4151 2255 13276 13249 7665 8183 10290 1548 14836 1668 12513 8127 3918 9179 13965 2506 5204 6859 2559 11086 3313 6802 4984 6967 8688 6344 7734 12601 13969 11987 1265 5460 1291 10583 7602 10723 2906 10094 3829 5276 1591 5977 13357 
231 380 377 132 0 512 512 254 245 118 4199 4335 9671 12169 2743 1724 5475 9533 2351 13562 11643 5412 3840 9434 1451 7182 10286 12312 12524 2523 12190 3360 4635 11550 117 11085 5273 13076 1836 12303 6422 6561 1334 6961 4988 6636 7146 1069 6404 11503 8862 13858 1972 4753 6641 14315 5272 10701 14913 6566 8931 7080 7062 8265 7603 9398 7818 7583 12722 8003 5706 1015 14112 11251 242 1436 2258 2239 14886 13967 5845 5194 8710 10898 2268 7269 14228 48 13582 14831 13143 2528 1057 2164 12856 1680 690 11697 997 4845 13974 6126 658 11287 79 14007 5167 7761 82 7578 3111 1277 9908 4101 4843 888 4695 5271 254 126 12142 669 14971 8859 11483 4128 14180 6152 
232 257 256 0 245 389 385 128 512 117 10700 8455 3269 11007 3543 14410 2583 11677 6806 13030 11974 14778 14731 11979 10495 1949 11835 9543 379 5158 3190 2199 4167 4075 10567 6919 7256 7546 6255 12843 3708 10728 8583 1476 13464 2760 3554 5482 13740 14464 4906 13265 2252 14213 8015 10840 1361 7684 13121 14058 6003 713 10428 13463 6119 9741 4081 14662 7313 10889 13221 572 2406 1402 2899 6533 5185 3686 10103 11271 8638 5866 894 8782 4861 13563 3911 14050 11605 8548 7589 8498 13184 8749 8114 2661 10566 5631 14414 13506 1643 14943 6127 1510 3496 9295 13674 13876 3196 13744 4819 12395 2494 4090 9154 3105 4515 1008 9028 9126 14986 9299 8471 6408 11294 9357 7336 
233 257 256 128 245 389 385 254 512 117 1391 6211 339 11100 1116 9431 8446 5156 6770 9467 14160 12170 6557 110 5287 12366 9079 975 9832 4630 9633 7783 10234 1102 7839 7667 10878 4416 968 12778 5616 9777 1675 13622 8723 7186 9599 13799 9331 10155 9795 12130 184 13216 3195 11080 6974 14833 4841 8969 3035 11055 6790 11264 6675 12275 10711 4731 6519 12102 10776 1010 870 7628 3691 6137 10227 11774 10074 8967 8612 1146 14343 8636 459 1597 976 2197 6691 8203 1855 10225 14663 13459 207 2500 6781 12981 9490 13558 10882 4939 7765 10408 8100 353 11071 1744 8508 1702 14350 9429 1892 6943 12549 9554 4715 6684 14360 11491 8734 10196 5050 2857 2295 2343 7772 
234 257 385 0 245 389 512 125 512 117 11463 134 14667 438 6413 12073 6500 9403 9378 2326 10059 1875 5344 10512 5555 3805 5461 3174 7580 8130 13602 1919 7078 8225 11019 3616 10917 123 11903 6082 11226 5685 11167 9121 7982 3493 103 11121 11448 6742 3129 6864 4492 7853 1025 11367 9125 1344 6534 2825 11000 12923 11268 1308 12388 4129 4342 9086 2335 14895 6123 5398 3701 4332 7177 14469 11299 13670 8380 8964 5462 7379 548 7190 672 8762 8901 1874 8074 12817 4693 8182 9315 9830 4054 12505 6990 5278 3735 7316 9564 8712 4417 5026 2289 2643 1508 7160 9347 13349 1187 13197 9107 8260 6946 13396 9180 10532 1078 6342 3408 2120 5707 9706 4855 14295 7404 
235 257 385 125 245 389 512 254 512 118 11657 6901 12411 1483 1962 3294 5626 3025 12623 12444 14040 7388 12614 3953 10291 5772 5872 2452 4820 1812 11104 11304 2961 5165 980 3 4991 2944 10183 9765 13905 6670 9883 14223 14856 10148 9224 1230 14380 4362 14733 11783 12387 4975 3763 9978 12550 14716 11952 9220 1473 3229 10941 8334 14963 14674 9069 14231 2518 163 13420 13860 9659 5733 12121 12126 9640 2868 13312 13718 7830 13243 5030 6480 9091 13139 6797 7345 13419 11034 14625 11016 14991 426 11682 1630 1777 7084 11901 3518 8416 6385 14544 8283 11755 10577 630 10668 7904 12495 9614 2816 7052 12608 530 11754 4132 7637 13210 489 8281 11965 7387 2480 13152 10716 7956 6121 
236 389 256 0 245 512 383 128 512 117 3981 9253 9828 8456 8088 368 5426 6782 8761 6215 2866 14433 11554 12483 1867 6245 433 2461 869 11441 8962 1388 14919 1569 3890 7125 2721 7142 11117 13626 5755 8097 2509 1656 8796 12438 4033 764 9665 12426 4809 8264 8045 14481 12184 301 7450 13725 643 7872 8009 5389 3619 4311 6899 8434 2712 1120 9644 9025 12523 13783 9410 5745 167 7444 1763 14354 5297 10922 3519 3636 2265 9338 7946 1878 10852 4936 8605 6640 933 5325 8744 2416 3963 13293 8720 9354 1787 13127 14367 13924 13900 8624 1663 9959 5637 10371 11195 11385 1899 6870 4405 5992 3786 14430 1086 13047 6224 13480 10755 9106 4874 12373 2160 6380 5144 
237 389 256 128 245 512 383 254 512 117 13174 9662 8481 12647 3097 14534 12519 2379 10667 2859 12310 6820 11073 8007 4891 5774 3936 957 3588 2264 9585 180 10559 14942 231 13809 14929 8965 13980 3101 11810 14576 14244 4249 12122 14207 12700 6518 1288 6084 5038 2720 2658 9081 11246 10543 7045 5173 1382 9071 10233 10710 9840 8344 11347 12739 1079 2730 5367 2586 14501 5573 6739 11758 6263 7163 2970 12625 2640 1119 2103 1390 12196 1452 6799 8412 258 6328 8938 14837 11997 8911 11396 14550 2010 6652 4662 8488 5804 8353 14874 5656 9549 5929 10124 3943 9841 14 3822 14795 9518 3103 12370 3622 10294 6511 9509 3534 7709 12074 7101 4252 9965 352 8144 4488 13385 
238 389 383 0 245 512 512 124 512 117 1647 13649 12901 1021 3262 3871 7470 14958 4998 4402 10847 3241 1854 13238 7916 2385 12951 8278 6796 4229 7068 7932 4419 7069 12301 6567 14758 6267 3931 5904 7639 4727 823 14438 5232 10077 2672 401 3104 5349 4817 5146 13352 11600 5458 4259 7083 10016 12250 1194 6823 6107 8228 13724 13534 2170 2339 14242 5498 14287 3337 7479 2782 10264 6545 4434 8093 1570 2673 3960 10459 2738 9893 6818 13373 11937 5280 2098 11115 2541 2555 2045 3864 590 1070 1594 10024 6417 5148 13330 4735 6076 9252 10935 11984 10714 3615 13376 6573 9141 10089 11921 11532 1547 14017 4769 2557 12704 9114 755 10472 5355 12309 10395 12600 11559 10300 
239 389 383 124 245 512 512 254 512 118 2562 4628 10354 9083 8578 7510 10600 6977 8704 7304 916 13301 650 14150 7109 13331 1003 8321 2871 13226 12872 848 456 11710 4507 14285 2935 11789 2076 14781 14990 4853 8753 5854 9009 10746 14759 2915 6146 3806 3081 13775 1332 14658 2296 2086 3039 12766 9273 7609 813 9147 2834 11604 13884 11526 7695 14070 13208 11977 5343 1144 3223 11877 7188 12100 14243 6528 8795 10199 5463 5505 4121 1543 4599 5104 14854 11741 5831 10331 12664 1426 3173 9566 6723 10888 446 7401 1306 1415 2185 5506 12865 12038 3679 6608 8151 6249 3685 14203 4141 7425 14013 13270 5034 12950 12748 488 520 8102 2908 4655 7134 4674 5881 10332 8654 5588 
240 257 256 254 0 379 380 381 262 117 14752 2497 7276 4375 5248 6184 6582 3298 8213 3363 10796 5577 4192 13578 5341 2077 13530 10724 7841 11767 3618 7115 1376 6058 5776 11277 9313 14062 14262 8912 7731 7520 6517 12024 10809 7180 8907 4455 350 720 1085 11152 159 4155 11397 214 4723 8971 7460 13708 14637 10120 3283 6225 14003 2158 8840 10201 6586 2561 10350 12791 1532 11119 13049 606 9438 9680 9209 1157 2191 14753 11451 281 8192 14696 7864 9441 3092 9725 1363 1506 4718 10563 10876 12499 9172 6931 6350 1221 7635 13734 10642 8104 9109 1604 1589 6210 2927 4496 8534 13547 7817 6865 5565 3930 3122 13548 598 4884 6376 2519 10417 2383 7938 5326 10081 
241 257 256 381 0 379 380 512 262 117 3664 7710 9675 2402 7560 12212 935 14901 8604 13685 8701 14634 14192 2587 2894 2328 12653 593 39 10075 2448 1128 364 12476 8200 14894 14603 9023 2867 5947 1762 7299 177 6282 13818 12147 9657 10978 5586 9475 11695 4280 9235 11148 9983 8978 10759 5270 10762 269 10298 11194 12116 5120 8559 7674 8057 1380 2277 8788 13141 14065 2496 7627 7748 10789 8443 1353 14260 13032 10921 10787 9684 2012 12455 11062 14355 8017 5473 10342 8539 12616 98 9642 3476 4452 8022 10455 6516 13159 10020 2545 10055 10057 11747 5669 13414 6254 6902 13117 6874 3947 5021 5058 13134 8880 3220 9024 5708 13979 14832 9820 10261 13994 8771 1173 6713 
242 257 380 254 0 379 512 389 262 117 4186 5739 10816 842 3909 5225 5994 6354 5664 7197 6369 1384 9306 3300 3443 3487 255 10791 12430 13225 9789 5117 8988 11953 2895 13835 707 5638 7870 6903 732 10911 14475 737 5583 12159 14689 8694 3393 6202 4443 4228 7024 1804 11125 6002 10831 13680 1371 9133 4681 11171 6664 8361 12486 7013 6171 2818 14872 2696 3446 12273 12699 13173 6138 9061 8146 12080 13371 10958 7906 5570 6798 8743 5644 7098 5726 9540 6397 8505 5082 6423 8514 12151 12339 7882 3068 11398 4812 6794 6134 4913 8301 621 7947 946 519 2206 3866 3925 2634 7496 1521 8214 1321 14535 11261 12076 14271 12014 12274 6191 5918 3809 3317 8851 12489 
243 257 380 389 0 379 512 512 262 117 10757 12770 13222 14390 8556 8315 5974 12916 13544 13290 2599 7287 7634 3054 7970 2462 3287 11028 6617 12894 14679 10255 13059 13040 14264 12580 7835 14352 12551 10435 14267 3210 8081 13786 10015 6345 13713 12069 2613 14748 7438 1369 11183 7960 7777 2602 3358 10256 5312 3113 12348 14694 3157 11598 14462 10211 13178 10491 2890 2733 318 3141 6190 1531 1992 9766 2902 310 8172 5667 579 6108 2108 12424 11609 5839 3243 5029 374 9570 5137 12541 739 14109 9951 4454 2314 2824 10987 13686 10536 1311 1794 2883 2454 14682 4986 2075 5306 13151 4554 14514 9838 14902 6155 4685 2167 12922 9969 1894 11733 5651 4258 4502 2139 7168 3058 
244 379 256 254 0 512 378 379 262 117 7698 2133 9758 12841 1075 14450 11985 7260 12139 11563 12280 10140 11305 3011 5434 1062 10262 14772 6133 10692 6089 3765 14194 11173 10804 6891 4639 11537 6542 8366 7987 11157 6489 3830 1325 5177 9444 5215 64 10682 5035 4120 3094 9218 9285 12227 1778 10313 7219 6743 12620 7006 247 3460 13853 4716 13996 7843 10999 10719 3208 9043 12419 13354 5179 221 457 13322 6086 8044 9016 8388 8454 13816 3377 858 4117 5805 4562 3050 13350 13878 9430 3826 3055 8846 6096 8574 4581 3275 11762 10326 6783 2427 7174 3406 7327 14456 10821 9283 13496 11386 6564 5877 13956 5836 8582 13589 9918 12334 1168 10664 10900 12988 2515 4149 1142 
245 379 256 379 0 512 378 512 262 117 1166 5740 14841 13406 965 4290 4722 1781 9991 6513 1410 4885 1893 3721 12593 12502 2241 1723 8496 2334 13559 6094 12398 208 6401 834 4548 5902 9388 4580 10520 14378 5346 490 6409 10948 5000 941 9960 10416 3108 1673 11339 14595 8339 6458 12427 11799 1005 11753 9773 8653 9987 11370 4047 13025 3085 4535 8084 14695 12734 13961 5606 12668 6156 8867 549 11887 10823 13801 2784 10923 2411 1988 3193 13411 4813 5930 3999 7796 689 10441 971 3040 4929 8879 10463 7208 3631 7246 4442 3938 9545 5889 1192 3898 10200 4231 10773 9584 7339 6553 11162 2482 2762 2081 6992 7399 5350 14720 8774 8475 6139 9066 13289 10607 12251 
246 379 378 254 0 512 512 381 262 117 8974 219 8560 14492 5779 4187 2757 675 8563 4871 4467 7423 8745 7223 11394 120 4274 4373 13052 11319 14321 8005 2977 6101 4436 9363 7044 624 75 2783 8730 6389 12648 10576 14803 5859 13817 10189 13948 1519 7323 1622 2737 6524 14398 2683 6075 2014 2934 172 9287 8689 6438 2815 4135 12971 12150 3112 4980 10558 14026 7324 2556 1247 5110 5956 10974 10170 6265 3347 13887 13604 11770 6875 1405 11926 415 2949 1792 3149 3002 4670 3772 4193 1244 8494 10988 3282 155 2325 13719 12520 9669 1927 14132 12661 5883 5364 12105 4760 153 11135 961 2886 5815 1217 12900 7664 919 8286 11790 13272 11972 4377 12570 3553 7527 
247 379 378 381 0 512 512 512 262 118 13359 11379 8715 2298 7672 12882 11788 8158 2490 14619 12053 9307 4062 5036 9793 9608 89 7333 6748 9804 14604 10404 13113 6318 14561 8303 6834 3354 11746 1574 2073 12277 12652 13011 14385 5635 2327 13119 6689 7373 11189 14922 6947 1443 289 12003 14828 12270 4856 189 3357 11630 668 10188 5414 14638 6183 10932 7294 13319 11742 6478 9602 9696 3231 6646 6852 10673 553 4069 12915 6634 8316 3973 4412 1533 14786 9223 38 12675 2707 6032 3992 11881 6955 7670 12239 9346 6329 10991 4210 10425 3254 6239 5666 6822 5454 12220 4938 3880 5499 9352 8134 6268 9271 13985 7661 11792 41 11690 5490 3413 2304 9571 11221 14582 11923 14027 
248 257 256 254 262 378 382 391 512 117 4915 3046 13529 1616 6147 11893 10272 11717 12051 12622 7622 10671 8243 2307 6629 11839 9927 10498 14245 14574 3845 12355 7805 6457 10519 7954 7726 2299 1349 7823 5400 11126 1163 10451 1572 4520 4870 5140 7892 2352 9961 2739 11256 7757 7587 317 642 10747 4136 9099 8995 9493 10648 3198 3990 6994 7143 12137 3575 10849 4261 10376 9296 6291 6764 14483 1029 3687 2028 12942 8966 2029 12610 3529 11325 12000 11201 5299 6786 11647 12416 6229 12449 10946 1121 13468 11079 380 2392 6705 12963 3240 7173 1342 7539 7547 11932 6939 10795 7508 12786 5592 14131 4166 8839 483 5265 8148 8460 568 10215 5849 14602 7257 687 12441 1961 
249 257 256 391 262 378 382 512 512 117 12852 12941 12839 5803 2920 14085 6578 1074 856 13910 930 3514 4059 12733 14850 11684 3607 6975 12602 1502 2534 13068 10750 6209 9512 5980 1049 3456 7858 2887 5589 6149 11340 6098 1407 13439 8159 1211 13945 8958 11077 6053 885 1674 12804 14319 4398 12289 7915 1817 14660 8483 12129 13636 819 1136 4424 7454 11358 648 1497 6523 1593 6766 5600 7922 6904 10968 6716 9390 9167 1944 9269 7979 8318 402 8832 14446 3481 10501 7558 9944 2070 11602 11547 4555 3171 1122 11539 8206 2879 7767 1285 5495 3921 10468 4071 1303 10813 2380 14592 5141 2419 9939 13288 1646 10790 9365 13107 7939 13692 2087 6711 1706 1845 12800 3828 
250 257 382 254 262 378 512 367 512 117 10021 14451 12978 12562 2297 9897 13138 2551 11447 4445 3709 13146 14423 4407 13433 3646 2415 10320 2957 12682 8738 10939 1743 10114 5561 6426 3334 4833 2642 5402 365 3314 4145 5170 816 1967 11307 1309 8803 2400 12313 1997 11646 154 2340 11515 1058 10721 8794 14791 13542 10818 8602 197 5948 1629 12091 7230 8592 3137 1661 7564 14238 6889 5817 6508 1279 3707 10891 2632 13703 5004 8234 11087 8709 8957 10348 12223 3268 12785 9660 2044 7092 649 12782 3837 7233 2421 4532 14974 514 10475 10251 14816 7261 10308 296 8038 1667 13798 6997 12346 6838 7763 1092 14868 3387 11899 9915 4028 2705 10321 10517 14388 12934 4444 9210 
251 257 382 367 262 378 512 512 512 118 6470 14371 1649 11720 12028 9623 5233 2532 3710 10073 7886 8298 3418 6252 8259 11356 10402 14413 6715 1148 11975 9551 10205 8250 5321 10713 6659 769 6054 1917 5111 3445 5147 9170 10327 7107 2457 855 4453 14100 12415 8269 7402 5192 11727 3453 6913 14178 12665 4895 6535 3720 11735 14275 13176 11941 14210 10772 11200 8233 2349 4798 14379 9544 11707 1387 10025 6836 12849 8680 14145 11840 2039 8520 14589 13806 990 10122 1197 6349 3798 9059 6698 13137 2517 8478 3260 2787 6471 6175 1715 11895 4489 2914 8436 7582 3224 13423 7779 5705 1677 10597 11122 12751 7284 11139 3868 3598 4177 12854 9400 10328 8581 3486 14983 11577 6115 8431 
252 378 256 254 262 512 390 371 512 117 14125 14659 9648 12496 12897 2058 3924 2540 11199 10822 868 14486 10780 9455 11744 14557 14577 9785 1292 1333 5663 7720 147 8419 13586 6890 262 14656 3903 2110 2629 2850 5802 10784 5860 13763 1177 13807 9689 2827 1555 2947 9632 1980 7669 13393 14939 4021 5518 6164 3655 6290 1552 14741 6753 5662 617 10786 3525 10392 712 11645 10130 14519 14708 11328 745 3230 7771 9920 4926 5020 1093 614 12589 3656 14420 4545 13416 7631 11209 11829 1098 3286 13908 5989 9243 5249 8588 8226 10260 2564 14121 1843 6577 977 8306 4010 12945 14373 10465 13681 2889 7144 1375 6601 9529 8787 3495 5940 8545 8385 7171 4888 5564 13003 11369 
253 378 256 371 262 512 390 512 512 117 1722 10474 12037 8499 13189 4459 2535 4738 7601 13004 12702 9751 14594 3741 8330 10522 13451 10039 7647 6302 3726 14468 6439 7003 1818 11150 8072 5421 3381 750 2092 3603 4292 10430 979 2257 13061 6840 13384 14008 1886 11393 7110 11607 1504 3591 4918 10250 4469 9692 2885 10368 9480 3422 10539 11084 10865 11955 4202 6632 9149 5116 8194 4370 6001 7963 10421 7283 2989 12179 3267 11037 5513 1577 8092 13486 14434 1921 14899 12556 2105 2393 9727 10164 10461 3070 9207 1995 1266 8940 14702 13426 1449 12674 11761 11930 3417 1694 396 0 4744 11459 2391 1811 4337 4793 2863 14325 8397 14964 11035 2291 1588 12039 3120 9953 10967 
254 378 390 254 262 512 512 379 512 117 8776 6180 8320 6588 7594 3053 627 3722 2684 13856 9740 2616 7544 12508 11108 12750 1320 12631 3500 13741 9458 10288 3733 9626 3080 4558 7014 1188 7297 13707 9739 2144 14102 1959 4017 3547 3423 4546 2759 11831 3751 5046 3913 4449 5560 4320 14457 9797 4672 13892 12837 2083 10764 9954 5353 148 7824 13888 3429 3411 9947 3592 13520 3233 1269 13364 5810 4908 1745 8116 13353 8251 1316 12459 13294 1400 1171 6610 7711 3904 904 6639 13778 8567 7189 9437 12784 4414 3940 6666 3667 14311 7555 3292 4800 11089 2829 12680 3585 2747 7175 1258 9678 9508 13500 7491 12573 8981 12067 35 4209 372 437 12670 3362 4725 14955 
255 378 390 379 262 512 512 512 512 118 13355 9574 6244 10044 1989 1556 10741 11740 2248 14722 8828 14123 6655 11434 11205 1535 9073 12434 3432 10737 3063 9572 9627 4989 8163 9433 3502 5005 13851 9227 390 4505 11275 11711 8501 9457 4227 8373 1006 4596 1526 8952 240 14088 10252 9351 11766 4804 14303 3669 9450 2121 440 2313 5152 11242 11849 5786 14480 10406 749 7543 4623 2822 2184 2988 4008 14790 9811 10499 348 5788 550 10045 6196 10035 12213 1751 373 12342 3962 3459 7618 9451 3073 11528 8941 1208 6989 3706 4857 810 805 7035 10599 11624 6880 2930 10705 3128 6792 5623 419 7815 13132 5101 8497 4951 406 10007 8300 770 9764 8950 10423 5015 3541 7825 
