512
512 0 0 17 35 11 2119 4765 2621 5095 5493 1800 4776 5479 5208 4860 2711 
513 17 0 30 35 12 2736 2996 4584 4390 1844 4319 3368 106 2880 1160 2499 1805 
514 0 35 12 69 11 5258 522 4854 1658 910 1985 4754 5051 4450 18 4992 
515 12 35 30 69 12 449 984 1797 4619 5951 4688 1614 1831 2372 3175 3717 2854 
516 30 0 42 29 11 1017 4925 2418 3178 3510 552 4439 1653 3302 4099 5937 
517 42 0 63 29 12 605 4650 5045 936 4893 2663 2878 5796 4588 3648 4958 5133 
518 30 29 47 69 12 3304 3023 4351 3170 3305 1394 2976 828 825 4867 4900 3754 
519 47 29 63 69 12 5043 730 3535 892 3169 5876 2330 5102 4308 5086 4721 3197 
520 0 69 7 98 11 2273 3761 3378 2466 947 454 2847 5678 1536 5541 3563 
521 7 69 34 98 12 5534 1786 4346 537 4784 363 4291 564 681 5976 1138 896 
522 0 98 11 129 12 3158 4922 3258 3750 3899 1936 3356 3966 5569 1281 656 4676 
523 11 98 34 129 12 3555 2186 5507 3764 637 3933 1712 5563 1968 3005 1924 4956 
524 34 69 43 101 11 4217 1367 610 2441 5240 4030 395 5830 4409 4055 4024 
525 43 69 63 101 12 5181 2329 3783 5614 1757 2645 854 1381 4295 332 5978 409 
526 34 101 48 129 12 3511 583 1681 2271 558 2116 5898 3087 744 4549 2873 4048 
527 48 101 63 129 12 58 838 5645 2667 2794 2823 911 47 4206 723 5172 1856 
528 63 0 71 29 11 1257 4615 5371 3166 3199 1337 3084 4846 4610 2848 5821 
529 71 0 94 29 12 4575 2533 2468 3576 2713 5917 5597 2211 1863 2141 5114 1235 
530 63 29 76 64 12 1951 4792 4671 199 1219 1243 1323 4971 1808 513 4684 4164 
531 76 29 94 64 12 1125 5289 2026 2020 685 3491 5770 4026 351 1326 1423 4669 
532 94 0 105 28 11 843 4544 3062 3045 161 2609 1666 2090 5483 2242 1802 
533 105 0 126 28 12 65 1494 73 822 1965 978 3724 3984 4570 5022 3713 4294 
534 94 28 112 64 12 5884 2287 4524 1352 3215 1495 4905 4608 4528 5096 788 5601 
535 112 28 126 64 12 3444 1819 447 2362 1994 412 3561 4632 245 2183 1847 1971 
536 63 64 80 89 11 3248 5455 3769 3961 3827 1041 4698 3771 3860 4263 2525 
537 80 64 91 89 12 1061 2567 512 2259 1755 481 1799 3755 5503 1716 2874 4312 
538 63 89 77 129 12 5901 5620 4948 4480 2498 2445 3014 2318 736 673 3182 2662 
539 77 89 91 129 12 4912 1346 4810 4223 237 3832 3071 4832 5210 766 2136 466 
540 91 64 109 98 11 2153 11 321 5497 817 2938 3490 24 4759 1782 2019 
541 109 64 126 98 12 1253 275 1256 5686 3191 618 3902 510 4018 1419 4729 1842 
542 91 98 107 129 12 1351 3232 2243 2853 4221 3252 2766 2267 2981 4158 3954 966 
543 107 98 126 129 12 1082 4959 4011 2987 133 3859 3573 1730 4704 3699 30 5189 
544 0 129 14 153 11 5369 5334 2838 1747 2698 4858 604 5478 3793 5024 2588 
545 14 129 37 153 12 641 1276 5611 3557 3870 2495 5855 1430 5236 4035 2795 5109 
546 0 153 21 186 11 3743 4458 5953 3245 5693 1242 5113 2958 4523 4188 1331 
547 21 153 37 186 12 863 341 4310 1004 2179 5698 4755 4040 2377 3099 92 2546 
548 37 129 58 158 11 3609 1551 3184 1884 5551 1879 2764 2487 2205 3114 3551 
549 58 129 62 158 12 3447 4538 3824 1250 1632 1465 3155 2697 3879 2651 508 5997 
550 37 158 48 186 12 2396 4766 5760 3850 1167 1810 4933 3310 1534 1665 288 1100 
551 48 158 62 186 12 4822 1703 4070 534 4317 912 3183 1664 995 1205 498 631 
552 0 186 7 217 11 4590 3100 2122 751 4095 2718 4981 1590 3807 3345 5765 
553 7 186 31 217 12 2813 5382 719 4851 3477 849 3177 5807 5062 2708 2474 2769 
554 0 217 17 249 12 3513 907 2127 492 5617 4465 3596 2038 2106 5511 3249 2715 
555 17 217 31 249 12 5925 5409 5736 3718 3049 80 2891 4996 4178 926 4642 2484 
556 31 186 44 214 11 4088 3435 704 463 3200 5329 26 2169 5581 4595 1554 
557 44 186 62 214 12 4620 5486 840 3559 4360 5411 413 4384 1487 5435 5857 2897 
558 31 214 46 249 12 2978 4163 5286 3076 2389 4618 731 1422 4787 2112 220 3328 
559 46 214 62 249 12 1738 2926 1721 5704 3697 5340 5377 5633 1140 3855 4631 3926 
560 62 129 73 163 11 5657 2074 5001 4840 5480 5916 4091 4036 5108 1910 1124 
561 73 129 93 163 12 119 4307 792 2030 71 3662 2636 5604 1987 988 1775 3371 
562 62 163 78 189 12 2703 3242 5251 860 3740 2353 5985 1568 3297 2676 4281 2146 
563 78 163 93 189 12 5911 3521 5899 312 1238 4941 2700 5731 2176 2671 1806 1434 
564 93 129 107 156 11 2630 3086 5465 1234 1883 1596 1660 555 4952 3597 2892 
565 107 129 126 156 12 2797 651 3029 608 4302 1416 3536 4034 4267 4165 5787 4284 
566 93 156 111 189 12 4169 5318 663 2192 857 1055 542 5155 5853 5123 2056 702 
567 111 156 126 189 12 2510 1397 2728 1748 4533 3747 5048 1134 1204 4606 3489 4328 
568 62 189 76 216 11 3167 934 2460 62 4039 2619 5444 4262 1540 270 4241 
569 76 189 89 216 12 5838 5590 967 5448 2778 571 5952 4318 2229 3668 1322 609 
570 62 216 76 249 12 3202 951 287 4740 5138 4634 1979 1861 1164 3986 4788 3067 
571 76 216 89 249 12 5262 5068 1940 5337 3881 5681 914 1984 5107 1031 404 2951 
572 89 189 110 216 11 1641 674 3965 169 5652 444 1982 679 3383 1935 2956 
573 110 189 126 216 12 4430 5903 778 5500 3690 3041 3945 2244 2125 3339 249 3194 
574 89 216 110 249 12 1857 4404 5373 2032 4611 1941 1512 1401 3790 3659 1766 1026 
575 110 216 126 249 12 4574 509 4621 2002 2558 883 21 3093 4633 1932 1916 5007 
576 126 0 139 25 11 2069 4564 5556 3261 4235 1727 647 2057 5190 2143 1414 
577 139 0 150 25 12 3047 3102 547 5331 4372 4880 2165 5311 2031 25 2194 3464 
578 126 25 142 57 11 2709 3052 2172 1553 2710 5582 5766 160 1110 4656 2333 
579 142 25 150 57 12 1318 129 682 1054 3674 1928 4955 1801 2149 302 5742 765 
580 150 0 167 27 11 4309 5921 4109 1448 1312 5330 2303 3852 1869 2982 830 
581 167 0 189 27 12 4768 1147 4534 3373 4916 2096 298 4737 693 821 1248 4910 
582 150 27 173 57 12 3562 3270 5646 2777 5130 1477 3061 2281 4283 5139 388 2931 
583 173 27 189 57 12 55 2437 1222 1420 4563 2729 5098 1904 1067 2317 5281 166 
584 126 57 146 82 11 3944 2925 1739 4179 1081 499 465 799 2590 5227 2536 
585 146 57 156 82 12 2950 5268 3968 5489 4014 814 2600 1909 2741 4782 4894 4371 
586 126 82 141 124 12 5734 2799 1490 5496 2246 2869 3107 5090 5835 1654 729 5059 
587 141 82 156 124 12 2595 890 3978 5550 2727 4790 5890 5809 2150 5231 4969 3426 
588 156 57 168 94 11 362 5935 292 3728 2254 3583 1480 1613 198 4560 4767 
589 168 57 189 94 12 5384 4616 2359 4506 5596 1975 3834 3877 5061 5559 3341 358 
590 156 94 169 124 12 688 5427 2305 2969 2337 5865 1228 3638 5756 491 1791 4242 
591 169 94 189 124 12 5722 1657 4115 4482 5610 3894 1089 3212 1907 5949 1457 264 
592 189 0 201 25 11 785 950 3854 5213 577 2511 4943 5193 2455 5206 654 
593 201 0 219 25 12 1915 1268 4437 1609 2803 1682 408 3684 4736 4772 3001 5474 
594 189 25 201 61 12 2646 2837 683 2919 772 2216 4087 1740 2175 4427 5979 3732 
595 201 25 219 61 12 4743 4204 5512 2068 204 1956 721 1287 1601 3608 4947 798 
596 219 0 242 34 11 5754 3991 3442 4828 864 2331 2772 431 2502 2544 5119 
597 242 0 257 34 12 2801 4381 726 2722 2806 2025 1600 5235 127 1558 5751 895 
598 219 34 233 61 12 427 2251 4962 1001 541 1209 1969 787 3145 115 3165 5333 
599 233 34 257 61 12 5010 1834 5520 4220 472 859 5308 4967 1047 1912 53 5516 
600 189 61 204 86 11 3364 4352 2235 1803 2876 1431 2995 235 3271 2364 5579 
601 204 61 226 86 12 2166 1231 1095 3320 1108 794 3976 1440 309 277 4572 4997 
602 189 86 209 124 12 5128 3698 3060 3719 872 1456 4999 697 3843 5025 3779 3545 
603 209 86 226 124 12 3024 1592 4168 4205 3186 360 3846 4392 3441 5785 2292 2152 
604 226 61 239 92 11 439 2278 4934 3344 3746 3901 5780 1218 2861 5410 1798 
605 239 61 257 92 12 4004 5752 5654 9 1926 3059 3436 1733 2680 5553 4301 2625 
606 226 92 238 124 12 2610 2209 3663 1618 2436 3602 94 826 5837 1023 938 1295 
607 238 92 257 124 12 174 3306 3179 4432 4321 774 1341 3365 5182 4216 748 1974 
608 126 124 138 147 11 5006 182 4629 2875 5469 1129 2204 897 3299 5932 424 
609 138 124 158 147 12 600 4433 2566 2347 5019 478 5982 2622 592 646 3810 1760 
610 126 147 140 179 11 5618 2998 387 853 1484 1357 3819 2750 2955 3818 3291 
611 140 147 158 179 12 4778 3725 462 2844 993 2234 2145 922 2805 827 4866 4680 
612 158 124 166 153 11 1670 4403 1796 3876 644 3856 4476 5168 1550 1693 475 
613 166 124 188 153 12 4060 322 303 5415 3858 2290 5332 4 5310 4074 3729 1891 
614 158 153 175 179 12 2376 4474 4118 3595 442 3650 5970 5338 786 84 923 619 
615 175 153 188 179 12 2802 4961 632 1226 5357 2524 3653 1952 5544 3614 5537 1012 
616 126 179 145 212 11 436 1580 1455 5174 5252 5575 468 3140 3632 1462 5882 
617 145 179 155 212 12 3395 4353 102 323 1172 776 4347 1518 3361 5799 5851 4460 
618 126 212 136 249 12 1117 4331 3203 5549 5305 1507 638 1254 1404 917 4993 4557 
619 136 212 155 249 12 4732 5543 2262 4863 5485 3624 252 3188 3153 2921 5079 578 
620 155 179 173 211 11 37 4601 4501 4644 2843 2508 2022 3239 4191 3693 3964 
621 173 179 188 211 12 2099 1399 1161 3455 623 846 5446 2980 5639 2124 2768 2942 
622 155 211 170 249 12 3821 1241 4451 2102 725 3989 4719 615 4571 5957 5391 4687 
623 170 211 188 249 12 4920 113 1788 1139 4438 4410 4942 209 1020 4057 758 1032 
624 188 124 201 164 11 4780 1444 960 4477 1582 241 3917 452 705 4226 5801 
625 201 124 223 164 12 2963 3766 5913 5723 1690 280 999 4096 2196 1048 1155 4077 
626 188 164 202 191 12 1297 5568 1710 2932 3842 4559 5224 5858 1545 2860 2094 5615 
627 202 164 223 191 12 3311 3677 3816 3569 3620 791 3143 2449 5775 4066 4865 141 
628 223 124 236 158 11 2807 1152 3127 1626 664 5864 4852 4973 4471 5016 3787 
629 236 124 257 158 12 5304 3739 16 1063 3581 3051 5538 114 4872 1373 4911 2679 
630 223 158 235 191 12 4108 3072 1463 1515 5675 5692 1640 5052 4300 3714 2986 4355 
631 235 158 257 191 12 175 3176 4741 3935 1945 3342 2453 2790 4076 5335 2245 5134 
632 188 191 200 216 11 1319 1918 1621 2080 3565 1685 441 5955 4219 640 4748 
633 200 191 220 216 12 3517 1713 2754 4238 2618 2624 2231 1695 4702 5920 3833 4250 
634 188 216 205 249 12 1765 3008 845 2657 718 3066 2006 4058 3914 4254 2929 1648 
635 205 216 220 249 12 1019 958 1832 1823 5674 5067 1263 2593 4510 4946 5106 3401 
636 220 191 237 218 11 4357 5027 162 1587 3469 443 2444 2717 417 1644 5998 
637 237 191 257 218 12 3556 2473 1446 2221 4020 5607 5732 3389 4023 2804 4881 2758 
638 220 218 230 249 12 5660 595 178 1099 5313 2691 1615 3982 3878 1789 4686 2575 
639 230 218 257 249 12 1386 2585 5924 1454 5031 3799 2896 4297 4456 1850 3439 4567 
640 0 249 17 279 11 837 677 1115 5383 2132 1564 4485 5118 3825 5783 5441 
641 17 249 32 279 12 4678 1736 1360 1123 716 2114 3218 2306 696 5748 5529 533 
642 0 279 12 319 11 753 375 267 2293 5470 1925 1631 1212 908 5126 85 
643 12 279 32 319 12 5727 875 3384 4875 1696 2693 5219 5624 1742 3274 2088 3512 
644 32 249 46 280 11 5846 4757 4517 1761 5868 5975 3192 1224 1830 2652 4286 
645 46 249 61 280 12 3144 700 3506 1750 3610 1044 1162 1839 4807 4341 5207 3817 
646 32 280 45 319 12 2040 2483 1370 349 2785 100 3497 3244 3630 3276 486 3450 
647 45 280 61 319 12 4270 1825 945 3558 569 1684 4279 3836 1754 2732 4516 3689 
648 0 319 13 342 11 3010 1829 3627 1028 1858 340 2093 1741 662 5885 2917 
649 13 319 31 342 12 3503 4061 955 51 5390 5892 3213 3034 5072 3484 4979 5973 
650 0 342 13 379 12 3812 1145 4902 3154 1655 793 179 2066 768 2071 5816 259 
651 13 342 31 379 12 3348 3773 4818 3057 5822 1084 4640 2412 3949 972 1645 4714 
652 31 319 40 341 11 4963 1271 2367 4664 4607 4582 3474 2512 5241 1500 2210 
653 40 319 61 341 12 5295 2635 3649 4521 4119 157 1252 714 4539 2018 227 611 
654 31 341 46 379 12 3319 4278 4466 871 4605 5749 1901 886 1826 4431 2538 3678 
655 46 341 61 379 12 4707 5539 1313 403 5594 529 4098 5069 903 3633 5695 4366 
656 61 249 78 281 11 3082 5032 4079 4995 2284 3130 1105 4198 4553 3285 5943 
657 78 249 93 281 12 4509 5504 2213 2756 293 2374 2360 5267 773 3096 546 2311 
658 61 281 77 325 12 574 2467 1864 4472 502 5472 4712 2381 841 2181 2742 5375 
659 77 281 93 325 12 4781 1016 4531 2215 4265 5968 5195 5954 4491 2979 1460 5442 
660 93 249 114 286 11 636 5640 4468 2384 1180 2792 4990 5862 2900 538 3461 
661 114 249 126 286 12 996 3412 5963 1030 1294 4176 2047 142 145 3421 1783 2960 
662 93 286 105 325 12 4103 4930 1669 5717 543 187 1040 4602 4406 3795 1561 4795 
663 105 286 126 325 12 4358 5915 2654 4159 5060 4703 1175 357 517 4862 4625 3896 
664 61 325 71 352 11 2841 5753 801 4255 5078 1255 2048 3351 4190 4830 329 
665 71 325 86 352 12 2724 4919 4144 2342 1435 5545 4387 5771 238 3366 2664 4683 
666 61 352 74 379 12 2310 956 1576 4170 138 3284 4073 738 3471 4110 328 3075 
667 74 352 86 379 12 5467 4764 4897 170 505 5243 3808 5417 5599 90 70 3077 
668 86 325 113 348 11 158 2992 5874 5431 1671 5074 3427 1468 1840 3390 5964 
669 113 325 126 348 12 1634 4230 3639 706 635 2187 3775 3737 3480 4195 4779 4917 
670 86 348 108 379 12 4086 1970 2320 4313 3021 2283 5385 1447 418 3851 294 5502 
671 108 348 126 379 12 866 285 2407 151 5531 2665 5840 963 3893 3135 4093 3004 
672 0 379 19 412 11 3695 17 3941 5296 3237 2463 5750 261 3767 3318 1389 
673 19 379 29 412 12 2361 2134 1071 3863 880 1679 2954 556 3089 1686 3189 4182 
674 0 412 11 440 11 2539 634 5697 5080 943 4591 1573 1642 5437 1708 5094 
675 11 412 29 440 12 2344 5003 2055 2423 5548 3032 4593 4826 5342 471 203 1174 
676 29 379 43 399 11 5696 518 196 27 5609 4102 1114 782 5105 1372 3673 
677 43 379 62 399 12 3734 4717 653 3727 3957 1756 2430 3660 3037 4172 146 3952 
678 29 399 46 440 12 1051 1683 1284 2608 2023 1753 5404 3801 2266 891 915 108 
679 46 399 62 440 12 5394 2852 1624 430 1769 3288 2796 2059 4484 1412 3172 4208 
680 0 440 14 468 11 1083 257 760 4418 3515 3900 5627 3703 1579 5121 4327 
681 14 440 31 468 12 2301 2388 1432 1973 5763 4422 928 1207 1064 4493 4907 3290 
682 0 468 15 512 12 5245 1957 3977 3134 515 4940 1103 2458 3462 4359 781 319 
683 15 468 31 512 12 5622 3658 3533 1725 3470 3109 5971 4950 5832 1185 3048 5718 
684 31 440 48 473 11 3998 1749 2261 2898 4345 3000 2486 2126 3430 5936 4025 
685 48 440 62 473 12 3479 2140 3969 741 5103 5773 4306 4825 4550 4924 982 1000 
686 31 473 44 512 12 4325 299 5277 5284 3016 5629 1165 5464 5237 4487 4638 1491 
687 44 473 62 512 12 3438 3919 5347 4200 1729 1113 2491 3125 1499 3325 4397 5255 
688 62 379 75 415 11 3657 2735 2582 3124 5319 4126 2060 5794 5366 998 1539 
689 75 379 91 415 12 4222 4708 276 4928 3748 3398 5418 3635 1262 3343 5966 2656 
690 62 415 81 447 12 2123 2489 3848 3003 2282 5721 3136 1785 325 1183 1542 295 
691 81 415 91 447 12 4666 5124 3247 5969 3589 1314 4156 5875 879 1862 1527 1571 
692 91 379 110 408 11 3774 3350 4636 4985 1549 344 493 5869 5713 4016 670 
693 110 379 126 408 12 2294 3844 1954 1619 580 1888 4037 5081 3123 4083 3458 3336 
694 91 408 111 447 12 4887 1330 60 2350 3180 2062 2694 5322 3526 4386 4043 2285 
695 111 408 126 447 12 482 867 4797 4324 1178 5714 1471 4823 952 5339 5362 1560 
696 62 447 78 478 11 1700 1993 3670 4007 5290 494 3642 2157 3937 1283 1421 
697 78 447 98 478 12 2690 52 775 12 3098 5298 5684 205 3326 217 1467 4338 
698 62 478 79 512 12 2649 1259 4272 5450 2089 4883 213 4234 5848 216 271 3332 
699 79 478 98 512 12 777 290 5070 4475 5572 4056 5972 2309 2786 2644 5632 1517 
700 98 447 111 472 11 3369 5196 4479 703 4336 4213 2354 3891 4350 701 105 
701 111 447 126 472 12 72 4647 2203 5834 1525 5509 3272 1636 3702 2808 63 3560 
702 98 472 109 512 12 5264 554 796 1898 698 3671 3074 3951 165 802 5841 1773 
703 109 472 126 512 12 383 4668 4399 3386 4937 2438 3939 4323 3375 3873 4756 983 
704 126 249 136 285 11 4376 1784 709 2527 5487 2812 5154 4105 1045 5392 1813 
705 136 249 149 285 12 2543 2425 1039 4299 4834 5671 1080 2178 905 5447 873 803 
706 126 285 133 318 11 2723 5317 4239 1717 3012 3009 3889 2033 5324 1232 3579 
707 133 285 149 318 12 3736 1011 5764 4504 2085 46 2530 2428 4127 3625 5759 757 
708 149 249 165 285 11 5359 223 5813 584 315 5981 1186 3226 5580 1734 4197 
709 165 249 186 285 12 5528 5433 2965 265 2341 243 2220 448 414 4691 2274 1223 
710 149 285 168 318 12 780 655 622 3912 5093 4529 3907 2916 333 445 1182 4201 
711 168 285 186 318 12 2322 4044 4747 4699 4388 4243 3205 2552 2003 3333 1398 4713 
712 126 318 134 343 11 3187 2577 5428 5983 3017 1780 3214 1851 1565 1304 5263 
713 134 318 154 343 12 3544 1544 2826 2746 2617 1293 1220 4125 3928 5784 1474 2193 
714 126 343 144 376 12 5619 2042 74 5878 1458 421 1196 3478 320 1037 5211 3472 
715 144 343 154 376 12 724 4214 4816 5066 4565 4609 1437 3621 1068 4157 2162 2414 
716 154 318 167 342 11 3568 4000 4421 920 1699 1126 4659 5256 4799 4751 4045 
717 167 318 186 342 12 3796 2828 1822 767 3867 42 5587 4829 5967 2375 3996 2410 
718 154 342 172 376 12 474 4904 2550 1338 4889 4019 1986 1347 5142 3675 3078 3942 
719 172 342 186 376 12 434 5852 4592 1880 740 5993 4837 2253 3433 5378 5477 2286 
720 186 249 203 302 11 5778 1278 5647 3574 2597 1131 3015 4542 5314 5432 3738 
721 203 249 223 302 12 4612 5452 5129 3132 3088 4225 1603 2820 191 4104 2115 660 
722 186 302 208 324 12 2043 2507 1340 1052 3322 2554 3872 5292 2959 3391 3090 2488 
723 208 302 223 324 12 4273 2131 4600 1249 603 4587 4649 2984 5700 96 2666 2177 
724 223 249 238 285 11 1963 5049 4012 3056 1559 937 5125 118 2399 5039 4304 
725 238 249 257 285 12 286 797 1947 3599 829 2202 139 2366 4085 2200 2763 1824 
726 223 285 243 324 12 4152 5691 5724 4974 560 3723 2638 5376 5894 4603 425 1214 
727 243 285 257 324 12 4839 2514 3509 516 1395 3321 3296 3641 2918 1607 5808 1728 
728 186 324 199 347 11 5738 2171 3498 806 5063 1150 5220 2276 2975 5 5320 
729 199 324 222 347 12 596 5552 4847 1270 5934 5047 150 2223 4391 2940 4497 5699 
730 186 347 199 376 12 2228 561 3266 56 4268 5861 3744 1958 2275 4746 4002 906 
731 199 347 222 376 12 4665 4111 2001 2775 4960 4835 544 4260 4514 3465 2049 28 
732 222 324 233 343 11 3217 2605 5880 2568 4983 4499 2740 2612 2997 5820 4031 
733 233 324 257 343 12 2390 5445 1260 3126 3712 5557 3396 4646 2939 3400 991 1605 
734 222 343 240 376 12 5893 5456 149 335 399 3995 334 691 1328 566 2034 3548 
735 240 343 257 376 12 4796 2207 4541 1698 2633 32 800 1159 5608 1362 244 3201 
736 126 376 136 402 11 3323 5457 2067 3148 3887 2190 5416 36 850 2013 121 
737 136 376 153 402 12 5769 1978 809 2378 2999 1198 1705 1267 3485 5525 5829 3971 
738 126 402 145 436 11 1846 5222 5491 3020 337 4232 4786 5945 5535 206 3546 
739 145 402 153 436 12 3985 2451 1176 4806 599 1625 3549 3892 202 1933 4015 5042 
740 153 376 173 401 11 3897 2373 3922 1732 2526 4478 497 4112 5425 5737 815 
741 173 376 183 401 12 531 5811 5823 4643 5269 3385 2459 1714 222 128 1485 2316 
742 153 401 170 436 12 2037 5711 5440 3482 3542 5720 1937 2626 116 1280 2368 1013 
743 170 401 183 436 12 5938 4247 4573 5097 2830 5642 2225 1942 464 5941 3956 3604 
744 126 436 142 470 11 2269 5348 1505 4072 1871 4363 4005 2752 594 2104 2800 
745 142 436 153 470 12 477 1301 3379 5679 1774 3234 4237 2464 1033 887 215 2678 
746 126 470 136 512 12 4154 3946 2641 699 2719 924 236 1181 5309 1132 1133 2401 
747 136 470 153 512 12 5928 2542 5011 877 1199 4365 1245 811 1496 4821 342 4811 
748 153 436 171 465 11 3181 2355 2911 5368 2521 5908 2324 2706 1135 1442 2357 
749 171 436 183 465 12 3776 99 5492 5395 974 4583 3042 15 5791 3800 369 1599 
750 153 465 167 512 12 3508 1610 181 2061 5423 2765 2884 5891 2734 4378 5288 4369 
751 167 465 183 512 12 3185 5510 3451 316 394 86 2398 4240 5300 4673 4067 5517 
752 183 376 200 412 11 5316 4530 5407 4064 5234 4463 3572 3434 2615 2174 3781 
753 200 376 220 412 12 4733 34 5605 3932 5522 545 3026 3594 311 5826 581 5055 
754 183 412 203 444 12 5578 1377 5897 5655 2386 1562 5033 4789 2607 5393 4637 2147 
755 203 412 220 444 12 4065 3504 1726 4251 4013 585 5242 5527 1227 4383 1072 422 
756 220 376 235 412 11 5514 3397 3885 2358 1546 4965 2212 3256 5650 228 3539 
757 235 376 257 412 12 5757 1486 4289 3340 2573 5247 4552 5630 573 230 5777 2142 
758 220 412 238 444 12 2429 2810 2404 3407 1557 4968 1929 2771 2591 1809 4556 2493 
759 238 412 257 444 12 1776 2505 1022 711 2004 1853 1575 1983 2682 808 1606 4143 
760 183 444 198 477 11 266 2584 5008 470 4508 3838 3716 1930 1470 5658 2571 
761 198 444 220 477 12 2933 3278 1955 5798 2226 192 2513 5703 3831 1711 3410 3359 
762 183 477 200 512 12 4446 5905 2109 5178 4287 4343 5729 1633 1906 3759 4173 4750 
763 200 477 220 512 12 602 2052 4653 2572 2819 5351 3255 3972 3762 420 5099 2773 
764 220 444 238 478 11 5694 3473 5519 2017 4461 2201 1635 5361 4774 5084 4408 
765 238 444 257 478 12 3906 2814 715 3629 633 2704 5387 2279 3263 5186 2670 4626 
766 220 478 242 512 12 944 1938 256 5023 1104 2232 5164 2180 4233 5944 5484 5261 
767 242 478 257 512 12 3119 831 2967 3993 1524 1746 3007 2501 4614 1149 3352 1130 
768 257 0 273 35 11 5217 370 1902 2923 4097 3742 5888 2154 645 2831 5266 
769 273 0 284 35 12 3788 2456 5002 5230 5847 1837 4667 1833 5547 4543 4978 5453 
770 257 35 273 62 11 143 1127 2594 4815 959 5818 4850 1676 5591 5843 4568 
771 273 35 284 62 12 1815 1627 2395 4212 3613 5793 1406 3259 2387 2082 586 2798 
772 284 0 299 29 11 2913 1236 3083 526 2338 5216 1529 5628 132 3757 1050 
773 299 0 321 29 12 5879 5419 2064 881 2596 2946 4333 5725 504 1385 88 2943 
774 284 29 297 62 12 5100 3643 5961 144 5244 5887 229 5014 2948 4613 4641 1523 
775 297 29 321 62 12 224 4682 1438 3654 3468 378 2011 2870 5546 4138 4106 5162 
776 257 62 267 90 11 5950 2053 851 2198 1179 4189 2382 168 5013 3164 4084 
777 267 62 291 90 12 3584 4113 2346 1378 3782 1881 4927 5895 1158 3688 3841 69 
778 257 90 269 128 12 2924 5942 587 8 4246 779 901 185 576 4966 1758 783 
779 269 90 291 128 12 1718 527 601 460 2973 3908 3227 91 970 1439 4551 1628 
780 291 62 308 98 11 5285 5562 5451 1835 5336 5438 1336 3246 616 2548 5223 
781 308 62 321 98 12 1759 5430 3409 628 306 343 1998 839 5386 4899 392 2520 
782 291 98 308 128 12 5530 1091 4457 400 4954 3494 5065 4447 939 4483 359 4762 
783 308 98 321 128 12 4763 5922 3580 6 2065 1109 218 5923 2420 5554 5171 1203 
784 321 0 336 28 11 5643 2050 5574 4494 2195 3777 3835 2553 2907 4728 4931 
785 336 0 355 28 12 4690 747 2702 3324 2910 201 461 455 4831 1035 2835 5634 
786 321 28 337 69 12 4877 4428 2168 528 2097 1364 2669 1396 4519 1996 2230 2809 
787 337 28 355 69 12 2027 4547 4526 2776 4527 2985 667 4512 4315 2504 3745 1425 
788 355 0 364 30 11 384 5250 562 1828 2173 1513 4745 694 200 2856 2443 
789 364 0 379 30 12 3882 4042 5149 2408 2272 5566 3033 2726 5715 565 4068 2182 
790 355 30 365 69 12 1934 87 1141 3488 3869 2481 2793 1296 4878 1764 5819 4500 
791 365 30 379 69 12 5814 992 4379 188 2155 5677 5762 4848 5323 5494 4330 3030 
792 321 69 333 90 11 2660 4898 2000 3043 5358 2137 3414 3505 1511 2628 29 
793 333 69 353 90 12 2687 994 3979 4032 326 5073 1612 2516 3789 2695 1889 3923 
794 321 90 338 128 12 1530 4171 2084 2570 3905 1190 234 1 3587 4802 410 7 
795 338 90 353 128 12 3756 5041 314 3815 1009 1014 2485 5380 2113 665 233 2465 
796 353 69 368 96 11 5959 1537 4909 1816 5613 932 361 3524 2964 40 3425 
797 368 69 379 96 12 4949 2054 109 2312 3236 3983 2218 5466 2356 5228 1768 2846 
798 353 96 362 128 12 4374 2589 2469 2072 1315 1946 5372 3463 5927 5659 524 3449 
799 362 96 379 128 12 2606 4257 500 3875 666 942 5238 2749 5741 4215 5229 3758 
800 257 128 270 158 11 5960 2161 1890 3637 948 2560 66 3617 2008 3308 194 
801 270 128 288 158 12 4801 5795 722 5169 4982 3974 480 1541 551 5965 3452 4339 
802 257 158 272 192 11 4380 5850 2250 1895 4844 5397 4395 496 597 1595 3150 
803 272 158 288 192 12 2219 3753 4248 248 1202 4525 5202 1704 2893 1966 852 1701 
804 288 128 300 166 11 4734 5682 1931 3955 5131 2855 195 4175 135 1350 2971 
805 300 128 318 166 12 4022 5672 2547 4003 1348 2442 5153 5083 239 44 432 4710 
806 288 166 303 192 12 3861 5388 1637 5931 5896 278 2905 3915 4617 5481 3651 5184 
807 303 166 318 192 12 4705 3095 3770 2529 3420 2968 5282 1097 487 708 3704 985 
808 257 192 271 223 11 1638 1060 1286 5806 338 4080 4808 921 279 3370 1461 
809 271 192 288 223 12 3590 5012 4777 3335 2578 913 884 2222 2872 5761 3768 4589 
810 257 223 272 254 12 1233 164 1520 5459 925 540 1478 2422 3647 2928 1827 625 
811 272 223 288 254 12 2692 5585 1379 927 1374 1327 535 1272 416 2348 1913 5625 
812 288 192 298 233 11 1920 5636 893 3219 3044 107 824 1528 5524 3402 4561 
813 298 192 318 233 12 5515 5910 3293 5800 377 297 728 2397 536 4411 4994 1195 
814 288 233 306 254 12 5076 2753 3857 3538 5396 4498 4038 1943 4236 3022 5824 1752 
815 306 233 318 254 12 5649 5187 1795 20 1578 2699 4726 4742 3586 5163 5690 5709 
816 318 128 328 161 11 5886 3106 4814 1852 4462 847 1343 3146 3997 473 3315 
817 328 128 350 161 12 4448 3330 1417 1939 4146 2214 1514 1876 4344 4162 4174 2833 
818 318 161 335 190 12 1905 5422 1112 5673 1305 5188 3874 2128 4869 3138 4886 2447 
819 335 161 350 190 12 5873 1821 4842 4654 1403 4594 3804 2476 2903 367 5214 1445 
820 350 128 368 165 11 3069 5145 1617 865 4470 4945 2789 1611 5900 5405 4100 
821 368 128 379 165 12 507 4957 5676 2095 4879 1887 5381 686 2369 4160 3910 5436 
822 350 165 366 190 12 3730 3987 5719 1489 1392 3394 2677 589 1077 3289 3380 1620 
823 366 165 379 190 12 2472 4513 4896 2321 1896 2659 3161 1143 2332 5621 1329 964 
824 318 190 332 228 11 2549 2371 5175 989 1585 1151 3920 4124 3820 5987 345 
825 332 190 348 228 12 1229 5112 3694 2446 3715 4597 1345 3967 2479 4052 4150 652 
826 318 228 332 254 12 1200 3399 2365 2817 2767 5476 4709 591 2922 1481 97 5136 
827 332 228 348 254 12 3064 2840 2394 607 3162 2639 4903 304 2647 2433 759 1772 
828 348 190 360 216 11 1689 3280 539 5542 5996 5863 3415 2882 1903 4537 4006 
829 360 190 379 216 12 2945 5744 101 5017 1298 818 3778 981 4329 4354 918 1608 
830 348 216 367 254 12 2148 5746 5352 43 5370 4420 5018 5990 5962 5091 2614 1036 
831 367 216 379 254 12 2302 3813 3532 3792 2751 3853 620 4266 2675 2780 5056 3151 
832 379 0 391 35 11 3916 2993 3457 305 1897 5521 1137 3980 4180 232 3499 
833 391 0 406 35 12 613 2592 186 1413 2842 5201 3216 501 4314 5301 1707 2323 
834 379 35 389 68 11 366 3338 5054 2631 2565 1096 2024 1393 76 5558 3666 
835 389 35 406 68 12 2007 752 1672 2130 2079 2263 4131 5449 458 909 3994 3531 
836 406 0 420 23 11 4972 836 4890 1366 2648 4078 3031 1088 2434 5688 251 
837 420 0 440 23 12 5735 5197 557 3692 5218 1201 282 3353 274 2990 386 4429 
838 406 23 422 68 12 190 789 4275 3295 5200 2016 4049 4675 4361 4148 4657 929 
839 422 23 440 68 12 735 754 4114 1043 2063 899 3811 657 4349 1735 2345 4122 
840 379 68 394 105 11 2620 5279 1170 1953 4139 1354 5914 226 5379 1433 5501 
841 394 68 410 105 12 5040 4051 4923 4196 5991 3028 2151 385 1106 3634 3466 795 
842 379 105 388 135 12 4393 2477 3501 5670 4771 2725 1034 2839 1087 4288 4859 2424 
843 388 105 410 135 12 4326 2270 1359 4400 4490 3221 5533 4368 1503 3250 5307 878 
844 410 68 423 95 11 2046 250 3507 5988 588 398 4116 1206 2974 1264 4794 
845 423 68 440 95 12 874 210 3711 2862 253 4142 1193 511 2881 49 1771 5986 
846 410 95 423 135 12 1299 3392 3849 5374 1216 1156 4518 435 4027 3644 4701 4976 
847 423 95 440 135 12 1493 969 5315 4658 2163 5653 3006 156 3640 3312 1282 4207 
848 440 0 451 25 11 4089 3131 4503 4773 3606 2450 4140 93 307 1237 4473 
849 451 0 474 25 12 3522 1368 1652 3794 1688 4540 1154 1872 5191 4689 1101 3705 
850 440 25 452 60 12 4009 268 1923 727 2308 3564 3139 356 3327 1691 3700 246 
851 452 25 474 60 12 661 521 5743 5260 949 4001 523 2623 3013 1639 3784 2851 
852 474 0 492 24 11 1409 428 5345 986 3404 567 2336 4396 22 1427 140 
853 492 0 512 24 12 5064 283 833 1475 1767 5870 3159 5122 5946 54 1793 4389 
854 474 24 493 60 12 5089 4256 1428 5536 1450 5399 2845 1581 2983 451 450 695 
855 493 24 512 60 12 2655 1662 59 2475 5792 2236 3065 1153 743 3437 5567 4758 
856 440 60 456 87 11 5603 1964 1709 1090 820 3204 1790 3346 5198 2403 5523 
857 456 60 478 87 12 4648 4130 940 2936 761 1302 2611 1239 2135 429 3570 4253 
858 440 87 459 135 12 5209 2280 3238 260 3467 1991 3530 5612 5274 2021 4569 5488 
859 459 87 478 135 12 5912 125 3492 659 1107 391 5160 5365 563 1807 111 5797 
860 478 60 489 101 11 4441 346 4394 3331 3628 300 173 4724 1770 1678 3091 
861 489 60 512 101 12 1859 4440 671 1882 1065 382 1024 4481 3612 1059 5257 4522 
862 478 101 491 135 12 3601 1873 4322 2471 1838 3382 5907 2189 5687 3147 4697 2604 
863 491 101 512 135 12 4882 10 2237 57 407 2832 5360 1602 1697 331 3884 717 
864 379 135 394 172 11 5028 152 4184 2714 4953 4264 5710 3934 1317 3823 171 
865 394 135 416 172 12 33 5143 1538 3018 4824 3475 45 212 2864 2791 1492 5468 
866 379 172 391 202 11 4133 2581 2858 330 2431 2440 612 2755 272 2745 1779 
867 391 172 416 202 12 3791 4181 4876 3611 4586 5212 5354 1453 1429 4700 5221 575 
868 416 135 430 176 11 1018 3797 4277 2681 4185 411 50 81 5641 4694 1424 
869 430 135 446 176 12 2117 3752 3520 2770 4622 4348 1659 2503 678 5906 3376 1300 
870 416 176 430 202 12 423 5401 734 1977 5919 1990 4282 284 4486 5909 3566 4423 
871 430 176 446 202 12 5044 1999 1339 1598 1246 4987 5157 962 898 5668 4271 4914 
872 379 202 390 229 11 1719 3540 2744 3523 2716 4285 1651 3645 3079 2091 5856 
873 390 202 413 229 12 389 900 5115 1584 3571 1516 1358 2865 4652 324 3428 308 
874 379 229 393 254 12 3958 3265 2118 2078 4203 1066 4244 832 211 3235 4660 3118 
875 393 229 413 254 12 4706 5984 2774 5127 4868 3349 122 1261 4382 1240 4805 1650 
876 413 202 428 224 11 2111 3036 5730 3133 3578 3228 2574 1042 862 3440 3329 
877 428 202 446 224 12 1027 3552 5151 3929 3405 5683 1583 582 2953 4123 4604 4041 
878 413 224 426 254 12 3577 1324 2256 2966 3419 3550 83 1184 5789 1210 2650 3117 
879 426 224 446 254 12 4305 2 104 5871 4892 4415 2598 5226 4495 2901 1335 3273 
880 446 135 464 164 11 5833 4977 2788 3886 3676 4585 1002 4367 5602 2426 4739 
881 464 135 477 164 12 4340 2470 5180 4293 3207 2688 763 3156 263 4661 4298 78 
882 446 164 463 198 12 835 2101 953 1720 2492 5150 3424 812 5253 137 882 5283 
883 463 164 477 198 12 381 5302 2909 1118 5403 4464 2036 1563 5254 5088 5768 3680 
884 477 135 495 158 11 987 1225 4935 77 2249 4730 1692 5161 3760 3116 2288 
885 495 135 512 158 12 5053 3681 3780 3683 3019 3527 4775 1053 3623 1948 3115 5443 
886 477 158 490 198 12 3316 2238 2129 1251 4385 1289 3121 503 5926 3988 2240 5132 
887 490 158 512 198 12 193 2941 5576 4356 1472 5689 3731 3209 1007 3802 5408 1981 
888 446 198 458 233 11 1274 1976 2994 5958 1865 5259 2781 5356 3279 19 5246 
889 458 198 485 233 12 5071 5844 876 973 3303 4749 954 5526 2409 4134 3110 136 
890 446 233 460 254 12 2005 467 746 1169 5812 2156 525 1094 1623 3168 5661 5508 
891 460 233 485 254 12 3225 2579 2319 3682 371 3970 3665 1482 1411 4627 3264 2653 
892 485 198 497 225 11 2413 4752 2217 3661 1056 130 2603 2637 3537 4720 13 
893 497 198 512 225 12 5712 5782 479 4836 4932 5239 4296 2363 559 5363 676 4107 
894 485 225 499 254 12 4245 4677 931 3626 1290 67 176 4029 2748 4426 3847 4194 
895 499 225 512 254 12 4153 570 1355 3883 1731 4303 3206 3895 3251 1960 3652 4663 
896 257 254 277 290 11 1029 648 313 2522 1008 95 4183 2406 975 3664 1221 
897 277 254 291 290 12 1855 5140 2500 885 4864 379 339 1900 4166 4192 4770 2927 
898 257 290 269 324 11 626 1275 5326 4715 2299 3911 3691 1762 1085 1706 5708 
899 269 290 291 324 12 1497 4520 1076 393 4718 2307 2295 2392 317 3529 1122 2087 
900 291 254 301 288 11 3554 1213 4398 5866 4136 1342 5600 98 2370 1361 4915 
901 301 254 325 288 12 1074 3456 572 1402 4063 2887 3828 935 3196 4555 4511 2197 
902 291 288 305 324 12 2448 2563 3163 5400 4723 4261 902 3448 4071 5592 1675 4167 
903 305 288 325 324 12 1646 3514 2077 568 4424 1949 807 3618 1950 4059 3269 976 
904 257 324 273 354 11 495 2383 1285 5439 5299 2879 687 3454 1506 5037 5589 
905 273 324 288 354 12 819 1157 1191 5087 1845 5947 4280 350 3027 1046 2380 1146 
906 257 354 268 385 12 856 4435 2561 2583 4452 1363 2545 124 3253 4838 1892 5586 
907 268 354 288 385 12 2962 3092 5225 861 2912 269 2199 5849 2432 5495 2531 4515 
908 288 324 301 357 11 1407 4053 3543 3403 1116 3686 1643 1365 5265 2191 354 
909 301 324 325 357 12 2029 5776 2070 1128 4090 5803 4906 4455 1744 3035 483 3367 
910 288 357 309 385 12 4819 2857 1376 2343 2247 4645 4375 1532 2419 4939 2580 5839 
911 309 357 325 385 12 207 5685 1944 4211 2352 23 3516 214 1349 5120 3171 1674 
912 325 254 338 277 11 598 5341 1593 606 2494 177 402 2009 1441 2739 5565 
913 338 254 354 277 12 3298 3220 3947 1501 4218 3476 2277 5669 2138 1049 5825 3845 
914 325 277 340 313 12 3283 4630 5270 3046 3687 804 2035 336 3921 225 3496 1163 
915 340 277 354 313 12 4576 1173 2674 3122 1589 2849 5420 3105 930 5058 684 2496 
916 354 254 369 280 11 2497 2402 720 5156 3607 2899 364 4884 159 2661 756 
917 369 254 388 280 12 4861 2689 5057 894 5889 4929 1010 549 5989 1005 5662 5631 
918 354 280 366 313 12 3481 4870 2894 5141 3930 642 5009 5294 1476 459 3301 1841 
919 366 280 388 313 12 2051 380 4598 3990 5473 5980 4901 1479 3195 5665 1038 2334 
920 325 313 337 354 11 4731 1702 2534 870 1391 5577 2012 5185 2252 4577 3363 
921 337 313 349 354 12 5995 506 2028 1136 2587 281 5471 3708 5077 2937 2877 5287 
922 325 354 335 385 12 3222 1743 5593 4075 3528 2314 3240 5021 5248 4443 39 1353 
923 335 354 349 385 12 2760 968 353 1510 4944 1817 1572 3605 3309 2519 1121 4050 
924 349 313 370 347 11 2920 110 1737 2328 532 3959 4841 2867 5999 1211 1604 
925 370 313 388 347 12 5482 4416 2761 3377 1694 3826 5050 5429 1597 5940 3070 3431 
926 349 347 367 385 12 593 68 2158 1502 3190 1380 5413 5158 1961 1303 1616 4147 
927 367 347 388 385 12 4155 4496 2991 3575 1102 3198 5616 273 184 2811 1310 2188 
928 257 385 270 421 11 1848 3950 1885 5275 5344 2705 4444 2480 5328 3446 5733 
929 270 385 287 421 12 732 2227 1092 3909 762 3837 5170 2039 2602 2454 4364 3141 
930 257 421 270 452 11 4692 2914 2206 5626 3211 3210 3300 2632 1279 5075 1992 
931 270 421 287 452 12 2642 4145 4986 3317 2634 2696 1309 3243 3314 2824 2816 2883 
932 287 385 306 409 11 3710 3865 855 4536 3174 1794 3025 5758 2233 5739 5701 
933 306 385 321 409 12 3260 2108 3862 1508 2326 5583 3374 1321 4970 579 2208 2457 
934 287 409 303 452 12 3393 1509 5192 3453 2643 1371 3387 5029 2518 5705 3735 1649 
935 303 409 321 452 12 1894 3805 1408 2818 4417 2890 3868 5570 1967 5584 1875 4132 
936 257 452 274 486 11 4855 4094 2944 183 2961 4791 5918 3709 4445 621 3142 
937 274 452 291 486 12 771 438 154 2075 291 1870 4913 255 1629 2576 4696 3598 
938 257 486 270 512 12 1804 3803 1073 489 4186 1344 2888 5716 2836 5872 3483 163 
939 270 486 291 512 12 4177 1814 5398 3798 484 4492 4803 2686 2415 5540 3137 2349 
940 291 452 302 476 11 4092 1877 2613 5707 5461 426 3416 629 2599 355 4224 
941 302 452 321 476 12 1387 3152 2733 5667 1874 4833 2701 1531 5312 2289 3487 1308 
942 291 476 306 512 12 4454 4554 2957 1586 3866 318 5638 5278 5974 5561 5321 5772 
943 306 476 321 512 12 3707 1230 3113 548 4258 2400 1078 3445 4711 103 3224 842 
944 321 385 338 406 11 5462 1311 5203 2340 4873 742 1630 4137 3160 1483 197 
945 338 385 354 406 12 3418 4489 1667 5199 2517 4028 3646 5233 1868 1922 5026 5030 
946 321 406 340 450 12 1473 4228 2139 1919 2335 3 1521 2825 3925 649 2551 5842 
947 340 406 354 450 12 3068 3582 2120 980 737 4812 3672 707 1307 2421 4342 990 
948 354 385 371 414 11 3809 733 4685 4681 1384 3720 2972 3701 3953 3814 3334 
949 371 385 388 414 12 310 5176 4081 2297 4332 3518 5571 1548 2490 690 5015 4505 
950 354 414 372 450 12 816 5082 3443 3355 3157 3257 134 672 2537 4362 3287 2107 
951 372 414 388 450 12 2452 1148 2868 1962 3358 1866 4453 2478 390 3904 4991 4377 
952 321 450 331 478 11 2787 5817 1677 2167 2532 530 5004 5555 3294 3268 5651 
953 331 450 350 478 12 485 1058 3054 5165 2685 680 365 692 5644 112 4820 1197 
954 321 478 336 512 12 2044 2895 4693 296 4413 2159 1418 946 4502 4798 3493 3616 
955 336 478 350 512 12 347 3277 1917 1025 710 1997 4895 374 1777 5117 3763 3486 
956 350 450 367 485 11 5111 1187 5664 476 5948 2902 1369 739 1466 5293 469 
957 367 450 388 485 12 123 5702 4129 4054 3940 3229 4975 155 630 5101 4335 3502 
958 350 485 356 512 12 3058 519 1459 1567 5726 5166 5147 2462 5402 5306 769 844 
959 356 485 388 512 12 514 1715 4407 5994 5137 3696 4532 3129 1812 1661 1258 3408 
960 388 254 406 284 11 858 2564 5116 4813 5930 2417 1763 2821 3588 5303 1111 
961 406 254 420 284 12 2586 4316 933 5606 4276 4888 1288 3108 3822 3085 3741 3193 
962 388 284 408 323 11 2105 713 1820 3936 5637 5350 2668 1867 4783 2569 2482 
963 408 284 420 323 12 1086 2629 3981 5173 4202 2300 2627 4149 1093 4580 3890 5513 
964 420 254 433 280 11 4722 1266 1410 5135 3050 4874 5802 2731 4624 2721 4785 
965 433 254 449 280 12 2720 4249 5215 3655 4716 2435 4021 643 979 1843 4370 1588 
966 420 280 434 323 12 1498 941 1787 1673 4337 1778 1375 5421 4231 3721 2509 3765 
967 434 280 449 323 12 457 5249 3749 3406 3388 3631 4469 4082 2885 2784 5595 4269 
968 388 323 401 349 11 1062 1552 4535 1177 5648 258 2264 2427 3567 1899 396 
969 401 323 420 349 12 971 1215 3460 869 5144 889 1687 1566 5426 3103 1382 352 
970 388 349 407 387 12 2103 3101 1878 221 5929 1332 2041 2391 957 2889 1781 2673 
971 407 349 420 387 12 4964 2265 247 4738 180 3525 5779 5475 3281 2827 1333 5034 
972 420 323 437 351 11 2010 4793 4562 1886 2160 3038 3055 1189 5291 4936 3120 
973 437 323 449 351 12 2863 3839 4292 5774 368 5827 3097 5804 4891 4459 5177 4744 
974 420 351 433 387 12 5992 1119 5159 2850 5728 3963 4442 2379 4046 2058 5424 4651 
975 433 351 449 387 12 3772 5860 1168 4545 5205 1723 2170 1569 1914 1142 3254 3622 
976 449 254 461 298 11 1488 868 2405 2779 3938 5532 0 1860 4047 4639 5564 
977 461 254 481 298 12 5035 1522 1120 327 4290 4488 3603 5297 3307 3381 3785 4334 
978 449 298 462 331 12 5828 2640 3975 1818 1995 1388 2866 3830 2515 231 2291 1192 
979 462 298 481 331 12 5902 2411 433 4918 3534 3636 5000 167 5663 2989 790 2257 
980 481 254 489 294 11 4548 3208 64 2133 5939 376 5877 1893 4566 834 5747 
981 489 254 512 294 12 131 3267 5598 4761 1921 147 1452 2970 2416 1469 5092 1166 
982 481 294 494 331 12 1811 2081 3943 5755 3286 3591 3422 1577 1656 3600 3094 5805 
983 494 294 512 331 12 3924 3927 2762 1292 208 262 3999 3519 3948 784 689 5327 
984 449 331 468 356 11 965 5573 1980 4827 3619 1079 1722 3372 4405 614 745 
985 468 331 483 356 12 61 2439 3786 4010 14 3275 2947 764 1911 5389 5790 3903 
986 449 356 475 387 12 5179 3173 1325 1988 4662 5518 5346 1390 1663 4401 1504 3656 
987 475 356 483 387 12 4151 5414 5745 4679 3593 1849 289 1356 1075 2241 2658 4252 
988 483 331 492 351 11 2393 2461 3040 617 2712 2092 1098 750 5367 1555 4117 
989 492 331 512 351 12 4849 5680 4581 5038 1449 4120 2540 5933 3417 2110 5325 4033 
990 483 351 496 387 12 3898 3726 4885 4809 3011 301 397 3230 2730 2859 3495 4921 
991 496 351 512 387 12 2601 490 4311 4161 5020 5656 4984 5740 5434 2904 5836 712 
992 388 387 398 423 11 153 4425 2258 406 4800 2562 373 1927 4069 4908 2327 
993 398 387 418 423 12 5788 120 1320 1668 4672 2528 2822 4926 3992 437 5815 4414 
994 388 423 403 452 11 3429 2385 3128 2747 3354 3871 2086 5977 5271 669 3840 
995 403 423 418 452 12 5412 4674 1265 2325 2076 401 1451 3962 4229 2073 5232 5204 
996 418 387 430 412 11 4980 4467 2684 4209 4578 3002 3413 2339 3585 1989 624 
997 430 387 445 412 12 2556 749 4419 2535 1144 348 2296 1745 4871 2783 3241 219 
998 418 412 431 452 12 3063 2506 5343 997 888 4817 1908 1269 5845 5085 456 3223 
999 431 412 445 452 12 2045 5183 1533 4259 2559 2829 5463 1436 961 1003 3918 4187 
1000 388 452 403 483 11 658 1836 4725 117 3149 4989 2185 2248 126 3722 5458 
1001 403 452 419 483 12 2555 4121 254 5146 89 1006 1854 38 82 3292 1405 2164 
1002 388 483 402 512 12 5364 639 3541 4857 5859 405 440 627 4599 240 5276 4695 
1003 402 483 419 512 12 3706 2908 2930 1426 5036 2315 48 415 5046 4135 1057 755 
1004 419 452 428 479 11 3669 2782 590 5194 1171 1443 2934 1021 5454 3360 3262 
1005 428 452 445 479 12 4988 4199 3081 5499 848 1188 1519 5353 3751 31 5490 4558 
1006 419 479 429 512 12 4546 3829 5355 2268 3459 2557 148 189 4579 4853 5349 1247 
1007 429 479 445 512 12 1972 5867 2988 5781 2184 3347 3233 4998 675 2906 2098 3112 
1008 445 387 463 418 11 2871 2541 5767 1277 1217 1194 4062 553 4735 805 2616 
1009 463 387 474 418 12 4655 2313 1069 4760 5005 419 4412 904 4670 5881 3931 2707 
1010 445 418 458 448 12 446 3357 4434 2298 4843 3111 1244 650 5460 1070 2935 2304 
1011 458 418 474 448 12 2737 2759 3880 3913 5560 2915 3053 1273 2121 919 3073 813 
1012 474 387 491 419 11 2144 5273 1556 5167 5706 2015 1015 1724 4856 5498 3864 
1013 491 387 512 419 12 1647 1591 668 5956 977 3960 3667 4141 5883 1526 2351 3973 
1014 474 419 495 448 12 1792 3592 1543 770 488 4449 3685 3080 2224 5666 810 3432 
1015 495 419 512 448 12 823 520 4635 4274 4507 4623 2949 1383 3553 1959 4210 1291 
1016 445 448 463 479 11 3423 4128 4753 1415 2757 453 2255 4769 3547 1334 2014 
1017 463 448 478 479 12 2834 5272 4951 4320 172 3615 1570 1464 916 2743 2260 4628 
1018 445 479 458 512 12 1306 5148 1535 2523 75 3411 5904 4101 3039 5786 5280 4227 
1019 458 479 478 512 12 3104 3888 4436 2672 372 2952 2100 5588 2886 1400 3679 41 
1020 478 448 497 469 11 3282 5104 5152 2239 550 1751 2683 1680 3806 3231 2977 
1021 497 448 512 469 12 3362 5406 5810 3337 4938 5623 5635 4804 2083 35 4596 5506 
1022 478 469 493 512 12 1208 1594 4373 2815 4727 3500 242 4017 2738 4402 5505 5110 
1023 493 469 512 512 12 4845 1547 5854 1574 3313 5831 1316 4008 1622 3733 79 4193 
