64
64 0 0 0 0 134 123 261 249 62 2663 3261 161 3178 1337 2468 2090 3713 552 1844 1235 1805 106 2848 1800 2172 3166 2119 3199 3535 2711 1847 447 3169 2362 2020 199 245 2372 3754 3052 1971 1614 685 1819 1394 730 2874 3771 828 2847 1419 2466 2925 3761 1256 11 321 2246 332 1712 3258 47 237 744 3014 3899 3750 133 3764 466 1856 
65 0 123 0 0 134 247 261 249 63 3087 1924 2487 3005 1660 1596 1883 1747 3609 1129 2795 1234 387 2892 3029 2546 1205 912 1484 2396 2510 1242 3489 92 2700 1167 2192 1568 631 3345 1554 704 463 270 1487 3965 249 169 719 967 1140 2956 1641 934 883 492 3328 3986 731 2978 3513 2715 1117 287 3790 907 3093 1401 2389 638 3249 3926 2127 
66 134 0 0 0 259 108 261 249 62 547 2194 864 1414 1609 3852 1869 785 1147 2057 693 1682 3464 129 1740 2096 1553 2931 1222 772 787 2281 3562 3608 3674 721 541 682 1956 1909 362 814 1209 3968 2278 3344 198 2235 2741 2359 1108 3271 2680 277 851 3746 439 2292 2861 2053 3186 2595 3060 3877 826 3779 890 3978 1228 264 697 3426 
67 134 108 0 0 259 247 261 249 63 94 2727 3024 688 2209 3127 2963 2347 3581 897 303 3729 424 3810 475 1063 644 280 1670 1626 1693 2524 827 2234 1048 2955 2750 1952 923 1226 3842 2802 2250 442 3072 3176 3725 3395 3143 3816 3964 2843 3833 1172 2080 2754 1462 2618 2102 1695 2262 1788 3799 845 1263 1615 113 1823 3624 2929 958 1099 1850 
68 0 0 0 249 129 136 261 512 62 843 3510 2533 1017 822 3302 1494 3724 3084 2418 2330 1326 1797 1323 513 3444 1831 1495 1994 1061 2976 3717 1739 3191 395 3902 24 1782 3860 1716 2019 2153 409 454 3555 966 673 3832 1968 3252 1490 3933 2318 3071 3966 2799 2794 58 2766 2981 3954 1351 1346 3182 1681 3573 656 1082 3699 1430 3824 3597 
69 0 136 0 249 129 247 261 512 63 3184 2205 2630 1910 2495 2764 3536 2698 3793 3371 2651 1134 1884 3245 508 1004 1775 2074 341 1664 2146 860 1434 663 1703 1534 3521 3242 3194 2122 2460 3383 3690 26 3100 2244 2718 3807 3477 778 1982 3203 2778 1590 1540 679 1422 1512 1738 3697 220 1941 1979 1031 1940 3596 914 2038 2951 509 1164 3076 80 
70 129 0 0 249 259 122 261 512 62 2165 950 895 2544 1727 2025 1268 577 3684 2982 1902 2511 3047 1915 647 1558 2772 726 2710 204 1600 1801 1928 472 765 160 798 166 1001 1912 1834 1969 55 1420 3270 1081 1431 465 3834 799 1231 3901 292 3583 2876 794 2198 729 1456 3663 1657 938 3306 360 748 2869 1341 1457 1907 3545 3894 3638 
71 129 122 0 249 259 247 261 512 63 2436 2150 3858 1444 2807 16 960 592 2566 3051 3917 1796 2875 3766 322 2622 3299 452 1155 705 786 84 2145 1297 3342 3595 1640 1710 3653 462 2094 3714 2860 2790 3632 3140 2758 3389 2508 441 1446 2473 2717 1644 1580 1399 1161 468 3821 2231 2593 2657 3188 718 3914 2691 3401 1019 1254 758 2585 1404 1020 
72 0 0 261 0 115 134 512 261 62 1160 936 1863 3045 1802 2499 73 2242 65 2996 2141 825 1125 1951 1808 3491 1423 3197 2287 1352 2938 2854 817 2567 3755 3961 896 275 1755 3769 3248 564 618 1757 2259 512 537 1138 2441 681 947 2273 1799 2662 736 2645 2267 2329 3783 2271 2853 1936 2445 2186 723 911 2667 2873 2136 838 2243 3870 
73 0 134 261 0 115 247 512 261 63 2797 2697 2838 1276 3557 641 1465 555 651 3551 988 3447 2588 3662 608 1879 2377 1551 1397 1665 1987 498 2353 2671 288 3183 857 702 3740 995 1331 1806 2176 1810 2169 2703 3559 1935 3200 62 2474 571 751 2897 2769 1322 2229 2619 2708 3167 3435 849 3177 2112 2484 3202 926 404 1857 1721 3718 2032 1026 
74 115 0 261 0 259 117 512 261 62 978 1448 370 654 408 2806 3102 830 2303 298 3373 2031 2069 2437 1110 2331 2333 2317 3561 1318 2175 412 143 2068 1047 1287 1054 859 2837 2919 302 3728 427 2216 2950 2536 1440 3341 3059 1803 235 2590 3364 9 1480 1926 2995 1654 3698 2625 3441 1733 3846 1618 491 1730 30 872 774 2610 3107 1592 
75 115 117 261 0 259 247 512 261 63 3843 3179 1550 182 2204 664 1891 3739 478 2196 3787 999 2290 114 2805 3876 853 1690 175 1582 791 2376 3935 1357 3569 2844 1204 2449 922 3693 1455 436 2768 2453 2932 1518 3361 3239 3041 323 2125 2980 2221 3455 37 2624 3565 1587 443 417 640 2804 3439 3066 2558 2896 917 1454 1507 209 2575 2921 1386 
76 0 0 261 261 127 109 512 512 62 3576 3984 3648 1653 2878 1965 1666 2609 1257 2713 3062 2621 2211 605 3368 2736 2880 3304 3215 1243 1219 351 522 2183 892 1985 3175 3305 984 3023 1658 910 3170 788 2026 2709 449 18 510 1367 3827 2525 854 3944 610 3378 1842 3490 1041 1786 481 1536 3563 363 766 1253 1381 558 3356 3232 1281 583 
77 0 109 261 261 127 247 512 512 63 3859 3158 2116 2498 2987 637 2823 3511 3879 3155 71 1124 3114 1416 1632 1250 3086 2030 604 792 863 2636 2179 3850 2056 3099 3310 2728 2958 119 542 3747 2676 1055 3743 3297 312 1100 534 1238 1748 413 840 3339 444 2813 674 3945 609 3668 1916 3881 951 2926 3049 3067 2002 1932 3659 2891 1861 1984 3855 
78 127 0 261 261 259 124 512 512 62 431 3991 3442 1312 2803 127 821 2143 2801 1248 3001 2455 2722 25 3854 683 2502 2149 1904 2777 3732 1067 2646 3145 388 53 2251 3165 3061 115 1601 2729 1477 358 499 3436 1095 2166 1613 2364 2600 3320 3976 1218 1975 309 1798 2254 174 3365 3602 3212 2969 2337 3719 1023 1089 1974 2152 2305 1791 1295 
79 127 124 261 261 259 247 512 512 63 646 1373 600 3856 1760 993 4 2998 2679 1152 3819 3818 1515 241 3291 1945 3614 3677 632 1012 141 3620 3650 619 2245 3311 2124 2022 2099 2942 1545 2986 1463 776 3469 623 3556 162 846 1621 102 1713 1918 3517 1685 1319 252 2444 1139 595 615 3989 3878 1032 2006 1832 178 1765 725 3153 1648 1233 578 
80 0 247 0 0 130 362 252 244 62 2106 636 3285 1736 3461 1030 716 996 2114 3130 700 1839 1761 2527 2812 2306 1044 538 1180 2483 2384 1696 574 2979 1460 85 841 3497 3009 3689 502 3274 3512 1175 753 1040 100 1271 2367 51 3010 2093 2210 2018 706 3503 3639 1829 2841 1741 3057 1840 2577 871 329 3135 2665 1970 2071 3893 866 3075 
81 0 362 0 0 130 512 252 244 63 1576 418 768 3812 1645 2066 2294 518 3957 3458 3323 3336 3037 3123 27 2067 3863 108 3695 2060 3318 3635 3343 3767 1846 3032 2344 2282 2059 2694 1573 1571 3589 2852 325 891 1064 2350 2301 703 2690 3515 1973 928 3900 3290 1421 205 3969 802 1957 3873 3326 3125 1517 983 1113 165 1259 3470 1185 777 3533 
82 130 247 0 0 259 392 252 244 62 3088 937 1131 414 265 660 2820 584 46 3509 2428 3889 2322 1052 3579 96 2959 603 2043 1340 780 3391 1249 3996 495 3498 1304 2740 1699 2193 2276 42 2617 2612 1150 1822 2939 596 150 5 320 3465 2034 3548 1437 2207 3942 2049 434 1347 2633 906 566 3995 3340 1732 573 1705 228 121 1546 3397 
83 130 392 0 0 259 512 252 244 63 1848 545 2459 3922 36 3542 2451 1625 3885 2358 2429 3950 2404 1885 2004 206 1942 808 2147 1072 1606 594 369 1557 2279 1442 2464 2226 1774 2678 2513 2324 192 3716 3042 2800 181 3185 2017 2884 2401 3473 2398 2765 3972 1133 3352 3759 1181 2109 1906 3119 2501 2572 1073 86 420 1245 1199 2052 2180 811 3803 
84 0 247 0 244 124 381 252 512 62 3825 3144 3192 1162 3218 1294 1105 1115 2900 3082 1750 533 1564 3384 1783 569 1212 187 3630 3836 1864 486 2785 2215 2293 3244 1742 1561 2181 375 1370 714 611 238 3366 1468 158 2992 1634 2187 955 3484 1435 2512 227 285 3390 1255 801 151 3949 3678 3154 903 3319 963 3284 793 70 328 3189 3660 
85 0 381 0 244 124 512 252 512 63 1389 1372 1549 146 670 1888 276 3748 880 653 1114 3774 1756 2463 2361 430 556 493 17 261 1412 1330 3657 1708 3172 1753 1314 2055 2266 915 2539 203 1624 295 952 1471 3000 63 1636 982 3430 3998 1432 105 2157 3702 3703 1283 741 3951 52 3642 1491 1898 1725 216 1773 2786 3016 299 781 213 383 
86 124 247 0 244 259 355 252 512 62 2543 905 243 2763 2341 2366 118 873 1784 1039 3599 829 1824 139 1813 1395 2003 191 1398 3132 2530 2638 622 516 3333 2177 3896 1214 1182 3912 2916 3907 2554 2918 2131 3723 806 1474 991 2375 3400 3796 1605 2410 3214 2390 2828 2746 1260 1293 3396 920 1851 474 2940 2223 1328 56 421 1338 74 1196 
87 124 355 0 244 259 512 252 512 63 244 3004 399 2414 3744 3201 334 724 2001 149 2316 2190 1978 3594 2013 1267 3897 850 3887 3539 1198 3482 311 1280 2591 3549 3956 3407 3892 1933 1562 3604 1776 1575 202 1929 116 2706 711 3906 2357 887 2584 1135 3800 2933 3451 2670 236 1635 3560 2814 3508 2967 1633 1496 3762 2232 3255 1938 2061 2542 2641 
88 0 247 252 0 119 399 512 264 62 1766 1123 2652 2047 2132 3610 2792 773 696 2756 546 2284 677 3412 3096 908 543 1825 1631 2040 875 1500 157 3775 3627 3649 3351 2917 3474 2635 662 3034 1671 529 1084 3427 259 3021 294 3077 1145 3348 170 972 2283 1313 505 738 2320 403 2656 2735 3844 2430 3952 1686 1071 3673 1619 344 2134 196 
89 0 399 252 0 119 512 512 264 63 3350 1954 998 2023 1051 1178 3941 3526 3089 2582 3124 1769 60 1642 634 2608 867 1683 943 2423 2062 1174 2796 2489 1785 1862 879 1749 3247 3098 775 2203 12 2486 1083 760 217 1467 2261 1207 2354 701 3937 3462 3670 1700 698 3109 3074 3386 2491 3671 1729 2644 319 3658 3977 3134 554 1499 3048 2309 3375 
90 119 247 252 0 259 376 512 264 62 21 1186 3982 315 164 2960 803 2399 1045 1963 1223 1734 448 2200 286 797 1728 1011 3625 3736 1278 757 1607 3205 3872 3090 3296 3544 445 3928 3322 560 3126 1565 1544 2383 2605 3217 2826 2171 1220 767 3480 3712 335 2286 3433 2228 3078 2253 544 3621 1880 2775 2275 2162 1159 2550 1986 3675 691 1362 
91 119 376 252 0 259 512 512 264 63 3781 815 2999 3026 2174 128 34 2573 3148 581 1714 2378 1485 2615 3256 3971 531 1937 3485 1486 3985 2142 3546 1726 2493 2607 422 1809 2810 2386 2830 2368 2682 3181 2521 2206 1033 2704 2269 633 215 3272 3278 3831 1930 1711 99 2201 3359 266 2734 877 2571 1470 1130 3946 3007 602 1804 394 342 2773 1524 
92 0 247 252 264 129 375 512 512 62 3817 142 1224 837 3421 2360 2311 2213 3506 709 2374 1830 293 145 1360 3450 2467 2732 3276 357 945 1717 517 1925 2742 1754 267 1016 2381 1669 349 2654 2723 3558 3795 2693 2088 1684 3187 3213 2664 340 1858 635 1252 1028 2538 3737 2724 2048 179 2342 3851 3633 2407 1826 90 1655 138 2310 1447 956 
93 0 375 252 264 129 512 512 512 63 1901 2412 3471 886 3808 3773 3237 3734 3727 1539 580 1679 1262 2954 782 3398 471 482 1542 1183 3003 3136 1560 3801 2285 3180 1527 1284 3288 2123 2140 3848 2388 3479 3369 3891 2126 1579 2808 1993 1000 72 494 257 1525 2898 2719 3939 1165 3325 290 2438 2458 796 1103 3919 3438 2649 3332 515 2089 699 271 
94 129 247 252 264 259 374 512 512 62 1789 1241 3008 2220 3056 1947 2965 223 1080 2178 2425 2274 3738 1559 2115 3226 1029 2202 3015 1603 655 425 2597 1232 3574 2085 3641 3321 2488 333 2552 2984 3012 2033 2666 2507 2514 3867 1126 1270 2568 2997 1780 3568 1285 2975 3017 800 1698 740 28 1458 3266 3472 32 3478 1958 1037 561 1068 856 2042 
95 129 374 252 264 259 512 512 512 63 3572 230 497 809 2373 2526 222 3932 3434 3385 2212 3020 599 3504 2037 1853 1022 1227 2626 337 585 1983 2914 2225 1176 1013 464 2505 3776 1377 2771 2752 3263 974 1955 2911 3234 3379 3838 1599 477 3410 2355 470 1301 1505 15 316 3629 1871 2104 715 2819 1149 831 1610 256 1132 3993 1746 1104 924 944 
96 259 0 0 0 379 135 246 241 62 2913 1828 3835 747 3777 88 1523 2798 2776 2948 1676 1764 3745 1996 3030 87 2985 2387 2082 1364 1378 1998 3688 3488 188 69 1835 3789 3414 2964 326 2312 1336 2695 40 2687 2548 314 234 1759 839 2973 361 524 628 1628 2065 942 666 779 500 1315 6 2072 970 7 1014 3756 2833 3069 2095 2214 
97 259 135 0 0 379 256 246 241 63 3452 194 1876 1617 1541 3308 847 1350 2855 3974 44 1931 1305 3915 3380 487 1202 2903 3987 1905 597 1097 964 3289 1620 1445 2128 367 1637 2578 3335 2479 101 1060 1229 3280 3370 1689 338 1286 1298 884 913 1719 2302 3590 1195 824 893 2549 1200 2751 1752 2639 20 1374 927 2348 3532 3064 2922 2647 3813 
98 379 0 0 0 512 129 246 241 62 1101 3457 557 833 1793 3353 22 3499 1897 1201 836 305 3159 54 3216 428 789 190 186 1662 2345 1707 1450 695 735 1672 2236 1096 2079 2565 2024 1428 1581 1024 2263 1964 929 3338 1264 3634 1302 253 2936 2151 2862 49 2611 1065 588 969 1697 1107 1503 435 3601 125 2471 1838 3492 10 1991 1087 
99 379 129 0 0 512 256 246 241 63 2788 1692 1948 3475 3683 678 3681 1492 763 3116 152 1981 1002 2864 3823 33 81 2909 2791 2101 2492 1563 1779 1339 284 2941 559 136 2781 2440 2431 3523 2091 3228 389 3329 3405 2744 1027 1976 3440 973 2603 3279 3645 2901 3895 2774 104 122 2 3970 3419 746 2156 3235 2598 1169 3665 525 2579 1111 2435 
100 259 0 0 241 379 144 246 512 62 3324 2702 1385 461 1236 2596 2835 2923 2182 2027 2395 2809 959 1141 2481 144 2230 378 3869 3164 343 3524 3923 2218 306 2346 3043 29 1768 1612 2000 1439 185 3227 410 3905 3815 665 1946 601 2589 1009 1758 8 1091 2469 587 783 3758 939 2465 1530 218 3106 865 2369 2547 2008 3315 2161 3146 3997 
101 259 144 0 241 379 256 246 512 63 473 1611 1887 1890 2442 1701 1343 239 1595 248 3730 2659 3804 3394 1392 708 2332 2219 985 1895 2447 2529 1489 3753 1704 2882 652 3778 3415 3219 1903 345 1608 3402 279 620 1638 2371 1585 921 1272 1327 2928 3792 43 1827 2692 625 3853 1913 2817 2433 1943 3586 607 2699 1578 97 3538 1795 304 1900 2661 
102 379 0 0 241 512 109 246 512 62 1137 3131 3916 283 1088 3404 2842 2434 567 1237 2450 1475 282 3980 251 2592 1413 986 2993 274 1368 1652 3705 661 232 743 523 2130 2475 1691 3666 3437 3013 356 450 1639 366 1393 949 3091 3331 820 3570 458 2881 1433 511 1790 3507 1678 3346 173 346 1953 1770 2974 1059 1106 1771 795 2424 1156 
103 379 109 0 241 512 256 246 512 63 3530 1299 563 3250 2163 3884 878 3644 3382 2270 2832 1873 3527 77 3376 3780 3623 1225 2240 50 3676 411 3934 3731 734 3316 1118 423 1990 2129 2036 1289 3566 882 2745 3791 3661 2574 3540 582 2637 324 862 676 2865 1731 3577 2994 2256 1066 176 3682 3264 1094 1210 3265 2650 467 1290 371 1184 3883 931 
104 259 0 246 0 389 107 512 234 62 3742 1837 2443 2154 2856 2553 2943 3757 645 2338 2831 455 526 3033 200 881 3788 1050 2173 1529 2064 132 2408 3083 3882 224 2870 2097 3468 2504 1127 586 3654 2011 1425 667 1815 1627 2793 2669 109 1537 2520 3505 2382 3979 2628 2516 1179 2660 1889 1511 576 2924 3463 2485 2606 1 3875 3908 1034 2570 
105 259 107 246 0 389 256 512 234 63 233 359 400 2477 3494 901 527 3587 2420 1718 3580 135 2839 2725 2971 1417 722 948 1514 3955 551 432 3910 3138 3095 1329 1966 3770 1077 3150 3861 1821 1143 2472 2905 496 3651 3920 1151 2581 981 3715 536 2872 2716 818 2446 377 3293 759 591 728 2397 535 1520 1772 2753 540 211 1036 2614 2840 3958 
106 389 0 246 0 512 132 512 234 62 2990 3606 307 2648 3031 1427 2323 3794 1409 727 3811 3295 2063 613 3139 3564 3531 1043 2623 2983 3700 59 521 909 3784 451 2655 3065 1090 250 1882 3204 671 429 300 2135 2046 1239 3628 210 761 1193 398 226 3028 1354 3466 3312 2237 1493 3849 331 3221 260 1602 156 1282 3006 3238 111 3147 1807 
107 389 132 246 0 512 256 512 234 63 57 2470 45 2249 987 263 3019 1317 171 193 381 3018 3797 212 1300 835 898 2238 1424 1007 1999 3424 962 1977 3611 812 130 1429 1584 2413 1042 3552 3110 2111 3571 19 308 13 2363 3428 3537 954 2953 1865 3929 1583 3036 479 876 3550 2748 3303 2966 3117 1261 1650 1335 1355 3206 2005 3847 1240 2653 
108 259 0 246 234 383 134 512 512 62 2910 201 2726 384 694 1035 504 2195 2456 1513 2907 2272 2946 2050 562 565 528 1833 3643 229 2168 3259 1406 1296 2594 2155 1438 992 1396 3613 1934 3246 3841 168 1158 3425 932 3236 1816 2620 2356 2846 1881 2054 3584 2137 994 3782 3409 392 616 3983 2084 460 2113 2749 91 1203 1190 3449 1109 3501 
109 259 134 246 234 383 256 512 512 63 195 480 3617 66 1348 3330 507 3637 1852 1939 2560 2789 686 3874 2677 1112 2321 3161 278 2968 1403 1896 3704 2893 3420 2476 589 852 2945 2222 3820 297 918 1461 3967 539 3768 989 3044 1528 3694 1345 2780 925 2767 1920 107 1478 3399 2422 3857 3022 2675 2118 3162 416 1379 2394 3151 2365 1481 3647 2148 
110 383 0 246 234 512 145 512 512 62 501 1872 386 1154 140 1688 3692 1767 2336 93 1366 3522 1153 1923 2851 1735 2016 3327 246 2845 76 754 3994 899 2308 268 2631 657 752 1859 2007 382 940 2403 874 1709 3711 1206 3612 3392 385 391 3467 3640 1170 717 407 1216 2280 2021 659 1359 2604 2189 3760 1659 3207 1018 78 3156 2714 1053 
111 383 145 246 234 512 256 512 512 63 3752 3115 2681 2288 2503 1538 3520 2426 3886 3802 2688 3209 503 2117 575 2770 3121 272 137 1720 1472 2858 3988 1598 1453 612 1251 953 3680 2755 330 1274 1246 2217 1358 2409 1651 3133 1056 3079 3578 1516 1324 900 3626 570 2319 1960 1482 83 3349 1623 1411 832 2078 3652 3168 3273 3225 3251 3118 67 2731 
112 259 256 0 0 371 377 262 249 62 2370 2899 756 2009 3298 2497 2138 313 1213 1441 95 1501 2674 684 379 804 2522 2849 807 336 3301 3163 2051 225 3448 1841 2035 1275 393 626 902 2563 2877 532 1950 1076 3367 3454 506 1191 3403 3959 3027 354 1046 1365 1737 2937 2912 3605 2962 3222 861 124 3516 2432 68 2991 23 3309 3528 2580 
113 259 377 0 0 371 512 262 249 63 3253 2247 2531 742 3865 2227 3374 3160 762 2208 2233 3862 1922 733 1868 3814 2972 1307 1509 3211 3582 3672 2537 1408 3257 3355 469 629 1870 112 2576 3416 680 3152 1877 476 2685 291 692 3142 2701 355 1586 710 485 842 771 1418 1466 183 1567 1459 3277 844 2836 2686 347 2159 3696 2888 3483 1814 484 
114 371 256 0 0 512 390 262 249 62 1469 327 2405 3785 1488 2689 3307 131 2821 3388 2417 2133 2300 2779 2569 1498 1860 376 1522 3600 3927 1820 3749 2668 790 784 2627 1038 1479 3948 2761 3839 889 3975 1566 1215 1911 3372 1687 2439 3567 3431 3038 1189 2811 2188 61 1849 2904 1356 3281 2041 1310 1075 3593 2601 1914 273 397 2258 1668 1069 
115 371 390 0 0 512 512 262 249 63 2015 1015 219 1724 690 1548 1591 1277 2351 2559 2528 2224 2107 3840 1908 2478 1273 1451 1291 669 3918 997 1383 1866 3111 1265 2506 1436 888 117 1464 1680 2260 82 1334 31 126 254 658 1836 2757 3360 2239 453 2255 2743 2164 3313 1057 3888 639 2906 2100 79 242 48 2315 1972 2268 2523 405 2952 3829 
116 259 256 0 249 398 379 262 512 62 1361 3196 2197 975 1855 572 3554 339 2500 1010 2494 1008 894 3046 3105 3195 2406 1402 1476 3496 976 459 2295 3269 3936 1675 1391 1949 713 3691 258 3543 110 3911 1702 1744 2252 1146 3035 870 1597 3686 2264 1116 3708 1616 2583 1643 2103 2760 207 3101 3190 184 2199 2857 2343 1510 353 968 1102 1892 
117 259 379 0 249 398 512 262 512 63 3518 3701 3953 1483 2480 2326 3025 1630 1508 3174 1473 3 1875 2297 2335 672 2868 2562 3805 2816 2518 1962 2452 980 1919 2120 3735 134 2643 2825 2086 2385 3871 438 3294 2961 2944 3229 1874 630 1308 426 2289 530 1187 123 548 2185 1025 3493 1230 3616 1344 3763 163 489 627 3408 1812 1078 3129 103 1777 
118 398 256 0 249 512 381 262 512 62 1288 3588 2416 1120 3822 2970 2720 1452 1763 2721 643 2586 933 2509 3981 1086 1787 3636 231 3519 433 3943 1867 1388 2866 2640 3890 1656 3534 368 3097 167 764 3924 869 14 2461 1382 1899 1079 2712 2540 3103 3786 352 2160 2010 3963 3619 2658 1119 2859 2730 2058 2265 1569 180 2379 1390 1878 1663 301 
119 398 381 0 249 512 512 262 512 63 957 3622 1332 3173 2673 2170 3864 2871 2296 2339 1194 1144 3960 3241 2541 3931 3223 650 1647 3053 488 2076 2915 401 520 446 456 2045 1543 3685 1070 813 2935 823 3337 1003 848 1021 3262 3806 3615 1570 3081 2782 1854 1415 2555 916 2834 590 1306 2908 3679 3104 1547 1594 2672 3039 1426 755 2098 2738 2557 
120 259 256 262 0 372 391 512 277 62 98 3220 364 2927 2402 2277 598 159 177 3947 935 3476 606 720 1221 3664 1589 2077 2894 1173 3990 3930 3122 2496 3618 1706 1085 1122 3283 2448 1762 2012 1211 2328 1157 3363 1128 2028 1506 281 1604 2867 2191 350 2587 2561 2519 1380 1532 3092 1376 214 1353 2545 39 1363 2158 593 269 2314 1311 1321 
121 259 391 262 0 372 512 512 277 63 1794 1384 2108 1521 3809 579 2454 3446 3925 3141 1092 3393 1371 2890 3909 2602 732 3443 3210 1992 2824 1894 1279 2696 3157 3068 2139 707 1148 2883 3317 3300 2818 3287 737 3243 2634 1531 3268 2075 255 3487 2902 2167 2613 3709 3054 2733 739 1369 2599 621 2044 2462 519 2895 318 3113 946 3866 3058 374 1997 
122 372 256 262 0 512 387 512 277 62 3108 3085 3193 1166 858 549 1410 1893 3050 1005 3938 3721 834 1673 2784 3631 64 3208 3765 3406 2482 1778 457 3830 941 2334 3999 2515 1192 2411 2762 208 3094 689 2081 1062 3040 2427 3826 3275 3460 3055 965 971 3377 221 712 3898 490 1781 1325 1168 3011 1988 1723 1142 247 2241 289 3772 3254 553 
123 372 387 262 0 512 512 512 277 63 1927 3413 310 624 153 2707 3002 2490 1217 120 668 3973 2327 2783 2556 3992 3358 3553 2304 1792 437 1533 3880 3354 2073 2737 2325 3357 1244 2298 2949 919 961 2934 172 89 2683 3940 2977 3282 3231 35 3669 2014 1519 38 1405 1443 3149 155 2886 1247 1622 1574 3112 675 2815 75 41 415 2988 3347 189 
124 259 256 262 277 391 381 512 512 62 1593 3607 402 1049 2564 648 3845 3828 2739 1074 1163 1342 2887 3456 3921 3481 2105 885 317 3687 1497 642 2392 2307 3514 930 380 3529 2087 1646 568 2299 1136 2879 819 2070 2920 687 1177 3070 1694 1845 1552 2029 2534 3198 2380 483 1407 1817 2352 1572 3575 1502 3240 1674 1961 3171 1121 1944 2419 1349 
125 259 381 262 277 391 512 512 512 63 1303 1743 2457 197 1667 3646 855 2340 3837 2517 3260 3418 3710 2705 3334 2551 3720 3387 1967 2039 3904 3868 2421 2632 2642 1649 3314 649 1309 3453 990 816 390 3429 2787 1197 154 1629 3502 2532 365 1387 1677 1058 2400 3598 3798 1258 1917 2415 3541 3224 3707 3137 514 1661 769 3445 2957 3486 1715 296 2349 
126 391 256 262 277 512 391 512 512 62 1588 3603 1266 1843 0 3655 3741 3381 979 147 3267 1921 2629 868 1577 1995 2257 1292 2885 1375 3286 1811 1818 262 2291 1093 2989 3591 3422 3120 1098 617 1722 1555 2092 2863 745 2110 2393 2947 1980 614 396 3417 750 1886 1449 3903 2827 3495 1504 2391 2889 3525 3726 1333 3656 3230 2850 2535 977 1745 
127 391 391 262 277 512 512 512 512 63 2822 749 805 1526 1556 2684 2616 904 1989 2144 1320 3585 419 348 3667 2313 810 373 406 3128 1959 3080 2747 2829 770 2759 3063 2121 1269 3913 3592 3073 3432 2083 3962 3547 1188 1751 1006 3362 1171 2248 3722 550 1316 3751 3423 3500 3292 440 240 148 3411 3733 1208 3233 1400 372 2930 3706 1535 3459 2184 
