512
512 0 0 0 0 0 0 118 136 135 238 255 265 15 4158 4263 1614 4390 4858 11 4854 5855 2372 7365 7535 3761 7721 5210 1844 
513 0 0 135 0 0 0 118 136 258 238 255 265 16 4619 6876 685 1819 1712 161 7072 47 3258 1596 1883 4319 7361 7416 6023 1924 
514 0 136 0 0 0 0 118 251 160 238 255 265 15 5916 912 2795 4095 3926 3513 1641 4620 1140 1167 2546 7729 7384 3965 907 
515 0 136 160 0 0 0 118 251 258 238 255 265 16 5409 7917 5444 4040 7464 5698 7901 1234 7517 5435 704 463 3249 1554 7267 7686 
516 118 0 0 0 0 0 257 128 161 238 255 265 15 3581 693 7130 721 5935 1609 1147 4943 2096 5022 2925 826 7623 5921 4570 
517 118 0 161 0 0 0 257 128 258 238 255 265 16 4372 447 2057 5189 1209 682 7744 1419 785 5766 5410 2727 3562 3261 5950 4371 
518 118 128 0 0 0 0 257 251 117 238 255 265 16 6168 1048 2750 827 6940 7458 6206 3072 5304 6706 6232 4085 5310 6801 6619 2955 
519 118 128 117 0 0 0 257 251 258 238 255 265 16 845 6776 1850 6381 3833 4403 5067 1952 1263 4510 1788 303 3729 7888 883 958 
520 0 0 0 0 0 265 115 128 80 238 255 512 15 3754 7124 1805 6375 4099 4669 6334 7658 4684 7034 2020 2848 4956 6181 744 
521 0 0 80 0 0 265 115 128 258 238 255 512 16 2119 199 6835 4055 5258 6465 4776 5541 6560 552 4575 6805 6484 332 7666 466 
522 0 128 0 0 0 265 115 251 120 238 255 512 15 7951 7042 1205 7473 2715 1660 169 4933 2510 4523 7285 2700 7229 287 1401 
523 0 128 120 0 0 265 115 251 258 238 255 512 16 4070 4036 1736 5760 5382 6070 92 6311 4634 719 5411 3790 2127 5551 2956 4188 
524 115 0 0 0 0 265 257 133 142 238 255 512 15 2281 6367 94 864 5559 6569 1228 3852 1222 1414 6193 1869 1553 5025 2359 
525 115 0 142 0 0 265 257 133 258 238 255 512 16 6110 2362 5311 541 4782 2172 5235 7730 2680 1971 6521 5756 439 3779 3877 424 
526 115 133 0 0 0 265 257 251 120 238 255 512 16 1117 3810 923 7415 1462 3176 4066 4741 2754 3624 2262 7884 5106 5446 5858 5313 
527 115 133 120 0 0 265 257 251 258 238 255 512 16 2802 3395 1693 4020 6512 1670 5675 3964 4451 4474 1823 7652 4105 4872 1626 5549 
528 0 0 0 0 255 0 144 116 145 238 512 243 15 3713 3169 7073 1800 6884 5503 2246 7989 7950 2874 3978 890 6590 1394 1256 
529 0 0 145 0 255 0 144 116 258 238 512 243 16 5550 5678 6988 2711 2595 237 3199 3166 1235 2090 6537 5496 5898 5240 6220 4759 
530 0 116 0 0 255 0 144 251 102 238 512 243 15 4262 6650 5113 3725 7408 3750 934 638 6603 7351 2347 6598 3764 2396 5787 
531 0 116 102 0 255 0 144 251 258 238 512 243 16 5448 3328 2106 4766 4404 2978 4822 1242 2487 5590 3609 1747 897 6231 6177 3087 
532 144 0 0 0 255 0 257 107 110 238 512 243 15 2235 3674 2292 5979 3344 2053 277 7810 5512 3464 6606 7400 7066 3060 7203 
533 144 0 110 0 255 0 257 107 258 238 512 243 16 814 5553 5516 1909 4115 7863 2741 787 4309 3968 3271 7147 264 2931 6732 6866 
534 144 107 0 0 255 0 257 251 126 238 512 243 16 688 5610 7262 3024 7343 442 2618 2843 6355 5801 1695 6005 4077 3127 2524 3143 
535 144 107 126 0 255 0 257 251 258 238 512 243 16 4501 6399 2209 1063 2080 4226 6372 4680 7041 4866 7289 1615 3816 7545 2102 7625 
536 0 0 0 0 255 243 130 129 120 238 512 512 15 6124 5479 2468 828 3535 7975 4409 3899 6704 5465 6969 1847 4971 2466 5043 
537 0 0 120 0 255 243 130 129 258 238 512 512 16 4439 4810 7530 4698 730 5006 2847 3014 6378 1337 2663 133 321 3771 6433 3005 
538 0 129 0 0 255 243 130 251 121 238 512 512 15 5007 3029 3345 731 4788 4241 636 631 4384 5251 4840 4787 249 2192 5155 
539 0 129 121 0 255 243 130 251 258 238 512 512 16 6008 387 2892 3285 967 2389 492 7787 6536 1487 3489 7461 5262 1568 3986 7831 
540 130 0 0 0 255 243 257 77 107 238 512 512 15 6467 2194 7036 4768 7733 1740 1956 4880 6034 6257 3052 772 6460 6960 4381 
541 130 0 107 0 255 243 257 77 258 238 512 512 16 4560 6204 1108 129 6176 547 3608 7231 2278 5474 1682 7215 362 198 5268 4916 
542 130 77 0 0 255 243 257 251 134 238 512 512 16 475 6335 851 2861 6469 2963 6839 3746 2234 697 4748 113 4301 5835 7200 7251 
543 130 77 134 0 255 243 257 251 258 238 512 512 16 3799 5252 3426 2929 4559 3186 4863 1226 4432 280 3842 4096 5732 4567 1129 6358 
544 0 0 0 238 0 0 120 127 128 512 256 241 15 843 3444 4024 6627 656 1323 409 7525 7650 2330 4018 1968 6892 6025 24 
545 0 0 128 238 0 0 120 127 258 512 256 241 16 58 4922 4959 7018 4721 5978 2019 7641 3510 5455 5172 2533 4450 7876 7302 2418 
546 0 127 0 238 0 0 120 251 134 512 256 241 15 3076 2951 1512 5369 2038 3245 5329 860 2698 3596 3383 6826 7131 2146 3597 
547 0 127 134 238 0 0 120 251 258 512 256 241 16 1775 2074 4485 6895 2460 1590 679 2122 2764 1979 5925 1430 1703 663 6757 1910 
548 120 0 0 238 0 0 257 149 139 512 256 241 15 5780 2150 2869 5469 5384 5128 2566 4852 7690 160 360 6810 1739 7435 4476 
549 120 0 139 238 0 0 257 149 258 512 256 241 16 3306 5281 1801 3545 7165 3663 2982 6848 938 1969 7751 7735 1796 5865 2875 6230 
550 120 149 0 238 0 0 257 251 148 512 256 241 16 7224 2790 2860 6747 7016 4238 1484 1644 6959 6453 7026 1710 6021 6962 3389 6012 
551 120 149 148 238 0 0 257 251 258 512 256 241 16 2145 5031 2244 7477 1640 2717 2094 4942 2593 4438 7433 1399 2758 705 1134 1297 
552 0 0 0 238 0 241 135 125 160 512 256 512 15 3573 3191 454 5563 1326 5901 2766 822 3717 7255 4294 6625 1797 1082 1346 
553 0 0 160 238 0 241 135 125 258 512 256 512 16 7019 2981 1681 6616 2976 4671 4564 5095 3933 3071 4765 1490 6697 6722 3860 3182 
554 0 125 0 238 0 241 135 251 148 512 256 512 15 3690 2495 6182 5736 3371 3203 3807 4629 1004 7984 4465 1404 1540 7331 1940 
555 0 125 148 238 0 241 135 251 258 512 256 512 16 4360 3242 2205 5108 3793 1884 4317 1422 7366 3699 3477 2718 1664 5373 5731 1534 
556 135 0 0 238 0 241 257 129 163 512 256 512 15 5206 895 6434 7802 204 2876 765 2807 1657 3047 3834 1456 292 6914 7467 
557 135 0 163 238 0 241 257 129 258 512 256 512 16 472 1834 7341 4656 2025 5333 1231 5213 166 2511 1907 1558 1268 794 7039 6882 
558 135 129 0 238 0 241 257 251 106 512 256 512 16 6787 4911 4357 4254 5357 7201 5864 6754 7924 7087 6680 6141 5544 6597 3766 7380 
559 135 129 106 238 0 241 257 251 258 512 256 512 16 6602 3342 1446 6621 6897 2231 718 4060 7740 2543 7430 1161 3595 4300 3821 6954 
560 0 0 0 238 256 0 141 132 105 512 512 226 15 4615 4893 4524 1727 4688 7697 5086 1782 647 7569 3724 5951 1351 6256 6618 
561 0 0 105 238 256 0 141 132 258 512 512 226 16 5096 6731 7759 6013 7097 3084 3302 7755 6746 513 6295 6756 4351 6310 6740 2318 
562 0 132 0 238 256 0 141 251 175 512 512 226 15 4281 5807 5693 6532 2651 7694 1254 509 80 4621 5478 914 1031 26 7756 
563 0 132 175 238 256 0 141 251 258 512 512 226 16 6980 7875 4331 6074 5838 508 6322 7432 4851 7588 7369 3184 6628 778 3697 4557 
564 141 0 0 238 256 0 257 125 121 512 512 226 15 798 1001 6362 2165 5330 577 3684 1457 5809 3583 726 1915 5217 6591 7746 
565 141 0 121 238 256 0 257 125 258 512 512 226 16 7969 1431 5520 1912 2436 4563 7966 4910 4352 1928 4205 7673 2544 2772 6804 5754 
566 141 125 0 238 256 0 257 251 144 512 512 226 16 4946 644 2508 4456 3917 462 441 3140 5998 2585 3653 5723 1172 3714 1155 468 
567 141 125 144 238 256 0 257 251 258 512 512 226 16 3401 7050 1019 6377 3188 5485 4719 7977 7854 2691 3914 7405 6266 3051 2473 2622 
568 0 0 0 238 256 226 115 132 133 512 512 512 15 6853 7728 1061 3832 5830 1494 1495 3178 4035 3966 1716 5686 6315 4754 7719 
569 0 0 133 238 256 226 115 132 258 512 512 512 16 4302 7434 7961 1831 1017 966 3252 3954 2794 4544 2153 4026 395 673 4312 4900 
570 0 132 0 238 256 226 115 251 98 512 512 512 15 341 1982 3536 6658 270 7949 5062 5337 1434 1941 1164 2630 5617 3824 3100 
571 0 132 98 238 256 226 115 251 258 512 512 512 16 7600 6293 3521 6275 1738 5985 2778 7822 7335 6387 7053 5486 4755 6829 5377 220 
572 115 0 0 238 256 226 257 131 132 512 512 512 15 6064 1444 2799 1081 7447 5231 729 7196 748 55 4220 3901 1994 2710 465 
573 115 0 132 238 256 226 257 131 258 512 512 512 16 5489 3638 4235 3858 7111 3270 1600 4962 4216 3902 3894 1420 950 799 6081 592 
574 115 131 0 238 256 226 257 251 144 512 512 512 16 5335 786 7611 6595 3093 1020 2657 7120 1580 1099 16 6383 6226 6749 3194 7878 
575 115 131 144 238 256 226 257 251 258 512 512 512 16 4865 5607 3632 7990 960 5415 7428 6373 84 758 322 4471 452 5174 6552 5955 
576 0 0 258 0 0 0 107 105 402 264 238 247 15 106 1423 6371 6427 5614 3045 5371 2329 4549 947 896 2242 512 5181 6828 
577 0 0 402 0 0 0 107 105 512 264 238 247 16 3755 2259 65 5770 2567 1125 1757 6596 6729 7048 7663 2273 2267 6130 2853 6827 
578 0 105 258 0 0 0 107 251 388 264 238 247 15 5868 1987 2897 5997 3177 7996 3870 2176 3740 3435 2474 6325 1721 4757 4590 
579 0 105 388 0 0 0 107 251 512 264 238 247 16 4307 2243 5704 3662 5604 1276 1857 7507 7563 857 555 4981 2136 4039 2838 2703 
580 107 0 258 0 0 0 257 142 384 264 238 247 15 618 4973 4283 5579 6920 5130 3341 6129 3846 3728 6341 1318 4427 1730 3561 
581 107 0 384 0 0 0 257 142 512 264 238 247 16 7249 6451 6635 1891 4528 1287 7086 2797 6062 2303 73 2196 4179 2437 5751 4934 
582 107 142 258 0 0 0 257 251 394 264 238 247 16 853 436 2896 5123 114 1518 3565 2980 7040 4297 6312 21 640 4633 651 7945 
583 107 142 394 0 0 0 257 251 512 264 238 247 16 5543 1319 4076 4219 323 5052 3693 7481 1386 7452 6575 4961 2290 1455 6645 2768 
584 0 0 258 0 0 247 114 142 383 264 238 512 15 7675 3248 5208 2141 1138 7773 7743 6047 2287 4291 4650 4832 1808 7240 838 
585 0 0 383 0 0 247 114 142 512 264 238 512 16 4846 911 6611 4912 736 5796 2854 2445 2697 5334 1465 1352 2662 681 7403 1799 
586 0 142 258 0 0 247 114 251 352 264 238 512 15 6482 4941 988 849 608 1879 4996 6353 5286 5318 1331 6869 6733 2769 3200 
587 0 142 352 0 0 247 114 251 512 264 238 512 16 404 7827 3743 6572 7613 995 926 6549 5236 7914 1806 5511 7074 6160 1665 2353 
588 114 0 258 0 0 247 257 107 375 264 238 512 15 5785 2995 3364 427 1733 5331 4242 408 2069 2068 4168 7985 5090 4894 5596 
589 114 0 375 0 0 247 257 107 512 264 238 512 16 3441 5646 3059 7490 2317 2590 1926 5734 978 7123 2536 235 7137 1448 6425 7213 
590 114 107 258 0 0 247 257 251 354 264 238 512 16 6259 3455 4732 1454 1507 7300 3439 3361 7263 2221 2558 4778 3066 4606 2376 2844 
591 114 107 354 0 0 247 257 251 512 264 238 512 16 2921 37 209 2453 5568 2932 2624 7834 4250 5960 5957 2804 5305 5224 1690 478 
592 0 0 258 0 238 0 104 118 352 264 512 245 15 3961 2186 4860 537 7689 7227 6965 5937 2499 5493 7392 7063 936 4164 1755 
593 0 0 352 0 238 0 104 118 512 264 512 245 16 1863 1160 817 2938 3769 2441 564 1936 4676 7833 4048 5133 825 7492 3491 3197 
594 0 118 258 0 238 0 104 251 332 264 512 245 15 3718 5480 62 3551 641 3183 5340 2032 3202 3167 6751 3447 498 4740 5681 
595 0 118 332 0 238 0 104 251 512 264 512 245 16 3557 4163 6973 6420 571 7793 2377 2229 4206 2179 2619 4310 2667 2169 4091 5765 
596 104 0 258 0 238 0 257 117 432 264 512 245 15 6483 302 830 4616 3107 5190 774 1440 4772 4704 5837 1592 1618 5227 5139 
597 104 0 432 0 238 0 257 117 512 264 512 245 16 275 859 2216 1803 3373 4014 1480 7644 5182 5119 2331 1654 2950 6246 4004 4999 
598 104 117 258 0 238 0 257 251 419 264 512 245 16 182 999 5615 4057 4347 1935 5674 1766 702 2449 3239 4687 7636 2575 4533 6393 
599 104 117 419 0 238 0 257 251 512 264 512 245 16 6173 917 4267 315 5799 7861 1550 3787 6297 1397 1357 5692 6815 1582 5618 6580 
600 0 0 258 0 238 245 142 138 362 264 512 512 15 245 1856 2873 2996 4584 4223 1802 6888 30 3783 7983 1110 4308 723 2271 
601 0 0 362 0 238 245 142 138 512 264 512 512 16 6846 2333 6600 2645 6356 1951 7794 4948 6647 2204 5483 412 6868 4792 6030 3102 
602 0 138 258 0 238 245 142 251 376 264 512 512 15 5138 3559 1810 2588 7419 5500 751 7022 288 4088 4430 2708 6045 1026 2671 
603 0 138 376 0 238 245 142 251 512 264 512 512 16 5109 2958 7923 4284 1204 6926 6623 1551 5899 5068 2484 2112 2125 1322 5048 3041 
604 142 0 258 0 238 245 257 118 373 264 512 512 15 5742 2337 6760 5949 3698 7010 6811 2610 6188 654 2806 1047 6924 3843 2175 
605 142 0 373 0 238 245 257 118 512 264 512 512 16 5010 298 2919 2031 491 2837 9 7682 4109 1054 4743 6144 6285 4828 4482 872 
606 142 118 258 0 238 245 257 251 332 264 512 512 16 5775 4686 3982 5019 5639 5332 5982 4780 664 3569 5660 3739 3179 7211 791 3876 
607 142 118 332 0 238 245 257 251 512 264 512 512 16 6905 5168 1587 2805 417 4074 1186 3935 175 6044 922 4601 6258 443 7784 6998 
608 0 0 258 264 0 0 149 118 373 512 265 229 15 6633 5569 7967 7000 5884 1786 5601 3232 3859 4217 3378 6095 2116 766 7210 
609 0 0 373 264 0 0 149 118 512 512 265 229 16 2498 4955 522 1041 4784 7692 1658 2600 6488 1281 4867 4030 6832 5556 5045 558 
610 0 118 258 264 0 0 149 251 405 512 265 229 15 1123 6712 5953 1100 6363 2813 4318 4011 4169 5581 792 6540 7992 4631 3850 
611 0 118 405 264 0 0 149 251 512 512 265 229 16 1748 1632 5657 1984 1416 1124 7005 5911 5107 637 542 3668 4034 119 5932 7568 
612 149 0 258 264 0 0 257 137 346 512 265 229 15 5654 7630 5722 5427 5308 3165 6390 2502 127 4437 3001 53 174 3365 7643 
613 149 0 346 264 0 0 257 137 512 512 265 229 16 3436 3854 3061 2777 1067 4506 2251 4534 1975 2364 5890 6986 6166 6755 4969 6017 
614 149 137 258 264 0 0 257 251 393 512 265 229 16 1760 1012 3056 2245 7885 3311 4410 4920 1241 1463 619 1789 1765 1545 1621 623 
615 149 137 393 264 0 0 257 251 512 512 265 229 16 4702 3556 5134 6486 6198 1918 1648 1139 5913 6780 5924 3008 7781 1152 4460 5851 
616 0 0 258 264 0 229 112 99 353 512 265 512 15 4295 6613 5289 2525 3576 3305 5876 4610 610 5114 2621 788 1381 3023 2211 
617 0 0 353 264 0 229 112 99 512 512 265 512 16 7303 18 4588 3490 3062 5821 7274 5534 2713 6374 7893 1253 351 6102 2878 6219 
618 0 99 258 264 0 229 112 251 339 512 265 512 15 3555 3158 2823 5024 4178 3049 3855 7968 5507 3086 7254 5857 3067 7513 3879 
619 0 99 339 264 0 229 112 251 512 512 265 512 16 7407 1055 5645 6506 4952 2987 3356 6294 4458 5853 3114 413 609 2676 6696 4538 
620 112 0 258 264 0 229 257 124 373 512 265 512 15 1341 2305 1295 7532 3719 4767 3984 7446 2803 2152 2969 1312 3991 7505 4572 
621 112 0 373 264 0 229 257 124 512 512 265 512 16 4204 6445 683 7198 5059 25 309 7065 510 5582 6570 4737 4087 2143 2801 2254 
622 112 124 258 264 0 229 257 251 398 512 265 512 16 3299 5391 3856 1945 2220 6436 4321 178 632 6824 595 2099 6304 3620 7764 4328 
623 112 124 398 264 0 229 257 251 512 512 265 512 16 4355 3989 3291 6280 5079 1832 3339 7258 615 6179 2679 7209 102 2444 1916 646 
624 0 0 258 264 265 0 117 127 358 512 512 233 15 7576 1219 4480 1536 7997 5102 5597 605 4958 583 4608 854 2609 5620 3511 
625 0 0 358 264 265 0 117 127 512 512 512 233 16 6185 5976 1653 7562 3175 2736 1985 910 5051 7070 984 1965 2880 5497 6808 7064 
626 0 127 258 264 265 0 117 251 360 512 512 233 15 7032 4642 604 6928 1238 7266 2056 4618 951 7183 1861 4574 6861 2728 840 
627 0 127 360 264 265 0 117 251 512 512 512 233 16 6299 7272 3297 7799 6551 7620 2926 3817 6336 3310 444 5611 71 4611 5001 312 
628 117 0 258 264 265 0 257 137 359 512 512 233 15 358 2646 7995 4967 7410 1477 6736 5193 6501 1974 1791 388 2166 4433 6727 
629 117 0 359 264 265 0 257 137 512 512 512 233 16 1095 2729 3732 5752 1613 6192 4736 2709 821 7550 2455 2722 1373 1601 1798 7468 
630 117 137 258 264 265 0 257 251 384 512 512 233 16 4165 3819 4118 141 3153 6735 7626 2006 776 3878 4353 142 4571 6653 2124 3677 
631 117 137 384 264 265 0 257 251 512 512 512 233 16 1515 241 2998 1713 2022 5970 578 3650 5920 4108 4023 725 993 5538 6104 1932 
632 0 0 258 264 265 233 138 94 349 512 512 512 15 4992 7412 3944 1243 4925 5917 3170 481 3827 3648 4346 3215 4905 2183 7451 
633 0 0 349 264 265 233 138 94 512 512 512 512 16 3563 3304 4729 1257 7149 1367 1842 3368 4632 6307 449 1666 363 499 2026 892 
634 0 94 258 264 265 233 138 251 425 512 512 512 15 1250 7518 7571 2030 7981 3659 3155 5652 2636 674 6584 600 3881 4993 5903 
635 0 94 425 264 265 233 138 251 512 512 512 512 16 7344 3945 6077 3747 2002 534 5952 2891 7346 6758 5633 3099 4595 4221 7216 863 
636 138 0 258 264 265 233 257 130 389 512 512 512 15 7150 2149 5061 6169 7191 1248 3320 7108 6213 1089 3212 115 4392 3976 4947 
637 138 0 389 264 265 233 257 130 512 512 512 512 16 7307 6707 3145 6498 1218 4790 1023 7913 3602 6041 6216 4997 3442 1904 431 5098 
638 138 130 258 264 265 233 257 251 440 512 512 512 16 7889 5027 4380 7001 6189 846 3818 1032 1947 4477 2986 5016 5338 4 6587 4058 
639 138 130 440 264 265 233 257 251 512 512 512 512 16 162 5537 5575 3614 4191 6571 1685 3517 252 7699 2942 3469 4644 7790 5882 4881 
640 0 251 0 0 0 0 131 372 114 250 260 234 15 1040 538 5531 5126 418 866 2384 3497 2093 716 6767 1829 996 502 1839 
641 0 251 114 0 0 0 131 372 246 250 260 234 16 3689 6909 6022 3512 5385 6238 4119 5624 6648 5487 753 7043 7411 3889 574 3057 
642 0 372 0 0 0 0 131 512 110 250 260 234 15 108 6807 4422 4484 7683 7852 2294 3318 6241 983 4086 768 2694 6819 5457 
643 0 372 110 0 0 0 131 512 246 250 260 234 16 6042 4897 6686 2344 5875 2350 3032 7455 4928 3458 3189 1573 4666 3695 4156 3290 
644 131 251 0 0 0 0 257 377 115 250 260 234 15 5808 660 4847 434 2633 6276 566 5861 3509 2740 4600 1437 1304 7212 3498 
645 131 251 115 0 0 0 257 377 246 250 260 234 16 6250 2049 6681 2820 7648 2959 4529 1699 7687 2034 3995 4201 2390 7928 96 6910 
646 131 377 0 0 0 0 257 512 121 250 260 234 16 6849 808 3397 7135 1133 6788 2052 2464 4789 2572 2180 7910 3885 3922 5423 5395 
647 131 377 121 0 0 0 257 512 246 250 260 234 16 6858 7838 86 4463 6154 7011 6694 1774 5261 3042 5928 6594 1942 5269 2501 1245 
648 0 251 0 0 0 234 124 365 106 250 260 512 15 1044 4830 7851 3075 4795 1175 2071 1460 6037 3639 4286 7788 1271 4103 1030 
649 0 251 106 0 0 234 124 365 246 250 260 512 16 3274 6217 2018 7573 329 5840 2979 5431 4144 3461 1696 3503 7732 7377 85 4979 
650 0 365 0 0 0 234 124 512 123 250 260 512 15 6972 3533 6035 518 7340 4327 1113 5366 3123 7642 1185 1571 5509 703 2852 
651 0 365 123 0 0 234 124 512 246 250 260 512 16 7511 6148 27 2282 5347 5080 4007 5721 1645 802 6672 6565 6222 3812 4208 3969 
652 124 251 0 0 0 234 257 388 145 250 260 512 15 7357 596 414 7259 6087 6841 6944 5154 7360 4974 603 2812 5447 2428 5764 
653 124 251 145 0 0 234 257 388 246 250 260 512 16 4649 1131 7918 2193 5587 7685 5392 6140 6432 1705 4960 7814 937 573 7145 6251 
654 124 388 0 0 0 234 257 512 158 250 260 512 16 5905 5811 545 3542 4643 2451 4251 3352 7679 420 2147 7121 4013 2017 4083 4233 
655 124 388 158 0 0 234 257 512 246 250 260 512 16 2226 6877 3759 4067 7318 1442 3473 6708 6454 369 6693 206 2067 6052 4750 3972 
656 0 251 0 0 260 0 133 374 142 250 512 228 15 6867 2577 4517 7653 3009 7837 2841 1180 4607 2367 871 4625 1576 706 5428 
657 0 251 142 0 260 0 133 374 246 250 512 228 16 3579 5748 5317 841 7556 5968 2114 51 1840 7500 2306 3010 5295 1970 6744 7236 
658 0 374 0 0 260 0 133 512 76 250 512 228 15 1181 6626 3037 3336 1421 5362 3326 2301 7937 7681 5404 3515 6476 891 5342 
659 0 374 76 0 260 0 133 512 246 250 512 228 16 928 7931 5339 325 7440 165 4172 3873 4924 7449 4487 5237 1846 7187 2060 3470 
660 133 251 0 0 260 0 257 393 93 250 512 228 15 1328 7047 5700 5376 4699 7927 5125 2939 4112 584 4665 2459 6429 1340 7167 
661 133 251 93 0 260 0 257 393 246 250 512 228 16 1848 6415 5894 5 3548 3996 1150 1347 4746 1546 42 7753 4835 4659 1732 2617 
662 133 393 0 0 260 0 257 512 91 250 512 228 16 2404 6837 5084 5393 2358 2429 2800 2279 2513 6885 1557 7795 4692 7575 1906 4363 
663 133 393 91 0 260 0 257 512 246 250 512 228 16 7471 6440 7319 5908 6468 4552 1625 4811 2109 2401 36 6968 4530 181 5517 6117 
664 0 251 0 0 260 228 126 369 107 250 512 512 15 7462 5963 2527 1741 6531 5783 3130 4664 7439 1761 7356 5504 6339 2483 2665 
665 0 251 107 0 260 228 126 369 246 250 512 512 16 6113 7051 3893 7933 5973 6060 3135 700 7738 4807 100 5717 2210 7264 4073 6088 
666 0 369 0 0 260 228 126 512 112 250 512 512 15 7459 6447 3635 3343 2066 5394 3957 6132 1517 7727 3863 4386 3125 1259 6656 
667 0 369 112 0 260 228 126 512 246 250 512 512 16 4399 3900 1957 4950 6682 1973 5869 3589 2690 7315 7585 1064 2059 63 4234 3284 
668 126 251 0 0 260 228 257 368 111 250 512 512 15 2276 6908 7820 320 7172 4834 780 3391 3465 7778 2612 6114 2207 7497 1052 
669 126 251 111 0 260 228 257 368 246 250 512 512 16 7948 5063 3088 2322 1249 265 4983 150 3942 46 1822 4111 2001 5778 5671 5813 
670 126 368 0 0 260 228 257 512 121 250 512 512 16 2884 7712 3340 192 7804 1199 3185 4614 2324 2398 811 2765 2584 594 1606 121 
671 126 368 121 0 260 228 257 512 246 250 512 512 16 6843 7816 5791 3323 850 5527 906 3119 6559 1072 4343 228 2004 6574 4673 3716 
672 0 251 0 250 0 0 134 392 110 512 264 244 15 7279 2013 1294 1389 880 6762 1564 3390 7106 4110 6201 1105 3748 7776 1888 
673 0 251 110 250 0 0 134 392 246 512 264 244 16 6643 533 5943 3825 7457 2785 3384 5892 793 2992 2293 5081 4708 4712 7844 146 
674 0 392 0 250 0 0 134 512 108 512 264 244 15 6935 6303 5794 7703 6701 6428 6936 7911 213 1283 1114 3016 105 1314 1432 
675 0 392 108 250 0 0 134 512 246 512 264 244 16 6918 4350 3430 6879 1898 4907 3951 4043 383 236 4154 17 2786 430 216 5714 
676 134 251 0 250 0 0 257 368 96 512 264 244 15 2530 905 4127 6158 5378 4299 1395 873 2410 7235 3912 5432 2916 4391 6745 
677 134 251 96 250 0 0 257 368 246 512 264 244 16 56 5039 6883 6431 991 3599 4421 1398 5993 1605 6319 2366 1196 3907 4751 4225 
678 134 368 0 250 0 0 257 512 114 512 264 244 16 7234 5387 3549 3539 202 116 5769 3451 6772 5798 6800 5011 7320 2933 1135 6405 
679 134 368 114 250 0 0 257 512 246 512 264 244 16 3800 311 3508 1633 7509 1198 6765 7792 5492 7094 3762 5679 7619 3897 3906 5178 
680 0 251 0 250 0 244 116 391 87 512 264 512 15 6507 227 1750 1634 3218 486 714 4521 5375 6983 7038 7591 3192 7926 1370 
681 0 251 87 250 0 244 116 391 246 512 264 512 16 7584 5915 6170 7372 7597 1372 5846 3660 4387 1561 5771 670 801 1255 276 2900 
682 0 391 0 250 0 244 116 512 126 512 264 512 15 6233 7798 3774 6111 5255 1624 3703 7855 5627 1330 4550 299 741 5196 3000 
683 0 391 126 250 0 244 116 512 246 512 264 512 16 5121 295 7378 7127 7421 653 4479 7017 7358 6942 493 1491 1412 7306 5718 52 
684 116 251 0 250 0 244 257 351 78 512 264 512 15 243 6563 2940 2223 806 6079 5981 5759 5967 3896 7662 1851 5691 2763 2341 
685 116 251 78 250 0 244 257 351 246 512 264 512 16 5934 2187 139 622 5066 6351 4031 6187 421 516 3400 1338 2828 1260 5852 6958 
686 116 351 0 250 0 244 257 512 56 512 264 512 16 244 1471 5522 2706 2316 6033 4369 4065 1636 7228 3407 6844 7718 399 6279 4514 
687 116 351 56 250 0 244 257 512 246 512 264 512 16 2591 3004 6934 711 4002 2542 5042 149 7660 2232 5288 7519 5456 1280 3201 1776 
688 0 251 0 250 264 0 124 360 129 512 512 239 15 1435 1783 4159 4176 7100 7292 3678 1864 1212 1742 611 5964 6651 4431 1468 
689 0 251 129 250 264 0 124 360 246 512 512 239 16 3082 6036 3144 7828 955 3366 3949 4703 3836 3154 6313 7649 3244 5749 6050 5954 
690 0 360 0 250 264 0 124 512 99 512 512 239 15 1756 7139 963 6014 5609 4668 3657 982 4098 3560 3319 2361 2463 915 7218 
691 0 360 99 250 264 0 124 512 246 512 512 239 16 2055 6845 3642 5684 6142 7431 4756 7394 5322 556 7312 4336 4200 5319 7015 6660 
692 124 251 0 250 264 0 257 372 108 512 512 239 15 1824 6443 1813 2003 1182 7099 2177 4565 7655 5292 334 4542 5880 6093 5049 
693 124 251 108 250 264 0 257 372 246 512 512 239 16 5699 5129 4239 2554 2638 2375 7999 920 3333 1474 724 7900 2746 7741 6010 6442 
694 124 372 0 250 264 0 257 512 138 512 512 239 16 5164 7383 7031 4287 4653 6539 7760 7166 5425 2641 4806 1933 5630 5316 6679 1929 
695 124 372 138 250 264 0 257 512 246 512 512 239 16 5619 6174 2670 1635 3956 1267 1575 2190 3892 1562 6327 3255 7880 1978 3594 887 
696 0 251 0 250 264 239 114 376 136 512 512 512 15 1115 5442 3484 187 569 4270 5472 7617 2512 5267 903 6402 375 6028 6007 
697 0 251 136 250 264 239 114 376 246 512 512 512 16 238 70 2215 158 5539 1162 4602 3630 7964 7553 4707 4472 7237 2181 285 4995 
698 0 376 0 250 264 239 114 512 137 512 512 512 15 4985 2157 7907 261 4325 4883 3998 3172 2266 7908 7541 7770 7677 6343 1725 
699 0 376 137 250 264 239 114 512 246 512 512 512 16 7988 781 2539 1549 4593 328 7657 6642 7972 203 1773 1753 4937 6059 1708 5450 
700 114 251 0 250 264 239 257 352 100 512 512 512 15 2131 4197 7978 2918 7758 7058 5433 5452 118 7348 4273 7590 191 3723 7328 
701 114 251 100 250 264 239 257 352 246 512 512 512 16 6016 1039 5093 3132 74 3396 3214 7874 5893 829 1293 4045 4603 1214 4646 6150 
702 114 352 0 250 264 239 257 512 109 512 512 512 16 2357 5491 5361 3702 4904 4541 2414 7090 7879 5416 1938 7696 7155 952 6661 3744 
703 114 352 109 250 264 239 257 512 246 512 512 512 16 4855 7860 2814 2061 2967 7785 4821 7528 5878 5440 3604 3482 6261 6485 1496 3887 
704 0 251 246 0 0 0 109 382 349 255 246 242 15 529 1084 5417 3348 5502 6382 875 3627 2735 7055 2320 4582 5078 5885 7104 
705 0 251 349 0 0 0 109 382 512 255 246 242 16 3351 7248 5816 1313 6298 5545 3474 4605 2917 3021 543 5695 7206 677 6945 2792 
706 0 382 246 0 0 0 109 512 387 255 246 242 15 205 2796 5464 7354 4591 6510 2644 5298 5713 3526 760 5832 5572 3673 4345 
707 0 382 387 0 0 0 109 512 512 255 246 242 16 2608 5284 3098 2491 1700 1051 6203 5696 1686 2309 1862 7958 3977 5277 7162 7181 
708 109 251 246 0 0 0 257 374 382 255 246 242 15 4990 1986 803 4779 3928 5647 5060 3412 4862 3872 5580 3712 5820 7314 1011 
709 109 251 382 0 0 0 257 374 512 255 246 242 16 2047 5263 797 1544 4747 2171 6721 6785 7295 6688 3621 4837 445 3205 4243 4889 
710 109 374 246 0 0 0 257 512 364 255 246 242 16 7291 5891 3971 1485 4786 2810 3007 3485 2493 7869 5186 1470 3946 5099 4232 4797 
711 109 374 364 0 0 0 257 512 512 255 246 242 16 3359 4968 2773 3181 581 1711 2142 6379 7565 3675 6456 5142 1954 1726 4733 691 
712 0 251 246 0 0 242 132 411 369 255 246 512 15 6278 5383 7929 6795 738 5243 4182 5296 6692 344 1671 5072 5069 7548 1500 
713 0 251 369 0 0 242 132 411 512 255 246 512 16 6842 2134 2656 7925 908 1565 5750 4917 1178 7116 5418 196 6301 7184 3096 6724 
714 0 411 246 0 0 242 132 512 373 255 246 512 15 777 554 5629 217 4025 3375 6195 5763 1785 943 1642 3670 6725 6167 4306 
715 0 411 373 0 0 242 132 512 512 255 246 512 16 1729 1499 2582 6243 6105 7282 1467 319 1207 2489 60 3124 7128 698 5245 5773 
716 132 251 246 0 0 242 257 380 332 255 246 512 15 7566 5211 2043 5359 7615 6726 3026 7708 4019 4504 6038 4497 544 6365 757 
717 132 251 332 0 0 242 257 380 512 255 246 512 16 3078 2605 2253 2228 7301 3433 6416 3736 3625 7704 1223 1963 4499 1728 2399 6669 
718 132 380 246 0 0 242 257 512 378 255 246 512 16 2174 99 1524 4173 1809 7375 6622 3831 394 531 7059 5309 1130 6364 5938 7347 
719 132 380 378 0 0 242 257 512 512 255 246 512 16 3278 215 7495 5351 4508 1486 7278 5033 6424 4583 5941 5222 7338 5655 5605 422 
720 0 251 246 0 246 0 112 406 386 255 512 248 15 2430 4491 2652 4265 505 5874 294 5470 4640 6391 7607 7739 6223 403 7298 
721 0 251 386 0 246 0 112 406 512 255 512 248 16 3034 5640 696 7629 4366 7362 998 3649 5390 972 2132 1145 5219 1071 6734 5529 
722 0 406 246 0 246 0 112 512 361 255 512 248 15 5848 7942 4826 5124 5103 879 7595 3089 7791 4418 3048 634 6923 3109 867 
723 0 406 361 0 246 0 112 512 512 255 512 248 16 6305 12 7596 7980 3074 5437 5936 2023 2423 1749 1769 5094 5003 5290 3941 6793 
724 112 251 246 0 246 0 257 396 339 255 512 248 15 7955 5320 4289 1159 3148 4478 4268 6592 1362 7857 286 3090 6272 7574 7840 
725 112 251 339 0 246 0 257 396 512 255 512 248 16 1278 6851 4592 335 2775 2162 3217 560 4104 6907 2550 4044 5757 7943 4829 3480 
726 112 396 246 0 246 0 257 512 359 255 512 248 16 2678 1033 266 6418 6069 2368 7288 6326 2521 4383 6019 5097 2571 3272 6971 2704 
727 112 396 359 0 246 0 257 512 512 255 512 248 16 2203 6308 5008 5234 2607 2201 4143 7221 877 1937 7420 4637 7676 2615 7762 3386 
728 0 251 246 0 246 248 110 385 409 255 512 512 15 3427 2756 157 7998 6932 3077 1631 546 773 6778 4190 6352 662 6850 5467 
729 0 251 409 0 246 248 110 385 512 255 512 512 16 2635 170 3610 4902 6993 6000 5753 4781 2284 6984 6061 4468 3952 5118 7119 4278 
730 0 385 246 0 246 248 110 512 407 255 512 512 15 3767 3134 5972 3658 6995 2261 7706 5264 3247 1083 3350 3462 1174 7646 7494 
731 0 385 407 0 246 248 110 512 512 255 512 512 16 4359 3937 7570 1683 4940 5969 5632 6814 2354 7506 3671 5622 4825 701 2486 775 
732 110 251 246 0 246 248 257 379 355 255 512 512 15 1734 1045 6287 3296 448 2960 3544 6703 5314 1880 2826 6581 6444 5557 3322 
733 110 251 355 0 246 248 257 379 512 255 512 512 16 3781 2286 7245 7028 2200 5477 7485 3775 4587 5256 7887 3126 767 815 1607 4260 
734 110 379 246 0 246 248 257 512 396 255 512 512 16 5829 6685 5826 1619 1714 4064 4556 342 34 3844 6406 6987 2682 7268 5650 4037 
735 110 379 396 0 246 248 257 512 512 255 512 512 16 3256 2573 3985 1930 5247 6718 2386 5535 7850 602 2734 5729 128 3546 2378 2830 
736 0 251 246 255 0 0 114 355 357 512 266 227 15 4683 4714 1754 1224 2407 2724 3506 4061 4930 5822 945 7103 6072 1825 6583 
737 0 251 357 255 0 0 114 355 512 512 266 227 16 1684 6576 267 2654 349 2664 2360 4358 2048 5727 1669 1925 3450 2381 6917 2088 
738 0 355 246 255 0 0 114 512 377 512 266 227 15 7192 4466 3003 6357 2310 2126 2283 4493 5697 1542 4717 2649 3180 3801 1901 
739 0 355 377 255 0 0 114 512 512 512 266 227 16 2954 1165 72 1447 782 6605 271 4272 5070 1284 4638 6157 2458 5548 2062 886 
740 114 251 246 255 0 0 257 421 384 512 266 227 15 7903 3015 4816 5407 2514 6332 1853 5720 145 7921 7515 3187 4093 3385 6063 
741 114 251 384 255 0 0 257 421 512 512 266 227 16 5983 2999 4304 4713 7724 6906 5552 4214 6073 7054 5055 337 3472 6900 2115 223 
742 114 421 246 255 0 0 257 512 403 512 266 227 16 1983 5368 15 715 5484 5834 2771 924 2269 3939 2911 1955 5348 1871 6009 3838 
743 114 421 403 255 0 0 257 512 512 512 266 227 16 2355 5242 316 1176 3410 1505 4324 5944 5510 4247 2914 5703 4446 3379 2505 1525 
744 0 251 246 255 0 227 130 353 411 512 266 512 15 151 2723 4531 5862 1830 2538 3851 4818 4230 7089 4539 4341 4406 7474 2342 
745 0 251 411 255 0 227 130 353 512 512 266 512 16 5032 179 6579 837 7194 5207 7567 5975 3017 635 6296 2374 1780 2693 357 1858 
746 0 353 246 255 0 227 130 512 347 512 266 512 15 6103 4887 1679 580 6392 6248 3808 3288 796 6459 6803 3237 2123 6450 1826 
747 0 353 347 255 0 227 130 512 512 512 266 512 16 5841 471 4338 2719 3438 5594 3734 1993 3325 290 482 7715 3848 2285 4764 2388 
748 130 251 246 255 0 227 257 386 373 512 266 512 15 1458 7271 3738 2597 5514 6153 1037 6026 3568 2202 6020 5047 655 1232 6683 
749 130 251 373 255 0 227 257 386 512 512 266 512 16 5324 2552 561 6412 7004 2033 7531 5445 1603 5737 3321 4157 7170 3641 800 2666 
750 130 386 246 255 0 227 257 512 370 512 266 512 16 6324 5578 4408 7469 5777 5694 831 3434 3629 2526 7353 7370 2037 1022 7309 3776 
751 130 386 370 255 0 227 257 512 512 512 266 512 16 633 5300 5642 3504 7453 5519 6227 1104 1746 1132 6938 2225 4378 2626 7848 497 
752 0 251 246 255 266 0 136 363 382 512 512 233 15 2467 2311 3633 4963 5074 3795 1016 4678 4313 7270 4079 7819 3421 6277 5195 
753 0 251 382 255 266 0 136 363 512 512 512 233 16 5441 6463 1717 3558 4875 340 7965 1360 4919 90 2742 4516 4255 2040 259 7529 
754 0 363 246 255 266 0 136 512 365 512 512 233 15 1579 3727 5105 2140 3919 2752 4170 956 2438 4016 4213 7536 257 4056 4222 
755 0 363 365 255 266 0 136 512 512 512 512 233 16 515 1262 138 1103 4475 1539 4126 2042 6462 4823 3136 5599 1183 699 4072 7890 
756 136 251 246 255 266 0 257 391 365 512 512 233 15 474 3796 2178 5738 5525 7640 7482 1029 7359 7691 4152 3572 3867 2975 5784 
757 136 251 365 255 266 0 257 391 512 512 512 233 16 1126 230 4799 6159 6863 7390 1080 3266 809 7754 6719 7382 740 2274 4012 1559 
758 136 391 246 255 266 0 257 512 378 512 512 233 16 6956 6242 4461 6522 7750 5023 464 5658 2212 6473 256 7126 4626 7202 974 7883 
759 136 391 378 255 266 0 257 512 512 512 512 233 16 1599 599 1301 2819 585 4774 4237 7195 3993 3263 1610 1377 4015 7321 7725 6695 
760 0 251 246 255 266 233 136 377 378 512 512 512 15 7253 1784 6494 2732 3213 6847 4509 3471 709 3276 3012 4376 6821 4195 5241 
761 0 251 378 255 266 233 136 377 512 512 512 512 16 7707 4279 4553 6411 1252 1655 7604 293 4198 1028 6024 3737 7093 7845 2213 517 
762 0 377 246 255 266 233 136 512 377 512 512 512 15 7437 3891 3479 5966 1000 2089 2412 4323 3369 2808 4636 7952 6894 494 4397 
763 0 377 377 255 266 233 136 512 512 512 512 512 16 1527 2898 3398 3773 4005 3332 6963 7308 7296 7747 7422 5971 3020 1560 4647 4102 
764 136 251 246 255 266 233 257 358 383 512 512 512 15 3226 2997 333 2507 7621 6235 5608 4000 425 4609 28 5528 5724 2488 1698 
765 136 251 383 255 266 233 257 358 512 512 512 512 16 4691 5220 4388 3574 2568 7242 2085 2425 1270 4125 4612 4839 2984 1220 2965 6039 
766 136 358 246 255 266 233 257 512 360 512 512 512 16 7745 7742 5823 4573 4796 5897 1227 1068 222 4965 1958 2275 4365 2104 477 32 
767 136 358 360 255 266 233 257 512 512 512 512 512 16 3478 1013 3234 5711 7220 7821 7645 2373 5945 6761 470 6779 3932 1149 4240 944 
768 257 0 0 0 0 0 385 113 151 250 231 258 15 2387 7079 628 942 6720 4802 3688 747 4848 3777 3457 2964 6346 2695 305 
769 257 0 151 0 0 0 385 113 248 250 231 258 16 1759 3835 6065 5419 2548 5013 2985 6161 7113 1764 2082 188 2687 7310 666 5521 
770 257 113 0 0 0 0 385 255 123 250 231 258 15 4174 1229 5214 6333 1876 1637 6162 6475 3370 5238 7624 3756 2302 7156 6479 
771 257 113 123 0 0 0 385 255 248 250 231 258 16 964 3452 4561 3532 6143 2549 3590 4710 20 5396 7503 5800 7909 3523 1520 7523 
772 385 0 0 0 0 0 512 129 107 250 231 258 15 1065 2163 1087 1697 557 1838 695 4256 2611 5687 6737 4139 1101 929 6122 
773 385 0 107 0 0 0 512 129 248 250 231 258 16 4758 1793 1107 7522 833 2936 789 1964 588 6750 3353 5533 735 1581 7542 6620 
774 385 129 0 0 0 0 512 255 126 250 231 258 16 3228 4892 7774 4185 284 4694 7311 2091 2909 1169 6915 1948 3895 3405 1492 5302 
775 385 129 126 0 0 0 512 255 248 250 231 258 16 6717 1692 4385 3475 2864 5661 4348 2788 746 2 6477 6288 33 3683 7337 2492 
776 257 0 0 0 0 258 375 142 117 250 231 512 15 1315 4745 5041 7488 1385 4641 4448 1014 87 2095 4257 3488 6 2833 326 
777 257 0 117 0 0 258 375 142 248 250 231 512 16 5613 5888 2798 3745 1828 5659 4042 4899 4762 4831 1523 2948 1998 1336 5961 1676 
778 257 142 0 0 0 258 375 255 93 250 231 512 15 338 1298 1541 2751 7456 4903 7986 824 5136 4022 1350 6878 7374 4354 1060 
779 257 142 93 0 0 258 375 255 248 250 231 512 16 6769 2647 7768 6208 1286 5175 5625 2128 2855 2659 487 1195 6738 5515 3813 5719 
780 375 0 0 0 0 258 512 145 121 250 231 512 15 1264 7293 6131 6262 6667 2471 5567 4116 4314 186 6933 1450 4140 5257 6871 
781 375 0 121 0 0 258 512 145 248 250 231 512 16 6893 4689 7049 3601 3216 4441 678 3492 54 1302 969 1897 4001 3221 1239 3466 
782 375 145 0 0 0 258 512 255 99 250 231 512 16 4720 525 763 4356 7102 6497 1111 973 389 3329 2579 5526 559 1563 4340 7317 
783 375 145 99 0 0 258 512 255 248 250 231 512 16 4805 3681 4153 5283 7426 1027 3665 2598 3823 3235 3645 6702 4305 6546 5161 5127 
784 257 0 0 0 231 0 375 149 149 250 512 277 15 7199 234 6464 7280 4931 88 314 6366 6503 4966 779 500 1835 40 6056 
785 257 0 149 0 231 0 375 149 248 250 512 277 16 839 2065 6809 524 5676 7849 3414 3308 5566 6300 7241 69 847 378 1378 6615 
786 257 149 0 0 231 0 375 255 128 250 512 277 15 913 5987 1374 5459 2348 101 1620 1931 5018 5761 6414 5017 2479 5673 1097 
787 257 149 128 0 231 0 375 255 248 250 512 277 16 1200 3280 7716 1752 4844 884 3987 3380 1905 6816 5649 6492 5422 4709 2922 893 
788 375 0 0 0 231 0 512 129 96 250 512 277 15 4322 428 7114 1662 6654 4288 435 1201 22 6599 3634 1428 2079 253 3338 
789 375 0 96 0 231 0 512 129 248 250 512 277 16 836 5279 5228 2024 7974 1672 1707 2263 190 7737 1096 7020 4724 4697 2565 6860 
790 375 129 0 0 231 0 512 255 86 250 512 277 16 6515 2941 5403 4661 2791 1002 2440 6370 7516 4423 5401 4876 5150 7846 4586 81 
791 375 129 86 0 231 0 512 255 248 250 512 277 16 7994 4486 3970 2901 2101 7442 122 5926 2431 6547 2774 2781 3419 104 5253 5689 
792 257 0 0 0 231 277 368 143 118 250 512 512 15 4084 7559 5530 194 4500 7247 1996 361 1628 3069 2214 5886 5002 7 7920 
793 257 0 118 0 231 277 368 143 248 250 512 512 16 7157 6221 6368 2776 1617 7193 2913 2973 4734 5793 5562 3789 970 1364 7057 2072 
794 257 143 0 0 231 277 368 255 127 250 512 512 15 3335 1202 367 597 6555 7552 1689 1445 2578 2903 7067 4175 3289 5184 2639 
795 257 143 127 0 231 277 368 255 248 250 512 512 16 927 6886 6274 4513 6529 1305 2250 3064 6730 5083 44 4462 3974 5672 3915 6400 
796 368 0 0 0 231 277 512 117 133 250 512 512 15 6966 7862 2312 6292 1503 3159 1024 5201 2345 5218 7391 7414 6018 3530 5743 
797 368 0 133 0 231 277 512 117 248 250 512 512 16 125 7713 4569 6609 4518 3030 6396 6881 5677 3499 49 2862 2236 5301 5449 2151 
798 368 117 0 0 231 277 512 255 133 250 512 512 16 3116 7406 4367 2156 4976 2744 6449 7424 136 5160 1981 7577 7749 1719 6403 7393 
799 368 117 133 0 231 277 512 255 248 250 512 512 16 3440 6286 10 7371 1779 6774 4700 152 4836 3279 2603 4133 1339 1976 4041 1991 
800 257 0 0 250 0 0 375 121 143 512 265 268 15 2198 7486 4032 343 4850 6687 5546 2346 7140 2000 5818 1902 461 587 6092 
801 257 0 143 250 0 0 375 121 248 512 265 268 16 6040 7413 3815 2835 4512 4878 665 1612 7953 4428 7656 1091 783 3905 5466 5847 
802 257 121 0 250 0 0 375 255 107 512 265 268 15 7138 6624 625 1890 1895 6568 921 7129 865 708 3997 304 5850 1903 279 
803 257 121 107 250 0 0 375 255 248 512 265 268 16 3753 7940 4957 1913 3415 5636 5965 2008 1900 4329 3730 1272 3804 3853 6825 345 
804 375 0 0 250 0 0 512 109 146 512 265 268 15 7632 6306 6668 3346 4068 4027 1475 3705 986 6430 4148 5365 4394 7133 6461 
805 375 0 146 250 0 0 512 109 248 512 265 268 16 5536 511 5191 1953 173 5345 2592 1106 4122 274 1156 4180 3131 1413 6348 7082 
806 375 109 0 250 0 0 512 255 107 512 265 268 16 3731 5254 878 5782 5909 7847 4658 7534 7769 6530 4277 563 6514 2745 2332 3661 
807 375 109 107 250 0 0 512 255 248 512 265 268 16 1608 6136 3382 1731 7214 371 5919 1066 3566 7780 5789 3577 5056 4932 4393 4298 
808 257 0 0 250 0 268 382 132 154 512 265 512 15 1141 366 7476 2230 7717 3164 5762 6649 5285 1758 5451 7800 6273 6585 7521 
809 257 0 154 250 0 268 382 132 248 512 265 512 16 7012 7161 1768 5266 7071 6812 1946 7463 959 2702 5250 7493 4470 601 218 2465 
810 257 132 0 250 0 268 382 255 106 512 265 512 15 5824 7561 1585 1943 985 5381 7610 4594 4726 652 3778 7484 5187 5682 4945 
811 257 132 106 250 0 268 382 255 248 512 265 512 16 2371 1392 1343 3265 3394 4162 6775 7448 1595 2529 5910 3219 4038 2219 620 6386 
812 382 0 0 250 0 268 512 91 99 512 265 512 15 3331 6520 7701 3980 5735 4773 6099 5089 1059 4473 4890 1790 1088 282 4009 
813 382 0 99 250 0 268 512 91 248 512 265 512 16 2434 7782 4114 2842 1678 5986 450 1691 4142 1368 2450 820 4648 1770 1393 2475 
814 382 91 0 250 0 268 512 255 127 512 265 512 16 5812 7207 5354 1094 4464 7499 5602 4652 3780 2270 7169 3682 411 50 5246 2994 
815 382 91 127 250 0 268 512 255 248 512 265 512 16 5151 5157 467 423 6714 3316 4264 77 4285 1771 3883 2865 1290 2637 1289 6637 
816 257 0 0 250 265 0 391 124 159 512 512 258 15 7363 7489 3524 4494 3758 2596 3666 7243 5162 6964 3916 2809 6049 1236 6759 
817 257 0 159 250 265 0 391 124 248 512 512 258 16 6320 185 4330 2182 7502 4909 2218 410 939 4898 5494 2589 7368 3227 7902 6448 
818 257 124 0 250 265 0 391 255 73 512 512 258 15 3586 1530 6699 1701 1704 607 2699 4654 1795 4052 3402 5863 2817 4236 4100 
819 257 124 73 250 265 0 391 255 248 512 512 258 16 4339 7436 7899 6281 5282 3538 3934 6452 2433 2928 6237 3791 3792 7204 7936 2767 
820 391 0 0 250 265 0 512 118 154 512 512 258 15 2974 4657 1237 1299 458 7009 6941 523 5988 3570 743 2130 1639 3437 356 
821 391 0 154 250 265 0 512 118 248 512 512 258 16 3091 7896 5200 6260 6678 795 7397 7801 2881 6929 4349 4130 1652 251 7332 346 
822 391 118 0 250 265 0 512 255 119 512 512 258 16 3376 676 7688 7512 2256 5259 3623 3644 6212 931 6996 582 1873 4194 2650 862 
823 391 118 119 250 265 0 512 255 248 512 512 258 16 3884 7409 7239 5653 6741 6857 6833 882 5912 7112 2036 5488 4495 734 5053 6361 
824 257 0 0 250 265 258 364 119 119 512 512 512 15 4315 3923 3043 6048 6029 29 5244 306 2923 7806 5819 2395 3324 2027 3869 
825 257 0 119 250 265 258 364 119 248 512 512 512 16 5073 6407 2481 144 7526 5386 6854 6347 7722 1439 2469 8 7325 1009 4543 5100 
826 257 119 0 250 265 258 364 255 142 512 512 512 15 2882 2447 5542 7752 239 473 1327 3315 1611 6604 5931 6631 7659 6505 3146 
827 257 119 142 250 265 258 364 255 248 512 512 512 16 2692 1489 1827 2442 43 4395 4814 2161 1638 3106 248 1578 97 2547 5188 7668 
828 364 0 0 250 265 258 512 130 138 512 512 512 15 6700 2424 4379 7551 4215 5149 283 4131 7919 5374 1433 3404 949 5260 1137 
829 364 0 138 250 265 258 512 130 248 512 512 512 16 232 4859 661 3507 7222 5197 567 7930 7088 2993 6284 3250 3013 6493 6496 3612 
830 364 130 0 250 265 258 512 255 112 512 512 512 16 176 6771 1990 3676 6472 1225 2832 2240 2129 2574 6544 6323 324 3264 3540 5356 
831 364 130 112 250 265 258 512 255 248 512 512 512 16 7501 5962 1184 5984 7606 6999 5768 5844 7912 3527 1210 4271 6487 2369 1118 1887 
832 257 0 248 0 0 0 376 122 351 235 238 262 15 2831 5927 2606 6178 3033 109 7599 3788 1718 1050 400 5065 3654 3979 1529 
833 257 0 351 0 0 0 376 122 512 235 238 262 16 5942 3463 2520 1815 5591 1537 2660 4106 5634 3587 7081 881 2628 6677 2504 2338 
834 257 122 248 0 0 0 376 255 360 235 238 262 15 7417 5145 2472 1036 4801 5990 4551 6953 6930 5746 7671 4525 2840 5388 4982 
835 257 122 360 0 0 0 376 255 512 235 238 262 16 2971 7238 3580 2397 5481 4266 1417 535 4742 3715 6490 7498 3022 1772 7829 4869 
836 376 0 248 0 0 0 512 143 366 235 238 262 15 4440 3147 2725 5040 250 2046 6289 451 226 7445 5143 7579 2983 3794 7396 
837 376 0 366 0 0 0 512 143 512 235 238 262 16 3700 6896 7905 300 5307 2623 7281 7766 210 4078 3139 260 3295 398 671 6466 
838 376 143 248 0 0 0 512 255 396 235 238 262 16 954 4663 4123 898 7533 13 2748 4134 4604 3571 5468 4914 3110 5906 4660 3428 
839 376 143 396 0 0 0 512 255 512 235 238 262 16 3206 6097 5712 1042 3019 5180 5071 7148 5641 3910 5958 6240 4303 3552 5436 1335 
840 257 0 248 0 0 262 385 115 356 235 238 512 15 2485 4954 5895 2382 2477 5336 6080 4877 5216 4978 645 1627 4728 1179 5372 
841 257 0 356 0 0 262 385 115 512 235 238 512 16 4171 3468 3882 3083 7705 526 2064 2943 586 1511 3908 6612 576 4138 4527 5230 
842 257 115 248 0 0 262 385 255 383 235 238 512 15 6031 4498 4537 4150 4994 6214 377 7141 759 527 7866 7957 3138 3293 901 
843 257 115 383 0 0 262 385 255 512 235 238 512 16 1821 1143 5996 3861 2905 135 1966 4777 818 6927 2614 7976 2716 5405 4411 5524 
844 385 0 248 0 0 262 512 136 337 235 238 512 15 1090 3006 7873 3312 5274 6949 1493 5360 6004 3606 3031 111 727 5209 429 
845 385 0 337 0 0 262 512 136 512 235 238 512 16 5991 7205 3238 4675 1043 2990 331 307 2470 3564 4389 5792 3065 4503 5399 6410 
846 385 136 248 0 0 262 512 255 366 235 238 512 16 6151 7350 6395 2966 5044 19 4426 1300 5221 7136 7811 7244 6789 3018 3550 4415 
847 385 136 366 0 0 262 512 255 512 235 238 512 16 6638 1584 3847 1999 4775 7678 6388 2005 263 212 7581 1583 987 3156 962 812 
848 257 0 248 0 238 0 390 107 359 235 512 267 15 2443 5879 7075 5922 1034 4613 5643 2173 1837 5358 2793 7612 7008 2570 3742 
849 257 0 359 0 238 0 390 107 512 235 512 267 16 3505 7178 6446 1127 1889 7959 370 1425 4189 200 224 5574 455 667 6253 2516 
850 257 107 248 0 238 0 390 255 382 235 512 267 15 4146 1329 722 551 2420 5744 3150 1077 1514 6957 4483 981 6978 6359 728 
851 257 107 382 0 238 0 390 255 512 235 512 267 16 3955 4597 359 2581 948 211 164 7962 591 6394 3770 6925 3651 1317 4589 5585 
852 390 0 248 0 238 0 512 126 341 235 512 267 15 3849 7592 4522 7614 3628 1193 2655 909 7152 6550 5501 5523 3811 6112 1427 
853 390 0 341 0 238 0 512 126 512 235 512 267 16 3531 761 4490 7549 1602 5198 2135 2237 521 1354 4400 613 5870 156 7023 7132 
854 390 126 248 0 238 0 512 255 391 235 512 267 16 4622 5088 7472 2249 2111 6015 1007 1429 7836 7483 1865 6317 4868 6419 3303 45 
855 390 126 391 0 238 0 512 255 512 235 512 267 16 5668 1650 835 193 7859 5683 6106 308 130 381 3036 4293 57 2238 3537 7540 
856 257 0 248 0 238 267 369 110 379 235 512 512 15 6309 233 2408 2870 3875 2669 1 5725 3757 6768 4333 132 2154 7480 5959 
857 257 0 379 0 238 267 369 110 512 235 512 512 16 5554 4212 2856 2553 7232 2924 143 6887 7364 6331 2011 2097 7941 7808 5923 7651 
858 257 110 248 0 238 267 369 255 374 235 512 512 15 2753 3920 5709 5873 7151 6091 4006 7334 6916 7871 4420 5076 3494 2872 7286 
859 257 110 374 0 238 267 369 255 512 235 512 512 16 2446 6948 5900 7250 432 496 1151 540 6676 6495 7025 5896 536 3095 6979 6046 
860 369 0 248 0 238 267 512 140 410 235 512 512 15 4396 2648 59 4481 7085 3028 5323 5833 6607 4326 5612 5028 3784 4160 1409 
861 369 0 410 0 238 267 512 140 512 235 512 512 16 2323 1882 1282 7027 7046 7117 2063 7355 3204 1807 6271 5558 2839 7376 4972 4771 
862 369 140 248 0 238 267 512 255 384 235 512 512 16 5115 2953 1424 7322 4624 5226 479 5576 3958 876 6270 6269 3117 5730 6330 171 
863 369 140 384 0 238 267 512 255 512 235 512 512 16 2363 5132 1355 1977 2413 3929 1261 3424 3797 3611 7077 7608 1240 5621 4739 2653 
864 257 0 248 235 0 0 392 100 355 512 246 261 15 4690 1438 392 460 5379 76 2946 5223 3643 3409 2084 694 229 7290 5054 
865 257 0 355 235 0 0 392 100 512 512 246 261 16 4949 6360 2631 565 2846 2113 1035 2054 2356 3584 2907 1406 752 5887 201 7217 
866 257 100 248 235 0 0 392 255 368 512 246 261 15 6120 4003 6027 2714 3874 2789 6205 6912 195 3820 3768 107 6991 2945 3617 
867 257 100 368 235 0 0 392 255 512 512 246 261 16 4864 6338 6491 66 5856 7056 5163 6728 507 4344 2321 3399 6543 6538 7061 3704 
868 392 0 248 235 0 0 512 130 369 512 246 261 15 6674 5603 7693 5122 7895 93 386 4882 7638 501 2336 4540 140 6340 5797 
869 392 0 369 235 0 0 512 130 512 512 246 261 16 2308 3327 6509 7680 6671 7226 1206 7352 4049 1709 7891 382 385 7812 5064 2845 
870 392 130 248 235 0 0 512 255 346 512 246 261 16 6006 4368 6481 3207 4706 6856 1659 2426 5871 6763 4245 2731 4749 7441 4207 3886 
871 392 130 346 235 0 0 512 255 512 512 246 261 16 3752 4824 4029 3652 3251 83 659 2681 6163 4107 6525 7443 3115 1053 5212 4935 
872 257 0 248 235 0 261 374 113 363 512 246 512 15 5171 1833 4519 6145 6384 7598 6067 6872 2910 992 562 6186 3613 1203 1190 
873 257 0 363 235 0 261 374 113 512 512 246 512 16 7033 1296 4526 2272 2456 5014 6614 7842 3259 6118 3425 5453 3983 6057 7466 4815 
874 257 113 248 235 0 261 374 255 375 512 246 512 15 2365 1348 1403 416 2148 4842 5112 7856 1461 6657 6982 4879 5169 2677 2675 
875 257 113 375 235 0 261 374 255 512 512 246 512 16 1481 480 3967 3647 3637 6831 3044 6071 989 852 1852 5690 1939 1478 1920 4080 
876 374 0 248 235 0 261 512 173 394 512 246 512 15 3994 268 5946 4585 4794 686 4730 2503 3467 575 2403 6527 2604 1767 2016 
877 374 0 394 235 0 261 512 173 512 512 246 512 16 754 4089 5914 7465 4701 6937 7273 7030 1859 5688 4361 7395 1688 2620 874 3711 
878 374 173 248 235 0 261 512 255 384 512 246 512 16 3988 3578 900 2118 6165 1453 7021 4282 7385 4987 6455 1411 3133 1960 5408 6813 
879 374 173 384 235 0 261 512 255 512 512 246 512 16 4181 3680 6100 1651 6911 1720 6663 7807 4203 4677 3273 4244 1482 6593 2217 1274 
880 257 0 248 235 246 0 362 128 389 512 512 237 15 2594 7865 7159 7971 616 4113 4568 504 2195 384 2168 7944 932 4097 994 
881 257 0 389 235 246 0 362 128 512 512 512 237 16 1109 528 6898 4374 7557 7877 3449 3782 3246 4927 4447 6199 2050 5380 6116 91 
882 257 128 248 235 246 0 362 255 369 512 512 237 15 6051 7367 1345 5012 5202 3694 539 6502 2893 3330 4808 4705 1379 4886 7475 
883 257 128 369 235 246 0 362 255 512 512 512 237 16 278 6090 1233 5131 589 7381 297 5476 7991 925 7153 2476 4124 5153 5397 7091 
884 362 0 248 235 246 0 512 157 368 512 512 237 15 1018 4275 5715 1366 3501 1359 4977 3760 3640 6976 7504 1216 7096 7326 3392 
885 362 0 368 235 246 0 512 157 512 512 512 237 16 2851 7867 2280 7429 3236 4953 1872 5229 2726 6135 1153 1170 391 2189 5315 7786 
886 362 157 248 235 246 0 512 255 389 512 512 237 16 5363 6952 3151 3349 4184 6474 67 4627 918 1623 570 3121 4296 3209 953 2858 
887 362 157 389 235 246 0 512 255 512 512 512 237 16 2780 3225 1358 6554 2117 3118 1246 3161 2770 6504 2688 6777 2755 6043 832 272 
888 257 0 248 235 246 237 384 108 417 512 512 512 15 7723 7803 7797 5547 7427 5438 5628 2749 4763 2625 6951 4682 4246 1816 4457 
889 257 0 417 235 246 237 384 108 512 512 512 512 16 2155 1934 1513 1396 168 5430 4547 5814 2137 7252 5843 1881 1158 3841 4667 7158 
890 257 108 248 235 246 237 384 255 361 512 512 512 15 5370 5741 4896 3857 6541 1528 5091 5352 4617 330 6950 4248 2394 5057 5670 
891 257 108 361 235 246 237 384 255 512 512 512 512 16 2560 7554 2422 1896 2968 1112 3420 7118 5795 2222 7105 6197 6321 3162 7775 5806 
892 384 0 248 235 246 237 512 140 382 512 512 512 15 6548 657 6441 6752 3692 5907 2021 7898 1923 6109 6435 4051 6078 4253 6922 
893 384 0 382 235 246 237 512 140 512 512 512 512 16 717 940 4429 6673 899 1735 2007 7809 246 7702 4923 4196 3522 1154 5443 407 
894 384 140 248 235 246 237 512 255 388 512 512 512 16 1472 1598 1516 4382 3626 503 2288 3802 7122 6558 1324 612 137 2409 78 1056 
895 384 140 388 235 246 237 512 255 512 512 512 512 16 2078 7586 3168 1538 2319 6873 5710 6066 3520 3079 6709 7897 5508 5239 4752 1251 
896 257 255 0 0 0 0 387 376 135 241 246 234 15 2689 506 4577 5593 2811 3163 1046 2912 7789 5009 6830 4053 3605 6921 3367 
897 257 255 135 0 0 0 387 376 259 241 246 234 16 2991 4218 4598 5471 684 95 7826 354 804 2035 1275 5420 393 3516 1365 1501 
898 257 376 0 0 0 0 387 512 138 241 246 234 15 4224 1586 7832 2685 5275 5166 2227 1814 5758 4944 5584 5293 4838 7602 1567 
899 257 376 138 0 0 0 387 512 259 241 246 234 16 484 3211 5540 2576 733 7329 3865 7818 7868 1307 2107 4645 3277 5203 1509 1866 
900 387 255 0 0 0 0 512 388 123 241 246 234 15 790 6630 5327 6985 2779 7993 2821 4334 61 3839 6236 7616 4984 327 7002 
901 387 255 123 0 0 0 512 388 259 241 246 234 16 3948 5828 7095 4651 7714 2405 4849 5706 2417 2041 1860 2904 2601 7761 2300 4276 
902 387 388 0 0 0 0 512 512 146 241 246 234 16 2100 405 7007 1464 7342 1383 5767 6316 2260 639 2255 1291 5460 2906 5276 2351 
903 387 388 146 0 0 0 512 512 259 241 246 234 16 3840 3360 1334 6566 7080 7583 1015 242 5845 7269 2528 2164 4845 254 126 669 
904 257 255 0 0 0 234 359 367 103 241 246 512 15 6083 4183 3454 3403 3959 4211 2522 7277 6791 4050 861 6556 2432 124 2674 
905 257 255 103 0 0 234 359 367 259 241 246 512 16 3027 3448 4576 7935 6234 4770 2962 5037 4511 6662 225 5077 495 6011 1950 7276 
906 257 367 0 0 0 234 359 512 121 241 246 512 15 6970 5328 680 6499 3160 4137 6421 2836 6690 347 6207 1885 1870 291 68 
907 257 367 121 0 0 234 359 512 259 241 246 512 16 629 3309 112 4791 2233 6710 23 844 2888 3862 1459 476 6085 485 3582 3152 
908 359 255 0 0 0 234 512 365 132 241 246 512 15 1189 2188 1356 3281 3785 6194 5205 2627 3307 6128 6125 6264 7881 5939 6862 
909 359 255 132 0 0 234 512 365 259 241 246 512 16 1479 5827 6817 5424 4269 7418 7275 7524 4761 3600 5159 1488 4161 7076 3388 7698 
910 359 365 0 0 0 234 512 512 141 241 246 512 16 7487 453 4425 2015 4579 4921 5406 7665 2478 1668 2506 3313 6802 6344 5977 1724 
911 359 365 141 0 0 234 512 512 259 241 246 512 16 1451 273 117 7593 6561 7146 6404 4753 6641 5194 2268 4964 690 4101 888 4128 
912 257 255 0 0 246 0 390 395 151 241 512 263 15 532 7934 5429 5665 5413 5087 2849 3253 6589 4147 2531 3374 6200 5439 1038 
913 257 255 151 0 246 0 390 395 259 241 512 263 16 4364 4901 7813 5999 1310 6068 2208 3431 2761 742 2138 1191 6228 5825 1737 3301 
914 257 395 0 0 246 0 390 512 145 241 512 263 15 5176 7973 5075 6337 2972 355 3696 4970 7154 6644 5716 1408 4092 4094 1418 
915 257 395 145 0 246 0 390 512 259 241 512 263 16 7537 4803 1073 1836 1922 3416 2159 1466 3483 771 3672 7700 4413 2701 3950 3803 
916 390 255 0 0 246 0 512 379 159 241 512 263 15 7538 4783 1566 3749 5598 397 5933 4679 1215 6314 3927 1687 5475 1469 5680 
917 390 255 159 0 246 0 512 379 259 241 512 263 16 4827 7398 1911 7330 7389 5728 5303 1522 3567 4082 5291 5747 6437 4401 2133 1075 
918 390 379 0 0 246 0 512 512 130 241 512 263 16 3888 2952 1908 7633 2315 1273 2224 5867 5781 5085 4151 3918 5204 7734 1265 3829 
919 390 379 130 0 246 0 512 512 259 241 512 263 16 1591 2743 4635 4988 1069 1972 5272 7062 1436 48 1057 1680 6126 79 5167 3111 
920 257 255 0 0 246 263 371 381 176 241 512 512 15 1441 756 2009 902 4435 2877 2247 1841 2370 5995 7029 6283 5294 626 7176 
921 257 255 176 0 246 263 371 381 259 241 512 512 16 7060 3528 6855 6398 7265 3222 2051 2580 2937 6526 7305 2563 313 336 807 2497 
922 257 381 0 0 246 263 371 512 85 241 512 512 15 692 7349 6218 7164 3257 5842 1868 4696 710 7225 762 4873 7037 5701 7736 
923 257 381 85 0 246 263 371 512 259 241 512 512 16 6247 469 6981 7386 5702 1877 4536 5199 3142 2537 7572 183 4711 2686 4186 5739 
924 371 255 0 0 246 263 512 368 125 241 512 512 15 2668 2569 6055 7654 5595 5648 4046 7894 889 5092 1849 2439 3975 6562 5532 
925 371 255 125 0 246 263 512 368 259 241 512 512 16 3038 6773 7185 6665 784 4785 4566 131 7514 376 1498 1820 2435 5135 7478 3372 
926 371 368 0 0 246 263 512 512 157 241 512 512 16 4578 5183 5571 31 1914 7605 1548 6859 2559 6967 4199 4335 5412 7182 2523 3593 
927 371 368 157 0 246 263 512 512 259 241 512 512 16 5273 6422 6961 6636 7603 2258 2239 997 658 82 7578 1277 4843 4695 5271 6152 
928 257 255 0 241 0 0 393 385 128 512 257 257 15 1949 4167 6919 3708 1476 3554 1361 6003 4081 7589 3196 4819 4090 1008 7336 
929 257 255 128 241 0 0 393 385 259 512 257 257 16 339 5156 6557 5287 1102 7667 968 3195 6137 3691 7628 1146 1213 7765 1892 7772 
930 257 385 0 241 0 0 393 512 96 512 257 257 15 134 6500 2326 1875 3129 6742 4492 6123 5398 7177 548 1874 4693 5278 7316 
931 257 385 96 241 0 0 393 512 259 512 257 257 16 5026 2289 2643 5707 7404 2562 1962 3294 7388 5872 2961 4991 3355 2518 1630 7052 
932 393 255 0 241 0 0 512 394 125 512 257 257 15 6245 2461 1388 1656 764 4033 5389 4311 2712 1120 1763 6640 1663 5790 4316 
933 393 255 125 241 0 0 512 394 259 512 257 257 16 7304 2379 6820 4891 5774 3588 3101 4249 6084 2296 2970 6652 5656 5929 3822 7101 
934 393 394 0 241 0 0 512 512 130 512 257 257 16 3871 7470 6796 4229 4727 7639 7083 5280 2541 1070 5148 4735 6076 6573 5355 6977 
935 393 394 130 241 0 0 512 512 259 512 257 257 16 456 4853 2915 3039 5463 5505 5104 5831 6723 1415 3679 6608 7425 488 2908 5881 
936 257 255 0 241 0 257 388 397 110 512 257 512 15 3269 3543 2583 5158 2760 5685 5482 7313 4063 1402 572 6533 3911 5462 3105 
937 257 255 110 241 0 257 388 397 259 512 257 512 16 3953 110 7186 184 4841 6519 870 3518 2500 4939 1744 6943 7637 5050 2480 2857 
938 257 397 0 241 0 257 388 512 118 512 257 512 15 7580 3174 1919 7078 3616 103 1344 672 7190 4054 6990 4417 1078 6342 3408 
939 257 397 118 241 0 257 388 512 259 512 257 512 16 6901 5772 1812 5165 3 6670 4975 2868 6480 7345 1777 7084 2816 530 489 7956 
940 388 255 0 241 0 257 512 387 119 512 257 512 15 3981 368 6782 7125 2170 4809 713 7872 3619 6899 5297 3636 3519 1787 1086 
941 388 255 119 241 0 257 512 387 259 512 257 512 16 6224 2160 1288 2658 6146 1382 1332 5573 7163 6263 1390 1452 6328 6511 3534 4655 
942 388 387 0 241 0 257 512 512 92 512 257 512 16 3241 1854 7932 6567 5904 5232 2672 6823 2339 5498 1570 2738 2555 2045 1594 6417 
943 388 387 92 241 0 257 512 512 259 512 257 512 16 3615 4628 916 650 4507 3806 3081 2086 3223 4121 2185 5506 4674 7134 5588 219 
944 257 255 0 241 257 0 406 358 110 512 512 249 15 6806 6172 6215 379 4075 1867 6255 7684 2406 3686 5631 1643 6127 2494 5637 
945 257 255 110 241 257 0 406 358 259 512 512 249 16 1899 1391 6211 3936 2264 7783 4416 5616 6974 6790 2103 258 1597 2197 6691 6684 
946 257 358 0 241 257 0 406 512 110 512 512 249 15 7916 2385 5461 6267 7982 5458 3493 7853 2825 4342 4332 6818 7379 1510 4515 
947 257 358 110 241 257 0 406 512 259 512 512 249 16 6946 5626 2452 6770 957 980 2944 1230 3763 3814 3229 163 6385 7904 7387 6121 
948 406 255 0 241 257 0 512 381 116 512 512 249 15 5426 869 1569 3890 7142 5755 2509 301 643 5745 2265 4936 933 6870 4405 
949 406 255 116 241 257 0 512 381 259 512 512 249 16 5992 4874 3097 5038 7045 5173 1079 5367 6739 6799 2010 4662 5804 14 4252 4488 
950 406 381 0 241 257 0 512 512 85 512 512 249 16 1647 4419 3931 823 401 4817 5146 4259 1194 6107 7479 2782 6545 2673 2098 3864 
951 406 381 85 241 257 0 512 512 259 512 512 249 16 1547 4769 7510 7109 2871 2935 2076 7609 813 5343 7188 1543 1426 1306 520 6180 
952 257 255 0 241 257 249 372 375 134 512 512 512 15 3190 2199 7256 7546 4906 2252 6119 2899 5185 5866 2661 3496 1076 6408 1116 
953 257 255 134 241 257 249 372 375 259 512 512 512 16 975 4630 7839 1675 3035 4731 976 459 1855 207 6781 353 1702 4715 2343 2295 
954 257 375 0 241 257 249 372 512 95 512 512 512 15 438 6413 5344 3805 5555 123 6082 6864 1025 6534 1308 4129 2335 3701 3735 
955 257 375 95 241 257 249 372 512 259 512 512 512 16 1508 7160 1187 2120 1483 3025 4820 4362 1473 5733 6675 7830 5030 6797 426 4132 
956 372 255 0 241 257 249 512 381 118 512 512 512 15 2866 433 2721 7179 7450 894 167 4861 7444 7946 1878 5325 2416 3963 3786 
957 372 255 118 241 257 249 512 381 259 512 512 512 16 6380 5144 2859 180 231 6518 2720 2730 2586 2640 1119 1010 3943 3103 7709 352 
958 372 381 0 241 257 249 512 512 147 512 512 512 16 3262 1021 4998 4402 7068 7069 3104 5349 3337 4434 3960 590 2557 755 1003 848 
959 372 381 147 241 257 249 512 512 259 512 512 512 16 5854 2834 7695 1144 6528 4599 3173 446 7401 630 6249 3685 4141 3622 5034 6588 
960 257 255 259 0 0 0 373 377 381 265 240 258 15 6582 7180 1085 159 2561 1532 606 1363 6931 1221 7635 1604 5565 2519 5326 
961 257 255 381 0 0 0 373 377 512 265 240 258 16 7938 7560 935 39 1128 5586 5270 2277 7627 7748 6516 2545 6902 6254 5708 1173 
962 257 377 259 0 0 0 373 512 408 265 240 258 15 1384 2895 707 4228 1804 4681 7013 5570 5644 7098 6397 6423 946 1521 3287 
963 257 377 408 0 0 0 373 512 512 265 240 258 16 6617 7835 1369 7960 3141 2902 310 5667 3243 5029 374 2883 5306 4554 2167 5651 
964 373 255 259 0 0 0 512 393 383 265 240 258 15 3765 1325 4120 1778 457 6086 4562 3772 3826 3055 3275 1927 5877 5740 4290 
965 373 255 383 0 0 0 512 393 512 265 240 258 16 4722 6401 4580 490 4047 5606 553 6634 2707 4442 3938 5889 6329 3254 6553 5350 
966 373 393 259 0 0 0 512 512 365 265 240 258 16 4871 4467 120 6101 7044 1519 1622 2737 2683 2934 3112 6875 1244 155 5364 4760 
967 373 393 365 0 0 0 512 512 512 265 240 258 16 7664 3553 2073 668 6183 2988 3973 38 6955 7670 6239 5666 6822 5454 4938 7661 
968 257 255 259 0 0 258 367 379 345 265 240 512 15 5248 4375 6184 3618 7115 6058 5776 7520 4455 350 720 214 2191 1157 3092 
969 257 255 345 0 0 258 367 379 512 265 240 512 16 4718 6210 7817 3122 4884 3664 2894 593 1762 6282 5120 7674 2012 4452 3476 5021 
970 257 379 259 0 0 258 367 512 358 265 240 512 15 5664 7197 3300 255 732 737 6202 7024 6002 7906 6798 5726 5082 4812 6794 
971 257 379 358 0 0 258 367 512 512 265 240 512 16 6134 7947 2206 3866 5974 7634 7287 2613 269 3113 318 6190 5137 2824 1311 2454 
972 367 255 259 0 0 258 512 368 383 265 240 512 15 7260 6489 3830 5177 7219 7006 858 5805 4581 6783 3406 5836 1168 1166 965 
973 367 255 383 0 0 258 512 368 512 265 240 512 16 1893 208 834 4548 5902 5000 3108 1005 3193 4813 5930 3999 3631 1192 2762 7399 
974 367 368 259 0 0 258 512 512 373 265 240 512 16 7423 3011 4274 6389 7323 6524 6075 2815 247 6438 5956 2949 2325 3282 4496 5815 
975 367 368 373 0 0 258 512 512 512 265 240 512 16 4377 1142 7527 2298 4062 2241 1723 6748 7373 3358 7294 6646 3992 3880 41 2304 
976 257 255 259 0 240 0 380 401 369 265 512 252 15 5225 4192 7841 1376 4723 7460 3283 6225 2158 6586 281 6350 2927 7496 6865 
977 257 255 369 0 240 0 380 401 512 265 512 252 16 2383 2448 364 5947 177 1380 2496 1353 5473 98 5839 2314 5669 6874 3220 6713 
978 257 401 259 0 240 0 380 512 406 265 512 252 15 6369 3487 7870 6903 5583 1371 6171 2696 6138 7882 6191 5918 3809 3317 3054 
979 257 401 406 0 240 0 380 512 512 265 512 252 16 2462 6345 7438 7777 5312 3157 1992 579 6108 2108 4454 4986 6268 4502 2139 7168 
980 380 255 259 0 240 0 512 382 389 265 512 252 15 5434 1062 6891 7987 64 5035 3094 4716 5179 4117 2427 7174 7327 6564 6513 
981 380 255 389 0 240 0 512 382 512 265 512 252 16 1781 4885 3721 2334 6094 6409 1673 5414 6156 549 1988 971 689 7246 2482 6139 
982 380 382 259 0 240 0 512 512 344 265 512 252 16 3053 2757 7223 2977 4436 2783 75 5859 2014 172 5110 1405 415 3149 3002 4193 
983 380 382 344 0 240 0 512 512 512 265 512 252 16 961 2886 1217 7672 89 1574 6689 6947 289 189 4008 3231 4069 1533 6032 3413 
984 257 255 259 0 240 252 384 405 373 265 512 512 15 3298 3363 5577 5341 2077 7731 6517 4443 4155 3377 7864 2028 1506 1589 1321 
985 257 255 373 0 240 252 384 405 512 265 512 512 16 3930 598 6376 7710 2402 2490 2587 2328 2867 7299 4280 4929 1794 3947 5058 6155 
986 257 405 259 0 240 252 384 512 361 265 512 512 15 842 5994 6354 3909 3443 5117 5638 3393 6664 2818 3446 2044 3068 621 4913 
987 257 405 361 0 240 252 384 512 512 265 512 512 16 519 3925 2634 2599 7970 3210 2602 2890 2733 1531 739 2075 4685 1894 4258 3058 
988 384 255 259 0 240 252 512 385 378 265 512 512 15 5779 6133 6089 4639 6542 5215 6743 3460 7843 3208 221 3050 6096 2515 4149 
989 384 255 378 0 240 252 512 385 512 265 512 512 16 1410 5346 941 6458 3085 4535 2784 2411 7796 3040 7208 3898 4231 7339 2081 6992 
990 384 385 259 0 240 252 512 512 374 265 512 512 16 4187 675 4373 624 4135 4980 7324 2556 1247 6265 3347 1792 4670 5883 153 919 
991 384 385 374 0 240 252 512 512 512 265 512 512 16 5036 7333 6318 6834 3354 5635 2327 1443 4856 3357 6478 6852 4412 4210 5499 5490 
992 257 255 259 265 0 0 380 377 372 512 246 270 15 6147 7622 7954 6457 7726 4136 3575 6764 3529 6229 1121 380 6705 6939 7508 
993 257 255 372 265 0 0 380 377 512 512 246 270 16 7257 5803 2920 6578 4059 7858 6149 1674 4398 1817 4424 7922 6904 1944 4555 1285 
994 257 377 259 265 0 0 380 512 373 512 246 270 15 2957 1743 4833 816 1309 197 7230 7564 6508 649 3940 6997 3387 2705 1649 
995 257 377 373 265 0 0 380 512 512 512 246 270 16 3710 7886 1148 6715 6054 5111 3445 4453 7402 5192 2349 6698 2517 4489 6792 3868 
996 380 255 259 265 0 0 512 356 343 512 246 270 15 6784 3924 868 147 5663 2110 1177 2947 4021 6164 3655 1552 617 745 5989 
997 380 255 343 265 0 0 512 356 512 512 246 270 16 7144 3495 4888 7171 6439 1886 3591 4469 6632 4202 5116 7963 1921 2393 1811 3120 
998 380 356 259 265 0 0 512 512 385 512 246 270 16 2058 1333 7014 2144 3751 4320 5518 148 3429 4414 2829 977 7491 437 1556 2248 
999 380 356 385 265 0 0 512 512 512 512 246 270 16 7647 5005 4596 1006 3669 5152 4623 2184 348 1751 3459 7618 3073 4857 419 7825 
1000 257 255 259 265 0 270 386 379 411 512 246 512 15 6629 7805 2299 5662 7757 642 6994 7143 3687 3240 1342 7539 483 930 3607 
1001 257 255 411 265 0 270 386 379 512 512 246 512 16 1502 3456 2887 6098 1407 6053 885 6523 1593 6716 3921 1694 2380 5141 1706 1845 
1002 257 379 259 265 0 270 386 512 361 512 246 512 15 4445 3646 6426 2642 365 3314 4145 1997 6889 1279 2632 4532 296 7763 4028 
1003 257 379 361 265 0 270 386 512 512 512 246 512 16 6470 5233 2532 5147 390 855 2457 6535 3720 7543 6349 2787 5705 1677 3598 4177 
1004 386 255 259 265 0 270 512 387 395 512 246 512 15 2850 5802 1980 6753 712 4926 1093 5020 614 4545 5249 1375 6601 1722 3726 
1005 386 255 395 265 0 270 512 387 512 512 246 512 16 5421 3603 979 2257 7110 2885 3422 4370 2989 3267 1995 1449 396 2391 4337 2863 
1006 386 387 259 265 0 270 512 512 344 512 246 512 16 2684 2616 3733 1959 3547 5046 2083 3411 3233 5810 1316 1171 3904 6639 7189 3292 
1007 386 387 344 265 0 270 512 512 512 512 246 512 16 3585 4209 4725 6244 1989 4989 3502 240 440 5786 5788 550 6196 6989 5623 5015 
1008 257 255 259 265 246 0 370 361 413 512 512 264 15 4915 3046 1616 1163 4870 2739 317 3990 6786 5299 2392 5592 5265 3514 2534 
1009 257 255 413 265 246 0 370 361 512 512 512 264 16 1049 1211 7915 1136 648 1497 6766 5600 3481 2070 1122 7767 4071 1646 2087 6711 
1010 257 361 259 265 246 0 370 512 366 512 512 264 15 4407 5402 2400 154 2340 1058 1572 3137 3707 5004 3837 2421 1667 6838 4444 
1011 257 361 366 265 246 0 370 512 512 512 512 264 16 6252 3418 5849 1961 1917 1387 2039 990 1197 3798 6175 1715 3224 7779 7284 6115 
1012 370 255 259 265 246 0 512 384 359 512 512 264 15 2540 262 6890 3903 2629 2827 1555 7669 6290 3525 3230 7631 2564 4010 2889 
1013 370 255 359 265 246 0 512 384 512 512 512 264 16 5940 7173 4459 3741 6302 1818 7003 750 2092 6840 1504 6001 7283 3070 0 1588 
1014 370 384 259 265 246 0 512 512 394 512 512 264 16 2297 4558 4017 4546 3423 5560 5353 7824 1269 1745 1400 7711 7555 372 2535 3432 
1015 370 384 394 265 246 0 512 512 512 512 512 264 16 3063 4505 4227 1526 4804 2121 749 373 810 7035 805 6880 2930 3128 406 770 
1016 257 255 259 265 246 264 374 372 376 512 512 512 15 2307 3845 7823 5400 4520 7892 5140 2352 7587 3198 4261 6291 2029 7547 4166 
1017 257 255 376 265 246 264 374 372 512 512 512 512 16 568 687 1074 856 6975 5980 6209 5589 819 7454 7979 402 7558 2879 7939 3828 
1018 257 372 259 265 246 264 374 512 344 512 512 512 15 2551 3709 2415 5561 3334 5170 1967 1349 5948 1629 5817 3268 7092 7233 514 
1019 257 372 344 265 246 264 374 512 512 512 512 512 16 7261 1092 5321 769 7107 3453 6913 4895 4798 6836 3260 3171 5495 1303 2419 3486 
1020 374 255 259 265 246 264 512 414 366 512 512 512 15 1320 1292 7720 5860 4908 7771 904 3656 3667 1098 3286 4800 1843 6577 5564 
1021 374 255 366 265 246 264 512 414 512 512 512 512 16 7601 4738 3381 4292 2313 4918 2822 1577 5513 2105 1266 7582 3417 4744 4793 2291 
1022 374 414 259 265 246 264 512 512 337 512 512 512 16 7594 627 3722 7544 3500 3080 1188 7297 2759 3913 4449 4672 3592 1661 6610 6666 
1023 374 414 337 265 246 264 512 512 512 512 512 512 16 7175 2747 1258 35 3362 6655 1535 6659 3962 6471 1208 3706 7815 5101 4951 3541 
