32
32 0 0 0 0 132 242 257 252 62 907 492 1747 1800 1242 719 1844 1614 1712 1924 1805 92 704 463 731 552 1394 828 1167 1554 744 730 47 912 1140 332 1487 1205 631 934 287 199 1337 270 1568 237 967 685 466 1641 1235 1234 1883 11 321 161 1660 1596 169 1401 1256 133 1819 447 883 1419 1847 249 1971 1117 387 1484 
33 132 0 0 0 259 242 257 252 63 1129 638 1553 897 1414 547 129 890 682 1462 814 1172 1909 362 688 827 1670 1869 644 1228 442 1693 475 198 303 923 113 1788 1147 1222 1226 693 1952 264 845 772 785 718 1740 697 1823 1956 721 1609 280 1682 1263 1108 1695 1048 277 1626 1099 541 439 1209 1615 864 787 94 826 1063 851 
34 0 0 0 252 133 242 257 512 62 454 1590 656 1797 1831 341 1968 1004 1430 1017 1681 1422 395 26 1884 220 1738 1534 1703 58 1664 409 508 860 1323 1910 1164 1979 1540 673 513 1346 1940 1061 914 1031 1775 1716 1351 1326 1434 843 1941 1512 663 1982 679 24 1495 1782 966 1494 1082 509 822 778 1994 1134 1739 1490 1727 1081 
35 133 0 0 252 259 242 257 512 63 1254 1404 465 647 799 1580 729 160 468 462 1928 1801 765 292 1796 322 786 84 1657 1161 55 1399 1420 1907 1457 758 1444 166 960 1297 1710 950 1431 441 577 452 705 1915 1456 204 1019 1268 1231 360 794 798 1155 1001 1969 1640 1834 938 1644 16 1446 472 726 1600 1912 748 1558 895 1902 
36 0 0 257 0 115 242 512 261 62 751 947 1936 849 641 1276 1331 537 106 1160 926 681 564 1138 896 1551 825 1879 1810 936 1665 288 1721 1757 838 911 723 1465 995 498 1951 1856 62 1808 736 1125 512 571 1987 1755 1799 988 1322 404 1863 1857 1806 1423 1352 555 817 1802 65 1935 857 651 73 702 275 608 618 1397 
37 115 0 257 0 259 242 512 261 63 978 1730 412 30 1204 245 182 436 853 1507 1357 917 424 1654 1455 1110 1318 1054 478 302 323 1518 922 37 1448 1480 491 1550 830 298 209 1891 1803 1582 640 654 235 872 958 1690 1287 1592 999 408 791 1440 427 1587 443 664 1618 417 1454 175 859 774 1047 114 9 1926 1733 370 143 
38 0 0 257 261 147 242 512 512 62 522 1658 1536 1985 910 604 1281 18 1786 449 984 637 863 363 1367 583 610 1653 605 558 1100 840 854 892 1381 534 413 1250 1632 951 1257 1243 1219 1041 1124 119 71 792 312 1238 766 481 609 351 674 444 1666 1055 542 1253 788 1416 1965 1748 510 1932 1842 1916 499 600 592 102 
39 147 0 257 261 259 242 512 512 63 25 776 993 252 646 1760 725 1312 1477 1613 1791 615 388 623 846 619 1139 4 1089 632 1975 1904 1067 1032 821 358 1319 1248 1012 1765 1918 1621 683 241 1545 1685 1713 1648 1832 1095 1601 595 309 141 162 1152 178 1463 1515 115 1218 431 1023 1295 174 1798 1945 1341 1373 127 53 1974 1233 
40 0 242 0 0 133 512 243 253 62 753 1957 1829 1573 1708 768 1741 85 1696 1973 51 928 1736 1742 716 1064 1645 1185 1271 518 1761 100 27 871 891 108 700 1113 1044 1839 574 1259 1576 502 841 329 325 1421 52 1970 1571 1460 1517 703 636 1040 418 165 1840 1180 802 866 538 706 996 1175 1030 63 983 1846 1181 1304 
41 133 242 0 0 259 512 243 253 63 36 850 1133 121 594 46 320 206 1199 1705 1625 811 1437 1774 780 584 181 1732 920 1699 1347 1442 434 86 265 1822 1942 42 414 369 1052 1340 1150 1633 1906 1131 5 906 596 192 150 1249 545 420 603 96 1072 660 1557 1546 937 228 1328 566 829 139 573 1850 808 1606 1848 495 1885 
42 0 242 0 253 106 512 243 512 62 375 1115 17 793 1212 1564 781 261 1432 955 1389 80 880 1725 556 203 533 1370 299 1753 1114 1372 1491 486 915 1624 741 430 653 714 569 1750 1756 1162 227 903 982 146 1412 611 801 1864 1255 1105 328 213 1283 216 1435 295 276 238 1314 70 158 1330 1898 187 1549 1561 493 1468 
43 106 242 0 253 259 512 243 512 63 1773 670 105 285 383 1634 1888 1294 1636 1471 963 1783 952 1851 236 74 1813 421 1978 1196 1039 1293 1198 905 724 1267 873 1496 202 1933 887 1474 622 1338 1182 116 1280 1135 243 1020 1398 806 56 1562 311 191 1938 149 399 1929 1635 118 334 711 1260 1214 516 1395 1575 244 1824 991 1605 
44 0 242 243 0 116 512 512 269 62 1083 634 943 1145 760 677 1631 908 1642 662 875 259 319 1207 1071 1123 1084 972 1686 696 1174 1051 1683 1749 196 1500 1825 1313 403 157 1729 529 1769 1499 1700 738 998 1785 170 505 775 12 777 773 879 1862 546 205 217 1467 60 1671 543 554 698 344 294 1766 1026 701 867 1954 
45 116 242 243 0 259 512 512 269 63 1619 1178 21 1784 1565 1045 1011 1544 877 599 1245 803 757 1220 1033 342 215 315 1186 445 1937 1734 1986 99 394 815 531 767 448 1880 1714 128 1485 1223 266 1278 1930 1470 602 1726 34 544 581 1711 422 1963 335 560 1809 1386 691 286 797 715 633 1486 1524 1159 1362 1130 1607 1728 1804 
46 0 242 243 269 129 512 512 512 62 837 257 1028 1858 267 515 340 1655 1925 1103 179 1579 1360 471 1679 1284 349 1165 1901 782 1224 886 1826 1830 1252 945 1684 1754 1000 956 1993 138 1861 1539 494 1183 1016 1542 271 1984 293 290 90 1262 1527 1669 796 1447 482 72 151 1525 580 635 142 357 145 517 1560 709 1717 699 
47 129 242 243 269 259 512 512 512 63 1780 1505 924 1232 1132 1871 1458 337 1037 1080 809 477 1176 1301 1068 223 655 1610 578 1241 474 1126 333 497 316 1013 974 15 464 740 222 1599 470 561 1377 1958 1955 1270 585 1603 1227 28 944 256 1104 1789 1559 1776 1022 425 1947 831 1698 32 800 1746 1853 1983 1149 230 1029 1285 856 
48 259 0 0 0 371 246 237 225 62 1060 1286 779 338 597 194 927 1541 1374 913 884 970 1931 1628 69 1637 1835 1523 1350 1336 1752 20 1759 1097 628 44 6 839 1195 88 1998 1200 1905 847 1305 1364 234 1229 1996 7 747 314 1014 326 1876 367 1689 1445 1617 87 1315 1828 1764 524 361 40 1620 101 188 666 500 1298 
49 371 0 0 0 512 246 237 225 63 942 964 1719 152 1897 1096 1087 1779 186 1672 33 1503 122 1707 190 789 836 1492 435 1264 557 735 284 81 104 969 2 1027 1201 253 49 1339 678 1964 746 1976 125 1002 1302 1107 1101 973 1563 428 1428 763 136 1450 1838 1581 1692 22 695 1662 10 833 1065 1024 1697 54 1793 1948 1981 
50 259 0 0 225 381 246 237 512 62 1638 1890 1895 587 959 8 783 185 1758 921 1595 279 625 1827 248 1202 601 1704 1327 1236 1272 144 1701 1913 1439 1091 824 1943 939 378 239 487 306 708 218 985 343 1385 1530 1343 1585 473 29 607 410 1009 1612 461 665 652 1141 43 1946 865 1903 1489 1392 1611 620 1768 1608 366 
51 381 0 0 225 512 246 237 512 63 305 1137 1953 1066 232 389 1433 1413 458 1106 878 795 324 1299 1156 588 1088 423 251 734 1990 929 411 862 1210 50 282 511 1771 274 582 820 1790 356 1237 467 1691 1652 1368 661 1094 949 523 882 1639 563 1225 986 1873 77 567 450 173 1678 1770 283 176 1475 1731 743 1059 559 676 
52 259 0 237 0 392 246 512 236 62 1179 1127 1520 948 496 901 576 645 1378 1676 1815 1627 722 1837 527 1718 551 1966 586 535 526 1529 893 132 224 400 1050 135 377 881 359 728 536 432 591 1151 1417 1 1511 1821 1514 759 667 1772 233 455 1889 1425 1537 200 1077 109 818 981 1143 565 1329 1034 1317 613 1354 226 
53 392 0 237 0 512 246 512 236 63 171 1584 45 909 1261 212 250 1650 308 1429 398 1977 1042 1493 210 1043 1424 156 1193 1999 1246 1282 898 962 1583 727 1090 260 1335 1300 835 307 1991 1865 521 19 812 761 876 381 1239 429 954 1807 1409 263 111 987 300 451 1427 193 671 130 59 1882 57 13 479 1602 1355 1007 331 
54 259 0 237 236 388 246 512 512 62 168 925 66 1478 1461 1881 1833 480 1406 1158 460 852 91 416 1920 107 195 229 1528 1438 278 616 297 1348 504 1109 392 1852 1203 1112 528 989 1190 1396 345 994 1939 1345 1403 201 539 1035 1934 384 562 1296 1816 1513 589 694 932 992 507 1887 1896 686 918 330 1170 1393 76 1651 
55 388 0 237 236 512 246 512 512 63 612 832 752 272 1359 900 1538 501 1516 1358 385 1366 1453 1216 1324 575 1018 1206 83 754 874 899 1598 657 1735 1659 386 268 1923 1709 93 1274 246 953 1688 1720 1623 940 659 137 1154 1872 391 1118 1482 1411 78 346 1251 1289 503 1859 1056 140 1767 407 382 570 1472 1153 1053 1960 717 
56 259 246 0 0 383 512 250 252 62 1073 1275 626 183 124 313 1814 95 1076 771 484 1191 762 393 291 1870 379 861 1046 1877 1213 1365 1586 629 902 355 354 1408 23 1418 804 742 485 336 225 347 1441 506 710 680 692 1868 1922 112 1307 1459 684 1567 476 1737 733 532 68 844 1466 1841 469 756 1479 273 1597 1548 
57 383 246 0 0 512 512 250 252 63 1310 690 1038 658 639 1836 1820 117 405 126 669 1265 1215 1111 1668 254 1451 48 889 1687 1566 82 1057 1498 997 888 1908 1972 456 1189 1436 31 1914 1277 1169 1488 525 453 1860 1334 1522 327 1069 61 1273 1464 1911 790 1849 1356 1724 1015 376 242 397 1680 131 1591 784 1383 1469 1291 79 
58 259 246 0 252 382 512 250 512 62 489 1344 1892 1008 163 438 975 1855 339 1900 1146 1643 1116 426 1361 1675 1230 1795 572 548 1578 1874 1508 207 1402 1078 1949 103 1744 1308 1875 1473 976 530 1919 1702 3 97 1630 1391 870 353 1483 968 1510 1025 304 980 1777 1187 110 134 672 1476 459 123 1102 1962 1812 894 184 630 
59 382 246 0 252 512 512 250 512 63 1010 713 258 1878 1867 1899 1332 1763 957 1426 933 1086 869 1288 401 180 1854 1382 755 1184 352 590 1119 1787 1021 1144 848 1003 368 643 446 1306 1569 1415 1194 650 1388 1070 1079 231 1120 1390 433 1663 371 1570 167 813 916 14 1543 488 764 1594 301 931 1647 1656 1290 823 520 1547 1452 
60 259 246 250 0 372 512 512 272 62 164 1363 1762 1085 540 1706 1506 1279 1992 732 621 1157 1092 1221 350 269 255 1509 1371 1376 98 318 1532 1794 1128 1894 935 1531 807 1321 1950 842 579 214 1311 598 1521 606 946 177 39 1353 1997 1173 1501 281 1589 737 374 707 519 593 720 1384 1380 364 739 159 1369 1036 1604 1148 
61 372 246 250 0 512 512 512 272 63 310 1866 155 549 1005 858 153 211 1062 1927 221 971 120 1781 247 1240 89 415 38 1405 1410 941 1443 1673 189 1778 1247 624 1533 457 1168 1519 961 675 219 1723 1142 75 965 1217 1244 1325 553 1192 1988 172 919 1792 41 289 64 1075 1893 834 67 490 668 1574 208 1622 689 1166 712 
62 259 246 250 272 391 512 512 512 62 648 687 1497 1379 819 1845 154 885 1309 317 1122 1629 1407 855 1342 1649 1646 1074 1387 568 1967 1944 1349 483 1674 1677 1481 1743 1593 296 402 1058 649 197 1817 1917 1572 1163 1667 1121 1136 365 930 1197 1049 990 816 769 1502 1961 514 642 1715 1303 1616 1211 380 1661 390 1694 1258 1552 
63 391 246 250 272 512 512 512 512 63 1177 406 373 440 627 240 396 1320 437 1006 1093 1333 1266 1171 148 1886 1269 1375 1989 749 348 1745 1188 1843 979 1588 1535 1980 1818 868 1995 0 1722 805 614 372 419 745 1504 904 1400 770 1556 1811 1208 550 1751 617 1098 750 810 1555 1577 1449 1292 977 1921 262 1316 147 1526 1959 35 
