128
128 0 0 33 71 31 2119 2621 522 1658 1985 1800 910 18 449 2711 2736 984 1797 2996 1844 1614 1831 3368 106 3175 2372 2880 1160 3717 2854 2499 1805 1017 3304 3023 2418 
129 33 0 68 71 31 896 3178 3170 1367 3510 552 1394 3305 1653 828 2976 825 3302 605 936 3754 730 3535 2663 2878 3169 892 3648 2330 1951 3197 1257 3166 3199 199 1337 
130 0 71 31 127 31 2273 3158 3761 2466 3378 3750 3258 3899 2847 947 1936 454 1536 3966 3356 3563 656 1281 1786 3555 2186 3764 637 537 3933 1712 363 1968 681 564 1138 
131 31 71 68 127 32 583 1681 610 2441 2271 395 2116 558 2329 3783 3087 2873 744 58 1757 2645 838 2667 1381 2794 854 2823 47 911 723 332 409 3248 1856 2498 2445 3769 
132 68 0 101 65 31 1323 1243 3084 1219 1808 2848 513 2533 1125 2468 3576 2026 2713 1061 2020 685 3491 2211 2141 1863 1326 351 1235 843 1423 2287 1352 3062 3045 161 3215 
133 101 0 128 65 31 2609 2938 1666 2090 2242 1802 1495 65 1494 73 788 822 3444 1965 978 1819 447 510 1994 3724 2362 412 3984 3561 245 2183 1847 3713 1971 2709 2069 
134 68 65 97 127 31 3961 3827 3014 1041 2318 3771 736 673 3860 3182 1346 2662 3832 237 2525 3071 2567 766 512 2259 1755 2136 481 466 1799 3755 1716 2874 1351 3232 2853 
135 97 65 128 127 32 2153 11 321 3252 2766 2267 2981 3490 817 24 1782 3954 966 1082 2019 1253 1256 275 2987 133 3191 618 3859 3573 1730 3902 3699 1419 30 1842 3944 2925 
136 0 127 38 179 31 3743 2698 1747 2838 3245 604 1242 3793 2958 2588 641 1276 1331 863 341 3557 3870 2495 1004 2179 3005 1430 1924 3099 2795 2377 3511 2546 2396 1551 3609 
137 38 127 63 179 31 3184 3850 1884 3310 1879 1534 1665 288 1100 1703 2764 2487 912 3114 2205 3551 3447 3183 3824 1250 3155 1632 2697 3879 1465 1664 1205 995 2651 508 498 
138 0 179 32 247 31 3100 3513 2122 2127 751 907 492 2718 3807 1590 3345 3596 2813 719 2038 849 3477 3249 3177 2715 3718 3049 80 2891 2708 2474 2769 926 2484 92 2978 
139 32 179 63 247 32 3435 2389 3076 704 463 731 1422 3200 26 2112 2169 1167 1554 220 3328 1738 1810 2926 1721 3697 840 534 3559 413 1140 3855 3926 1487 631 2897 934 2703 
140 63 127 96 189 31 2074 3242 860 3740 2353 1910 3297 1568 1124 119 2676 71 2030 792 2146 3521 312 3662 1238 2636 2700 1987 988 1775 2176 3371 2671 1806 2630 1434 3086 
141 96 127 128 189 31 2243 1234 1883 1660 1596 663 555 2192 3597 857 1055 2892 2797 542 651 3029 702 2056 608 1397 1416 3536 2510 2728 1748 3747 1134 1204 3489 182 436 
142 63 189 93 247 31 951 3167 3202 2460 287 62 2619 1164 1979 1861 3986 270 1540 3067 1940 967 3881 914 571 1984 2778 1031 2229 3668 404 1322 2951 609 1857 1641 2032 
143 93 189 128 247 32 674 3965 1941 1512 169 1401 444 679 1982 1935 3383 3790 3659 1026 2956 509 778 3690 2002 883 3041 2558 3945 3093 2125 2244 1932 1916 3339 249 3194 1117 
144 128 0 152 53 31 3052 3261 1727 2172 1553 2057 647 2710 2143 160 1414 3047 3102 1110 547 2333 129 1318 2165 682 1054 3674 1928 1801 2031 2149 25 2194 3464 765 3562 
145 152 0 193 53 31 2777 1448 1312 2303 3852 1869 3061 2281 2982 830 388 2931 2437 1147 3373 1222 2096 298 693 1904 2317 1067 821 1248 166 2646 2837 683 772 785 3854 
146 128 53 159 122 31 2799 1490 1739 2246 2869 1081 499 3107 465 799 2590 1654 729 2595 3978 890 2727 2536 2950 3968 302 814 2600 1909 2741 3270 362 3426 688 292 3728 
147 159 53 193 122 32 2254 3583 2969 1477 1480 2337 1228 491 1613 198 1657 2359 55 3894 1089 1420 3212 1907 1975 1457 3877 3834 2729 3341 264 358 3364 3698 2235 1803 2919 2876 
148 193 0 225 63 31 2216 950 1431 577 2511 2455 2175 1740 1915 3732 654 204 2068 1956 1268 721 1287 1609 2803 1682 408 3684 1601 3608 3001 798 427 2251 3991 3442 1001 
149 225 0 259 63 31 541 1969 1209 787 864 2331 115 3145 3165 2772 431 1834 2502 2544 472 726 2801 859 2806 2722 1047 2025 1600 1912 127 53 1558 895 370 143 1902 
150 193 63 227 122 31 2995 3060 3719 872 3271 235 1456 2364 697 2166 3843 3779 3024 3545 1231 1592 1095 3186 3320 1108 1440 360 794 3976 3846 309 277 3441 2292 2610 439 
151 227 63 259 122 32 2278 3344 3746 3663 1618 3602 3901 94 1218 826 1023 938 2861 174 1798 3306 3179 774 9 1341 1926 3059 3436 3365 1733 2680 748 1974 2625 2053 851 2198 
152 128 122 157 171 31 853 387 2998 2875 1129 1484 1357 2204 897 3819 3299 424 2955 3818 600 2750 3291 2566 2347 478 2622 592 993 2150 2234 646 3810 2145 2805 827 1760 
153 157 122 188 171 31 1670 2376 1796 2305 3876 3856 644 3595 3638 475 1550 1693 1791 322 786 84 923 303 2290 3858 2802 4 632 1226 2524 1952 3614 3729 1444 1012 1891 
154 128 171 155 247 31 3203 1507 638 1254 917 1404 1580 1455 3140 468 1462 462 3725 3632 2262 3395 2844 3624 102 323 776 1172 1518 3361 252 3153 3188 2921 922 578 3821 
155 155 171 188 247 32 37 2102 725 2843 2508 3989 442 3650 2022 615 3239 3693 1399 3455 3964 1161 2099 113 623 846 1788 619 1139 1020 209 2980 2124 2942 2768 758 3653 1032 
156 188 122 223 191 31 960 1297 1710 2932 1582 241 3842 1545 3917 452 2860 705 2094 2963 3311 3766 3677 1690 3816 280 999 3569 3620 2196 791 3143 2449 1048 141 1155 1152 
157 223 122 259 191 31 2807 3127 1626 2152 3072 664 1463 2209 1515 1640 2436 3714 3787 3739 175 16 1295 1063 3176 3581 3935 3051 1945 114 1373 3342 2790 2453 2245 2679 2250 
158 188 191 218 247 31 1319 1765 1918 845 1621 2080 3565 1685 441 640 2657 718 3066 2006 3914 3517 1713 2929 1648 2754 1019 958 1832 1823 2624 2618 1263 2593 2231 1695 3833 
159 218 191 259 247 32 3401 595 162 178 1587 443 2444 1099 3469 2717 1615 2691 2575 3878 2986 417 1386 2585 1454 1644 3799 2473 3556 2896 1446 2221 3389 2804 2758 1850 3439 1233 
160 0 247 32 315 31 753 837 2293 677 267 1115 1925 1212 1631 908 2132 1564 2106 85 3384 3825 1696 2693 1736 1360 1123 1742 716 3274 2088 2114 3512 3218 2306 696 533 
161 32 247 58 315 31 2483 2040 349 1761 100 2785 3497 3192 1224 3244 3630 3276 1830 486 3450 2652 1825 3144 700 3506 945 3558 569 1750 3610 3836 1044 1162 1754 1839 2732 
162 0 315 25 380 31 3812 375 3010 1829 1145 1028 3627 3154 1858 340 793 1655 179 2066 2093 1741 768 875 662 2071 3237 259 2917 3348 3773 3503 955 51 3057 1084 3949 
163 25 315 58 380 32 2412 972 3213 3034 1645 3189 3484 1271 2367 1370 3319 3474 871 2512 2210 1500 1901 886 1826 2635 3649 3678 2538 403 1313 157 1252 529 714 1684 227 2018 
164 58 247 101 316 31 3689 3817 3082 2467 574 2284 1864 502 2381 1105 3130 841 2181 2742 3285 1016 2213 2756 2374 293 2215 2360 773 3096 546 2311 2979 1460 1669 543 636 
165 101 247 126 316 31 1040 187 2384 3795 1561 1180 2654 2792 1766 2900 538 3461 996 3412 1175 1030 142 2047 1294 21 3421 145 357 1783 517 2960 2527 1784 709 2723 3896 
166 58 316 88 380 31 903 3633 611 801 2841 2310 956 1576 1255 2048 3351 138 3284 738 3471 329 2724 3075 328 170 2342 1435 505 238 3808 90 70 3077 3366 2664 158 
167 88 316 126 380 32 1970 2992 2320 3021 2283 1671 1447 3427 418 1468 3851 1840 294 866 285 3390 2407 1634 3639 706 151 635 2187 3775 2665 963 3737 3893 3480 3135 3004 3187 
168 0 380 29 431 31 634 2539 943 3695 17 1573 3941 1642 1708 2344 2463 2055 2423 261 3767 3032 3318 1389 2361 2134 1071 880 3863 471 1679 2954 3089 556 203 1686 1051 
169 29 380 61 431 31 1683 518 2608 196 2023 27 1753 1114 1372 782 3673 3801 2266 915 108 3734 1624 430 653 1769 3727 3957 1756 2430 3660 3037 3952 146 2059 1412 3172 
170 0 431 31 512 31 1083 1957 257 760 3977 3134 3515 515 3900 1103 2458 3703 3462 1579 2301 781 319 2388 1432 1973 928 1207 3658 3533 1725 3470 3109 1064 1174 3290 1185 
171 31 431 61 512 32 3048 1749 3998 1284 299 2261 2898 3016 3000 1165 2486 3430 2126 1491 891 3919 3438 2852 3479 3969 2140 741 1729 1113 3288 2491 3125 2796 1499 982 3325 1000 
172 61 380 91 447 31 2735 3657 2123 2582 3124 2060 2489 998 3003 3848 2282 1539 3136 1785 1183 325 1542 295 276 3247 3398 3748 3635 1314 3589 879 1262 1527 1862 3343 2656 
173 91 380 126 447 31 1571 3774 1330 3350 60 2350 3180 1549 344 2062 493 2694 3526 670 2294 2285 482 867 3844 1619 1954 580 1178 1888 1471 952 3123 1560 3458 3323 3336 
174 61 447 97 512 31 1700 1993 1259 2649 3670 2089 494 2157 3642 3937 213 216 271 1421 1283 3332 2690 52 775 12 3098 777 290 2309 2786 2644 3326 205 217 1467 1517 
175 97 447 126 512 32 3369 703 554 796 1898 698 2354 3074 3671 3891 3951 165 802 1773 701 105 383 72 3386 2203 2438 3939 1525 3375 1636 3272 3873 2808 3702 63 3560 983 
176 126 247 153 319 31 2812 1717 3009 3012 3889 2033 1232 1045 3579 3736 1011 1813 2543 3544 2085 2425 46 2530 1039 1080 2428 2178 905 3625 873 803 757 223 3928 780 655 
177 153 247 190 319 31 584 315 1241 622 3912 3907 1186 2916 333 445 3226 1734 1182 2322 2965 265 243 2220 2341 448 3205 414 2003 2552 2274 3333 1398 1223 2043 1278 3008 
178 126 319 154 377 31 2577 3017 1780 3214 1851 2042 1565 1304 74 1458 421 1544 3478 1196 2826 1037 320 2746 2617 1293 3472 724 1220 3621 1437 1068 2162 1474 2193 3568 2414 
179 154 319 190 377 32 920 1699 474 1126 1338 2550 3796 1986 1347 3675 3078 3942 434 2828 1822 767 3867 42 1880 740 2375 3433 2253 3996 2410 2171 2286 561 2228 806 3498 3266 
180 190 247 229 321 31 2507 1052 1340 3574 2554 2597 3872 1131 3015 2959 3391 3738 3090 2488 3132 2131 3088 1249 603 2984 1603 96 2115 191 2820 2666 660 2177 1963 3056 3982 
181 229 247 259 321 31 1789 1559 937 2638 118 2399 286 797 425 1947 829 3599 1214 3509 2202 2514 1395 516 139 2366 3321 3296 3641 2918 2200 2763 1824 1607 1029 1728 164 
182 190 321 230 377 31 56 1150 3322 1958 3744 2276 2275 2975 906 5 3781 596 2001 1270 150 2223 2775 544 2940 3465 2049 28 3217 2605 2568 2740 149 399 2612 335 2997 
183 230 321 259 377 32 3995 560 3723 334 691 2390 1328 566 2034 3548 1260 2207 1698 3340 2633 3126 800 32 3712 1159 3396 1362 244 2939 3400 991 1605 3201 856 1285 2383 495 
184 126 377 153 437 31 2067 3148 3887 1846 2190 850 36 2013 3020 121 337 1978 809 206 2999 2378 1176 3985 3546 1198 2451 1705 3549 1267 1625 599 202 3892 1933 3485 3897 
185 153 377 183 437 31 3971 2037 2373 3922 1732 2526 3482 3542 497 2626 1937 116 1280 2368 1013 3776 815 531 2830 1942 2225 3385 464 2459 128 1714 3604 222 3956 1485 2316 
186 126 437 152 512 31 3946 2641 699 2269 2719 1505 924 236 1181 1132 1871 1133 2401 2752 594 2542 877 2104 2800 477 1199 1301 1245 1496 3379 811 3234 1774 2464 1033 342 
187 152 437 183 512 32 887 215 2678 3508 181 1610 2061 2355 3181 2884 2765 2911 2734 2521 2324 2706 3185 1135 3451 316 1442 2357 99 394 2398 86 974 3042 15 3800 369 1599 
188 183 377 229 446 31 1377 2386 1562 3572 3434 2615 2174 2607 2147 3504 1726 34 3932 585 545 3594 3026 311 1227 581 1072 422 2429 2810 2404 3407 3397 1557 3885 2358 1546 
189 229 377 259 446 31 3256 2212 1929 2771 1809 2591 3539 228 2493 1776 2505 1022 711 1486 2573 2004 1853 2279 1575 1983 573 2682 230 808 1606 2142 2914 1848 3950 2206 1885 
190 183 446 220 512 31 266 2584 470 2109 3838 3716 1930 1633 1470 1906 3759 2571 2933 3278 602 1955 2052 2226 2819 2572 192 3255 2513 3972 3762 420 3831 2773 1711 3359 3410 
191 220 446 259 512 32 3473 944 1938 256 1104 2017 2232 2201 2180 1635 3906 715 2814 3629 3119 831 633 3993 2967 1524 2704 1746 3007 2501 1149 3352 2670 3263 1130 3803 1804 1073 
192 259 0 287 69 31 1127 2594 2923 3742 959 3164 2154 645 1378 1676 2831 1815 3788 2456 2395 1837 1627 1833 3613 1406 3259 2387 2082 586 2798 2913 3083 1236 3643 526 144 
193 287 0 328 69 31 2338 3688 3841 1529 229 2948 132 224 1523 3757 1438 1050 3654 3468 378 3246 881 2064 2596 2946 2870 2011 504 88 1385 1998 2943 2050 528 2168 2195 
194 259 69 297 130 31 1179 2924 2382 168 587 8 779 901 3584 1758 576 783 185 2346 3782 1881 1718 527 601 1158 460 2973 3908 3227 91 970 1439 69 1628 1091 400 
195 297 69 328 130 32 1835 135 3494 939 1336 616 359 2548 1759 3409 628 3580 306 6 2065 1109 218 343 2420 839 2520 392 3106 1203 1530 2660 2084 2570 3905 2000 1190 3043 
196 328 0 355 71 31 2097 1364 3505 2669 1396 3777 3835 2907 2553 2230 1996 2809 2027 747 2702 2910 2776 3324 461 201 2985 667 455 2504 1035 1425 3745 1537 1934 384 2835 
197 355 0 382 71 31 87 562 3488 1141 1828 2793 3869 2481 1296 2173 1764 1513 694 200 2443 2856 3524 3882 992 2408 188 2155 2272 109 3033 2726 565 3030 2182 3916 366 
198 328 71 353 130 31 3414 2137 234 1 2628 1511 2687 29 994 3587 410 7 3979 3756 314 1009 3815 1014 326 2485 1612 2113 2516 3789 2695 665 2833 233 1889 2465 3923 
199 353 71 382 130 32 3069 2589 2072 2469 1315 1946 3463 865 1816 524 932 3449 361 2964 2606 40 3425 2054 500 666 3875 942 2312 3236 3983 2218 2749 2356 1768 2846 3758 2477 
200 259 130 288 196 31 2161 1890 1895 948 3637 2560 496 66 3617 2008 597 3308 1595 194 3150 2219 3753 722 248 1202 480 1541 3974 1704 551 2578 2893 1966 852 3452 1701 
201 288 130 320 196 31 3861 1931 3955 2855 1637 195 1350 2971 2905 278 3915 3651 3095 3770 2547 2529 3420 1348 2968 2442 1097 487 239 44 708 432 3704 985 1905 1852 847 
202 259 196 285 256 31 1520 1638 1060 1286 925 338 540 1478 2422 921 3647 3370 279 1461 2928 3590 1827 2692 625 1379 927 3335 913 1374 2222 884 1327 1900 2872 535 1272 
203 285 196 320 256 32 3768 1913 416 2348 2753 1920 3857 893 3219 3044 3538 107 1528 824 3402 1943 3022 3293 377 1752 297 1795 1578 728 20 2699 2397 536 3586 1195 1200 3399 
204 320 130 358 197 31 1112 3146 1343 3997 1305 1151 3920 473 3315 3330 3874 1417 2128 3138 2447 1939 2214 1821 1514 1876 3804 1403 2903 2476 367 652 1445 3730 1617 3987 2882 
205 358 130 382 197 31 1489 1392 2677 3394 2789 589 1077 1611 2945 3289 2472 3380 1620 507 2321 2095 3778 1887 1896 3161 2659 686 1143 2369 2332 3910 1329 964 3501 152 2581 
206 320 197 348 256 31 2817 2365 2767 2549 2371 591 2922 1585 989 1481 3820 97 345 3064 1229 2394 2840 3694 607 2639 3715 2446 3162 1345 3967 304 2479 2647 2433 759 1772 
207 348 197 382 256 32 1689 3280 539 2148 43 3415 1903 2661 101 2614 1036 3532 2302 3813 2751 3792 1298 620 3853 818 2675 981 2780 3151 918 1608 1719 3958 3540 2744 3523 3265 
208 382 0 408 55 31 305 2993 3457 1897 2631 2565 1137 1096 2024 76 3980 3666 232 752 613 3499 1672 2130 2592 186 1413 2079 2842 3216 501 3994 909 1707 2323 3531 190 
209 408 0 442 55 31 789 836 3295 1366 2016 2648 3031 1088 2434 251 3692 557 754 735 1043 2063 1201 282 899 3811 657 3353 1735 274 2345 2990 386 3131 268 1923 727 
210 382 55 411 133 31 2620 3338 1034 1953 1170 1393 1087 2424 2007 1354 2270 1359 226 1433 2263 3221 1503 2151 458 3028 3250 385 1106 878 3634 3466 795 2046 3507 1299 250 
211 411 55 442 133 32 3849 3392 1216 1156 398 588 1206 435 3644 2974 1264 929 1493 874 969 3711 210 2163 2862 253 3006 156 3312 511 3640 2881 1193 49 1282 1771 2280 1964 
212 442 0 475 59 31 2308 2450 3606 3139 3564 93 356 1237 307 3327 1691 3700 246 3522 1652 1368 3794 661 521 1688 523 2623 1154 1872 1639 3013 1101 3784 2851 3705 1428 
213 475 0 512 59 31 428 1409 986 1450 3404 2845 567 2983 450 451 2336 1427 22 140 695 1662 2655 283 59 2475 1475 2236 833 1767 3065 1153 3159 743 54 1793 3437 
214 442 59 477 133 31 3238 1709 1090 260 820 3204 1790 3467 3346 1991 3530 2403 2021 940 949 125 2936 3492 659 761 1302 1107 391 2611 1239 429 2135 3570 1807 563 111 
215 477 59 512 133 32 3601 346 2471 1838 3382 3331 3628 300 1581 173 1678 1770 3091 3147 1859 671 10 1882 2237 57 407 2832 1065 1602 382 1024 1697 3612 331 3884 1059 717 
216 382 133 414 206 31 2858 2725 330 2714 2839 2431 2440 3934 612 2755 1317 272 2745 3791 1779 171 3823 33 1538 3611 3018 1584 3475 1358 45 212 2864 2791 1492 1453 1429 
217 414 133 448 206 31 575 3797 1018 423 2681 734 1977 1990 411 284 50 81 3566 3552 1424 2117 2770 1339 3520 3752 1999 1598 1246 1659 2503 898 962 678 3376 1300 1274 
218 382 206 415 256 31 2118 2716 2078 1066 1651 3645 211 832 3079 2091 3235 389 3118 900 3571 2774 1516 3349 122 2865 1261 1111 324 1240 308 1650 3577 3428 3036 2111 1324 
219 415 206 448 256 32 3133 2966 2256 3578 3228 3419 83 3550 1184 2574 1042 862 3440 1210 2650 104 3117 2 1027 3329 2731 3929 2598 3405 1583 582 2953 2901 2435 1335 3273 2005 
220 448 133 481 195 31 835 2101 2788 953 3676 3886 1720 2492 3424 812 1002 137 2426 381 2909 2470 1118 2036 3207 2688 1563 3156 263 763 78 3680 3316 1225 987 2238 1873 
221 481 133 512 195 31 2129 1251 77 2189 2249 1289 503 3121 2240 3988 1692 3760 193 2604 3116 2288 3681 3780 1472 3683 3019 3527 3209 3731 3623 1053 1007 1948 3802 1981 3115 
222 448 195 480 256 31 467 746 1169 1976 2156 2994 525 1865 2781 1094 3279 19 1623 3168 882 876 3225 2579 2319 3682 973 3303 371 3970 954 3665 1482 1411 2409 3110 136 
223 480 195 512 256 32 3264 2653 2413 2217 3661 1056 931 3626 1290 67 130 2603 2637 3537 176 2748 13 2941 3847 479 570 1731 3883 1355 3206 3895 2363 3251 559 1960 3652 676 
224 259 256 291 323 31 1275 626 648 2299 3691 1762 1085 1706 2522 313 1497 1008 95 2406 975 1855 1221 3664 2500 393 885 379 2307 2295 2392 317 339 3529 2087 1122 2927 
225 291 256 328 323 31 2448 2563 3554 1213 3163 902 1342 98 2370 3448 1361 1675 1646 3514 1074 3456 572 2077 568 1402 2887 1949 935 3828 3196 3618 807 3269 2197 976 3283 
226 259 323 291 382 31 2561 3911 1363 687 2583 2879 3454 2545 124 3253 1892 1506 1076 2962 819 1157 1191 3092 1845 350 3027 861 2912 269 1046 2199 2432 2380 1146 1407 2857 
227 291 323 328 382 32 3543 2343 1376 3403 2247 1116 3686 1643 1365 2191 354 2029 2419 1532 2070 2580 1128 207 1944 2352 23 1950 1744 3035 3516 214 1349 483 1674 3171 3367 3222 
228 328 256 349 313 31 598 1593 3046 606 177 2494 804 3687 402 2035 2009 3921 336 225 3496 1441 2739 3298 3220 1163 1173 1501 3947 2674 3122 1589 2849 3476 3105 2277 2138 
229 349 256 385 313 31 930 1049 3845 684 2496 2497 3481 2402 720 2894 3930 3607 642 2899 364 159 3301 1476 459 1841 756 380 2051 3990 2689 1479 894 3195 549 1010 1005 
230 328 313 349 382 31 3528 2314 1702 2534 1391 870 2012 3240 39 2760 1353 353 968 2252 3363 1510 1817 1572 3605 506 3309 2519 1136 1121 2028 2587 281 3708 2937 2877 2920 
231 349 313 385 382 32 593 110 1737 2328 532 3959 68 2158 1502 1380 3190 1961 2867 1303 1616 1211 2991 3575 1604 3198 1102 2761 273 184 3377 1694 2811 3826 1597 1310 3070 2188 
232 259 382 288 442 31 2705 3211 2480 3210 3300 3446 2632 1279 1992 2642 732 1092 2227 3909 762 3317 3837 2696 1309 3314 2039 2454 2602 2824 2816 3710 2531 2883 3141 1509 3393 
233 288 382 322 442 31 2643 3453 3865 1371 855 3387 2518 1794 3025 3174 3735 1649 2233 3260 1894 3805 2108 1408 3862 1508 3868 2326 2890 1967 3374 1321 2208 579 2457 1875 1473 
234 259 442 291 512 31 489 1344 2944 2888 183 2836 2961 3483 163 1814 3709 3798 484 3142 771 621 438 2634 154 2075 2686 1870 291 3243 2415 255 3137 2576 1629 2349 3598 
235 291 442 322 512 32 2613 1877 2957 426 3416 1586 629 3866 355 2599 318 3707 1230 1387 3113 3152 2733 548 2818 1874 2400 1078 2701 1531 2289 3445 3487 103 842 3224 1308 2787 
236 322 382 352 442 31 1311 1743 2139 1919 2335 3 1521 2340 742 1630 2825 3160 1483 3925 649 197 2551 3418 1667 3582 2517 3068 2120 1868 3646 980 1922 3672 707 1307 2421 
237 352 382 385 442 31 990 3809 733 816 1384 3443 3720 3157 2972 3257 134 672 3701 2537 3953 3334 3814 2107 1148 2452 310 2868 1962 3358 1866 2297 2478 3518 1548 2490 690 
238 322 442 348 512 31 2044 2167 1677 2895 2532 530 3294 296 2159 3268 946 1418 3493 485 1058 3054 3616 347 3277 1025 1917 710 2685 365 680 1997 692 374 737 1777 112 
239 348 442 385 512 32 3763 3486 3058 1197 1459 519 1187 476 1567 2462 769 844 3355 2902 514 1715 1369 739 1466 3696 469 123 3287 3129 1661 1812 390 155 1258 3229 3940 630 
240 385 256 416 326 31 1038 2334 2105 713 858 2564 1820 3936 258 1867 2417 2668 1763 2821 3588 2586 2569 933 1086 2482 2629 1288 3981 3108 2300 3822 889 2627 1093 3890 3085 
241 416 256 450 326 31 3741 1498 3193 1266 1410 941 1787 1673 1778 3050 1375 2721 3721 457 2509 3765 2720 3749 3839 3406 3655 3388 3631 2885 368 643 2784 979 1843 1588 1488 
242 385 326 414 388 31 3431 1062 2258 1552 1177 1927 2103 2264 3101 2427 1878 3567 1332 1899 396 221 957 2391 2041 971 1215 1668 2673 1781 2889 3460 869 2265 247 180 3525 
243 414 326 450 388 32 1687 1566 3281 1382 3103 2827 352 1333 2010 1119 1886 2850 2160 3963 3038 2379 2058 3055 1189 3772 3120 1168 2863 1723 3097 2170 1569 3254 1914 1142 3622 965 
244 450 256 481 324 31 2640 868 1818 2405 2779 1388 1995 3938 0 3830 1860 2866 2515 231 2291 1192 1522 1120 2411 327 433 3534 3603 3636 3307 2989 3381 3785 790 2257 1811 
245 481 256 512 324 31 64 3943 3208 3286 2133 376 1893 834 131 3267 1577 1656 3094 3600 3927 2762 1292 208 1921 262 147 1452 3999 3519 2970 3948 2416 784 1469 1166 689 
246 450 324 482 388 31 3975 1980 3619 3173 1079 1325 553 3372 1722 1988 614 1390 61 745 3786 1663 2439 1504 167 3656 14 2947 764 3275 1911 3593 289 1849 1356 2081 1075 
247 482 324 512 388 32 2241 2658 3903 2461 2393 3726 3898 3591 617 2712 3040 3422 3011 2092 1098 397 301 750 1555 2730 3230 2859 3495 3924 1449 2601 490 2540 2904 2110 3417 712 
248 385 388 421 452 31 3904 3429 153 2385 3128 406 2562 117 373 2747 3871 3354 2086 2327 669 3840 120 1265 1320 2528 2325 2822 2076 3992 401 1451 3962 437 2073 3063 2506 
249 421 388 444 452 31 997 2684 888 3002 1269 1908 3413 2339 624 456 3585 1989 3223 2556 2045 1533 749 2559 2535 2829 1144 348 848 1745 1436 2296 961 2783 3241 1003 219 
250 385 452 418 512 31 3502 3408 658 639 3541 1836 3149 405 440 627 2185 2248 240 126 3722 3706 2908 2930 1426 2555 2315 254 48 89 415 1006 38 1854 82 3292 1405 
251 418 452 444 512 32 1057 2164 755 3669 2782 590 3829 2268 3459 2557 1171 1443 148 2934 189 1021 3360 3262 1247 1972 3081 2988 2184 1188 3347 1519 3233 31 3751 675 2098 2906 
252 444 388 474 446 31 3918 446 2871 3357 2541 1277 2298 1217 3111 1244 1194 650 1070 2304 2737 3880 2759 3913 805 2616 2915 3053 2313 1069 419 1273 904 2121 3931 2707 2144 
253 474 388 512 446 31 813 3073 1792 3592 770 1543 488 3685 1556 3080 2015 1724 1015 2224 810 3864 1647 520 1591 668 3960 977 3667 2949 1526 1959 1383 3553 2351 1291 3973 
254 444 446 476 512 31 3112 3423 1306 1535 2523 75 1415 3411 2757 3039 453 2255 2935 3547 1334 3104 2014 2834 3888 372 2672 172 2952 3615 2100 1570 1464 919 916 2886 2743 
255 476 446 512 512 32 1400 3679 2260 41 3282 1208 1594 2239 1751 550 2815 3500 242 2683 1680 3806 2738 3231 823 3432 3362 2977 1547 1574 3337 3313 1316 2083 1622 35 3733 79 
