512
512 0 0 0 0 0 0 104 136 132 236 253 262 11 4158 4263 1614 4390 4858 11 4854 5855 2372 3761 5210 
513 0 0 132 0 0 0 104 136 264 236 253 262 12 1844 4619 685 1712 161 47 3258 1596 1883 4319 1924 106 
514 0 136 0 0 0 0 104 249 122 236 253 262 11 5916 912 2795 4095 3926 3513 1641 4620 1140 1167 2546 
515 0 136 122 0 0 0 104 249 264 236 253 262 12 3965 907 5409 5444 4040 5698 1234 5435 704 463 3249 1554 
516 104 0 0 0 0 0 257 80 161 236 253 262 11 693 721 5935 1609 1147 4943 2096 5022 1819 5921 4570 
517 104 0 161 0 0 0 257 80 264 236 253 262 12 4372 447 2057 1209 682 1419 785 5766 3562 3261 4371 618 
518 104 80 0 0 0 0 257 249 145 236 253 262 12 1048 3581 2750 827 3072 5304 5310 2925 2955 845 1850 826 
519 104 80 145 0 0 0 257 249 264 236 253 262 12 3833 4403 5067 5189 1952 1263 4510 1788 303 3729 2727 958 
520 0 0 0 0 0 262 134 145 104 236 253 512 11 3754 1805 4669 4099 2020 2848 4956 1660 744 2119 199 
521 0 0 104 0 0 262 134 145 264 236 253 512 12 4055 5258 4776 5541 552 2362 2172 4575 332 1971 5551 466 
522 0 145 0 0 0 262 134 249 140 236 253 512 12 1117 1205 2715 169 4933 2510 4523 2700 287 1401 4070 4036 
523 0 145 140 0 0 262 134 249 264 236 253 512 12 5760 5382 92 4634 719 5411 3790 2127 5549 883 4188 2956 
524 134 0 0 0 0 262 257 140 128 236 253 512 11 3810 2281 94 864 5559 1228 3852 1222 1414 1869 1553 
525 134 0 128 0 0 262 257 140 264 236 253 512 12 5025 2359 5311 541 4782 5235 2680 5410 5756 439 424 3877 
526 134 140 0 0 0 262 257 249 120 236 253 512 12 923 1462 3176 4066 4741 2754 3624 2262 5106 5446 5858 5313 
527 134 140 120 0 0 262 257 249 264 236 253 512 12 3395 1693 4020 5675 3964 4451 4474 1823 4872 1626 5775 3455 
528 0 0 0 0 253 0 142 117 145 236 512 260 11 3713 3169 1800 3750 5503 2246 2874 3978 890 1394 1256 
529 0 0 145 0 253 0 142 117 264 236 512 260 12 5678 2711 237 2595 3199 3166 2090 5496 5898 2663 5240 4759 
530 0 117 0 0 253 0 142 249 134 236 512 260 12 4262 5113 934 638 5251 3764 5787 2396 5448 3328 2106 4766 
531 0 117 134 0 253 0 142 249 264 236 512 260 12 4404 2978 4822 1242 2487 5590 3609 1747 897 3087 3005 3718 
532 142 0 0 0 253 0 257 112 117 236 512 260 11 688 3674 2292 3024 5979 3344 277 5512 3464 3060 4560 
533 142 0 117 0 253 0 257 112 264 236 512 260 12 814 5553 5516 1909 4115 2741 787 4309 3968 3271 264 2931 
534 142 112 0 0 253 0 257 249 118 236 512 260 12 5610 3725 442 2618 2843 2347 1695 5801 113 3127 4077 2524 
535 142 112 118 0 253 0 257 249 264 236 512 260 12 3143 4501 5550 2209 1063 2080 4226 4680 4866 1615 3816 2102 
536 0 0 0 0 253 260 126 123 120 236 512 512 11 5479 2468 828 3535 4409 3899 4684 1847 4971 2466 5043 
537 0 0 120 0 253 260 126 123 264 236 512 512 12 4439 4810 4698 730 2847 3014 1337 133 321 3771 245 1856 
538 0 123 0 0 253 260 126 249 116 236 512 512 12 5007 3029 3345 731 4788 4241 5465 631 4384 4840 4787 249 
539 0 123 116 0 253 260 126 249 264 236 512 512 12 2192 5155 2892 967 2389 492 5006 1487 3489 5262 1568 3986 
540 126 0 0 0 253 260 257 88 120 236 512 512 11 2194 4768 2861 1740 1956 3746 4880 3052 772 4381 1108 
541 126 0 120 0 253 260 257 88 264 236 512 512 12 129 547 3608 3186 2278 5474 1682 362 198 5268 4916 5742 
542 126 88 0 0 253 260 257 249 158 236 512 512 12 475 2963 2234 697 4748 4301 5835 2802 387 3799 5252 3426 
543 126 88 158 0 253 260 257 249 264 236 512 512 12 2929 4559 1670 4863 4432 1226 280 3842 4096 5732 4567 1129 
544 0 0 0 236 0 0 109 136 156 512 251 242 11 843 4024 656 1323 409 2330 1968 24 3597 58 4922 
545 0 0 156 236 0 0 109 136 264 512 251 242 12 4959 4721 5978 2019 3510 5455 1430 5172 2533 4450 2418 1423 
546 0 136 0 236 0 0 109 249 118 512 251 242 11 3076 2951 1512 3245 2038 5329 860 2698 3596 3383 2146 
547 0 136 118 236 0 0 109 249 264 512 251 242 12 1775 2074 2460 1590 679 2122 2764 1979 5925 1703 663 1910 
548 109 0 0 236 0 0 257 141 45 512 251 242 11 3573 3444 5780 2150 2869 5384 5128 2566 4852 160 360 
549 109 0 45 236 0 0 257 141 264 512 251 242 12 4018 1739 4476 3306 5281 1801 3545 3663 2982 938 5865 1796 
550 109 141 0 236 0 0 257 249 189 512 251 242 12 2790 5469 2860 4238 1484 1644 1710 3389 2145 5031 2244 1640 
551 109 141 189 236 0 0 257 249 264 512 251 242 12 2717 2094 4942 2593 4438 1399 2758 2875 705 1134 1297 853 
552 0 0 0 236 0 242 126 123 160 512 251 512 11 3191 454 1326 5563 5901 2766 822 3717 4294 1797 1346 
553 0 0 160 236 0 242 126 123 264 512 251 512 12 2981 1681 2976 4671 5095 3933 3071 4765 3860 3182 4295 3555 
554 0 123 0 236 0 242 126 249 163 512 251 512 12 3690 2495 5736 3371 3807 1004 4465 1540 1940 4360 1082 3242 
555 0 123 163 236 0 242 126 249 264 512 251 512 12 2205 5108 3793 4317 1422 3699 3477 2718 1664 5373 5731 1534 
556 126 0 0 236 0 242 257 96 177 512 251 512 11 5206 895 204 2876 765 3047 3834 1456 292 1834 472 
557 126 0 177 236 0 242 257 96 264 512 251 512 12 2025 4656 5333 1231 5213 166 4564 2511 1558 1268 794 3779 
558 126 96 0 236 0 242 257 249 117 512 251 512 12 4911 4357 4254 5357 5864 3203 4629 2807 5544 1657 3766 3342 
559 126 96 117 236 0 242 257 249 264 512 251 512 12 1404 1446 2231 718 4060 1161 1907 4300 3821 1490 1341 3299 
560 0 0 0 236 251 0 146 139 59 512 512 242 11 4615 4893 4524 1727 4688 5086 2165 1782 647 5369 3724 
561 0 0 59 236 251 0 146 139 264 512 512 242 12 5951 1351 5096 465 3084 3302 1235 513 1928 4351 3184 2318 
562 0 139 0 236 251 0 146 249 144 512 512 242 12 4281 462 5807 5693 3140 2651 1254 509 80 4621 5478 468 
563 0 139 144 236 251 0 146 249 264 512 512 242 12 914 1031 26 4331 1884 5838 508 4851 778 3697 4557 4165 
564 146 0 0 236 251 0 257 123 54 512 512 242 11 2235 798 1001 577 5330 3684 1457 5809 3583 726 1915 
565 146 0 54 236 251 0 257 123 264 512 512 242 12 1431 5520 1912 2436 4563 4910 4352 4205 1969 2544 2772 5754 
566 146 123 0 236 251 0 257 249 113 512 512 242 12 4946 644 2508 4456 3917 441 5998 1020 2585 3653 5723 1172 
567 146 123 113 236 251 0 257 249 264 512 512 242 12 3714 1155 3401 1019 3188 5485 4719 2691 3914 3051 2473 2622 
568 0 0 0 236 251 242 115 116 169 512 512 512 11 1061 3832 5830 1494 1495 3178 3966 1716 5686 4754 1831 
569 0 0 169 236 251 242 115 116 264 512 512 512 12 1017 966 3252 3954 2794 4544 2153 4026 395 673 4312 4900 
570 0 116 0 236 251 242 115 249 97 512 512 512 12 341 1982 270 5062 5337 1434 1941 1164 2630 5617 4035 3824 
571 0 116 97 236 251 242 115 249 264 512 512 512 12 3100 3521 1738 5985 2778 4302 5486 4755 5377 220 1250 2873 
572 115 0 0 236 251 242 257 127 144 512 512 512 11 2799 1081 5231 729 748 55 4220 3901 1994 2710 5489 
573 115 0 144 236 251 242 257 127 264 512 512 512 12 3638 4235 3858 3270 1600 4962 4216 3902 3894 1420 950 799 
574 115 127 0 236 251 242 257 249 168 512 512 512 12 1444 5335 3536 786 3093 2657 1580 1099 16 3194 4865 5607 
575 115 127 168 236 251 242 257 249 264 512 512 512 12 3632 960 5415 84 758 322 4471 452 3595 5174 5955 592 
576 0 0 264 0 0 0 107 134 401 263 239 252 11 5614 3045 3870 5371 2329 4549 947 896 2242 512 5181 
577 0 0 401 0 0 0 107 134 512 263 239 252 12 2243 3755 2259 65 5770 2567 1125 1757 2136 2273 2267 2853 
578 0 134 264 0 0 0 107 249 390 263 239 252 11 1987 2897 5997 3177 2176 3740 3435 2474 1721 4590 4307 
579 0 134 390 0 0 0 107 249 512 263 239 252 12 2377 5704 3662 5604 1276 1857 857 555 4981 4039 2838 2703 
580 107 0 264 0 0 0 257 147 384 263 239 252 11 4973 4283 5579 5130 3341 3846 3728 1318 4427 1730 3561 
581 107 0 384 0 0 0 257 147 512 263 239 252 12 651 4528 1891 1287 2797 2303 73 2196 4179 2437 5751 4934 
582 107 147 264 0 0 0 257 249 362 263 239 252 12 436 2896 5123 114 1518 3565 2980 4297 21 2844 640 4633 
583 107 147 362 0 0 0 257 249 512 263 239 252 12 5543 1319 4076 4219 323 5052 3693 1386 4961 2290 1455 2768 
584 0 0 264 0 0 252 124 132 385 263 239 512 11 3248 5208 2141 1138 2287 4291 4650 4832 1808 838 911 
585 0 0 385 0 0 252 124 132 512 263 239 512 12 4846 4912 736 5796 2854 2445 978 5334 1352 2662 681 1799 
586 0 132 264 0 0 252 124 249 339 263 239 512 12 4941 988 849 608 1810 1879 4996 2558 5286 5318 4606 1331 
587 0 132 339 0 0 252 124 249 512 263 239 512 12 2769 3200 404 995 926 5236 2697 1806 5511 1465 1665 2353 
588 124 0 264 0 0 252 257 101 370 263 239 512 11 5785 2995 3364 427 1733 5331 408 2069 2068 4168 5090 
589 124 0 370 0 0 252 257 101 512 263 239 512 12 4894 5596 3441 3059 5646 2590 2317 1926 5734 2536 235 1448 
590 124 101 264 0 0 252 257 249 381 263 239 512 12 4732 1454 1507 3439 3361 2221 4778 4242 3066 2376 2921 37 
591 124 101 381 0 0 252 257 249 512 263 239 512 12 209 2453 5568 2932 2624 4250 5957 2804 5305 5224 1690 478 
592 0 0 264 0 239 0 109 119 358 263 512 234 11 3961 2186 4860 5937 2499 5493 936 4164 1755 1863 1160 
593 0 0 358 0 239 0 109 119 512 263 512 234 12 817 2938 3769 2441 564 1936 4676 4206 4048 5133 825 3197 
594 0 119 264 0 239 0 109 249 332 263 512 234 12 5480 62 3551 641 3183 5340 2032 3202 3167 3447 498 4740 
595 0 119 332 0 239 0 109 249 512 263 512 234 12 5681 1766 3557 4163 571 2229 2619 4310 2667 4091 2169 5765 
596 109 0 264 0 239 0 257 109 446 263 512 234 11 302 830 4616 5190 774 1440 4772 4704 5227 5139 859 
597 109 0 446 0 239 0 257 109 512 263 512 234 12 2216 1803 3373 4014 1480 5182 5119 2331 1654 2950 4004 4999 
598 109 109 264 0 239 0 257 249 380 263 512 234 12 182 999 5615 4057 4347 3107 5674 702 2449 3239 5837 1592 
599 109 109 380 0 239 0 257 249 512 263 512 234 12 4687 2575 4533 917 4267 5799 1550 3787 1397 1357 5692 5618 
600 0 0 264 0 239 234 143 139 362 263 512 512 11 2996 4584 4223 1802 537 30 3783 1110 4308 723 2271 
601 0 0 362 0 239 234 143 139 512 263 512 512 12 2333 5109 2645 1951 275 4948 2204 5483 412 4792 3491 3102 
602 0 139 264 0 239 234 143 249 369 263 512 512 12 5019 5138 3559 2588 5500 1935 751 288 4088 4430 2708 1026 
603 0 139 369 0 239 234 143 249 512 263 512 512 12 2671 4284 1204 1551 5899 5068 2484 2112 1322 2125 5048 3041 
604 143 0 264 0 239 234 257 118 410 263 512 512 11 5949 3698 2610 654 2806 1047 3843 2175 2625 1618 5010 
605 143 0 410 0 239 234 257 118 512 263 512 512 12 298 2919 2031 491 2837 9 4109 1054 4743 4828 4482 872 
606 143 118 264 0 239 234 257 249 327 263 512 512 12 4686 3982 5639 5332 5982 4780 664 3569 5660 3739 3179 791 
607 143 118 327 0 239 234 257 249 512 263 512 512 12 3876 5168 1587 2805 417 4074 3935 175 922 4601 443 1582 
608 0 0 264 263 0 0 151 116 373 512 261 215 11 5569 5884 1786 5601 3232 3859 4217 3378 2116 766 2498 
609 0 0 373 263 0 0 151 116 512 512 261 215 12 4955 522 1041 5890 4784 1658 1281 4867 4030 5556 5045 558 
610 0 116 264 263 0 0 151 249 420 512 261 215 11 5953 1100 2813 4318 4011 4169 5581 792 4631 3850 1748 
611 0 116 420 263 0 0 151 249 512 512 261 215 12 1632 5657 1984 1416 1124 5911 637 542 3668 4034 5932 5851 
612 151 0 264 263 0 0 257 123 341 512 261 215 11 5654 5722 5427 5308 3165 2502 127 4437 3001 53 174 
613 151 0 341 263 0 0 257 123 512 512 261 215 12 3365 3436 3854 3061 2777 1067 4506 2251 1975 4534 2364 4969 
614 151 123 264 263 0 0 257 249 383 512 261 215 12 1760 1012 2245 3311 4410 4920 1241 1463 619 1789 1765 1545 
615 151 123 383 263 0 0 257 249 512 512 261 215 12 1621 623 4702 3556 5134 1648 1918 1139 5924 3008 1152 4460 
616 0 0 264 263 0 215 112 108 352 512 261 512 11 5289 2525 5507 3576 5876 4610 610 5114 2621 1381 3023 
617 0 0 352 263 0 215 112 108 512 512 261 512 12 2211 18 4588 3490 3062 5821 3356 5534 2713 1253 351 2878 
618 0 108 264 263 0 215 112 249 371 512 261 512 12 3158 2823 5024 4178 3049 3855 3086 5857 3067 3879 1055 5645 
619 0 108 371 263 0 215 112 249 512 512 261 512 12 3743 4952 2987 4458 5853 3114 413 609 2676 5107 4538 119 
620 112 0 264 263 0 215 257 122 374 512 261 512 11 3719 4767 3984 2803 2152 2969 788 1312 3991 4572 4204 
621 112 0 374 263 0 215 257 122 512 512 261 512 12 683 5059 25 309 510 5582 4737 4087 2600 2143 2801 2254 
622 112 122 264 263 0 215 257 249 423 512 261 512 12 1295 5391 3856 1945 4321 178 632 595 2099 3620 4328 4355 
623 112 122 423 263 0 215 257 249 512 512 261 512 12 3989 3291 5079 1832 5913 3339 615 2679 102 2444 646 1916 
624 0 0 264 263 261 0 130 109 346 512 512 238 11 1219 1536 5102 5597 4958 605 583 4608 854 2609 5620 
625 0 0 346 263 261 0 130 109 512 512 512 238 12 5976 1653 3175 2736 1985 910 2709 5051 984 1965 2880 5497 
626 0 109 264 263 261 0 130 249 360 512 512 238 12 4642 604 4480 1238 2056 4618 951 1861 4574 2728 3511 840 
627 0 109 360 263 261 0 130 249 512 512 512 238 12 3297 2998 2926 2179 3310 444 5611 71 4611 5001 1932 312 
628 130 0 264 263 261 0 257 129 363 512 512 238 11 358 2646 4967 1477 5193 1974 1791 2166 388 4433 1095 
629 130 0 363 263 261 0 257 129 512 512 512 238 12 2729 3732 5752 1613 3145 4736 821 2722 2455 1373 1601 1798 
630 130 129 264 263 261 0 257 249 389 512 512 238 12 3819 4118 141 3153 2006 776 3878 4353 4571 2124 3677 1515 
631 130 129 389 263 261 0 257 249 512 512 512 238 12 241 1713 2022 5970 578 3650 5920 4108 4023 725 993 5538 
632 0 0 264 263 261 238 127 84 324 512 512 512 11 4992 3944 1243 4925 5917 3170 3305 3827 3648 4346 3215 
633 0 0 324 263 261 238 127 84 512 512 512 512 12 4905 2183 3304 1257 1367 1842 3368 4632 449 1666 892 2026 
634 0 84 264 263 261 238 127 249 425 512 512 512 12 2030 481 3659 3155 5652 2636 3563 674 4729 2958 3881 5903 
635 0 84 425 263 261 238 127 249 512 512 512 512 12 3945 3747 2002 534 5952 2891 5633 3099 363 4595 4221 863 
636 127 0 264 263 261 238 257 132 349 512 512 512 11 2305 2337 2149 5061 1248 3320 1089 3212 115 4392 3976 
637 127 0 349 263 261 238 257 132 512 512 512 512 12 4947 600 1218 4790 1023 3602 4997 3442 499 1904 431 5098 
638 127 132 264 263 261 238 257 249 441 512 512 512 12 5027 846 3818 1032 4477 2986 5016 5338 4 4993 4058 162 
639 127 132 441 263 261 238 257 249 512 512 512 512 12 5575 5537 3614 4191 1685 3517 252 2942 3469 4644 5882 4881 
640 0 249 0 0 0 0 128 372 74 248 258 237 11 1040 538 5531 5126 418 866 2384 3497 2093 716 1829 
641 0 249 74 0 0 0 128 372 253 248 258 237 12 996 502 1839 3689 3512 5385 4119 5624 5487 753 574 3057 
642 0 372 0 0 0 0 128 512 126 248 258 237 11 108 4422 4484 3318 2294 983 4086 768 2694 5457 4897 
643 0 372 126 0 0 0 128 512 253 248 258 237 12 2344 5875 2350 3032 4928 3189 1573 4666 3695 4156 3290 205 
644 128 249 0 0 0 0 257 373 85 248 258 237 11 5808 660 4847 434 2633 5861 566 3509 4085 2740 4600 
645 128 249 85 0 0 0 257 373 253 248 258 237 12 1437 1304 3498 2049 2820 2959 4529 1699 3889 2034 4201 96 
646 128 373 0 0 0 0 257 512 119 248 258 237 12 808 3397 4643 1133 2464 4789 2052 2572 2180 3885 3922 5423 
647 128 373 119 0 0 0 257 512 253 248 258 237 12 5395 86 4463 1774 5261 3995 3042 5928 1942 5269 2501 1245 
648 0 249 0 0 0 237 119 358 106 248 258 512 11 1044 4830 4795 1175 1460 2071 3639 4286 1271 4103 1030 
649 0 249 106 0 0 237 119 358 253 248 258 512 12 3274 2018 329 1736 2979 5431 4144 3461 1696 3503 85 4979 
650 0 358 0 0 0 237 119 512 149 248 258 512 12 3533 518 4327 3075 1113 5366 1185 1571 703 5509 2852 27 
651 0 358 149 0 0 237 119 512 253 248 258 512 12 2282 5347 5080 4007 5721 1645 802 3812 4208 3969 777 554 
652 119 249 0 0 0 237 257 387 148 248 258 512 11 596 414 5154 4974 603 2812 5447 5840 2428 5764 4649 
653 119 249 148 0 0 237 257 387 253 248 258 512 12 1131 2193 5587 5392 1705 4960 937 4105 573 5211 2043 2174 
654 119 387 0 0 0 237 257 512 147 248 258 512 12 5905 5811 545 3542 3123 2451 4251 3352 420 2147 4013 2017 
655 119 387 147 0 0 237 257 512 253 248 258 512 12 4083 4233 2226 3759 4067 3473 1442 369 206 2067 4750 3972 
656 0 249 0 0 258 0 130 367 141 248 512 228 11 2577 4517 3009 2841 1180 4607 2367 871 4625 1576 706 
657 0 249 141 0 258 0 130 367 253 248 512 228 12 5428 5748 5317 841 5968 2114 51 1840 2306 3010 5295 1970 
658 0 367 0 0 258 0 130 512 98 248 512 228 12 3037 3336 1421 5362 3326 2301 5404 3515 891 5342 928 325 
659 0 367 98 0 258 0 130 512 253 248 512 228 12 5339 165 4172 3873 4924 4487 5237 3458 1846 2060 3470 5848 
660 130 249 0 0 258 0 257 393 111 248 512 228 11 5700 5376 4699 5125 2939 4112 584 4665 1340 5894 5 
661 130 249 111 0 258 0 257 393 253 248 512 228 12 3548 3996 1150 1347 3579 4746 1546 42 4835 4659 1732 2617 
662 130 393 0 0 258 0 257 512 91 248 512 228 12 1181 5084 5393 2358 2429 2800 2279 2513 1557 2459 1906 4363 
663 130 393 91 0 258 0 257 512 253 248 512 228 12 5908 4552 1625 4811 2109 2401 36 4530 181 5517 2678 1033 
664 0 249 0 0 258 228 136 376 107 248 512 512 11 5963 2527 1741 5783 2066 636 3130 4664 1761 5504 2483 
665 0 249 107 0 258 228 136 376 253 248 512 512 12 2665 3893 3285 5973 700 3135 4807 100 5717 2210 4073 3284 
666 0 376 0 0 258 228 136 512 121 248 512 512 12 3635 3343 5394 3957 1517 3863 4386 3125 1259 4399 3900 121 
667 0 376 121 0 258 228 136 512 253 248 512 512 12 1957 4950 3323 1973 5869 3589 2690 1064 2059 63 4234 3767 
668 136 249 0 0 258 228 257 366 136 248 512 512 11 2276 320 4834 780 3391 3465 2612 2207 1052 5063 3088 
669 136 249 136 0 258 228 257 366 253 248 512 512 12 2322 1249 265 4983 150 3942 46 1822 4111 5778 5671 5813 
670 136 366 0 0 258 228 257 512 89 248 512 512 12 2884 2404 3340 192 1199 3185 4614 2324 2398 811 2765 2584 
671 136 366 89 0 258 228 257 512 253 248 512 512 12 594 1606 5791 5527 906 3119 1072 4343 228 2004 4673 3716 
672 0 249 0 248 0 0 131 391 140 512 257 243 11 1294 1389 880 1564 3390 4110 1105 1888 533 5943 3825 
673 0 249 140 248 0 0 131 391 253 512 257 243 12 2785 4485 3384 5892 2992 2293 5081 4712 146 4714 4683 4466 
674 0 391 0 248 0 0 131 512 138 512 257 243 11 5794 213 1283 1114 3016 105 3748 1432 4350 3430 1898 
675 0 391 138 248 0 0 131 512 253 512 257 243 12 4907 3951 4043 383 236 4154 17 2786 430 4708 216 5714 
676 131 249 0 248 0 0 257 347 86 512 257 243 11 2530 905 4127 4299 1395 873 2410 3912 5432 2916 4391 
677 131 249 86 248 0 0 257 347 253 512 257 243 12 56 5039 991 3599 4421 1398 1605 2366 3907 4751 2390 4225 
678 131 347 0 248 0 0 257 512 139 512 257 243 12 3549 5387 3539 2013 5378 116 5769 3451 5798 5011 1135 3800 
679 131 347 139 248 0 0 257 512 253 512 257 243 12 5993 311 3508 1633 1198 5492 1196 3762 5679 3897 3906 5178 
680 0 249 0 248 0 243 125 381 87 512 257 512 11 227 1750 1634 3218 486 714 4521 5375 3004 3192 1370 
681 0 249 87 248 0 243 125 381 253 512 257 512 12 2187 5915 5846 3660 793 4387 1561 5771 801 1255 2900 151 
682 0 381 0 248 0 243 125 512 126 512 257 512 12 1471 1636 3774 1624 3703 5627 1330 4550 299 741 5196 3000 
683 0 381 126 248 0 243 125 512 253 512 257 512 12 5121 295 653 4479 1372 493 1491 1412 670 276 5718 52 
684 125 249 0 248 0 243 257 346 76 512 257 512 11 243 2940 2223 806 5981 5759 5967 3896 1851 2763 5691 
685 125 249 76 248 0 243 257 346 253 512 257 512 12 2341 5934 139 622 4031 516 3400 2828 2543 1260 5852 2723 
686 125 346 0 248 0 243 257 512 121 512 257 512 12 244 5522 2706 2316 4369 4065 3407 399 4514 2591 711 4002 
687 125 346 121 248 0 243 257 512 253 512 257 512 12 2542 5066 5042 149 2232 421 1338 5288 5456 1280 3201 1776 
688 0 249 0 248 257 0 127 354 114 512 512 236 11 1435 1783 4159 4176 3678 1864 1212 1742 611 5964 4239 
689 0 249 114 248 257 0 127 354 253 512 512 236 12 1468 3082 3144 955 3366 3949 4703 3836 3244 5749 5954 2467 
690 0 354 0 248 257 0 127 512 92 512 512 236 12 1756 963 5609 4668 3657 982 4098 3560 3319 1314 2361 2463 
691 0 354 92 248 257 0 127 512 253 512 512 236 12 915 2055 4431 3642 5684 4756 5322 556 3154 4336 4200 5319 
692 127 249 0 248 257 0 257 365 102 512 512 236 11 1328 1824 1813 2003 1182 2177 4565 5292 334 4542 5880 
693 127 249 102 248 257 0 257 365 253 512 512 236 12 5699 5129 2554 2638 2375 920 3333 1474 724 2746 474 3796 
694 127 365 0 248 257 0 257 512 141 512 512 236 12 5164 4287 4653 202 2933 2641 4806 1933 5630 5316 1929 5619 
695 127 365 141 248 257 0 257 512 253 512 512 236 12 2670 1635 3956 1267 1575 2190 3892 1562 3255 1978 3594 887 
696 0 249 0 248 257 236 123 376 130 512 512 512 11 1115 5442 3484 569 187 4270 5472 2512 5267 903 375 
697 0 249 130 248 257 236 123 376 253 512 512 512 12 238 70 2215 158 5539 1162 4602 3630 4472 2181 285 4995 
698 0 376 0 248 257 236 123 512 137 512 512 512 12 4985 2157 261 4325 4883 5255 3998 3172 2266 3702 952 1725 
699 0 376 137 248 257 236 123 512 253 512 512 512 12 781 2539 1549 4593 328 4707 203 1773 1753 4937 1708 5450 
700 123 249 0 248 257 236 257 345 108 512 512 512 11 2131 4197 2918 5433 5452 118 4273 191 3723 1039 5049 
701 123 249 108 248 257 236 257 345 253 512 512 512 12 5093 3132 3396 3214 5893 829 1293 4045 1214 4603 4646 1784 
702 123 345 0 248 257 236 257 512 131 512 512 512 12 2357 5491 5361 4904 4541 5425 2414 5416 1938 3744 74 2814 
703 123 345 131 248 257 236 257 512 253 512 512 512 12 2061 2967 850 4821 5878 5440 3604 3482 2001 1496 3887 5578 
704 0 249 253 0 0 0 108 379 347 259 246 214 11 529 1084 5417 5868 5502 875 3627 2320 4582 5078 5885 
705 0 249 347 0 0 0 108 379 512 259 246 214 12 3351 4757 5816 1313 5545 3474 4605 2917 3021 543 5695 677 
706 0 379 253 0 0 0 108 512 385 259 246 214 11 2796 5464 4591 2644 2735 5298 3526 760 5832 5572 3673 
707 0 379 385 0 0 0 108 512 512 259 246 214 12 4345 5284 3098 2491 1051 5696 2309 1686 1862 3977 5277 2062 
708 108 249 253 0 0 0 257 362 364 259 246 214 11 4990 803 4779 3928 5647 5060 3412 4862 5580 3712 5820 
709 108 249 364 0 0 0 257 362 512 259 246 214 12 1011 2047 5263 797 1544 4747 3621 4837 445 3205 4243 2792 
710 108 362 253 0 0 0 257 512 353 259 246 214 12 5891 3971 1485 4786 2810 3007 1986 2493 5713 5186 1470 3946 
711 108 362 353 0 0 0 257 512 512 259 246 214 12 4797 4968 2773 3181 581 1711 3675 5142 1954 1726 4733 691 
712 0 249 253 0 0 214 133 414 369 259 246 512 11 3348 5383 738 5243 4182 5296 1671 344 5072 5069 1500 
713 0 249 369 0 0 214 133 414 512 259 246 512 12 2134 2656 908 1565 5750 3736 4917 1178 3124 5418 196 3096 
714 0 414 253 0 0 214 133 512 377 259 246 512 12 217 5629 4025 3375 1785 5763 943 1642 5309 3670 4306 1729 
715 0 414 377 0 0 214 133 512 512 259 246 512 12 1499 2582 2608 1700 1467 319 1207 60 2489 698 5245 5773 
716 133 249 253 0 0 214 257 402 350 259 246 512 11 5359 3026 4019 4504 531 4497 544 757 3872 3078 2605 
717 133 249 350 0 0 214 257 402 512 259 246 512 12 2253 2228 3433 2171 3625 1223 1963 4499 1728 2399 5605 4889 
718 133 402 253 0 0 214 257 512 374 259 246 512 12 99 1524 4173 1809 3831 3485 394 1130 5099 4232 3359 5938 
719 133 402 374 0 0 214 257 512 512 259 246 512 12 3278 215 5351 4508 1486 2142 5033 4583 5941 5222 5655 422 
720 0 249 253 0 246 0 102 374 402 259 512 256 11 4491 2652 4265 505 5874 5470 4640 4678 403 3034 5640 
721 0 249 402 0 246 0 102 374 512 259 512 256 12 696 4366 3649 972 5390 2132 1145 5219 2040 259 5529 4468 
722 0 374 253 0 246 0 102 512 400 259 512 256 12 4826 5124 5103 2430 879 3089 4418 3048 634 3109 12 3074 
723 0 374 400 0 246 0 102 512 512 259 512 256 12 5437 5936 998 2023 1749 2423 1769 5094 5003 1071 5290 3941 
724 102 249 253 0 246 0 257 385 382 259 512 256 11 5320 1159 4478 4268 1362 286 294 3090 1278 4592 2775 
725 102 249 382 0 246 0 257 385 512 259 512 256 12 335 2162 3217 560 2999 4104 4044 2550 315 1220 4829 3480 
726 102 385 253 0 246 0 257 512 361 259 512 256 12 4289 266 2368 4461 3148 4383 2521 5097 2571 3272 2704 867 
727 102 385 361 0 246 0 257 512 512 259 512 256 12 2203 5008 5234 2607 2201 4143 5757 877 1937 4637 2615 3386 
728 0 249 253 0 246 256 120 389 389 259 512 512 11 1619 3844 3427 2756 157 3077 1631 546 773 4190 662 
729 0 249 389 0 246 256 120 389 512 259 512 512 12 5467 2635 170 3610 3775 4902 5753 4781 2284 5118 3952 4278 
730 0 389 253 0 246 256 120 512 409 259 512 512 12 3134 5972 3658 2261 5264 3247 1083 3350 4037 3462 1174 4359 
731 0 389 409 0 246 256 120 512 512 259 512 512 12 3937 1683 4940 5969 5632 2354 3671 5622 4825 701 2486 775 
732 120 249 253 0 246 256 257 377 351 259 512 512 11 1734 1045 3296 448 2960 3544 5314 1880 2275 2826 5557 
733 120 249 351 0 246 256 257 377 512 259 512 512 12 3322 3781 2286 1186 5477 2200 4587 5256 3126 767 1607 4260 
734 120 377 253 0 246 256 257 512 408 259 512 512 12 5829 5826 1714 4064 4556 342 34 2682 5650 3256 2573 3985 
735 120 377 408 0 246 256 257 512 512 259 512 512 12 1930 5247 2386 5535 602 2734 815 5729 128 3546 2378 2830 
736 0 249 253 259 0 0 112 354 384 512 253 217 11 1123 1754 1224 2724 4061 4930 5822 945 1825 1684 267 
737 0 249 384 259 0 0 112 354 512 512 253 217 12 2654 2664 349 2360 4358 2048 5727 1669 1925 3450 2381 2088 
738 0 354 253 259 0 0 112 512 377 512 253 217 11 3003 2310 2126 2283 4493 5697 1542 4717 2649 3180 1901 
739 0 354 377 259 0 0 112 512 512 512 253 217 12 2954 1165 72 1447 782 4272 1284 5070 4638 2458 5548 886 
740 112 249 253 259 0 0 257 431 387 512 253 217 11 3015 4816 3056 2407 5407 1853 5720 145 3187 4093 5983 
741 112 249 387 259 0 0 257 431 512 512 253 217 12 4304 4713 5552 4214 1176 4324 5055 4247 337 3472 2115 223 
742 112 431 253 259 0 0 257 512 373 512 253 217 12 15 715 5484 5834 2771 924 2269 3939 2911 1955 5348 1871 
743 112 431 373 259 0 0 257 512 512 512 253 217 12 3838 2355 5242 316 3410 1505 5944 5510 5703 4446 2505 1525 
744 0 249 253 259 0 217 129 351 392 512 253 512 11 4531 5862 1830 3506 2538 3851 4818 4230 4539 4341 4406 
745 0 249 392 259 0 217 129 351 512 512 253 512 12 2342 5032 179 837 5207 5975 3017 635 2374 2693 357 1858 
746 0 351 253 259 0 217 129 512 380 512 253 512 12 4887 1679 580 3808 3288 796 3237 2123 1826 5841 471 4338 
747 0 351 380 259 0 217 129 512 512 512 253 512 12 3438 5594 3734 1993 3325 290 271 482 3848 2285 4764 2388 
748 129 249 253 259 0 217 257 385 369 512 253 512 11 1458 3738 2597 5514 2220 2514 1037 2202 5047 655 1232 
749 129 249 369 259 0 217 257 385 512 512 253 512 12 5324 2552 561 2033 5445 1603 5737 3321 4157 3641 1780 2666 
750 129 385 253 259 0 217 257 512 379 512 253 512 12 1983 4408 5777 5694 831 3434 3629 2526 2037 1022 3776 633 
751 129 385 379 259 0 217 257 512 512 512 253 512 12 3385 5300 5642 3504 1104 1746 1132 2225 4378 2626 3379 497 
752 0 249 253 259 253 0 122 371 382 512 512 244 11 2311 3633 4963 5074 3795 1016 4313 4079 142 3421 5195 
753 0 249 382 259 253 0 122 371 512 512 512 244 12 5441 138 3558 3817 4875 340 1360 4919 90 2742 4516 4255 
754 0 371 253 259 253 0 122 512 361 512 512 244 12 1579 3727 5105 2140 3919 4170 956 2438 4016 4213 257 4056 
755 0 371 361 259 253 0 122 512 512 512 512 244 12 4222 3801 515 1262 1103 4475 1539 4126 3136 5599 1183 4102 
756 122 249 253 259 253 0 257 391 381 512 512 244 11 2178 5738 5525 333 4152 3572 3867 2975 5784 2488 1126 
757 122 249 381 259 253 0 257 391 512 512 512 244 12 230 4799 4388 1717 1080 3266 809 2042 740 2274 4012 1559 
758 122 391 253 259 253 0 257 512 391 512 512 244 12 5368 2752 5023 464 5658 2212 256 4626 974 1599 599 1301 
759 122 391 391 259 253 0 257 512 512 512 512 244 12 2819 585 4774 4237 3993 3263 1610 1377 4823 4015 699 4072 
760 0 249 253 259 253 244 141 377 378 512 512 512 11 2732 3213 4509 3471 3276 709 3012 4376 4195 3478 5241 
761 0 249 378 259 253 244 141 377 512 512 512 512 12 4279 4553 1252 1655 293 4198 2085 1028 2425 3737 2213 517 
762 0 377 253 259 253 244 141 512 377 512 512 512 12 3891 3479 5966 1000 2089 2412 4323 3369 2808 4636 494 4397 
763 0 377 377 259 253 244 141 512 512 512 512 512 12 2719 1527 2898 3398 3773 4005 3332 5945 5971 3020 1560 4647 
764 141 249 253 259 253 244 257 357 357 512 512 512 11 3226 2997 2507 3568 4000 425 1947 4609 28 5528 5724 
765 141 249 357 259 253 244 257 357 512 512 512 512 12 1698 4691 5220 3574 2568 1270 4125 800 4612 4839 2984 2965 
766 141 357 253 259 253 244 257 512 356 512 512 512 12 5823 4573 4796 5897 1227 1068 5608 222 4965 1958 4365 2104 
767 141 357 356 259 253 244 257 512 512 512 512 512 12 477 32 1013 3234 5711 5519 2373 470 3932 1149 4240 944 
768 257 0 0 0 0 0 387 109 146 244 226 258 11 2387 628 942 4802 3688 747 4848 3777 3457 2964 2695 
769 257 0 146 0 0 0 387 109 246 244 226 258 12 305 1759 3835 5419 2548 5013 2985 1764 2082 188 2687 5521 
770 257 109 0 0 0 0 387 254 138 244 226 258 11 4174 1087 1229 5214 1876 1637 3370 5238 3756 2302 964 
771 257 109 138 0 0 0 387 254 246 244 226 258 12 3452 4561 3532 2549 3590 4710 20 5396 5800 3523 666 1520 
772 387 0 0 0 0 0 512 118 97 244 226 258 11 1065 1697 557 1838 695 4256 2611 5687 4139 1101 929 
773 387 0 97 0 0 0 512 118 246 244 226 258 12 4758 1793 1107 833 2936 789 1964 588 3353 5533 735 1581 
774 387 118 0 0 0 0 512 254 120 244 226 258 12 2163 3228 4892 4185 284 4694 2091 2909 1169 1948 3895 3405 
775 387 118 120 0 0 0 512 254 246 244 226 258 12 1492 5302 1692 4385 3475 2864 4348 2788 746 33 3683 2492 
776 257 0 0 0 0 258 371 118 155 244 226 512 11 1315 4745 4641 87 4257 3488 6 326 5613 5888 2798 
777 257 0 155 0 0 258 371 118 246 244 226 512 12 3745 1828 5659 4762 4899 4831 1523 2948 1998 1336 5961 1676 
778 257 118 0 0 0 258 371 254 52 244 226 512 12 338 1298 1541 2751 4903 5041 824 4448 5136 4022 1350 1014 
779 257 118 52 0 0 258 371 254 246 244 226 512 12 1060 2095 2833 1286 5175 5625 2128 2855 487 1195 3813 5719 
780 371 0 0 0 0 258 512 150 118 244 226 512 11 1264 2471 5567 4116 4340 4314 186 1450 4140 5257 3681 
781 371 0 118 0 0 258 512 150 246 244 226 512 12 4689 3601 3216 4441 678 3492 54 1302 969 1897 4001 3221 
782 371 150 0 0 0 258 512 254 91 244 226 512 12 4720 763 525 4356 973 389 3329 4354 2579 5526 559 1563 
783 371 150 91 0 0 258 512 254 246 244 226 512 12 4805 4153 5283 1027 3665 2598 3823 3235 3645 4305 5161 5127 
784 257 0 0 0 226 0 376 165 142 244 512 272 11 234 2053 4931 88 314 5217 5228 4966 779 500 1835 
785 257 0 142 0 226 0 376 165 246 244 512 272 12 40 839 2065 524 5676 4844 3414 3308 5566 69 847 1378 
786 257 165 0 0 226 0 376 254 127 244 512 272 12 913 1374 5459 2348 101 1620 1931 5018 5761 2479 5017 5673 
787 257 165 127 0 226 0 376 254 246 244 512 272 12 1097 1200 3280 1752 884 3987 3380 1905 5649 5422 4709 2922 
788 376 0 0 0 226 0 512 129 95 244 512 272 11 4322 428 1662 4288 435 1201 22 3634 1428 2079 253 
789 376 0 95 0 226 0 512 129 246 244 512 272 12 836 3338 5279 2024 1672 1707 2263 190 1096 4724 4697 2565 
790 376 129 0 0 226 0 512 254 130 244 512 272 12 2941 5403 4661 2791 1002 4423 5401 4876 5150 4586 81 4486 
791 376 129 130 0 226 0 512 254 246 244 512 272 12 3970 2901 5661 2101 5926 2431 2 2774 2781 3419 5253 5689 
792 257 0 0 0 226 272 365 143 89 244 512 512 11 4084 851 5530 194 4500 1996 361 1628 3069 2214 5886 
793 257 0 89 0 226 272 365 143 246 244 512 512 12 7 2776 1617 2913 2973 4734 5793 5562 3789 970 1364 2072 
794 257 143 0 0 226 272 365 254 127 244 512 512 12 3335 1202 5987 367 597 1689 1445 2578 2903 4175 5184 2639 
795 257 143 127 0 226 272 365 254 246 244 512 512 12 927 2647 1305 2250 3064 5083 44 4462 3974 5672 3915 893 
796 365 0 0 0 226 272 512 126 142 244 512 512 11 2312 4976 1503 3159 1024 5201 2345 5218 3530 5743 125 
797 365 0 142 0 226 272 512 126 246 244 512 512 12 10 4569 4518 3030 5677 3499 49 2862 2236 5301 5449 2151 
798 365 126 0 0 226 272 512 254 155 244 512 512 12 3116 4367 2156 2744 2440 136 5160 1981 3289 1719 3440 1779 
799 365 126 155 0 226 272 512 254 246 244 512 512 12 4700 152 4836 3279 2603 122 4133 1339 1976 104 4041 1991 
800 257 0 0 244 0 0 375 130 127 512 244 275 11 2198 4032 343 4850 865 5546 2346 2000 5285 5818 1902 
801 257 0 127 244 0 0 375 130 246 512 244 275 12 587 2835 4878 4512 665 1612 4428 1091 783 3905 5466 5847 
802 257 130 0 244 0 0 375 254 108 512 244 275 11 625 1890 1895 921 708 3997 304 5850 1903 279 3753 
803 257 130 108 244 0 0 375 254 246 512 244 275 12 4957 1913 3415 5636 5965 2008 4329 3730 1272 3804 3853 345 
804 375 0 0 244 0 0 512 106 161 512 244 275 11 4068 4027 1475 3705 1790 986 4148 5365 4394 5536 511 
805 375 0 161 244 0 0 512 106 246 512 244 275 12 5191 1953 173 5345 2592 1106 4122 274 4180 3131 1413 1393 
806 375 106 0 244 0 0 512 254 121 512 244 275 12 3731 5254 878 5782 5909 4658 563 4277 2745 2332 3661 1608 
807 375 106 121 244 0 0 512 254 246 512 244 275 12 3382 371 5919 1066 3566 5789 5056 3577 4932 4393 1156 4298 
808 257 0 0 244 0 275 392 153 110 512 244 512 11 3980 1141 366 1385 5381 2230 2270 3164 5762 4945 1758 
809 257 0 110 244 0 275 392 153 246 512 244 512 12 5451 4162 1768 5266 4042 1946 959 2702 4470 601 218 2465 
810 257 153 0 244 0 275 392 254 139 512 244 512 12 5824 1585 1943 985 4594 4726 652 3778 5682 2371 1392 1343 
811 257 153 139 244 0 275 392 254 246 512 244 512 12 3265 3394 4264 4285 1595 2529 3219 2659 4038 2219 620 5515 
812 392 0 0 244 0 275 512 89 99 512 244 512 11 3331 5735 4773 5089 1059 4473 4890 1088 282 2434 4009 
813 392 0 99 244 0 275 512 89 246 512 244 512 12 4114 2842 1678 450 1691 4142 1368 2450 820 4648 1770 2475 
814 392 89 0 244 0 275 512 254 127 512 244 512 12 5812 5354 1094 4464 5602 4652 3780 3682 411 50 5246 2994 
815 392 89 127 244 0 275 512 254 246 512 244 512 12 5151 5157 467 423 5986 3316 77 3883 2865 1290 2637 1289 
816 257 0 0 244 244 0 389 122 158 512 512 265 11 3524 4494 3758 2596 3666 5162 3916 461 2809 3815 1236 
817 257 0 158 244 244 0 389 122 246 512 512 265 12 185 4330 2182 4909 2218 410 2469 4898 5494 2589 378 3227 
818 257 122 0 244 244 0 389 254 39 512 512 265 12 3586 5542 1530 1701 607 1704 2699 4654 1795 4052 3402 5863 
819 257 122 39 244 244 0 389 254 246 512 512 265 12 2817 4236 4100 4339 5282 3538 3934 2433 2928 3792 1638 939 
820 389 0 0 244 244 0 512 114 85 512 512 265 11 2974 4657 1237 3346 1299 458 523 5988 3570 743 2130 
821 389 0 85 244 244 0 512 114 246 512 512 265 12 1639 3437 3091 356 5200 795 2881 4349 4130 1652 251 346 
822 389 114 0 244 244 0 512 254 112 512 512 265 12 3376 676 2256 5259 3623 3644 931 324 582 1873 4194 2650 
823 389 114 112 244 244 0 512 254 246 512 512 265 12 862 3884 5653 1731 882 5912 2036 3791 5488 4495 734 5053 
824 257 0 0 244 244 265 363 119 115 512 512 512 11 4315 3923 3043 29 5244 306 2923 5819 2395 3324 5002 
825 257 0 115 244 244 265 363 119 246 512 512 512 12 2027 3869 5073 2481 144 5386 1439 8 1009 4543 5250 5100 
826 257 119 0 244 244 265 363 254 160 512 512 512 12 2882 2447 239 473 1327 3315 5187 5931 3146 2692 1489 1827 
827 257 119 160 244 244 265 363 254 246 512 512 512 12 2442 4395 43 4814 5910 2161 3106 248 1578 97 2547 5188 
828 363 0 0 244 244 265 512 127 129 512 512 512 11 2424 4379 4215 5149 283 4131 5374 1433 3404 949 5260 
829 363 0 129 244 244 265 512 127 246 512 512 512 12 1137 232 4859 661 3507 1771 5197 567 2993 3250 3013 3612 
830 363 127 0 244 244 265 512 254 112 512 512 512 12 176 1990 3676 1225 2832 2240 2129 2574 3264 1611 3540 5356 
831 363 127 112 244 244 265 512 254 246 512 512 512 12 5962 1184 5984 5768 5844 4513 3527 1210 4271 2369 1118 1887 
832 257 0 246 0 0 0 373 119 351 231 229 260 11 5950 2831 5927 2606 3033 3788 1050 400 3654 3979 1529 
833 257 0 351 0 0 0 373 119 512 231 229 260 12 3463 2520 1815 5591 2660 4106 5634 3587 881 2628 2504 2338 
834 257 119 246 0 0 0 373 254 350 231 229 260 11 5145 2472 1036 4801 5990 4551 1718 5746 5065 4525 2840 
835 257 119 350 0 0 0 373 254 512 231 229 260 12 5388 4982 2971 3580 5481 2397 4266 1417 535 3715 1772 4869 
836 373 0 246 0 0 0 512 145 374 231 229 260 11 4440 3147 2725 5040 250 2046 451 226 5143 3794 3700 
837 373 0 374 0 0 0 512 145 512 231 229 260 12 300 5307 2623 3019 5180 210 4078 3139 3295 260 398 671 
838 373 145 246 0 0 0 512 254 393 231 229 260 12 954 4663 4123 898 13 4134 4604 3571 5468 4914 3110 5906 
839 373 145 393 0 0 0 512 254 512 231 229 260 12 4660 3428 3206 5712 1042 5071 5641 3910 5958 4303 3552 1335 
840 257 0 246 0 0 260 368 97 354 231 229 512 11 2485 5895 2382 5336 4877 5216 4978 645 1627 4728 1179 
841 257 0 354 0 0 260 368 97 512 231 229 512 12 3468 3882 3083 526 2064 2943 586 1511 576 4138 4527 5230 
842 257 97 246 0 0 260 368 254 371 231 229 512 12 4954 4498 4537 4150 4994 377 527 5372 4171 5942 3293 3138 
843 257 97 371 0 0 260 368 254 512 231 229 512 12 901 1821 3861 2905 3908 1966 4777 2614 5405 4411 5960 5524 
844 368 0 246 0 0 260 512 127 334 231 229 512 11 1239 3466 3006 2477 5274 1493 5360 3606 3031 727 5209 
845 368 0 334 0 0 260 512 127 512 231 229 512 12 5991 429 1043 2990 331 307 3564 4389 5792 3065 4503 5399 
846 368 127 246 0 0 260 512 254 381 231 229 512 12 2966 5044 19 4426 1300 5221 111 3018 3550 4415 3238 1584 
847 368 127 381 0 0 260 512 254 512 231 229 512 12 2470 1999 4775 2005 818 263 2716 212 1583 987 962 812 
848 257 0 246 0 229 0 382 107 356 231 512 261 11 2443 5879 5922 109 4613 5643 2173 1837 5358 2793 2570 
849 257 0 356 0 229 0 382 107 512 231 512 261 12 3742 3505 1127 1889 1537 370 4189 200 224 5574 455 2516 
850 257 107 246 0 229 0 382 254 382 231 512 261 12 4146 1329 722 2420 551 5744 3150 1077 1514 4483 981 728 
851 257 107 382 0 229 0 382 254 512 231 512 261 12 3955 4597 359 2581 948 164 591 3770 3651 5436 4589 5585 
852 382 0 246 0 229 0 512 133 347 231 512 261 11 3849 4522 1034 3628 1193 2655 909 5501 3811 1427 3531 
853 382 0 347 0 229 0 512 133 512 231 512 261 12 2983 4490 1602 2135 2237 521 1354 4400 613 5870 57 156 
854 382 133 246 0 229 0 512 254 395 231 512 261 12 5088 2748 2249 2111 1007 1429 1865 4868 3303 45 5668 1650 
855 382 133 395 0 229 0 512 254 512 231 512 261 12 835 193 211 5683 308 130 381 3036 4293 2238 1317 3537 
856 257 0 246 0 229 261 381 110 326 231 512 512 11 2408 233 2870 3875 1 5725 3757 5323 4333 132 2154 
857 257 0 326 0 229 261 381 110 512 231 512 512 12 5959 5554 4212 2856 2553 1425 2924 143 2011 2097 667 5923 
858 257 110 246 0 229 261 381 254 383 231 512 512 12 2753 3920 5709 5873 4006 4420 5076 3494 2872 5028 2446 5900 
859 257 110 383 0 229 261 381 254 512 231 512 512 12 4160 432 496 1143 1151 5996 540 5896 536 135 3095 5621 
860 381 0 246 0 229 261 512 137 374 231 512 512 11 4396 2648 59 1090 4481 3028 3312 5833 761 4326 5612 
861 381 0 374 0 229 261 512 137 512 231 512 512 12 3784 1409 2323 1882 1282 2063 3204 1807 5558 2839 4972 4771 
862 381 137 246 0 229 261 512 254 388 231 512 512 12 5115 2953 1424 5226 479 5576 3958 876 5730 171 2363 5132 
863 381 137 388 0 229 261 512 254 512 231 512 512 12 1355 1977 3847 2413 3929 1261 3424 3797 3611 1240 4739 2653 
864 257 0 246 231 0 0 385 96 358 512 247 262 11 4690 1438 392 2946 5223 3643 3409 694 229 5054 4949 
865 257 0 358 231 0 0 385 96 512 512 247 262 12 2631 4097 565 2846 1035 2356 2054 3584 2907 1406 5887 201 
866 257 96 246 231 0 0 385 254 366 512 247 262 11 460 4003 2714 3874 2789 195 2084 3820 3768 107 2945 
867 257 96 366 231 0 0 385 254 512 512 247 262 12 3617 2113 66 4742 5163 3022 507 4344 2321 3399 1920 3704 
868 385 0 246 231 0 0 512 119 351 512 247 262 11 5603 5379 5122 76 93 386 4882 501 2336 4540 4051 
869 385 0 351 231 0 0 512 119 512 512 247 262 12 140 5797 2308 3327 1206 4049 1709 382 385 752 5064 2845 
870 385 119 246 231 0 0 512 254 368 512 247 262 12 4368 3207 4706 1659 2426 5871 4245 4749 4207 3886 3752 4824 
871 385 119 368 231 0 0 512 254 512 512 247 262 12 4029 3652 3251 83 659 2681 4107 5856 3115 1053 5212 4935 
872 257 0 246 231 0 262 383 146 363 512 247 512 11 1348 5171 1833 4519 2910 992 562 4879 1203 3613 1190 
873 257 0 363 231 0 262 383 146 512 512 247 512 12 1296 4526 2272 2456 5014 480 3259 3425 5453 3983 2620 4815 
874 257 146 246 231 0 262 383 254 375 512 247 512 12 2365 1403 416 686 2148 4842 5112 1461 759 5169 2677 2675 
875 257 146 375 231 0 262 383 254 512 512 247 512 12 1481 3967 3647 3637 3044 989 852 1852 5690 1939 1478 4080 
876 383 0 246 231 0 262 512 151 387 512 247 512 11 3994 268 5946 4585 4794 4730 3467 2403 2604 4675 1767 
877 383 0 387 231 0 262 512 151 512 512 247 512 12 2016 754 4089 5914 4701 1859 5688 4361 1688 3156 874 3711 
878 383 151 246 231 0 262 512 254 352 512 247 512 12 3988 3578 900 2118 1453 4282 2503 4987 575 1411 3133 1960 
879 383 151 352 231 0 262 512 254 512 512 247 512 12 5408 4181 3680 1651 1720 4203 4677 3273 4244 1482 2217 1274 
880 257 0 246 231 247 0 375 125 389 512 512 236 11 5715 2594 616 4113 4568 504 2195 384 2168 932 994 
881 257 0 389 231 247 0 375 125 512 512 512 236 12 1109 528 4374 3236 3449 3782 2726 4447 3246 4927 2050 91 
882 257 125 246 231 247 0 375 254 370 512 512 236 12 1345 5012 5202 3694 539 2893 3330 4808 4705 1379 4886 278 
883 257 125 370 231 247 0 375 254 512 512 512 236 12 1233 2780 5131 589 297 3161 5476 925 2476 4124 5153 5397 
884 375 0 246 231 247 0 512 157 328 512 512 236 11 1018 4275 1366 3501 1359 4977 4622 3760 3640 1216 5523 
885 375 0 328 231 247 0 512 157 512 512 512 236 12 3392 2851 5198 2280 4953 1872 5229 1153 1170 391 2189 5315 
886 375 157 246 231 247 0 512 254 370 512 512 236 12 5363 3151 3349 4184 67 4627 918 1623 570 3121 4296 3209 
887 375 157 370 231 247 0 512 254 512 512 512 236 12 953 2858 3225 1358 2117 3118 1246 2770 2688 2755 832 272 
888 257 0 246 231 247 236 377 104 431 512 512 512 11 2669 5547 5438 5628 2749 4682 4457 1816 2155 1934 1513 
889 257 0 431 231 247 236 377 104 512 512 512 512 12 1396 168 5430 4547 5814 2137 5380 5843 1881 1158 3841 4667 
890 257 104 246 231 247 236 377 254 340 512 512 512 12 2767 5370 5741 4380 4896 3857 1528 5091 5352 4617 4248 2394 
891 257 104 340 231 247 236 377 254 512 512 512 512 12 4763 2560 2422 1896 2968 1112 3420 4246 5795 2222 3162 5806 
892 377 0 246 231 247 236 512 155 399 512 512 512 11 657 3692 2288 5907 2021 1923 5670 78 4253 717 940 
893 377 0 399 231 247 236 512 155 512 512 512 512 12 4429 1538 899 1735 2007 246 4923 4196 3522 1154 5443 407 
894 377 155 246 231 247 236 512 254 358 512 512 512 12 1472 1598 1516 4382 3626 503 330 3802 1324 612 137 2409 
895 377 155 358 231 247 236 512 254 512 512 512 512 12 3117 1056 2078 3168 2319 5710 3520 3079 5508 5239 4752 1251 
896 257 254 0 0 0 0 370 370 146 237 247 221 11 506 4577 5593 3163 2912 1046 5009 4053 3367 2991 4218 
897 257 254 146 0 0 0 370 370 258 237 247 221 12 4598 5471 684 95 804 2035 1275 5420 393 3516 1365 1501 
898 257 370 0 0 0 0 370 512 117 237 247 221 11 4224 1586 2685 5275 5166 2227 5758 1814 4944 5293 4838 
899 257 370 117 0 0 0 370 512 258 237 247 221 12 1567 484 3211 2576 5540 733 3865 1307 4645 3277 5203 1509 
900 370 254 0 0 0 0 512 388 150 237 247 221 11 790 2811 5327 2779 2821 4334 61 3839 4984 327 3948 
901 370 254 150 0 0 0 512 388 258 237 247 221 12 5828 4651 2405 4849 5706 2417 2041 1860 2904 2601 2300 4276 
902 370 388 0 0 0 0 512 512 155 237 247 221 12 2100 405 1464 5767 2260 639 2255 5460 2906 5276 2351 3360 
903 370 388 155 0 0 0 512 512 258 237 247 221 12 1334 1015 242 2107 5845 2528 2164 4845 254 126 669 1866 
904 257 254 0 0 0 221 356 367 105 237 247 512 11 4183 3454 3403 4211 2522 4050 861 2432 2674 3027 3448 
905 257 254 105 0 0 221 356 367 258 237 247 512 12 3605 4576 68 4770 2962 5037 4511 354 225 5077 495 1950 
906 257 367 0 0 0 221 356 512 141 237 247 512 12 5328 680 3160 4137 2836 347 5584 1885 1870 291 629 3309 
907 257 367 141 0 0 221 356 512 258 237 247 512 12 112 4791 2233 23 844 3862 2888 1459 476 485 3582 3152 
908 356 254 0 0 0 221 512 374 89 237 247 512 11 1189 2689 2188 1356 3281 3959 3785 1111 4921 5205 2627 
909 356 254 89 0 0 221 512 374 258 237 247 512 12 3307 5939 1479 5424 4269 3600 4761 5159 1488 4161 4964 3388 
910 356 374 0 0 0 221 512 512 131 237 247 512 12 453 4425 2015 4579 5406 2478 1548 1668 2506 3313 1291 5977 
911 356 374 131 0 0 221 512 512 258 237 247 512 12 1724 3840 1451 273 117 4753 5194 2268 690 4101 888 4128 
912 257 254 0 0 247 0 388 395 151 237 512 241 11 532 5429 5413 5087 3253 4147 1848 2531 3374 5439 1038 
913 257 254 151 0 247 0 388 395 258 237 512 241 12 4364 4901 5999 1310 2208 3431 2761 742 2138 1191 1737 3301 
914 257 395 0 0 247 0 388 512 145 237 512 241 12 5176 5075 2972 355 3696 4970 4692 5716 1408 4092 4094 1418 
915 257 395 145 0 247 0 388 512 258 237 512 241 12 4803 1073 1922 3416 2159 1466 3483 3672 4413 2701 3950 3803 
916 388 254 0 0 247 0 512 386 133 237 512 241 11 4783 1566 3749 5598 397 4151 5933 4679 1215 3927 1687 
917 388 254 133 0 247 0 512 386 258 237 512 241 12 5475 1469 5680 4827 1911 5728 1522 5303 3567 4082 5291 4401 
918 388 386 0 0 247 0 512 512 157 237 512 241 12 3888 1908 1273 2224 5867 5781 5085 3918 5204 3829 1591 4635 
919 388 386 157 0 247 0 512 512 258 237 512 241 12 1836 4988 1069 1972 5272 1436 48 1057 1680 79 5167 3111 
920 257 254 0 0 247 241 383 378 138 237 512 512 11 5665 1441 2849 756 2009 902 4435 2877 1841 2370 5995 
921 257 254 138 0 247 241 383 378 258 237 512 512 12 5294 626 3528 3222 2051 2580 5825 2563 336 313 807 2497 
922 257 378 0 0 247 241 383 512 137 237 512 512 12 692 3257 5842 4696 1868 710 5571 762 4873 5701 2247 469 
923 257 378 137 0 247 241 383 512 258 237 512 512 12 5702 1877 4536 771 5199 3142 2537 183 4711 2686 4186 5739 
924 383 254 0 0 247 241 512 368 125 237 512 512 11 2668 2569 5595 5648 4046 889 5092 1849 2439 3975 5532 
925 383 254 125 0 247 241 512 368 258 237 512 512 12 3038 784 4785 4566 131 376 1498 1820 2435 5135 3372 2133 
926 383 368 0 0 247 241 512 512 155 237 512 512 12 4578 2315 5183 31 1914 2559 1265 4199 4335 2743 5412 2523 
927 383 368 155 0 247 241 512 512 258 237 512 512 12 3593 5273 2258 2239 997 658 82 1277 4843 4695 5271 1075 
928 257 254 0 237 0 0 393 397 106 512 260 258 11 2326 1949 4167 3708 1476 3554 1361 4081 3196 4819 4090 
929 257 254 106 237 0 0 393 397 258 512 260 258 12 1008 339 5156 5287 1102 968 3195 1900 3691 1146 1213 1892 
930 257 397 0 237 0 0 393 512 100 512 260 258 11 134 1875 3129 4492 5398 5462 548 1874 4693 5278 5026 
931 257 397 100 237 0 0 393 512 258 512 260 258 12 2289 2643 5707 2562 1962 3294 5872 2961 4991 3355 2518 1630 
932 393 254 0 237 0 0 512 381 109 512 260 258 11 2461 1388 1656 764 4033 5389 4311 1120 2712 1763 1663 
933 393 254 109 237 0 0 512 381 258 512 260 258 12 5790 4316 2379 4891 5774 3588 3101 4249 2970 5656 5929 3822 
934 393 381 0 237 0 0 512 512 161 512 260 258 12 3871 4229 4727 1383 5280 2541 1070 5148 4735 5355 456 4853 
935 393 381 161 237 0 0 512 512 258 512 260 258 12 2915 2296 3039 5463 5505 5104 5831 1415 3679 488 2908 5881 
936 257 254 0 237 0 258 389 373 74 512 260 512 11 3269 3543 2583 5158 2760 5482 713 4063 1402 572 3911 
937 257 254 74 237 0 258 389 373 258 512 260 512 12 124 3105 110 184 4841 870 459 2500 4939 1744 5050 2857 
938 257 373 0 237 0 258 389 512 138 512 260 512 12 3174 1919 3616 5685 103 1344 672 4054 4417 1078 3408 3953 
939 257 373 138 237 0 258 389 512 258 512 260 512 12 5772 1812 5165 3 4975 2868 1777 3518 2816 530 489 2480 
940 389 254 0 237 0 258 512 397 103 512 260 512 11 3981 368 2339 2170 4809 5498 3619 5297 3636 3519 1787 
941 389 254 103 237 0 258 512 397 258 512 260 512 12 1086 2160 5827 1288 2658 1382 1332 5573 1390 1452 3534 4655 
942 389 397 0 237 0 258 512 512 126 512 260 512 12 3241 1854 5904 5232 2672 1570 2738 2555 2045 1594 3615 4628 
943 389 397 126 237 0 258 512 512 258 512 260 512 12 916 650 4507 3806 3081 2086 3223 4121 2185 5506 4674 5588 
944 257 254 0 237 260 0 411 370 93 512 512 260 11 379 4075 1867 869 2406 2899 3686 2265 933 5631 1643 
945 257 254 93 237 260 0 411 370 258 512 512 260 12 2494 5637 1899 1391 3936 2264 4416 5616 2103 258 1597 2197 
946 257 370 0 237 260 0 411 512 132 512 512 260 12 2385 5461 5458 3493 2825 4342 2673 4332 1510 4515 4855 5626 
947 257 370 132 237 260 0 411 512 258 512 512 260 12 2452 957 980 2944 1230 2076 3763 3814 3229 163 1426 2343 
948 411 254 0 237 260 0 512 371 126 512 512 260 11 5426 1569 3890 5755 2509 643 5745 4936 4405 5992 4874 
949 411 254 126 237 260 0 512 371 258 512 512 260 12 3097 5038 5173 1079 5367 2010 4662 5804 5747 14 4252 4488 
950 411 371 0 237 260 0 512 512 60 512 512 260 12 1647 2952 4419 3931 823 401 5146 4817 4259 1194 301 2782 
951 411 371 60 237 260 0 512 512 258 512 512 260 12 2098 3864 1547 4769 2871 2935 813 5343 1543 1306 3622 520 
952 257 254 0 237 260 260 372 372 134 512 512 512 11 3190 2199 4906 2252 5185 5866 4861 2661 3496 1076 1116 
953 257 254 134 237 260 260 372 372 258 512 512 512 12 975 4630 1675 3035 4731 976 1855 207 2937 1702 4715 2295 
954 257 372 0 237 260 260 372 512 103 512 512 512 12 438 5344 3805 5555 123 1025 1308 4129 2335 3701 3735 1508 
955 257 372 103 237 260 260 372 512 258 512 512 512 12 1187 2120 1483 3025 4820 4362 1473 5733 5030 426 353 4132 
956 372 254 0 237 260 260 512 381 128 512 512 512 11 2866 433 2721 894 167 1878 5325 2416 3963 3786 5144 
957 372 254 128 237 260 260 512 381 258 512 512 512 12 2859 180 231 2720 2730 2586 2640 1119 1010 3943 3103 352 
958 372 381 0 237 260 260 512 512 116 512 512 512 12 3262 1021 4998 4402 3104 5349 3337 4434 3960 590 755 2557 
959 372 381 116 237 260 260 512 512 258 512 512 512 12 1003 848 5854 2834 1144 4599 3173 446 630 3685 4141 5034 
960 257 254 258 0 0 0 381 396 370 267 241 252 11 1384 1085 159 2561 1532 606 3826 1363 1221 1604 5565 
961 257 254 370 0 0 0 381 396 512 267 241 252 12 2519 5326 935 39 1128 5586 5270 2277 310 2545 5708 1173 
962 257 396 258 0 0 0 381 512 408 267 241 252 11 2895 707 4228 1804 4681 5570 5644 155 946 1521 3287 
963 257 396 408 0 0 0 381 512 512 267 241 252 12 1369 3141 2902 5667 3243 5029 374 2883 5306 4554 2167 5651 
964 381 254 258 0 0 0 512 386 352 267 241 252 11 3924 3765 5663 1325 4120 1778 457 4562 3772 3055 3275 
965 381 254 352 0 0 0 512 386 512 267 241 252 12 5877 5740 4290 4722 4580 490 4047 5606 4442 3938 5889 5350 
966 381 386 258 0 0 0 512 512 363 267 241 252 12 4871 4467 120 1519 1622 2737 2683 2934 3112 1244 1927 5364 
967 381 386 363 0 0 0 512 512 512 267 241 252 12 4760 3553 2073 668 2988 553 38 2707 3254 5666 5454 4938 
968 257 254 258 0 0 252 385 363 350 267 241 512 11 4375 5248 3618 5776 4455 350 720 1157 2191 3092 4718 
969 257 254 350 0 0 252 385 363 512 267 241 512 12 3122 4884 3664 2894 1762 1005 5120 2012 3476 4452 5021 1706 
970 257 363 258 0 0 252 385 512 365 267 241 512 12 5664 3300 255 732 737 214 1279 5726 5082 4812 2206 3866 
971 257 363 365 0 0 252 385 512 512 267 241 512 12 4496 5974 593 2613 269 3358 3113 318 5137 2824 1311 2454 
972 385 254 258 0 0 252 512 356 404 267 241 512 11 3830 5177 712 858 5805 4581 3406 1166 965 1893 208 
973 385 254 404 0 0 252 512 356 512 267 241 512 12 834 4548 5902 5000 3108 3193 4813 5930 3999 3631 1192 2762 
974 385 356 258 0 0 252 512 512 373 267 241 512 12 219 3011 4274 2815 247 5956 2949 3282 2325 153 5836 5815 
975 385 356 373 0 0 252 512 512 512 267 241 512 12 1168 4377 1142 2298 4062 1723 2241 3973 3992 3880 41 2304 
976 257 254 258 0 241 0 390 366 406 267 512 272 11 4192 1062 1376 4723 3283 3990 281 2927 2383 2334 2448 
977 257 254 406 0 241 0 390 366 512 267 512 272 12 364 5947 177 4280 1380 2496 549 1353 5473 98 5669 3220 
978 257 366 258 0 241 0 390 512 406 267 512 272 12 5225 3487 5638 5583 1371 2696 2158 519 5918 3809 3317 3054 
979 257 366 406 0 241 0 390 512 512 267 512 272 12 2462 5312 3157 1992 579 2108 5839 4454 2314 4986 4502 2139 
980 390 254 258 0 241 0 512 408 373 267 512 272 11 5434 64 5035 3094 4716 5179 4117 3002 2427 5883 1217 
981 390 254 373 0 241 0 512 408 512 267 512 272 12 1781 4885 3721 5346 1673 289 5414 1988 689 971 2482 3413 
982 390 408 258 0 241 0 512 512 337 267 512 272 12 3053 2757 2977 4436 2783 75 5859 2014 172 1247 5110 1405 
983 390 408 337 0 241 0 512 512 512 267 512 272 12 415 3149 4193 2886 961 89 1574 189 4008 3231 4069 1533 
984 257 254 258 0 241 272 363 418 358 267 512 512 11 3298 3363 5577 5341 2077 3393 4443 3446 2028 1506 1092 
985 257 254 358 0 241 272 363 418 512 267 512 512 12 1589 3925 1321 3930 598 2402 2587 2328 1794 3947 5058 4685 
986 257 418 258 0 241 272 363 512 361 267 512 512 12 842 3909 5994 3709 3443 5117 2818 3268 2044 3068 621 4913 
987 257 418 361 0 241 272 363 512 512 267 512 512 12 2634 2599 3210 2602 2890 2733 1531 739 2075 1894 4258 3058 
988 363 254 258 0 241 272 512 358 378 267 512 512 11 4639 4624 5215 4155 3460 3208 221 3377 3050 4149 2515 
989 363 254 378 0 241 272 512 358 512 267 512 512 12 1410 2867 941 4535 3085 2784 2411 3040 4929 3898 4231 2081 
990 363 358 258 0 241 272 512 512 374 267 512 512 12 5779 4187 675 4373 624 4135 4980 2556 3347 1792 4670 919 
991 363 358 374 0 241 272 512 512 512 267 512 512 12 2490 5036 3354 5635 2327 1443 4856 3357 4412 4210 5499 5490 
992 257 254 258 267 0 0 391 394 386 512 250 276 11 1743 1177 197 4136 3575 3837 5989 3529 1121 380 4864 
993 257 254 386 267 0 0 391 394 512 512 250 276 12 5803 2920 4059 2534 1502 1674 4398 1817 4424 1944 4555 1285 
994 257 394 258 267 0 0 391 512 377 512 250 276 11 2957 4833 816 1309 3429 649 3940 3387 2705 1649 3710 
995 257 394 377 267 0 0 391 512 512 512 250 276 12 1148 3445 5111 4453 5192 2349 2517 4857 4489 2914 3868 3598 
996 391 254 258 267 0 0 512 374 315 512 250 276 11 2058 868 1333 147 2110 2731 2947 4021 3655 1552 617 
997 391 254 315 267 0 0 512 374 512 512 250 276 12 745 3495 4888 1886 3591 4469 4202 5116 1921 2393 1811 3120 
998 391 374 258 267 0 0 512 512 385 512 250 276 12 2144 3751 4320 2083 5518 148 4414 2829 977 437 1556 2248 
999 391 374 385 267 0 0 512 512 512 512 250 276 12 5005 4596 1006 3669 5152 4623 2184 348 1751 3459 3073 419 
1000 257 254 258 267 0 276 397 393 409 512 250 512 11 3646 2299 5662 642 3687 4028 3240 1342 483 930 2457 
1001 257 254 409 267 0 276 397 393 512 512 250 512 12 855 3607 3456 2887 1407 885 1593 1694 3921 2380 5141 1845 
1002 257 393 258 267 0 276 397 512 375 512 250 512 12 4445 2642 365 3314 4145 1997 2632 3904 4532 296 5233 2532 
1003 257 393 375 267 0 276 397 512 512 512 250 512 12 4725 4989 3502 5147 390 3720 440 2787 5705 1677 4177 5015 
1004 397 254 258 267 0 276 512 369 416 512 250 512 11 5802 1980 1093 5020 614 5249 1375 1722 5421 3603 979 
1005 397 254 416 267 0 276 512 369 512 512 250 512 12 2257 2885 3422 4370 2989 3267 1995 1449 396 2391 4337 2863 
1006 397 369 258 267 0 276 512 512 329 512 250 512 12 2684 2616 3733 1959 3547 2850 5046 3411 3233 5810 1316 4926 
1007 397 369 329 267 0 276 512 512 512 512 250 512 12 1171 4545 3292 3585 4209 1989 3726 240 5786 5788 550 5623 
1008 257 254 258 267 250 0 366 354 375 512 512 246 11 3046 4915 1616 1163 4870 2739 317 1029 5299 2392 5592 
1009 257 254 375 267 250 0 366 354 512 512 512 246 12 5265 3514 1049 1136 648 1497 3481 2070 1122 4071 1646 2087 
1010 257 354 258 267 250 0 366 512 353 512 512 246 12 4407 5402 2400 154 2340 1058 1572 3137 3707 5004 2421 1667 
1011 257 354 353 267 250 0 366 512 512 512 512 246 12 4444 3418 5849 1961 1917 1387 2039 990 1197 3798 1715 3224 
1012 366 254 258 267 250 0 512 389 359 512 512 246 11 2540 262 3903 2629 2827 1555 3525 3230 2564 4010 2889 
1013 366 254 359 267 250 0 512 389 512 512 512 246 12 5940 4459 2535 3741 1818 750 2092 1504 1211 3070 0 1588 
1014 366 389 258 267 250 0 512 512 395 512 512 246 12 2297 4558 4017 4546 3423 5353 1269 1745 1400 372 3432 3063 
1015 366 389 395 267 250 0 512 512 512 512 512 246 12 4505 4227 1526 4804 2121 749 373 810 805 2930 3128 770 
1016 257 254 258 267 250 246 383 376 376 512 512 512 11 2307 3845 5400 4520 5140 2352 3198 4261 5057 2029 4166 
1017 257 254 376 267 250 246 383 376 512 512 512 512 12 568 687 1074 856 5980 5589 819 5600 402 3171 2879 3828 
1018 257 376 258 267 250 246 383 512 344 512 512 512 12 2551 2415 5561 3334 5170 1967 1349 5948 1629 1661 5817 514 
1019 257 376 344 267 250 246 383 512 512 512 512 512 12 1258 5321 769 3453 4895 4798 3260 5495 5101 1303 2419 3486 
1020 383 254 258 267 250 246 512 407 382 512 512 512 11 1292 1320 5860 4908 3656 904 1098 3286 1843 5564 4738 
1021 383 254 382 267 250 246 512 407 512 512 512 512 12 3381 4292 4918 2822 1577 5513 2105 1266 3417 4744 4793 2291 
1022 383 407 258 267 250 246 512 512 337 512 512 512 12 627 3722 3500 3080 1188 2759 3913 4449 5560 4672 3592 3667 
1023 383 407 337 267 250 246 512 512 512 512 512 512 12 4800 2747 35 3362 1535 2313 3962 1208 3706 406 4951 3541 
