32
32 0 0 0 132 129 261 125 2663 843 3510 3261 2533 1017 161 3178 822 1337 2468 2090 3713 3302 552 1844 1494 1235 1805 106 2848 1800 3724 3166 2119 3199 3084 2418 3535 2711 1847 447 2330 3169 1326 2362 2020 1797 199 245 1323 2372 513 3754 3444 1831 3052 1971 1614 1819 685 1495 1394 1994 1061 730 2976 3717 1739 2874 3771 828 3191 395 3902 24 1782 3860 2847 1716 1419 2925 2466 2153 2019 3761 1256 409 11 2246 321 332 454 1712 3258 3555 966 47 3832 673 237 1968 3252 3933 1490 744 3966 2318 3071 3014 2799 2794 58 2869 2766 3899 2981 3954 133 1351 3750 3764 466 1346 3182 1856 1681 3573 1082 656 3087 3699 1924 3005 2487 
33 0 129 0 132 247 261 125 1430 1660 1596 3824 1883 1747 3597 3184 3609 2875 1129 2795 2205 2630 1234 1910 2495 2764 387 2892 3793 2698 3536 3371 3029 2546 1884 1134 2651 3245 508 1004 912 1205 1775 2074 2396 1484 341 1664 2510 2146 860 1434 663 1703 1242 1534 3521 2700 3489 92 1167 2192 1568 631 3345 3242 1554 3194 704 2122 463 2460 270 3383 3690 26 3100 2244 1487 2718 3807 3965 3477 249 778 169 3203 1982 719 967 1540 2778 1590 679 1140 934 2956 1641 1422 883 1512 492 3697 1738 3328 220 3986 1941 2715 2978 731 3513 1979 1031 1117 287 1940 914 3596 2038 3790 907 2951 509 3093 1401 2389 1164 3249 3076 80 3926 2127 
34 132 0 0 259 117 261 125 2165 950 547 895 2544 2194 1727 1414 864 2025 1609 1268 1869 3852 577 3684 785 2982 3047 1147 2511 1902 1915 2057 693 1682 647 3464 129 1740 2172 2096 1558 726 2772 2710 204 1553 2931 1801 1600 1928 1222 787 772 472 765 160 2281 3562 798 1001 166 3608 1912 3674 721 541 682 1956 1834 1969 1420 55 3270 1909 814 362 3968 1081 1209 1431 2278 465 3834 3344 799 198 1231 2235 3901 1108 2359 2741 3271 292 3583 2680 851 277 2876 439 794 3746 2861 2292 2053 3186 2595 2198 3060 3877 729 1456 826 3663 3978 3779 1657 890 938 1228 3306 264 360 748 697 3426 94 2727 3024 1341 688 1457 1907 
35 132 117 0 259 247 261 125 3894 3545 3638 2209 2436 2150 3127 2347 2963 3858 3581 897 1444 2807 303 3729 16 960 592 2566 424 3051 3917 3810 1796 3766 475 644 1063 280 322 2622 1670 3299 452 1155 1626 1693 2524 2234 827 1048 2955 705 2750 786 84 1297 2145 1952 3342 923 1226 3842 3595 1640 2802 1710 3653 2250 442 462 2094 3072 3176 3725 3714 2860 2790 3395 3143 3632 3816 3140 2758 3964 3389 2508 441 1446 2843 2473 3833 1172 2717 1644 1580 1399 2080 1161 2754 468 1462 1695 2618 2102 3821 2231 2593 2262 1788 3799 2657 845 3188 1263 3914 718 1615 2691 113 3624 1823 2929 3401 1019 1254 958 758 2585 1404 1099 638 1850 1020 
36 0 0 261 122 119 512 125 3576 978 3648 1160 3984 936 1863 3045 1653 2878 1965 1802 2499 73 1666 2609 1257 2242 2713 65 3062 2621 2211 2996 2141 605 825 3368 2736 1125 1951 2880 3215 3304 1243 1808 1219 522 351 1423 892 3491 1985 3175 3305 984 412 3023 1658 910 3170 788 2026 3197 449 2287 1352 18 2938 2854 510 817 2567 1367 3755 896 3961 3827 275 1755 3769 3248 2525 618 564 1757 2259 854 512 537 610 3378 2441 1138 481 1786 1536 3490 1041 681 3563 947 2273 1799 2662 363 766 736 2645 1253 1381 2267 2329 1730 3783 2271 30 3356 558 3232 2853 1281 1936 583 3859 3158 2116 2987 2498 2445 637 2823 2186 723 911 
37 0 119 261 122 247 512 125 2667 2136 2873 2243 3511 838 3879 3870 2797 71 3155 1124 3114 2838 2697 1276 3557 1465 641 1416 1632 555 1250 651 3551 3086 988 2030 3447 792 2588 604 608 3662 863 2636 1879 2179 2377 3850 1551 2056 3099 1397 3310 2958 1987 2728 1665 119 2353 542 498 2671 288 3183 2676 857 3747 1055 3743 702 3297 312 3740 1331 995 1100 1806 2176 1810 534 1238 2169 3559 2703 1748 413 840 1935 3200 62 571 3041 2474 444 751 2125 2897 2769 1322 2813 674 2229 609 3945 3668 2619 2708 3435 3167 849 3177 2112 2484 3202 3881 926 951 404 2926 2558 3067 3049 1857 1721 2002 3718 3659 2032 2891 1861 1984 1026 3855 
38 122 0 261 259 124 512 125 431 3991 3442 1448 370 1312 2803 654 127 2806 821 408 3102 2143 2303 830 2801 2031 298 3373 1248 2722 2455 3001 3854 25 2069 2331 2437 1110 683 2333 2502 3561 2317 2149 1318 2183 1904 2777 2175 3732 1067 2646 3145 388 143 53 2068 2251 3165 3061 1287 115 1047 1601 1054 2837 859 2919 2709 1477 2729 302 3728 427 358 2950 2216 2536 499 1095 1440 3436 3341 2166 3059 1803 1613 235 2364 2590 2600 3320 1218 3976 3364 9 3944 1975 1480 1926 309 1842 2995 1654 1798 3698 1733 2625 3441 2254 174 3846 1618 3365 3602 491 3212 2969 3719 2337 1023 1089 872 774 2610 3107 1974 1592 3843 3179 2152 2305 1791 
39 122 124 261 259 247 512 125 1295 646 182 1550 1373 2204 600 1891 664 3739 478 2196 3856 3787 999 1760 993 2290 4 114 2998 1152 3876 2805 2679 853 3818 3819 1515 175 1690 1582 791 241 3291 1945 632 3614 3677 1012 2376 1357 3935 141 3569 3620 2844 3650 619 2245 1204 2449 3311 922 3693 1455 2124 2022 2099 436 2768 2453 2932 3361 2942 1518 1463 1545 2986 3239 776 3469 3339 323 623 3556 2980 2221 3455 37 162 1621 846 102 1713 1918 3517 1587 2624 3565 1685 1319 443 417 640 2444 252 2804 1139 595 3439 615 1916 3989 3066 3878 1032 2006 1832 178 1765 725 917 1454 2896 3153 1507 1648 1932 1233 209 2575 2921 1386 578 
40 0 247 0 127 373 252 125 2106 636 1736 3285 3461 1030 3825 716 3144 2114 996 3192 1162 3130 700 1839 3218 1105 1294 1115 2900 1784 1761 3082 1750 2527 533 2306 1044 538 1564 3384 1180 2483 569 1696 1783 2384 574 1212 2979 3630 187 1460 85 3836 1864 841 486 3896 2785 2215 3497 3689 502 2293 3512 3274 1175 753 1040 3244 100 1742 1561 2181 375 1370 2367 1271 714 51 3010 611 238 3366 1468 2210 2093 158 2018 706 1634 2992 3503 955 3639 2187 1741 1829 2841 1435 3484 2512 227 3057 2577 1840 871 285 3390 801 1255 3135 329 2665 3949 1970 151 3678 3154 2071 3004 903 866 3319 3893 3075 1576 768 418 3812 963 1645 3284 
41 0 373 0 127 512 252 125 793 70 2066 328 3189 3660 1389 1372 1549 146 2294 670 3957 518 1888 3458 276 3323 3748 3336 880 653 1114 3774 1756 3037 2463 27 3123 2361 430 3863 493 556 108 17 3695 261 1412 2060 3318 1330 3635 3343 3767 3657 1708 3172 1753 1314 3032 2055 2282 2344 2059 2694 2266 915 1573 2539 203 1624 295 1571 2852 3589 952 325 891 1471 1064 3000 2350 63 2301 703 982 1636 3430 3998 1432 2690 105 3515 1973 928 2157 3900 3702 3290 1421 205 3703 1283 741 3560 52 3969 3951 802 1957 3873 3326 3642 1491 3125 1898 1517 1725 983 165 1113 1259 3470 216 1773 1185 2786 777 299 3016 781 213 383 3533 
42 127 247 0 259 375 252 125 2543 905 243 3088 937 1131 2763 2341 2366 414 118 873 1039 3599 829 2812 265 1824 660 139 2820 1813 584 1395 46 2003 191 1398 3132 3509 2530 2638 622 516 2428 3333 3889 2177 1052 2322 1214 1182 3579 96 3009 3912 2916 2959 2043 603 2554 3907 2918 2131 1340 3391 780 3996 1249 3723 806 1474 495 3498 991 3400 2375 3796 1605 1304 3214 2410 2390 2828 2740 2746 1699 1260 2193 1293 42 3396 2276 1150 2617 2612 1822 920 1851 2939 474 596 150 2223 1328 2940 56 5 320 3465 421 2034 1338 74 3548 1196 1437 244 399 2414 3942 2207 3744 3201 334 724 2049 2001 1347 434 149 2633 566 906 3995 
43 127 375 0 259 512 252 125 3340 1732 573 2190 2316 1978 3594 1705 228 121 2013 1267 3897 1546 3397 1848 2459 545 850 3922 36 3887 3539 2067 1198 3482 3542 2451 1625 3885 2358 1280 311 2429 3950 2591 3549 3956 1846 2404 3407 1885 3892 2004 1933 206 1942 1562 808 3604 1776 2147 1575 202 1929 1072 116 1606 594 369 2706 711 1557 1442 3906 2279 2464 2357 2226 887 1774 2678 2584 1135 2324 2513 2933 3800 192 3716 3042 2800 181 2670 3451 3185 2017 236 2884 1635 2814 3473 2401 2398 3508 2765 3972 1496 1633 2967 1133 3762 2232 3255 3352 2109 1181 3759 1938 3119 1906 2501 2061 2572 1073 86 420 1245 2052 1199 2542 2180 811 3803 2641 
44 0 247 252 126 385 512 125 21 1766 142 3817 1123 1224 3421 837 2960 2652 2047 2360 2132 2311 2213 3610 3506 2374 709 1830 773 696 2792 293 2756 145 1360 546 2284 677 3412 3096 3450 2467 2732 908 3276 357 945 517 1925 2742 543 1754 267 1016 2381 1669 349 1825 2654 1631 3558 3795 2693 2040 2088 875 1684 1500 157 3187 3213 3627 3775 2664 635 1858 340 1252 3649 3351 2917 1028 3474 2635 3034 662 3480 1671 529 3737 2538 3427 1084 2724 2048 2342 179 3021 259 3633 3851 1145 294 3077 170 2407 3348 1826 2283 972 1313 505 738 90 2320 1655 138 403 956 1447 2310 1901 3471 2412 886 3808 3773 3237 2735 2656 3734 3844 3952 
45 0 385 252 126 512 512 125 2430 1686 3673 1071 3727 1619 1539 580 344 1679 1262 2954 3398 2134 196 782 3350 1954 998 2023 1051 1178 3526 3941 3089 471 482 1769 3124 2582 60 1542 1642 1183 3003 3136 634 1560 2608 867 1683 3801 943 2423 2285 3180 2062 3288 1284 1527 1174 2123 2796 2489 1785 1862 879 2140 1749 3247 3848 2388 3098 3479 3369 775 2203 12 3891 2486 1083 2126 760 1579 3272 217 1467 1993 2808 1000 72 2261 1207 494 2354 257 2898 1525 701 3670 3937 3462 1700 3939 698 3109 1165 3074 3386 3325 2491 290 2438 2458 3671 1729 2644 796 319 3919 1103 3658 3438 3977 3134 2649 3332 554 3048 515 1499 2089 271 2309 3375 
46 126 247 252 259 379 512 125 1241 1789 3008 3982 1186 1947 2220 3056 315 164 2965 223 1080 803 2399 2425 2178 2274 1045 1963 3738 1223 1559 1734 448 2115 3226 2200 1029 286 2202 3015 1603 797 1011 1728 1717 655 3625 2597 425 3736 1232 1278 3574 3641 2085 3321 757 2488 1607 333 2984 2552 3872 3205 2723 3090 2033 3012 2507 2666 3296 445 3544 3928 2514 3867 3322 560 1270 1126 3126 2568 1565 2997 1544 2383 1780 2605 3217 2826 2171 1220 3568 1285 767 2975 3712 3017 800 335 1698 2286 3433 740 2228 28 3078 2253 1458 3266 3472 544 32 3621 3478 1958 1037 561 1880 1068 2775 2275 2162 1159 856 2550 1986 2042 3675 691 1362 3781 2999 
47 126 379 252 259 512 512 125 815 3026 2174 3572 230 497 128 34 2573 3148 809 581 2526 2373 1714 2378 1485 3256 2615 3971 222 3932 3434 531 1937 3385 3485 2212 1486 3020 3985 2142 599 3546 3504 2037 1726 2607 2493 1853 1022 1227 2626 337 585 422 1809 1983 2914 2225 2810 2386 1176 1013 2505 464 2368 2830 2682 1377 3776 2771 2752 3181 2521 3263 2206 1955 974 1033 2911 3234 3838 3379 1599 2704 3410 2269 477 633 2355 470 1301 215 3278 1505 1930 3831 99 316 15 1711 2201 3629 3359 2104 1871 266 2734 877 2719 2571 1470 715 1130 831 2819 1149 3946 1610 256 1132 3007 3993 1746 602 1804 394 342 2773 1104 699 924 944 1524 
48 259 0 0 379 142 246 125 3916 3324 2913 1828 3835 3777 747 2702 1385 461 1236 2596 2835 2923 2182 88 2027 1523 2776 2798 2948 2395 1676 1764 2809 959 3745 2481 1141 1996 3030 87 144 2985 2387 2230 378 2082 3869 1364 1378 1998 3688 3164 3488 188 343 3524 69 1835 3923 3789 306 2218 3414 2346 2964 3043 326 1612 29 1768 2312 1336 2695 2000 40 2687 314 2548 234 1759 1439 839 361 2973 524 185 628 3227 410 2065 1628 3905 3815 665 942 1946 601 666 779 500 6 2589 1315 1091 1758 1009 2469 8 2072 587 783 939 970 2465 1530 7 218 1014 3756 2833 865 3069 3106 2369 2095 2547 2214 3452 2008 3315 194 1876 2161 
49 259 142 0 379 256 246 125 3146 1617 3997 473 1541 3308 1611 847 1887 1350 1890 2855 2442 3974 1701 1343 239 44 1305 1931 1595 248 3730 3915 2659 3804 3394 3380 1392 708 1202 487 2332 2903 3987 2219 1905 597 1097 1895 964 985 3289 2529 2447 1620 3753 1489 1445 2128 1704 367 1637 2882 652 3778 2578 3335 3415 2479 1903 101 3219 1608 345 1060 1229 3402 3280 3370 1689 338 1286 279 620 1298 1638 884 913 1719 2302 2371 3590 1195 1585 921 824 1272 1327 893 2549 1200 2928 3792 1827 2692 43 2751 1752 625 3853 2639 20 1913 1374 927 2817 2348 2433 3532 3064 1943 3586 607 2922 2699 1578 2647 97 3538 3813 1795 304 1900 2661 
50 379 0 0 512 122 246 125 3131 3457 1101 1137 3404 557 1088 283 2842 833 1793 2434 3353 3499 22 1897 567 1201 2450 1237 1475 282 3980 251 1413 2592 986 2993 305 274 1368 836 3159 1652 3216 54 428 789 190 3705 186 1662 2345 661 232 1707 695 1450 735 743 1672 523 2236 1096 2130 2475 1691 3666 2079 3437 3013 2565 2024 450 356 366 1639 1393 1581 949 1428 3091 1024 2263 3331 820 3570 1964 929 3338 458 2881 1264 1433 3634 511 1302 3507 1790 1678 3346 253 2936 2862 2151 173 49 2611 346 2974 1770 1065 1953 1059 588 1106 1771 969 795 1697 1107 2424 3530 1156 1503 3601 435 125 1299 563 2471 3250 1838 2163 3758 
51 379 122 0 512 256 246 125 3492 10 1991 3884 1087 3644 878 3382 2270 2832 1873 3527 1692 2788 77 3475 1948 3683 3681 678 3376 1492 763 3780 3116 1225 3623 152 1981 1002 2240 2864 50 3676 33 411 3823 3934 3731 81 2909 2791 734 3316 1118 423 2101 1990 2129 2492 1563 1779 2036 1289 3566 1339 284 882 2745 2941 3791 559 136 2781 2431 2440 3661 3523 2091 3228 389 2574 3405 3329 2744 3540 1976 1027 973 3440 582 2637 324 2603 862 676 3279 3645 2901 2865 1731 3577 2994 2256 2774 104 3895 122 2 1066 176 3970 3682 3419 3264 1094 3265 1210 746 2156 2650 3235 2598 1169 467 1290 371 1184 3665 2579 3883 525 931 1111 2435 
52 259 0 246 385 115 512 125 3742 1837 2910 2443 2154 2856 201 2553 2943 3757 2726 645 2338 2831 384 455 526 1035 694 504 2195 2456 3033 881 3788 200 1513 2907 1050 2173 2272 2946 2064 132 1529 2050 2408 562 3882 3083 565 224 2097 2870 528 3468 1833 1127 2504 229 3643 2168 3259 586 3654 2011 1406 1425 1296 667 2594 1627 2631 1815 2155 1438 992 1396 3613 1934 3246 2793 2669 3841 1537 168 1158 109 3505 2382 2520 3425 932 3236 3979 1816 2628 2620 2516 2356 1881 2846 1179 2054 1889 2660 3584 1511 2137 994 3782 3409 576 392 2924 616 3983 2606 2485 3463 2084 2113 460 1 2749 3908 3875 2570 233 91 1203 1190 359 400 2477 
53 259 115 246 385 256 512 125 527 901 3494 3587 1718 3449 2420 3580 1109 135 2725 3501 2971 1417 195 480 2714 722 3617 948 1514 66 3955 1348 3330 551 507 3637 1852 1939 2560 2789 432 686 3874 3910 3138 3095 2677 1329 1966 1112 3770 1077 3150 3161 2321 3861 2968 278 1403 1143 1821 2858 1896 3704 3420 2893 2476 589 2472 852 3651 2905 496 2945 3920 330 2581 1151 981 3820 2222 918 297 1461 3715 536 3967 2872 539 818 3768 2446 989 3044 377 3293 1345 1528 3694 759 2780 591 925 1920 2767 728 107 2397 1478 3399 3857 2422 1520 535 1772 2753 3022 2118 2675 3162 416 1379 2394 540 3151 1036 1481 2614 2840 2365 3647 3958 2148 
54 385 0 246 512 141 512 125 501 1872 2990 3606 386 307 1154 140 1688 2648 3031 3692 1767 2336 1427 2323 3794 1409 93 1366 3522 3811 727 1153 3295 1923 2063 613 3139 3564 2851 1735 3531 2016 2623 1043 3327 246 76 754 2983 3994 2845 3700 899 2308 521 59 909 268 657 3784 752 451 2655 3065 1090 1859 2007 250 382 1882 940 3204 429 671 2135 300 2403 2046 1239 210 3628 761 1709 874 1193 398 3711 226 1206 3612 3028 3392 3466 1354 385 3467 391 1170 3640 3312 717 1034 407 2237 1216 2280 1493 2021 3849 331 260 3221 1602 156 1282 111 3238 3006 3147 659 1359 1807 57 2839 2604 2189 2249 2470 45 3760 987 1659 3207 
55 385 141 246 512 256 512 125 1018 263 78 3156 3019 1053 1317 3752 3115 2681 171 2288 2503 1538 3520 2426 3886 193 3802 2688 3209 381 503 3018 3797 2117 212 575 1300 2770 835 1424 898 2238 3121 1007 1720 137 272 1472 1999 3424 3988 1598 962 1453 612 1977 1251 3611 812 953 3680 2755 1274 130 1246 2217 1429 1358 2413 1584 3552 1042 2409 2111 3110 3571 19 308 13 2716 2363 3428 3537 3133 1651 954 2953 1865 3929 1583 3036 479 1056 3079 3578 876 3550 1516 3303 1324 2748 900 3626 570 2966 3117 1261 2319 1960 1650 1335 1482 83 3349 1623 1411 1355 832 2078 3206 3652 3168 2005 3225 3847 211 3273 3251 1240 3118 67 2653 2731 
56 259 256 0 386 379 262 125 1361 2370 3196 2899 756 2009 2497 3298 2197 975 1855 2138 572 313 3554 2689 339 1213 2500 1441 1010 2494 1008 95 1501 894 3046 3105 2674 379 684 3195 804 2522 2406 1402 1476 2849 807 3496 336 3301 3163 2051 3448 225 1841 2035 976 459 1275 393 2295 1038 1479 3269 1675 626 902 2563 1391 2761 2877 532 1949 3691 110 3911 1076 3543 1950 3367 1702 1744 2252 1146 870 3035 3454 1191 506 3959 3403 3027 1597 3686 354 1046 1737 1365 2937 1116 2811 2188 3708 2912 1616 3605 2583 1643 2760 2962 3222 861 124 207 3516 1310 68 2432 2991 3190 23 3309 184 2199 2857 2343 1510 3528 353 2580 968 273 1102 
57 259 379 0 386 512 262 125 1892 3253 2247 2531 3518 3701 742 3865 3953 2227 3374 3160 762 2208 1483 2480 2233 3862 2326 3025 1630 1922 733 1868 1508 3174 1548 1875 1473 3 690 3814 2297 2335 2972 672 1307 3805 2868 2816 1509 3211 2518 1962 2107 2452 3582 2478 980 3672 1919 2120 3735 134 1408 2537 2643 2825 1866 3257 3355 469 438 3294 629 2961 2944 3229 112 1870 2576 1874 630 3416 1308 680 3152 426 1877 2289 530 476 1187 123 2685 291 3142 692 2701 355 1586 710 485 548 842 771 1418 1025 3493 183 1466 3616 1230 1459 1567 1344 163 3763 3277 844 489 2836 2686 347 2159 3696 1812 2888 3483 1078 484 1814 103 3129 1777 
58 386 256 0 512 387 262 125 1469 1288 327 2405 3785 3588 2416 1120 1488 3822 2970 3307 131 2720 1452 1763 2721 2821 643 2586 3388 2417 933 2133 2300 2779 1498 2569 1860 2509 3981 376 1522 1086 3600 1787 231 3636 3927 3519 1820 2668 3749 790 2627 784 433 3943 3936 1388 1867 2866 2640 3890 3948 1656 713 258 3534 3839 889 368 3975 3097 1566 167 3924 764 1911 1215 3372 1687 869 2439 3567 14 2264 3431 3038 1189 2461 1382 1079 1899 2712 2540 3103 3786 352 2160 2010 61 3619 3963 1849 2904 2103 2658 1119 2859 1356 3281 2041 3101 2730 2058 1075 2265 1569 3593 2379 180 2601 1914 397 1390 1663 1878 301 957 3622 1332 2673 3173 2170 
59 386 387 0 512 512 262 125 2258 1668 3864 2871 1069 2296 2339 1194 1144 2015 3960 219 1015 3241 1724 2541 3931 1591 1277 2351 2559 2528 3223 1647 650 3053 2562 2224 488 2076 3840 1908 1273 1451 2915 1291 3918 669 520 401 997 446 1383 2086 456 2385 2045 3685 1543 3111 1070 1265 813 2506 3871 888 2935 1436 823 3337 1003 117 848 1464 1680 3262 1021 3806 3615 2260 1570 82 1334 254 31 126 3081 2782 658 1836 2757 2239 3360 1854 1415 2555 453 2255 916 2834 2743 2185 590 2164 1306 3313 2908 1057 3888 3104 2906 1547 639 3679 627 1594 2100 3408 79 242 48 2315 2672 1972 3039 1426 2268 2523 405 755 2098 2952 2738 3829 2557 
60 259 256 262 385 386 512 125 98 364 3220 2927 1593 3607 402 2277 2402 598 549 1049 159 177 3947 935 3476 606 648 3845 3828 2739 1074 1163 720 3456 2887 1342 1221 1589 3664 3481 3921 2077 885 3687 317 1497 2894 1173 642 3990 2307 3930 2392 3122 2496 3618 1706 1085 3514 380 930 1122 3529 3283 2087 1646 1762 2448 568 2012 2299 1136 1211 2328 2879 819 2070 1157 2920 687 3363 1128 3826 2028 3070 1506 1604 281 1694 2867 1845 2191 3377 350 2587 2029 2534 3198 483 2380 2561 1407 1817 2519 1380 2352 1572 1532 3092 1376 214 1353 3575 1502 1674 3240 1961 39 3171 2545 1363 1121 1944 2158 593 2419 269 1349 2314 1303 1743 2457 1311 
61 259 386 262 385 512 512 125 197 1667 310 1794 1321 855 3646 2340 3837 2490 1384 2517 3260 3418 2108 3710 1521 3809 2705 3334 579 2551 2454 3446 3925 3720 3387 3141 1967 1092 2039 3358 3393 1371 3868 2890 3909 2421 2602 732 3443 2632 1992 3210 2824 1894 1279 2642 1649 2696 3157 3068 3314 2139 649 707 1309 3453 2883 1148 3317 990 3300 816 3287 2818 737 3243 390 2634 3268 2787 1531 1197 2075 154 255 3940 3487 2902 2167 1629 2613 3709 3054 2733 739 2532 365 1387 1677 1369 1058 2599 621 2400 2044 155 2462 3798 3598 1258 1917 2415 3224 3707 3137 514 769 1661 3445 2957 519 3486 2895 1715 318 946 296 3113 3866 2349 3058 374 1997 
62 385 256 262 512 390 512 125 3108 1588 3085 3193 3603 1166 1266 1843 858 2564 0 1410 3655 3741 3050 1893 3381 979 1005 147 3267 3938 834 3721 2629 1921 1673 2784 2105 3631 64 868 3208 3406 3765 2482 1778 457 3830 941 1577 1995 2334 3999 2515 1192 2257 1292 2885 1375 2411 1811 3286 2762 1818 262 208 3094 2291 1093 2989 689 3591 3422 2081 3120 1098 617 1062 1177 3040 2427 1722 3275 2092 1555 3460 2863 3055 745 965 2110 2393 2947 1980 971 1552 614 3417 396 750 1886 1449 3903 2827 221 3495 712 3898 1504 490 2391 1781 1325 1168 1988 1723 3011 247 1142 2889 2241 3726 3525 1333 3656 3230 289 3772 2850 553 3254 1927 2535 3413 
63 385 390 262 512 512 512 125 977 1745 2822 3002 624 749 2707 153 805 1217 120 1526 1556 668 3973 2684 904 2616 1989 2144 1320 3585 2327 419 2556 2783 348 3667 2313 3992 3904 810 3553 373 406 2304 1792 437 1533 3880 3354 3128 2073 1959 2737 2325 3357 3080 1244 2747 2829 2298 770 3063 2759 2121 1269 3913 2949 3592 3073 919 3432 961 2083 3429 3962 2934 172 2683 89 3547 2977 3282 3231 1188 35 1751 3502 1006 3669 3362 1171 2248 2014 3722 1316 550 1519 38 3751 1405 3423 1443 3500 3149 3292 440 240 148 3733 3411 1208 3233 2886 3541 1247 1622 3112 675 1574 1400 2815 75 372 41 2930 415 2988 3347 3706 1535 3459 2184 189 
