128
128 0 0 0 0 126 122 123 241 78 9857 4158 4263 3713 9791 3169 6124 9392 3754 7124 5479 1614 1805 9136 8947 6375 4669 4099 2468 828 4390 9722 8279 9322 11 8020 9995 1800 3750 6884 3535 8984 5503 4854 8245 4409 7975 3899 7989 6704 6334 8705 7658 6969 4684 7034 2020 2848 9189 2874 4956 7351 744 1847 9906 9666 2372 3764 9597 5022 2119 199 7365 7535 4971 8019 6835 6590 4055 3761 9664 2466 8675 5258 6465 5043 9863 7721 
129 0 0 123 0 126 122 262 241 78 4776 1394 5541 5210 8824 4439 6560 1844 4619 4810 8241 1256 8095 552 7530 6876 685 5678 1819 8447 4698 2362 4570 6988 8725 8442 447 2711 730 237 1712 3199 4575 9528 6805 6484 3166 161 7072 9026 8601 9305 8754 47 1235 3258 2847 5978 3014 2090 6537 6378 1419 5898 332 1337 4319 2663 133 8073 321 9056 7361 9153 5240 9244 6220 4759 8055 3771 466 6433 8399 9833 245 618 106 1423 
130 0 122 0 0 126 249 140 241 78 8414 5916 8238 3029 7951 912 3345 2795 7042 731 4788 4095 270 4262 8275 8427 3926 3513 6650 6206 9731 9093 5113 4858 4241 1205 1641 8461 8354 5855 934 5465 8936 631 7884 9825 4384 6603 7473 2715 1660 6181 169 4620 4933 5251 8926 8977 1140 6598 5787 2396 4840 8409 4787 2510 4523 7285 9300 5448 2700 7229 1167 249 9266 2192 3328 287 1401 5155 2546 7729 7384 4070 4766 8071 8746 4036 
131 0 122 140 0 126 249 262 241 78 2892 4404 5760 5382 2389 967 2978 3965 6512 907 492 7787 9087 6536 5409 7917 8166 5444 8178 4822 1242 8490 4040 6070 92 7464 6311 9393 9592 5698 1596 9636 8821 2487 5590 4634 719 1883 5411 9575 1487 9304 7901 7666 3609 3489 3790 1234 1747 9439 2127 7517 7416 7461 5262 1924 6023 704 5435 9065 1568 463 5551 3249 1554 3986 7267 6177 6231 3087 883 7831 4188 7686 2956 3005 1856 3718 
132 126 0 0 0 258 109 124 241 78 2235 6467 2194 8877 2281 8408 7036 8458 3674 851 4768 2292 9462 6367 8335 94 864 7733 7073 693 2861 9579 1740 2246 5979 7130 8109 1956 721 5559 3344 3746 9105 7950 4880 6034 9454 2053 5935 6257 697 9778 1609 277 1147 3052 7810 5512 6569 3464 4943 772 1228 3978 3852 6460 2096 8949 9115 1222 6606 7400 6960 4381 890 2925 7066 3060 7203 1414 6193 4560 6204 4301 1108 129 814 6176 
133 126 0 124 0 258 109 262 241 78 1869 1553 547 3608 5553 2359 826 8767 6110 3426 5311 5921 4372 9771 541 9594 5516 3186 4782 7231 2057 2595 5189 2172 5235 1209 2278 682 8876 1909 5474 8564 1682 7744 9251 5496 4115 362 7215 9563 9801 7863 785 2680 8793 2741 5766 8197 787 8608 1971 5410 4309 8491 3968 198 5268 8856 2727 3271 4916 7147 2931 3562 264 3261 8261 6732 5950 6521 5756 4371 6866 9844 439 3779 3877 5742 
134 126 109 0 0 258 249 131 241 78 6168 1117 475 8663 5007 6335 1048 3810 688 3581 2750 923 8575 8557 5610 827 6940 7262 3024 8925 7343 7458 7415 6469 3725 1462 7408 442 8673 9519 3072 2963 8433 6839 8229 3176 5304 9387 4741 4066 6706 9291 638 2754 2234 2618 3624 9325 2262 6232 2843 5106 5446 8562 6355 2347 4748 5801 1695 5310 6801 5858 6005 9123 6619 113 3127 2955 4077 2524 1099 5313 6008 3143 2802 5835 845 9015 
135 126 109 131 0 258 249 262 241 79 7200 7251 387 4501 3395 3799 5252 6776 5025 1850 6399 1693 8161 4020 5550 8122 2929 4559 7623 6381 9534 3833 1670 9929 4403 5675 5067 4863 3964 5006 1226 4432 7730 280 3842 2209 6529 4451 4474 1952 1063 1263 2080 1823 4226 4096 4510 7652 5732 6372 8207 9971 9373 4680 9353 4567 7041 4866 1788 7289 1615 3816 303 4872 1626 7545 3729 7888 7625 2102 5549 897 9498 1129 8535 958 6358 424 6259 
136 0 0 0 241 130 132 147 512 78 843 4615 6853 4893 4524 3573 9628 3444 8247 3191 4024 6627 656 1323 2799 9336 7728 4688 1061 7697 454 409 3832 5830 5086 8708 1782 1494 8815 5563 1326 7525 1495 8649 3724 5951 1351 7650 2330 3178 5901 9892 9587 8504 9488 4018 2766 822 3717 1968 6892 6256 7255 8477 3966 1716 6618 6025 1739 8831 5686 9261 5096 4294 6625 6731 1994 6315 24 4754 9377 7719 58 1797 8378 8714 9772 7759 
137 0 0 147 241 130 132 262 512 78 1082 4922 4302 7097 7434 1346 2981 7019 7961 4959 9702 1831 1017 1681 9988 3084 3302 966 7018 7755 4721 3252 3954 2794 6746 8430 6616 3902 9698 8174 2976 4544 4671 2019 513 3699 6295 2153 6756 7641 4026 4564 3510 4351 8939 9922 5095 8314 9562 3933 8811 6310 5455 3071 1430 5172 395 2533 4450 8152 4765 7876 7302 673 1490 6697 8049 6722 3860 6740 2418 3182 2318 4312 8641 4900 4295 3555 
138 0 132 0 241 130 249 145 512 78 9938 341 3690 1982 3536 6658 2495 3076 1512 2951 7949 4281 5062 6182 9993 5369 5807 2038 3245 5736 9986 3371 9206 5329 3093 5337 5693 3203 8254 3807 6532 2651 1434 860 1941 1004 2698 4629 3596 1164 8034 7120 2630 9511 9196 5617 7984 7694 4035 4465 3824 3100 7600 509 3383 8937 6826 9609 80 6293 2146 8994 9547 3521 4621 9440 6275 1540 9054 9360 3597 8462 5478 7331 6226 3194 9809 1775 
139 0 132 145 241 130 249 262 512 78 2074 914 1940 9344 4360 1738 5985 2778 9289 8274 3242 8769 6895 2244 7822 2205 2460 1031 7990 26 1590 7756 6980 7875 7335 5108 3793 4331 9894 679 1884 4317 6074 7053 508 5838 1422 7366 5486 6322 9674 7432 8934 4851 2122 8170 2764 3477 7588 4755 9970 2718 6829 7369 5377 1979 9048 5925 1664 3184 7433 1703 220 663 8406 6757 5373 6628 2875 778 1134 3697 1910 5731 1534 7032 4165 853 
140 130 0 0 241 258 134 153 512 78 5206 895 6064 5780 1444 2150 1727 9415 2869 798 5384 1001 6434 8836 8024 5128 2566 7802 6362 1081 204 577 2165 5330 3684 8336 2876 7447 1457 7569 647 5809 8096 160 360 765 3583 5231 726 1915 8468 9711 6810 729 7196 8352 8476 2807 5217 1657 748 3047 3834 55 1456 4220 6591 9358 3901 292 9859 7746 7969 16 2710 1431 465 9155 6914 9460 4476 8777 5489 3638 5520 3306 5281 1912 
141 130 0 153 241 258 134 262 512 78 8627 4235 9176 6013 1801 2436 4563 7467 8470 3858 3545 9909 7111 1834 472 8883 3270 1600 8179 9342 7341 7165 3663 4962 2982 7966 960 8439 4216 3894 4910 2025 4656 4352 1420 8026 8759 1928 938 5333 1231 4471 4205 9447 5213 9799 9874 166 2511 9604 8016 1969 7673 7751 2544 7735 950 1907 8347 5865 1558 9691 1268 6230 2772 6804 7039 794 799 5754 6882 9355 6081 592 1341 8208 9837 9049 
142 130 134 0 241 258 249 135 512 78 7224 4946 8733 8326 8270 6787 9888 4911 2790 644 5335 5469 4357 4254 2860 2508 6747 4456 786 7016 4852 5357 7201 3917 5864 7611 9242 7690 462 6754 7924 6595 441 8650 3140 5998 7087 1020 8522 2657 6680 6141 4238 2585 9728 8570 5544 9148 1484 3653 1644 6959 1254 6597 6453 3766 5850 1580 7380 8798 7026 1710 5723 6602 1172 8751 3342 3714 1404 6021 9491 6962 3389 9881 8173 9716 8101 7435 
143 130 134 135 241 258 249 262 512 79 6383 6749 1155 7878 468 6012 3401 8054 1446 2145 9472 7050 5031 4865 5607 7477 3632 1019 8631 6621 6377 9045 5485 3188 8293 1640 9000 5415 6897 2231 9350 7428 6373 2717 6848 84 758 4719 2094 322 8894 718 4060 452 7740 8553 4942 2593 7430 7977 4438 7854 1161 9160 8297 2691 3914 7405 1399 3595 5174 6266 1796 4300 2758 6552 3821 705 3051 1297 6954 2473 2622 5955 8844 4557 9754 9747 3299 
144 0 0 262 0 118 127 384 262 78 2873 6371 2996 2186 3961 9541 8502 4584 4860 8012 8686 9774 6427 5614 4223 3045 1802 3248 537 6888 5208 2141 1138 7689 8280 7227 3783 9548 9471 8210 6965 9011 5937 7773 5371 2329 8509 2499 4549 5493 7392 7743 7063 947 8328 6047 8119 2287 936 9152 896 8933 4291 7983 4164 4650 1755 4308 9994 8935 8585 1863 1160 817 723 2271 8480 6846 2938 3769 6600 9436 2645 1808 1730 2441 7240 564 
145 0 0 384 0 118 127 512 262 78 4846 911 9182 2242 1951 1936 512 9004 8356 5181 6611 4912 6828 2243 736 9110 3755 9704 4676 5796 2259 65 9100 2854 4206 275 5770 7794 8820 9846 2567 9456 2445 4948 6647 8897 7507 1125 4528 7833 4048 8368 8329 978 1757 9326 9333 6596 5483 2667 6729 8979 5133 9783 825 9076 4792 2136 7492 7644 7048 3491 7663 73 1352 6030 2662 2273 681 2267 6130 2853 8717 6827 9695 1799 7403 3197 
146 0 127 262 0 118 249 376 262 78 5480 8075 62 3551 1987 6482 7675 4941 5138 2897 641 9527 3559 8760 3183 988 5340 849 608 5997 7996 2032 1810 3177 5123 2588 7419 3202 5500 1879 1935 8747 3870 4996 3167 6353 8331 2176 3740 751 6751 7022 288 5286 3435 5318 8807 3447 2474 4088 8384 498 9850 4430 6325 4740 5681 2708 1331 8489 6869 6733 9912 8147 1721 1766 4832 6045 3200 2769 702 8025 404 3557 1026 9606 5109 7827 
147 0 127 376 0 118 249 512 262 78 2671 4163 838 6973 4590 651 4307 8610 7945 6420 7923 571 8059 7793 2377 6926 6572 8500 5704 9335 3662 2229 6173 7613 8668 9808 5604 995 1276 926 1551 5899 8503 1857 6549 5236 2619 2697 7914 9465 8944 8544 7563 857 1806 4310 8027 555 5068 5511 9382 7074 8942 6160 8996 4981 5334 6868 1465 2797 9293 9088 2169 4091 6297 4039 1397 2484 2112 1665 2353 2838 5765 1322 8272 2703 6645 9366 
148 118 0 262 0 258 131 389 262 78 8099 8848 182 6483 5785 6760 4283 8989 8887 2995 302 8377 8185 830 30 3364 8032 4616 9670 3107 427 5949 5579 1733 5331 6920 5130 5190 3341 3179 3698 4242 9062 408 8960 774 7010 1440 6811 2610 9042 6188 8382 6129 654 8364 4772 2806 1047 1110 2069 6905 4704 3846 6924 9836 2068 2333 3728 7985 4168 8676 5090 3843 4894 2175 2625 5596 1318 5837 9647 3441 1592 4427 3561 8390 6356 7249 
149 118 0 389 0 258 131 512 262 78 1618 5646 3059 9247 7490 9887 2317 2590 5227 1926 5010 5734 298 8541 2919 2031 491 2837 9708 6451 9 8154 6635 5139 7682 9998 8658 8255 4109 1054 2204 859 8847 2216 9470 8098 7123 9214 2536 9851 1803 235 1287 3373 7137 9453 4014 412 1480 4743 1550 6062 5182 6144 6285 5119 8277 2303 2331 1654 2950 8139 4179 2437 6246 4004 8198 4828 5751 3102 9699 1448 4934 6425 4482 4999 7213 872 
150 118 131 262 0 258 249 392 262 78 5775 3455 9798 8402 4686 436 4973 4732 5019 8866 5639 1454 5332 999 8056 1507 7300 3439 5615 5982 2896 4057 8677 3361 4347 8253 4780 7263 664 114 3569 5674 1518 5660 3565 9526 2221 2980 3739 7040 2558 9715 9966 4297 8572 6312 4778 7211 791 3066 3876 9399 4606 9103 21 8873 2376 5168 2844 2449 8785 2921 640 1587 2805 4633 417 4074 3239 7957 8395 6341 37 209 2453 4687 8006 7636 
151 118 131 392 0 258 249 512 262 79 8810 1186 5543 8554 1319 9191 4284 4076 2575 5568 1204 4533 8137 9068 3935 175 4219 6044 6393 2932 917 323 9556 2624 9796 8872 6623 922 8779 5052 9957 7834 4267 9656 3693 9878 1891 7481 9524 8169 8267 4250 9301 1386 8551 7086 4601 6575 9629 5799 7861 9717 4961 3787 6258 443 1357 2125 2196 5960 5957 5048 2290 3041 2804 7784 1455 5224 5305 6815 1690 6998 478 2768 8372 5618 1582 6580 9411 
152 0 0 262 262 132 113 355 512 78 9685 4992 5569 3158 9782 7967 7518 6613 7576 9157 7412 8591 1219 3944 8739 7000 4480 7532 1536 1243 7995 5884 4925 5917 3170 5289 481 2525 1786 7997 9750 5102 5507 9217 3576 5597 605 4958 3305 9745 3827 583 5876 3648 8387 3984 4346 5601 3215 4610 3859 3232 610 4905 4217 8973 5114 8736 4608 2621 8421 3378 2183 854 9222 9677 9880 2609 6095 788 5620 8770 7451 1381 3563 3023 2211 3304 
153 0 0 355 262 132 113 512 512 78 8405 6185 9254 7303 766 5976 18 4729 4588 9945 7210 3490 3062 1257 5821 8018 1653 6506 1367 7149 522 9272 7562 3175 1041 7274 2736 3356 5534 1842 2713 1985 9046 6374 510 910 8853 7893 3368 2709 5051 7070 9449 4784 7692 1253 1658 1281 984 351 1965 4867 2880 4632 8013 6102 9962 9452 6758 4030 8707 449 2878 9047 9621 1666 363 9932 5497 6219 4221 6832 5556 5045 8540 558 892 2026 
154 0 113 262 262 132 249 394 512 78 1250 6633 4642 2823 9595 8085 604 9720 6712 6928 9935 5024 2030 7571 9532 4178 8634 5953 3049 3855 1100 7981 7968 1238 7266 3659 2056 4618 951 8199 7183 9903 6363 2813 3155 1861 3086 5652 7254 9204 4318 4011 5857 4574 2636 9605 6861 3067 7513 2728 3879 4169 9984 8817 2116 9812 5581 3511 8296 840 7407 6299 6653 792 674 6584 1055 6540 9596 5645 2498 7272 8724 8149 6304 8589 8891 3297 
155 0 113 394 262 132 249 512 512 78 3743 2958 4328 4952 2987 4631 2998 3850 6294 4458 5853 7799 8457 3881 9567 6551 1748 8492 3114 9058 1632 7620 5903 8004 2926 8400 7344 5657 1984 3945 6077 413 2179 609 1416 1124 9651 8086 3747 8681 2002 8923 534 6336 5952 8333 3310 444 3339 5611 2891 5911 2676 7346 9275 5107 5633 71 637 4611 3099 542 5001 6696 4595 3668 4034 7216 9489 4538 6808 7064 119 863 1932 7568 312 1916 
156 132 0 262 262 258 123 375 512 78 2305 7150 2337 358 9311 9041 5654 2149 8021 7630 2646 5061 9590 6169 4967 9802 7191 5722 5427 9941 7410 1477 5308 3165 8008 3320 1248 6736 5193 9241 6390 9891 127 7108 2502 4437 3001 3719 4767 1089 9834 9755 8117 9286 6501 1974 3212 115 7446 2803 53 2152 174 2969 9445 2166 3365 388 4392 7643 1312 3436 3854 3976 3061 9537 8758 9753 9710 1095 3991 2777 7505 2729 4572 4204 4955 3732 
157 132 0 375 262 258 123 512 512 78 5752 1067 6445 683 8691 1613 4506 4947 7198 7307 6707 9530 8150 5059 2251 4534 1975 25 3145 6498 9102 309 7065 1218 4736 8693 4790 5582 2364 821 6570 5890 4737 9422 6986 7550 8105 1023 8916 7913 9800 8985 4087 2600 3602 6488 2722 2455 9309 9094 6041 9643 6307 9098 1601 6216 8156 6057 9256 2143 9824 1798 4997 3442 6166 7468 6755 9601 499 1904 2801 431 4969 9842 5098 2254 8495 8118 
158 132 123 262 262 258 249 413 512 78 3819 7889 5027 1295 1760 5391 4380 3856 4118 7001 1945 8195 1012 6189 141 6436 846 4321 2245 7885 8804 3311 4410 8317 3153 178 4920 6213 8438 6735 9600 3818 9679 7626 9638 2006 1241 1463 619 1791 1032 776 4433 3878 4353 632 6727 4571 1789 6824 4477 2124 595 2986 2099 9022 5016 1765 1545 3677 5338 9502 8486 1233 9446 1621 1515 8987 3620 7764 241 623 6192 600 8547 9113 4702 3556 
159 132 123 413 262 258 249 512 512 79 9070 1713 4 6587 4355 4993 8076 9818 5134 2022 3989 6486 3291 9738 4058 6280 162 5537 5575 3614 5079 7005 8258 4191 1685 6571 1373 5970 6198 578 1648 1918 3517 3650 1139 1832 5920 7452 5913 9582 252 9931 6780 7258 9316 5924 615 6179 3008 2679 7699 4108 2942 7209 102 3469 9866 4644 4023 725 5692 993 8411 2444 7790 5538 7781 6104 1152 5882 8870 4460 9845 9374 5932 6017 4881 646 5851 
160 0 249 0 0 126 380 119 250 78 1040 8884 538 9118 6867 8546 7462 5531 8813 5963 6035 1044 8089 4830 5126 418 7851 866 4517 7653 3075 1741 2527 6531 2384 3497 9701 9576 2093 716 5783 2066 636 7837 2841 4795 3130 8909 1175 4664 7439 1180 1761 1460 2071 8417 7356 6037 5504 6767 6339 4607 3639 1829 4286 8843 7788 1271 996 502 4086 2367 768 4103 871 8374 1030 2483 2665 3274 4625 6113 6217 1576 1839 2018 7573 7051 
161 0 249 119 0 126 380 243 250 78 329 3689 3893 4897 6909 2106 9197 6022 3512 5840 5385 6238 8598 706 5748 9208 1736 3285 8302 8079 2979 4119 841 5624 9997 7556 8398 6648 5968 753 5431 7933 7043 3461 4144 5973 9163 9956 1696 7411 9129 3189 9921 6060 9383 3503 700 3135 7738 1645 2114 4807 7732 8039 51 7377 100 9538 1840 7500 8599 5717 85 2210 7264 9112 574 2306 3057 3010 6088 4073 5295 3284 3812 1970 6744 7236 
162 0 380 0 0 126 512 115 250 78 9264 6972 8595 108 7459 6807 8379 3533 6626 9862 3037 9536 4422 6447 3336 518 8961 1421 5362 7340 4327 4484 3635 9408 9776 8549 7683 1113 3343 8814 3326 5366 2301 3123 8890 7937 7852 5394 7642 7681 5404 3515 6476 9736 891 3318 2294 8972 3957 6241 9258 6132 983 1517 7727 3863 1185 8262 1571 5342 4386 9869 9361 928 8083 5339 325 2694 6819 9211 5509 3125 7440 703 9263 1259 6656 165 
163 0 380 115 0 126 512 243 250 78 4172 4399 6042 3900 9281 2852 9500 8927 8266 6686 3873 8959 7511 6148 1957 2344 8135 8642 4950 27 8784 4924 4083 7449 5875 8292 2282 3323 8423 6682 2350 1973 4487 5347 3032 8145 9343 7455 5080 5869 4928 5237 3458 8129 8667 1573 3589 4007 2690 5721 7315 7585 8355 4666 1064 9979 3695 802 7187 8841 2059 6672 6565 6222 2060 4156 9401 63 8620 4234 3290 3470 1708 4208 8357 8282 8773 9505 
164 126 249 0 0 258 387 120 250 78 8656 2276 1328 7047 8365 5808 6908 7357 660 8160 5700 7820 9340 320 2577 596 4847 3340 434 414 5376 2633 8237 4699 3009 6276 7135 7172 7927 4834 780 3391 5125 4565 7259 2939 584 3465 4665 8510 6087 6841 7778 2612 5861 566 3509 4085 6114 2740 4600 9925 1437 7931 6429 1304 2207 7212 1340 7167 9044 7497 9395 6415 5894 6944 1052 5 9442 8726 7948 3498 3548 5154 9260 7360 8240 3996 
165 126 249 120 0 258 387 243 250 78 6250 1150 4974 9762 1347 5063 8323 6681 603 2049 2812 3088 8112 5447 5428 3579 2428 4746 5764 4649 42 5317 2820 7753 1131 7918 7648 4463 2322 4835 2959 6154 4529 5487 1249 2193 906 5587 7685 4659 9332 265 1699 5392 4983 6140 9312 6432 1732 3889 7687 2034 3995 9936 1705 9732 150 3942 4960 7814 937 4105 46 1822 2617 4201 8628 573 2390 4111 2001 5778 5671 5269 7928 7145 96 6910 
166 126 387 0 0 258 512 121 250 78 9248 2884 5905 1181 2404 5811 6837 9137 6849 7712 808 5084 192 5393 7804 2358 9215 3397 1199 4614 3185 2324 9221 8945 3407 545 3542 8819 2429 2398 811 2800 2279 4112 4643 2765 2513 1133 8294 6788 6885 2464 2052 4789 1557 7795 4692 2459 2572 9060 7575 2180 1906 7910 8376 2451 9950 2584 4251 8341 3885 4363 3352 8552 3922 9730 9423 1848 7679 5457 8290 420 2147 594 1606 5423 7121 121 
167 126 387 121 0 258 512 243 250 79 5395 6858 7471 8047 6843 9486 4013 8066 7816 6440 1546 5791 2017 7319 7838 86 9276 5908 4233 2226 6468 7011 6694 9829 9724 6877 5527 3119 1774 8181 4552 6559 1072 1625 4811 4343 3759 5261 7318 4067 2109 8902 3473 1442 9900 1846 2401 8519 6708 8231 6454 228 36 9682 6968 8914 5928 3042 4530 181 369 6594 6693 5517 1942 206 2004 8063 3950 6574 6117 2501 3716 4673 8219 2067 6052 9963 4750 
168 0 249 0 250 125 387 128 512 78 9759 1435 9790 227 1115 963 1783 1750 1634 5442 7279 5609 4159 8699 3484 187 569 9057 1294 4176 1389 9138 3218 6079 486 4270 7100 714 4521 5375 7292 1864 3678 5472 6762 9375 9165 1564 3390 7106 6983 4098 4110 8854 7038 6201 1212 1742 7662 3004 3319 8775 1105 7591 3192 8533 7926 7617 611 9238 5964 1370 8404 2187 7218 2512 6651 5915 5267 8752 6643 7131 6170 4431 903 9288 6402 533 
169 0 249 128 250 125 387 243 512 78 1468 375 7372 6028 6007 5943 238 3825 70 9367 7597 3082 2215 9914 7457 158 5539 1162 2785 8311 4485 4602 6036 3384 1549 8196 8896 3144 3630 7828 8177 9497 1372 7964 5892 9787 9232 955 5846 9617 328 3660 3366 3949 7312 6387 4703 7553 3836 793 3154 8108 7657 6313 2992 4707 7649 4387 3244 4472 1561 5771 2293 7237 5749 6050 670 801 1255 2900 2181 4712 285 7844 7015 4995 146 5954 
170 0 387 0 250 125 512 108 512 78 8921 1471 6507 9760 1756 6935 4985 9290 7139 6303 6233 8453 6014 8426 2157 9907 7907 5794 261 1636 7703 6701 4668 7798 3774 6111 3657 4883 4325 5255 8350 6428 3998 3172 8023 8834 6936 8716 2266 7911 880 982 3702 9858 9514 213 1283 1114 8558 1624 9169 8067 8665 3560 3016 3703 7908 8313 105 7855 5627 7541 1330 1314 2361 2463 7770 4550 3748 915 7584 8391 2055 952 7677 9885 6343 8647 
171 0 387 108 250 125 512 243 512 78 1432 6845 1888 299 6918 8976 8543 741 3642 3000 9329 5196 5684 4350 8993 3430 6142 5121 9188 6879 1725 1898 8090 9658 295 7378 7988 8244 7431 7127 781 4907 2539 7421 4756 7394 5322 3951 4043 556 8991 653 383 4479 7017 7358 4593 493 8437 6942 8750 8291 17 6642 9108 7972 1491 1412 2786 203 1773 430 4708 5081 1753 4937 216 6059 9913 4336 276 5718 7306 4200 52 5319 5714 6660 
172 125 249 0 250 258 365 106 512 78 2131 244 8635 9822 2530 1824 905 6443 9317 4127 243 1813 6158 4197 2003 6563 9139 1182 7978 2940 5378 2918 2223 7758 7058 4299 9559 5433 7099 8571 2177 806 1395 9588 5452 7655 5981 5292 873 2410 399 118 4514 8781 4904 5759 5967 3896 7348 4542 4273 7235 9975 9864 7590 8383 8789 3912 1851 2763 2414 5691 2341 5432 191 2916 4391 9168 8808 5934 3723 6745 8289 9792 56 7328 5880 6016 
173 125 249 106 250 258 365 243 512 78 6093 139 1039 5699 5049 3744 5039 8078 5129 8469 4239 9262 6883 5093 991 622 2554 8351 3132 3599 5066 9181 74 4421 6351 1398 5993 4031 1605 3396 2638 8998 8630 2375 3214 6319 6187 2366 7874 421 3400 516 8239 5893 7999 1338 5878 829 920 3333 9916 1293 1474 2828 4045 724 1196 7900 1214 4603 8184 2746 8188 5456 3907 2543 1260 6010 4751 9003 5852 8850 8100 3201 6958 9630 4225 8284 
174 125 365 0 250 258 512 122 512 78 5522 7234 8053 5387 3549 5164 3539 9884 7383 2706 2316 6033 7031 2357 4287 4369 9752 8392 9037 4065 9676 7228 2013 9131 4653 6844 7718 8349 5491 5361 8220 202 116 6279 9186 9334 4541 5769 334 6539 2591 8299 9546 7760 3451 8069 6934 7166 5425 6772 7090 9555 9122 7879 5798 5416 6800 711 1938 5011 2933 7320 9552 7696 7155 9742 6661 8809 2641 7776 1135 4806 6405 1933 6431 9162 4002 2542 
175 125 365 122 250 258 512 243 512 79 4855 7860 5630 8215 9694 2814 5316 6679 1929 3800 5619 311 9707 6174 8982 3508 2670 8143 2061 5042 1633 7509 2967 1635 9581 3956 1267 149 850 7785 9749 1575 236 9861 8445 3892 2190 4154 9686 1198 4821 7660 6765 1562 2232 8452 9077 6327 8424 9097 7528 5288 7792 5492 7519 7094 3255 8682 7880 5440 3604 3482 7741 3762 6261 5679 8898 8167 1280 1978 6485 3594 887 1496 7619 3887 9784 3906 3897 
176 0 249 243 0 123 391 385 253 78 4979 8046 529 1084 6278 5417 3348 2430 5868 5383 7929 4990 1619 6795 4491 5502 738 2652 6382 4265 875 9672 5243 9976 3627 4182 3844 3427 8223 8425 6510 5874 505 9029 8529 2756 294 157 9213 8713 7055 7998 9267 6932 9688 2320 3077 5470 9159 9308 5060 6692 4640 1631 4582 546 3412 773 4862 6391 5078 1671 7607 5885 6778 7104 4190 5072 5069 6223 3351 403 8842 7548 1500 9397 4757 3673 
177 0 249 385 0 123 391 512 253 78 6352 7298 7248 6842 8472 8132 662 5816 1313 6298 2047 3034 5640 696 6850 5545 5467 6907 8222 7629 4366 2656 3474 9198 2635 7925 908 4605 7362 170 5750 3610 3775 3649 8235 2917 6993 4902 1686 7116 8036 8360 3021 972 5390 6000 5753 8422 9203 9297 4781 8757 5418 2132 543 1145 5219 6734 5695 1071 7206 9948 2284 7184 5529 3096 8906 677 6945 6724 6984 2792 6061 5118 3952 4468 4278 7119 
178 0 391 243 0 123 512 384 253 78 3969 9814 9372 777 3767 5848 205 7942 554 2796 217 4826 5629 5124 5103 9171 879 7595 5464 4025 7354 3134 8829 5972 9090 3089 7791 4418 3658 3375 4591 6995 2644 6195 8527 2261 1785 5763 5296 5298 3048 8756 634 5713 6923 7706 943 5264 3526 8722 344 3109 3247 1642 3272 7739 8028 760 9406 8640 2203 3670 867 9391 12 4797 9890 9831 5832 9349 6167 5572 4306 1729 1083 8692 9173 1499 
179 0 391 384 0 123 512 512 253 78 7596 4345 2582 2608 5284 2491 3098 3350 4037 6243 3074 7980 5437 9052 3462 7646 1174 1700 7494 4359 1467 7282 1051 319 5936 2134 1207 6203 998 8721 3937 2023 7570 2423 1749 5696 1683 2309 2489 60 1178 1862 1769 3124 8381 4940 5969 7128 5632 7958 8651 3977 5094 6814 5277 5003 698 2354 7506 7162 8580 1954 5245 3671 7181 196 3386 5290 3941 4825 5622 9020 5773 701 6793 9871 2486 775 
180 123 249 243 0 258 379 367 253 78 9166 5813 5211 7566 2043 5359 7955 5320 6726 7615 1734 8992 8342 7708 1045 1159 3982 8542 6287 8644 8062 1986 803 4779 8852 4019 4268 4504 1362 8216 3296 3928 7857 286 9187 8164 6038 3090 448 5647 8131 9697 2960 8609 3544 4497 544 8840 6365 6703 6272 5314 757 7574 1880 3872 9946 7840 2826 6581 5580 3078 1278 9075 6444 3712 2605 2253 5557 3322 8087 2228 7301 9418 5820 6851 8763 3781 
181 123 249 367 0 258 379 512 253 78 7314 2286 8001 4592 3433 9030 2775 1011 335 2162 3217 560 4104 8110 9668 7245 4044 2550 5263 8955 797 1544 8561 1565 8837 8690 7028 6416 5477 9478 2200 4747 2171 9756 7485 9468 6721 4587 3736 4917 6785 8370 7295 3625 6688 7704 1223 3621 1963 7887 7943 9952 8367 315 3126 4499 8607 1728 3675 767 8014 4837 5142 815 2399 8655 6301 445 3205 1607 4243 9144 4889 6669 691 4260 9085 4829 
182 123 379 243 0 258 512 364 253 78 3972 6251 1245 9341 9012 7291 2678 2174 1033 5829 6685 4289 5891 99 1524 5826 266 9603 6418 4173 3026 3971 1809 6069 1485 2368 9911 9174 7375 9713 9634 4786 2810 1714 3007 8162 9542 4478 4064 4556 6622 9847 342 6592 3831 3485 394 9577 34 2493 6406 6987 7288 531 9035 2682 7869 7268 6326 9855 2521 4383 6019 5186 5097 2571 7059 1470 8187 8530 7882 3946 5309 1130 6971 5099 6725 8094 
183 123 379 364 0 258 512 512 253 79 4232 5650 6364 3359 5938 7347 4968 6308 3278 2773 3181 9226 581 215 7495 3256 5351 9933 4508 2573 3985 1486 5008 6105 8506 1930 5234 7278 2607 9394 2201 5247 4143 1711 9116 6718 2386 2142 5757 7221 5033 5535 8573 8685 8484 6424 877 1937 7850 7420 8115 6379 4637 4583 8432 7565 602 5941 7676 2734 5222 2615 6456 5729 7762 128 3546 9661 1726 7338 5655 4733 5605 422 2378 9479 2830 9010 8780 
184 0 249 243 253 129 367 384 512 78 7253 8191 6103 4683 4714 151 1784 9483 2723 2467 8566 6494 2732 4531 1123 1754 3213 8435 5862 6847 1224 2311 4509 2407 2724 8371 1830 3506 4061 6248 8141 709 8695 4930 3276 2538 2283 5822 3851 9517 8645 8797 945 7103 3633 4376 4963 4818 5074 4230 6821 3795 6072 1016 1825 1826 4678 4313 7089 7270 6583 4195 4079 142 7819 4539 145 3421 6277 4341 7992 1684 6576 5241 3187 7707 5195 267 
185 0 249 384 253 129 367 512 512 78 5441 9421 5983 4279 4553 4406 2654 7474 6463 1717 2342 349 2664 179 5032 6579 3558 6411 8910 8920 2360 837 7194 3817 8711 4875 5207 340 8393 7965 1252 9432 1360 8256 7567 7604 4198 293 5975 4358 3017 1028 4919 90 635 2048 5727 6296 6024 2742 3737 4516 7093 9510 7845 8236 9101 2374 2213 8051 4255 1669 2040 1925 3450 259 517 2693 2381 6917 357 9714 7529 1858 8107 4764 2088 3480 
186 0 367 243 253 129 512 375 512 78 9904 5450 7437 7192 8697 4466 1579 3891 3003 1679 4887 8765 9981 5966 3727 3479 6357 5105 1000 2140 9761 2310 8963 3919 2126 4170 8043 2089 580 6392 3808 2735 5834 3471 2412 3288 8518 9815 956 2438 4323 3369 4493 796 5697 2269 6459 6803 2808 3237 2123 6450 4636 4016 4213 7536 8103 1542 5841 4717 3939 257 9145 8983 9849 4056 7952 6305 4222 6894 8783 494 2649 471 5348 3180 3801 9063 
187 0 367 375 253 129 512 512 512 78 515 1262 1901 4397 2954 1165 4093 4338 8623 8871 2719 3438 72 1527 9482 138 1447 9164 2898 5594 9513 3398 782 3773 6605 3332 1993 3734 3325 290 6963 271 1103 4272 9641 8061 8614 482 4475 7715 8900 8221 7308 1284 5070 1655 1539 4126 4638 7296 3848 8002 8849 7747 6462 7422 6157 4324 5971 4823 2458 3136 5599 1560 8010 9860 9611 2285 1183 5548 4647 2062 699 886 9631 1525 4102 2388 
188 129 249 243 253 258 387 382 512 78 4646 6442 6150 7903 474 3796 3226 2178 9270 1458 3738 7271 5738 2597 8893 5514 4816 3015 8626 6153 3056 2220 4796 2997 2514 9278 8806 5525 9201 333 2507 1037 6026 7621 6235 3568 1068 5608 3012 4000 7640 7482 425 1958 2275 6332 8772 7359 1029 7691 8899 9039 2202 4152 4609 1947 6020 28 3572 5528 5724 3867 8639 32 3478 2975 5784 5047 655 1232 7921 5324 6683 7515 2488 1126 9553 230 
189 129 249 382 253 258 387 512 512 78 8428 1698 6063 7220 4691 2552 4304 2999 4799 4713 6159 5220 8606 4388 561 7724 9622 6412 6975 7004 3574 2033 7531 6863 5445 8731 6906 1603 9128 7390 5737 5552 1080 3321 3266 4214 2568 7242 6073 9882 4157 9389 2042 2085 5256 7170 9407 2425 7054 7754 1270 6719 9521 4125 7382 8735 3641 740 1780 1285 9735 800 4612 3472 4839 6900 2984 9135 2115 2666 1220 2274 2965 4012 1559 6039 223 497 
190 129 387 243 253 258 512 382 512 78 1776 5178 6324 5578 7745 7742 1983 4408 8674 6956 6242 7469 5368 5823 9733 8812 15 715 4461 5777 3148 6522 4573 9821 7750 8863 2752 5484 5023 5694 5407 9249 831 3434 464 5897 5658 2771 2212 1227 3629 2526 7353 7370 2037 6473 924 1022 8835 222 4965 1853 9612 9770 7309 256 4365 2104 1955 2911 2704 477 7126 1013 5720 4626 7202 3776 1871 8679 974 8764 7883 633 3234 5711 1599 599 
191 129 387 382 253 258 512 512 512 79 3385 1301 9448 5300 7821 6009 5642 8823 3838 2819 9924 9284 9506 4005 3504 2355 585 4774 5242 8276 316 4237 7453 5519 9225 6227 9687 9873 1104 1746 8672 7195 7645 809 1176 2373 1132 5945 3410 6938 1505 9853 3993 9650 4378 2225 6761 470 3263 2626 1610 6779 8133 3020 5944 1377 3932 5510 5055 8778 7848 4247 4015 7321 9806 7725 2914 337 4446 5703 3379 6695 2505 1149 4240 8617 4072 944 7890 
192 258 0 0 0 376 142 136 251 78 1315 7199 4745 9067 2312 8874 8590 4084 7559 5530 5041 194 7488 2387 8121 4500 234 7079 1385 4641 7247 628 6464 4448 942 1996 6720 8956 8666 9396 7280 361 1014 1876 8613 1628 4802 8415 3069 8568 4931 87 8120 88 3688 314 8268 2214 747 6366 8204 2095 5238 4848 4257 9705 3488 3756 6503 5228 3777 4966 6 779 9051 2964 5002 2833 7 326 7920 5613 7157 6221 9064 6368 500 8218 
193 258 0 136 0 376 142 248 251 78 2776 8153 6346 9625 5888 1835 7713 7193 2695 40 6056 9999 3452 2913 2798 3745 1759 1828 9646 3835 2973 6143 9996 6065 839 5659 8168 9854 4734 2065 9476 5419 6809 2548 5013 2985 524 5793 6161 8669 4042 4899 4762 4831 5677 3414 7113 1764 5562 3789 1523 5566 6300 2948 970 2082 7241 9277 69 7503 9229 8138 1364 378 7057 1998 9233 188 1336 2687 7310 9199 2072 5961 666 1378 1676 6615 
194 258 142 0 0 376 256 125 251 78 913 338 1298 1541 4174 3335 1202 2751 1229 5987 7456 5214 9928 4903 7986 8565 1374 824 9895 6333 367 8864 8531 597 5459 2348 6555 8485 5136 4022 101 8479 1350 6449 7552 6878 1689 1637 1445 2578 6162 1620 1931 6475 9744 7374 9082 4354 5018 2903 8922 3370 5886 8363 8741 5761 1060 7067 9175 3289 8288 4175 9404 7624 9683 9501 6414 7577 9487 2302 9985 5184 9726 6769 6479 7156 5017 2479 
195 258 142 125 0 376 256 248 251 78 5673 2639 927 1097 9523 2647 9788 1617 6886 7768 9219 1200 6274 9279 6208 4561 4513 9318 3280 1286 5175 9973 3532 5625 8596 9779 7716 8091 2549 9803 3590 1305 5676 4710 1752 2250 2128 7849 4844 2855 6730 884 3064 3987 9654 20 3380 5083 3308 2659 487 847 1905 5396 44 9435 5800 6816 4462 3974 5672 5649 1195 3915 6492 7909 5422 6738 4709 5515 2922 3813 5825 5719 8799 893 1520 6400 
196 376 0 0 0 512 138 115 251 78 1065 6966 4322 1087 2163 7862 1264 7293 1697 9539 4976 8999 557 9934 1838 6292 428 695 6131 6262 7114 1662 6654 4256 2611 4288 8555 9901 5687 9926 1503 8466 435 9663 1024 3159 6667 8861 22 2471 1201 8189 8683 5201 6737 2345 6599 5567 4139 9177 8687 5160 5218 1101 8802 4116 9040 8459 3634 1428 253 2079 3338 836 929 8493 5279 4314 186 6933 7391 3457 6122 8838 7414 1450 4140 4758 
197 376 0 115 0 512 138 248 251 78 6018 5257 2024 1793 7974 6871 1107 6403 3530 1672 6893 7522 4689 7049 5743 1707 3601 1692 125 8646 9156 8755 2263 305 833 10 4569 2936 3216 8662 6609 4518 3030 4441 789 1964 9292 6396 588 6750 6881 3353 2788 3492 5533 54 9265 190 735 8865 1302 3499 7737 1096 7020 49 4724 9848 2862 2236 4697 969 1897 1581 9117 2565 1991 5301 5521 5449 8932 7542 2151 4001 1239 3221 6620 3466 
198 376 138 0 0 512 256 126 251 78 6515 4720 3116 7406 4367 9120 2156 525 763 2941 5403 4661 2791 2744 3228 1002 8451 4892 4356 9359 7774 4185 2440 6497 7102 9763 6370 8232 7516 284 4694 8507 7311 5602 1111 973 8536 7424 2091 389 4423 3329 2579 5526 136 5401 8106 4876 2909 5150 1169 6915 9989 7846 4586 559 81 7994 1563 9568 4340 1981 9310 7317 8888 4805 8625 1948 8953 7749 3681 8346 3895 3405 1492 1719 8175 5302 
199 376 138 126 0 512 256 248 251 79 4486 6717 7393 3970 964 9294 4153 3440 4385 8954 9303 6286 3475 8678 5283 7426 9257 8060 7371 1027 2864 8670 1469 1779 6774 4700 3665 2598 152 2901 8124 5661 4836 3823 2101 3235 3645 8271 6702 3279 8449 4348 678 2603 7442 122 5926 746 4305 4566 2431 2 6546 6547 9557 4133 8917 2774 1339 6477 5161 1976 2781 6487 3419 6288 8080 8171 5127 4041 104 33 3523 5253 8924 5689 3683 7337 2492 
200 258 0 0 251 382 130 137 512 78 7363 7489 4315 2198 1530 4379 8180 6624 3923 7486 1141 9161 3524 3043 4032 366 4494 4068 8482 9561 3758 343 6048 4215 7476 9835 8327 6029 29 4850 9516 8338 5244 306 7129 2923 2230 5149 865 2596 7806 7717 5819 6687 9958 5546 9955 2346 2395 7140 3324 3164 2000 8827 9560 5762 6649 5162 6964 3916 1758 5285 9843 2027 9877 5818 3869 5451 5073 9328 7800 1902 461 8031 2809 587 6585 6505 
201 258 0 137 251 382 130 248 512 78 8125 6092 6040 8304 6407 2481 7413 144 9768 3815 7521 7012 7161 1236 6759 9867 7526 1768 5386 6854 185 4330 2835 8889 6347 4878 4512 7722 1439 2182 5266 7071 7502 665 9485 4909 2218 410 2469 6812 7463 1946 4393 939 8895 8 4898 5494 1612 9886 7325 3106 959 1009 7953 2589 4428 4543 7368 1091 7656 2702 783 8886 5250 3905 7493 4470 3227 601 218 8413 5466 2465 7902 6448 5847 5100 
202 258 130 0 251 382 256 121 512 78 8603 5824 2882 9193 3586 7138 2447 5542 9268 1585 7561 9119 8816 9202 1701 6699 607 1704 625 1943 2699 4654 4052 1795 7752 3402 1890 985 239 5381 7610 5863 8065 1895 2817 6568 921 8632 9757 1361 473 9990 4594 8919 4726 9055 652 1327 708 8340 3778 3997 8359 3315 4236 4100 304 4339 7484 5187 9942 8515 2332 5682 8740 7436 1903 4945 279 2371 3753 1611 3540 7899 5962 6604 5931 1608 
203 258 130 121 251 382 256 248 512 78 6281 6631 9146 7659 9014 6273 7940 4957 1392 3265 1343 1913 8633 3146 2692 3394 3415 1489 5636 9876 4162 5282 9865 3538 1827 6452 8230 6775 9872 5965 2442 2433 2928 9919 4395 43 6237 9380 7448 2008 5056 1595 4814 2529 5910 8652 2161 1900 3219 3792 4329 1638 4038 7204 3730 8305 9469 248 2219 1578 9314 1272 620 97 2369 2547 6386 9655 9151 3804 3853 5188 1887 6825 7936 345 7668 2767 
204 382 0 0 251 512 124 139 512 78 2974 6700 7632 2424 4657 6306 1237 9589 9246 6668 9001 8473 7701 6520 3331 3980 9192 3346 9573 5735 7551 1299 7499 458 4658 4773 4027 7009 6099 5089 6941 9302 1059 523 4473 1475 9021 4890 3705 8058 5988 3666 283 6530 3570 743 8928 563 2130 1790 986 1639 7243 4131 6430 1088 282 7919 4009 2434 7782 8587 4114 5365 4148 3437 8885 1433 3404 949 4394 7409 7133 5260 9036 2842 1137 232 
205 382 0 139 251 512 124 248 512 78 9321 8768 6049 9002 1678 6461 4859 8252 9464 9923 661 356 3091 5536 7896 5986 6320 5200 511 6260 9610 6678 795 7397 5191 1953 7801 2881 8142 8858 3507 7222 1771 173 5345 6929 2592 9240 1106 450 1691 4349 4142 1368 9032 5197 567 7930 7088 2450 820 4122 9775 4130 1652 2993 251 4648 5488 274 3250 3013 1156 4180 6493 3131 7332 1413 6496 9140 1770 6348 7082 346 2475 1393 3612 8766 
206 382 124 0 251 512 256 119 512 78 9080 3731 5812 5254 878 176 3376 7207 6771 5354 1990 9974 3676 8619 6472 1225 8322 676 1094 2832 5782 7688 5909 4464 7512 2240 9769 2256 9424 2129 7847 5259 3623 3644 4652 9072 6212 9525 9550 2574 6544 931 7534 9937 6323 324 8990 7769 9184 9426 3780 2270 7169 6996 4277 3682 3264 411 2745 6514 582 9420 8643 9977 50 5374 1873 3661 4194 5246 9618 8616 5356 7501 2650 9127 862 1184 
207 382 124 119 251 512 256 248 512 79 6136 3884 5984 7239 9379 4316 3382 2994 7606 6999 9200 5768 5844 5151 9006 5157 5653 6741 6857 1731 423 7214 6833 467 371 8576 5919 1066 882 8041 6714 3316 3566 3934 7912 3527 8420 9143 9371 7780 4264 1210 4285 77 5912 7112 2036 5789 3577 9386 3791 8825 9230 4932 3883 8033 8011 8465 8463 6284 8584 8516 8801 2865 8389 4271 4495 9607 734 8227 1290 2637 4298 1118 9943 5053 1289 6361 6637 
208 258 0 248 0 383 122 367 240 78 2831 2485 6309 2408 233 2870 4954 2443 5879 3875 8410 2669 5895 8310 1 2420 7075 5922 5725 8696 2382 2477 3757 5927 9443 8951 6768 2606 5336 6178 3033 9417 6080 7599 109 8790 9337 3788 4613 5643 1718 5323 2173 9940 4333 9150 4877 1050 5216 132 4978 8791 645 2154 400 1837 1627 5065 5358 2793 7612 3654 3494 4728 3979 9369 1529 9637 527 7008 1179 2570 5372 4171 3742 5942 3505 7480 
209 258 0 367 0 383 122 512 240 78 3463 3468 2520 7178 3882 3083 1127 1815 8706 1889 7705 5959 5591 8285 901 9195 9972 565 5554 526 7959 8176 4212 2064 1537 2856 2660 359 370 2943 586 2553 1425 9319 4106 1511 5634 7232 4189 3587 7081 3908 8727 2924 3259 143 8700 881 7046 6887 200 2628 7364 6331 2011 224 5574 6612 576 2097 6677 7941 7976 455 7808 667 8348 6253 6979 2504 5923 9917 4138 2338 7651 4527 2516 5230 
210 258 122 248 0 383 256 382 240 78 7523 2753 3920 7417 6031 4146 5145 4498 8659 2472 722 1329 5709 551 4537 5873 9324 8968 5744 9178 7151 9645 1036 3150 6091 8980 1077 4801 4006 8826 2725 5990 1514 9902 7334 4551 4150 9231 6953 6916 6930 5746 6957 7871 4483 9591 4420 9899 4994 9427 5076 7671 6214 8401 8308 4525 377 3330 981 3958 8513 8737 759 7141 2840 5388 7866 6978 4982 2872 3138 3293 6359 7286 5028 2446 6948 728 
211 258 122 382 0 383 256 512 240 78 5900 3955 1821 2971 4160 7250 432 7238 496 3580 4597 9598 1143 2397 5481 1151 5996 2581 9619 3861 948 4266 2905 164 8732 540 6676 7962 9786 1417 6495 535 5896 7025 536 7148 4742 3910 8698 135 3715 1966 591 6490 7153 7498 3022 4777 8358 818 9709 1772 6927 6394 7829 3770 9624 9613 6925 2614 3651 5405 8362 4411 9419 3095 4869 5436 6046 9503 1939 4589 7061 5621 8997 4771 5585 5524 
212 383 0 248 0 512 139 371 240 78 6860 4440 4396 2648 9819 9053 59 9653 3849 3147 8702 9362 1090 3006 7592 7873 4522 7614 4481 7085 4622 3692 9237 1034 9767 3628 3028 8975 8040 3312 5274 1193 2249 6949 2655 8440 909 1493 5040 5360 7152 250 6004 8521 3606 3031 8629 111 727 5833 2046 5501 6550 5523 6289 451 226 3811 5209 6607 6112 429 5991 8664 1427 7445 3531 8136 761 7579 4326 6527 2983 3794 7205 9905 7396 3238 
213 383 0 371 0 512 139 512 240 78 6446 4675 5612 3700 6896 9492 1043 4490 7905 300 3784 2990 7549 331 5307 5198 2623 1602 307 2470 45 9376 2135 9870 1409 2237 521 9721 2323 3564 7281 1354 4389 5792 9639 7273 9245 9667 7766 4400 1882 9320 1282 210 7027 8868 613 7117 2063 3065 4503 5870 4078 8224 7355 9008 5399 3139 6410 3295 260 57 3204 1807 398 671 9111 1170 156 987 6271 6466 5558 7023 2839 7132 4972 9239 
214 383 139 248 0 512 256 392 240 78 6151 8113 5115 954 4663 9810 8444 9409 8903 9868 7350 9384 2953 1424 6395 4123 898 2966 7533 5044 8818 5088 13 7322 19 7472 4426 2748 4624 1300 5221 7136 5226 2111 479 6015 5576 1007 7811 8396 9216 1429 4134 7244 4604 3571 7836 5468 9017 6270 876 5143 6269 9096 7483 1865 6789 6317 3117 3018 8249 5730 3550 4914 4415 6330 4868 9255 6638 1584 6419 171 2363 5132 3110 3303 1355 8202 
215 383 139 392 0 512 256 512 240 79 8273 9018 5906 1977 5668 1650 4660 3428 3206 8403 3847 2413 3929 835 193 9132 1261 7859 9474 6097 1999 9593 4775 9615 9565 211 5712 1042 3019 8467 5683 6106 3424 1246 308 7678 5180 5071 3797 5641 9889 5958 9031 130 2005 6388 9074 6240 9005 8111 3611 381 7077 263 3036 2716 7608 4293 212 7581 4303 1583 2238 1317 8257 8822 3537 8052 3552 962 7540 3156 7376 8193 1240 4739 2653 812 1335 
216 258 0 248 240 383 125 388 512 78 9298 9190 8242 4690 5171 8948 9967 1438 5715 392 2594 460 7865 1833 4519 7159 9681 6145 6384 9496 7723 7598 7971 616 2946 7803 5223 7797 9013 8719 6205 3643 3409 6541 5547 7427 2084 9484 4113 9504 7504 5438 694 229 6067 4568 8618 8307 8805 5628 6872 504 2910 992 7290 2195 384 2168 562 9416 4949 7944 6186 3613 1203 1190 2749 4763 8042 9700 7033 932 6360 1296 4097 6951 8800 4682 
217 258 0 388 240 383 125 512 512 78 994 1109 4526 2846 528 9459 8212 2272 2456 4374 2113 9142 5014 6614 7557 9033 9712 4246 3236 4457 1816 7877 2155 9569 8186 1934 1513 8537 1035 7842 8070 3449 1396 6118 5229 8211 3782 168 2726 5430 3425 4547 2356 2054 9084 6071 5814 5453 3584 9124 3983 2907 9827 8786 4927 4447 3246 6199 1406 2137 5887 2050 5380 7252 8487 6116 5843 8295 1881 201 1158 7466 3841 7158 4815 7217 91 4667 
218 258 125 248 240 383 256 370 512 78 8464 6051 8660 5370 2365 1345 1348 7367 9345 1403 3501 5741 6120 8918 3151 4003 4896 2118 416 6027 8528 5012 8512 3874 2789 9982 9019 7021 6912 3857 686 5202 195 9194 8869 2148 1528 9616 3694 4842 5112 7856 8474 539 5091 6502 8263 3820 5352 4617 6950 2893 9364 4248 1461 3768 6657 918 6982 2394 9473 4808 107 5057 4705 9212 9649 1379 5670 4879 6991 8538 4886 2945 3617 7475 2560 278 
219 258 125 370 240 383 256 512 512 78 5169 7554 2677 2422 2675 1896 6090 4864 2780 8429 6338 6898 8209 2968 1112 1481 7429 3420 6491 5131 480 589 8441 7381 3967 297 9703 8345 3647 66 9635 9586 7118 3637 6831 7056 3161 5476 9494 9898 7991 8375 8930 5163 925 3044 9515 6728 5795 989 2222 507 7105 8123 2476 4344 2321 6197 3399 6543 8525 4124 9205 6321 3162 852 7775 1852 5153 6538 5690 1478 5806 1920 5397 7091 3704 4080 
220 383 0 248 240 512 139 387 512 78 8064 6674 6548 657 3994 5603 268 5946 4275 5379 9038 4368 1366 8833 6481 9896 7693 8946 4794 1359 76 5122 1659 9402 7895 6441 9652 3760 3640 6976 8337 8526 93 5907 2021 386 3467 7898 9274 1923 4882 1216 6109 9980 7638 501 8029 2336 9461 9781 6435 4540 9823 4207 9620 9183 2403 4051 7096 9405 5054 6078 2604 9558 7326 3392 140 6340 5797 2308 9413 4253 2851 8661 2631 6922 9412 1767 
221 383 0 387 240 512 139 512 512 78 7867 8579 3327 6509 2016 9414 9381 754 940 717 2280 7680 4089 6671 4429 5914 6673 7465 4701 6937 659 899 4953 7226 8875 9949 1872 1735 9734 8586 2007 7809 8050 1206 246 8637 7352 1859 8126 4049 1709 9875 8448 382 7891 8343 5688 6135 9339 385 4361 8615 1153 7702 7812 4923 8882 9673 9327 752 4196 3522 1154 391 5443 2189 1688 5315 5064 7786 8082 9259 2845 2620 407 3711 874 9719 
222 383 139 248 240 512 256 383 512 78 6006 9228 1018 4585 3988 5363 3578 3207 6952 900 9813 1472 6856 4706 1598 6165 2714 3349 4977 1453 8684 6752 2426 8905 8128 5871 6763 4282 7385 1516 4245 2731 4730 4382 9930 3626 503 2503 4987 4184 6474 2288 4749 7441 6455 67 330 4627 9693 3802 7122 6558 575 1411 1623 1324 3886 9856 3133 9583 570 8165 1960 612 137 2409 5408 78 3752 3121 4824 4296 3209 953 4029 8600 8611 3652 
223 383 139 383 240 512 256 512 512 79 6813 3251 1056 2858 9370 9746 9368 3225 4181 9520 8511 83 2078 7586 1358 9964 3680 6554 8386 6100 3168 2117 1538 2319 6873 1651 6911 5710 2681 6163 1720 8915 3118 6663 8703 6066 4107 9078 5856 3520 7030 6525 3079 2770 7807 9839 9330 4203 6504 4677 3273 2688 7443 6777 7395 6709 9466 2755 4244 6043 3115 1053 832 1482 7897 5212 5508 6593 9578 5239 8155 4752 4935 2217 272 1274 1251 8913 8748 
224 258 256 0 0 378 381 139 245 78 6083 8077 8205 8594 2689 532 4183 7934 506 8140 3454 4577 1441 5413 3403 8248 5087 3959 2849 5593 4211 2522 8157 756 2009 3163 8943 3253 7277 9780 2912 1046 6791 4063 4050 9499 861 8287 7789 6556 902 6207 4435 2432 9794 4147 9507 5009 9910 9134 124 2877 1841 6264 2674 8048 3027 3448 6830 4053 4838 1076 3605 68 4576 8577 6921 9463 8550 7935 2370 6234 1479 3367 5995 2991 9748 7029 
225 258 256 139 0 378 381 254 245 78 8830 3309 5439 4218 273 6283 5294 626 4901 5999 7813 4598 5471 9522 7176 9050 4770 8792 2962 7060 5037 8657 684 3528 9280 8312 9089 9807 8622 8394 23 8030 95 6855 7826 6398 7265 8904 2761 3222 4511 2138 354 8517 1213 8319 2051 804 9743 4645 1191 6662 6228 2035 1275 2937 2580 225 5077 5420 8217 6526 7305 9104 495 393 1737 2563 3516 3301 6011 1365 313 336 9535 807 1950 1501 
226 258 381 0 0 378 512 136 245 78 692 7349 6218 9348 7164 9027 6970 3257 5842 4696 1868 4224 5176 1586 5328 7973 680 8037 5075 6337 8742 2972 8718 6499 3160 7832 710 3696 355 4137 7225 2685 4970 7154 6644 5275 6421 762 2836 6690 4873 5166 7037 347 5701 6589 9817 2227 8450 1814 5758 9805 4944 9816 7736 9852 5716 5584 5293 8597 9723 2247 1408 1885 6247 1870 291 8325 2531 9531 4092 8035 8407 4094 3374 8324 629 9495 
227 258 381 136 0 378 512 254 245 78 6200 469 1567 484 9690 9282 9356 3211 1418 7537 112 6981 4803 4791 7386 4364 8000 8532 1073 5540 2576 5702 2233 1922 8729 1877 3416 8857 4536 6710 733 6068 2159 9250 3814 3355 8986 1466 7329 8929 3865 8728 3483 3672 771 5199 844 9992 3862 2888 7700 2208 3142 2537 1307 742 2107 4413 1459 476 2701 8190 7572 6085 9234 3277 183 9718 4711 485 5203 3582 8369 2686 3803 1509 3152 1866 
228 378 256 0 0 512 377 139 245 78 7538 2668 9428 8671 1189 2188 6172 4783 2569 5429 6055 1356 3281 7654 5665 5595 9879 1566 790 9580 7179 8201 3749 5648 5598 8524 3785 4046 2811 9323 7894 8332 6630 8908 889 4921 5327 6194 5092 1849 6985 2439 2779 5205 3975 6562 7993 2627 3307 2821 6128 4334 61 3839 5933 6125 6236 7881 8246 7616 8892 4679 1215 327 6314 3927 8068 5790 7002 9158 5532 5939 9185 6862 1687 8523 3038 6773 
229 378 256 139 0 512 377 254 245 78 3948 1038 7185 5827 3593 8593 5680 6817 5828 1310 7593 9130 5424 7095 4827 7398 8970 4269 6665 7418 1911 7330 9034 784 2405 4651 7714 9737 4785 4849 7275 9477 7524 8648 4761 3600 5159 7389 131 5728 1522 5303 3567 7514 3431 2417 1488 9425 2041 9968 376 4161 4082 1498 8621 1820 2435 7478 5135 1860 7076 5291 4964 3372 8845 2601 2904 9095 5747 6437 2300 3388 8309 4401 8855 8860 8569 4276 
230 378 377 0 0 512 512 142 245 78 3888 2952 7487 453 4425 9007 2100 9481 1908 7633 8878 9729 8881 405 4578 2315 1273 7007 2015 1464 5183 2224 9385 7342 5781 5867 4579 5571 397 1383 8418 31 5767 9826 5406 5085 6316 1914 2260 9236 7605 639 4151 2255 7665 2478 8183 1548 1668 8127 3918 9179 5204 2506 2559 6859 3313 6802 4984 6967 8688 6344 7734 1265 1291 5460 7602 2906 5276 3829 1591 5977 4199 4335 9671 2743 1724 5475 
231 378 377 142 0 512 512 254 245 79 9533 2351 5412 3840 9434 1451 7182 2523 3360 4635 117 5273 1836 6561 6422 1334 6961 4988 6636 7146 1069 6404 8862 1972 4753 5272 6641 8931 6566 7080 8265 7062 7603 9398 7818 7583 5706 1015 8003 9092 242 1436 2258 7868 2239 5845 5194 8710 2268 7269 48 2528 1057 2164 1680 690 4845 997 6126 658 79 5167 7761 82 3111 7578 9908 1277 4101 4843 888 4695 254 5271 126 669 8859 4128 8974 
232 258 256 0 245 391 385 134 512 78 8455 3269 3543 2583 6806 1949 9543 5158 379 3190 2199 4167 4075 6919 7256 7546 3708 6255 8583 1476 2760 3554 5685 5482 4906 2252 8015 7684 6003 713 6119 9741 7313 2406 572 1402 6533 2899 5185 3686 8638 5866 8782 4861 894 3911 8548 7589 8498 8749 8114 2661 5631 1643 6127 1510 9295 3496 3196 4819 4090 2494 9154 8624 3105 4515 9028 1008 9126 9299 8471 6408 9357 7336 1391 6211 1116 339 
233 258 256 134 245 391 385 254 512 78 9431 8446 5156 6770 9467 6557 110 5287 9079 975 4630 9832 7783 9633 7839 1102 7667 4416 968 5616 9777 1675 8723 7186 9599 9331 9795 184 3195 6974 4841 8969 3035 6790 6675 4731 6519 870 1010 7628 6137 3691 8412 8967 8612 8636 1146 1597 976 459 2197 6691 8203 1855 207 8353 9490 2500 6781 7765 4939 353 1744 8508 1702 1892 9429 6943 9554 6684 4715 9965 8734 5050 2857 7772 2295 2343 
234 258 385 0 245 391 512 105 512 78 134 438 6413 6500 9378 9403 2326 1875 5344 3805 5555 7069 5461 7580 3174 8130 6267 1919 7078 8225 3616 123 6082 9121 7982 3493 103 6742 3129 6864 4492 1025 7853 9125 2825 1344 6534 1308 4081 4129 4342 9086 2335 6123 5398 3701 7177 4332 6818 8964 8380 7379 7190 672 548 5462 8762 8901 1874 8074 4693 8182 9315 9830 4054 6990 5278 3735 7316 9564 8712 4417 5026 2289 2643 1508 9347 7160 
235 258 385 105 245 391 512 254 512 78 1187 9107 8260 6946 9180 1078 6342 2120 3408 5707 9706 7404 6901 1483 1962 3294 5626 3025 7388 3953 2452 5872 5772 4820 1812 5165 2961 4991 980 3 2944 9765 9883 6670 9224 1230 4362 4975 3763 9978 9220 1473 3229 8334 9069 2518 163 9659 5733 2868 9640 7830 5030 6480 9091 7345 6797 426 1630 1777 7084 3518 8416 6385 8283 630 7904 9614 7052 2816 4132 530 7637 489 8281 7387 2480 7956 
236 391 256 0 245 512 381 119 512 78 3981 9253 9828 8088 8456 368 5426 6782 8761 6215 2866 1867 433 869 2461 8962 1388 1569 3890 7125 2721 7142 5755 8097 1656 2509 8796 764 4033 9665 4809 8264 8045 301 7450 643 7872 8009 5389 3619 4311 6899 8434 2712 1120 9644 9025 5745 9410 167 7444 1763 5297 2265 9338 3519 3636 7946 4936 8605 6640 933 5325 8744 2416 3963 8720 1787 9354 9959 1663 5637 6870 1899 4405 3786 5992 1086 
237 391 256 119 245 512 381 254 512 78 6224 9106 2160 4874 6380 5144 9662 8481 3097 2379 2859 6820 4891 8007 5774 3936 3588 9585 2264 180 231 8965 3101 4249 6518 1288 6084 5038 2720 2658 9081 7045 5173 1382 9071 8344 9840 1079 2730 5367 2586 5573 6739 6263 2970 2640 2103 1119 1390 1452 6799 6328 258 8938 8911 2010 6652 4662 8488 5804 5656 9549 5929 3943 9841 14 3822 3103 9518 6511 9509 7709 3534 4252 7101 352 4488 8144 
238 391 381 0 245 512 512 126 512 78 1647 3262 1021 3871 7470 4998 3241 4402 1854 7916 2385 6796 8278 4229 7068 7932 4419 6567 6245 3931 5904 7639 4727 823 5232 2672 401 3104 5349 5146 4817 5458 4259 7083 1194 6823 6107 8228 2170 2339 5498 3337 7479 2782 6545 4434 8093 1570 2673 3960 2738 9893 5280 2098 2541 1878 2555 2045 3864 1070 590 1594 6417 5148 4735 9252 6076 3615 6573 9141 1547 4769 9114 2557 755 5355 8578 4628 
239 391 381 126 245 512 512 254 512 79 2562 9083 7510 6977 8704 7304 650 916 7109 1003 8321 2871 957 848 456 4507 2935 2076 4853 8753 5854 9009 2915 6146 3806 3081 1332 2296 2086 3039 9273 813 7609 9147 2834 7695 7163 5343 1144 3223 7188 6528 8795 5463 5505 4121 1543 4599 5104 5831 1426 3173 9566 6723 446 7401 1306 1415 2185 5506 3679 6608 8151 6249 3685 3622 4141 7425 5034 488 520 8102 4655 2908 7134 4674 5881 8776 8654 
240 258 256 254 0 380 381 376 262 78 2497 4375 7276 5248 6184 6582 3298 8213 3363 5577 4192 5341 2077 7841 3618 7115 1376 6058 5776 9313 8912 7731 7520 6517 7180 8907 4455 350 720 1085 4443 159 4155 214 4723 8971 7460 3283 6225 2158 6586 2561 1532 606 9680 9438 9209 1157 2191 3377 281 8192 7864 9441 3092 9725 1506 1363 4718 9172 6931 6350 1221 7635 8104 9109 1604 1589 2927 6210 8534 4496 7817 6865 5565 3122 3930 598 
241 258 256 376 0 380 381 512 262 78 6376 4884 2519 2383 5326 7938 7710 3664 9675 2402 7560 935 8604 8701 2894 2587 2328 593 39 2448 1128 364 9023 8200 2867 1762 5947 7299 177 6282 9657 9475 5586 9235 4280 9983 8978 5270 269 5120 8559 7674 1380 8057 2277 8788 2496 7627 7748 8443 1353 9684 2012 8017 5473 8539 98 9642 4452 3476 6516 8022 2545 6902 6254 5669 6874 3947 5021 5058 8880 3220 9024 5708 9820 8771 1173 6713 
242 258 381 254 0 380 512 373 262 78 4186 5739 842 5225 5664 3909 5994 6354 7197 6369 1384 3300 9306 3443 3487 255 9789 5117 8988 2895 707 7870 5638 6903 732 737 5583 8694 6202 3393 4228 7024 1804 6002 1371 9133 4681 8361 6664 6171 7013 2818 3446 2696 6138 9061 8146 7906 5570 6798 8743 5644 5726 7098 9540 8505 6397 5082 6423 8514 3068 155 4812 6794 6134 4913 8301 621 946 7947 2206 519 3925 3866 2634 7496 1521 8214 
243 258 381 373 0 380 512 512 262 78 1321 6191 5918 3809 3317 8851 8556 5974 8315 2599 7287 7634 7970 3054 3287 2462 6617 7835 8081 3210 6345 2613 7438 1369 7777 7960 2602 3358 5312 3113 3157 2890 2733 3141 318 6190 1531 1992 9766 2902 310 5667 8172 579 6108 2108 5839 3243 5029 374 9570 5137 9951 739 4454 2314 2824 1311 1794 2883 2454 2075 4986 5306 6268 4554 9838 6155 4685 2167 9969 1894 5651 4258 4502 2139 7168 3058 
244 380 256 254 0 512 378 383 262 78 2133 7698 9758 1075 7260 3011 5434 1062 6133 6089 3765 6891 4639 8366 6542 7987 6489 3830 5177 1325 9444 5215 64 5035 4120 3094 9285 9218 1778 7219 6743 7006 247 3460 4716 7843 3208 9043 5179 221 6086 457 8044 9016 8388 8454 858 4117 5805 4562 3050 9430 3826 3055 6096 8846 8574 4581 3275 6783 2427 7174 3406 7327 9283 6564 5877 5836 8582 9918 1168 2515 4149 1142 5740 1166 965 4290 
245 380 256 383 0 512 378 512 262 78 4722 1781 6513 9991 1410 4885 1893 3721 2241 1723 8496 2334 6094 6401 208 834 4548 5902 9388 4580 5346 490 6409 5000 941 9960 3108 1673 8339 6458 1005 9773 9987 8653 4047 4535 3085 8084 5606 8867 6156 549 2784 2411 1988 3193 4813 5930 3999 7796 971 689 3040 4929 8879 7208 4442 3631 7246 9545 3938 5889 1192 3898 4231 9584 7339 6553 2482 2762 2081 6992 5350 7399 8475 8774 9066 6139 
246 380 378 254 0 512 512 374 262 78 6152 5588 219 8560 5779 4187 8563 675 2757 4871 8745 4467 7423 7223 120 4274 4373 8005 2977 4436 9363 6101 7044 624 75 2783 8730 6389 5859 1519 7323 1622 2737 6524 2683 6075 2014 2934 9287 172 8689 2815 6438 4135 4980 3112 2556 7324 1247 5110 5956 3347 6265 6875 1405 415 1792 3149 2949 3002 3772 4670 4193 1244 8494 2325 3282 1927 9669 5883 5364 4760 153 961 2886 5815 1217 919 
247 380 378 374 0 512 512 512 262 79 7664 8286 4377 3553 7527 8715 2298 7672 8158 2490 9307 4062 5036 9608 89 9793 7333 6748 9804 6318 8303 6834 3354 1574 2073 5635 2327 7373 6689 6947 1443 289 4856 189 3357 668 5414 6183 7294 6478 9602 9696 3231 6646 6852 553 4069 6634 3973 8316 4412 1533 38 9223 2707 6032 3992 6955 7670 9346 4210 6329 3254 6239 5666 6822 5454 4938 3880 8134 5499 9352 9271 7661 41 5490 3413 2304 9571 
248 258 256 254 262 381 382 396 512 78 3046 4915 1616 6147 7622 8243 2307 6629 9927 3845 7805 6457 7954 7726 2299 1349 7823 5400 1163 1572 4870 4520 5140 7892 2352 9961 2739 7757 7587 642 317 4136 9099 8995 9493 3990 3198 6994 7143 3575 4261 9296 6764 6291 3687 2028 2029 8966 3529 6786 5299 6229 1121 380 2392 8787 6705 3240 1342 7547 7173 7539 6939 7508 5592 4166 8839 5265 483 8148 8460 568 7257 5849 687 1961 5803 6578 
249 258 256 396 262 381 382 512 512 78 2920 1074 856 930 3514 4059 3607 1502 2534 9512 5980 6209 3456 1049 7858 2887 5589 6149 6098 1407 8159 1211 8958 885 6053 1674 4398 7915 1817 8483 819 1136 4424 7454 1497 648 6523 1593 6766 5600 7922 6904 6716 9390 1944 9269 7979 8318 402 8832 3481 7558 9944 2070 3171 4555 1122 8206 2879 7767 5495 1694 3921 4071 1303 2380 5141 2419 9939 9365 1646 7939 2087 6711 9953 1845 1706 3828 
250 258 382 254 262 381 512 366 512 78 6121 2297 9897 2551 3709 4445 4407 2415 3646 2957 8738 1743 5561 6426 3334 4833 2642 5402 365 3314 5170 4145 1967 816 1309 2400 8803 154 1997 2340 1058 8794 9954 8602 197 5948 1629 7230 8592 3137 1661 7564 6889 6508 5817 1279 3707 5004 2632 8234 8251 8957 8709 3268 9660 2044 7092 649 3940 3837 7233 2421 4532 514 7261 296 8038 1667 1258 6997 7763 6838 1092 3387 9915 2705 4028 4444 
251 258 382 366 262 381 512 512 512 78 9210 6470 1649 5233 9623 2532 3710 7886 8298 8259 6252 3418 6715 1148 9551 8250 5321 6659 769 6054 5111 1917 3445 5147 9170 390 7107 855 2457 4453 8269 5192 7402 3453 6913 4895 6535 3720 8233 2349 4798 9544 1387 6836 8680 2039 8520 990 1197 6349 3798 9059 6698 9167 2517 8478 3260 2787 6471 6175 1715 4489 8436 6792 7582 3224 7779 5705 1677 7284 3868 3598 4177 9400 8581 3486 6115 8431 
252 381 256 254 262 512 396 366 512 78 9648 6784 2058 3924 2540 868 9455 9785 1292 1333 147 7720 5663 8419 262 6890 3903 2110 2629 2850 5802 1177 5860 9689 2827 1555 2947 1980 9632 7669 4021 5518 6164 3655 6290 1552 6753 5662 617 3525 712 745 3230 1745 7771 9920 4926 1093 5020 614 3656 4545 7631 1098 3286 5989 9243 5249 8588 8226 2564 1843 6577 977 8306 4010 2889 7144 1375 9529 6601 5940 3495 8545 8385 4888 7171 5564 
253 381 256 366 262 512 396 512 512 78 1722 8499 4459 7601 2535 4738 9751 1556 3741 8330 7647 6302 3726 1818 6439 7003 8072 5421 3381 750 2092 4505 4292 3603 979 2257 6840 1526 1886 7110 1504 3591 4918 4469 9692 2885 9480 3422 749 2822 4202 6632 9149 8194 5116 4370 6001 7963 7283 2989 3267 1577 5513 8092 1921 2105 2393 9727 3070 805 1995 9207 8940 1266 1449 3417 396 4744 0 2391 4337 1811 4793 2863 8397 2291 1588 3120 
254 381 396 254 262 512 512 368 512 78 6180 8320 6588 7594 3053 627 3722 2684 9740 2616 7544 1320 3500 9458 3733 9626 3080 7014 4558 1188 7297 2144 9739 1959 4017 3547 4546 3423 2759 3751 5046 3913 4449 5560 4320 4672 9797 2083 5353 148 7824 3429 3411 9947 3592 3233 1269 5810 4908 8116 1316 1400 1171 6610 904 3904 7711 6639 7189 8567 9437 4414 6666 3667 7555 3292 4800 2829 3585 2747 7175 9508 9678 7491 8981 35 4209 372 
255 381 396 368 262 512 512 512 512 79 437 3362 4725 9574 6244 1989 2248 8828 6655 9073 1535 3432 3063 9572 9627 8163 4989 9433 5005 3502 9227 8501 9457 4227 8373 4596 1006 8952 240 9351 4804 3669 9450 2121 440 2313 5152 5786 7543 4623 2184 2988 4008 9811 348 5788 550 6196 373 1751 3962 9451 7618 3459 3073 8941 4857 1208 6989 3706 810 7035 2930 6880 3128 5623 419 7815 5101 8497 406 4951 770 8300 9764 8950 5015 3541 7825 
