256
256 0 0 0 0 130 129 135 135 23 4776 744 2925 4956 1847 2466 1800 828 1394 1805 4263 3761 3754 199 1614 2372 2020 4439 2874 4055 2848 3169 4669 
257 0 0 0 135 130 129 135 236 23 1844 5503 5210 4099 3713 4971 3750 5541 4390 2468 4854 3535 4684 2119 4409 3764 5043 5479 11 3899 5258 4158 5022 
258 0 0 135 0 130 129 264 138 23 3166 321 245 2711 2090 730 618 2487 1924 3258 4619 106 1971 161 3014 5006 133 1256 685 5678 2362 4319 1856 
259 0 0 135 138 130 129 264 236 24 2847 4698 447 332 3005 1712 3771 4810 552 4570 1819 47 3087 2663 3199 5240 466 1419 4759 237 5189 1337 5898 4575 
260 0 129 0 0 130 249 127 140 23 1117 169 5916 3345 1401 1660 2396 2795 3926 4620 5448 4384 2510 4788 731 4095 2546 1641 249 5855 3513 5787 3029 
261 0 129 0 140 130 249 127 236 24 2715 4241 1140 5251 934 287 2106 4858 4523 4262 2192 5113 3328 5155 1205 1167 5465 4933 4840 4787 631 912 5007 2700 
262 0 129 127 0 130 249 264 107 23 2892 1242 5435 4188 704 3718 719 1487 967 4070 5409 5590 907 2389 5760 4822 3986 1747 463 5698 1234 92 883 
263 0 129 127 107 130 249 264 236 24 4040 5411 2956 5551 3790 4634 1568 3489 3965 1883 5262 4036 492 2978 1554 3249 4404 5444 2127 5549 5382 4766 1596 3609 
264 130 0 0 0 257 112 129 94 23 5512 4768 688 3060 2246 1222 1414 4381 1147 1609 3852 2292 5559 890 3674 1956 4880 3978 5979 3746 814 5935 1740 
265 130 0 0 94 257 112 129 236 24 547 3464 1228 94 4301 3024 2194 1108 2861 4560 772 864 2281 693 4943 3344 697 1553 1869 277 3052 721 2096 129 
266 130 0 129 0 257 112 264 115 23 3562 3877 2595 3426 3261 4309 2741 4371 5268 198 5742 2931 2727 3186 4782 3608 787 5311 1209 1909 3271 2680 2359 
267 130 0 129 115 257 112 264 236 24 682 2172 362 826 4372 5756 5921 541 264 4916 1682 5496 5410 2057 2278 5516 785 5766 3968 5235 439 5474 5553 4115 
268 130 112 0 0 257 249 137 85 23 923 638 4066 4501 5313 442 2347 2524 2262 845 3725 3581 2234 3072 5252 5446 5304 2754 3143 387 3127 5858 1048 
269 130 112 0 85 257 249 137 236 24 3799 2963 2955 5801 475 2618 2802 4741 2843 4748 5610 5835 5310 1462 3810 113 3395 3176 1695 5106 3624 4077 827 2750 
270 130 112 137 0 257 249 264 117 23 4680 3842 1226 1952 1063 5025 3816 5550 1263 303 1129 5675 4567 958 4403 4474 4432 1823 424 1626 280 4510 2929 
271 130 112 137 117 257 249 264 236 24 2102 5775 897 1693 1670 4451 3455 4226 2209 4559 2080 4863 1788 4096 1615 4872 3964 3833 5732 4020 4866 5067 3729 1850 
272 0 0 0 236 127 132 159 386 23 3178 4018 4688 1351 1494 5830 3966 5951 5086 3191 4754 2766 1782 4024 1495 1797 4524 3717 4615 3832 4294 3444 58 
273 0 0 0 386 127 132 159 512 23 2330 24 656 1082 4893 5096 3724 409 5686 3573 1323 4302 4922 1326 1061 822 843 454 1968 1994 5901 5563 1716 
274 0 0 159 236 127 132 264 360 23 1235 1423 5978 2873 4671 4450 513 1681 3954 2533 5172 2981 1017 5455 3933 1346 2794 4959 4765 5095 4351 3182 3902 
275 0 0 159 360 127 132 264 512 24 1831 3860 4721 4026 3555 3510 2153 2019 3071 3699 2976 3252 2418 3302 4295 1430 4544 395 4900 966 4312 673 2318 3084 
276 0 132 0 236 127 249 145 363 23 270 3093 3076 3371 341 5736 80 1004 3824 3521 5807 3194 3807 4281 1164 2651 2146 5369 5062 3690 3245 2951 5337 
277 0 132 0 363 127 249 145 512 24 5617 1512 4621 2495 3597 1434 5329 2074 3596 3383 2038 509 1540 2630 5478 3536 5693 3100 1941 860 2698 1982 4465 4035 
278 0 132 145 236 127 249 264 386 23 1910 4755 1250 1775 4317 2244 3793 5108 1884 663 2764 3697 1664 1738 3184 508 5373 1134 914 4851 1979 3242 1940 
279 0 132 145 386 127 249 264 512 24 26 5377 1534 2122 5838 5731 2718 220 1703 778 5486 1031 2778 679 5985 1422 5925 4360 4331 3477 2205 4165 2460 1590 
280 127 0 0 236 257 129 150 337 23 2235 1081 5330 2165 292 577 4220 360 5206 55 3901 726 2869 1001 204 3834 2150 2876 2799 748 729 2807 1456 
281 127 0 0 337 257 129 150 512 24 3047 5809 895 1657 1457 4476 1739 465 5384 798 1431 5489 3583 1915 5231 3684 647 160 765 5128 3638 1727 5780 2710 
282 127 0 150 236 257 129 264 392 23 3779 5333 4216 3270 2511 4564 3545 1907 1834 938 2025 5281 4656 4962 166 3894 1231 1558 799 794 1801 472 2544 
283 127 0 150 392 257 129 264 512 24 1420 1268 1490 3858 1969 1600 2982 5754 2436 4205 4563 1928 5520 5865 4235 5213 1912 1341 2772 4352 3306 950 3663 4910 
284 127 129 0 236 257 249 149 361 23 1099 644 1172 4852 1484 3917 16 4911 5335 3342 1580 786 1254 1644 3766 3140 1155 5544 3401 4238 4254 468 5998 
285 127 129 0 361 257 249 149 512 24 1444 1020 1404 1710 5469 2860 4629 3389 2790 5723 4357 4456 2585 3203 2508 2566 441 462 2657 4946 5357 3653 3714 5864 
286 127 129 149 236 257 249 264 379 23 718 1019 4060 853 592 1446 3299 2473 5607 1399 2717 4557 3595 5031 2622 452 758 2231 960 3821 2875 1640 5415 
287 127 129 149 379 257 249 264 512 24 4942 1161 705 84 2145 5485 4719 3632 3188 5955 1297 3914 2691 4300 2094 4471 1796 2758 322 4865 5174 2593 3051 4438 
288 0 0 264 0 121 134 384 116 23 1808 3248 537 5937 947 4308 2141 4584 3045 2329 1138 5614 1755 1863 2271 4164 5371 3783 936 896 817 4291 564 
289 0 0 264 116 121 134 384 263 23 4704 2499 4860 3769 1160 2996 2441 3870 2938 5493 838 3961 4223 1802 2645 5208 4832 1730 4650 2186 4549 2287 723 
290 0 0 384 0 121 134 512 142 23 2242 65 2667 512 1799 1936 2854 2259 681 5334 5133 5770 2243 5181 2445 3491 736 2797 2136 412 275 3755 3197 
291 0 0 384 142 121 134 512 263 24 4948 1125 4091 2267 2662 978 2853 4792 4048 5796 2273 4528 2567 4912 4676 1352 5483 911 73 1757 825 1951 4206 4846 
292 0 134 264 0 121 249 352 127 23 2588 1935 2176 2708 62 3167 5138 2558 3447 3551 3202 3177 641 1331 5340 1810 3559 1987 5500 4430 5123 1879 3183 
293 0 134 264 127 121 249 352 263 24 288 4740 3740 3435 1721 988 4941 4996 1766 5286 751 5997 4088 2032 5480 2897 849 5318 3200 608 2474 2769 5681 498 
294 0 134 352 0 121 249 512 121 23 4981 3557 995 2619 4163 555 4039 4533 5604 1322 857 926 1857 2671 5236 1276 3041 651 2353 3662 1026 1665 2838 
295 0 134 352 121 121 249 512 263 24 2703 1465 2229 2377 571 5765 404 2484 5704 4267 702 1551 2697 5899 5068 4310 4307 1806 2112 1397 5511 2169 5109 4590 
296 121 0 264 0 257 128 381 125 23 2069 1318 654 4772 5331 2333 30 3364 5596 182 3441 408 302 1592 4168 2610 2995 5837 3843 4242 3107 830 3698 
297 121 0 264 125 257 128 381 263 24 4894 2068 774 5949 4616 5579 1047 4283 3341 427 1733 4427 3846 5090 1440 5130 5190 5785 1110 2806 3728 2175 2625 3179 
298 121 0 381 0 257 128 512 101 23 1654 4999 2950 3561 5182 4482 2303 2216 1054 872 1550 4109 5119 859 5751 3373 5139 4743 1448 235 5646 5734 5227 
299 121 0 381 101 257 128 512 263 24 1618 298 5010 4179 9 1287 3059 2031 1803 2919 4828 2317 4934 4004 1926 2837 1480 491 2590 2331 4014 3102 2437 2536 
300 121 128 264 0 257 249 367 141 23 5019 114 3066 4686 2980 1507 3439 3361 1518 4606 999 4780 4973 5639 436 5168 664 4074 3569 4297 640 2844 3739 
301 121 128 264 141 257 249 367 263 24 4732 3982 3876 5674 417 2221 2896 5660 2805 4057 2449 4778 5615 1587 4347 1454 21 4633 5332 2921 791 3565 2376 5982 
302 121 128 367 0 257 249 512 138 23 4284 4250 37 5305 2196 3239 2932 4687 2575 922 5052 4601 1386 1891 323 3935 1357 4219 5957 5543 1582 1204 175 
303 121 128 367 138 257 249 512 263 24 1690 2453 2290 5224 2624 917 2204 5799 3787 209 478 443 4076 5568 3693 5618 2125 4961 5048 2768 1455 2804 1319 5692 
304 0 0 264 263 127 109 353 381 23 5917 2621 1219 5507 4992 481 3827 3305 4608 5876 3232 1381 3170 5884 788 4925 3648 4905 854 5620 1243 610 5102 
305 0 0 264 381 127 109 353 512 23 2183 4346 3023 1786 3576 4217 3563 2525 2211 605 1536 2609 5597 5114 3984 4958 3378 3944 5289 5601 4610 583 3215 
306 0 0 353 263 127 109 512 362 23 892 3368 2880 18 5497 1985 4784 3304 363 4221 2736 3175 2878 5051 4030 1367 3062 4729 351 1041 3356 5045 4867 
307 0 0 353 362 127 109 512 512 24 1658 3490 2026 1253 510 1666 2713 766 4632 984 1281 5821 1965 1842 449 2709 1653 5976 4588 522 1257 558 910 5534 
308 0 109 264 263 127 249 401 359 23 3743 2958 4574 2030 3086 5857 792 5024 3158 5953 4178 1861 2056 4618 674 3511 3879 2813 5581 3155 2823 5569 2116 
309 0 109 264 359 127 249 401 512 24 2498 2728 604 1100 3297 4011 1055 951 5652 4328 4318 3659 5645 3067 840 4169 3859 1238 2636 3855 3049 4642 4952 4480 
310 0 109 401 263 127 249 512 384 23 2179 1124 3668 534 1984 2987 1916 5903 3099 3850 5853 863 444 5001 609 3310 1632 1748 637 119 3114 413 5657 
311 0 109 401 384 127 249 512 512 24 3339 5633 2926 2891 5107 542 4458 3881 2002 4595 4631 4611 2676 5911 1416 3945 3747 5611 1932 312 4538 4034 5952 71 
312 127 0 264 263 257 129 371 402 23 2337 3320 3165 2969 2646 174 3719 388 2152 4433 4767 2803 4321 115 1312 5722 5061 2305 4437 5427 2777 358 2166 
313 127 0 264 402 257 129 371 512 24 3365 1089 1477 4392 4967 2149 3061 127 3854 5193 3212 3991 5308 1295 1248 3436 1791 1974 3001 5654 53 1095 3976 2502 
314 127 0 371 263 257 129 512 402 23 2251 1613 3145 4955 1904 309 5098 4506 4790 4204 2600 3442 4534 25 2364 5556 2143 3602 1798 4969 683 2455 1975 
315 127 0 371 402 257 129 512 512 24 1601 4572 5582 4087 4736 646 1373 431 2722 1067 4737 1218 4947 2254 3732 2729 821 1023 5752 5890 2801 499 4997 5059 
316 127 129 264 263 257 249 413 366 23 2124 2245 141 595 4410 1241 1515 3620 846 3819 5016 4353 5027 1032 1545 5391 3311 2998 776 4571 3878 3818 241 
317 127 129 264 366 257 249 413 512 24 5338 2986 3677 2099 4477 1945 178 4920 632 3153 2006 1621 623 1765 4702 3856 4118 1789 1463 600 3556 619 1760 1012 
318 127 129 413 263 257 249 512 375 23 1152 1648 4108 2022 4993 3469 2444 5537 4058 1918 3517 4881 5970 3650 5851 5920 4023 2679 5913 4355 1832 5134 4 
319 127 129 413 375 257 249 512 512 24 102 578 5924 3614 5932 1685 2942 5538 4644 4191 1139 4460 1713 993 725 3008 252 5575 3291 3989 5079 615 5882 162 
320 0 249 0 0 128 372 110 125 23 4795 1271 2665 2093 1829 768 3075 1040 418 3274 2071 4830 1761 502 5963 5504 871 4286 1175 1460 716 2483 2841 
321 0 249 0 125 128 372 110 248 23 5126 4103 1741 1044 1180 636 3130 2527 1030 866 5531 4607 2577 2367 4664 3639 4625 4517 3497 996 2384 5783 538 
322 0 249 110 0 128 372 253 123 23 5717 5295 3461 1970 5317 3812 2306 3689 700 5385 3057 2018 706 5968 753 574 2979 4073 3893 5431 85 4807 329 
323 0 249 110 123 128 372 253 248 24 3503 4979 1576 4144 5624 841 4119 5748 1736 3135 5973 3512 1696 5154 2210 2114 51 5428 5840 100 1840 1839 3285 3010 
324 0 372 0 0 128 512 123 116 23 5404 1421 4327 891 3326 3123 3125 928 3957 703 4172 5339 983 1185 5342 5394 108 325 4422 3318 3900 1517 5366 
325 0 372 0 116 128 512 123 248 24 2694 1571 3336 165 5362 4086 1113 5457 2066 1259 3343 5509 3863 2301 4386 3533 3037 2294 3515 4484 4399 3635 2852 518 
326 0 372 123 0 128 512 253 91 23 4208 3695 2282 2059 4924 802 3458 205 5080 4487 4928 5875 554 3589 5848 2344 1064 5237 4083 3470 4234 3873 27 
327 0 372 123 91 128 512 253 248 24 1973 4897 4666 5347 2690 3032 5869 4950 2060 777 5721 3290 4156 1957 2350 4007 3323 1645 3969 3767 1573 63 3284 3189 
328 128 249 0 0 257 387 136 139 23 434 2740 3465 4847 1052 1347 3996 2049 5376 2276 2939 3088 603 2207 320 660 4665 584 2612 5861 566 596 5808 
329 128 249 0 139 257 387 136 248 24 4834 780 3509 1304 5125 5063 1150 5700 1340 5 4600 3391 3009 2633 5894 2812 4699 4974 414 3498 3548 3340 4085 1437 
330 128 249 136 0 257 387 253 112 23 2820 5269 3579 3995 4983 1705 42 1249 150 906 2322 4960 2959 2428 1131 2034 1822 5587 3942 937 5671 46 573 
331 128 249 136 112 257 387 253 248 24 5392 4111 4201 1699 5211 265 5487 1732 5813 5778 4529 2174 2193 4659 5447 5764 4649 4105 96 2617 2043 4835 4746 3889 
332 128 387 0 0 257 512 119 118 23 2451 1133 3185 808 1557 594 5393 420 2324 5905 1906 3397 4363 1181 3352 2052 4112 4614 2180 4643 4789 4251 545 
333 128 387 0 118 257 512 119 248 24 5423 3542 2147 2884 2572 2398 2800 5084 2459 5811 3922 2765 2404 811 1606 1199 3885 2464 2358 2429 2513 192 2279 2584 
334 128 387 119 0 257 512 253 150 23 2226 4530 4233 2109 4343 4067 5908 4463 369 3473 1774 1033 1072 5791 3972 1942 5395 2067 5928 4013 206 1245 2004 
335 128 387 119 150 257 512 253 248 24 3119 181 5261 2501 3716 2017 121 3042 4750 1625 36 4552 5527 4673 3759 228 1546 2678 1846 2401 1442 86 5517 4811 
336 0 249 0 248 126 376 130 366 23 1742 4110 4159 5915 1370 3218 3484 1435 3319 2187 5267 4431 5375 903 4270 486 1115 2512 1294 714 187 1750 1105 
337 0 249 0 366 126 376 130 512 23 227 3896 611 963 375 3192 1634 533 3678 569 1212 1783 4098 1468 5472 4176 5442 5964 3390 1564 3004 1864 4521 
338 0 249 130 248 126 376 253 353 23 955 4703 4712 1784 4714 4485 285 2215 5771 3949 2293 5749 4466 4472 1255 238 3825 3154 4995 151 3836 2723 793 
339 0 249 130 353 126 376 253 512 24 4387 2181 5846 1162 801 3366 3082 5954 3244 2900 2785 4683 5943 5539 158 2467 3630 3384 1561 5892 2992 3144 4602 70 
340 0 376 0 248 126 512 126 369 23 5794 4883 5196 1389 5255 1471 105 3016 3000 880 1888 5684 299 1624 2266 4325 3703 1432 3172 1314 261 4668 1330 
341 0 376 0 369 126 512 126 512 24 3702 3560 4550 2157 982 4985 1114 1283 1636 952 3657 5609 3774 741 915 3748 2361 3998 213 2055 2463 5627 3642 1756 
342 0 376 126 248 126 512 253 378 23 1708 52 203 5322 4708 1773 4336 556 4479 670 2786 4937 4043 383 493 146 4756 3660 5718 781 430 17 5319 
343 0 376 126 378 126 512 253 512 24 5714 4593 4200 2539 1372 1491 4707 3951 5081 1725 1753 5121 4907 1412 1898 295 216 4350 328 3430 5450 653 1549 276 
344 126 249 0 248 257 353 107 387 23 4565 1328 139 4299 4391 5967 191 5433 1851 243 5691 5452 4127 4904 5292 118 2410 5880 2940 3912 2177 56 5759 
345 126 249 0 387 257 353 107 512 24 2918 806 1824 2223 905 2003 1039 873 4197 2530 5934 1182 1395 4542 3723 2763 2131 4514 2341 5432 4273 1813 2916 5981 
346 126 249 107 248 257 353 253 359 23 2390 829 920 2638 3396 474 4646 4751 3333 1293 1474 4225 3132 2375 4421 2366 74 2746 4045 991 5893 4239 3796 
347 126 249 107 359 257 353 253 512 24 3907 2554 3400 516 4603 1214 1398 421 5066 5852 2543 1338 1605 2828 4031 5093 1260 5129 622 3599 5039 3214 5049 5699 
348 126 353 0 248 257 512 140 397 23 3407 4002 5993 244 5769 2013 5011 4369 1938 5316 5361 334 5491 1933 5416 2542 2814 2933 5425 711 2706 5798 4541 
349 126 353 0 397 257 512 140 512 24 4653 5387 2591 5164 5630 5522 4806 4065 5378 1929 3549 202 2641 3539 2316 4287 3451 2357 116 3744 2414 3800 399 1135 
350 126 353 140 248 257 512 253 347 23 2001 850 1633 1562 236 311 2232 1978 5288 887 3604 1575 5042 3897 1196 724 3956 3201 5492 2670 3508 5456 1496 
351 126 353 140 347 257 512 253 512 24 2190 3906 5178 149 3892 5440 5578 3482 3594 5878 1280 5619 2967 1776 3255 4821 1198 2061 1635 5679 3762 3887 4154 1267 
352 0 249 253 0 115 395 357 152 23 4182 2430 3427 403 294 5069 5383 3348 4582 5470 5868 4265 5502 1671 3351 5060 2756 4190 4990 2320 3077 5885 3412 
353 0 249 253 152 115 395 357 259 23 2652 773 5078 5243 4640 1084 505 875 5072 157 3844 4491 1631 3627 738 5417 5296 344 529 5874 546 2735 4678 
354 0 249 357 0 115 395 512 99 23 3474 4366 3673 5640 4757 5219 5816 3952 696 5529 5118 3034 5695 677 2792 2917 5750 1500 1145 4278 5418 3649 2284 
355 0 249 357 99 115 395 512 259 24 543 1313 4605 908 2635 4902 5390 5467 2656 3021 1071 3610 972 1686 5753 170 4781 2132 5545 3096 4468 662 2040 259 
356 0 395 253 0 115 512 395 115 23 2491 5124 5103 1785 3134 3048 3109 2261 2796 5464 1642 2582 879 217 1499 4591 5763 5713 3658 760 3350 1083 4345 
357 0 395 253 115 115 512 395 259 24 5284 2203 3098 5264 5972 634 5298 5572 5832 4306 1729 4025 12 3089 5629 4826 2644 3526 4418 943 2608 3247 3670 867 
358 0 395 395 0 115 512 512 117 23 4940 5003 701 3386 1207 1862 2489 3937 2354 998 775 2134 5094 2309 1051 4359 319 5437 5622 1174 196 5696 3462 
359 0 395 395 117 115 512 512 259 24 1467 3941 698 5936 2023 5969 1700 1683 5290 3074 2486 5632 3671 5773 60 4825 5277 3124 5245 1769 3977 1749 2423 2062 
360 115 249 253 0 257 382 382 129 23 544 4779 1734 5314 3781 3872 1011 286 3433 3322 3712 2253 4862 5820 5647 4504 4592 5650 5580 4019 1045 757 3544 
361 115 249 253 129 257 382 382 259 24 3090 3078 2605 3928 448 2775 3026 5359 803 5320 3296 5557 1880 2286 4268 2228 1278 1159 1362 2826 2960 1986 4497 2275 
362 115 249 382 0 257 382 512 86 23 4917 4837 3625 691 2171 4587 3205 3675 4829 4889 1963 3217 2047 335 2399 797 1544 1223 445 3775 2200 3126 1565 
363 115 249 382 86 257 382 512 259 24 4747 315 5142 4044 815 2550 1607 3736 1728 1186 560 2162 4260 3621 5477 4104 5263 767 4499 4243 5256 3480 2999 1220 
364 115 382 253 0 257 512 374 126 23 4556 1524 2368 1809 3831 4173 531 4232 3272 4797 5826 2810 3007 4064 4786 2493 3946 2682 3359 4289 1619 1714 342 
365 115 382 253 126 257 512 374 259 24 5829 2521 1485 5186 3485 5099 1470 4383 5309 3375 266 1130 99 2571 4478 3971 34 394 5891 5097 2704 5938 3148 4461 
366 115 382 374 0 257 512 512 132 23 2734 2615 5729 4968 5655 1726 4733 5033 2378 215 422 5941 1178 2607 5757 3256 5351 1954 3546 5234 5008 4037 4637 
367 115 382 374 132 257 512 512 259 24 4508 1486 877 5247 1937 5605 3985 5535 3278 2573 1930 2386 581 3181 2201 2773 1711 4583 128 2142 602 5222 4143 2830 
368 0 249 253 259 126 371 385 363 23 1825 2283 1123 3276 4341 3421 2538 267 2732 3506 1684 1224 2311 3795 3213 3633 709 5822 4963 4230 4509 3187 4376 
369 0 249 253 363 126 371 385 512 23 4061 4930 1830 5195 5862 1826 4079 945 2724 1016 4539 3851 4313 5074 4531 4195 4818 145 142 1754 5241 2407 5441 
370 0 249 385 259 126 371 512 357 23 4516 3817 138 5727 2213 90 2664 2048 2374 4279 4875 2088 5032 4764 1669 1858 2342 179 4406 635 2742 1252 5207 
371 0 249 385 357 126 371 512 512 24 349 357 293 340 4198 1360 1655 2381 3558 4919 3450 1028 4553 4358 5594 2654 5975 837 1925 3737 2693 517 2360 4255 
372 0 371 253 259 126 512 375 374 23 3919 471 2438 4493 3939 4717 5105 2412 3727 2310 5966 4170 3471 494 4213 3808 2123 3237 2649 2089 5834 3288 956 
373 0 371 253 374 126 512 375 512 24 4222 3369 4887 515 1579 796 4016 4056 4323 2140 1679 3891 3479 257 580 2808 5841 1542 2126 3003 5697 3180 1000 4636 
374 0 371 375 259 126 512 512 382 23 3734 782 5971 1527 4126 3136 3801 1447 1539 4324 290 4475 1284 271 3325 2954 1103 2898 3773 4647 1525 3398 2458 
375 0 371 375 382 126 512 512 512 24 1165 4638 4397 4338 2388 5070 1901 1560 4102 3438 5548 72 3848 4823 1262 4093 482 3332 5599 886 1183 1993 4272 2285 
376 126 249 253 259 257 398 382 398 23 655 2514 5525 4152 2488 5514 2220 4816 3478 1068 4000 5047 1958 333 5324 425 5738 3867 2597 4796 5784 32 2975 
377 126 249 253 398 257 398 382 512 24 3572 3015 3012 3226 28 1458 2997 222 1232 1947 2178 2202 3056 3738 5724 1037 5528 4609 2526 2507 230 5608 3568 1126 
378 126 249 382 259 257 398 512 413 23 4839 4304 1780 4612 1717 2666 5983 497 1270 2085 3641 561 5737 809 2984 740 1698 1080 223 2425 4713 3321 800 
379 126 249 382 413 257 398 512 512 24 4012 2552 2373 4691 3017 2042 4125 3266 4799 5445 2568 3472 1559 5220 2033 1603 2965 3574 2115 5552 4214 4388 4157 2274 
380 126 398 253 259 257 512 382 369 23 633 2269 5484 599 715 1599 2911 4365 1013 5023 3629 5823 1227 2771 477 15 3234 2212 5348 5711 5658 1853 4626 
381 126 398 253 369 257 512 382 512 24 1871 831 5897 2719 5777 464 3776 4408 974 5720 5368 1022 4965 256 2037 1955 5694 5407 2752 1983 4573 3434 2104 924 
382 126 398 382 259 257 512 512 395 23 5642 3379 1746 1610 316 2355 3932 4240 470 2819 4072 4774 3838 3410 337 1104 1377 4446 5510 5944 3385 5242 5300 
383 126 398 382 395 257 512 512 512 24 3504 5703 3020 699 3263 944 4378 4005 5055 1149 1176 2225 2505 4247 5945 3993 1132 5519 4237 2626 1505 585 4015 1301 
384 257 0 0 0 379 135 136 98 23 3688 361 1315 2214 2964 747 3069 7 2387 3488 851 2095 2833 1996 1014 326 6 5530 87 4500 942 779 4084 
385 257 0 0 98 379 135 136 244 23 4257 4848 500 1628 3756 2776 4641 2312 234 4931 5228 3777 5613 4745 88 4802 628 2053 5238 314 5041 4966 5217 
386 257 0 136 0 379 135 246 103 23 3030 2548 666 1764 2065 2913 2082 2695 1828 1759 69 5677 1364 4831 1835 2072 1676 188 2798 1523 3835 3452 5961 
387 257 0 136 103 379 135 246 244 24 5888 1336 2687 3414 5562 5566 5659 3745 4734 2985 2973 5013 970 4762 4899 2948 839 524 40 5793 1378 3789 5419 1998 
388 257 135 0 0 379 254 127 101 23 597 367 5018 5761 2348 1541 338 4903 1350 4354 4175 5886 1298 2751 4022 1620 101 3289 3370 3335 5987 1060 5184 
389 257 135 0 101 379 254 127 244 24 2302 1229 4448 5017 1719 5214 2479 4174 1445 2578 1931 1374 2639 194 913 1689 5673 1876 1637 2903 5459 1202 5136 824 
390 257 135 127 0 379 254 246 107 23 1905 1752 3974 893 3532 2549 1200 884 1617 2250 5422 5396 847 2855 20 5719 4561 5676 2647 1305 3590 5175 5625 
391 257 135 127 107 379 254 246 244 24 3987 1520 3380 5649 3308 5083 2128 4710 3813 1097 4709 1195 3280 1286 927 44 4462 3064 3915 487 2922 5672 4844 5800 
392 379 0 0 0 512 138 117 118 23 1264 5201 4976 1450 3457 2079 1087 557 4256 3338 1662 5160 5687 2024 1065 186 2471 1503 435 1201 428 5257 4116 
393 379 0 0 118 512 138 117 244 24 5218 4314 1697 253 4322 4288 1024 22 4758 1101 5279 3159 836 695 5567 4139 2345 3634 1428 1838 2611 929 4140 2163 
394 379 0 117 0 512 138 246 120 23 833 4689 2151 3216 3601 4697 5521 3221 4518 4001 969 1581 5449 190 789 735 1096 2263 10 1897 1707 1107 49 
395 379 0 117 120 512 138 246 244 24 4569 2862 3353 2936 4724 2236 5301 125 1302 54 2788 3499 3492 1991 5743 1793 1964 1672 588 5533 2565 4441 305 3530 
396 379 138 0 0 512 254 134 131 23 1948 3329 284 2579 3681 3895 1169 5403 4694 5302 2091 4340 2440 1492 3228 973 4367 2791 3405 5401 3970 4185 4876 
397 379 138 0 131 512 254 134 244 24 2941 136 4661 763 1002 2156 525 2744 4892 2909 81 4423 5150 4486 4356 5526 1563 1981 3116 4720 4805 389 559 4586 
398 379 138 134 0 512 254 246 132 23 3683 5283 2101 122 2864 3279 1779 4041 746 1339 2781 4153 964 3523 1692 4348 5689 4133 3419 5161 5926 3475 152 
399 379 138 134 132 512 254 246 244 24 3665 2492 2603 4305 4700 2598 1976 5661 678 2431 5127 104 3645 4836 3235 3823 5253 2 3440 33 1027 2901 2774 4385 
400 257 0 0 244 377 136 134 358 23 5002 1385 2027 4379 2230 2923 1141 3315 5244 5073 5762 4315 2000 4494 1530 3164 5819 343 2809 4215 2346 5451 587 
401 257 0 0 358 377 136 134 512 23 306 5285 4032 2596 4339 3324 4068 3524 3869 2198 865 5546 3923 3043 5162 29 1758 5149 1902 4850 2395 461 5818 
402 257 0 134 244 377 136 246 394 23 378 4042 4543 2702 2369 5847 601 5250 4898 2481 2218 1612 3815 5386 2835 939 665 410 1439 218 4428 144 5466 
403 257 0 134 394 377 136 246 512 24 1091 4330 8 1946 4909 1009 185 2469 4878 2589 2547 3905 1768 4470 3106 5266 3227 5100 959 4512 1236 5494 783 2465 
404 257 136 0 244 377 254 121 391 23 4052 1327 5542 607 3778 3997 4236 5187 4945 2332 1895 3586 3402 4594 239 5962 1890 3753 5381 5824 921 652 1943 
405 257 136 0 391 377 254 121 512 24 2699 1795 4100 708 1585 304 5863 2882 985 2817 473 1701 1704 5931 5850 4654 1611 279 2371 5682 4726 1903 2447 625 
406 257 136 121 244 377 254 246 316 23 4513 2659 5515 2161 4957 5965 3146 345 5282 2008 5056 4162 248 5910 1392 2442 3415 1913 3538 4395 1887 43 4329 
407 257 136 121 316 377 254 246 512 24 3853 3792 4038 2928 620 4814 2219 5188 5636 3730 1638 2529 1595 1489 1272 3219 2433 3804 1578 1827 3394 1343 2692 97 
408 377 0 0 244 512 115 138 404 23 1790 2974 743 3346 5365 1088 4890 5735 3570 5988 986 1237 2842 3705 1475 283 4131 4148 2130 2424 4114 3437 458 
409 377 0 0 404 512 115 138 512 24 4394 4009 1059 1299 366 4473 3404 3916 4027 563 949 3980 2434 4658 4773 1639 1433 523 4657 5260 282 5089 3666 3331 
410 377 0 138 244 512 115 246 398 23 1771 5345 4122 2592 5200 3507 1368 5191 3091 2993 1156 1137 5197 567 251 1770 2475 274 1691 356 2450 3131 1678 
411 377 0 138 398 512 115 246 512 24 4349 1393 232 4130 2182 3612 820 173 3013 795 511 661 450 1652 4142 5986 2881 1106 1953 5536 346 4180 4648 1413 
412 377 115 0 244 512 254 119 389 23 5602 1094 3623 1184 5782 2832 2650 3661 50 5246 2256 5254 324 2129 1990 3682 5356 4277 4464 176 862 4652 3731 
413 377 115 0 389 512 254 119 512 24 411 3264 3780 3540 931 3676 4194 2574 5909 5259 878 5354 2270 5374 582 1225 2240 2745 5812 1873 676 3758 3644 3376 
414 377 115 119 244 512 254 246 387 23 4393 3577 5912 5768 3316 5789 3934 3382 2637 4495 5919 1608 3566 4285 3884 4271 3265 3883 5157 77 2036 882 1066 
415 377 115 119 387 512 254 246 512 24 5488 2994 5844 2865 1289 423 4264 4298 5984 4859 3250 1290 5151 5653 4932 5053 1210 3527 1731 734 467 371 1118 3791 
416 257 0 246 0 379 109 359 101 23 2870 2154 5216 3979 2793 2570 5372 1529 4877 1050 4978 3788 1627 2606 5879 5922 109 132 2485 2831 5336 4613 5643 
417 257 0 246 101 379 109 359 231 23 5927 1 645 5358 4728 3033 4954 2382 2443 3875 3757 5725 1179 5323 4171 5950 5895 4333 2173 2408 3654 3742 1837 
418 257 0 359 0 379 109 512 96 23 2064 2553 3463 5230 455 1889 4138 370 5554 1425 2516 4106 1815 224 3908 4189 5942 5574 5959 4527 4212 3505 3882 
419 257 0 359 96 379 109 512 231 24 5634 3083 2660 143 2011 881 3468 2338 200 2924 2504 1537 2943 576 586 1511 5591 526 2520 2628 1127 667 2097 2856 
420 257 109 246 0 379 254 383 90 23 5990 2840 3494 1036 1077 400 233 4801 3920 5388 4982 2753 2420 4483 4146 1514 4551 4525 981 901 5873 551 4498 
421 257 109 246 90 379 254 383 231 24 4006 3293 5746 5065 4150 2472 5744 5900 527 728 377 3150 5145 722 3138 1718 4994 2872 4537 4420 2446 1329 5076 5709 
422 257 109 383 0 379 254 512 106 23 5960 359 3955 535 2905 1417 5621 5436 4589 1151 818 3861 164 3651 5896 2971 3587 3770 948 3095 3910 4777 432 
423 257 109 383 106 379 254 512 231 24 5585 536 1143 3580 5405 1966 2397 4160 496 4411 5996 540 4266 4597 3715 5923 2614 4869 5524 5481 1772 135 1821 591 
424 379 0 246 0 512 136 374 144 23 761 2648 4522 3312 3628 5209 5991 2725 4440 3466 4396 3606 2655 5501 5360 2046 3811 1493 4481 2983 2477 2249 250 
425 379 0 246 144 512 136 374 231 24 3794 3031 4326 59 5028 5274 5040 3147 3849 1239 1427 1193 226 727 451 111 1034 1090 429 3006 3531 909 3028 3238 
426 379 0 374 0 512 136 512 132 23 4771 5399 2623 5558 5307 2135 45 4490 4400 2839 4389 1043 1409 5792 3204 331 300 3065 5612 2990 521 3700 3295 
427 379 0 374 132 512 136 512 231 24 2323 4078 398 1882 2237 1282 613 1354 156 210 2063 2470 4972 3139 260 4503 3784 57 1602 307 5870 671 3564 1807 
428 379 136 246 0 512 254 394 104 23 5906 3958 1007 4134 5044 2363 5576 1355 4663 2111 3571 2966 876 3550 4868 3110 5833 954 171 1977 5468 1424 3018 
429 379 136 246 104 512 254 394 231 24 4426 2748 4914 2953 1584 4604 5088 5143 898 1865 19 1429 5730 5132 13 1300 4123 5668 3303 5115 5226 479 5221 4415 
430 379 136 394 0 512 254 512 129 23 1335 987 4293 2005 2581 1999 1261 2716 962 5641 5071 1240 5683 211 1650 5712 3797 4739 2238 212 130 5180 308 
431 379 136 394 129 512 254 512 231 24 4660 1583 3537 381 263 3424 3847 3019 4775 3929 3428 3611 812 1042 3552 193 2413 5958 3036 3206 1317 835 2653 4303 
432 257 0 246 231 381 128 392 373 23 2669 565 4113 1109 4682 229 5628 460 2910 5715 5547 504 994 694 5438 2946 4690 992 2168 384 562 4526 616 
433 257 0 246 373 381 128 392 512 23 2749 4097 1190 5171 4519 5223 3613 2084 4763 2846 1438 4568 3409 5741 4949 3643 1833 392 1296 2594 1203 932 2195 
434 257 0 392 231 381 128 512 377 23 3259 1158 4457 3425 5887 4447 2137 2907 3236 3246 2113 4246 201 1816 1881 2272 3449 4374 3782 2456 5014 5229 2155 
435 257 0 392 377 381 128 512 512 24 5453 528 4815 1406 5430 5380 5814 4547 2050 3584 2726 4927 91 3983 1035 168 5843 1396 1513 3841 1934 2054 4667 2356 
436 257 128 246 231 381 254 370 390 23 759 3330 2365 4248 107 4617 5012 4842 539 5112 1379 2148 2767 2789 4886 2560 4003 686 416 3857 1461 918 2945 
437 257 128 246 390 381 254 370 512 24 5091 1345 4808 3694 1348 3874 278 3768 5202 4705 3820 2893 5370 3501 1403 2394 195 3617 4896 4879 4380 1528 3151 5352 
438 257 128 370 231 381 254 512 368 23 4742 3022 1939 2780 989 3162 480 5169 4080 2222 1896 5131 3967 5163 1920 5690 2968 5806 1233 1481 3161 66 2321 
439 257 128 370 368 381 254 512 512 24 2677 5795 1852 3647 589 2476 4344 297 5153 1112 1478 507 3637 5397 3420 925 3399 4124 3044 2422 5476 852 3704 2675 
440 381 0 246 231 512 144 378 373 23 4675 5523 4622 3692 3392 1018 3207 5122 4882 4253 501 1359 2714 3994 3467 76 2021 1216 2851 5907 4540 3760 4207 
441 381 0 246 373 512 144 378 512 24 2604 1923 5670 268 5797 386 1659 2308 140 4051 4275 5946 1366 3640 78 2336 5603 4794 4368 5054 5379 2403 657 93 
442 381 0 378 231 512 144 512 342 23 5198 3156 1170 385 391 2280 659 3327 5443 1735 382 2007 4923 4049 717 246 4953 940 2845 2631 2620 4196 5688 
443 381 0 378 342 512 144 512 512 24 754 4429 2016 1153 1688 5064 3522 3711 1767 2189 5914 4701 4089 4361 1709 1154 874 407 752 1206 1872 1859 899 5315 
444 381 144 246 231 512 254 368 360 23 3117 67 4627 137 575 4382 4987 2118 2288 2503 503 4706 2426 1516 1324 5363 4296 4730 1623 1960 4184 3752 4585 
445 381 144 246 360 512 254 368 512 24 3886 3133 570 1598 900 1472 1453 612 3578 3626 3988 4977 4749 3802 1411 3349 4245 330 4824 5871 2409 3121 4282 5408 
446 381 144 368 231 512 254 512 376 23 1246 1274 4935 1482 272 3273 2688 83 2078 4677 3079 2217 3118 4203 5212 1538 1358 5710 2858 1651 953 5856 1056 
447 381 144 368 376 512 254 512 512 24 2681 3115 4752 832 2117 2755 1720 5239 1251 3652 2319 4181 3225 3680 2770 3251 3520 3209 4244 4029 3168 4107 5508 1053 
448 257 254 0 0 378 387 138 110 23 3605 902 3253 1841 4838 1441 3959 4050 2370 68 4183 4147 3163 2009 4944 3448 1479 2531 5593 4435 2674 5995 5087 
449 257 254 0 110 378 387 138 237 23 2432 2689 2247 5009 506 861 3403 756 1046 532 3454 4576 2849 3367 5413 4577 2522 2877 2991 4053 2912 4211 3027 
450 257 254 138 0 378 387 258 113 23 5439 4770 807 2962 1737 3865 4598 5420 684 225 1501 3528 5471 2497 804 2138 1950 2563 4645 5999 2035 626 393 
451 257 254 138 113 378 387 258 237 24 742 4901 5294 495 3301 2761 23 4218 1191 3516 3309 5037 4511 2580 2051 5077 313 336 354 5825 3222 95 1365 1275 
452 257 387 0 0 378 512 144 104 23 2836 2972 1567 1814 3257 1586 2685 3696 1408 4137 5166 5293 710 484 291 5328 629 680 1885 762 355 1848 5176 
453 257 387 0 104 378 512 144 237 24 5584 347 2478 4970 1870 3374 3160 5716 4692 4094 3211 4696 469 1868 5275 4873 692 5075 5842 4224 4092 2227 5701 5758 
454 257 387 144 0 378 512 258 131 23 3582 844 4791 5199 1418 1307 3152 4536 4413 1073 3142 183 4711 3862 3416 2107 3483 2576 771 2701 1459 4186 2159 
455 257 387 144 131 378 512 258 237 24 2233 3672 112 5702 1866 1466 2208 3277 3950 4364 1877 5203 5739 2686 476 4803 5540 1509 733 3803 485 2888 1922 2537 
456 378 254 0 0 512 378 151 122 23 5092 1356 5598 1189 3785 3839 5429 3749 2439 61 3975 5939 1111 1215 5205 3927 2668 1849 889 1687 1566 5532 1914 
457 378 254 0 122 512 378 151 237 24 1038 2821 3307 5595 4046 327 5327 2627 5665 2779 4334 5648 790 5933 3281 4783 4921 2188 3038 2811 4679 2569 3948 4984 
458 378 254 151 0 512 378 258 114 23 1522 1469 3431 5728 1911 3388 5159 4082 2601 1310 1075 4964 2904 2041 1488 3372 5424 4269 784 273 3567 4827 3593 
459 378 254 151 114 512 378 258 237 24 376 4276 4761 4566 2300 4651 5680 2133 1860 4849 2417 2435 5828 1498 4161 131 4401 5303 4785 5135 3600 5291 2405 1820 
460 378 378 0 0 512 512 146 119 23 1668 1908 3829 1591 2743 4199 2260 5767 2100 4335 2559 2351 5406 1548 5571 5204 31 5085 2906 1724 1265 5276 2255 
461 378 378 0 119 512 512 146 237 24 2506 1291 5977 3888 2315 5183 1464 5460 4425 5867 5781 2015 639 4578 3313 405 2224 1273 4151 3918 4579 5475 453 397 
462 378 378 146 0 512 512 258 83 23 1057 126 690 254 117 5706 658 4753 2239 5845 1436 3840 4843 1451 5272 1836 2528 5167 2268 5271 82 2164 48 
463 378 378 146 83 512 512 258 237 24 5194 4845 4988 3360 4101 2523 4635 79 1680 4695 242 1069 3111 1015 888 5412 1277 1972 669 5273 4128 1334 2258 997 
464 257 254 0 237 400 380 119 342 23 124 4063 1076 379 2899 1949 2661 1510 2494 1402 5185 3554 5482 2199 4861 2760 3496 2583 1867 1361 3196 5158 5637 
465 257 254 0 342 400 380 119 512 23 5866 1476 4090 3190 3686 3269 3708 1008 2252 894 713 3105 3543 4167 4075 4819 4515 4906 2406 1643 5631 3911 572 
466 257 254 119 237 400 380 258 346 23 2937 1213 1597 976 353 1391 2295 2343 184 1010 2500 4939 2264 1146 1900 4416 339 968 5616 3691 1702 1116 5050 
467 257 254 119 346 400 380 258 512 24 207 4731 3101 459 870 3195 2857 3936 1855 110 4630 1744 2197 4715 1675 2103 975 1102 3035 258 5156 5287 4841 1892 
468 257 380 0 237 400 512 118 361 23 3871 4417 2326 548 4081 103 5398 438 3616 2289 3174 1308 2120 3129 672 5026 4054 4129 4342 4693 1508 5344 1187 
469 257 380 0 361 400 512 118 512 24 2385 1919 3701 2335 4332 1025 1875 123 5462 3493 4492 2643 3805 1874 5685 5555 5278 1078 134 1344 2825 5461 1878 3735 
470 257 380 118 237 400 512 258 369 23 3355 3814 5626 3025 2944 1777 3 4855 5872 1230 2816 1483 4132 530 2868 4820 1812 4991 2518 3229 5772 4362 3763 
471 257 380 118 369 400 512 258 512 24 2452 2086 630 3518 489 5165 163 3294 3408 4975 4599 1473 5707 426 5733 2185 2562 5030 1630 1962 2961 3953 980 2480 
472 400 254 0 237 512 386 126 401 23 5790 3981 5325 3963 5426 3786 301 764 5745 2160 4033 4311 3619 2461 4405 1663 1656 4809 2721 2673 3519 1899 5755 
473 400 254 0 401 512 386 126 512 24 167 368 2509 1086 869 5992 3636 2712 2416 1787 2265 4316 933 1120 433 1569 4936 3890 5389 2866 1763 5297 643 1388 
474 400 254 126 237 512 386 258 370 23 5747 5827 5173 2730 4488 231 3097 4891 3103 3622 3534 180 2586 3822 5144 3173 1079 5573 2640 2010 5929 5034 1452 
475 400 254 126 370 512 386 258 512 24 14 1382 2379 2859 4874 5804 4249 5038 3943 4252 3588 1332 1119 1288 4662 352 2970 2658 1390 957 2720 5367 5656 5774 
476 400 386 0 237 512 512 113 345 23 1383 2952 4735 4817 1021 4419 5148 2782 5498 3864 5232 2555 590 2339 1547 1647 1594 4998 4434 5458 4727 4402 3241 
477 400 386 0 345 512 512 113 512 24 5904 3960 1570 3615 2541 5146 401 2045 3337 2672 3104 5349 2738 823 4229 3262 1194 4259 1070 2098 1854 2170 3931 5280 
478 400 386 113 237 512 512 258 356 23 5831 456 650 5588 5505 5881 4655 2834 2915 5343 755 2557 4141 1306 1415 5104 5506 488 916 3039 520 1003 3685 
479 400 386 113 356 512 512 258 512 24 3806 5854 1543 1144 4628 2296 5355 848 1426 2935 4674 4769 3081 3223 2076 5463 2871 3679 4507 2908 813 4121 446 4853 
480 257 254 258 0 383 390 376 123 23 5776 1506 350 3092 2927 2077 4192 4455 2191 2158 281 606 4443 2561 1376 3377 1221 3826 5341 5248 720 4723 5565 
481 257 254 258 123 383 390 376 267 23 159 4496 4155 3618 1363 4718 5225 1532 5577 3298 214 1085 3122 3930 1589 3283 598 1604 4375 3363 1157 2028 3990 
482 257 254 376 0 383 390 512 134 23 593 4280 269 310 2545 2448 3947 1311 5120 3664 2867 5058 1128 1353 5669 5586 5839 98 2519 5947 39 177 5326 
483 257 254 376 134 383 390 512 267 24 3476 5889 3220 5473 1173 1380 1762 5270 4884 5021 2587 935 2894 4452 5708 2383 2277 2496 2328 2012 2402 2314 364 1706 
484 257 390 258 0 383 512 383 117 23 5664 3393 2696 3487 5726 621 4812 1371 5583 2634 155 3925 5082 255 3909 732 4913 4228 5644 1521 737 1321 2818 
485 257 390 258 117 383 512 383 267 24 3446 5117 2206 5570 707 519 5994 1384 3866 3300 5918 946 842 3068 3443 2895 4681 1804 5638 2044 1279 1092 3709 3268 
486 257 390 383 0 383 512 512 127 23 2108 318 4685 1992 579 2602 2599 3358 374 1369 4454 3317 739 3809 5029 5306 3058 3157 4554 5667 2902 3054 3243 
487 257 390 383 127 383 512 512 267 24 4502 2454 2733 1794 2613 1894 4258 2824 5312 3287 3113 2167 1531 5651 2139 5137 2075 5974 4986 2890 2462 3141 3210 2883 
488 383 254 258 0 512 385 386 148 23 5740 5434 4117 3208 2515 4624 5779 5215 1142 4149 3406 3830 4581 247 221 5877 1062 4290 965 1778 858 457 3275 
489 383 254 258 148 512 385 386 267 24 5035 5177 4562 4639 3460 4716 5179 4120 3050 5805 1325 5836 1166 3765 1168 64 3011 2427 4722 3055 3094 3924 712 5663 
490 383 254 386 0 512 385 512 149 23 2411 1673 4929 2784 4885 1192 971 5350 3193 4535 4580 1893 4231 3898 5930 4047 5414 2081 3108 1781 3721 1005 3040 
491 383 254 386 149 512 385 512 267 24 2482 834 3938 2241 3085 689 5000 4548 549 2334 208 1988 490 5606 5346 4813 4442 1410 3631 941 1723 3999 2762 5902 
492 383 385 258 0 512 512 363 137 23 2014 172 4670 2977 3347 5859 5956 3149 1927 75 4980 1792 4436 2934 2783 1247 415 4135 4467 1622 4871 5364 675 
493 383 385 258 137 512 512 363 267 24 2949 4274 2556 3772 5883 3282 1244 3002 2737 2325 120 2757 4373 1405 2683 4187 1519 5110 3112 2815 4193 219 624 3053 
494 383 385 363 0 512 512 512 151 23 289 1217 553 3357 1574 4377 3413 5036 2327 4938 3992 89 3553 5490 189 2490 919 5499 5666 5635 2886 38 3354 
495 383 385 363 151 512 512 512 267 24 3254 5454 2298 41 1443 4069 2707 4760 153 4856 3880 4210 1533 5815 961 4412 3231 3973 668 2304 4062 2073 2988 4008 
496 257 254 258 267 388 382 396 402 23 317 5057 2392 3529 2739 483 3046 5662 3198 1029 2299 642 1163 4261 4520 1349 568 5803 4136 2307 1961 5299 5400 
497 257 254 258 402 388 382 396 512 23 3687 2352 5265 4864 5849 2029 687 5940 3575 1616 1121 1572 5592 5140 380 3240 1342 4166 3845 2920 4870 4915 5989 
498 257 254 396 267 388 382 512 355 23 1122 5495 1211 856 930 1674 1944 3607 2887 1502 5980 5600 1593 885 4424 3481 648 3070 1646 1407 2879 1049 4071 
499 257 254 396 355 388 382 512 512 24 5589 3514 1497 2419 3456 819 402 5141 4059 4555 3921 1694 2380 1285 1817 1074 1136 3828 2070 4398 1845 2087 3171 2534 
500 257 382 258 267 388 512 361 361 23 5561 3940 1997 1258 2957 3646 3429 4833 3837 5817 1058 2415 5004 4028 1629 2632 649 5402 4407 1309 197 3707 1667 
501 257 382 258 361 388 512 361 512 24 4532 4145 2297 365 2340 2400 816 1661 3387 5170 3137 296 3314 3334 2421 3904 2551 1967 154 514 1743 5948 4445 2642 
502 257 382 361 267 388 512 512 384 23 5015 1148 3720 3486 5705 1197 3418 4798 2914 5147 390 2532 3710 2705 4489 990 1303 4177 3453 4444 5192 2787 3868 
503 257 382 361 384 388 512 512 512 24 769 1649 4895 4505 3502 5111 4453 2349 5321 2517 2457 3445 5233 3598 1677 3798 855 1387 2039 1715 1917 5101 3260 3224 
504 388 254 258 267 512 392 374 423 23 4545 4021 5802 1098 2629 617 262 1980 147 3525 2827 2731 3495 1722 2540 3230 4010 614 3655 2889 2850 1333 5518 
505 388 254 258 423 512 392 374 512 24 3656 4888 1292 1555 745 977 868 2947 3903 2110 1745 4926 1843 5020 5249 2058 2564 1552 5860 3286 1093 5564 1375 1177 
506 388 254 374 267 512 392 512 424 23 4370 5116 750 1577 1266 4918 2291 979 2863 1504 2391 3417 3741 3726 396 4738 2105 2885 5513 1886 3120 4459 1588 
507 388 254 374 424 512 392 512 512 24 4202 1811 3603 2535 4744 4793 2822 2989 4292 3422 1818 1995 3591 4469 0 2092 2393 4337 3381 3267 1921 5421 1449 2257 
508 388 392 258 267 512 512 368 397 23 4209 35 1171 5353 3411 3423 5810 3292 3585 4558 3500 4449 3733 2747 148 3913 2684 904 4672 2083 1320 3667 3592 
509 388 392 258 397 512 512 368 512 24 1188 2829 4908 5046 1269 4800 3233 4320 1316 4017 4414 4546 5560 2144 1959 3722 372 3547 2616 3751 1400 2759 627 3080 
510 388 392 368 267 512 512 512 405 23 3669 437 4596 3432 2248 4227 4623 3073 2121 2313 1208 240 1526 1989 5152 2184 4804 5005 4725 3063 373 1556 3362 
511 388 392 368 405 512 512 512 512 24 4857 3541 1751 3128 406 1006 805 5788 3459 810 440 1535 3706 4951 348 3962 5623 5786 4989 419 749 2930 550 770 
