512
512 0 0 0 0 0 0 2 2 2 4 5 5 19 2500 29 33 20 2 30 1 21 11 78 79 98 80 99 734 89 107 90 111 
513 0 0 2 0 0 0 2 2 5 4 5 5 20 108 168 167 784 186 812 177 780 158 189 176 246 264 236 254 267 255 237 245 265 
514 0 2 0 0 0 0 2 2 2 4 5 5 19 635 625 656 637 627 646 624 655 634 647 733 725 724 715 704 713 712 702 703 
515 0 2 2 0 0 0 2 2 5 4 5 5 20 791 781 3303 793 790 802 803 868 871 878 881 891 858 880 890 869 859 3368 879 862 
516 2 0 0 0 0 0 2 2 2 4 5 5 19 2513 2509 2520 2522 2501 3147 2519 2529 2532 2528 2510 3235 2598 2610 2591 2578 2597 2607 2606 
517 2 0 2 0 0 0 2 2 5 4 5 5 20 2588 2579 2667 2676 2677 2656 2657 2686 2666 2685 2689 2735 2764 2755 2745 2736 2754 2767 2746 2763 
518 2 2 0 0 0 0 2 2 3 4 5 5 19 3146 3156 3155 3124 3127 3137 3134 3136 3125 3222 3225 3202 3203 3213 3212 3206 3234 3284 3313 
519 2 2 3 0 0 0 2 2 5 4 5 5 20 3294 3300 3312 3290 3282 3292 3301 3291 3281 3381 3369 3390 3378 3372 3370 3362 3359 3360 3391 3438 
520 0 0 0 0 0 5 2 2 2 4 5 8 19 0 10 3 23 654 22 629 12 31 32 13 81 100 101 2609 2590 109 88 91 
521 0 0 2 0 0 5 2 2 5 4 5 8 20 110 157 187 178 166 159 188 179 792 169 156 247 235 257 238 234 863 244 256 266 
522 0 2 0 0 0 5 2 2 2 4 5 8 19 628 648 644 626 638 639 645 657 636 714 706 735 723 705 732 716 722 707 717 
523 0 2 2 0 0 5 2 2 5 4 5 8 20 726 811 801 782 794 810 785 813 800 804 795 783 882 870 888 889 860 873 861 872 
524 2 0 0 0 0 5 2 2 2 4 5 8 19 2521 2531 3157 2523 2511 2502 2503 2512 2533 2530 2589 3236 2608 3217 2601 2600 2599 2611 2580 
525 2 0 2 0 0 5 2 2 5 4 5 8 20 2581 2679 2658 2688 2687 2668 3295 2659 2678 2669 2749 2734 2737 2756 2766 3363 2747 2744 2765 2757 
526 2 2 0 0 0 5 2 2 2 4 5 8 19 3154 3126 3145 3129 3138 3144 3135 3128 3214 3215 3207 3226 3223 3233 3204 3232 3224 3227 3216 
527 2 2 2 0 0 5 2 2 5 4 5 8 20 3205 3285 3310 3314 3304 3302 3305 3283 3293 3311 3380 3383 3371 3389 3388 3379 3361 3392 3373 3382 
528 0 0 0 0 5 0 1 2 2 4 8 5 19 26 4 37 24 8 27 14 17 36 5 102 95 105 82 86 92 731 115 708 
529 0 0 2 0 5 0 1 2 5 4 8 5 20 83 736 183 180 164 193 170 171 192 787 173 271 240 248 242 249 258 884 239 270 
530 0 2 0 0 5 0 1 2 2 4 8 5 19 640 641 650 658 649 643 631 652 662 630 659 729 727 721 719 728 718 709 740 
531 0 2 2 0 5 0 1 2 5 4 8 5 20 737 809 814 786 797 818 815 796 805 816 806 807 875 874 894 887 893 896 892 883 
532 1 0 0 0 5 0 2 2 3 4 8 5 19 2504 2507 2517 2516 2526 2534 3158 2525 2603 3241 2613 114 2585 2582 2595 2594 2604 2682 2680 
533 1 0 3 0 5 0 2 2 5 4 8 5 20 2683 2692 2670 2663 2693 2673 160 161 2660 2739 2751 2771 2738 2770 2758 2742 2761 2748 2740 261 
534 1 2 0 0 5 0 2 2 2 4 8 5 19 3131 3149 3148 3130 3143 3139 3159 3152 3141 3140 3238 3228 3210 3237 3231 3219 3209 3239 3218 
535 1 2 2 0 5 0 2 2 5 4 8 5 20 3315 3297 3307 3288 3287 3316 3296 3319 3306 3309 3397 3366 3365 3384 3394 3395 3393 3375 3385 865 
536 0 0 0 0 5 5 1 1 2 4 8 8 19 7 18 9 6 28 25 15 16 38 19 35 93 87 104 113 84 97 106 116 
537 0 0 2 0 5 5 1 1 5 4 8 8 20 190 175 191 163 181 174 182 165 162 268 262 260 253 251 263 252 272 250 243 269 
538 0 1 0 0 5 5 1 2 2 4 8 8 19 632 663 653 661 651 660 633 34 642 96 730 103 112 738 710 739 720 741 711 
539 0 1 2 0 5 5 1 2 5 4 8 8 20 808 194 185 799 184 819 172 798 817 788 877 259 866 897 886 876 867 895 885 864 
540 1 0 0 0 5 5 2 1 3 4 8 8 19 2514 2518 2524 2515 2527 2505 2506 2508 2592 94 2614 2596 85 2587 2584 2583 2605 2690 2691 
541 1 0 3 0 5 5 2 1 5 4 8 8 20 2684 2674 2671 2672 2681 2661 2664 2675 2741 2743 2772 2760 2753 2768 2750 2759 2752 241 2762 2769 
542 1 1 0 0 5 5 2 2 2 4 8 8 20 3132 3161 3142 3151 3133 3160 3163 3150 3153 3162 3230 2612 2586 2593 2602 2615 3240 3208 3221 3211 
543 1 1 2 0 5 5 2 2 5 4 8 8 20 3220 3229 3308 3318 3299 3298 3286 2662 789 3317 3289 2665 3386 3396 3377 3376 3367 3387 3364 3374 
544 0 0 0 4 0 0 1 1 2 8 4 5 19 49 48 61 39 71 42 40 70 58 50 149 120 126 128 117 130 148 118 136 
545 0 0 2 4 0 0 1 1 5 8 4 5 20 214 217 206 196 195 226 224 227 208 292 286 284 273 302 295 275 305 282 283 274 
546 0 1 0 4 0 0 1 2 2 8 4 5 19 693 692 675 687 696 683 685 674 684 752 774 761 743 753 771 762 772 765 744 
547 0 1 2 4 0 0 1 2 5 8 4 5 20 831 822 849 821 850 843 852 830 840 900 927 919 921 918 931 908 909 928 277 929 
548 1 0 0 4 0 0 2 1 3 8 4 5 19 2569 2560 2550 2570 2538 2551 2541 2626 127 2639 2648 139 2638 2647 2619 2628 2616 2629 2694 
549 1 0 3 4 0 0 2 1 5 8 4 5 20 2704 2714 2705 2717 2727 2698 205 204 2726 2695 2795 2792 2804 2783 2782 2805 2776 2773 2784 2786 
550 1 1 0 4 0 0 2 2 2 8 4 5 19 3196 3164 3184 3174 3183 665 3194 3177 3187 3192 3165 3193 3272 3271 3254 3243 3263 3262 3275 
551 1 1 2 4 0 0 2 2 5 8 4 5 20 3244 3253 3322 3332 3340 3341 3350 3349 3331 3353 3429 899 3418 3419 3428 3400 3410 3431 3409 3401 
552 0 0 0 4 0 5 2 1 2 8 4 8 19 43 72 51 68 69 52 63 59 62 41 60 150 140 146 138 147 131 141 129 
553 0 0 2 4 0 5 2 1 5 8 4 8 20 121 137 119 216 225 207 218 2697 197 219 285 276 303 297 296 306 287 293 294 304 
554 0 1 0 4 0 5 2 2 2 8 4 8 19 666 695 694 697 676 53 667 664 686 677 763 764 742 745 3274 755 773 754 775 
555 0 1 2 4 0 5 2 2 5 8 4 8 20 851 842 853 820 199 215 841 209 228 198 3333 832 823 833 911 910 930 901 898 920 
556 2 0 0 4 0 5 2 1 2 8 4 8 19 2540 2561 2539 2543 2549 2548 2542 2568 2552 2571 2558 2559 2637 2646 2649 2636 2617 2640 2620 
557 2 0 2 4 0 5 2 1 5 8 4 8 20 2630 2716 2696 2707 2706 2724 2699 2725 2708 2715 2797 2777 2787 2794 2803 2785 2802 2774 2775 2793 
558 2 1 0 4 0 5 2 2 3 8 4 8 19 3186 3197 3176 3195 3166 3185 3167 3175 2621 3265 2618 2627 3255 3245 3273 3242 3252 3264 3320 
559 2 1 3 4 0 5 2 2 5 8 4 8 20 2709 3351 3323 2718 3321 2719 3343 3330 3352 3342 2728 3408 2796 3398 3420 3421 2806 3430 3411 3399 
560 0 0 0 4 4 0 2 1 2 8 8 5 19 2553 2544 55 73 65 64 46 77 54 67 74 45 152 132 123 155 124 153 151 
561 0 0 2 4 4 0 2 1 5 8 8 5 20 133 143 142 201 202 230 229 231 220 211 221 311 308 280 299 298 289 278 290 307 
562 0 1 0 4 4 0 2 2 2 8 8 5 19 690 688 668 671 691 681 680 699 678 700 768 749 759 757 756 746 769 778 777 
563 0 1 2 4 4 0 2 2 5 8 8 5 20 856 837 846 834 825 847 233 844 824 827 855 933 925 934 915 924 903 912 902 279 
564 2 0 0 4 4 0 2 1 2 8 8 5 19 2575 2573 2545 2554 2563 2566 2535 2562 2557 2572 2635 2622 2632 2651 2641 2631 2623 2644 2650 
565 2 0 2 4 4 0 2 1 5 8 8 5 20 2701 2733 2730 2702 2731 2710 2721 2720 2729 2723 2711 2799 2808 2789 2788 2780 2809 2807 2798 2779 
566 2 1 0 4 4 0 2 2 2 8 8 5 19 3171 3190 3180 3168 3189 3200 3199 3169 3181 3246 3268 3266 3279 3250 3247 3269 3259 3256 3278 
567 2 1 2 4 4 0 2 2 5 8 8 5 20 3344 3334 3357 3324 3325 3356 3347 3335 3328 3337 3422 3425 3434 3412 3435 3406 3413 3403 3402 2811 
568 0 0 0 4 4 5 2 2 2 8 8 8 19 66 56 679 47 76 57 75 44 145 751 776 134 770 125 154 760 135 122 144 
569 0 0 2 4 4 5 2 2 5 8 8 8 20 212 222 223 203 213 232 857 848 200 210 835 916 300 291 310 281 923 301 309 288 
570 0 2 0 4 4 5 2 2 3 8 8 8 19 673 3170 672 682 701 698 689 670 669 758 767 766 747 779 748 750 826 836 845 
571 0 2 3 4 4 5 2 2 5 8 8 8 20 854 839 838 828 829 3346 922 914 926 917 905 904 907 932 906 913 3405 3415 935 3424 
572 2 0 0 4 4 5 2 2 2 8 8 8 19 2537 3173 2547 2565 2577 2567 2574 2536 2546 2564 2576 2555 2556 2642 2624 2654 2634 2652 2643 
573 2 0 2 4 4 5 2 2 5 8 8 8 20 2645 3258 2653 2633 2655 3270 2625 2700 2722 2703 2732 2712 2713 2781 2778 2810 2800 2791 2801 2790 
574 2 2 0 4 4 5 2 2 3 8 8 8 20 3182 3178 3188 3179 3201 3172 3191 3198 3276 3251 3261 3249 3267 3280 3277 3260 3248 3257 3355 3336 
575 2 2 3 4 4 5 2 2 5 8 8 8 20 3327 3339 3358 3345 3338 3326 3354 3329 3348 3426 3432 3427 3404 3433 3417 3416 3407 3436 3414 3423 
576 0 0 5 0 0 0 2 2 7 4 5 5 19 342 332 314 333 315 969 323 324 343 420 393 392 1034 411 401 402 421 499 480 
577 0 0 7 0 0 0 2 2 8 4 5 5 20 490 498 471 489 470 1105 479 546 577 559 568 578 556 1191 1192 1204 549 1195 569 1183 
578 0 2 5 0 0 0 2 2 6 4 5 5 19 956 946 3437 938 937 968 940 949 936 959 1016 1019 1044 1028 1038 1017 1015 3537 1036 
579 0 2 6 0 0 0 2 2 8 4 5 5 20 1035 1025 1047 1107 1095 1126 1104 1123 1124 1114 1094 1113 1117 1122 1173 1202 1193 1201 1200 1182 
580 2 0 5 0 0 0 2 2 7 4 5 5 19 2845 2824 2833 2823 2832 2842 2814 2923 2892 2920 2901 2910 2893 3515 2911 2921 3544 2902 2979 
581 2 0 7 0 0 0 2 2 8 4 5 5 20 3000 2999 2971 2998 2989 2970 2980 3606 2973 2988 3077 3049 3068 3059 3703 3690 3058 3684 3078 3046 
582 2 2 5 0 0 0 2 2 6 4 5 5 19 3441 3446 3459 3468 3466 3469 3447 3450 3456 3448 3439 3535 3524 3516 3534 3547 3519 3525 3528 
583 2 2 6 0 0 0 2 2 8 4 5 5 20 3613 3612 3602 3622 3593 3597 3594 3625 3603 3595 3681 3691 3694 3675 3682 3671 3692 3700 3672 3673 
584 0 0 5 0 0 5 1 1 6 4 5 8 19 322 313 344 312 334 316 325 335 345 394 412 390 422 423 391 403 400 413 410 
585 0 0 6 0 0 5 1 1 8 4 5 8 20 472 469 491 481 500 478 468 501 566 570 576 548 551 557 550 547 567 579 560 558 
586 0 1 5 0 0 5 1 2 6 4 5 8 19 960 951 947 950 957 941 967 939 948 970 966 1049 1045 1018 1048 1027 1046 1037 1039 
587 0 1 6 0 0 5 1 2 8 4 5 8 20 1029 1026 1106 1127 1115 1097 1096 488 1125 1116 1186 1187 1203 1184 1174 1194 1175 1185 1172 1205 
588 1 0 5 0 0 5 2 2 7 4 5 8 19 3467 2843 2813 2835 2812 2822 2834 2844 2825 2815 2922 2903 2913 2891 3529 2912 2890 2900 2969 
589 1 0 7 0 0 5 2 2 8 4 5 8 20 2978 2972 2991 2981 2990 2968 3001 3067 3079 3056 3060 3047 3057 3051 3069 3048 3066 3685 3050 3076 
590 1 2 5 0 0 5 2 2 6 4 5 8 19 3460 958 3457 3440 3461 3458 3449 3451 3470 3527 3548 3536 3518 3546 3538 3526 3539 3517 3545 
591 1 2 6 0 0 5 2 2 8 4 5 8 20 3607 3596 3623 3614 3604 3626 3624 3616 3617 3627 3615 3605 3693 3702 3683 3674 3695 3705 3704 3701 
592 0 0 5 0 5 0 1 1 6 4 8 5 19 317 339 349 326 348 318 337 330 336 424 417 397 396 414 404 415 408 395 405 
593 0 0 6 0 5 0 1 1 8 4 8 5 20 426 492 495 486 483 474 482 502 493 473 505 565 553 561 562 574 584 571 580 552 
594 0 1 5 0 5 0 1 2 6 4 8 5 19 965 327 953 963 971 962 961 943 952 974 944 1041 1040 427 1031 1032 1051 1053 1023 
595 0 1 6 0 5 0 1 2 8 4 8 5 20 1050 1022 1120 1098 1130 1110 1111 477 1101 1129 1207 1199 1176 1188 1179 1208 1196 1189 581 1198 
596 1 0 5 0 5 0 2 1 6 4 8 5 19 320 2827 2829 2837 2818 2848 2817 2836 2826 2820 2839 2849 2816 2898 2896 2926 2905 2904 2894 
597 1 0 6 0 5 0 2 1 8 4 8 5 20 2914 2895 3002 2986 3005 2976 2983 2992 2995 3053 3055 3070 3052 3080 3083 3071 3081 3062 3074 3061 
598 1 1 5 0 5 0 2 2 6 4 8 5 19 3462 3454 3471 3463 3453 3443 3475 3444 3472 3531 3532 2927 2917 3541 3522 3549 3540 3553 3550 
599 1 1 6 0 5 0 2 2 8 4 8 5 20 3610 3619 3628 3609 2982 3618 3631 3601 3600 3707 3709 3697 3678 3688 3696 3679 3706 3065 3676 3687 
600 0 0 5 0 5 5 1 1 6 4 8 8 19 329 331 346 321 328 338 341 319 350 340 347 428 418 416 425 406 419 398 409 
601 0 0 6 0 5 5 1 1 8 4 8 8 20 407 497 475 484 496 506 485 494 503 476 487 564 554 575 585 563 573 582 555 572 
602 0 1 5 0 5 5 1 2 7 4 8 8 19 945 972 973 955 942 964 954 975 1052 1020 1030 399 1024 1042 1043 1033 1021 1112 1121 
603 0 1 7 0 5 5 1 2 8 4 8 8 20 1099 1108 1128 1102 1118 1109 1119 1100 504 1131 1103 1180 1178 1190 1209 1177 1206 1197 1181 583 
604 1 0 5 0 5 5 2 1 6 4 8 8 19 2828 2819 2841 2821 2838 2850 2840 2847 2831 2830 2918 2916 2915 2925 2907 2908 2897 2919 2899 
605 1 0 6 0 5 5 2 1 8 4 8 8 20 2909 2984 3006 3003 2977 2985 2996 3004 2987 2997 2994 2975 3054 3075 3082 3073 3072 3064 3084 3063 
606 1 1 5 0 5 5 2 2 6 4 8 8 20 3452 2846 3442 3464 3473 3465 3445 3455 3474 3552 2906 3520 3543 2924 3533 2928 3523 3530 3521 3542 
607 1 1 6 0 5 5 2 2 8 4 8 8 20 3551 3599 3620 3621 2993 2974 3611 3598 3007 3630 3629 3608 3689 3677 3698 3680 3686 3699 3708 3085 
608 0 0 5 4 0 0 1 1 7 8 4 5 19 355 360 373 353 362 370 352 371 351 361 431 429 449 461 430 448 433 508 536 
609 0 0 7 4 0 0 1 1 8 8 4 5 20 530 528 527 509 540 507 517 518 526 511 606 605 609 597 587 596 618 614 586 615 
610 0 1 5 4 0 0 1 2 6 8 4 5 19 978 987 1006 383 364 380 997 1007 986 996 442 458 1086 1076 1067 1057 1085 1066 1077 
611 0 1 6 4 0 0 1 2 8 8 4 5 20 1155 1133 1132 1154 537 1142 1135 520 1163 1145 1164 1241 1233 1220 1223 1210 1212 1232 1211 1242 
612 1 0 5 4 0 0 2 1 6 8 4 5 19 2870 2851 2880 2873 2882 2860 2854 2852 2861 2930 2933 2942 2938 2939 439 2958 2948 2951 2961 
613 1 0 6 4 0 0 2 1 8 8 4 5 20 2929 3017 3021 3027 3030 3028 3008 3009 3040 3036 3037 3087 3095 3086 3115 3108 3107 3114 3106 3105 
614 1 1 5 4 0 0 2 2 6 8 4 5 19 3488 977 2864 2883 3487 3497 3496 3509 3479 3507 3506 3478 3585 3557 3566 1056 3575 3565 3584 
615 1 1 6 4 0 0 2 2 8 8 4 5 20 3556 3644 3654 3643 3018 3634 3662 3635 3653 3663 3118 3741 3742 3713 3096 3732 3731 3722 3712 3099 
616 0 0 5 4 0 5 1 2 6 8 4 8 19 381 382 384 374 372 385 354 375 365 363 441 440 450 463 1064 453 459 452 432 
617 0 0 6 4 0 5 1 2 8 8 4 8 20 462 443 521 519 510 541 539 1144 529 531 538 589 617 608 607 598 619 616 588 599 
618 0 2 5 4 0 5 1 2 7 8 4 8 19 998 1009 1008 976 999 988 979 1084 1065 1074 1075 1054 1055 1058 1068 1078 1087 1136 1162 
619 0 2 7 4 0 5 1 2 8 8 4 8 20 1146 1153 1156 1134 1143 1152 1137 1165 1240 1221 1214 1243 1234 1213 1231 1222 1225 1230 1224 1215 
620 1 0 5 4 0 5 2 1 6 8 4 8 19 2853 2862 2871 2855 2884 2865 2874 2872 2881 2863 2940 2941 2953 2932 460 451 2960 2950 2949 
621 1 0 6 4 0 5 2 1 8 8 4 8 20 2952 2943 2962 2959 2931 3010 3011 3038 3029 3041 3020 3019 3039 3116 3117 3098 3088 3089 3109 3097 
622 1 1 5 4 0 5 2 2 6 8 4 8 19 989 3489 3477 3498 3476 3486 3508 3499 3480 3577 3554 3576 3587 3558 3574 3586 3567 3564 3555 
623 1 1 6 4 0 5 2 2 8 8 4 8 20 3665 3664 3633 3645 3655 3636 3642 3632 3652 3740 3714 3721 3710 3743 3733 3711 3730 3723 3720 3119 
624 0 0 5 4 4 0 2 2 7 8 8 5 19 367 377 376 980 358 386 389 368 454 455 434 445 467 437 465 446 464 436 524 
625 0 0 7 4 4 0 2 2 8 8 8 5 20 543 544 523 1166 1151 534 514 515 533 612 593 621 603 602 591 1229 622 1226 610 590 
626 0 2 5 4 4 0 2 2 6 8 8 5 19 1000 1013 984 990 981 1003 1010 993 1060 1063 1070 1089 1088 1082 1073 1069 1079 1092 1059 
627 0 2 6 4 4 0 2 2 8 8 8 5 20 1071 1170 1167 1160 1139 1157 1148 1158 3668 1138 1147 1168 1216 1217 1235 1236 1239 1248 1244 1245 
628 2 0 5 4 4 0 2 2 6 8 8 5 19 2867 2876 2887 3513 2889 2885 2858 2877 2886 2857 3572 2946 2967 2935 2963 2945 3591 2954 2964 
629 2 0 6 4 4 0 2 2 8 8 8 5 20 2936 2955 3012 3043 3024 3025 3034 3033 3015 3013 3646 3042 3112 3121 3102 3111 3103 3090 3093 3724 
630 2 2 5 4 4 0 2 2 7 8 8 5 19 3484 3512 3491 3500 3481 3494 3503 3490 3579 3581 3559 3569 3590 3560 3578 3562 3568 3656 3647 
631 2 2 7 4 4 0 2 2 8 8 8 5 20 3650 3669 3666 3637 3641 3659 3638 3745 3735 3748 3734 3726 3716 3746 3728 3744 3738 3725 3719 3715 
632 0 0 5 4 4 5 2 2 7 8 8 8 19 1011 379 1005 359 388 387 356 369 366 378 357 457 456 447 466 438 444 435 532 
633 0 0 7 4 4 5 2 2 8 8 8 8 20 512 535 542 516 522 513 545 525 623 600 592 594 604 620 601 595 611 613 3122 1237 
634 0 2 5 4 4 5 2 2 6 8 8 8 19 982 995 1002 1004 991 1001 983 992 994 1014 985 1012 1062 1091 1081 3582 1083 1061 1093 
635 0 2 6 4 4 5 2 2 8 8 8 8 20 1090 1080 1072 1169 1161 1159 1150 1140 1141 1171 1149 3649 1246 1218 1249 1227 1228 1219 1238 1247 
636 2 0 5 4 4 5 2 2 7 8 8 8 19 2875 2888 2879 2868 2869 2859 2866 2878 2856 2957 2966 2947 2934 2956 3588 2944 2937 2965 3045 
637 2 0 7 4 4 5 2 2 8 8 8 8 20 3026 3044 3023 3022 3035 3014 3032 3016 3031 3091 3094 3100 3120 3092 3113 3110 3101 3123 3727 3104 
638 2 2 5 4 4 5 2 2 6 8 8 8 20 3483 3514 3501 3511 3495 3493 3485 3492 3482 3505 3510 3504 3502 3583 3563 3592 3570 3573 3561 3580 
639 2 2 6 4 4 5 2 2 8 8 8 8 20 3589 3571 3670 3651 3640 3639 3667 3657 3658 3648 3660 3661 3749 3718 3736 3737 3729 3717 3739 3747 
640 0 2 0 0 0 0 2 3 2 4 5 5 19 1273 1260 1252 1270 1261 1282 1269 1279 1360 1358 1357 1339 1351 1359 1329 1347 1348 1338 1330 
641 0 2 2 0 0 0 2 3 4 4 5 5 20 1426 1417 1436 1435 1439 3925 3916 1416 1429 1408 1407 1513 1507 1514 1486 1505 1517 1494 1485 1495 
642 0 3 0 0 0 0 2 8 3 4 5 5 19 1251 1906 1896 1874 1884 1877 1886 1905 1887 1895 1964 1952 1984 1962 1965 1974 1955 1983 2063 
643 0 3 3 0 0 0 2 8 4 4 5 5 20 2040 2030 2031 2043 2050 2034 2051 2062 2053 2138 2121 2141 2119 2131 2112 2118 2109 2108 2128 1504 
644 2 2 0 0 0 0 2 4 2 4 5 5 19 3769 3763 3761 3750 3782 3773 3751 3778 3770 3760 3779 3847 3838 3856 3860 3851 3857 3829 3848 
645 2 2 2 0 0 0 2 4 4 4 5 5 20 3839 3935 3926 3917 3927 3920 3908 3938 3929 3907 3995 3985 4005 4014 4017 3994 3986 4015 4004 4631 
646 2 4 0 0 0 0 2 8 2 4 5 5 19 4406 4405 4374 4375 4394 4385 4384 4396 4387 4397 4377 4484 4452 4472 4475 4465 4474 4462 4483 
647 2 4 2 0 0 0 2 8 4 4 5 5 20 4453 4553 4531 4534 4552 4543 4540 4562 4530 4541 4621 4640 4618 4629 4609 4608 4612 4630 4628 4641 
648 0 2 0 0 0 5 1 4 2 4 5 8 19 1250 1272 1280 1253 1885 1271 1283 1281 1262 1263 1904 1331 1361 1328 1350 1985 1349 1341 1340 
649 0 2 2 0 0 5 1 4 4 4 5 8 20 1419 1406 1428 1437 1438 1427 2045 1409 1418 1497 1484 1487 2123 2133 1515 2129 1496 1516 2110 1506 
650 0 4 0 0 0 5 1 8 3 4 5 8 19 1888 1875 1894 1907 1879 1878 1876 1897 1957 1954 1956 1982 1953 1975 1972 1966 1963 1973 2061 
651 0 4 3 0 0 5 1 8 4 4 5 8 20 2064 2044 2035 2054 2032 2060 2052 2041 2042 2033 2120 2132 2139 2113 2142 2122 2130 2111 2143 2140 
652 1 2 0 0 0 5 2 4 2 4 5 8 19 3783 3772 3753 3771 4404 3781 3762 3780 3752 3831 3841 3861 4456 4476 3840 3858 3828 3850 3859 
653 1 2 2 0 0 5 2 4 4 4 5 8 20 3849 3830 3928 3906 3936 3939 3937 3919 3909 4545 3918 3997 4006 3987 3984 4639 4007 4016 3996 4623 
654 1 4 0 0 0 5 2 8 2 4 5 8 19 4407 4386 4395 4379 4378 4389 4388 4398 4376 4466 4473 4482 4485 4455 4457 4454 4464 4467 4463 
655 1 4 2 0 0 5 2 8 4 4 5 8 20 4544 4535 4551 4533 4554 4532 4561 4550 4563 4560 4542 4632 4619 4611 4638 4642 4620 4610 4613 4622 
656 0 2 0 0 5 0 1 4 2 4 8 5 19 1254 1276 1264 1257 1266 1267 1277 1286 1285 1342 1363 1333 1986 1989 1343 1968 1354 1332 1355 
657 0 2 2 0 5 0 1 4 4 4 8 5 20 1335 1345 1364 1441 1423 1432 1412 1410 1433 1442 1520 1510 1511 1492 1489 1498 2116 1501 1490 1488 
658 0 4 0 0 5 0 1 8 2 4 8 5 19 1880 1898 1899 1893 1891 1883 1902 1890 1911 1881 1908 1889 1900 1959 1980 1958 1967 1961 1976 
659 0 4 2 0 5 0 1 8 4 4 8 5 20 1969 1971 2046 2038 2037 2066 2057 2067 2047 2065 2055 2059 2068 2145 2115 2135 2125 2134 2124 2144 
660 1 2 0 0 5 0 2 4 3 4 8 5 19 3776 4381 3766 3757 3767 3786 3785 3754 3855 3832 4459 3835 3845 3844 3863 3864 3854 3941 3923 
661 1 2 3 0 5 0 2 4 4 4 8 5 20 3932 3913 3933 3942 3910 3922 1411 4556 4555 1420 4008 4021 4020 3998 4624 3991 4643 4011 4000 3988 
662 1 4 0 0 5 0 2 8 2 4 8 5 19 4408 4390 4412 4399 4401 4400 4393 4380 4410 4409 4478 4488 4490 4469 4487 4486 4481 4479 1977 
663 1 4 2 0 5 0 2 8 4 4 8 5 20 4477 4458 4471 4468 4565 4559 4537 4546 4564 4547 4568 4536 2056 4635 4615 4637 4634 4646 4625 4633 
664 0 2 0 0 5 5 2 3 3 4 8 8 19 1275 1255 1274 1259 1256 1287 1268 1265 1258 1353 1337 1344 1346 1334 1336 1356 1362 1352 1431 
665 0 2 3 0 5 5 2 3 4 4 8 8 20 1440 1414 1415 3940 1430 1421 1413 1425 1424 1443 1499 1508 1503 1512 1502 1521 1493 1500 1509 1518 
666 0 3 0 0 5 5 2 8 2 4 8 8 19 1910 1903 1892 1882 1278 1284 1913 1912 1901 1909 1365 1987 1960 1990 1991 1981 1970 1988 1978 
667 0 3 2 0 5 5 2 8 4 4 8 8 20 1979 2049 1422 1434 4539 2058 2048 2036 2069 2039 2127 2136 2126 2114 2117 2146 1491 2137 2147 1519 
668 2 2 0 0 5 5 2 3 3 4 8 8 19 3775 3756 3764 3787 3777 3765 3759 3758 3774 3784 3837 3834 3843 3852 3865 3842 3836 3833 3943 
669 2 2 3 0 5 5 2 3 4 4 8 8 20 3914 3915 3934 3911 3921 3931 3930 3992 4009 4012 4019 3989 4022 4013 3993 4010 4018 3999 3990 4001 
670 2 3 0 0 5 5 2 8 3 4 8 8 20 4383 4413 3768 4391 4392 4382 4403 4402 3755 4411 3846 3862 3853 4480 4461 4489 4491 4460 4470 4549 
671 2 3 3 0 5 5 2 8 4 4 8 8 20 4569 4548 3924 3912 4557 4558 4567 4538 4566 4644 4626 4627 4617 4616 4645 4614 4647 4003 4636 4002 
672 0 2 0 4 0 0 1 3 3 8 5 5 19 1310 1288 1289 1301 1320 1290 1298 1292 1311 1376 1388 1379 1389 1399 1367 1370 1366 1457 1454 
673 0 2 3 4 0 0 1 3 4 8 5 5 20 1477 1467 1446 1448 1476 1464 1466 1445 1535 1526 1532 1542 1522 1523 1533 1555 1554 1524 1545 1557 
674 0 3 0 4 0 0 1 8 2 8 5 5 19 1915 1934 1914 1942 1924 1943 1933 1927 1946 1923 1936 2022 1398 2025 2013 2015 2003 2021 1992 
675 0 3 2 4 0 0 1 8 4 8 5 5 20 2002 2012 1993 2090 2103 2100 2099 2072 2080 1444 2091 2081 2071 2150 2179 2170 2160 2169 2151 2178 
676 1 2 0 4 0 0 2 4 2 8 5 5 19 3788 3820 3811 3798 3819 3801 3791 3810 3876 3888 4494 3869 4524 3867 3889 3897 3898 3866 3879 
677 1 2 2 4 0 0 2 4 4 8 5 5 20 3948 3954 3957 3967 3966 3944 3976 3945 4024 4036 4052 4055 4045 4032 4042 4033 4025 4027 4023 4034 
678 1 4 0 4 0 0 2 8 3 8 5 5 19 4415 4433 4443 4434 4435 4446 4424 4437 4425 4503 4502 4522 4513 4521 4493 4515 4512 4511 4599 
679 1 4 3 4 0 0 2 8 4 8 5 5 20 4572 4600 4581 4590 4601 4580 4593 4591 4571 4658 4669 4678 4650 4681 4649 4668 4659 4679 4671 4677 
680 0 2 0 4 0 5 1 3 2 8 5 8 19 1319 1303 1300 1293 1312 1299 1308 1291 1318 1309 1321 1368 1378 1386 1369 1377 1371 1397 1390 
681 0 2 2 4 0 5 1 3 4 8 5 8 20 1381 1396 1380 1468 1447 1478 1456 1458 1455 1474 1449 1536 1552 1537 1525 1543 1556 1553 1544 1546 
682 0 3 0 4 0 5 1 8 3 8 5 8 19 1302 1916 1935 1925 1926 1947 1917 1937 1945 1944 2014 2023 2024 1995 2004 1994 1465 1459 2102 
683 0 3 3 4 0 5 1 8 4 8 5 8 20 2070 1475 2093 2101 2092 2073 2083 2082 2161 2171 2168 2159 2180 2148 2158 2149 1527 2181 2152 1534 
684 1 2 0 4 0 5 2 3 2 8 5 8 19 3808 3821 3792 3789 3790 3799 3800 3809 3793 3818 3868 3887 1387 3871 3878 3870 3890 3881 3877 
685 1 2 2 4 0 5 2 3 4 8 5 8 20 3886 3899 3968 3956 3977 3959 3975 3965 3949 3947 3946 4044 4054 4035 4053 4046 4037 4026 4047 4056 
686 1 3 0 4 0 5 2 8 2 8 5 8 19 3802 4447 4416 4436 4417 4414 3812 4427 4445 4426 4444 4525 3896 4504 3880 4505 2005 4495 4523 
687 1 3 2 4 0 5 2 8 4 8 5 8 20 4514 4492 4583 4603 4573 3955 3964 3974 4570 4582 3958 4602 4592 4648 4660 4651 4661 4670 4680 4043 
688 0 2 0 4 5 0 1 3 2 8 8 5 19 1304 1326 1323 1305 1314 1294 1307 1322 1313 1295 1324 1391 1382 1400 1395 1401 1383 1373 1392 
689 0 2 2 4 5 0 1 3 4 8 8 5 20 1473 1482 1451 1461 1480 1479 1452 1470 1460 1547 1558 1538 1560 1529 1539 1530 1559 1551 1549 1548 
690 0 3 0 4 5 0 1 8 3 8 8 5 19 1317 1949 1918 1939 1931 1948 1940 1930 1921 2019 1404 2028 1999 1996 2009 2018 2006 2074 2084 
691 0 3 3 4 5 0 1 8 4 8 8 5 20 2107 2106 2097 2078 2076 2096 2087 2075 1469 2153 2163 2185 2157 2166 2182 2154 2172 2173 2175 2162 
692 1 2 0 4 5 0 2 3 2 8 8 5 19 3804 3816 3794 3803 3824 3822 3795 3823 3826 3813 3873 3872 3904 3882 3901 3895 3892 3900 3891 
693 1 2 2 4 5 0 2 3 4 8 8 5 20 3885 3969 3979 3973 3963 3961 3960 3982 3951 3978 3970 4048 4057 4049 4039 4030 4061 4040 4058 4059 
694 1 3 0 4 5 0 2 8 2 8 8 5 19 4440 3814 3807 4421 4449 4430 4450 4431 1920 4428 4418 4441 4527 4506 4499 4519 4518 4528 4496 
695 1 3 2 4 5 0 2 8 4 8 8 5 20 4509 4575 4584 4606 4577 4605 4574 3950 4597 4596 4587 4675 4683 4665 4674 4684 4652 4654 4653 4662 
696 0 2 0 4 5 5 2 4 2 8 8 8 19 1306 1919 1928 1296 1297 1325 1315 1316 1327 1372 1393 1402 1405 1375 2007 1403 1374 1394 1384 
697 0 2 2 4 5 5 2 4 4 8 8 8 20 2010 1385 1481 1463 1483 1471 2077 3962 1462 1450 1453 1472 1561 1541 2177 1550 1528 2174 1531 1540 
698 0 4 0 4 5 5 2 8 2 8 8 8 19 1938 1929 1950 1941 1951 1932 1922 2000 1997 2011 2017 1998 2026 2029 2027 2001 2020 2016 2008 
699 0 4 2 4 5 5 2 8 4 8 8 8 20 2079 2085 2094 2098 2088 2086 2095 2089 2105 2104 2183 2186 2167 2164 2176 2184 2156 2165 2155 2187 
700 2 2 0 4 5 5 2 4 2 8 8 8 19 3796 4419 3825 4438 3805 4422 3797 3827 3817 3815 3806 3893 4498 3903 3884 3902 3883 3905 3875 
701 2 2 2 4 5 5 2 4 4 8 8 8 20 4510 3874 3894 3952 3983 3980 3971 3981 3953 3972 4028 4050 4029 4031 4051 4685 4038 4041 4667 4060 
702 2 4 0 4 5 5 2 8 3 8 8 8 20 4448 4451 4423 4442 4439 4420 4432 4429 4508 4500 4497 4501 4526 4516 4529 4520 4517 4507 4588 4607 
703 2 4 3 4 5 5 2 8 4 8 8 8 20 4595 4604 4594 4578 4585 4589 4586 4579 4598 4576 4655 4673 4656 4682 4663 4676 4666 4664 4672 4657 
704 0 2 4 0 0 0 1 4 6 5 4 5 19 1595 1592 1583 2198 1563 1573 1591 1593 1582 1564 1643 1661 2284 1662 1653 1650 1642 1671 1652 
705 0 2 6 0 0 0 1 4 8 5 4 5 20 1670 1721 1718 1728 1749 1739 1730 1748 1720 1740 2366 2362 1796 1799 1818 1817 2444 1808 1806 1827 
706 0 4 4 0 0 0 1 8 6 5 4 5 19 2207 2197 2206 2199 2210 2219 2191 2188 2216 2269 2297 2288 2279 2286 2266 2276 2294 2285 2275 
707 0 4 6 0 0 0 1 8 8 5 4 5 20 2267 2357 2373 2354 2363 2372 2375 2345 2344 2353 2355 2441 2450 2452 2433 2422 2451 2423 2435 2432 
708 1 2 4 0 0 0 2 4 7 5 4 5 19 4065 4074 4092 4062 4064 4083 4073 4082 4093 4161 4170 4765 4777 4142 4152 4171 4143 4151 4221 
709 1 2 7 0 0 0 2 4 8 5 4 5 20 4220 4240 4248 4228 1731 4866 4862 4230 4239 4249 4299 4319 4318 4307 4328 4296 4327 4306 1809 4309 
710 1 4 4 0 0 0 2 8 6 5 4 5 19 4696 4727 4690 4706 4718 4709 4719 4697 4686 4699 4687 4775 4796 4764 4784 4768 4774 4787 4797 
711 1 4 6 0 0 0 2 8 8 5 4 5 20 4853 4856 4854 4875 4872 4863 4844 4847 4935 4932 4925 4944 4941 4953 4922 4923 4950 4931 4940 2431 
712 0 2 4 0 0 5 2 4 6 5 4 8 19 4095 1594 1584 2208 1565 1575 1585 1574 1562 1572 4163 1641 1663 1672 1640 1644 1651 1660 1673 
713 0 2 6 0 0 5 2 4 8 5 4 8 20 1722 1751 1732 1719 1738 2364 1729 1750 1741 1816 1797 1828 1807 1810 1819 1798 1800 1829 4308 1826 
714 0 4 4 0 0 5 2 8 6 5 4 8 19 2221 4698 2201 2209 2218 2211 2217 2190 2200 2220 2189 2295 2299 2298 4776 2289 2296 2287 2277 
715 0 4 6 0 0 5 2 8 8 5 4 8 20 2278 2268 2367 2374 2377 2346 2356 2376 2347 2365 2443 2442 2454 2425 2445 4924 2453 2455 2434 2424 
716 2 2 4 0 0 5 2 4 7 5 4 8 19 4075 4094 4063 4720 4066 4085 4084 4072 4172 4141 4162 4150 4144 4173 4779 4160 4153 4140 4218 
717 2 2 7 0 0 5 2 4 8 5 4 8 20 4229 4238 4241 4251 4874 4219 4231 4250 4222 4300 4320 4310 4317 4329 4301 4297 4316 4945 4298 4326 
718 2 4 4 0 0 5 2 8 6 5 4 8 19 4708 4701 4710 4716 4717 4691 4689 4700 4707 4688 4798 4786 4766 4794 4788 4767 4789 4795 4769 
719 2 4 6 0 0 5 2 8 8 5 4 8 20 4778 4785 4845 4867 4864 4846 4855 4857 4877 4873 4865 4876 4933 4943 4952 4934 4942 4955 4951 4954 
720 0 2 4 0 4 0 2 3 6 5 8 5 19 1579 1589 1568 1599 1570 1598 1567 1566 1576 1588 1649 1677 1664 4167 1656 1646 1654 1667 1658 
721 0 2 6 0 4 0 2 3 8 5 8 5 20 1645 4154 1665 1724 1733 1734 1752 1742 1743 1723 1736 1833 1801 1811 1821 1820 1805 1814 1802 1812 
722 0 3 4 0 4 0 2 8 7 5 8 5 19 2213 2194 2223 2195 2204 2222 2203 2300 1655 1674 2272 2273 2291 2292 2301 2282 2281 2370 1746 
723 0 3 7 0 4 0 2 8 8 5 8 5 20 2379 2369 1727 2351 2360 1755 2378 2350 2447 2429 2428 2456 2426 1830 2448 2457 2439 2438 1824 4937 
724 2 2 4 0 4 0 2 3 7 5 8 5 19 4077 4098 4069 4089 4068 4067 4078 4086 4099 4177 4155 4158 4146 4145 4176 4164 4149 4174 4242 
725 2 2 7 0 4 0 2 3 8 5 8 5 20 4232 4234 4252 4245 4236 4227 4224 4255 4233 4303 4324 4315 4334 4321 4331 4311 4330 4322 4312 4302 
726 2 3 4 0 4 0 2 8 6 5 8 5 19 4712 4076 4070 4080 4703 4702 4715 4721 4694 4713 4693 4722 4724 4711 4803 4799 4793 4790 4772 
727 2 3 6 0 4 0 2 8 8 5 8 5 20 4801 4781 4771 4780 4800 4859 4879 4869 4851 4223 4860 4850 4878 4938 4928 4948 4956 4947 4929 4957 
728 0 2 4 0 4 5 1 3 6 5 8 8 19 1581 1577 1600 1571 1586 1587 1596 1569 1580 1590 1669 1647 1648 1666 1678 1676 1659 1675 1679 
729 0 2 6 0 4 5 1 3 8 5 8 8 20 1657 1668 1753 1744 1747 1726 1735 1725 1757 1754 1756 1831 1832 1825 1822 1803 1835 1834 1823 1813 
730 0 3 4 0 4 5 1 8 6 5 8 8 19 2202 2215 2196 2224 2205 2192 2225 2212 2214 2193 2271 2280 2290 2274 2270 2303 2283 2302 2293 
731 0 3 6 0 4 5 1 8 8 5 8 8 20 2358 2368 2348 2371 2352 2349 1737 2381 2361 2380 2359 2449 2446 2427 2458 2440 2430 2436 2437 1815 
732 1 2 4 0 4 5 2 3 6 5 8 8 19 4100 4087 1597 1578 4091 4097 4096 4079 4088 4148 4156 4175 4157 4165 4166 4147 4159 4169 4168 
733 1 2 6 0 4 5 2 3 8 5 8 8 20 4247 4256 4226 4243 4254 4235 4246 4253 4225 1745 4244 4323 4305 4314 4335 4332 4333 4313 1804 4304 
734 1 3 4 0 4 5 2 8 7 5 8 8 20 4725 4704 4723 4081 4071 4090 4695 4714 4692 4705 4783 4802 4178 4792 4770 4791 4773 4782 4868 4861 
735 1 3 7 0 4 5 2 8 8 5 8 8 20 4858 4881 4870 4880 4237 4849 4848 4852 4871 4958 4946 4959 4927 4930 4926 4939 4936 4325 4949 2459 
736 0 2 4 5 0 0 1 3 6 8 4 5 19 1614 1621 1613 1630 1633 1620 1624 1602 1601 1605 1612 1690 1711 1683 1698 1691 1702 1680 1699 
737 0 2 6 5 0 0 1 3 8 8 4 5 20 1693 1708 1689 1776 1768 1758 1767 1761 1777 1780 1759 1855 1858 1836 1846 1837 1854 1845 1864 1867 
738 0 3 4 5 0 0 1 8 7 8 4 5 19 2229 1611 2256 2257 2248 2228 2226 2239 2238 2247 2325 2307 2334 2326 2316 2304 2335 2317 2382 
739 0 3 7 5 0 0 1 8 8 8 4 5 20 1771 2395 2413 1786 1789 2394 2404 2385 2403 2482 2481 2492 2472 2463 2491 2473 1849 2460 2461 1865 
740 1 2 4 5 0 0 2 3 7 8 4 5 19 4105 4101 4114 4133 4111 4130 4112 4123 4110 4102 4120 4121 4189 4199 4211 4192 4183 4208 4268 
741 1 2 7 5 0 0 2 3 8 8 4 5 20 4286 4269 4261 4271 4290 4287 4278 4277 4258 4267 4257 4359 4337 4346 4364 4336 4356 4365 4355 4347 
742 1 3 4 5 0 0 2 8 7 8 4 5 19 4737 4746 4756 4759 4747 4755 4728 4736 4198 4825 4179 4180 4807 4806 4835 4816 4834 4826 4882 
743 1 3 7 5 0 0 2 8 8 8 4 5 20 4913 4885 4895 4904 4894 4884 4281 4892 4912 4903 4991 4982 4960 4973 4972 4963 4961 4368 4981 4990 
744 0 2 4 5 0 5 1 4 6 8 4 8 19 1632 1635 2236 1634 1623 1622 1625 1603 1631 1604 1615 1692 1682 1713 1703 1709 1681 1700 1712 
745 0 2 6 5 0 5 1 4 8 8 4 8 20 1779 1788 1778 1787 1769 1791 1781 1770 1760 1790 1868 1838 1847 1857 1866 1856 1869 1859 1848 1839 
746 0 4 4 5 0 5 1 8 7 8 4 8 19 2237 2240 2246 2258 2230 2249 2227 2337 2314 2324 2336 2318 2306 2315 2308 2305 2327 2414 2386 
747 0 4 7 5 0 5 1 8 8 8 4 8 20 2383 2415 2396 2405 2412 2402 2392 2384 2393 2387 2462 2464 2471 2493 2470 2465 2483 2474 2490 2480 
748 1 2 4 5 0 5 2 3 6 8 4 8 19 4122 4113 4115 4131 4104 4135 4132 4125 4103 4124 4190 4210 4213 1701 4182 1710 4181 4191 4202 
749 1 2 6 5 0 5 2 3 8 8 4 8 20 4209 4201 4212 4193 4200 4279 4288 4280 4289 4291 4260 4270 4357 4339 4369 4358 4367 4366 4338 4349 
750 1 3 4 5 0 5 2 8 6 8 4 8 19 4748 4726 4134 2259 4739 4758 4749 4738 4729 4757 4824 4817 4814 4203 4805 4815 4804 4837 4827 
751 1 3 6 5 0 5 2 8 8 8 4 8 20 4808 4836 4893 4886 4883 4915 4914 4259 4905 4902 4992 4983 4974 4993 4971 4980 4964 4962 4970 4348 
752 0 2 4 5 4 0 1 4 7 8 8 5 19 1606 2244 1627 1618 1609 1617 1637 1636 1608 1714 1686 1687 1705 1696 1695 1715 1706 2341 1792 
753 0 2 7 5 4 0 1 4 8 8 8 5 20 1784 1765 1774 1764 2388 2410 2391 1783 1793 1762 1861 1852 1871 1853 1862 2476 2475 1842 1843 1870 
754 0 4 4 5 4 0 1 8 6 8 8 5 19 2251 2263 2260 2235 2250 2232 2261 2231 2241 2332 2322 2320 2338 2328 2310 2329 2313 2339 2319 
755 0 4 6 5 4 0 1 8 8 8 8 5 20 2309 2389 2407 2416 2408 2406 2397 2398 2399 2419 2497 2488 2479 2485 2494 2466 2467 2469 2484 2486 
756 1 2 4 5 4 0 2 4 6 8 8 5 19 4126 4117 4127 4136 4106 4109 4108 4118 4753 4743 4139 4195 4205 4217 4813 4204 4196 4187 4215 
757 1 2 6 5 4 0 2 4 8 8 8 5 20 4214 4186 4283 4264 4274 4275 4262 4265 4891 4293 4284 4294 4343 4353 4372 4371 4340 4360 4352 4362 
758 1 4 4 5 4 0 2 8 7 8 8 5 19 4740 4730 4734 4762 4731 4752 4810 4831 4829 4839 4809 4838 4841 4819 4828 4818 4822 4887 4897 
759 1 4 7 5 4 0 2 8 8 8 8 5 20 4888 4906 4919 4900 4896 4889 4917 4916 4907 4985 4988 4997 4984 4965 4976 4975 4978 4994 4969 4966 
760 0 2 4 5 4 5 2 4 6 8 8 8 19 1619 2265 1616 1628 1610 1607 1629 1638 1626 1639 1694 1697 1704 1707 1688 1716 1684 1685 1717 
761 0 2 6 5 4 5 2 4 8 8 8 8 20 1795 1782 1775 1794 1773 2401 1785 1766 1763 1772 1850 1860 1844 1841 1840 1872 1863 2487 1873 1851 
762 0 4 4 5 4 5 2 8 6 8 8 8 19 2242 2264 2254 2243 2253 2233 2234 2262 2245 2252 2255 2340 2343 2323 2311 2342 4821 4830 2312 
763 0 4 6 5 4 5 2 8 8 8 8 8 20 2331 2330 2333 2321 2390 2417 2411 2420 2418 2409 2421 2400 2498 2477 2489 2478 2495 2499 2496 2468 
764 2 2 4 5 4 5 2 4 7 8 8 8 19 4137 4754 4732 4116 4138 4129 4119 4128 4107 4185 4820 4206 4184 4197 4207 4188 4194 4216 4292 
765 2 2 7 5 4 5 2 4 8 8 8 8 20 4263 4272 4911 4282 4266 4285 4276 4295 4273 4350 4341 4370 4354 4363 4373 4361 4344 4345 4342 4351 
766 2 4 4 5 4 5 2 8 7 8 8 8 20 4735 4741 4733 4742 4750 4761 4751 4744 4763 4760 4745 4840 4812 4823 4833 4811 4842 4832 4843 4901 
767 2 4 7 5 4 5 2 8 8 8 8 8 20 4898 4908 4921 4910 4918 4899 4890 4909 4920 4967 4987 4995 4996 4979 4968 4986 4998 4989 4977 4999 
768 2 0 0 0 0 0 4 1 2 4 5 5 19 5010 5032 5020 5029 5001 5011 5023 5002 5107 7579 5101 5088 5108 5097 5080 5110 5079 5089 5098 
769 2 0 2 0 0 0 4 1 5 4 5 5 20 5166 5186 5185 5167 5176 5157 5179 5158 5236 5257 5267 5264 5245 5254 5235 5244 5265 7744 5263 5255 
770 2 1 0 0 0 0 4 2 3 4 5 5 19 5624 5019 5656 5645 5637 5636 5634 5655 5627 5646 5724 5705 5715 5702 5712 5734 5714 5733 5803 
771 2 1 3 0 0 0 4 2 5 4 5 5 20 5802 5792 5793 5811 5812 5780 5189 5800 5790 5783 5781 5878 5881 5858 5891 5861 5869 5890 5868 5871 
772 4 0 0 0 0 0 8 1 2 4 5 5 19 7513 7520 7510 7500 7501 7523 7528 7529 7519 7521 7511 7532 7588 7601 7589 7608 7597 7607 7610 
773 4 0 2 0 0 0 8 1 5 4 5 5 20 7598 7606 7667 7685 7657 7666 7679 7686 7676 7675 7658 7754 7753 7745 7764 7763 7757 7736 7735 7766 
774 4 1 0 0 0 0 8 2 3 4 5 5 19 8155 8156 8137 8124 8147 8146 8125 8127 8134 8202 8203 8215 8213 8225 8234 8224 8212 8312 8281 
775 4 1 3 0 0 0 8 2 5 4 5 5 20 8280 8284 8313 8303 7688 8302 8293 8290 8291 8368 8369 8380 8390 8378 8371 8391 8362 8381 8359 8358 
776 2 0 0 0 0 5 4 2 2 4 5 8 19 5000 7531 5031 5629 5013 5625 5654 5033 5021 5030 5012 5003 5022 5081 5099 5090 5091 5078 5111 
777 2 0 2 0 0 5 4 2 5 4 5 8 20 5100 5093 5707 5723 5109 5168 5188 5177 5169 5187 5178 5156 5159 5246 5247 5234 5266 5237 5256 5888 
778 2 2 0 0 0 5 4 2 3 4 5 8 19 5644 5647 5626 5635 5628 5638 5657 5704 5732 5716 5713 8205 5725 5706 5703 5722 5735 5810 5791 
779 2 2 3 0 0 5 4 2 5 4 5 8 20 5785 5794 5813 5782 5784 5801 5862 5889 5860 5859 5880 5882 5892 5883 5873 5872 5863 8370 5870 5879 
780 4 0 0 0 0 5 8 2 3 4 5 8 19 7512 7533 8126 7503 7502 7522 7530 8145 7600 8235 7581 7590 7611 7599 7580 7609 7578 7591 7669 
781 4 0 3 0 0 5 8 2 5 4 5 8 20 7687 7656 7678 7677 7689 7668 8295 7659 7749 7767 7747 7734 7746 7756 8373 8382 8388 7737 7755 7765 
782 4 2 0 0 0 5 8 2 2 4 5 8 19 8154 8157 8136 8135 8128 8139 8138 8144 8148 8129 8232 8226 8217 8206 8223 8233 8216 8207 8214 
783 4 2 2 0 0 5 8 2 5 4 5 8 20 8204 8222 8285 8300 8294 8282 8283 8304 8310 8301 8311 8292 8392 8363 8360 8389 8379 8361 8372 8438 
784 2 0 0 0 5 0 3 2 2 4 8 5 19 5630 5004 5007 5026 5652 5036 5035 5027 5014 5017 5095 5730 5104 5082 5709 5085 5105 5113 5083 
785 2 0 2 0 5 0 3 2 5 4 8 5 20 5092 5114 5182 5170 5183 5191 5161 5162 5192 5160 5261 5270 5251 5260 5238 5242 5248 5239 5864 5240 
786 2 2 0 0 5 0 3 2 2 4 8 5 19 5658 5649 5631 5648 5661 5633 5643 5639 5640 5650 5718 5721 5717 5711 5728 5739 5737 5736 5708 
787 2 2 2 0 5 0 3 2 5 4 8 5 20 5806 5804 5805 5816 5795 5786 5799 5808 5787 5796 5814 5815 5874 5865 5893 5897 5894 5887 5875 5884 
788 3 0 0 0 5 0 8 2 3 4 8 5 19 7516 7507 7517 7535 7504 7536 7526 7613 7594 7614 8231 7604 7585 7582 7605 7595 7673 7682 7663 
789 3 0 3 0 5 0 8 2 5 4 8 5 20 7660 7672 5173 7691 8309 8318 8297 7683 7670 7692 7761 7741 7738 7748 7751 8384 7760 7739 7769 7770 
790 3 2 0 0 5 0 8 2 2 4 8 5 19 8149 8162 8143 8131 8140 8130 8150 8159 8158 8153 8219 8237 8218 8227 8229 8240 8209 8236 8208 
791 3 2 2 0 5 0 8 2 5 4 8 5 20 5726 8228 8221 5727 8305 8287 8306 8315 8296 8286 8307 8314 8365 8374 8393 8394 8383 8375 8396 8387 
792 2 0 0 0 5 5 3 1 2 4 8 8 19 5034 5016 5037 5025 5018 5006 5008 5024 5028 5005 5015 5094 5102 5086 5103 5087 5084 5096 5112 
793 2 0 2 0 5 5 3 1 5 4 8 8 20 5106 5175 5163 5190 5171 5165 5164 5172 5193 5174 5184 5253 5271 5249 5262 5252 5259 5269 5258 5243 
794 2 1 0 0 5 5 3 2 3 4 8 8 19 5663 5632 5662 5009 5642 5660 5651 5659 5653 5641 5731 5729 5115 5740 5720 5738 5719 5741 5818 
795 2 1 3 0 5 5 3 2 5 4 8 8 20 5789 5807 5788 5797 5819 5798 5809 5817 5181 5180 5885 5866 5886 5876 5877 5250 5896 5867 5895 5268 
796 3 0 0 0 5 5 8 1 2 4 8 8 19 7508 7515 7505 7524 7506 7537 7509 7518 7514 7534 7527 7587 7584 7612 7586 7583 7603 7615 7592 
797 3 0 2 0 5 5 8 1 5 4 8 8 20 7596 7664 7674 7661 7671 7665 7662 7684 7690 7681 7693 7768 7742 7740 7759 7758 7771 7750 5241 7752 
798 3 1 0 0 5 5 8 2 2 4 8 8 20 8132 8152 8160 7525 8133 8151 8141 8142 8161 8163 7593 8241 8220 7602 8239 5710 8238 8230 8211 8210 
799 3 1 2 0 5 5 8 2 5 4 8 8 20 8299 8288 8289 8319 8317 7680 8298 8308 8316 8397 8395 8366 8367 7762 8376 8377 8364 7743 8386 8385 
800 2 0 0 4 0 0 3 2 2 8 4 5 19 5038 5051 5070 5686 5048 5042 5060 5664 5061 5039 5116 5136 5139 5752 5126 5120 5117 5149 5129 
801 2 0 2 4 0 0 3 2 5 8 4 5 20 5195 5198 5214 5226 5204 5820 5227 5194 5217 5285 5276 5292 5295 5305 5273 5910 5282 5272 5283 5918 
802 2 2 0 4 0 0 3 2 2 8 4 5 19 5684 5692 5693 5673 5677 5696 5683 5665 5674 5774 5742 5751 5770 5772 5764 5771 5755 5762 5761 
803 2 2 2 4 0 0 3 2 5 8 4 5 20 5743 5848 5840 5849 5833 5821 5839 5852 5830 5841 5843 5831 5919 5899 5900 5909 5931 5928 5927 5929 
804 3 0 0 4 0 0 8 1 2 8 4 5 19 7539 7570 7538 7561 7560 7551 7569 7548 7541 7638 5148 5138 7647 7629 7648 7616 7626 7639 7617 
805 3 0 2 4 0 0 8 1 5 8 4 5 20 7716 7704 7707 7698 5207 7695 7726 7717 7694 5304 7776 7773 7805 7794 7795 7772 7785 7804 7782 7774 
806 3 1 0 4 0 0 8 2 2 8 4 5 19 8165 8175 8183 8194 8196 8193 8187 8185 8184 8174 8265 8272 8243 8253 8274 8262 8271 8244 8252 
807 3 1 2 4 0 0 8 2 5 8 4 5 20 8261 8322 8340 8349 8330 8321 8353 8343 8331 8350 8409 8418 8428 8427 8408 8399 8419 8421 8431 8400 
808 2 0 0 4 0 5 3 1 2 8 4 8 19 5040 5069 5068 5062 5059 5050 5058 5052 5049 5041 5071 5119 5147 5131 5127 5118 5137 5146 5130 
809 2 0 2 4 0 5 3 1 5 8 4 8 20 5196 5216 5199 5209 5224 5208 5225 5206 5197 5228 5218 5286 5277 5274 5296 5284 5294 5287 5275 5302 
810 2 1 0 4 0 5 3 2 2 8 4 8 19 5043 5667 5687 5697 5685 5675 5666 5694 5053 5695 5753 5754 5128 5140 5775 5121 5745 5763 5773 
811 2 1 2 4 0 5 3 2 5 8 4 8 20 5744 5765 5823 5205 5822 5215 5842 5850 5853 5851 5832 5908 5930 5920 5921 5293 5911 5303 5898 5901 
812 3 0 0 4 0 5 8 1 2 8 4 8 19 7571 7549 7550 7552 7559 7558 7568 7640 7618 7646 7619 7620 7649 7630 7631 7621 7637 7628 7636 
813 3 0 2 4 0 5 8 1 5 8 4 8 20 7627 7696 7709 7705 7708 7714 7724 7725 7697 7727 7715 7792 7783 7802 7784 7803 7796 7777 7775 7793 
814 3 1 0 4 0 5 8 2 2 8 4 8 19 8176 8177 7562 8164 8186 8167 7540 8166 8197 5676 8195 8245 8275 8273 8242 8264 8263 8255 8254 
815 3 1 2 4 0 5 8 2 5 8 4 8 20 8323 8333 8332 8342 7699 8352 7718 7706 8320 8351 8341 8420 8411 8401 8430 8429 8410 8398 7786 7787 
816 2 0 0 4 4 0 3 1 2 8 8 5 19 5073 5057 5074 5045 5044 5063 5072 5076 5054 5064 5055 5154 5132 5150 5133 5141 5123 5152 5151 
817 2 0 2 4 4 0 3 1 5 8 8 5 20 5145 5223 5202 5229 5211 5219 5210 5201 5232 5297 5307 5308 5279 5298 5301 5280 5310 5289 5299 5288 
818 2 1 0 4 4 0 3 2 2 8 8 5 19 5670 5698 5067 5671 5689 5699 5668 5690 5680 5681 5759 5768 5142 5746 5747 5756 5749 5767 5758 
819 2 1 2 4 4 0 3 2 5 8 8 5 20 5777 5856 5827 5837 5855 5220 5824 5825 5846 5836 5922 5912 5902 5934 5924 5906 5935 5925 5903 5915 
820 3 0 0 4 4 0 8 1 2 8 8 5 19 7564 7545 7557 7544 7572 7573 7576 7566 7553 7554 7563 7641 7642 7622 7623 7654 7651 7635 7632 
821 3 0 2 4 4 0 8 1 5 8 8 5 20 7645 7713 7701 7729 7719 7723 7728 7711 7710 7700 7732 7720 7789 7797 7788 7798 7779 7807 7806 7801 
822 3 1 0 4 4 0 8 2 2 8 8 5 19 8200 8188 8171 8190 8191 8168 8180 8199 8178 8181 7650 8246 8277 8249 8256 8278 8259 8268 8269 
823 3 1 2 4 4 0 8 2 5 8 8 5 20 8337 8347 8327 8325 8334 8344 8324 5845 8355 8346 8356 8422 8415 8425 8412 8424 7810 8434 8403 8402 
824 2 0 0 4 4 5 4 2 2 8 8 8 19 5047 7577 5046 5065 5066 7547 5075 5077 5056 5134 5124 5153 5760 5155 5144 5122 5143 5135 5125 
825 2 0 2 4 4 5 4 2 5 8 8 8 20 5778 5213 5231 5233 5203 5212 5222 5200 5221 5230 5278 5290 7780 5281 5291 5309 5300 5311 5936 5306 
826 2 2 0 4 4 5 4 2 3 8 8 8 19 5691 5688 5682 5669 5672 5701 5679 5678 5700 8170 5750 5757 8279 5766 5776 5779 5769 5748 5854 
827 2 2 3 4 4 5 4 2 5 8 8 8 20 5834 5826 5847 5857 5829 5828 5838 5844 5835 5904 5913 5923 5932 5905 5916 5933 5926 5914 5907 5917 
828 4 0 0 4 4 5 8 2 2 8 8 8 19 7546 7543 8189 7555 7574 7542 7567 7556 7565 7575 7633 7625 7643 7652 7644 7634 7624 7653 7655 
829 4 0 2 4 4 5 8 2 5 8 8 8 20 7731 7721 7712 7702 7722 7730 8328 7733 7703 7811 7799 7790 7808 7809 7791 7781 7778 8407 7800 8417 
830 4 2 0 4 4 5 8 2 3 8 8 8 20 8169 8172 8182 8198 8192 8179 8201 8173 8260 8250 8266 8247 8248 8267 8258 8270 8251 8276 8257 8336 
831 4 2 3 4 4 5 8 2 5 8 8 8 20 8348 8329 8345 8338 8354 8326 8357 8339 8335 8406 8435 8414 8413 8432 8426 8433 8405 8423 8416 8404 
832 2 0 5 0 0 0 3 2 7 5 4 5 19 5342 5351 5332 5323 5950 5352 5333 5343 5314 5420 5411 5392 5393 5403 5412 5421 5402 5490 5489 
833 2 0 7 0 0 0 3 2 8 5 4 5 20 5478 5498 5471 5468 5480 5499 5469 5470 6112 5481 5559 5577 5546 5568 5549 5567 6201 6194 5556 5558 
834 2 2 5 0 0 0 3 2 6 5 4 5 19 5968 5946 5956 5969 5938 5940 5937 5947 5959 6019 6016 6017 6029 6026 6034 6036 6044 6025 6047 
835 2 2 6 0 0 0 3 2 8 5 4 5 20 6038 6035 6122 6094 6125 6113 6095 6123 6116 6104 6107 6105 6200 6191 6181 6182 6192 6173 6172 6185 
836 3 0 5 0 0 0 8 2 6 5 4 5 19 5313 7835 7822 7814 7823 7841 7842 7832 7813 7845 7891 7923 7920 7913 7910 7919 7911 7901 7892 
837 3 0 6 0 0 0 8 2 8 5 4 5 20 7900 7989 7999 7988 7979 7998 7970 7969 7997 8046 8078 8077 8068 8056 8069 8049 8059 8057 8703 8700 
838 3 2 5 0 0 0 8 2 6 5 4 5 19 8469 8436 8437 8468 8449 8440 8459 8446 8456 8527 8518 8534 8544 8515 8514 8537 8547 8524 8525 
839 3 2 6 0 0 0 8 2 8 5 4 5 20 8613 8604 8597 8594 8622 8612 8595 6103 8625 8603 8616 8694 8672 8690 8682 8685 8673 8681 8691 8675 
840 2 0 5 0 0 5 4 2 6 5 4 8 19 5324 5325 5315 5312 5322 5335 5334 5345 5344 5413 5400 7912 5391 5394 6018 5410 5401 5390 5423 
841 2 0 6 0 0 5 4 2 8 5 4 8 20 5422 5482 5491 5472 6127 5501 5479 5488 5500 5547 5579 5550 5566 5548 5578 5560 5576 5557 5569 6205 
842 2 2 5 0 0 5 4 2 6 5 4 8 19 5949 5948 5966 5961 5957 5939 5960 5951 5970 5967 5958 5941 8517 6045 6027 6028 6049 6039 6048 
843 2 2 6 0 0 5 4 2 8 5 4 8 20 6037 6046 6114 6096 6126 6106 6097 6117 8615 6124 6115 6183 6193 6175 6203 6184 6202 6174 6204 6195 
844 4 0 5 0 0 5 8 2 7 5 4 8 19 7812 7834 7833 7844 7824 7825 7815 7843 8549 8538 7902 8519 7922 7903 7893 7890 7921 8001 7991 
845 4 0 7 0 0 5 8 2 8 5 4 8 20 7990 7980 8000 7981 8627 7968 7978 7971 8050 8048 8051 8060 8058 8079 8067 8047 8066 8070 8674 8076 
846 4 2 5 0 0 5 8 2 6 5 4 8 19 8470 8441 8460 8450 8451 8439 8458 8467 8448 8457 8466 8447 8545 8529 8526 8548 8528 8539 8536 
847 4 2 6 0 0 5 8 2 8 5 4 8 20 8516 8546 8535 8596 8624 8605 8607 8626 8606 8614 8623 8701 8683 8695 8692 8684 8702 8704 8693 8705 
848 2 0 5 0 4 0 3 1 7 5 8 5 19 5339 5347 5349 5346 5337 5329 5317 5316 5404 5427 5415 5396 5424 5414 5408 5395 5399 5493 5503 
849 2 0 7 0 4 0 3 1 8 5 8 5 20 5502 5477 5483 5474 5473 5492 5496 5505 5555 5552 5564 5562 5551 5574 5553 5561 5580 5583 5570 5581 
850 2 1 5 0 4 0 3 2 6 5 8 5 19 5962 5320 5326 5953 5943 5963 5944 5971 5975 5952 5965 5972 6022 6032 6023 6050 6020 6041 6042 
851 2 1 6 0 4 0 3 2 8 5 8 5 20 6051 6120 6119 6100 6128 6111 5486 6110 6098 6129 6101 6176 6207 6177 6178 6188 6189 6198 6197 6179 
852 3 0 5 0 4 0 8 1 7 5 8 5 19 7838 7847 5336 7817 7829 7826 7816 7839 7895 5405 7907 7914 7924 7894 7926 7916 7904 7917 8003 
853 3 0 7 0 4 0 8 1 8 5 8 5 20 7974 7994 7985 7976 8002 7972 7995 8005 7973 7982 8084 8071 8074 8061 8081 8080 8065 8052 8072 5571 
854 3 1 5 0 4 0 8 2 6 5 8 5 19 8452 8471 8474 7848 8444 8462 8461 8453 8472 8443 8465 8522 7898 8531 8551 8521 8541 8540 8530 
855 3 1 6 0 4 0 8 2 8 5 8 5 20 8550 8609 8629 8610 8628 8600 8601 8598 8619 8053 8678 8697 8706 8698 8688 8687 8707 8679 8062 6206 
856 2 0 5 0 4 5 4 1 6 5 8 8 19 5321 5348 5318 5319 5327 5350 5340 5328 5331 5338 5418 5425 5407 5406 5429 5428 5417 5426 5416 
857 2 0 6 0 4 5 4 1 8 5 8 8 20 5419 5397 5476 5485 5507 5497 5506 5495 5484 5475 5504 5494 5487 5565 5554 5573 5584 5582 5563 5572 
858 2 1 5 0 4 5 4 2 6 5 8 8 19 5330 5942 8445 5341 5973 5964 5974 5954 5945 5955 6033 6021 5398 5409 6030 6052 6031 6040 6024 
859 2 1 6 0 4 5 4 2 8 5 8 8 20 6043 6053 6099 6102 6118 6109 6131 6130 6108 6121 6180 6199 6187 6209 6208 6196 5575 6190 6186 5585 
860 4 0 5 0 4 5 8 1 6 5 8 8 19 7818 7827 7836 7831 7837 7819 7849 7820 7846 7830 7840 7897 7909 7925 7927 7905 7908 7896 7899 
861 4 0 6 0 4 5 8 1 8 5 8 8 20 7906 7918 7915 7983 7987 8004 7996 8006 8007 7992 7984 7975 7986 8054 8083 8085 8055 8064 8073 8082 
862 4 1 5 0 4 5 8 2 7 5 8 8 20 8442 7821 7828 8455 8475 8473 8454 8464 8463 8552 8533 8553 8523 8542 8543 8520 8532 8602 8620 8621 
863 4 1 7 0 4 5 8 2 8 5 8 8 20 8611 8617 8630 8631 8618 8608 7977 8599 7993 8708 8699 8696 8677 8680 8689 8686 8075 8676 8709 8063 
864 2 0 5 5 0 0 4 1 6 8 5 5 19 5383 5363 5362 5364 5361 5355 5371 5450 5441 5431 5449 5461 5452 5430 5439 5448 5433 5443 5440 
865 2 0 6 5 0 0 4 1 8 8 5 5 20 5509 5517 5518 5511 5527 5530 5539 5536 5508 5596 8096 5604 5595 5614 5586 5587 5608 5599 5606 5605 
866 2 1 5 5 0 0 4 2 6 8 5 5 19 5978 5380 5374 6006 5370 6007 5997 5987 5988 5996 6084 6054 6066 5458 6064 6067 6057 6076 6075 
867 2 1 6 5 0 0 4 2 8 8 5 5 20 6085 6145 6132 6135 5526 5521 6154 5537 6153 6144 6163 6142 6210 6222 6223 6213 6232 6242 6241 5615 
868 4 0 5 5 0 0 8 1 6 8 5 5 19 7851 7852 7872 7854 7850 7873 7861 7860 7870 7930 7960 7929 7939 7938 7948 7951 7961 7928 7932 
869 4 0 6 5 0 0 8 1 8 8 5 5 20 7941 8027 8031 8018 8040 8021 8019 8009 8036 8008 8037 8086 8115 8114 8087 8105 8106 8109 8097 8118 
870 4 1 5 5 0 0 8 2 6 8 5 5 19 7863 7883 8497 7882 8486 8509 8505 8496 8506 8478 8507 8477 8487 8575 8566 8557 8585 8584 8576 
871 4 1 6 5 0 0 8 2 8 8 5 5 20 8556 8634 8645 8663 8635 8632 8028 8662 8654 8644 8653 8740 8732 8711 8710 8741 8723 8722 8731 8713 
872 2 0 5 5 0 5 3 2 7 8 5 8 19 5365 5375 5385 5353 5354 5372 5373 5384 5381 5432 5453 5462 5460 5442 5463 5451 5459 5519 5529 
873 2 0 7 5 0 5 3 2 8 8 5 8 20 5510 5528 5520 5538 6136 5541 5531 5540 5619 5616 5618 5607 5609 5597 5589 5598 5588 5600 5617 5601 
874 2 2 5 5 0 5 3 2 7 8 5 8 19 5986 5998 6009 5976 5989 5979 6008 5999 5977 6074 6086 6058 6077 6055 6087 6068 6065 6133 6137 
875 2 2 7 5 0 5 3 2 8 8 5 8 20 6146 6165 6164 6134 6162 6152 6155 6143 6230 6233 6243 6224 6212 6211 6221 6240 6215 6231 6220 6214 
876 3 0 5 5 0 5 8 1 6 8 5 8 19 5382 7881 7884 7874 7871 7864 7865 7880 7853 7862 7940 7933 7931 7959 7962 7950 7958 7942 7949 
877 3 0 6 5 0 5 8 1 8 8 5 8 20 7943 7952 8020 8038 8030 8039 8029 8011 8033 8041 8088 8098 8119 8116 8107 8101 8089 8117 8099 8108 
878 3 1 5 5 0 5 8 2 6 8 5 8 19 8498 7855 8489 8499 8479 8508 8476 8488 8565 8554 8574 6056 8558 8587 8567 8577 8564 8586 8555 
879 3 1 6 5 0 5 8 2 8 8 5 8 20 8636 8633 8664 8643 8655 8652 8646 8665 8010 8642 8733 8712 8743 8724 8714 8720 8742 8730 8721 8100 
880 2 0 5 5 5 0 4 2 6 8 8 5 19 5980 5367 5377 5993 5358 5387 5359 5368 5386 5445 6059 5455 5446 5464 5456 6063 5436 5437 5465 
881 2 0 6 5 5 0 4 2 8 8 8 5 20 5534 5514 5512 5533 5515 5543 5542 5524 6151 5602 5621 5612 5620 5603 6217 6219 5593 5592 6226 5611 
882 2 2 5 5 5 0 4 2 6 8 8 5 19 6013 6002 6010 6000 5982 6001 5984 5981 5990 6079 6078 6070 6091 6060 6069 6088 6072 6089 6082 
883 2 2 6 5 5 0 4 2 8 8 8 5 20 6061 6138 6167 6141 6147 6166 6157 6148 6160 6169 6156 6244 6225 6234 6238 6247 6235 6229 6216 8719 
884 4 0 5 5 5 0 8 2 6 8 8 5 19 7885 7876 7875 7857 7867 7888 7866 7879 7858 7953 7965 7966 7964 7957 8578 7944 7954 7935 7945 
885 4 0 6 5 5 0 8 2 8 8 8 5 20 7936 7963 8024 8043 8025 8638 8034 8015 8044 8012 8090 8093 8103 8121 8112 8113 8716 8102 8734 8122 
886 4 2 5 5 5 0 8 2 6 8 8 5 19 8480 8484 8493 8513 8490 8502 8481 8512 8503 8570 8568 8569 8591 8563 8588 8559 8572 8581 8560 
887 4 2 6 5 5 0 8 2 8 8 8 5 20 8579 8669 8637 8650 8647 8648 8666 8656 8657 8641 8658 8745 8744 8747 8725 8715 8738 8728 8735 8726 
888 2 0 5 5 5 5 4 2 6 8 8 8 19 5357 5378 5376 5379 5356 5366 5360 5389 6003 5388 5369 5991 5444 5434 5454 5438 5435 5457 5466 
889 2 0 6 5 5 5 4 2 8 8 8 8 20 6090 5447 5467 5525 5523 5522 5545 5532 5544 5516 5535 8014 5513 5594 5613 5590 5610 5622 5623 5591 
890 2 2 5 5 5 5 4 2 6 8 8 8 19 6011 5995 6004 6012 5983 5992 5994 6014 6005 6015 5985 6073 6092 6080 6083 6062 6081 6093 6071 
891 2 2 6 5 5 5 4 2 8 8 8 8 20 6170 6139 6158 6140 6159 6150 6161 6149 6171 6168 6227 6239 6248 6218 6228 6236 6237 6245 6246 6249 
892 4 0 5 5 5 5 8 2 7 8 8 8 19 7877 7856 7889 7859 7886 7878 7887 7868 7869 7947 7967 7934 7946 7956 7937 7955 8013 8026 8016 
893 4 0 7 5 5 5 8 2 8 8 8 8 20 8023 8022 8640 8671 8032 8045 8035 8017 8042 8123 8110 8095 8120 8092 8094 8104 8749 8736 8091 8111 
894 4 2 5 5 5 5 8 2 6 8 8 8 20 8511 8494 8482 8510 8495 8504 8491 8483 8485 8492 8500 8501 8583 8593 8582 8580 8571 8589 8561 8573 
895 4 2 6 5 5 5 8 2 8 8 8 8 20 8562 8592 8590 8651 8668 8660 8670 8661 8639 8659 8649 8667 8748 8727 8718 8717 8746 8737 8729 8739 
896 2 2 0 0 0 0 3 3 2 5 4 5 19 6278 6263 6270 6282 6269 6250 6259 6279 6272 6251 6260 6356 6338 6329 6360 6351 6339 6341 6348 
897 2 2 2 0 0 0 3 3 4 5 4 5 20 6357 6328 6347 6417 6439 6408 6427 6435 6436 6407 6426 6504 6485 6505 6513 6515 6496 6495 6514 6517 
898 2 3 0 0 0 0 3 8 3 5 4 5 19 6896 6905 6885 6874 6877 6876 6904 6886 6983 6974 6955 6984 6993 6975 6962 6965 6952 7044 7063 
899 2 3 3 0 0 0 3 8 4 5 4 5 20 7053 7062 7031 7040 7050 7060 7041 7034 7128 7119 7112 7138 7118 7141 7122 7140 7110 7109 7131 6486 
900 3 2 0 0 0 0 8 3 2 5 4 5 19 8760 8759 8763 8750 8781 8751 8778 8769 8772 8779 8768 8857 8828 8837 8838 8856 8841 8839 8829 
901 3 2 2 0 0 0 8 3 4 5 4 5 20 8847 8850 8906 8928 8919 8934 8915 8935 8925 8926 8916 8938 8985 9014 9013 9004 8994 8984 9017 9005 
902 3 3 0 0 0 0 8 8 3 5 4 5 19 9406 9395 9386 6895 9377 9405 9396 9387 9374 9474 9455 9452 9483 9465 9462 9464 9484 9540 9543 
903 3 3 3 0 0 0 8 8 4 5 4 5 20 9561 9562 9530 9533 9552 9553 8907 9542 9631 9619 9618 9628 9640 9609 9629 9620 9641 9608 9612 8997 
904 2 2 0 0 0 5 4 4 2 5 4 8 19 6261 8780 6273 6262 6271 6280 6253 6252 6281 6283 6361 6350 6358 6349 6330 6359 6331 6957 6340 
905 2 2 2 0 0 5 4 4 4 5 4 8 20 6953 6985 6438 6437 6418 6416 6429 7061 6419 6406 6428 6409 6487 6484 6494 6507 6506 6497 7111 6516 
906 2 4 0 0 0 5 4 8 3 5 4 8 19 6875 6887 6878 6907 6897 6906 6894 6884 6973 6982 6966 6964 6963 6976 6972 6954 6956 7054 7032 
907 2 4 3 0 0 5 4 8 4 5 4 8 20 7055 7035 7043 7064 7033 7042 7052 7045 7051 7142 7123 7132 7129 7113 7121 7120 7148 7130 7133 7139 
908 4 2 0 0 0 5 8 4 2 5 4 8 19 9388 8762 8753 8752 8770 8773 8771 8761 8859 8851 8848 9463 8860 8840 8849 8858 8831 8830 8861 
909 4 2 2 0 0 5 8 4 4 5 4 8 20 8939 8936 8927 8918 8909 9531 8917 9544 8929 8908 8937 8995 9016 8986 8987 9006 9007 8996 9015 9623 
910 4 4 0 0 0 5 8 8 2 5 4 8 19 9378 9375 9379 9376 9404 9384 9407 9394 9397 9385 9457 9473 9453 9482 9485 9466 9454 9475 9472 
911 4 4 2 0 0 5 8 8 4 5 4 8 20 9456 9551 9532 9550 9534 9541 9535 9560 9563 9613 9642 9621 9639 9622 9610 9611 9633 9630 9638 9632 
912 2 2 0 0 4 0 3 4 3 5 8 5 19 6254 6892 6275 6267 6284 6276 6257 6266 6285 6332 6353 6363 6335 6971 6345 6354 6344 6333 6411 
913 2 2 3 0 4 0 3 4 4 5 8 5 20 7038 6430 6442 6414 6433 6420 6423 6410 6432 6443 6518 6489 6521 6501 6498 6508 6488 6520 6511 6492 
914 2 4 0 0 4 0 3 8 2 5 8 5 19 6890 6901 6889 6911 6880 6899 6909 6883 6898 6879 6908 6888 6958 6968 6959 6977 6986 6967 6987 
915 2 4 2 0 4 0 3 8 4 5 8 5 20 6990 6980 7046 7059 7065 7066 7056 7037 7047 7069 7057 7116 7144 7134 7125 7145 7115 7147 7143 7135 
916 3 2 0 0 4 0 8 4 3 5 8 5 19 8766 9380 8757 8785 8756 8776 8775 8784 8853 8862 8832 8834 8844 8863 9471 8835 8854 8845 8940 
917 3 2 3 0 4 0 8 4 4 5 8 5 20 8922 8931 8913 8910 8932 8941 8923 9010 9008 9011 8998 9018 8989 8991 8988 9615 9637 9001 9647 9020 
918 3 4 0 0 4 0 8 8 2 5 8 5 19 9393 9411 9389 9390 9402 9409 9398 9408 9399 9383 9477 9459 9486 9480 9458 9461 9489 9467 9476 
919 3 4 2 0 4 0 8 8 4 5 8 5 20 9468 9487 9537 9565 9554 9546 9555 9547 9545 9536 9558 9564 9556 9549 9624 9634 9616 9643 9625 9644 
920 2 2 0 0 4 5 3 3 2 5 8 8 19 6287 6256 6265 6286 6274 6277 6264 6268 6258 6255 6336 6337 6355 6342 6362 6346 6343 6352 6365 
921 2 2 2 0 4 5 3 3 4 5 8 8 20 6334 6422 6421 6440 6425 6444 6412 6441 6415 6431 6522 6503 6519 6509 6499 6491 6510 6490 6493 6500 
922 2 3 0 0 4 5 3 8 2 5 8 8 19 6902 6900 6910 6881 6882 6893 6912 6891 6903 6989 6364 6991 6969 6978 6979 6960 6981 6961 6988 
923 2 3 2 0 4 5 3 8 4 5 8 8 20 6970 7068 7048 7049 7039 7036 7067 6434 6424 7058 7136 6512 7117 7146 7124 7137 7127 7126 7114 6502 
924 3 2 0 0 4 5 8 3 3 5 8 8 19 8777 8786 8783 8758 8787 8755 8774 8767 8765 8764 8855 8843 8846 8852 8842 8865 8864 8836 8942 
925 3 2 3 0 4 5 8 3 4 5 8 8 20 8914 8943 8930 8920 8912 8933 6413 8911 8924 8921 9003 9021 9009 9002 9012 8992 8993 8990 9000 9019 
926 3 3 0 0 4 5 8 8 2 5 8 8 20 8754 9401 8782 9400 9410 9413 9391 9382 9412 9381 9403 9392 9490 8833 9460 9470 9481 9469 9478 9491 
927 3 3 2 0 4 5 8 8 4 5 8 8 20 9488 9479 9548 9559 9557 9538 9566 9539 9569 9567 9568 9617 9636 9646 9626 9614 9627 9635 9645 8999 
928 2 2 0 5 0 0 4 3 2 8 5 5 19 6320 6319 6288 6291 6311 6298 6310 6300 6301 6376 6397 6378 6389 6366 6398 6377 6367 6369 6379 
929 2 2 2 5 0 0 4 3 4 8 5 5 20 6467 6464 6455 6445 6446 6454 6476 6477 6448 6536 6545 6555 6532 6524 6542 6533 6526 6554 6557 6523 
930 2 3 0 5 0 0 4 8 2 8 5 5 19 6917 6933 6926 6923 6932 6946 6924 6943 6942 6914 6913 6936 7012 7004 6401 6388 7021 7003 7025 
931 2 3 2 5 0 0 4 8 4 8 5 5 20 6992 7022 7013 7072 7103 7090 7099 9602 7100 7081 7091 7082 7181 7169 7168 7160 7151 7159 7178 7150 
932 4 2 0 5 0 0 8 4 2 8 5 5 19 8791 8819 8800 8788 8810 8801 8798 8803 8809 8867 9521 8866 8869 8898 8878 8887 8879 8888 8897 
933 4 2 2 5 0 0 8 4 4 8 5 5 20 8956 8947 8975 8966 8957 8954 8944 8976 9033 9032 9026 9035 9055 9045 9042 9023 9022 9054 9678 9043 
934 4 4 0 5 0 0 8 8 2 8 5 5 19 9415 9443 9427 9433 9424 9414 9442 9446 9436 9423 9444 9524 9512 9511 9505 9514 9502 9501 9492 
935 4 4 2 5 0 0 8 8 4 8 5 5 20 9493 9520 9580 9593 9570 9598 9571 9599 9583 9590 9591 9589 9660 9681 9659 9669 9649 9677 9668 9650 
936 2 2 0 5 0 5 3 3 2 8 5 8 19 6299 6289 6318 6290 6292 6309 6308 6293 6321 6302 6386 6399 6396 6390 6387 6370 6368 6371 6380 
937 2 2 2 5 0 5 3 3 4 8 5 8 20 6447 6478 6469 6458 6475 6474 6456 6465 6468 6449 6525 6534 6553 6543 6546 6547 6527 6556 6535 6544 
938 2 3 0 5 0 5 3 8 3 8 5 8 19 6945 6947 6944 6925 6934 6927 6915 6935 6937 6916 6995 7002 7005 7014 7024 7023 6994 7015 7093 
939 2 3 3 5 0 5 3 8 4 8 5 8 20 7080 7073 7070 6466 6457 6459 7101 7102 7083 7071 7092 7158 7179 7171 7170 7180 7149 6537 7161 6552 
940 3 2 0 5 0 5 8 3 3 8 5 8 19 8792 8808 8793 8811 8818 8799 8802 8790 8821 8886 8868 8896 8876 8899 8870 8871 8889 8880 8977 
941 3 2 3 5 0 5 8 3 4 8 5 8 20 8946 8948 8967 8958 8974 8964 8945 8949 9056 9052 9036 9025 9044 9024 9053 9027 9047 9037 9046 9034 
942 3 3 0 5 0 5 8 8 2 8 5 8 19 9437 9417 8789 8820 9434 9425 9445 9435 9426 9447 9416 9522 8877 9523 9495 9504 9525 9494 9503 
943 3 3 2 5 0 5 8 8 4 8 5 8 20 9515 9513 9582 8965 9600 9573 9572 9581 9601 9603 8955 9592 9671 9648 9658 9680 9651 9670 9661 9679 
944 2 2 0 5 5 0 3 3 2 8 8 5 19 6313 6322 6303 6325 6294 6316 6295 6323 6304 6312 6307 6385 6404 6394 6402 6400 6382 6372 6373 
945 2 2 2 5 5 0 3 3 4 8 8 5 20 6391 6381 6479 6481 6451 6480 6471 6470 6461 6460 6473 6452 6483 6538 6539 6558 6529 6561 6530 6549 
946 2 3 0 5 5 0 3 8 2 8 8 5 19 6950 6929 6921 6920 6940 6939 6949 6930 7006 7017 7029 6996 6997 6999 7016 7028 7009 7000 7019 
947 2 3 2 5 5 0 3 8 4 8 8 5 20 7075 7085 7107 7074 7094 7104 7087 7084 7078 7106 7097 7163 7156 7162 7175 7152 7184 7185 7172 7153 
948 3 2 0 5 5 0 8 3 2 8 8 5 19 8795 8794 8816 8825 8805 8804 8812 8797 8822 8813 8903 8900 8894 8873 8875 8890 8872 8891 8885 
949 3 2 2 5 5 0 8 3 4 8 8 5 20 8979 8978 8963 8972 8959 8961 8960 8968 8950 8951 8969 9058 9039 9057 9060 9030 9038 9051 9048 6548 
950 3 3 0 5 5 0 8 8 3 8 8 5 19 9449 9440 9431 9448 9419 9430 9418 9421 9439 9518 9527 9509 9499 8881 9517 8882 9508 9496 9587 
951 3 3 3 5 5 0 8 8 4 8 8 5 20 9606 8981 9586 9577 9596 9574 9595 9605 9675 9665 9674 9685 9684 9662 9656 9672 9652 9029 9653 9673 
952 2 2 0 5 5 5 3 4 2 8 8 8 19 6317 6315 6324 6314 6296 6306 6297 6305 6326 6327 6393 6405 6403 7026 6383 6395 6384 6375 6392 
953 2 2 2 5 5 5 3 4 4 8 8 8 20 6374 6453 6463 6472 6482 7105 6450 6462 6560 6531 6540 6550 6528 6541 7183 6551 6559 7177 7164 7167 
954 2 4 0 5 5 5 3 8 2 8 8 8 19 6928 6941 6931 6948 6938 6918 6922 6951 6919 7007 7011 7001 7018 7030 7027 7008 6998 7010 7020 
955 2 4 2 5 5 5 3 8 4 8 8 8 20 7086 7088 7098 7095 7076 7096 7077 7089 7079 7108 7176 7157 7173 7166 7182 7154 7165 7174 7155 7186 
956 3 2 0 5 5 5 8 4 2 8 8 8 19 8815 8823 8827 8796 8806 8817 8826 8814 8824 8807 8904 8874 8893 8902 8892 9510 8883 8895 8901 
957 3 2 2 5 5 5 8 4 4 8 8 8 20 9500 8884 8905 8980 8973 8953 8982 8970 8962 8983 8952 8971 9040 9031 9061 9059 9028 9050 9041 9049 
958 3 4 0 5 5 5 8 8 3 8 8 8 20 9438 9422 9441 9450 9429 9428 9420 9451 9432 9528 9516 9506 9526 9498 9507 9529 9497 9519 9588 9584 
959 3 4 3 5 5 5 8 8 4 8 8 8 20 9578 9597 9579 9585 9604 9576 9575 9594 9607 9666 9676 9654 9663 9667 9683 9664 9657 9655 9682 9686 
960 2 2 4 0 0 0 4 4 6 4 4 5 19 6592 6564 6573 7216 7219 6574 6595 6582 6583 6673 6670 6652 6651 6671 6660 7266 6643 6642 7284 
961 2 2 6 0 0 0 4 4 8 4 4 5 20 6661 6739 6748 6721 6729 6730 6720 6749 7362 7372 7343 6738 6808 6799 6807 7421 6826 6798 6817 6827 
962 2 4 4 0 0 0 4 8 6 4 4 5 19 7187 7217 7188 7191 7200 7197 7206 7189 7196 7209 7297 7278 7274 7275 7267 7287 7285 7269 7265 
963 2 4 6 0 0 0 4 8 8 4 4 5 20 7294 7344 7345 7364 7363 7352 9852 7353 7356 7375 7450 7422 7444 7441 7434 7451 7453 7425 7431 7440 
964 4 2 4 0 0 0 8 4 6 4 4 5 19 9063 9706 9709 9073 9092 9083 9093 9084 9074 9064 9142 9143 9171 9161 9153 9162 9152 9170 9140 
965 4 2 6 0 0 0 8 4 8 4 4 5 20 9231 9221 9240 9230 9228 9239 9249 9248 9218 9308 9317 9309 9318 9327 9296 9953 9299 9306 9925 9922 
966 4 4 4 0 0 0 8 8 7 4 4 5 19 9687 9719 9700 9696 9697 9688 9690 9718 9797 9784 9796 9766 9765 9768 9787 9775 9774 9778 9843 
967 4 4 7 0 0 0 8 8 8 4 4 5 20 9875 9874 9844 9862 9845 9856 9872 9853 9854 9847 9865 9921 9943 9931 9941 9930 9932 9934 9940 9950 
968 2 2 4 0 0 5 3 4 6 4 4 8 19 6594 7210 6562 6585 6575 6584 6563 6593 6572 6565 6672 6653 6640 6641 7276 6644 6662 6650 6663 
969 2 2 6 0 0 5 3 4 8 4 4 8 20 6722 6718 6731 6740 6751 6741 6728 7367 6719 6750 6819 6818 6800 6816 6829 6806 6809 6828 6796 6797 
970 2 4 4 0 0 5 3 8 7 4 4 8 19 7198 7208 7199 7201 7207 7220 7190 7218 7211 7288 7279 7296 7277 7289 7268 7298 7286 7295 7357 
971 2 4 7 0 0 5 3 8 8 4 4 8 20 7373 7365 7376 7374 7366 7377 7354 7346 7355 7442 7423 7443 7445 7424 7455 7433 7454 7435 7452 7432 
972 3 2 4 0 0 5 8 4 7 4 4 8 19 9072 9094 9085 9062 9082 9075 9065 9095 9173 9150 9141 9163 9172 9788 9151 9160 9144 9241 9250 
973 3 2 7 0 0 5 8 4 8 4 4 8 20 9866 9222 9229 9251 9219 9220 9232 9238 9319 9329 9328 9307 9298 9326 9310 9300 9297 9924 9316 9935 
974 3 4 4 0 0 5 8 8 6 4 4 8 19 9698 9699 9708 9701 9689 9710 9707 9711 9716 9720 9717 9691 9785 9769 9767 9798 9779 9794 9776 
975 3 4 6 0 0 5 8 8 8 4 4 8 20 9786 9777 9789 9795 9857 9864 9855 9873 9846 9867 9863 9876 9945 9952 9923 9942 9954 9951 9944 9933 
976 2 2 4 0 4 0 4 3 7 4 8 5 19 6566 6568 6567 6599 6579 6576 6589 6570 6598 6577 6676 6654 6664 6667 6648 6655 6677 6645 6723 
977 2 2 7 0 4 0 4 3 8 4 8 5 20 6742 6754 6745 6733 6726 6724 6732 6734 6736 6755 6820 6814 6833 6803 6830 6802 6823 6810 6832 9333 
978 2 3 4 0 4 0 4 8 6 4 8 5 19 7213 6586 7193 7225 7212 7203 7194 7222 7223 7221 7204 7299 7290 7300 7291 7303 7281 7272 7282 
979 2 3 6 0 4 0 4 8 8 4 8 5 20 7351 7378 7369 7381 7368 7347 7350 7379 7359 7360 7428 7438 7429 7457 7437 7456 6811 7446 7447 6801 
980 4 2 4 0 4 0 8 3 6 4 8 5 19 9096 9070 9076 9086 9067 9099 9089 9077 9087 9068 9080 9066 9174 9155 9166 9145 9164 9177 9149 
981 4 2 6 0 4 0 8 3 8 4 8 5 20 9165 9154 9242 9233 9255 9243 9223 9227 9224 9246 9252 9236 9321 9301 9311 9305 9330 9324 9320 9302 
982 4 3 4 0 4 0 8 8 6 4 8 5 19 9702 9721 9725 9722 9703 9713 9712 9693 9694 9715 9158 9146 9799 9791 9800 9771 9781 9803 9772 
983 4 3 6 0 4 0 8 8 8 4 8 5 20 9790 9878 9860 9859 9881 9877 9849 9850 9869 9868 9928 9959 9314 9938 9956 9947 9955 9946 9937 9312 
984 2 2 4 0 4 5 3 3 6 4 8 8 19 6571 6597 6581 6600 6580 6578 6596 6587 6588 6569 6657 6646 6675 6656 6674 6647 6665 6668 6678 
985 2 2 6 0 4 5 3 3 8 4 8 8 20 6649 6659 6756 6747 6744 6727 6752 6737 6746 6743 6753 6725 6812 6831 6834 6813 6804 6805 6822 6815 
986 2 3 4 0 4 5 3 8 6 4 8 8 19 7202 7192 7214 7224 6591 6590 7215 7205 7195 6669 7271 7293 7283 7292 7280 6658 6666 7301 7270 
987 2 3 6 0 4 5 3 8 8 4 8 8 20 7302 7273 7348 7370 7371 7349 6735 7358 7380 7361 7427 7439 6824 7436 7426 7448 6825 6821 7449 7430 
988 3 2 4 0 4 5 8 3 6 4 8 8 19 9091 9079 9100 9071 9069 9078 9088 9097 9098 9090 9148 9156 9168 9178 9167 9147 9169 9157 9159 
989 3 2 6 0 4 5 8 3 8 4 8 8 20 9179 9244 9225 9234 9257 9235 9247 9226 9253 9254 9334 9335 9332 9325 9304 9313 9303 9315 9323 9331 
990 3 3 4 0 4 5 8 8 7 4 8 8 20 9695 9714 9692 9705 9704 9724 9081 9723 9792 9175 9801 9176 9782 9780 9783 9802 9793 9773 9770 9879 
991 3 3 7 0 4 5 8 8 8 4 8 8 20 9871 9861 9858 9870 9245 9237 9256 9848 9851 9880 9957 9926 9936 9948 9958 9927 9929 9949 9939 9322 
992 2 2 4 4 0 0 4 3 6 8 5 5 19 6601 9101 6620 6623 6611 6630 6610 6614 6632 6633 6683 6680 6708 6701 6681 6692 6711 6679 6689 
993 2 2 6 4 0 0 4 3 8 8 5 5 20 6767 6757 6766 6761 9261 6758 6776 6770 6789 6779 6867 6839 6855 6836 6848 6856 6854 6835 6864 6845 
994 2 3 4 4 0 0 4 8 6 8 5 5 19 6602 7229 7228 7256 7238 7246 7237 7247 7257 7259 6688 6698 7306 7335 7304 7334 7307 7325 7315 
995 2 3 6 4 0 0 4 8 8 8 5 5 20 7316 7412 7384 7403 7387 7404 6777 6786 7394 7413 7393 7385 7463 7492 7491 7472 7482 7462 7483 7473 
996 4 2 4 4 0 0 8 3 6 8 5 5 19 9130 9111 9121 9131 9105 9102 9120 9112 9124 9114 9191 9180 9199 9198 9208 9193 9202 9190 9189 
997 4 2 6 4 0 0 8 3 8 8 5 5 20 9181 9183 9211 9289 9271 9280 9267 9268 9277 9287 9358 9364 9345 9349 9337 9346 9355 9336 9365 9366 
998 4 3 4 4 0 0 8 8 7 8 5 5 19 9756 9133 9755 9728 9759 9737 9747 9746 9738 9804 9825 9807 9837 9806 9824 9834 9816 9815 9903 
999 4 3 7 4 0 0 8 8 8 8 5 5 20 9286 9258 9893 9902 9884 9915 9894 9885 9913 9276 9259 9912 9962 9991 9972 9963 9354 9990 9981 9971 
1000 2 2 4 4 0 5 3 3 6 8 5 8 19 6631 6612 6613 6624 6621 6634 6625 6605 6604 6603 6615 6710 6712 6690 6700 6709 6703 6682 6699 
1001 2 2 6 4 0 5 3 3 8 8 5 8 20 6702 6693 6778 6787 6791 6781 6760 6759 6771 6768 6788 6857 6858 6868 6865 6837 6846 6859 6838 6869 
1002 2 3 4 4 0 5 3 8 7 8 5 8 19 7249 7230 7226 7248 7258 7236 7227 7239 7336 7314 7308 7305 7326 7327 7324 7317 7392 7415 6780 
1003 2 3 7 4 0 5 3 8 8 8 5 8 20 6790 7383 7402 7382 7414 7395 7405 7386 7490 7474 7484 7464 7471 7480 7470 7493 7460 7481 7461 6849 
1004 3 2 4 4 0 5 8 3 6 8 5 8 19 9125 9132 9123 9104 6622 9122 9113 9103 9134 9115 9182 9210 9200 9201 9192 6691 9212 9203 9209 
1005 3 2 6 4 0 5 8 3 8 8 5 8 20 9213 9269 9290 9260 9270 9288 9278 6769 9279 9356 9339 9348 6866 9367 9357 9347 9368 9369 9338 6847 
1006 3 3 4 4 0 5 8 8 7 8 5 8 19 9727 9739 9757 9135 9758 9736 9749 9726 9748 9729 9805 9827 7337 9835 9826 9814 9817 9836 9904 
1007 3 3 7 4 0 5 8 8 8 8 5 8 20 9886 9291 9892 9882 9883 9914 9905 9281 9895 9970 9960 9964 9961 9992 9982 9993 9973 9983 9359 9980 
1008 2 2 4 4 5 0 3 4 6 8 8 5 19 6607 6637 6639 6626 6627 6636 6635 6608 6617 6714 6695 6713 6696 7309 6715 6684 7310 6705 6685 
1009 2 2 6 4 5 0 3 4 8 8 8 5 20 6686 6717 6773 6774 6783 6782 6795 6764 7388 7409 6792 6852 6871 6870 6851 6860 6873 7466 6861 6843 
1010 2 4 4 4 5 0 3 8 7 8 8 5 19 7240 7250 7251 7234 7253 7244 7231 7241 7340 7331 7320 7312 7319 7322 7318 7341 7338 7328 7417 
1011 2 4 7 4 5 0 3 8 8 8 8 5 20 7396 7419 7391 7406 7400 7416 7397 7496 7459 7465 7485 7486 7469 7476 7498 7479 7495 7494 7475 7488 
1012 3 2 4 4 5 0 8 4 6 8 8 5 19 9106 9117 9740 9730 9127 9109 9108 9118 9137 9136 9186 9195 6704 9215 9187 9808 9196 9214 9206 
1013 3 2 6 4 5 0 8 4 8 8 8 5 20 9205 9265 9293 9283 9292 9284 9262 9264 9274 9342 9352 9353 9370 9343 9340 9362 9371 9997 9361 6842 
1014 3 4 4 4 5 0 8 8 6 8 8 5 19 9750 9762 9743 7263 9734 9741 7262 9763 9731 9753 9809 9819 9818 9838 9840 9831 9841 9812 9828 
1015 3 4 6 4 5 0 8 8 8 8 8 5 20 9909 9906 9918 9919 9900 9887 9890 9897 9896 9888 9916 9966 9974 9978 9987 9984 9965 9968 9975 9996 
1016 2 2 4 4 5 5 4 4 7 8 8 8 19 9138 6638 6629 7232 6606 6616 6628 6609 6619 6618 6716 6687 6694 6706 6707 6697 6785 6794 6784 
1017 2 2 7 4 5 5 4 4 8 8 8 8 20 6765 6762 7408 7407 6775 6793 6772 6763 6853 6862 6872 6863 6850 6840 7467 6844 9372 7487 7499 6841 
1018 2 4 4 4 5 5 4 8 6 8 8 8 19 7243 7235 7242 9752 7254 7264 7252 7245 7255 7260 7261 7233 7313 7333 7321 7339 9811 7330 7329 
1019 2 4 6 4 5 5 4 8 8 8 8 8 20 7311 7323 7332 9832 7342 7411 7410 7389 7390 7418 7399 7420 7401 7398 7478 7458 7477 7489 7468 7497 
1020 4 2 4 4 5 5 8 4 6 8 8 8 19 9116 9735 9139 9129 9119 9107 9128 9126 9110 9188 9207 9204 9185 9194 9813 9197 9217 9184 9216 
1021 4 2 6 4 5 5 8 4 8 8 8 8 20 9266 9285 9273 9889 9917 9275 9282 9294 9272 9263 9295 9344 9360 9373 9350 9969 9351 9363 9986 9341 
1022 4 4 4 4 5 5 8 8 6 8 8 8 20 9742 9764 9761 9760 9744 9745 9733 9754 9751 9732 9823 9842 9822 9810 9830 9833 9839 9821 9829 9820 
1023 4 4 6 4 5 5 8 8 8 8 8 8 20 9891 9911 9898 9920 9910 9901 9907 9908 9899 9977 9994 9988 9967 9985 9979 9995 9989 9998 9976 9999 
