128
128 0 0 30 69 46 2119 5095 5258 4765 2621 4854 522 1658 5493 1985 910 1800 4754 5051 4776 5479 4450 5208 18 4992 4860 2736 449 2711 4619 984 4584 1797 2996 5951 4688 1844 4390 4319 1614 1831 3368 106 2372 3175 2880 1160 2854 2499 3717 1805 
129 30 0 63 69 47 1017 3304 4925 3023 2418 4351 3178 3170 3510 552 4439 3305 1394 2976 828 1653 3302 825 4099 4867 605 5937 4650 5045 936 4893 4900 5043 3754 730 3535 2663 5796 2878 4588 892 3169 5876 2330 5102 3648 4308 5086 4958 5133 4721 3197 
130 0 69 34 129 47 3158 2273 3761 2466 3378 4922 3750 3258 3899 454 947 1936 2847 5678 1536 3966 3356 5541 5569 3563 656 1281 4676 5534 1786 3555 2186 5507 3764 637 4346 537 4784 1712 3933 363 5563 4291 1968 3005 1924 564 681 5976 1138 4956 896 
131 34 69 63 129 47 3511 4217 1367 583 1681 610 2441 2271 5240 4030 395 4409 5830 2116 5898 4024 558 4055 3087 3783 5181 2329 5614 744 2873 4549 4048 1757 58 2645 5645 838 2667 854 2794 1381 4295 911 2823 47 4206 723 332 5978 409 5172 1856 
132 63 0 94 64 47 1951 4792 1257 4615 5371 4671 199 3166 3199 1337 4846 1243 4971 1219 3084 1323 1808 2848 5821 4610 4684 513 2533 4575 4164 1125 2468 5289 2026 3576 2713 2020 685 3491 5917 5597 5770 2211 2141 1863 4026 1326 5114 351 1235 1423 4669 
133 94 0 126 64 47 5884 2287 843 4544 4524 1352 3045 3062 161 3215 2609 2090 1666 5483 1495 2242 1802 65 1494 4905 4608 4528 73 5096 5601 788 822 3444 978 1965 1819 447 3724 2362 1994 412 3984 4632 3561 2183 245 4570 5022 1847 4294 3713 1971 
134 63 64 91 129 47 3248 5901 5620 5455 4480 2498 4948 2445 3769 3827 3014 3961 1041 2318 4698 3771 736 673 3860 3182 1346 2662 4912 4263 4810 237 3832 4223 2525 3071 1061 4832 5210 2567 766 512 2259 481 2136 1755 1799 466 3755 5503 1716 2874 4312 
135 91 64 126 129 47 1351 3232 2853 2243 4221 2153 11 321 2766 3252 5497 2981 2267 3490 2938 817 4158 24 1782 3954 4759 966 2019 4959 1082 4011 1253 275 2987 1256 133 618 3191 5686 3859 3573 1730 3902 4704 510 4018 1419 3699 4729 30 1842 5189 
136 0 129 37 186 46 3743 5369 5953 5334 4458 2838 2698 1747 3245 5693 4858 604 1242 5478 3793 5113 2958 5024 2588 641 4523 1276 5611 4188 1331 3557 863 341 4310 3870 2495 1004 5855 2179 1430 5698 5236 4755 4035 2377 4040 3099 2795 92 2546 5109 
137 37 129 62 186 47 2396 3609 1551 4766 3184 5760 3850 1167 1884 5551 3310 1879 4933 1810 1534 1665 288 4822 1100 1703 2764 4070 534 4317 2487 912 2205 3114 3183 3447 3551 4538 3824 1632 1250 1465 3879 3155 2697 995 1664 1205 498 508 2651 5997 631 
138 0 186 31 249 47 4590 3100 2122 3513 2127 4095 907 751 2718 492 3807 4981 1590 5617 4465 5765 3345 3596 2813 5382 719 2038 4851 5511 2106 3477 3249 849 2715 3177 5925 5409 5807 5736 3718 3049 80 5062 2891 4996 2708 2474 2769 4178 926 4642 2484 
139 31 186 62 249 47 2978 4163 4088 5286 3076 3435 2389 704 463 4618 731 1422 5329 26 3200 4787 2112 5581 2169 4595 1554 220 3328 1738 2926 4620 1721 5486 5704 840 3697 5340 5411 4360 3559 5377 5633 413 4384 1140 3855 4631 3926 5435 1487 5857 2897 
140 62 129 93 189 47 5657 2703 3242 2074 5001 5251 4840 5480 860 3740 5916 4091 2353 4036 1910 5108 5985 3297 1568 1124 119 4307 2676 71 792 2030 5911 4281 2146 3521 5899 3662 312 1238 2636 4941 5604 2700 1987 988 5731 1775 2176 3371 2671 1806 1434 
141 93 129 126 189 47 2630 3086 5465 1234 4169 1883 1660 1596 5318 663 555 4952 2192 3597 1055 2892 857 2797 5155 542 651 5123 5853 702 3029 2056 608 2510 1416 3536 4302 1397 2728 1748 3747 4533 4034 4267 4165 1134 5048 5787 1204 4606 3489 4328 4284 
142 62 189 89 249 47 934 3202 3167 951 2460 287 4740 62 4039 2619 4634 5138 1164 1861 1979 4262 3986 5444 1540 270 4788 5262 4241 5838 3067 5590 5068 5337 1940 967 3881 5681 5448 914 1984 2778 571 5952 5107 1031 4318 2229 3668 1322 404 609 2951 
143 89 189 126 249 47 1641 1857 4404 5373 2032 4611 674 3965 1941 1512 169 1401 444 5652 679 1982 1935 3383 3659 3790 1766 1026 2956 4430 4574 4621 509 5903 778 5500 3690 2002 3041 2558 883 3093 3945 21 2125 2244 4633 1932 3339 1916 5007 249 3194 
144 126 0 150 57 46 2709 4564 2069 5556 3261 3052 4235 1727 2172 1553 2057 5190 647 2143 2710 5766 1414 3047 5582 160 3102 547 1110 4656 129 5331 2333 1318 4880 4372 2165 1054 682 5311 3674 1928 1801 4955 2031 302 2149 25 5742 2194 3464 765 
145 150 0 189 57 47 3562 4309 3270 5921 4109 2777 5646 1448 5130 2303 5330 1312 3852 1477 1869 3061 2982 2281 4283 830 4768 5139 388 2931 55 1147 2437 4534 1222 3373 4916 2096 1420 298 4563 4737 2729 693 1904 5098 1067 2317 821 5281 1248 4910 166 
146 126 57 156 124 47 3944 5734 2799 2925 1739 1490 5496 2246 2869 4179 1081 499 3107 465 799 5090 2590 5835 5227 729 1654 5059 2595 5550 3978 890 2727 4790 2536 2950 3968 5268 5489 814 4014 2600 2741 1909 5890 2150 5809 4782 5231 4894 4969 3426 4371 
147 156 57 189 124 47 688 362 5935 5427 292 3728 2254 3583 2305 2969 2337 1480 1228 5865 3638 1613 491 5756 1791 198 4560 4767 5384 5722 4242 1657 4616 2359 4115 4482 5610 3894 1089 4506 3212 5949 1907 5596 1975 1457 5061 3834 3877 5559 3341 264 358 
148 189 0 219 61 47 2646 2837 683 785 2919 772 950 3854 2216 4087 5213 577 4943 5193 2511 2175 5206 1740 2455 4427 5979 654 3732 4204 4743 1915 2068 204 5512 1956 1268 4437 721 1609 1287 2803 1682 408 3684 1601 4736 4772 3608 3001 798 5474 4947 
149 219 0 257 61 47 427 2251 3991 5754 3442 4962 1001 541 1969 1209 787 4828 2331 864 3145 115 3165 2772 5333 431 1834 5010 5520 4220 2502 2544 5119 472 2801 726 4381 859 4967 5308 2722 1047 2806 2025 1600 5235 1912 127 53 5516 1558 5751 895 
150 189 61 226 124 47 3364 5128 3698 4352 1803 2235 2876 1431 2995 3060 3719 235 3271 872 1456 2364 5579 4999 697 2166 3843 5025 3024 3779 3545 1592 4168 1231 4205 1095 3186 3320 1108 1440 794 360 3976 3846 309 277 4392 3441 4572 5785 2292 4997 2152 
151 226 61 257 124 47 2610 439 2278 4934 2209 3344 3663 3746 3602 1618 3901 2436 94 5780 1218 826 5837 1023 938 174 2861 1295 3306 1798 5410 3179 4432 4004 4321 5752 774 5654 9 1341 1926 3059 3436 3365 2680 1733 4216 5182 748 5553 1974 4301 2625 
152 126 124 158 179 46 182 5006 5618 387 2998 853 2875 4629 5469 1484 1129 1357 2204 897 3819 5932 3299 424 3818 600 2750 2955 4433 3291 2566 2347 4778 5019 462 3725 478 592 5982 2622 2844 993 646 2234 3810 2145 922 2805 827 1760 4866 4680 
153 158 124 188 179 47 1670 1796 2376 4403 3876 4474 4118 644 3856 3595 4476 3650 442 1550 5970 1693 475 5168 322 4060 5338 786 84 303 923 5415 3858 2290 619 2802 5332 4 1226 632 4961 5357 5310 2524 4074 3653 1952 5544 3729 5537 3614 1012 1891 
154 126 179 155 249 47 436 1117 4331 3203 5549 1507 5305 638 1254 1404 917 4557 4993 1580 4732 5252 1455 5174 5575 468 3140 5543 1462 3632 5882 2262 4353 3395 4863 3624 102 5485 323 776 4347 1172 1518 3361 5799 252 5851 3188 3153 2921 4460 5079 578 
155 155 179 188 249 47 1241 3821 4451 37 4501 4601 2102 4644 725 2843 2508 3989 2022 4719 615 4571 3239 5957 4191 4687 5391 4920 3693 2099 3964 3455 1161 1399 113 1788 623 846 1139 4438 4410 4942 5446 209 4057 1020 2980 5639 2124 2942 2768 758 1032 
156 188 124 223 191 47 4780 1444 960 4477 1297 5568 1710 241 1582 2932 3842 4559 5858 5224 1545 3917 452 705 2860 2094 4226 5801 2963 5615 3766 5913 3311 5723 1690 3677 3816 280 999 3620 3569 4096 2196 791 3143 2449 1048 5775 4066 141 4865 1155 4077 
157 223 124 257 191 47 1152 2807 4108 3127 3072 1626 664 1463 5864 1640 5675 1515 5692 4852 4973 5052 4471 3714 4300 5016 2986 4355 3787 5304 3739 175 16 1063 4741 3176 3935 3581 5538 1945 3051 114 4872 1373 3342 2790 2453 4076 5335 2245 2679 4911 5134 
158 188 191 220 249 47 1319 1918 3008 1765 2080 1621 845 3565 1685 441 5955 4219 640 2657 718 2006 3066 4748 4058 4254 3914 3517 2929 1713 1648 2754 1019 1832 958 1823 4238 5674 2624 2618 5067 1263 2593 2231 1695 4702 5920 4510 3833 4250 4946 5106 3401 
159 220 191 257 249 47 5660 595 4357 162 5027 178 1587 1099 2444 443 3469 1615 5313 2691 2717 3982 3878 1789 4686 2575 5924 2585 1386 417 1454 5031 5998 1644 3799 2473 3556 2896 1446 2221 4020 5607 4297 3389 5732 4023 4456 2804 4881 2758 1850 3439 4567 
160 0 249 32 319 46 375 753 837 2293 267 677 5470 1115 5383 1212 1925 1631 908 5126 2132 1564 875 85 5118 4485 5727 3825 3384 4875 5783 1696 5441 2693 5219 1736 4678 5624 1360 1123 1742 716 2114 2088 3274 3512 3218 2306 696 5748 5529 533 
161 32 249 61 319 47 2483 2040 5846 1370 4757 349 100 1761 4517 2785 5868 3497 5975 3192 1224 3244 1830 3630 3276 486 2652 3450 4270 4286 1825 3144 700 3506 945 3558 569 4279 1684 1750 3610 3836 1044 1162 1754 4807 1839 2732 4516 3689 4341 5207 3817 
162 0 319 31 379 47 3812 3010 1829 1145 4902 1028 3627 1858 3154 340 793 1655 179 2093 2066 1741 768 662 2071 259 5816 2917 5885 3348 3773 3503 4818 955 4061 51 5892 3057 5390 1084 5822 3949 2412 4640 972 3034 3213 1645 5072 3484 4979 4714 5973 
163 31 319 61 379 47 4963 1271 3319 2367 4664 4607 4582 4278 3474 871 4605 2512 4466 5241 1500 2210 5749 1901 5295 886 2635 1826 3649 4431 3678 2538 4521 4707 5539 1313 403 157 1252 4119 5594 714 529 4539 4098 5069 2018 227 903 3633 5695 611 4366 
164 61 249 93 325 47 5032 3082 574 4079 2467 4995 1864 4472 2284 502 4712 2381 3130 5472 4198 1105 841 2181 4553 2742 3285 5375 5943 1016 4509 4781 2213 5504 2756 4531 293 2374 4265 2215 5968 5267 2360 773 5195 3096 546 2311 5954 4491 5442 1460 2979 
165 93 249 126 325 47 4103 4930 1669 5717 543 636 187 1040 5640 4468 4602 2384 4406 3795 1561 4795 5915 4358 1180 4159 2654 2792 4990 5862 2900 538 5060 3461 996 3412 4703 5963 1175 2047 1294 142 4176 1030 357 3421 1783 145 517 4862 2960 4625 3896 
166 61 325 86 379 47 2841 801 5753 2310 956 4255 1576 5078 4170 1255 3351 2048 4830 138 3284 4073 4190 738 4110 3471 329 3075 2724 328 4919 5467 4144 170 4897 4764 2342 5545 1435 505 4387 238 5243 5771 3808 5417 70 3077 5599 90 4683 3366 2664 
167 86 325 126 379 47 4086 1970 158 2992 5874 2320 4313 3021 5431 2283 1671 5385 5074 418 3427 1447 3851 1468 1840 294 5502 866 3390 285 5964 1634 706 3639 2407 4230 5531 151 635 2187 3775 2665 963 3737 5840 3893 3480 3135 4195 4779 4093 3004 4917 
168 0 379 29 440 46 634 2539 943 5697 5080 3695 17 3941 4591 1573 1642 5437 1708 5094 2344 5003 5296 3237 5750 2463 2423 2055 261 3767 5548 3032 1389 3318 5342 2361 4826 4593 2134 1071 3863 880 471 1679 2954 3089 556 203 1686 4182 3189 1174 
169 29 379 62 440 47 1051 1683 5696 1284 518 2608 196 27 2023 1753 4102 5609 1114 5404 1372 5105 782 3801 3673 891 2266 915 108 5394 4717 2852 3734 1624 430 653 1769 3727 3957 3288 1756 2430 3660 3037 4172 2796 3952 146 2059 4484 3172 1412 4208 
170 0 440 31 512 47 5245 1083 1957 257 760 4418 3515 3977 3134 515 3900 4940 2458 1103 5627 3703 3462 1579 5121 781 2301 4359 4327 319 5622 2388 1432 1973 5763 4422 928 1207 3658 1725 3533 3470 3109 1064 5971 4493 4950 3290 5832 4907 5718 3048 1185 
171 31 440 62 512 47 3998 1749 299 4325 2261 2898 5277 5284 4345 3016 5629 3000 1165 2486 5237 5464 2126 3430 4487 5936 4638 1491 3919 3438 4200 5347 3479 4025 2140 3969 741 1729 1113 5103 5773 3125 2491 4306 4825 4550 1499 982 4924 3325 1000 4397 5255 
172 62 379 91 447 47 3657 2735 2123 5319 3124 2582 4126 5794 2060 2489 5366 998 3003 3848 2282 1539 5721 3136 4222 1183 325 1785 1542 4708 5124 4666 295 276 3247 4928 3748 3398 5418 3635 4156 5969 1314 3589 5875 879 1262 1527 1862 3343 5966 2656 1571 
173 91 379 126 447 47 3774 4887 1330 3350 60 2350 4636 3180 4985 2062 344 1549 493 2694 4386 3526 5322 5869 4016 5713 2294 670 2285 482 4043 867 3844 1619 1954 4797 4324 580 5714 1888 1178 4037 1471 4823 5339 5081 952 3123 1560 5362 3458 4083 3336 
174 62 447 98 512 47 1700 1993 4272 1259 2649 3670 5290 4007 2089 5450 4883 494 2157 213 3937 3642 5848 4234 216 271 1421 1283 3332 2690 52 775 12 3098 777 290 5070 5572 4475 5298 4056 5972 5684 2309 2786 2644 205 3326 5632 217 1467 1517 4338 
175 98 447 126 512 47 5264 3369 5196 554 796 703 1898 4479 698 4336 4213 2354 3671 3074 3891 3951 165 802 5841 1773 4350 701 105 72 383 4668 4647 4937 4399 3386 2203 2438 3939 5834 5509 1525 4323 3375 1636 3272 3873 4756 2808 3702 63 3560 983 
176 126 249 149 318 46 709 4376 2723 1784 2527 4239 5317 5154 2812 5487 1717 4105 3012 3009 2033 3889 5324 1232 3736 3579 1045 5392 1011 1813 2543 4504 5764 2085 46 2425 2530 1039 4299 4834 5671 2428 1080 4127 3625 2178 905 5447 873 803 5759 757 
177 149 249 186 318 47 5359 780 223 655 5813 584 315 622 3912 5093 5981 4529 3907 1186 2916 333 445 1182 1734 3226 5580 4197 5528 4201 5433 2965 2322 4747 4044 4699 265 243 2220 2341 448 4243 4388 3205 414 4691 2552 2003 2274 3333 1398 1223 4713 
178 126 318 154 376 47 3187 2577 5428 5619 5983 3017 1780 3214 1851 1565 2042 74 1304 5263 3544 1458 5878 1544 3478 421 1196 2826 320 1037 5211 2617 2746 1293 3472 724 4214 5066 4816 4565 1437 3621 1220 4609 4125 1068 4157 5784 3928 2162 1474 2193 2414 
179 154 318 186 376 47 4000 3568 4421 1699 920 1126 4904 474 4659 1338 2550 5256 4019 4889 4799 4751 3796 4045 1986 1347 5142 3078 3675 3942 434 2828 1822 5852 767 4592 3867 42 1880 5587 4829 5967 740 4837 5993 2253 2375 3433 3996 2410 5378 5477 2286 
180 186 249 223 324 47 5778 2043 1278 5647 2507 1340 1052 3574 3322 2554 2597 3872 3015 4542 1131 5292 5314 2959 5432 3391 3738 4612 5452 3090 2488 4273 5129 3132 2131 1249 3088 4600 603 4587 4225 4649 2984 1603 2820 96 4104 5700 191 2115 2666 660 2177 
181 223 249 257 324 47 4152 1963 5049 5691 5724 4012 3056 4974 1559 560 3723 2638 937 118 5125 5376 2399 4304 5039 4603 5894 286 797 1947 425 1214 3599 829 4839 3509 2202 2514 1395 516 3321 139 2366 3296 3641 2918 4085 2200 2763 1824 1607 5808 1728 
182 186 324 222 376 47 2171 5738 3498 2228 806 561 3266 5063 56 4268 1150 5220 5861 3744 1958 2276 2275 4746 2975 906 4002 5320 5 596 4665 5552 4111 2001 4847 1270 150 5047 5934 2223 2775 4960 4835 544 4391 2940 4260 4497 3465 4514 5699 2049 28 
183 222 324 257 376 47 3217 2605 5880 5893 2568 5456 4499 4983 149 2740 335 2612 399 2997 5820 3995 4031 334 691 2390 5445 1328 566 2034 4796 3548 1260 2207 4541 1698 2633 3126 3712 32 800 1159 5557 3396 5608 4646 244 2939 1362 3400 991 1605 3201 
184 126 376 153 436 46 3323 5457 2067 3148 3887 1846 2190 5416 5491 36 5222 850 2013 3020 121 337 5769 1978 4232 4786 5945 809 2999 2378 5535 206 2451 1176 1198 3985 3546 4806 1705 1267 3549 1625 599 202 3892 4015 1933 5525 3485 5829 5042 3971 
185 153 376 183 436 47 3897 2037 3922 2373 1732 5711 5440 2526 3542 5720 4478 3482 4112 497 1937 5425 2626 116 1280 5737 2368 1013 5938 4247 815 531 4573 5097 5811 2830 5823 5642 1942 4643 2225 5269 3385 2459 464 128 1714 3604 222 3956 5941 2316 1485 
186 126 436 153 512 47 4154 3946 2641 5348 2719 699 2269 1505 236 924 5309 1181 4072 1132 1871 1133 4363 2752 4005 5928 2401 594 2542 5011 877 2104 2800 477 4365 1199 1301 1245 811 4821 1496 5679 3379 1774 3234 4237 2464 1033 887 342 215 4811 2678 
187 153 436 183 512 47 181 1610 3508 2061 3181 2355 5423 2884 2911 2765 5368 5891 2521 2734 4378 2324 5908 2706 5288 4369 1135 3185 5510 3451 316 1442 99 2357 3776 394 86 2398 5395 5492 4240 974 3042 4583 5300 4067 4673 5791 15 3800 369 5517 1599 
188 183 376 220 444 47 5316 5578 4530 1377 5407 5897 5655 4064 5234 2386 1562 4463 3572 3434 5033 4789 2615 2607 2174 3781 4733 5393 2147 4637 4065 3504 1726 4251 34 3932 4013 5605 5522 5242 585 545 3594 3026 311 5527 5826 4383 1227 581 1072 422 5055 
189 220 376 257 444 47 5514 2429 2810 3397 2404 3407 1557 3885 4968 2358 1546 4965 2212 1929 3256 5650 2771 2591 1809 228 3539 4556 1776 2493 5757 2505 1022 711 1486 4289 3340 2573 4552 5247 2004 5630 1853 1575 1983 573 2682 5777 230 808 2142 1606 4143 
190 183 444 220 512 47 4446 5905 266 5008 2584 470 2109 4508 3838 4287 4343 5178 3716 1930 5729 1633 1906 1470 5658 4173 3759 2571 2933 4750 3278 602 5798 1955 2052 4653 2226 2572 2819 192 5351 3255 2513 3972 5703 3762 420 3831 5099 2773 1711 3359 3410 
191 220 444 257 512 47 5694 3473 5519 944 1938 256 5023 1104 2232 2017 2201 4461 5164 2180 4233 1635 4774 5361 5084 4408 5944 3906 2814 715 5484 5261 3629 633 831 3119 3993 2967 1524 1746 2704 3007 5387 2501 2279 4614 1149 2670 5186 3352 3263 4626 1130 
192 257 0 284 62 46 5217 370 143 1902 1127 2594 4815 4097 2923 3742 959 5888 5818 2154 4850 645 1676 5591 5843 1815 4568 2831 5266 5230 3788 5002 2456 5847 2395 1627 1837 1833 4667 4212 3613 5793 3259 1406 5547 2082 2387 4543 586 4978 2798 5453 
193 284 0 321 62 47 2913 3083 1236 5100 526 3643 5961 144 5216 2338 5244 5887 1529 5628 229 4613 5014 2948 4641 132 224 1523 4682 3757 1438 1050 5879 3654 3468 378 5419 2064 881 2596 2946 2011 5725 2870 4333 5546 504 4138 4106 88 1385 5162 2943 
194 257 62 291 128 47 851 2053 5950 2198 1179 4189 2382 2924 5013 168 5942 8 587 4246 779 3164 4084 3584 901 576 4966 4113 1758 185 783 2346 1378 3782 1881 1718 527 4927 5895 601 1158 460 2973 3908 3227 91 970 3841 3688 1439 4551 69 1628 
195 291 62 321 128 47 5530 5285 1091 5562 5451 4457 1835 4954 400 5336 3494 5065 4447 939 4483 5438 1336 3246 616 359 5223 4762 2548 5430 4763 1759 3409 3580 628 5922 306 6 2065 1109 218 5923 343 2420 1998 839 5386 4899 2520 392 5554 5171 1203 
196 321 0 355 69 47 4877 4428 2050 2168 5643 528 5574 2195 4494 2097 1364 1396 2669 4519 3777 3835 2553 2907 4728 4931 2230 1996 2027 4690 2809 747 4547 4526 2702 3324 2910 2776 4527 201 461 2985 667 4512 4315 455 4831 2504 1035 3745 1425 5634 2835 
197 355 0 379 69 47 1934 384 87 1141 5250 562 3488 1828 3869 2793 2481 4878 1296 2173 1764 1513 694 4745 200 5819 2856 2443 5814 4042 4500 3882 5149 992 2408 4379 188 2155 2272 5677 3033 5566 5762 4848 2726 565 5323 5715 5494 4330 4068 3030 2182 
198 321 69 353 128 47 1530 2660 4171 2084 2570 3905 2000 4898 1190 3043 5358 2137 3414 3505 234 1 2628 1511 29 2687 994 3587 4802 410 7 3979 3756 4032 5041 314 3815 1009 1014 326 2485 5380 5073 1612 2113 3789 2516 665 2695 233 1889 2465 3923 
199 353 69 379 128 47 5959 1537 4374 2469 2072 2589 1946 1315 3463 5372 4909 5927 5613 1816 524 3449 5659 932 361 2964 3524 2606 40 4257 2054 3425 4949 666 109 500 3875 2312 942 3236 2218 3983 5238 2749 5466 2356 5228 1768 5741 4215 2846 5229 3758 
200 257 128 288 192 46 4380 5960 5850 2250 2161 1890 1895 4844 3637 948 496 4395 66 2560 3617 5397 597 2008 3308 194 1595 3150 4801 2219 5795 4248 3753 248 5169 722 4525 1202 4982 3974 480 1541 5202 1704 551 5965 2893 1966 852 3452 4339 1701 
201 288 128 318 192 47 3861 4734 1931 5682 3955 5131 2855 5388 1637 195 4175 5931 1350 135 5896 2971 4022 278 2905 3915 4617 5481 5184 4705 3651 3095 5672 3770 2547 2529 3420 4003 1348 5282 2968 2442 1097 5153 5083 239 487 44 432 708 3704 985 4710 
202 257 192 288 254 47 1233 164 1060 1520 1638 5459 1286 925 338 5806 1478 540 2422 4080 4808 921 3647 3370 279 1461 2928 3590 1827 625 2692 5585 1379 5012 927 4777 3335 2578 913 1374 2222 884 1327 5761 2872 535 1272 3768 4589 416 2348 5625 1913 
203 288 192 318 254 47 1920 2753 5636 5076 3857 893 3219 3538 3044 5396 4498 107 824 1528 5524 3402 4038 4561 4236 5515 1943 5910 3022 3293 5824 377 5800 1752 5649 5187 297 1795 728 1578 20 2699 4726 2397 536 4742 4411 3586 5163 4994 5690 1195 5709 
204 318 128 350 190 47 1905 4814 5422 1852 3106 5886 4462 847 1112 5673 1343 3146 3997 1305 473 3315 5188 4448 3330 3874 1417 2128 4869 3138 4886 2447 1939 4146 5873 2214 1821 1514 1876 4344 4654 4842 4594 1403 3804 2476 2903 4162 367 5214 4174 2833 1445 
205 350 128 379 190 47 3730 5145 3069 1617 3987 5719 4470 865 1489 1392 3394 2677 4945 589 2789 1611 1077 3289 3380 2472 1620 4100 4513 507 5405 5900 4896 2321 4957 2095 5676 4879 5381 1887 2659 3161 1896 1143 2369 686 4160 2332 5621 3910 1329 5436 964 
206 318 190 348 254 47 1200 3399 2817 2767 2365 2549 2371 5476 4709 591 2922 5175 989 1585 1151 3920 1481 4124 3820 97 5987 5136 345 3064 1229 5112 2840 2394 607 3694 3162 2446 3715 2639 1345 4597 3967 4903 304 2479 2647 2433 4052 4150 759 652 1772 
207 348 190 379 254 47 1689 3280 539 5542 5996 2148 5863 5746 5352 43 3415 2882 4537 1903 4006 5370 4420 2945 5018 5990 5744 5091 101 2614 5962 1036 3532 3813 2302 3792 2751 620 5017 1298 3853 818 4266 3778 2675 981 4329 4354 2780 5056 918 3151 1608 
208 379 0 406 68 46 3916 366 3457 305 2993 5054 3338 1897 5521 2631 2565 1137 1096 1393 2024 76 3980 5558 232 4180 2007 3666 752 613 3499 1672 2130 2592 186 2079 1413 2263 2842 4131 5201 3216 5449 501 458 909 3994 1707 4314 5301 3531 2323 
209 406 0 440 68 47 190 789 4972 836 4275 4890 3295 5200 1366 2016 2648 3031 4078 4049 4675 1088 2434 5688 251 5735 4361 4657 4148 5197 929 557 3692 754 735 5218 4114 2063 1043 1201 899 282 3811 657 3353 4349 1735 2345 2990 274 4429 4122 386 
210 379 68 410 135 47 4393 2477 3501 5670 4771 2725 5279 2620 1034 2839 1953 1170 1087 2424 4288 4859 4139 4326 5914 1354 1359 226 2270 5379 4400 5501 1433 5040 4490 4923 3221 4051 5533 4368 4196 1503 5991 3028 2151 3250 385 1106 5307 878 3634 3466 795 
211 410 68 440 135 47 2046 250 3507 1299 3849 3392 5988 1216 1156 5374 588 4518 398 435 1206 4116 4027 3644 1264 2974 4701 4976 4794 1493 874 969 5315 3711 210 2163 5653 2862 4658 156 4142 3006 253 3312 2881 3640 1193 511 49 1282 1771 5986 4207 
212 440 0 474 60 47 4089 3131 4009 4773 4503 268 727 1923 3606 2450 2308 4140 3139 3564 93 356 307 1237 3327 1691 3700 4473 246 1652 1368 3522 661 3794 1688 521 5743 5260 949 4540 4001 523 2623 1154 1872 5191 1639 3013 4689 1101 3784 2851 3705 
213 474 0 512 60 47 428 4256 1428 1409 5089 5345 5536 986 1450 3404 2845 5399 567 1581 2983 450 451 2336 4396 1427 22 5064 140 695 2655 283 1662 59 2475 5792 2236 1475 833 1767 3065 1153 5870 5122 3159 743 5946 54 1793 5567 3437 4389 4758 
214 440 60 478 135 47 2280 5603 5209 1964 1709 3238 1090 260 820 3204 1790 3467 3346 1991 3530 5198 5612 2403 2021 5274 4569 5523 4648 4130 940 125 5912 5488 2936 3492 659 761 1107 1302 391 5160 2611 1239 429 2135 3570 5365 563 1807 111 5797 4253 
215 478 60 512 135 47 4441 3601 346 4322 1873 4394 2471 3382 1838 3331 5907 2189 300 3628 173 5687 1770 1678 4724 3091 3147 4697 1859 4440 2604 4882 671 10 2237 1882 57 2832 407 5360 1065 1602 382 1024 1697 4481 331 3612 3884 5257 1059 717 4522 
216 379 135 416 202 46 4133 5028 2581 152 2858 4184 330 2714 2431 2440 4953 4264 2755 5710 612 3934 2745 272 1317 1779 3791 4181 171 3823 4876 33 5143 1538 3611 4824 3018 4586 5212 3475 45 212 2791 2864 5354 1492 5468 1453 1429 4700 575 5221 
217 416 135 446 202 47 3797 1018 4277 423 5401 2681 1977 734 4185 1990 5919 411 4282 284 50 81 4486 5641 4694 5909 3566 4423 1424 2117 3520 5044 2770 1999 1339 3752 1598 1246 4987 4622 4348 1659 5157 2503 962 898 678 5906 5668 3376 4271 1300 4914 
218 379 202 413 254 47 1719 3958 3540 3265 2744 3523 2118 2716 2078 4285 4203 1066 3645 1651 4244 211 832 3079 2091 5856 3235 4660 389 4706 3118 900 5984 5115 1584 3571 2774 1516 4868 1358 5127 3349 122 1261 2865 4652 324 4382 1240 3428 4805 1650 308 
219 413 202 446 254 47 3577 2111 3036 5730 3133 1324 2256 2966 3578 3228 3419 83 3550 1184 5789 1042 2574 862 1210 3440 2650 2 3117 104 4305 5871 4892 3552 3329 1027 5151 3929 4415 3405 2598 1583 5226 5683 4495 582 2953 4123 2901 1335 3273 4604 4041 
220 446 135 477 198 47 835 5833 2101 4977 2788 953 3886 3676 1720 3424 5150 2492 812 4585 1002 5253 137 4367 5602 882 2426 5283 4739 381 4340 2909 5302 2470 1118 5403 5180 4464 2036 4293 3207 2688 1563 263 3156 763 4298 5088 4661 5768 5254 3680 78 
221 477 135 512 198 47 3316 987 1225 2238 2129 1251 4935 77 2249 1289 4385 503 3121 5926 3988 2240 4730 5161 1692 5132 3760 193 3116 2288 5053 3681 2941 5576 4356 3780 1472 3683 3019 5689 3527 4775 3209 1053 3731 1007 3623 1948 3802 1981 3115 5408 5443 
222 446 198 485 254 47 1274 2005 467 746 1976 1169 5958 2994 5812 2156 525 5259 1865 5356 2781 3279 1094 19 5246 1623 3168 5661 5508 5071 5844 876 2579 3225 2319 3682 973 3303 371 3970 954 3665 4749 1482 5526 1411 2409 3110 4134 136 4627 3264 2653 
223 485 198 512 254 47 2413 4752 2217 4677 3661 4245 1056 1290 3626 931 2603 4720 3537 2637 130 67 176 4029 2748 13 4426 3847 5782 4153 4194 5712 479 4932 570 4836 1731 1355 3883 4303 5239 3206 4296 3895 2363 3251 559 5363 3652 4107 676 4663 1960 
224 257 254 291 324 46 1029 626 1275 5326 648 4715 3911 2299 3691 1762 1085 2522 1706 313 5708 1497 1008 95 4520 1076 4183 2406 975 1855 1221 3664 5140 885 2500 393 4864 4718 2295 2307 379 317 2392 339 1900 4166 4192 3529 4770 2087 1122 2927 
225 291 254 325 324 47 2563 2448 3554 4398 1213 3163 5866 5400 4261 4723 4136 1342 902 5600 98 2370 3448 4071 1361 4915 5592 1675 4167 1646 3514 1074 3456 572 2077 568 1402 4063 4424 1949 2887 935 3828 3618 3196 807 1950 4555 4059 3269 4511 2197 976 
226 257 324 288 385 47 856 495 1285 2383 5439 4435 2561 5299 2583 1363 687 2879 4452 3454 124 2545 3253 4838 5586 1892 1506 5037 819 2962 5589 1157 1191 5087 3092 4280 1845 5947 5225 350 3027 861 2912 269 2199 1046 2432 5849 2380 4515 2531 5495 1146 
227 288 324 325 385 47 4819 1407 4053 2857 3543 1376 2343 2247 3403 1643 1116 3686 5265 1365 4645 2191 354 2029 4375 1532 2419 5776 4939 2070 2580 1128 5839 207 5685 4090 1944 4211 2352 5803 23 4906 4455 1744 3035 3516 1349 214 483 5120 3171 1674 3367 
228 325 254 354 313 47 3283 598 5341 4630 1593 5270 3046 606 804 3687 2494 177 2035 402 2009 336 3921 225 1441 3496 5565 2739 3298 3220 1163 4576 1173 3947 1501 2674 3122 2849 1589 4218 3476 5420 2277 3105 5669 2138 930 5825 1049 5058 684 3845 2496 
229 354 254 388 313 47 2497 3481 2402 4870 720 2894 5156 5141 3930 3607 642 2899 364 5294 5009 159 4884 3301 459 1476 2661 1841 380 756 2051 4598 3990 5473 4861 5980 2689 5057 4901 1479 894 3195 5665 4929 5889 549 1010 1005 5989 5662 5631 1038 2334 
230 325 313 349 385 47 4731 3222 1743 4075 5593 3528 2314 1702 2534 1391 870 5577 3240 5021 2012 4443 5248 39 2760 5185 1353 353 968 4577 2252 4944 3363 1510 5995 1817 3605 1572 506 1121 2028 1136 3309 2519 2587 281 5471 3708 5077 4050 2937 2877 5287 
231 349 313 388 385 47 2920 593 110 1737 2328 532 68 3959 2158 1502 3190 4841 1380 5413 1961 5158 2867 5999 1303 1616 1211 4147 4155 4496 2991 3575 1604 5482 3198 1102 4416 2761 5616 273 1694 184 3377 3826 5050 2811 5429 1597 5940 1310 3070 2188 3431 
232 257 385 287 452 46 4692 1848 2914 3950 2206 1885 5626 5275 5344 2705 3211 4444 2480 5328 3210 3446 3300 2632 1279 5075 5733 1992 4145 2642 4986 732 2227 1092 3909 762 3317 2634 3837 2696 5170 1309 3243 3314 2039 2454 2602 2816 2824 4364 3141 2883 
233 287 385 321 452 47 3710 1509 3393 5192 3453 2643 1371 3865 855 3387 4536 5029 2518 5705 1794 3025 5758 3174 3735 1649 2233 5739 5701 3260 1894 3805 1408 2108 2818 3862 1508 3868 4417 2326 2890 5583 1967 5570 3374 5584 1321 1875 4970 579 2208 4132 2457 
234 257 452 291 512 47 4855 1804 3803 1073 4094 489 4186 1344 2944 2836 2888 5716 183 2961 5872 3483 4791 163 5918 4177 1814 4445 5398 3709 3798 771 3142 621 484 438 4492 4803 2075 154 2686 291 1870 4913 2415 5540 3137 255 1629 2576 2349 4696 3598 
235 291 452 321 512 47 4454 4092 4554 2957 1877 5707 2613 426 5461 3416 1586 629 3866 2599 355 5638 318 4224 5278 5974 5561 3707 5772 5321 1230 1387 3113 5667 2733 3152 548 1874 2400 4258 4833 1078 2701 5312 1531 3445 2289 3487 4711 103 3224 842 1308 
236 321 385 354 450 47 1473 5462 1311 4228 1919 2139 5203 2335 3 1521 4873 2340 742 4137 1630 2825 3160 1483 3925 649 197 2551 3418 4489 5842 5199 1667 2517 3582 2120 3068 4028 5233 3646 1868 980 737 1922 4812 3672 707 1307 2421 4342 990 5030 5026 
237 354 385 388 450 47 733 3809 816 4685 5082 1384 4681 3443 3720 2972 3355 3157 3257 134 672 3701 2537 4362 3953 3814 3334 3287 1148 2452 2107 310 5176 2868 1962 3358 4081 1866 2297 4453 2478 4332 3518 390 5571 1548 2490 690 5015 3904 4505 4991 4377 
238 321 450 350 512 47 2787 5817 2044 2895 1677 2167 2532 530 4693 5004 5555 4413 3294 296 5651 2159 3268 946 1418 4502 4798 485 3493 3616 3054 1058 347 3277 5165 1917 1025 710 2685 365 680 1997 692 4895 374 5644 1777 112 3763 5117 4820 3486 1197 
239 350 450 388 512 47 3058 5111 1459 519 5664 1187 476 1567 5726 5147 5166 5402 2462 5306 769 844 5948 2902 514 1715 5994 4407 739 5137 1369 1466 3696 5293 469 4532 123 5702 4129 3129 1661 1812 4054 3229 155 3940 1258 4975 630 5101 4335 3502 3408 
240 388 254 420 323 46 713 2105 858 2564 1820 3936 5116 4813 5637 5350 5930 2417 1867 2668 1763 2821 4783 3588 5303 1111 2569 2586 933 4316 1086 5606 2482 2629 4888 4276 3981 1288 5173 3108 3822 2300 4202 4149 2627 1093 3085 3890 4580 5513 3741 3193 
241 420 254 449 323 47 1498 4722 1266 941 1410 1787 1673 4337 1778 4874 5135 1375 3050 5802 2731 5421 4624 4231 2721 3721 4785 2509 3765 457 2720 4249 5215 5249 3749 3406 3655 3388 3631 4469 4082 4716 2435 2885 4021 643 2784 1843 5595 4269 4370 979 1588 
242 388 323 420 387 47 1062 1552 4535 1177 258 5648 2103 2264 2427 3101 3567 1878 396 1332 221 1899 5929 2041 957 2391 971 1215 2889 1781 2673 4964 3460 869 5144 247 2265 4738 180 889 3525 5426 5779 1566 1687 5475 3281 3103 1382 2827 352 1333 5034 
243 420 323 449 387 47 2010 5992 4793 1119 4562 5159 1886 2850 5728 2160 3038 3963 4442 2379 4046 3055 2058 5424 4651 1189 3772 5291 4936 5860 3120 1168 4545 2863 3839 4292 5774 5205 1723 368 2170 5827 3097 5177 1569 4891 5804 4459 1142 1914 4744 3254 3622 
244 449 254 481 331 47 1488 5828 2640 3975 868 2405 1818 1388 2779 1995 3938 0 5532 2866 1860 3830 4047 2515 4639 5564 5035 231 1192 2291 1522 5902 1120 2411 327 4918 433 4290 4488 3534 3603 5000 3636 5297 167 5663 3307 2989 3381 3785 790 4334 2257 
245 481 254 512 331 47 2081 1811 4548 3208 64 3943 5755 3286 2133 3591 5939 3422 5877 1893 376 4566 834 5747 131 1577 3267 1656 3600 3094 5805 3924 3927 2762 5598 1292 208 1921 4761 262 3999 1452 147 2970 3519 784 3948 2416 5092 1469 689 1166 5327 
246 449 331 483 387 47 965 5573 5179 1980 4827 3619 3173 1079 1325 3372 1722 4405 4662 1988 1390 5518 5346 614 745 61 2439 1663 3786 4401 1504 4010 14 3656 4151 5745 5414 2947 3275 764 4679 1911 3593 5790 1849 289 5389 1356 1075 2241 2658 3903 4252 
247 483 331 512 387 47 2461 3898 3726 2393 3040 2712 617 3011 4885 4809 301 397 1098 2092 750 5367 1555 3230 2730 4117 2859 4849 3495 5680 4581 5038 4921 1449 4311 490 2601 4120 4161 5020 5656 2540 4984 5740 2904 5434 5933 5836 712 5325 2110 3417 4033 
248 388 387 418 452 46 3429 153 4425 2258 3128 4800 2385 406 2562 373 1927 2747 3354 3871 4069 2086 4908 2327 5977 5271 669 5788 4674 3840 5412 120 1265 1668 4672 1320 2528 2325 2822 4926 2076 401 3962 1451 3992 437 5815 4414 4229 5232 2073 5204 
249 418 387 445 452 47 4980 3063 2506 4467 5343 997 2684 888 4817 4209 4578 1908 3002 5845 1269 5085 3413 2339 624 456 1989 3585 3223 2556 1533 749 5183 2045 4259 4419 2559 2535 2829 5463 1144 348 2296 1436 1745 961 4871 3241 2783 1003 219 3918 4187 
250 388 452 419 512 47 658 5364 639 3541 4857 1836 4725 117 3149 5859 4989 405 440 2185 627 2248 4599 240 126 3722 4695 5276 5458 3706 2908 2930 5036 1426 4121 2555 254 2315 5146 48 89 415 1006 5046 4135 38 82 3292 1854 1057 1405 2164 755 
251 419 452 445 512 47 4546 3669 590 2782 3829 5355 5194 3459 2268 2557 2934 1443 148 1171 1021 189 4579 5454 3360 3262 4988 4853 4199 1247 5349 1972 3081 5867 5499 2988 5781 2184 848 3347 1188 1519 5353 3233 4998 3751 31 5490 4558 675 2098 2906 3112 
252 445 387 474 448 47 446 2871 2541 3357 4434 5767 1277 2298 4843 1217 3111 1244 1194 5460 650 1070 2304 2935 2737 4062 3880 553 2759 3913 4735 2616 805 4655 5560 2915 3053 4760 2313 1069 419 4412 5005 1273 904 4670 3931 5881 2121 919 2707 3073 813 
253 474 387 512 448 47 1792 2144 3592 1543 770 488 4449 5273 3685 1556 5167 5706 3080 2015 2224 1015 1724 5666 4856 5498 810 3864 1647 3432 823 1591 520 4635 4274 4507 4623 5956 668 3960 977 3667 2949 4141 1526 5883 1383 3553 1959 4210 2351 1291 3973 
254 445 448 478 512 47 3423 1306 5148 4128 2523 1535 75 1415 4753 3411 5904 2757 4101 3039 5786 453 5280 2255 4227 4769 3547 1334 2014 3104 5272 2834 3888 4436 4951 2672 172 372 4320 2952 3615 2100 1570 1464 916 5588 1400 2886 2743 3679 41 4628 2260 
255 478 448 512 512 47 3282 5104 5152 1208 2239 4373 1594 2815 4727 550 1751 242 3500 4017 2683 1680 3806 5110 5505 3231 4402 2738 4845 3362 2977 1547 5406 5854 5810 1574 4938 3337 3313 5831 5623 1316 4008 4804 1622 2083 5635 3733 35 4596 79 4193 5506 
