64
64 0 0 0 0 129 131 258 238 125 2663 6378 4575 161 4570 7034 1337 2468 4439 2090 3713 6988 7658 5022 552 6704 1844 1235 1805 2848 1800 6884 4776 7989 5479 7073 4390 3166 2119 6465 3199 4099 4319 3535 2711 4669 1847 447 6124 7072 6969 3169 2362 2020 199 6876 6375 6537 2372 3754 6590 6560 6334 4684 1971 1614 4854 1819 685 6220 4971 1394 4619 6805 4698 730 5043 5258 2874 828 3771 4759 5541 4263 2847 5678 4055 1419 6433 2466 2925 5503 3761 7530 1256 7721 11 5240 7361 321 332 7124 6484 3258 1712 4409 4158 47 7535 5189 237 744 3014 6835 4810 7975 5898 3899 5210 3750 133 3764 7365 4956 466 7351 6181 3087 1924 7666 5006 2487 5465 3005 1660 
65 0 131 0 0 129 251 258 238 125 4858 6023 6776 1596 1883 4840 7416 1747 5855 5787 3609 2795 6008 4036 5551 1234 6206 7831 7884 5916 2892 3029 5113 2546 7473 5760 7787 912 1205 4766 7267 2396 5698 7729 2510 4822 4040 1242 4523 5155 6177 5251 92 3489 2700 4188 1167 7229 4933 2192 4070 1568 7464 7384 631 3345 5435 7042 1554 6512 463 704 5444 4095 6311 7517 1487 5411 4620 5382 3965 7686 4384 7461 249 4241 4262 169 719 5590 967 6231 6070 1140 5448 1641 2956 934 883 492 3328 5262 4788 3986 2978 3513 2715 731 4404 1117 287 907 3790 5409 6598 7901 6536 5007 4787 1401 7285 2389 7917 7951 4634 6603 3249 3926 2127 6650 2106 636 4105 3285 1736 
66 129 0 0 0 257 110 258 238 125 5235 547 3261 7147 4309 5474 2194 7733 4372 864 6732 1414 1609 6034 4916 5311 1869 3852 4880 785 4768 1147 5921 2057 4943 693 1682 6204 3464 129 1740 2172 2096 4381 5979 6110 7400 1553 2931 7950 1222 5512 787 772 6460 6606 5766 6569 2281 7066 3562 3608 3674 721 541 7810 682 3052 6866 5516 1956 7863 6467 1909 7215 6960 362 814 5935 3968 1209 6176 4782 6257 5268 2278 6367 5559 3344 7203 5410 7036 6521 4560 4371 198 7231 2235 2741 1108 2359 3271 2680 277 851 5950 3746 439 5496 2292 2861 5553 2053 3186 4301 2595 3060 3877 2246 7130 826 890 7744 3978 3779 6193 1228 264 697 5756 4115 3426 2727 94 3024 
67 129 110 0 0 257 251 258 238 125 688 5550 5835 4432 5610 5025 6335 2209 3127 5801 4096 2347 2963 7623 3581 897 7730 303 3729 4226 424 7289 4403 7262 3810 475 1129 1063 280 6381 1670 6801 5310 1693 1626 4077 387 4872 2524 827 2234 1048 2955 5304 6232 5675 2750 6358 6839 6355 1952 923 7888 1226 3842 4474 2802 4680 442 7415 3072 4866 3176 3725 6005 6706 7200 4501 3143 3395 6168 4741 6469 4559 3816 7251 7652 4066 5858 6399 3964 7343 2843 3833 7625 5446 7408 6619 5732 4020 2080 2754 5252 7458 4748 1462 2618 1695 2102 2262 6940 1788 3799 5549 5106 5313 845 4567 4863 4451 4510 5067 1263 7041 1615 113 3624 1823 2929 958 6372 7545 638 1850 4085 
68 0 0 0 238 128 133 258 512 125 3510 4893 4544 843 7525 2533 6616 1017 6627 822 3178 4765 3302 7434 4615 7018 1494 4564 6722 6315 3724 5095 3084 4294 2418 6310 7255 4524 7697 2330 1326 7097 1797 5951 4754 4450 4900 1323 513 4026 3444 4688 1831 5086 5096 7302 6025 6740 6746 1495 7961 1994 7755 7719 4671 1061 4351 2976 3717 6892 4721 5978 3191 395 3902 24 1782 3860 1716 2153 2019 4312 4018 6853 7876 5830 5455 7641 6625 4024 409 7728 5686 454 7650 966 5563 673 3832 1968 3252 7759 3933 5901 3071 3966 2318 2799 2794 58 7019 2766 4959 2981 6697 5172 3954 6256 1351 6618 1346 3182 1681 3573 1082 656 4922 3699 6295 6756 1430 6731 4035 4302 7600 
69 0 133 0 238 128 251 258 512 125 3824 7984 3597 6322 3184 5369 6226 5108 2205 2630 1910 2495 5478 2764 3536 3793 2698 6895 3371 1884 2651 5693 1134 7588 3245 508 6275 1004 2074 1775 7694 4317 341 1664 4281 2146 860 5985 4755 663 1434 1703 7120 1534 6658 3521 7756 6980 6182 5486 7949 5731 3242 3194 7331 7366 2122 2460 4851 270 6074 3383 3690 3100 26 2244 2718 7433 5838 5329 7053 3807 6293 3477 5062 778 4360 5807 1982 3203 1540 2778 1590 679 1422 5925 1512 3697 1738 7369 220 6829 4621 1941 1979 1031 3596 1940 914 2038 2951 5617 4465 509 7990 6628 7822 7875 3093 7335 5337 5377 4331 6826 5736 1164 5373 3076 80 7432 6532 6757 7131 4485 6387 
70 128 0 0 238 257 135 258 512 125 2165 4910 950 7966 5206 4235 5213 5754 895 2544 6081 7569 7735 1727 2025 1268 577 3684 6914 2982 2511 3047 6882 1915 6362 647 5330 4656 6230 1558 4563 5217 2772 2710 726 204 1600 1801 1928 5520 4962 4220 765 5333 472 160 798 166 1001 1912 7196 6064 5281 1834 7341 1969 55 1420 7447 3270 5384 1081 1431 6810 5489 465 7039 3834 1739 6804 7802 7969 799 5780 1231 3901 292 3583 4352 2876 7746 5809 7673 794 4205 1456 729 3663 7467 1657 938 4216 3306 748 360 1490 5231 5128 2869 7751 5865 6434 1457 7165 7111 1907 3638 3894 3545 2150 2436 6591 4476 3858 1444 2807 16 960 592 6013 2566 4471 3051 6954 4852 
71 128 135 0 238 257 251 258 512 125 5415 7740 5723 3917 4629 7435 7690 1796 2875 6383 3766 644 7611 5469 322 4060 2622 6680 1155 452 6848 7050 7016 6749 5864 4911 5544 6373 705 786 7477 84 1484 7977 2145 7201 1297 3342 7405 6747 7087 6377 3595 1640 1710 3653 5357 462 2094 6141 3714 4865 2860 2790 5335 6266 4300 3632 7854 5174 6959 6787 3140 2758 5607 6962 3389 5955 441 2508 1446 4357 1172 2473 7380 2717 1644 6597 6754 6021 6595 1580 1399 1161 6012 468 7430 4238 6897 3821 6621 4557 2231 2593 5998 5485 6602 7878 2657 7428 3188 4719 7026 4946 4456 718 3914 2691 6453 3401 4438 1019 4254 1254 758 6552 2585 7924 1404 1099 4942 7224 5031 1020 2543 
72 0 0 258 0 117 134 512 264 125 978 4846 1160 6130 936 5133 1863 3045 6600 1802 6827 2499 73 7644 5208 4584 2242 4860 106 65 7773 5371 6047 4650 2996 5796 5483 5937 2141 7743 825 5493 1125 6030 1951 1808 6427 3491 1423 7048 7063 4164 7983 4528 3197 7403 4792 4308 6828 2287 1352 5770 2854 2938 817 2567 3755 3961 896 275 7663 1755 7392 6371 3248 3769 6611 564 5181 618 6647 1757 7794 7689 2259 7833 512 537 6965 1138 2441 681 947 2273 6596 7492 7227 1799 5614 2662 4291 736 2645 2267 2329 4549 3783 2271 6846 6729 2853 4948 4676 1936 7507 4223 4048 4912 2445 2186 7240 4206 911 723 2873 2667 2136 6888 1856 838 2243 4832 4091 5334 2797 
73 0 134 258 0 117 251 512 264 125 3870 7675 6868 5109 2697 2838 3557 1276 641 1465 4307 7793 6173 555 7613 7914 6325 651 5997 3551 988 6160 3447 5236 2588 6420 608 3662 7419 2179 1879 2377 1551 5604 1397 6549 6482 2958 1987 1665 498 5480 2353 2671 288 3183 857 5123 3743 702 4310 5899 7945 3740 6045 6926 995 1331 1806 7827 2176 6751 1810 4941 5318 2169 7563 3559 2703 6869 6572 4039 1935 4088 3200 6353 62 571 2474 4590 751 7923 2897 4430 2769 4981 1322 2229 6733 6645 2619 2708 5500 7074 3435 3167 5765 849 5340 3177 2112 2484 5138 5511 5286 3202 926 6973 404 7022 5068 1857 1721 3718 4996 4163 5681 2032 7996 4740 1026 1766 5704 4757 5868 
74 117 0 258 0 257 132 512 264 125 6920 1448 6760 4772 7213 4109 654 5190 5331 408 2806 3102 7682 830 2303 2031 3373 298 6451 7249 5119 6425 2069 1110 2437 5139 2331 6811 5130 2333 4283 5751 4828 3561 4743 2317 5646 5010 4427 1318 2175 245 5742 7123 6356 412 2068 7010 1047 1287 6129 2837 1054 859 2919 302 3728 427 2950 2216 2536 6483 1440 3341 5227 4179 3059 4934 4014 1803 235 2590 6062 5579 5596 3364 9 7490 7137 4616 1480 4894 1926 7985 4004 2995 1654 3698 6144 3441 1733 4999 3846 5090 1618 6635 5785 4168 6246 5182 491 1730 6285 5734 30 4704 5949 2337 4242 6188 872 774 2610 3107 5837 6924 4482 1592 3843 3179 1550 182 2204 6905 6815 
75 117 132 258 0 257 251 512 264 125 664 6341 1891 5982 3739 5168 478 2196 4267 6623 3787 4284 7086 4973 4780 5019 999 6297 5332 7834 4074 2290 6259 114 4778 2805 3876 5960 853 7263 4961 4533 1690 175 1582 7784 791 7300 6575 6998 2376 3935 1357 6393 4606 7452 6044 5618 3569 2844 1204 5048 922 2449 3693 1455 5775 5052 4347 436 2768 2453 5692 7040 5568 2932 7861 5224 1518 3361 5615 4076 3239 7211 5799 3041 7636 323 2125 2980 2221 4219 3455 37 5639 4601 4250 2624 3565 1587 5543 640 417 1319 443 5674 2804 3439 6312 4057 6258 3066 5305 2558 7481 1454 2896 917 1507 6580 209 2575 5660 2921 4297 5957 4686 1386 4687 4633 4732 21 3982 1186 315 
76 0 0 258 264 129 113 512 512 125 4610 4925 3576 4588 5597 3984 3648 4958 1653 2878 1965 5045 7070 5114 1666 7893 2609 1257 2713 6102 3062 7562 2621 7451 7149 6219 7210 2211 5821 7412 5917 605 6374 3368 2736 5102 5876 2880 4905 3304 3215 1243 4608 1219 351 522 7576 2183 7274 4632 892 1985 7303 3175 3305 3023 984 910 7995 1658 3170 7692 5289 4867 788 2026 5601 4992 2709 6185 6613 6095 449 7000 18 5884 5051 510 1367 4346 3827 2525 4784 4295 854 4030 5497 3944 610 6832 5976 3378 1842 1041 7997 1786 481 3490 4217 1536 3563 363 4729 766 7532 7518 1253 5534 1381 7967 3555 3356 558 6506 3232 5620 6758 1281 5507 583 4221 4480 5569 3859 3158 
77 0 113 258 264 129 251 512 512 125 6808 2116 2987 2498 637 6633 2823 7216 7064 3511 5645 4011 5024 4538 3879 4034 3155 71 6653 3114 1124 7266 1416 5657 7620 5611 1632 6077 1250 3086 2030 7968 604 792 4165 863 2636 4952 6540 6696 7799 3850 2056 5001 3310 3099 2728 119 542 4169 7254 4458 7513 2676 6861 3747 1055 6363 5953 3297 6336 312 5911 1100 534 1238 6294 4328 5853 6299 7344 7183 1748 6304 413 840 3339 4595 444 6712 5903 6928 5857 6584 5652 2813 674 609 3945 3668 7571 7407 7272 4318 5952 5581 6551 4618 4611 4178 1916 3881 951 2926 7568 3067 3049 4631 2002 4642 5633 7032 1932 5107 4574 3659 7981 2891 1861 1984 3855 3817 142 7992 1123 
78 129 0 258 264 257 130 512 512 125 431 3991 3442 7191 6166 6736 1312 2803 5193 4534 127 5556 821 2143 4737 4437 6445 2801 3001 1248 2722 2455 25 3854 4736 6755 683 7198 4204 2502 7913 2149 6307 1904 5582 2777 3732 1067 2646 4955 3145 7468 7108 388 53 4947 2251 4087 6986 3061 3165 7505 115 5308 1601 5098 4967 2729 1477 358 499 1095 3436 2166 7410 2364 1613 4997 4767 2600 3320 1218 3976 4572 1975 309 5061 6216 5890 1798 4506 7630 6501 5654 6390 5752 2254 7550 7307 174 3365 4790 3602 6488 7643 7446 3212 7150 6041 2969 1023 3719 1089 4392 6498 1341 6570 5427 1974 7065 6169 6707 5722 2152 5059 4969 2305 1791 1295 4321 646 6727 4433 1373 7889 
79 129 130 258 264 257 251 512 512 125 6213 600 6189 6192 6017 5932 5913 3856 5538 6104 1760 4477 3299 5016 993 6198 7626 4 2998 1152 2679 7790 3818 3819 6280 1515 241 3291 1945 632 5537 3677 3614 6436 1012 5970 7001 141 4118 3620 3650 4108 619 5338 2245 5134 3311 2124 2022 4353 2099 5575 5882 4355 4380 2942 1545 1463 2986 4881 776 3469 6571 4191 5920 6486 4460 623 3556 7258 7005 5027 4702 6735 846 1621 162 102 4644 4023 1713 5851 1918 3517 6824 5391 7885 1685 4920 2444 252 4571 1139 595 615 3989 5079 7699 3878 1032 1832 2006 5924 4058 178 1765 6587 7781 7764 725 3153 6179 1648 7346 4993 7209 4410 1241 1789 578 6780 3008 2220 3056 1947 
80 0 251 0 0 130 372 246 250 125 1030 3461 716 5487 7837 2114 996 6217 4807 3130 700 1839 7051 1761 6909 7933 2527 6113 4286 5504 2306 2812 538 1044 5783 7653 5748 4517 5968 5154 2483 1180 7788 2384 1696 6531 5963 574 5624 6339 7043 2979 1460 85 5717 841 7236 7377 4795 4103 3497 5317 3689 502 3512 3274 1175 753 1040 5126 100 6767 7948 2367 1271 5428 7556 4625 4119 5295 7573 51 7732 4607 3010 6060 5973 4664 6037 6648 4979 2093 2210 706 2018 3503 4144 4830 3639 2841 1741 1829 5431 7264 3057 1840 2577 7356 871 329 3135 7851 2665 1970 7439 7411 5531 6238 2071 866 3893 3075 5840 6867 4073 1576 7462 5385 7738 6087 6744 6088 6022 3812 768 
81 0 372 0 0 130 512 246 250 125 418 4086 4897 3284 1645 7500 6035 2066 3189 4172 7727 2294 3957 518 7683 3458 5869 7937 3336 7511 3323 4928 3037 5457 3123 27 2067 3863 5404 4083 108 3695 2060 7642 3318 4386 3635 7315 7455 3343 7459 1846 5366 5721 3032 4208 6972 7585 2282 2344 5080 6626 2059 4156 2694 7681 5875 1573 6686 5362 5339 4484 6819 6682 1571 2852 3589 6222 325 5342 6807 891 1064 4666 5394 6148 4924 4327 2350 63 2301 703 4007 5509 6132 6656 7852 2690 1973 3515 928 7340 6565 7187 4422 3900 3290 1421 6476 7449 3969 802 1957 3326 3873 6042 3125 7440 1517 6241 4234 5237 983 6447 165 1113 5347 1259 3470 4487 4399 1185 4950 6672 3533 
82 130 251 0 0 257 387 246 250 125 6429 7648 6908 3088 937 1131 5671 7753 6415 414 5447 5392 7259 7212 5125 265 660 6250 6432 2820 5813 584 4834 5808 46 4699 4974 3509 5764 2428 4529 5894 3889 7820 5778 1052 2322 3579 7814 7778 3009 96 2959 603 6841 4201 7172 1340 3391 780 1249 3996 6114 5376 5700 5587 4649 4600 5063 3498 7497 4847 7360 4659 1304 2390 2740 7145 1699 2193 7918 4983 2276 42 2617 1150 2612 1822 2939 596 7047 150 1328 7357 5 6276 320 3465 6910 2034 3548 7167 6944 1437 6681 4665 4835 3942 2207 4111 6140 2049 2001 1347 434 2633 566 5861 4960 4746 906 7931 3995 7927 7928 7687 3340 6154 1732 7685 573 5269 7135 1705 4463 
83 130 387 0 0 257 512 246 250 125 228 6251 121 1546 1848 3397 545 2459 6574 4112 4643 6843 7011 3922 850 5811 36 7575 6454 7319 4552 3542 1625 2451 4530 3885 2358 2429 6468 4013 6052 6559 2404 2004 206 1942 5527 6837 808 7318 4789 6594 2147 7679 4251 6117 7816 1072 6858 1606 594 369 5393 4363 1557 1442 2279 5395 6877 2464 7121 6708 7795 4692 2226 1774 2584 2513 2324 5791 5908 192 3716 7838 3042 2800 181 3185 6849 5084 7712 2017 2884 5928 6440 4811 3473 2401 2398 2765 4750 3972 6788 7471 1133 5423 5517 3352 3759 2109 1181 3119 7910 1906 6885 2501 2572 6693 5261 6968 420 86 1245 4614 1199 4343 2052 4067 4233 7804 2180 4673 6694 811 5905 
84 0 251 0 250 123 387 246 512 125 3825 3144 7457 3192 4176 1162 5267 5846 3218 1105 1294 1115 2900 3082 1750 4995 7038 7844 533 5943 7662 1564 3384 5472 1783 569 5442 1212 4270 187 3630 7372 3836 4703 1864 4602 7237 486 7100 2785 2215 4712 5954 2293 7649 6036 5375 6651 4159 5915 1742 3244 1561 2181 7591 7292 375 1370 6028 6762 6050 4521 714 4472 6402 5964 611 238 5892 3366 1468 7279 158 6201 7106 2992 1634 4387 6079 2187 955 6007 1435 3484 227 2512 7926 5771 7553 5749 7597 6983 7828 3390 285 1255 6643 801 7964 3949 3678 4431 3154 903 3319 6313 7617 5539 7312 4098 963 4110 793 7218 70 7015 4707 328 7657 3660 5609 1389 1372 1549 670 
85 0 387 0 250 123 512 246 512 125 146 6170 1888 5081 276 3748 880 7584 6507 4708 3774 6660 653 1114 1756 2463 7017 6233 6942 2361 5319 430 7677 6701 6845 6936 493 556 7541 17 6918 7127 7394 1412 6879 261 4985 1330 3657 7988 5794 3172 1708 1753 1314 7972 7358 4043 5322 2055 7770 2266 7431 915 2539 203 4593 1624 295 952 5714 7798 1471 5121 6014 7703 3000 982 1636 3998 4479 3430 1432 5627 6428 4350 105 6142 7139 5196 4907 2157 3702 4336 3703 6343 6935 6059 1283 7908 4550 741 52 3951 5684 5255 3642 1491 4325 4668 1898 5718 1725 7911 6111 7306 216 4937 1773 4200 2786 7855 7421 299 3016 6642 4883 781 213 383 7907 5450 6303 4756 7378 
86 123 251 0 250 257 362 246 512 125 905 243 2341 2763 6563 2366 4197 118 873 5129 4299 1039 7235 3599 829 5981 6010 1824 4542 139 5049 7590 4225 5039 5452 5433 6158 1813 1395 5759 2003 191 1398 3132 5432 2530 6745 2638 622 4239 516 3333 4127 3896 2177 1182 7758 7348 1214 5691 4273 3912 2916 6442 6016 4603 2554 3907 6093 7655 2918 2131 7900 5093 5292 6187 4751 6150 6958 3723 1474 806 6443 7058 3400 2375 4646 6883 991 1605 3214 4031 4421 2410 7978 2828 2746 6319 1260 7328 1293 6351 3396 5880 4045 1851 920 5934 5967 4391 5852 5699 7874 5893 2223 5066 2940 56 421 1338 4565 4514 74 4904 5993 1196 5378 7099 244 5456 3004 399 7999 5878 3744 
87 123 362 0 250 257 512 246 512 125 2414 3201 724 334 4002 7776 6431 6661 149 5619 7741 4541 7509 7031 2190 2316 5416 1978 3594 7166 2013 6765 3897 1267 5316 5425 3887 3539 5769 5630 5522 1198 3482 4806 5491 5440 1280 7094 311 2591 3549 3956 7528 3407 3892 1933 1562 7234 6033 7879 7785 1776 3604 1575 202 7619 1929 7880 6539 5042 116 4065 6174 6934 2706 711 3906 5361 5798 6679 2357 887 7090 6772 6279 6405 4855 1135 2933 3800 7228 5492 5679 7320 7660 3451 2670 5387 7792 4369 4821 236 1635 7519 3560 2814 7383 6485 3508 4154 2967 7860 1496 1633 5164 3762 2232 3255 1938 7760 6327 6844 7718 2061 6261 5178 6800 4287 7155 2542 5011 4653 5288 7696 2641 
88 0 251 246 0 116 396 512 255 125 2652 2132 5529 4990 3610 7104 7548 773 5640 696 2792 2756 7929 7055 546 5383 2284 5118 7184 7298 3412 677 3096 5219 6223 7119 4468 908 5470 4491 5060 543 6061 6734 4265 6278 4781 6692 6850 1631 875 6000 1500 5072 157 6382 7248 3627 7206 6932 3649 3351 4190 4582 2917 6984 3474 2635 662 3034 5390 6993 5874 1671 5885 529 3427 1084 5753 3021 5078 4902 5502 6842 5816 7607 5545 3077 294 5467 1145 7998 170 3348 4605 972 1313 505 5243 4278 738 6391 7629 2320 6795 5695 4366 5069 7362 4640 6298 403 6778 6352 6907 5417 5418 2735 2656 6945 7925 3844 4182 7116 3952 2430 1686 6724 5750 3673 1071 344 6510 5296 5713 
89 0 396 246 0 116 512 512 255 125 5696 2134 196 3350 7739 1954 7958 998 2023 1051 3767 3089 3941 3526 3124 2582 1769 7942 60 6243 1642 6203 6814 634 2608 867 6923 1683 7128 4826 2423 943 6305 5003 5124 4591 7282 5094 7181 5969 1174 5437 7791 2796 7706 6793 2489 1785 7162 5763 1862 879 7494 4797 1749 4025 3247 3098 775 5290 2203 12 2486 7980 4306 1083 4825 4418 760 7596 217 1467 5936 4345 5773 2261 1207 205 5103 2354 701 3670 3937 4359 3462 1700 5264 7570 5298 698 5245 7646 3109 3074 6195 5832 3386 6995 2491 5277 5464 5622 3671 1729 5632 2644 5572 7354 5848 5284 5629 5972 319 777 3658 3977 3134 554 3048 1499 6167 7595 7506 4940 2309 
90 116 251 246 0 257 382 512 255 125 6785 7615 2960 4104 5359 803 2047 5647 2399 6287 1045 1963 1223 448 1734 2200 6688 286 5314 5580 797 4243 1728 1011 4044 3625 6365 3736 7028 1278 7301 757 4747 1607 6703 3872 3205 7314 3090 4504 4587 2043 7887 7566 3296 7840 445 3544 6038 3928 7943 7245 3322 560 6669 4497 5263 4862 3126 4779 7485 3775 7857 5256 5320 1565 1544 6851 4499 5557 2605 4917 7295 5820 3217 7955 2171 2826 6301 4829 767 6726 3480 3712 6721 335 2286 3433 2228 4019 3078 4260 4837 2253 5477 4592 544 3621 7704 6272 4889 4268 7708 1880 2775 6444 1159 2162 2550 1986 691 5211 3675 5142 7574 1362 6416 3781 6581 815 3026 6379 7268 2174 5650 
91 116 382 246 0 257 512 512 255 125 7869 4064 4478 128 34 7565 1619 2573 5826 7375 3148 5757 6622 581 4289 1714 5247 2378 1485 5829 2615 3256 4037 7291 6592 3971 4733 531 1937 5605 3485 6971 1486 5938 5535 4232 5234 3985 5097 6456 1178 2142 3546 7347 1726 6019 2607 2493 7059 4968 6685 422 4786 1809 6718 4556 2810 2386 5222 4143 4637 6105 6406 5941 2830 2368 2682 5033 7762 5655 4383 3181 2521 7495 4583 1033 2704 2678 5186 7420 215 3272 4508 3278 1930 3831 1711 99 2201 3359 266 2734 7221 6364 877 7288 2571 5008 1470 1130 6308 3946 5729 5309 5351 7338 3007 7850 6326 602 5099 394 342 6424 6418 7676 2773 6725 5891 6987 6069 1524 4173 7278 3375 
92 0 251 246 255 129 362 512 512 125 1224 837 3421 7567 6277 2360 5032 4376 2311 2213 5207 7089 4198 7845 4553 3506 5975 1784 2374 709 1830 5441 6494 293 145 1360 4341 4678 4079 4875 6024 4509 5862 3450 7194 2732 6576 2467 4930 3276 945 1717 357 517 1925 4516 2742 7604 7270 6411 1754 7474 4531 267 1016 2381 4358 1669 6583 349 1825 2654 2723 6296 3558 3795 2693 2040 2088 5195 5727 7965 1684 6917 4279 7253 3187 4061 3213 6072 4406 4919 2664 5983 7707 4230 340 635 1858 1252 4539 5074 4683 6579 1028 5241 4195 7093 4963 6847 4818 4255 6463 2538 3737 3017 2724 7819 2048 259 179 2342 7103 3633 3851 151 2407 5822 1826 4714 4313 6248 2283 90 4764 
93 0 362 246 255 129 512 512 512 125 7529 6821 6103 1655 5594 4466 138 4170 4093 2310 1447 1901 956 5599 3471 2412 7192 886 6392 3773 3808 3237 5105 3734 4222 3727 6803 1539 4016 580 1679 1262 6450 7296 2954 4717 3398 782 4102 5966 6963 4126 6459 6605 4636 471 482 6462 1542 1183 3003 3136 1560 5697 6357 3801 6157 4823 2285 7536 3180 4324 2062 1527 5548 1284 3288 2123 4887 2140 3848 2388 3479 3369 3891 2269 2126 4213 1579 4493 7952 2808 1993 1000 72 7422 5348 494 5834 257 4647 2898 1525 2719 4338 3939 1165 6894 4638 3325 7437 290 2458 2438 4272 7308 7747 796 4475 1103 3919 3438 4056 3332 2649 4323 5841 515 5070 2089 7715 699 271 5971 4397 
94 129 251 246 255 257 389 512 512 125 6900 2965 7691 223 1080 6412 2178 5528 2425 4012 6026 2274 3738 4691 1559 2115 4304 3226 1029 7921 2202 6159 3015 6906 7531 7754 4612 1603 655 7359 7271 6039 7903 425 2597 7515 1232 3574 4713 5324 2085 3641 7621 7242 4388 3321 2488 2552 4152 2984 333 4839 2033 3012 7382 2507 2666 2514 6153 5724 3867 6863 6020 1270 1126 5552 5738 2568 5784 6235 2997 3796 4125 1780 4000 5445 1220 3568 7004 5047 2975 7170 4799 474 4157 800 5220 1698 740 7482 28 6063 1458 4214 6073 3266 4609 5608 3472 7724 32 4816 4796 3478 1958 1037 7390 561 1068 2275 6719 2042 5737 6332 2999 7640 5525 7220 3572 5514 230 6683 7054 497 7453 
95 129 389 246 255 257 512 512 512 125 7742 7309 809 2373 2526 7126 6695 222 3932 5823 3434 3385 4965 2212 4573 5720 7370 3020 5777 5407 5055 7202 599 3504 2037 1853 5711 1022 1227 5642 2626 337 585 5578 4247 1983 2225 2914 5945 4015 1176 1013 2505 464 5897 6779 3776 1377 2771 6956 6009 2752 5242 6761 3263 974 1955 4626 2911 3234 3838 3379 1599 5368 3410 4072 477 7890 2355 470 633 1301 4237 5658 6242 4461 7469 7821 6473 4408 1505 7745 5519 316 7353 15 4774 5703 3629 4005 2104 1871 7195 5694 7321 715 5510 5484 6938 831 1149 2819 6324 6227 7848 4446 7750 4240 1610 5023 7725 256 1132 3993 7883 1746 5300 5944 1104 4365 7645 924 4378 6522 944 
96 257 0 0 0 377 142 248 250 125 4931 2913 4745 1828 3835 5888 6503 4042 5566 3777 747 6464 7280 4831 1385 5419 7057 6300 6065 6346 6368 5002 88 6221 1523 4500 2798 2776 2948 7247 1676 1764 5961 5677 3745 1996 87 4848 6161 4641 2985 2387 378 5793 2082 1364 1998 1378 3488 3688 188 5013 5562 6615 7193 5228 7241 69 1835 3789 3414 4084 7920 2964 7488 326 7199 2312 6366 1336 7113 2695 7310 6056 40 2687 5613 314 2548 234 1759 839 361 2973 4257 524 628 4899 2065 1628 5530 6720 4802 5659 942 7157 7079 4762 7713 666 5238 779 4966 500 1315 6 5041 6143 2072 970 7 1014 3756 2833 3069 4734 2095 7559 3452 2214 7503 194 1876 4448 6809 
97 257 142 0 0 377 255 248 250 125 7986 1617 5886 7849 3308 7577 1541 847 5676 4175 6492 1350 2855 4462 3974 7909 6333 5083 4174 5672 6274 6738 44 4844 1305 1931 4710 4022 6497 3915 6449 2659 7716 5214 6878 3380 4513 2250 487 1202 5719 2903 3987 1905 597 1097 6208 6479 3289 1620 1445 5422 2128 367 5673 1637 6769 7768 5184 6529 5800 4561 7523 2578 6400 3335 5761 2479 101 5515 1060 1229 6816 3280 3370 5175 4354 6475 1689 338 1286 5017 1298 7156 884 913 2302 5987 3590 1195 824 6555 6162 6730 2549 7624 893 7374 1200 5136 5625 5018 7456 2751 1752 6886 5396 2639 1520 20 1374 927 2348 3532 4709 3064 2922 4903 2647 3813 5649 6414 5459 7067 7552 
98 377 0 0 0 512 129 248 250 125 5301 3457 1101 6609 557 1793 833 6620 4140 3499 3353 22 6262 1897 1201 7414 5218 6871 4689 836 305 3159 54 3216 5201 428 190 789 7114 5521 186 4256 4314 1662 4001 2345 6131 1707 1450 695 7974 735 6667 1672 3030 2236 7542 1096 5743 2079 4758 2565 2024 6737 5449 1581 1428 1024 5567 2263 1964 929 7737 3338 6860 4116 6122 6933 1264 3634 1302 253 2936 7391 1239 2862 7049 2151 49 2611 1065 6396 588 6599 6654 6750 6881 4724 3466 4569 4441 969 5257 7862 1697 5279 4139 1107 5687 6893 3530 7020 1503 4518 435 3601 125 6966 5533 6018 2471 7293 6292 4976 1838 4288 2163 3221 3492 4322 7522 10 1991 1087 4697 
99 377 129 0 0 512 255 248 250 125 5160 6403 4367 6547 1692 2788 3475 1948 3683 7424 3681 7406 678 1492 4661 4340 4185 5161 763 3116 152 5689 1981 7442 1002 2864 33 3823 7393 7371 6286 81 2909 4694 5926 4348 5403 2791 5253 4356 6717 964 5150 2101 7337 5302 6370 7317 5283 6702 2492 4876 1563 1779 4423 4385 4133 6288 1339 284 2941 4700 559 7774 5526 7102 4486 2781 136 4586 2440 2431 5401 6515 4041 3523 2091 3228 4836 389 3329 3405 2744 4720 1027 1976 3440 973 1719 7846 2603 6774 6477 3279 6546 3645 2901 4892 3895 104 6915 4305 2774 122 2 7516 3970 3419 5127 5661 746 2156 3235 2598 1169 4805 7426 3665 525 2579 7311 4153 7994 1111 7749 
100 257 0 0 250 379 129 248 512 125 3916 3324 4543 7800 4494 6812 7463 6964 6407 6649 2702 461 1236 1902 4068 6040 5250 2596 2835 7489 5149 2923 5847 2027 7368 6448 4512 5100 7521 7413 5266 4850 7363 2395 4878 2809 959 5494 2481 4330 4428 1141 7140 5162 5244 6347 5762 5546 144 5818 5819 2230 4379 7656 7012 3869 7486 6029 5285 7902 3164 7526 4315 7722 343 3524 3923 4032 4898 5466 7071 306 2218 2346 6585 4909 3043 5451 7493 29 1768 1612 7161 2000 6092 5073 2198 7325 6854 1439 5386 6759 185 7806 4215 3227 6048 410 3905 665 3815 7476 6687 1946 7502 601 7953 2589 2469 8 1091 1009 1758 783 587 3758 7717 7129 6624 939 2465 1530 218 4470 6505 
101 257 129 0 250 379 255 248 512 125 4393 865 3106 6273 2369 7752 2547 4339 6631 2008 3315 5381 6386 4814 2161 3146 5965 3997 473 4945 1611 7138 1887 1890 4162 2442 7659 5850 6775 7436 1701 5682 239 7561 7204 1343 4100 4957 1595 248 6281 3730 6568 3804 4594 3394 5931 1392 708 4395 4654 2332 2219 5188 1895 985 6604 2447 2529 3753 6452 1489 1704 6825 5282 2882 7940 652 4052 3778 6237 3415 1903 3219 345 1608 5542 5863 4329 3402 7899 5910 279 620 5636 1638 6699 2371 7610 7448 1585 7668 921 1272 1327 7936 2767 2928 3792 2692 43 1827 625 7484 4726 3853 5824 1913 2817 4038 5187 4236 2433 1943 3586 607 2699 5962 97 1578 1795 3538 304 5056 1900 
102 379 0 0 250 512 117 248 512 125 3131 1137 283 1088 3404 7896 2842 2434 5191 5197 567 2450 1237 4890 1475 4473 3980 282 5345 4773 5735 6493 251 4180 2592 1413 7782 986 2993 6700 1368 274 6430 1652 6260 6348 2182 3705 4122 6461 4114 4349 4148 661 232 4009 7088 5089 4131 743 5200 523 6520 6306 2130 2475 3666 1691 3437 3013 7082 450 356 7701 1639 366 1393 5536 5260 6320 949 7332 4657 3091 6678 3331 820 3570 6099 458 4130 6941 7222 2881 4142 1433 4648 511 1790 3507 3346 6668 1678 5988 173 346 2974 1953 1770 7133 1059 6496 5986 1106 7930 7551 3612 1771 6929 7919 4027 7009 4394 795 7243 7632 7397 5365 2424 1156 4658 1299 563 4859 3250 
103 379 117 0 250 512 255 248 512 125 7499 6049 7801 6530 7409 5488 5374 3884 878 3644 6284 3382 2270 2832 5653 5912 1873 3527 77 7112 5053 7169 3376 6771 7512 7912 6857 6136 4298 6741 3780 1225 3623 4264 5602 2240 3676 50 411 3934 3731 4277 6487 6472 734 3316 423 1118 1990 2129 5354 4271 7847 5254 5157 5909 7214 5919 2036 4464 1289 3566 6999 2745 882 5768 3791 6361 6996 4285 5246 6544 3661 7207 7239 4932 5259 4652 2574 3540 7606 6833 582 6323 2637 324 5151 862 5782 676 7501 7769 4194 2865 6212 1731 2994 6714 3577 2256 5356 5844 7688 4495 7780 1066 176 3682 3264 5984 5789 1094 3265 1210 7534 2650 5812 467 1290 6637 371 1184 3883 931 6514 
104 257 0 248 0 381 116 512 235 125 3742 6253 7941 1837 2443 2154 6768 2856 6080 370 2943 3757 2553 645 2338 2831 5643 7705 455 7178 6178 4728 526 4333 5879 5634 7959 3033 3788 881 200 1050 7008 5574 2173 132 2064 1529 5216 7081 2408 4978 5725 3882 3083 4877 6309 224 2097 2870 3468 7808 5230 1127 2504 7232 6887 4212 586 3654 2011 4527 1425 7612 6677 5323 4613 4106 143 667 1627 1815 5591 4138 5895 5336 2793 2669 109 1537 2382 3505 7599 2520 4189 6331 3979 7480 2628 2516 1179 5358 7364 1889 2660 6612 1511 7075 5959 576 2924 2606 3463 2485 7046 5922 5927 5372 5942 1 7651 3875 3908 2570 4954 5554 233 4171 5923 6979 359 400 2477 901 3494 
105 257 116 248 0 381 255 512 235 125 527 7976 3587 5065 1718 3580 2420 4483 4551 6046 6978 135 6930 4160 6916 4982 6214 5900 2971 5028 7671 1417 4146 4801 7866 5436 722 948 1514 3955 5145 551 7025 6925 432 6953 7417 4869 5405 3910 3138 4525 3095 6495 1329 1966 7871 6948 1077 3770 7498 3150 5896 5621 3861 7334 1821 1143 7962 6490 5388 6359 6957 5873 5481 2472 5744 496 2905 3651 4537 6031 3920 7286 7957 4589 7141 1151 5524 981 4994 5996 3715 6927 4597 4150 536 4777 2872 7151 4006 818 4411 2446 6394 377 5746 3293 759 591 7238 728 7250 2397 5709 5990 4742 535 1772 5585 2753 3022 6676 6091 540 4266 7148 1036 4498 7829 2614 2840 164 4420 5076 
106 381 0 248 0 512 138 512 235 125 4389 2990 3606 7445 4972 4503 307 2648 4396 3031 1427 2323 3794 1409 5870 4078 4675 3811 727 7023 7592 3295 2063 613 7905 3139 7579 3564 7396 3531 6446 7205 1043 2623 2983 3700 5792 7281 6466 5399 59 521 6550 6949 909 3784 5558 451 6896 2655 3065 1090 7873 5198 6271 4481 7766 250 6004 1882 3204 7117 429 671 300 2135 5523 4440 2046 3628 210 4522 7152 7549 761 5040 1193 5612 398 5501 226 5274 7085 5991 3028 6112 1354 6289 5360 3312 6410 1034 7614 2237 5209 1493 3849 4490 7132 331 6607 260 5307 1602 4400 4326 156 111 3238 3006 1282 3147 4771 1807 7355 7027 57 2839 2725 2470 2249 45 5833 4622 987 
107 381 138 248 0 512 255 512 235 125 7376 6015 263 5143 6106 3019 3156 6240 5180 1317 7859 171 4293 5641 4775 4739 193 7581 381 3018 6395 5468 5906 3797 7678 212 1300 835 898 2238 1424 1007 5132 6789 6151 5221 1999 3424 5668 6269 5088 962 7136 5044 3611 1977 812 5576 4914 7472 2581 130 1429 4123 6388 1584 2413 1042 3552 3110 2111 5683 7077 3571 5730 308 19 5712 7322 13 2363 2716 3537 3428 7811 2953 954 4604 1865 6419 3929 1583 5958 5115 3036 479 876 5071 3550 6097 2748 4303 3303 6330 7836 4134 4660 2966 5226 3117 1261 1650 4663 1335 4868 4426 7350 7244 1355 6638 6270 3206 4415 2005 6317 211 3847 7540 7483 1240 2653 7608 3958 7533 4624 
108 257 0 248 235 381 122 512 512 125 2910 5628 6116 6384 201 6614 5453 2726 6145 384 5715 7217 6186 694 1035 504 2195 2456 7598 7797 1513 2907 6872 7842 5547 4667 2272 2946 4097 6951 7158 2050 4690 562 565 5014 528 1833 7971 7803 4568 7723 3643 229 7290 2168 3259 4547 6118 1406 5887 1296 7427 5843 4682 2594 4526 2155 1438 4815 992 1396 4519 3613 7877 5814 6067 5438 1934 5223 3246 6360 3841 1158 168 5430 7159 3425 7466 932 7033 3236 6199 1816 7252 4927 2356 1881 2846 2054 4113 6057 3584 2625 2137 3782 994 3409 7557 392 616 4949 3983 2084 7944 2113 460 5380 2749 7865 4457 4447 4763 4246 5171 91 1203 6205 1190 7504 6071 5229 4374 3449 6541 
109 257 122 248 235 381 255 512 512 125 1109 6898 5741 5795 7475 4879 3501 195 480 7153 3617 66 4003 1348 6982 3330 507 6090 3637 7429 1852 1939 2560 2789 5169 4344 6027 5397 686 5131 5153 4248 3874 7775 2677 5202 6543 6950 4842 4896 1112 4886 7856 3161 2321 7991 6338 2968 278 7381 1403 1896 6197 3704 3420 2893 4617 2476 589 4705 6831 852 2945 7105 6321 4124 7056 5012 5806 3820 4808 2222 4080 297 918 1461 6051 6120 3967 7091 539 3768 7021 5370 989 3044 5112 7118 1528 1345 3694 925 2780 6538 5091 1920 6991 107 1478 3399 3857 1233 2422 5163 5352 2675 6491 3162 6502 5690 7061 416 2394 1379 5476 6657 6728 3151 1481 7367 2365 3647 2148 5057 4864 
110 381 0 248 235 512 143 512 512 125 501 7786 5688 1872 5946 4089 7096 386 1154 1688 140 4540 2336 3692 1767 6548 5064 93 1366 4429 3522 5122 1153 1923 7226 2851 6340 4361 1735 7898 2016 3327 7702 4275 246 2845 754 76 3994 899 2308 268 6078 2631 657 7273 752 7352 7465 1859 5054 5603 2007 4049 6673 382 6922 7326 940 6671 6509 2403 4196 7812 2620 6435 6674 4923 6441 4794 874 4253 1709 7867 6937 5379 3711 4051 1206 3392 7638 7693 6976 5797 385 391 3467 5315 1170 3640 5914 5907 717 4701 407 1216 2280 7895 6109 2021 4882 7891 6527 4368 7680 6135 5670 659 4207 1359 6481 2604 2189 7809 5443 3760 4953 1659 6752 7122 3207 7030 1018 6856 78 
111 381 143 248 235 512 255 512 512 125 6709 2714 1053 4730 3752 6163 3115 4585 2681 2288 6912 7441 2503 1538 7395 4824 4977 3520 4935 2426 6763 3886 3802 2688 6066 3209 5710 503 2117 4184 575 5408 2770 3121 137 272 5212 1720 1472 4181 6554 2858 3988 4282 1598 6474 1453 612 1251 6455 6165 6525 953 7807 3680 330 2755 4987 1274 4752 1246 2217 7897 4107 1358 4749 2409 5363 5856 1651 3133 6558 4296 6504 1056 3079 6043 3578 5239 1516 1324 900 3626 5871 7443 6100 6911 6952 7554 570 7385 1960 2319 4244 1482 7586 83 6663 4245 1623 3349 2118 4029 1411 4203 6006 4627 5508 832 6593 2078 4706 3652 3168 4677 3273 3225 3251 6873 6813 3118 6777 4382 67 2731 
112 257 255 0 0 383 383 259 241 125 5825 2370 6662 4218 6830 756 4770 2009 2497 7060 2138 313 2689 6791 1441 4183 95 7305 1501 4511 6228 2674 6283 5009 684 7265 804 7276 2522 7277 807 2849 5420 336 3301 7935 3163 4598 7029 5665 3448 2051 225 4901 1841 2035 1275 4576 7176 5294 393 1479 5999 626 902 6234 2563 6398 2761 2877 532 6264 6526 6556 7934 1950 495 7813 3367 5087 6083 5429 3454 1191 506 3959 3403 3027 5995 5471 354 5037 1046 1365 1737 2937 5077 4577 2811 6855 4147 5439 4053 6011 2912 3605 6921 4050 2962 4211 3222 5413 5593 124 861 3516 1310 2432 68 7826 6207 2991 3309 23 3528 7789 4645 2580 273 4435 4838 2247 4944 3253 2531 
113 257 383 0 0 383 512 259 241 125 7602 6589 3865 742 7832 5701 5571 6068 2227 3374 762 6200 3160 6970 2208 4873 4364 2233 3862 5739 4970 5199 1922 4137 5758 5203 733 7537 4536 1868 5328 5842 1548 5176 3950 2972 7736 5275 1307 1885 6644 3211 1509 2107 6247 5075 3582 2478 7973 3672 7154 6981 6218 2537 1408 3257 1866 5584 7329 7572 469 7164 7037 629 6499 112 1870 4224 4092 2576 4791 5293 3416 4094 680 3152 7700 7868 1877 5702 7225 476 2685 291 6421 692 3142 2701 1586 355 485 710 4696 771 1418 1466 183 4413 1567 1459 5540 3277 844 6337 2836 5166 2686 4711 347 2159 3696 1073 2888 6085 4803 3483 6710 5716 7349 1814 484 7386 4186 6690 3803 
114 383 255 0 0 512 378 259 241 125 2435 1469 4566 5092 7894 7398 6817 327 7185 5303 7076 7698 3785 2405 5532 5598 6125 1488 7524 4761 4276 3307 131 5747 5135 5939 4785 2821 7993 7714 3388 2417 2133 7002 2300 4783 5595 2779 1498 2569 1860 4334 6128 376 1522 6630 4082 3600 3927 5327 1820 4269 6055 6562 7616 7478 2668 3749 790 784 7654 2627 1038 7389 6314 7095 3948 7881 7275 5828 5291 3839 7418 7514 889 3975 5648 1566 6985 1215 1911 5680 1687 3372 6236 2439 4849 6194 6773 3567 7538 6862 3038 5933 3431 1189 5827 2188 5424 61 4827 5159 1849 2904 5205 4651 6665 4161 1356 3281 7593 2041 5728 4964 4046 6437 1075 7330 4679 4921 4401 3593 4984 2601 1914 
115 383 378 0 0 512 512 259 241 125 397 5475 6561 7578 7761 4151 2258 5706 1668 1069 4425 7734 6152 7487 6802 2015 7062 5167 1015 4578 5767 1724 6344 5273 690 2351 1591 1277 2559 2528 5085 7342 2224 5183 3840 7146 6961 4843 1908 1273 5977 1451 1291 669 3918 4635 7633 5845 5271 5460 997 5412 1383 6967 3111 7007 1265 2506 7583 888 1436 5204 117 1464 1680 6316 4988 2260 6641 4335 82 5406 1334 254 31 126 7080 658 7818 1836 6126 4128 2239 7182 3360 7665 453 5272 6636 6859 2255 4199 5194 4845 4753 2743 2164 3313 1057 4101 3888 5781 5276 2906 639 7605 7603 4579 2100 79 5867 6422 242 48 6404 6566 2315 1972 4695 2268 2523 405 2952 7269 3829 
116 257 255 0 241 396 385 259 512 125 2661 1361 7684 5631 6806 6408 3196 6127 2899 2197 975 1855 572 5866 3554 339 4861 1213 2500 1010 2494 1008 6781 4063 6211 894 5156 3105 379 3195 5637 2406 1402 1476 6255 4630 3496 6691 976 459 4715 4167 6518 2295 7839 7313 3269 1675 3936 5185 1391 5482 713 1949 5287 3691 258 1076 4731 110 3543 3911 6790 4416 1702 1744 2252 3035 870 1146 6974 6943 6557 7783 4090 6172 1597 3686 4841 2264 5050 6684 5158 1116 6919 7336 5616 4906 7589 3708 7772 7667 2583 4075 1643 2103 6533 7765 2760 7546 6137 7186 4819 6119 207 6003 6519 6770 4939 3190 184 7628 2199 1510 2857 2343 7256 353 6652 968 1892 1102 4515 6675 5685 
117 257 385 0 241 396 512 259 512 125 4081 6864 3518 3701 5030 3953 5733 7637 6123 1483 2480 4332 7853 2326 5462 6742 3025 1630 5026 7345 1508 3174 1473 1875 3 3814 2335 6267 672 5344 2562 3805 2868 2816 7177 2518 1962 7160 4991 2452 4417 980 6534 5626 1919 6480 4362 2120 7580 7956 6082 3735 134 2643 2825 7830 2385 7316 4342 4132 6797 3355 4820 4975 4054 3294 438 2961 5165 2944 5555 3229 630 1874 1308 426 7084 5707 5461 6342 2289 530 1187 6990 123 7982 4129 7387 7190 548 7069 1025 7078 3493 7388 5278 3616 1230 7379 6670 1344 4693 5398 6500 3763 163 5872 489 7052 3408 6385 5772 6413 6121 1812 7904 7404 6901 1078 6946 3129 103 1777 6818 4492 
118 396 255 0 241 512 387 259 512 125 4316 4874 1288 7444 7101 3588 2416 1120 6511 4249 3822 2970 2720 1452 6739 1763 2721 6380 643 6215 2586 933 3981 2509 1086 4488 6782 5297 1787 3636 231 3519 7872 6820 5755 433 6640 3943 1867 1388 2866 2640 3890 1656 6870 5173 3534 5144 368 7125 5426 3097 167 4405 764 5790 6224 6328 869 5774 5573 14 7045 7450 5367 5038 6084 2461 1382 1899 1079 2712 4936 5804 4891 3103 3786 352 4033 2160 5325 2010 7179 5389 5656 6799 3619 3963 4311 1119 2658 7142 2859 6899 4809 6263 4662 3101 4252 2730 7709 5929 5992 2265 1569 5745 7946 180 2379 1390 1663 301 1878 7163 6245 957 6146 3622 1332 2673 5034 3173 4419 2170 4655 
119 396 387 0 241 512 512 259 512 125 7304 3864 2871 7401 6528 2296 2339 1194 1144 5498 4141 6823 3960 6417 219 6076 3241 2541 3931 5881 7134 4735 5463 6573 3223 6977 650 1647 6588 4507 488 2076 7479 4817 2915 4434 7916 401 520 6796 7109 4674 7510 6723 6107 7068 446 4259 5343 456 2086 3685 2045 1543 1070 813 4229 3871 823 2935 3337 1003 5232 848 4121 3262 1021 7639 6249 3806 3615 1570 5506 3081 6608 5146 7083 2782 5458 4628 5104 1854 7609 6567 2555 1415 4769 6180 916 7470 2834 590 6545 2185 7695 1306 5355 2908 4402 4599 3679 1547 3104 7188 1594 5831 5349 4853 5148 2672 5904 3039 5505 1426 5588 5854 7425 4727 755 2098 2738 7932 5280 4998 2557 
120 257 255 259 0 381 391 512 265 125 98 4192 3220 364 4884 2927 6225 6210 7635 3298 6582 2277 2402 598 159 7864 7627 177 3947 935 3476 606 5341 5669 5565 720 7520 5270 7841 7115 6713 1221 1589 3664 2077 4723 2894 1173 5058 7180 7560 3930 3122 2496 5326 3618 1085 5473 3283 2448 1762 7710 6184 2012 6517 4718 6376 5708 6350 2328 1157 4455 2383 3363 6931 5776 1128 3826 2028 7674 1506 1604 281 5947 2867 5577 2191 4280 350 3377 2587 7748 6874 6282 7817 4155 7299 4452 2561 5248 2519 5021 1380 4375 1532 3092 5120 5586 1376 6058 214 1353 7938 4496 7460 6254 6516 6902 7731 2545 6865 39 1363 2158 593 6586 269 4443 2314 5225 7024 5839 1311 310 1794 
121 257 391 259 0 381 512 512 265 125 1321 1384 4681 7496 6794 5583 7634 2108 6155 1521 3809 6190 579 7013 6268 2454 4685 7168 3446 3925 6345 3141 3358 3393 2890 1371 5570 3909 2602 732 6397 3443 3210 1992 2824 4812 1894 6171 6108 6134 2696 3157 5082 3068 2139 707 5029 2883 3317 6798 6664 3300 3287 2818 737 4986 3243 2206 2634 4228 7287 7870 7098 6369 1531 5644 2075 7882 255 2902 3487 6423 5667 2167 4913 2613 3054 2733 6202 739 5651 6617 5312 6903 7197 1369 2599 7438 7970 621 5918 7947 842 6354 7835 4258 5664 2044 7960 2462 155 5974 5137 4554 6138 6002 5726 1804 7777 4454 5306 7906 519 4502 2895 5638 318 5994 6191 946 3113 3866 3058 374 5117 
122 381 255 259 0 512 385 512 265 125 5877 4639 4929 5930 3108 3085 5215 5889 3193 4548 1166 858 6992 4716 549 1410 4290 4722 4813 7260 3050 1893 6094 1005 6891 3938 5606 4047 6542 834 3721 5035 1673 2784 3631 4580 5350 6086 6133 64 3208 3406 3765 2482 1778 7006 5805 7327 457 3830 7246 4149 941 2334 6553 3999 2515 5902 7796 6401 1192 6409 4231 7843 2411 2762 208 3094 6743 689 4562 5000 7174 2081 1062 7208 3040 6139 6489 2427 5177 7219 3275 3460 3055 4581 965 6783 4117 4120 6458 4535 971 7399 221 6096 3898 5836 490 4442 7987 6156 5740 5179 1781 7339 6564 1325 1168 1723 5434 1988 3011 1142 247 2241 4885 6513 5346 6089 6329 5414 289 5779 6478 
123 381 385 259 0 512 512 512 265 125 3772 553 3254 4980 1927 6634 6834 6032 3413 7223 3002 7294 5956 153 624 2707 5815 2490 6524 120 1217 668 7324 6875 4412 3973 6239 4467 4760 6075 6955 6689 5883 2327 4871 4856 2783 2556 7373 4377 3992 4062 6822 4670 7670 4069 3553 3053 2304 5666 1792 1533 3880 4210 4274 3354 2073 2325 2737 3357 7664 1244 7527 2298 4187 2949 7044 919 961 5635 6438 2934 7333 172 89 2683 2977 3282 3231 4938 5499 6101 7661 7672 2757 2014 6318 7423 1519 5454 38 6389 5490 1405 4193 1443 7323 3149 6947 5364 4008 6183 5036 2886 6852 1247 4436 6748 1622 3112 675 1574 75 2815 41 5110 6646 3347 2988 415 5859 4373 6265 4135 189 
124 257 255 259 265 380 376 512 512 125 7257 5600 7858 6578 1593 6904 7547 3607 7143 6098 402 1049 4398 7805 4136 4555 6629 648 3845 4915 3828 7922 2739 7954 7892 1074 7454 3046 1163 1342 3456 2887 5140 6975 4166 4870 6994 3921 3481 885 7587 317 3687 1497 3990 642 2307 6229 2392 5980 6705 5400 4071 6939 1706 3514 930 380 7508 7757 3529 1122 5141 4059 4520 2087 6053 1646 4424 6149 4261 6147 568 7622 2299 6457 6766 1136 1211 5592 819 2879 2070 7173 2920 7979 687 7558 6764 5265 5803 6716 1694 1285 5589 1845 7915 7939 7726 6786 2029 2534 5299 3198 7767 483 1616 2380 7823 6209 1407 1817 2352 6291 5849 1572 6711 1502 3575 7539 3240 1674 1961 856 3171 
125 257 376 259 265 380 512 512 512 125 1121 1944 6523 2419 1349 1303 5495 6535 1743 2457 5170 197 1667 6838 6252 855 3646 4028 2340 3837 6889 7582 2517 3260 7402 3418 5233 6426 4489 4444 3710 2705 3334 6997 7564 2551 2297 3720 3387 2039 1092 1967 3868 2421 6054 7779 4453 2632 7763 1279 1649 2642 6470 3314 649 1309 5705 3453 1148 6913 7233 6698 7886 7261 990 4145 816 390 5192 6659 6175 6115 6715 7230 2787 3268 1197 154 4833 5817 1629 5004 3709 7107 5111 6471 2532 5948 365 1387 4445 1677 1058 2400 3598 3798 4532 1917 2415 5147 4177 4895 3224 5321 3707 6349 5561 3137 514 6508 769 1661 3445 2957 7284 3486 7092 1715 4407 6836 5402 296 2349 1997 4798 
126 380 255 259 265 512 392 512 512 125 6784 4370 1588 5989 7144 3603 7171 6577 1266 1843 6001 2564 0 6290 6890 3655 7110 7003 3741 5662 5802 6164 3381 979 147 3267 4021 5116 5249 7963 4888 5564 6632 2629 1921 5513 4202 2105 6439 4337 7601 868 6302 5421 4469 1577 1995 7771 2257 1292 2885 1375 3286 1811 4918 1818 262 7283 6840 2291 1093 2989 4793 5663 3591 6753 7720 3422 617 1098 3924 3120 5940 1177 1722 4292 1555 3070 4744 2092 4010 2863 745 2110 2393 2947 1980 1552 614 4459 2540 396 1886 3417 750 7631 1449 3903 2827 7669 712 3495 1504 2391 4738 2058 5020 2889 3726 3525 7647 1333 4545 5518 5860 3656 3230 6601 2850 4926 2535 977 4505 1745 2822 
127 380 392 259 265 512 512 512 512 125 805 749 1526 1556 6196 5788 7711 2684 2616 904 4209 4414 5005 1989 4908 2144 1320 3585 419 5015 4800 348 7491 3667 2313 3904 810 4672 373 406 437 3128 1959 5560 4449 3080 2747 2829 7594 770 4623 3063 2759 7014 2121 1269 3913 3592 7544 3073 3432 4596 5152 2083 3962 3429 6655 5623 4989 4804 3940 3547 6244 6639 5810 1188 7189 35 7543 1751 3502 3669 1006 4558 7815 1171 3362 2248 4320 3722 1316 550 7824 3751 7297 4951 6792 3423 3500 4725 5353 6610 6880 4546 5101 3292 440 240 5786 3411 3733 1208 148 1258 6666 4227 627 3233 3541 4017 1400 6989 7618 7825 372 7175 2930 3706 5046 7555 1535 3459 7035 4857 2184 
