128
128 0 0 0 0 0 126 132 261 249 259 31 161 552 1844 1805 106 2848 2119 3535 447 2362 2020 199 2372 3754 1971 1614 1819 685 1419 3761 11 332 1712 3258 47 744 3750 466 1924 1660 1596 
129 0 132 0 0 0 126 247 261 249 259 31 1883 2795 1234 3029 2546 1205 912 2510 2700 92 1167 1554 463 704 3965 169 719 967 1140 1641 2956 883 2715 3513 287 907 3790 1401 3249 2127 3926 
130 126 0 0 0 0 259 109 261 249 259 31 3261 1414 864 1609 3852 1869 785 1147 2057 693 2172 2096 1553 1222 772 2281 3562 721 541 682 1209 2359 2925 2680 439 3877 826 3779 1228 2727 94 
131 126 109 0 0 0 259 247 261 249 259 32 3581 303 3729 424 3810 1670 1693 1626 827 1048 2955 2750 1484 1952 923 2802 3072 3176 3395 3964 3833 2754 1462 2262 1788 845 1117 1263 1823 3624 958 1850 
132 0 0 0 0 259 142 113 261 249 512 31 2663 547 3178 1337 2468 2090 3713 1235 1800 3166 3199 2711 1847 3169 245 3052 1394 730 2874 3771 828 2847 2466 1256 2595 2246 321 3978 237 3014 3899 
133 0 113 0 0 259 142 247 261 249 512 31 133 3764 1856 3087 3005 2487 897 1747 3609 1129 387 2892 2396 1242 3489 2192 1568 631 3345 270 1487 249 934 492 3328 3986 731 2978 3093 2389 638 
134 142 0 0 0 259 259 102 261 249 512 31 2194 1682 3464 129 1740 2931 787 3608 3674 1956 1909 814 362 3968 2278 3344 198 2235 2741 1108 3271 277 851 3746 2861 2292 2053 3186 3060 890 264 
135 142 102 0 0 259 259 247 261 249 512 32 697 3426 3024 688 2209 3127 2347 2963 475 1063 644 280 2524 2234 1226 3842 2250 442 3725 3143 3816 2843 1172 2080 2102 2618 1695 3799 1615 113 2929 1099 
136 0 0 0 249 0 116 152 261 512 237 31 843 3510 2533 822 2418 1326 1797 1323 3444 2976 3717 3191 3860 2019 409 454 3555 1968 3071 58 2981 1346 3182 1681 656 1082 1430 3597 2205 1910 2764 
137 0 152 0 249 0 116 247 261 512 237 31 3793 2698 3371 3245 1004 1775 2074 1664 2146 860 663 1703 1534 3242 2122 2460 3383 2718 3807 3477 1540 1590 679 1422 1512 1979 1940 3596 2038 2951 3076 
138 116 0 0 249 0 259 117 261 512 237 31 895 2025 1268 2982 3047 1902 2511 1558 204 1801 472 765 160 166 1834 3834 1739 1231 292 2876 794 1456 3663 1657 938 3306 360 1490 2869 1341 1907 
139 116 117 0 249 0 259 247 261 512 237 32 3545 2150 3573 3699 2566 1796 2875 3766 3299 1134 1297 2145 3342 1640 1710 2094 2860 2790 2758 3389 1446 3690 2717 2244 1644 1161 3203 3821 2231 2593 718 1404 
140 0 0 0 249 237 137 110 261 512 512 31 1017 1727 3302 1494 647 3724 3084 2330 513 1831 1495 1994 1081 1061 465 395 799 3902 24 1782 1716 2153 966 3832 673 3252 3933 3966 2318 2799 2794 
141 0 110 0 249 237 137 247 261 512 512 31 2766 3954 1351 3824 3184 2630 2495 3536 2651 1884 508 341 1434 3521 3194 26 3100 1580 778 1982 2778 3697 1738 220 1941 1031 914 509 1254 1164 80 
142 137 0 0 249 237 259 129 261 512 512 31 2165 950 2544 577 3684 1915 2710 726 2772 1600 1928 798 1001 1912 1969 55 1420 3270 1431 3901 3583 2198 729 748 1457 3894 3638 2436 3858 2807 1444 
143 137 129 0 249 237 259 247 261 512 512 32 960 592 16 3051 3917 322 2622 452 1155 705 786 84 3595 3653 462 3714 3632 3140 441 2508 2473 1399 468 2657 3188 3914 2691 3401 1019 758 2585 1020 
144 0 0 261 0 0 108 127 512 261 238 31 3045 2242 65 2141 1125 1808 1423 2287 1352 2567 3755 896 3248 1757 2259 512 1138 681 947 2273 1799 2662 736 2267 2329 2853 2445 911 2136 2243 838 
145 0 127 261 0 0 108 247 512 261 238 31 2797 3870 2838 2697 1276 1465 555 988 3662 1879 1987 1665 2353 857 3740 1331 995 2176 1806 2703 3200 2474 2897 2769 3435 849 3177 926 404 1857 1721 
146 108 0 261 0 0 259 150 512 261 238 31 978 1448 73 408 2303 2069 2437 2317 3561 1318 2068 1287 427 3728 2536 3341 3059 235 2590 3364 1926 2995 1733 3441 3846 1730 1891 478 2196 651 2290 
147 108 150 261 0 0 259 247 512 261 238 32 114 608 853 1690 2376 2844 3693 1455 436 2453 2768 2932 3361 1518 323 2980 2221 37 3455 2624 3565 640 2804 3439 3066 2558 1454 2896 1507 209 2921 1386 
148 0 0 261 0 238 121 141 512 261 512 31 1160 936 1863 2499 1802 2996 825 1951 3491 412 3197 2938 2854 817 3961 275 1755 3769 564 618 537 2441 2645 3783 2271 1936 2186 723 2667 2873 3557 
149 0 141 261 0 238 121 247 512 261 512 31 641 3551 3447 2588 2377 1551 1397 498 2671 3183 288 702 1810 2169 3559 1935 62 3041 571 751 1322 2229 2619 2708 3167 2112 2484 3202 3718 2032 1026 
150 121 0 261 0 238 259 102 512 261 512 31 370 654 2806 3102 830 2031 298 3373 2331 1110 2333 2175 143 1047 1054 2837 859 2919 302 2950 2216 1440 1803 9 1480 1654 3698 2625 1618 491 30 
151 121 102 261 0 238 259 247 512 261 512 32 872 774 2610 3107 1592 3843 3179 1550 182 2204 664 3739 3787 999 3876 2805 175 1582 791 1357 3935 3569 1204 922 2449 3239 2125 1587 443 417 917 2575 
152 0 0 261 261 0 125 113 512 512 269 31 3576 3984 2878 2713 2621 3062 2211 3215 351 522 3305 3023 1658 788 18 510 2525 3378 610 1786 3490 1041 766 1253 1381 558 3356 3232 1281 3859 3158 
153 0 113 261 261 0 125 247 512 512 269 31 2116 2498 2987 637 2823 3879 3114 1124 1416 1632 1250 3086 792 3850 119 542 2676 1055 3743 1100 1748 413 3339 2813 609 3668 1916 3067 3049 1984 3855 
154 125 0 261 261 0 259 123 512 512 269 31 3991 1312 2803 127 2143 2801 3001 25 3854 683 2502 2777 1067 53 3061 3165 2251 1601 1095 3436 2364 2600 1975 309 2254 174 3365 2969 3719 2152 2305 
155 125 123 261 261 0 259 247 512 512 269 32 1295 646 3856 1760 2679 1152 3291 1945 632 1012 3620 619 2245 3311 2099 1545 1463 623 3556 1621 102 1918 1319 2444 1139 595 615 3989 1832 178 1765 1648 
156 0 0 261 261 269 127 93 512 512 512 31 3648 1653 1965 1666 2609 1257 605 3368 2736 2880 3304 1243 1219 2183 892 3175 1985 984 910 3170 2026 2709 449 1367 3827 854 1842 1536 481 3563 363 
157 0 93 261 261 269 127 247 512 512 512 31 583 3511 3155 71 2030 604 2636 863 2179 2056 3099 3310 2728 2958 3747 3297 312 534 1238 840 444 674 3945 3881 951 2926 2002 1932 3659 2891 1861 
158 127 0 261 261 269 259 124 512 512 512 31 431 3442 821 2722 2455 1248 2149 1904 3732 2646 3145 388 115 1477 2729 358 499 2166 1613 3320 1218 3976 3944 1798 3602 3212 2337 1023 1089 1974 1791 
159 127 124 261 261 269 259 247 512 512 512 32 1373 600 993 4 2998 3819 3818 1515 241 3677 3614 141 3650 2124 2022 2942 2986 776 3469 162 846 1713 3517 1685 252 3878 1032 2006 725 3153 1233 578 
160 0 247 0 0 0 124 358 252 244 262 31 1736 1030 3461 716 996 1839 538 1044 2384 1696 574 2979 1460 85 3497 3689 502 3512 3274 1175 753 1040 1271 2093 2018 3503 3639 1829 3057 329 2071 
161 0 358 0 0 0 124 512 252 244 262 31 866 3075 768 418 3812 1645 2294 518 3123 27 108 3695 3318 3032 2344 2282 2694 1573 1571 2852 2350 703 3290 205 3969 802 983 1113 1185 777 3533 
162 124 247 0 0 0 259 390 252 244 262 31 937 1131 414 2812 660 2820 3509 2428 3889 96 2959 2043 603 3996 3498 495 1304 2740 1699 2193 596 2034 1437 2049 434 2633 566 3995 573 1705 3458 
163 124 390 0 0 0 259 512 252 244 262 32 3397 545 3922 2067 3542 2451 3885 2429 1885 1942 206 808 2147 369 1442 2464 2226 1774 3042 2017 3473 3972 1133 3352 3759 2501 2572 420 86 1245 2052 2180 
164 0 247 0 0 262 133 376 252 244 512 31 2106 636 3285 2114 3130 700 1761 2527 2306 1180 2483 841 3579 3009 100 2367 51 3010 2210 706 1741 2841 1840 2577 871 3135 2665 1970 3893 1576 2066 
165 0 376 0 0 262 133 512 252 244 512 31 3957 3336 3323 3037 3863 2060 3635 3343 3767 1846 2059 3589 325 891 1064 2301 2690 3515 1973 928 3900 1421 1957 3873 3326 3125 1517 165 1259 1181 3470 
166 133 247 0 0 262 259 391 252 244 512 31 3088 265 584 46 1052 2322 1340 3391 780 1249 2276 42 2612 1150 2617 1822 2939 150 5 320 3465 3548 3942 2207 1347 906 3340 1732 228 121 1546 
167 133 391 0 0 262 259 512 252 244 512 32 1848 2459 36 1625 2358 3950 2404 2004 1072 1606 594 1557 2279 2678 2513 2324 192 3716 2800 181 3185 2884 2401 2398 2765 2109 3119 1906 1073 1199 811 3803 
168 0 247 0 244 0 119 387 252 512 256 31 3825 3192 3218 1105 1294 2900 1750 533 1564 3384 486 2785 2293 1561 1370 714 1634 2992 2187 227 3390 801 1255 151 793 3189 3660 1389 1372 670 146 
169 0 387 0 244 0 119 512 252 512 256 31 1888 276 3748 880 653 1114 3774 430 493 17 1412 1330 1624 295 3000 3430 1432 105 3703 1283 741 52 3951 1491 1898 216 2786 299 3016 213 383 
170 119 247 0 244 0 259 350 252 512 256 31 905 2543 243 2763 2341 2366 873 3599 139 1395 1398 2530 622 516 3896 2916 3912 3907 806 991 3400 1605 2410 2390 2828 1260 1851 2223 2940 56 421 
171 119 350 0 244 0 259 512 252 512 256 32 1338 1196 244 3004 399 3201 149 2316 2013 3897 3539 1198 1280 311 2591 3549 3407 1776 116 2706 1471 711 3906 1636 1135 3451 236 3508 1633 3762 2232 2542 
172 0 247 0 244 256 124 360 252 512 512 31 3144 1162 1115 3082 1783 569 1212 3630 187 3836 1864 2215 3244 1742 2181 375 611 238 3366 1468 158 955 1435 3484 2512 285 3949 3678 3154 903 3319 
173 0 360 0 244 256 124 512 252 512 512 31 963 3284 70 328 1549 1756 2463 2361 556 261 3657 1708 3172 1753 1314 2055 2266 915 2539 203 952 63 982 3998 2157 3702 3560 3642 1725 1773 781 
174 124 247 0 244 256 259 362 252 512 512 31 118 1784 1039 829 1824 1813 2003 191 3132 2638 3333 2177 1214 1182 2554 2918 2131 3723 1474 2375 3796 3214 2746 1293 3396 920 474 1328 74 2414 3744 
175 124 362 0 244 256 259 512 252 512 512 32 724 334 2001 1978 2190 3594 1267 850 3887 3482 3956 3892 1933 1562 3604 202 1575 1929 2357 887 2584 2933 3800 2670 1635 2814 2967 1496 3255 1938 2061 2641 
176 0 247 252 0 0 118 402 512 264 248 31 1123 2792 3412 677 3096 908 543 1825 875 1500 3627 3351 2917 3474 1671 529 1084 3021 3348 2283 1313 738 2320 2735 2656 1686 3673 344 2134 196 1954 
177 0 402 252 0 0 118 512 512 264 248 31 1051 1178 3526 2582 3124 60 1642 2608 943 2062 2796 1785 2489 1862 3098 760 217 1467 2261 1207 3670 1700 698 2491 1729 2644 319 3977 554 1499 2309 
178 118 247 252 0 0 259 380 512 264 248 31 21 2047 803 2399 1963 1223 797 1011 1728 3625 3736 757 3872 3205 445 3928 1565 1544 2605 2171 3712 3433 2228 3078 2253 544 3621 1986 3675 691 3026 
179 118 380 252 0 0 259 512 512 264 248 32 2174 581 1485 3971 531 3485 1486 2142 1726 2493 422 1809 2810 3181 2206 2269 633 215 3278 3831 1711 99 3359 1470 1130 3946 3007 1804 394 2773 1524 3375 
180 0 247 252 0 248 120 389 512 264 512 31 1766 2652 2132 3610 773 696 2756 546 2284 1631 2040 157 3775 3649 2635 662 3034 3427 259 1145 3077 294 170 972 505 403 3844 2430 3952 1071 1619 
181 0 389 252 0 248 120 512 512 264 512 31 3350 2023 998 3941 3089 1769 634 1683 867 2423 1174 879 1749 3247 775 2203 12 2486 1083 3272 2354 701 3937 3462 3109 3074 3386 3671 3658 3134 3048 
182 120 247 252 0 248 259 372 512 264 512 31 3982 1186 315 164 2960 1045 448 1734 2200 286 1278 1607 3090 3296 3544 3322 560 3126 2383 3217 2826 1220 767 3480 335 2286 2775 1880 2275 2162 1159 
183 120 372 252 0 248 259 512 512 264 512 32 2550 1362 3781 815 2999 34 128 2573 3148 1714 2378 3256 2615 1937 3985 3546 2607 2386 2368 2830 2682 2521 1033 2704 1930 2201 266 2734 877 2571 602 342 
184 0 247 252 264 0 122 375 512 512 237 31 1224 837 2360 3506 2374 1830 145 3450 945 1925 1754 267 2381 1669 349 2654 2693 2088 2664 1858 635 2538 2724 2048 2342 179 3851 2407 1826 1901 1447 
185 0 375 252 264 0 122 512 512 512 237 31 2310 886 3808 3237 3734 580 1679 2954 782 482 471 1542 3003 2285 3180 1284 3288 2123 2388 3848 1993 72 1525 3939 1165 3325 2458 796 3438 2649 271 
186 122 247 252 264 0 259 392 512 512 237 31 1789 1241 3008 3056 2220 223 3738 2115 2202 3015 1603 357 655 2597 1232 3641 3321 2552 2723 2033 2666 2514 3187 1780 1285 3017 3472 1037 561 497 2526 
187 122 392 252 264 0 259 512 512 512 237 32 3434 3385 3504 2037 1853 1022 337 2626 1983 2225 2914 1176 2505 3776 2771 1955 2911 3838 3379 3410 2355 1505 15 316 3629 1871 715 831 1132 1746 1104 924 
188 0 247 252 264 237 132 377 512 512 512 31 3817 142 3421 2311 2213 709 293 1360 2732 2467 3276 1717 517 2742 1016 3558 3012 3795 1684 3213 340 1252 1028 3737 3633 90 1655 138 2042 956 3471 
189 0 377 252 264 237 132 512 512 512 512 31 2412 3773 3727 1539 1262 3398 1183 3136 1560 3801 1527 2140 3479 3369 3891 2126 1579 2808 1000 494 257 2898 2719 290 2438 3919 1103 3332 515 2089 699 
190 132 247 252 264 237 259 362 512 512 512 31 1947 2965 1080 2178 2425 2274 1559 3226 1029 425 3574 2085 2488 333 2984 2507 3867 1270 1126 2568 2997 3568 2975 800 1698 740 28 1458 3266 32 3478 
191 132 362 252 264 237 259 512 512 512 512 32 1958 1068 856 3572 230 809 2373 222 3932 2212 3020 599 1227 585 1013 464 1377 2752 3263 974 3234 1599 477 470 1301 2104 2819 1149 1610 256 3993 944 
192 259 0 0 0 0 384 113 246 241 225 31 3457 1828 3835 1897 3777 747 305 1523 2798 2948 1676 1764 3745 87 2985 2387 2082 1998 3688 3488 188 2964 326 1336 2695 2687 2548 1759 628 942 666 
193 259 113 0 0 0 384 256 246 241 225 31 6 1315 1014 3756 2833 2095 3452 1876 1541 1350 2855 487 964 2128 1637 1060 1229 3523 3370 338 1286 1298 2302 3590 1195 824 2549 2751 20 3532 3813 
194 384 0 0 0 0 512 138 246 241 225 31 1101 557 833 1793 3353 54 3216 789 186 695 1450 735 1581 1964 929 1264 1302 2936 2611 1065 588 969 1697 1107 3601 2471 1838 3492 1087 2788 1692 
195 384 138 0 0 0 512 256 246 241 225 32 1948 3475 3683 678 3681 1492 763 2864 3823 33 2909 2492 1563 284 559 2091 3228 389 3405 3329 1027 973 3645 3895 746 2598 3235 1169 3665 525 2579 1111 
196 259 0 0 0 225 366 163 246 241 512 31 2913 88 2776 1996 1364 1378 69 1835 3789 3414 40 314 234 839 2973 361 524 2065 1628 779 2072 970 7 3069 2214 194 1617 3308 847 3974 44 
197 259 163 0 0 225 366 256 246 241 512 31 1305 1931 3915 3380 1202 2903 3987 1905 597 1097 3289 1445 367 2578 3335 2479 101 3280 1689 884 913 893 1200 1752 2639 927 1374 2348 3064 2922 2647 
198 366 0 0 0 225 512 117 246 241 512 31 3499 22 1201 836 3159 190 428 1662 2345 1707 1672 2236 3030 1096 2079 2565 2024 1428 1024 2263 3338 3634 253 2151 2862 49 2312 1503 435 125 500 
199 366 117 0 0 225 512 256 246 241 512 32 10 1991 3116 152 1981 1002 81 2791 2101 1620 1779 1339 2941 136 2781 2440 2431 2744 1976 3440 1719 2603 3279 2901 104 2774 122 2 3970 3419 2156 2435 
200 259 0 0 241 0 377 166 246 512 271 31 2702 1385 461 2835 959 1141 2230 3164 343 2346 1612 1768 2000 3905 665 3815 1946 601 1758 1091 783 587 939 2465 218 865 2008 3997 1890 1343 1595 
201 259 166 0 241 0 377 256 246 512 271 31 3730 2659 3804 3394 1392 708 2332 2219 985 1895 2529 3753 652 3778 3415 3219 1903 345 3402 279 620 2371 921 1585 1272 625 3853 1913 1943 304 1900 
202 377 0 0 241 0 512 92 246 512 271 31 3131 1088 2842 2434 2450 1475 3980 282 1413 2592 986 274 1368 3705 743 2475 1691 450 366 1393 3331 820 511 1790 1678 3346 173 1953 1770 1059 1106 
203 377 92 0 241 0 512 256 246 512 271 32 1771 1156 563 2163 878 3382 2270 77 3780 50 411 3731 3316 423 1289 3566 2745 1608 3661 2637 2865 1731 3577 2994 1066 3682 1094 3265 467 1290 371 3883 
204 259 0 0 241 271 379 133 246 512 512 31 3916 3324 1236 2596 2923 2182 2027 2395 2809 2481 144 378 3869 3524 3923 2218 306 3043 29 1439 185 3227 410 2589 1009 2469 8 1530 3106 2369 2547 
205 259 133 0 241 271 379 256 246 512 512 31 3315 2161 3146 473 1611 1887 2442 1701 239 248 2447 1489 1704 2882 1638 1327 2928 3792 43 1827 2692 2817 2433 3586 607 2699 1578 97 1795 3538 2661 
206 379 0 0 241 271 512 117 246 512 512 31 1137 3404 283 567 1237 251 2993 1652 661 232 523 2130 3666 3437 3013 356 1639 949 3091 3570 458 2881 1433 3507 346 2974 795 2424 3530 1299 3250 
207 379 117 0 241 271 512 256 246 512 512 32 3758 3884 3644 2832 1873 3527 3376 1225 3623 2240 3676 3934 734 1118 1990 2129 2036 882 3791 2574 3540 582 324 862 676 2256 176 3264 1210 2650 1184 931 
208 259 0 246 0 0 380 97 512 234 236 31 2943 645 2338 2831 526 3033 3788 881 1050 2064 1529 3882 3083 3468 2504 586 3654 1627 1815 109 1537 2520 2382 3979 2628 1179 2660 1511 576 2485 3463 
209 259 97 246 0 0 380 256 512 234 236 31 2606 3908 400 2477 901 527 3587 1718 3580 2971 1417 3910 3138 1966 3861 1821 1143 2472 2905 3715 818 377 3293 759 2397 535 1520 1772 1036 2614 2840 
210 380 0 246 0 0 512 127 512 234 236 31 2990 3606 307 3031 3794 727 3295 3139 3564 2623 1043 2983 3700 451 3065 250 671 429 300 2046 1239 210 398 226 3466 3312 1493 331 3221 260 3238 
211 380 127 246 0 0 512 256 512 234 236 32 111 3006 3147 2725 2470 987 263 3019 3018 212 1300 898 1999 962 812 1584 1042 3552 3110 3571 19 13 2716 3428 954 1583 3550 2748 2966 1335 3206 2005 
212 259 0 246 0 236 390 113 512 234 512 31 3742 1837 2154 2443 2856 3757 2553 455 200 2173 132 2408 224 2870 2097 1127 2011 1425 667 2793 2669 3505 2516 1889 2924 1 3875 1034 2570 233 359 
213 259 113 246 0 236 390 256 512 234 512 31 3494 2420 135 2839 722 948 1514 3955 1317 551 432 3095 1329 3770 1077 3150 496 3651 3920 1151 2581 981 536 2872 2446 591 728 2753 540 211 3958 
214 390 0 246 0 236 512 136 512 234 512 31 2648 1427 2323 1409 3811 2063 613 3531 59 521 909 3784 2655 1090 1882 3204 2135 3628 761 1193 3028 1354 2237 3849 1602 156 1282 1807 57 2249 45 
215 390 136 246 0 236 512 256 512 234 512 32 171 193 381 3797 835 1424 2238 1007 3424 1977 3611 130 1429 2413 2111 308 2363 3537 2953 1865 3929 3036 479 876 3303 3117 1261 1650 1355 3847 1240 2653 
216 259 0 246 234 0 373 141 512 512 242 31 2910 201 1035 694 2456 2907 2272 2946 562 1833 229 3643 3259 1406 1296 1438 992 3613 3425 2054 3584 3409 392 3983 2084 2113 460 1203 1190 195 480 
217 259 141 246 234 0 373 256 512 512 242 31 3617 66 1348 507 3637 1852 1939 2789 3874 2677 2321 1403 3704 2945 3820 1461 3967 3768 989 3044 1920 107 3399 1478 3022 2675 416 2365 1481 3647 2148 
218 373 0 246 234 0 512 131 512 512 242 31 501 386 140 1688 2336 1767 93 565 2016 3327 76 2845 754 3994 2308 268 2631 752 1859 382 2403 2620 2356 2846 874 1709 3711 1206 385 3467 659 
219 373 131 246 234 0 512 256 512 512 242 32 2604 1659 3207 2714 3156 1053 3752 3115 2681 2503 2426 686 3886 575 1720 3988 3680 1274 2217 3133 1651 3578 900 1960 1482 83 2118 1411 3652 3273 3251 2731 
220 259 0 246 234 242 389 147 512 512 512 31 2726 384 504 2195 1513 2050 528 2168 2594 2155 1396 1934 3246 3841 168 1158 932 3236 1816 1881 2137 994 3782 616 1170 2749 91 3449 1109 3501 3330 
221 259 147 246 234 242 389 256 512 512 512 31 2560 1112 3161 2968 278 2858 1896 3420 2893 2476 589 852 330 2222 918 297 539 3694 1345 1528 925 2780 2767 2422 3857 3162 832 2078 2394 1379 3151 
222 389 0 246 234 242 512 158 512 512 512 31 1872 1154 3692 1366 3522 1153 1923 2851 1735 246 899 657 2007 940 3612 3392 391 3640 717 407 1216 2280 2021 1359 2189 3760 1018 78 2288 1538 3520 
223 389 158 246 234 242 512 256 512 512 512 32 3802 2688 3209 503 2117 2770 3121 137 272 1472 1598 1453 612 1251 953 2755 1246 1358 2409 1056 3079 1324 1516 3626 570 2319 1623 3349 3168 3225 3118 67 
224 259 256 0 0 0 359 367 262 249 243 31 1213 95 1501 2674 684 804 2522 3163 225 3448 2035 1275 393 1950 3367 3454 506 3959 3403 3027 354 1046 1365 2912 3605 2962 124 861 3516 68 2432 
225 259 367 0 0 0 359 512 262 249 243 31 3309 23 3865 2227 3160 2233 733 1307 3211 3582 3355 629 1870 112 2576 680 3152 476 2685 291 1586 485 1459 1567 3277 844 2836 347 2888 1814 484 
226 359 256 0 0 0 512 403 262 249 243 31 327 2405 3785 1488 2689 3307 2821 3388 2417 2300 2779 1860 3600 790 2627 1479 3948 3839 1189 2811 2188 61 2904 1356 3281 2041 2991 2601 1668 2015 1015 
227 359 403 0 0 0 512 512 262 249 243 32 219 1724 690 2351 2528 2107 3840 2478 1451 1291 669 1383 1866 2506 888 117 1464 2260 1334 126 254 3360 453 2255 2164 3313 2906 639 2100 242 2268 405 
228 259 256 0 0 243 371 383 262 249 512 31 2370 2899 756 2009 2497 3298 2138 313 1441 379 2849 807 336 3301 2051 1841 626 902 2563 2877 532 1076 1191 1737 2937 3222 3528 2580 2247 3253 2531 
229 259 383 0 0 243 371 512 262 249 512 31 742 3374 762 2208 3862 1922 1868 3814 2972 1509 3672 2537 1408 3257 469 3416 1877 3142 692 2701 355 710 842 771 1418 1466 183 2686 2159 3696 3483 
230 371 256 0 0 243 512 378 262 249 512 31 1469 131 2133 2569 1498 376 1522 3927 1820 2668 3749 784 1038 2761 889 3975 1566 1215 1911 1687 3372 2439 3567 3431 3038 1849 1310 1075 3593 273 1914 
231 371 378 0 0 243 512 512 262 249 512 32 397 2258 1069 1548 1277 1591 2559 2224 1908 1273 3918 997 3111 1265 1436 1680 82 31 658 1836 2757 2239 2743 1057 3888 79 48 2315 1972 2523 2952 3829 
232 259 256 0 249 0 389 379 262 512 265 31 1361 3196 572 339 3554 2500 1008 3105 3195 1402 1476 459 3269 713 1949 3691 110 3543 3911 1744 870 1146 3708 2583 1643 2760 184 2857 968 1102 1892 
233 259 379 0 249 0 389 512 262 512 265 31 3518 3953 2480 2326 1630 3174 3 1875 672 2868 2816 2518 1962 1919 134 2643 3294 2961 1874 2289 530 548 3616 1344 489 3408 1812 1078 103 3129 1777 
234 389 256 0 249 0 512 379 262 512 265 31 1288 3588 1120 2970 3822 1452 1763 643 3981 1086 1787 3636 3519 1388 1656 3534 368 764 3924 2461 1382 2712 2540 2160 3619 2658 1119 2058 3101 2379 1390 
235 389 379 0 249 0 512 512 262 512 265 32 1663 1332 2170 2296 2339 3241 2541 3223 650 2562 488 2915 2086 456 2045 1070 3871 3806 3615 1570 3081 1854 2555 1415 916 2185 2908 3679 1594 2672 3039 2738 
236 259 256 0 249 265 403 373 262 512 512 31 2197 975 1855 1010 2494 894 3046 2406 3496 976 2295 1867 3936 1675 1391 258 1702 2252 3035 1597 3686 2264 1899 1116 1616 2103 207 3190 2199 1510 2343 
237 259 373 0 249 265 403 512 262 512 512 31 353 1878 957 3701 1483 3025 1508 1473 2297 2335 3805 2452 980 2120 3735 2825 2385 438 2944 3229 630 1308 426 1187 123 1025 3493 1230 163 3763 627 
238 403 256 0 249 265 512 386 262 512 512 31 2416 2720 2721 2586 933 2509 231 433 3943 2866 2640 3890 3097 167 869 14 1079 3103 352 3786 2010 3963 2859 2730 2265 1569 180 301 3622 2673 3173 
239 403 386 0 249 265 512 512 262 512 512 32 3864 2871 1194 1144 3960 3931 1647 3053 2076 401 520 446 3685 1543 813 2935 823 3337 1003 848 3262 1021 2782 2834 590 1306 3104 1547 1426 755 2098 2557 
240 259 256 262 0 0 380 380 512 277 245 31 2277 159 935 3476 606 720 1221 3664 2894 1173 3122 3618 1706 1085 1762 2012 1157 1128 1604 2191 350 2561 2519 1532 3092 214 2545 39 1363 593 269 
241 259 380 262 0 0 380 512 512 277 245 31 1311 310 1384 1521 2454 3141 3358 732 2824 1279 707 2883 1148 3300 3287 737 3243 255 3940 2902 2167 2613 1369 155 2895 318 3113 946 3866 374 1997 
242 380 256 262 0 0 512 370 512 277 245 31 3108 3193 1166 858 1893 1005 3938 834 3631 3208 3406 3765 1778 457 3830 3999 1192 2762 208 3826 3275 3055 965 712 490 1325 1168 3011 1723 1142 247 
243 380 370 262 0 0 512 512 512 277 245 32 2241 3772 553 3254 1927 153 2707 120 668 3973 3992 3553 2304 437 3880 2073 2737 2325 1244 2298 2949 2934 2683 3282 3669 1519 38 1622 3112 2815 41 2988 
244 259 256 262 0 245 360 413 512 277 512 31 98 3220 2927 2402 598 177 3947 1589 2077 3930 2496 1122 3283 2448 2328 3363 2028 281 1506 2587 1380 1376 1353 2158 2314 1794 1321 2108 3809 579 3446 
245 259 413 262 0 245 360 512 512 277 512 31 3925 1092 3393 1371 2890 3909 2602 3443 1992 3210 1894 2696 3157 3068 2139 3317 2818 2634 1531 3268 2075 3487 3709 3054 2733 2599 621 2044 2462 519 3058 
246 360 256 262 0 245 512 385 512 277 512 31 364 3085 549 1410 3050 3721 1673 2784 64 3990 2482 941 2334 2515 2411 3094 1211 689 1062 2081 3040 2427 3460 2867 971 3377 221 3898 1781 1988 289 
247 360 385 262 0 245 512 512 512 277 512 32 3413 624 3002 2490 1217 2327 2556 2783 1792 1533 3354 3357 919 961 172 89 2977 35 3231 739 2014 1405 1443 3149 2886 1247 675 1574 75 3347 415 189 
248 259 256 262 277 0 397 385 512 512 250 31 1593 3607 1342 2887 3456 3921 885 3687 642 380 930 3529 2299 2920 1177 1694 1845 1552 2534 2380 483 1407 1817 3575 1502 1674 3240 1121 1944 1743 2457 
249 259 385 262 277 0 397 512 512 512 250 31 197 855 3646 3837 2517 3710 2705 3720 3387 3904 3868 2632 1649 2642 3314 649 1309 816 390 3429 2787 3502 2532 365 1677 3598 440 3445 2957 296 2349 
250 397 256 262 277 0 512 361 512 512 250 31 3603 3655 979 3267 147 1921 868 1995 2257 2885 1375 1811 1093 2989 3591 3422 617 3120 1722 2863 745 2110 2393 2947 1980 614 1886 396 1449 3495 2391 
251 397 361 262 277 0 512 512 512 512 250 32 3726 1333 2850 977 1556 2684 2616 1989 2144 3585 419 348 1959 2829 3073 2083 3547 1751 1006 1171 2248 550 1316 3751 3292 240 3411 148 3733 3233 3459 2184 
252 259 256 262 277 250 389 380 512 512 512 31 402 1049 648 3845 3828 2739 1074 1163 2105 3481 317 1497 2392 2307 3514 2087 1646 568 1136 819 2879 2070 687 3070 2029 3198 2352 1572 1961 3171 2419 
253 259 380 262 277 250 389 512 512 512 512 31 1349 1303 1667 2340 3260 3418 3334 2551 2039 1967 2421 3453 990 154 1197 1629 1387 1058 2400 3798 1258 1917 2415 3224 3707 514 3137 1661 769 3486 1715 
254 389 256 262 277 250 512 393 512 512 512 31 1588 1266 1843 2564 0 3741 3381 2629 1577 1292 3286 1818 262 2291 1098 2092 1555 3417 750 3903 2827 1504 2889 3525 3656 3230 2535 1745 2822 805 749 
255 389 393 262 277 250 512 512 512 512 512 32 1526 904 1320 3667 2313 810 373 406 3128 3080 2747 770 2759 3063 2121 1269 3913 3592 3432 3962 1188 3362 3722 3423 3500 1208 3541 1400 372 2930 3706 1535 
