256
256 0 0 0 0 0 0 2 2 5 4 5 5 39 2500 98 254 79 186 78 1 265 167 30 20 236 168 99 255 89 29 90 111 108 237 11 21 2 245 177 80 33 264 176 246 189 107 158 267 734 780 812 784 
257 0 2 0 0 0 0 2 2 5 4 5 5 39 724 725 656 793 890 733 624 655 891 803 858 625 635 781 704 713 646 871 791 859 862 715 703 878 802 868 647 702 790 881 634 712 880 627 869 637 3368 879 3303 
258 2 0 0 0 0 0 2 2 5 4 5 5 39 2513 2509 2763 2522 2501 2656 2754 2657 2685 2528 2745 2755 2746 2677 2676 2520 2667 2735 2606 2588 2579 2764 2510 2610 2736 2598 2686 2591 2597 2689 2607 2532 2578 2666 2529 2519 2767 3147 3235 
259 2 2 0 0 0 0 2 2 5 4 5 5 39 3391 3202 3313 3124 3284 3225 3222 3136 3359 3378 3137 3156 3203 3381 3290 3362 3300 3127 3438 3294 3360 3312 3206 3212 3234 3146 3291 3372 3213 3369 3390 3134 3281 3370 3301 3125 3292 3282 3155 
260 0 0 0 0 0 5 2 2 5 4 5 8 39 0 2590 2609 23 266 22 188 247 100 32 81 13 256 101 238 157 159 178 234 257 10 187 3 166 109 31 179 244 88 12 156 235 110 169 91 863 792 629 654 
261 0 2 0 0 0 5 2 2 5 4 5 8 39 732 872 795 888 813 801 723 735 714 870 706 657 645 705 794 785 628 782 717 636 811 639 707 882 810 716 638 800 804 861 873 722 726 626 889 860 783 644 648 
262 2 0 0 0 0 5 2 2 5 4 5 8 39 2757 2531 2668 2678 2511 2669 2589 2737 2687 2756 2503 2679 2765 2747 2766 2600 2599 2688 2658 2581 2521 2580 2530 2533 2512 2744 2659 2608 2502 2749 2734 2523 2611 2601 3363 3217 3295 3157 3236 
263 2 2 0 0 0 5 2 2 5 4 5 8 39 3293 3226 3207 3129 3382 3392 3302 3314 3310 3215 3145 3126 3305 3154 3304 3232 3388 3138 3216 3285 3389 3227 3128 3204 3135 3373 3283 3223 3233 3380 3383 3371 3205 3224 3379 3361 3144 3311 3214 
264 0 0 0 0 5 0 1 2 5 4 8 5 39 26 82 240 24 173 183 249 17 95 5 102 258 105 170 192 4 270 115 36 164 14 27 180 248 193 271 171 86 239 92 8 37 83 242 736 708 884 787 731 
265 0 2 0 0 5 0 1 2 5 4 8 5 39 640 883 805 796 815 728 719 652 721 809 727 896 797 662 631 893 887 786 814 737 875 740 709 718 818 649 658 650 892 806 630 807 874 894 659 643 729 816 641 
266 1 0 0 0 5 0 2 2 5 4 8 5 39 161 114 261 160 2603 2663 2740 2682 2683 2517 2761 2692 2673 2670 2770 2507 2526 2525 2680 2604 2594 2582 2534 2693 2751 2516 2739 2771 2504 2585 2660 2738 2595 2758 2742 2613 2748 3158 3241 
267 1 2 0 0 5 0 2 2 5 4 8 5 39 3131 3296 3316 3287 3385 3228 3297 3152 3375 3307 3238 3139 3210 3237 3231 3394 3288 3140 3218 3315 3159 3366 3209 3130 3148 3365 3319 3393 3149 3397 3239 3309 3384 3143 3395 3306 3141 3219 865 
268 0 0 0 0 5 5 1 1 5 4 8 8 39 7 84 269 113 163 104 93 16 38 19 260 15 87 25 253 18 250 175 268 190 6 97 263 251 174 106 165 116 162 262 35 182 181 28 252 272 191 243 9 
269 0 1 0 0 5 5 1 2 5 4 8 8 39 112 103 96 194 184 172 259 34 185 876 730 897 877 895 867 739 632 808 866 663 653 642 710 886 741 711 720 817 788 798 633 660 819 651 799 661 738 885 864 
270 1 0 0 0 5 5 2 1 5 4 8 8 39 2762 85 241 94 2674 2759 2750 2753 2506 2515 2684 2760 2691 2772 2514 2741 2690 2605 2583 2524 2527 2671 2672 2752 2661 2664 2584 2518 2743 2587 2596 2508 2768 2592 2505 2675 2614 2681 2769 
271 1 1 0 0 5 5 2 2 5 4 8 8 40 2615 2662 2602 2593 2586 2665 2612 3150 3153 3230 3162 3163 3387 3151 3386 3376 3374 3367 3298 3211 3220 3299 3308 3318 3132 3142 3240 3364 3133 3377 3289 3396 3221 3160 3317 3229 3208 789 3161 3286 
272 0 0 0 4 0 0 1 1 5 8 4 5 39 49 283 61 39 286 273 214 70 275 50 305 48 126 128 58 295 217 40 136 42 284 206 302 195 226 71 292 208 227 224 148 118 196 130 117 120 282 149 274 
273 0 1 0 4 0 0 1 2 5 8 4 5 39 277 761 675 840 774 830 852 900 752 822 696 692 743 753 928 762 909 684 831 744 927 674 821 921 771 685 683 687 843 765 919 850 918 931 908 772 849 693 929 
274 1 0 0 4 0 0 2 1 5 8 4 5 39 2786 204 139 2784 127 205 2626 2698 2705 2639 2776 2704 2783 2647 2727 2628 2616 2694 2792 2550 2714 2804 2717 2805 2541 2551 2638 2619 2538 2795 2629 2695 2560 2782 2726 2570 2773 2648 2569 
275 1 1 0 4 0 0 2 2 5 8 4 5 39 3196 3254 3184 3174 3341 3400 3350 3271 3349 3272 3428 3332 3192 3177 3164 3193 3419 3262 3410 3322 3253 3244 3243 3401 3275 3165 3263 3429 3353 3331 899 3418 3187 3194 665 3183 3431 3409 3340 
276 0 0 0 4 0 5 2 1 5 8 4 8 39 304 2697 51 141 69 131 138 197 306 287 146 150 140 297 285 147 293 68 43 52 276 63 60 225 41 62 296 121 303 119 137 219 59 72 218 207 216 294 129 
277 0 1 0 4 0 5 2 2 5 8 4 8 39 198 228 209 215 199 53 820 920 745 898 853 764 742 686 664 851 842 694 775 754 773 677 667 930 697 841 901 695 666 755 676 911 833 823 910 832 3333 763 3274 
278 2 0 0 4 0 5 2 1 5 8 4 8 39 2649 2561 2646 2543 2775 2696 2637 2706 2724 2725 2707 2802 2794 2539 2793 2540 2617 2774 2785 2542 2559 2636 2558 2803 2787 2777 2797 2708 2715 2571 2699 2552 2630 2568 2620 2548 2640 2549 2716 
279 2 1 0 4 0 5 2 2 5 8 4 8 39 2627 2709 2806 2618 2621 2719 2728 2796 2718 3265 3195 3408 3399 3430 3421 3320 3186 3264 3242 3420 3245 3323 3166 3321 3398 3343 3175 3352 3342 3167 3252 3330 3185 3351 3273 3176 3197 3411 3255 
280 0 0 0 4 4 0 2 1 5 8 8 5 39 2553 2544 211 153 307 231 278 289 229 123 152 230 220 298 299 280 124 308 74 45 143 202 201 142 133 54 64 151 311 290 55 73 65 67 132 77 46 221 155 
281 0 1 0 4 4 0 2 2 5 8 8 5 39 233 279 668 912 903 681 825 915 678 834 768 856 846 925 690 847 691 933 934 699 837 769 700 680 746 902 756 824 777 778 855 671 827 749 924 759 757 844 688 
282 2 0 0 4 4 0 2 1 5 8 8 5 39 2575 2710 2731 2779 2809 2566 2622 2562 2733 2572 2635 2701 2780 2554 2730 2631 2789 2808 2545 2535 2799 2650 2702 2641 2573 2807 2720 2557 2723 2711 2729 2644 2623 2788 2632 2563 2721 2798 2651 
283 2 1 0 4 4 0 2 2 5 8 8 5 39 2811 3328 3335 3268 3402 3246 3413 3406 3357 3200 3324 3190 3279 3347 3356 3269 3435 3412 3278 3344 3334 3256 3259 3325 3247 3434 3422 3266 3425 3180 3337 3250 3181 3168 3169 3199 3403 3189 3171 
284 0 0 0 4 4 5 2 2 5 8 8 8 39 232 288 309 47 213 145 75 44 223 301 203 134 281 125 154 310 135 66 56 212 222 57 300 76 291 122 144 200 210 835 916 848 857 760 770 923 679 751 776 
285 0 2 0 4 4 5 2 2 5 8 8 8 39 828 913 672 838 854 845 689 906 932 907 767 904 836 905 670 826 750 669 926 935 839 682 673 829 701 922 914 698 917 779 766 758 747 748 3170 3405 3415 3346 3424 
286 2 0 0 4 4 5 2 2 5 8 8 8 39 2643 2703 2713 2565 2781 2712 2810 2722 2652 2634 2654 2624 2642 2801 2555 2576 2564 2546 2790 2645 2537 2556 2700 2655 2791 2800 2633 2536 2574 2653 2567 2577 2547 2778 2732 2625 3270 3173 3258 
287 2 2 0 4 4 5 2 2 5 8 8 8 40 3251 3336 3188 3276 3338 3427 3191 3326 3345 3182 3355 3249 3417 3280 3433 3260 3248 3257 3432 3414 3407 3416 3358 3179 3404 3198 3354 3329 3261 3426 3348 3172 3201 3277 3267 3339 3327 3436 3178 3423 
288 0 0 5 0 0 0 2 2 8 4 5 5 39 470 489 314 549 392 556 498 559 343 420 577 546 333 411 323 499 568 402 480 490 401 471 332 342 569 421 315 324 393 479 578 969 1191 1192 1204 1034 1195 1105 1183 
289 0 2 5 0 0 0 2 2 8 4 5 5 39 1038 1028 1114 1019 937 1113 940 1016 1117 959 1123 1095 1044 1107 1201 1017 1182 1200 1104 1035 956 1047 946 938 1126 1036 949 1124 1015 1094 1025 1193 1122 1173 1202 936 968 3537 3437 
290 2 0 5 0 0 0 2 2 8 4 5 5 39 2892 2988 2973 2823 2832 2979 2923 2998 2980 2920 2845 2970 2893 3046 2911 2814 3078 2902 2842 3000 2999 2971 3059 2989 3068 3058 2901 2833 2824 3077 3049 2910 2921 3703 3690 3606 3684 3544 3515 
291 2 2 5 0 0 0 2 2 8 4 5 5 39 3516 3622 3700 3468 3466 3469 3524 3450 3535 3594 3625 3456 3691 3613 3602 3612 3681 3525 3672 3441 3547 3534 3528 3593 3597 3671 3694 3603 3447 3519 3595 3439 3675 3682 3448 3692 3459 3446 3673 
292 0 0 5 0 0 5 1 1 8 4 5 8 39 558 400 579 557 391 422 325 335 570 394 548 390 316 423 334 472 313 469 567 410 413 322 312 345 478 576 501 566 412 468 500 551 403 550 547 481 344 560 491 
293 0 1 5 0 0 5 1 2 8 4 5 8 39 488 1205 1096 1029 1097 941 1039 1037 1048 1049 966 1127 1045 1018 1172 1175 1184 939 967 950 1106 951 1186 1115 957 947 960 1174 970 1116 1187 1203 1046 1125 1194 1027 1185 948 1026 
294 1 0 5 0 0 5 2 2 8 4 5 8 39 3076 2843 3050 2835 2991 3057 2891 3056 2903 3079 2922 2990 2913 3051 3067 3048 2972 2978 2969 3069 2813 3060 2834 2825 3047 2912 2890 2815 2844 3001 2968 2822 2981 2900 2812 3066 3685 3529 3467 
295 1 2 5 0 0 5 2 2 8 4 5 8 39 3460 3701 3518 3596 3461 3458 3536 3451 3548 3527 3695 3449 3607 3623 3538 3704 3457 3470 3683 3539 3440 3705 3546 3545 3626 3702 3616 3617 3693 3615 3605 3627 3624 3604 3674 3517 3614 3526 958 
296 0 0 5 0 5 0 1 1 8 4 8 5 39 317 552 580 493 571 415 574 495 336 337 417 397 396 414 404 318 482 561 474 486 492 565 426 483 405 408 502 562 473 326 330 553 395 505 424 584 348 349 339 
297 0 1 5 0 5 0 1 2 8 4 8 5 39 477 327 427 581 1189 1208 1040 1110 1041 1098 1120 1111 1179 953 1199 1032 1207 1053 952 1130 1022 944 974 1050 1176 1023 1198 1031 943 1051 965 1129 1188 961 962 1196 971 963 1101 
298 1 0 5 0 5 0 2 1 8 4 8 5 39 320 3061 2926 2837 2818 2896 3074 2836 2826 2820 3052 2898 3070 2986 3080 2829 3083 2848 2849 2914 2816 3002 3053 2904 2839 2983 3055 2995 2894 2992 2895 2976 3005 2905 3071 3081 3062 2817 2827 
299 1 1 5 0 5 0 2 2 8 4 8 5 39 3065 2917 2982 2927 3697 3443 3532 3444 3531 3688 3475 3610 3628 3706 3454 3549 3619 3553 3550 3463 3679 3707 3472 3541 3618 3631 3601 3522 3600 3709 3453 3678 3471 3696 3540 3609 3462 3676 3687 
300 0 0 5 0 5 5 1 1 8 4 8 8 39 329 572 485 582 506 338 418 575 496 340 428 347 484 416 554 406 419 475 563 555 497 321 341 350 328 407 346 409 476 425 564 487 319 585 503 573 398 494 331 
301 0 1 5 0 5 5 1 2 8 4 8 8 39 504 583 399 1102 1181 1197 954 1206 975 942 1030 973 1100 1190 1112 1033 1021 1043 1121 1099 1108 1128 1180 1118 1109 1119 1042 1024 1177 1178 955 1103 945 1209 1131 1052 964 1020 972 
302 1 0 5 0 5 5 2 1 8 4 8 8 39 2907 2925 2994 3073 2838 2915 2840 2847 2916 2918 2975 3003 2984 2985 2828 2996 2897 2819 3082 3075 2850 3006 2831 2977 3084 2908 2919 2987 2997 3064 2909 3054 2830 2899 2821 3072 2841 3004 3063 
303 1 1 5 0 5 5 2 2 8 4 8 8 40 3007 2846 2928 2924 2906 2974 3085 2993 3599 3708 3698 3520 3543 3464 3533 3442 3689 3621 3620 3542 3551 3677 3521 3530 3686 3465 3611 3598 3452 3455 3474 3608 3523 3629 3473 3680 3630 3699 3552 3445 
304 0 0 5 4 0 0 1 1 8 8 4 5 39 586 429 517 353 362 587 618 509 536 431 596 528 540 355 360 530 361 508 351 609 430 527 371 461 614 352 605 526 511 606 518 448 597 370 433 373 507 449 615 
305 0 1 5 4 0 0 1 2 8 8 4 5 39 458 520 442 383 364 380 537 1223 1211 1132 1006 978 1086 1242 1154 1057 996 986 1077 1155 1133 1233 1007 997 1232 1067 987 1220 1145 1241 1164 1085 1163 1135 1210 1212 1142 1066 1076 
306 1 0 5 4 0 0 2 1 8 8 4 5 39 3028 439 3030 3114 3107 2860 2854 2930 2861 2852 3108 2873 2938 2939 2851 3086 3095 2951 2961 3106 3017 3021 3027 2948 3105 3008 2870 2929 3036 3037 3087 2880 2958 3115 2882 2933 2942 3040 3009 
307 1 1 5 4 0 0 2 2 8 8 4 5 39 3099 3018 2864 2883 3096 3118 3653 3557 3479 3635 3585 3742 3506 3654 3566 3644 3712 3731 3732 3488 3713 3509 3575 3722 3478 3662 3507 3496 3663 3497 3741 3634 3556 3487 3584 3565 977 3643 1056 
308 0 0 5 4 0 5 1 2 8 8 4 8 39 450 440 538 607 616 589 617 519 510 441 363 619 588 599 381 539 382 598 365 375 443 521 354 432 541 453 385 372 531 374 463 462 608 384 452 459 529 1064 1144 
309 0 2 5 4 0 5 1 2 8 8 4 8 39 1055 1156 1143 1054 1065 1214 1165 1084 1234 1074 1075 1213 1224 1058 1136 1078 1221 998 1068 1146 1230 1225 1222 976 999 1240 979 1137 1087 988 1243 1152 1008 1231 1134 1009 1153 1162 1215 
310 1 0 5 4 0 5 2 1 8 8 4 8 39 451 460 3038 3020 2932 3039 2941 2940 3019 2863 3089 3116 2953 3117 3011 2853 3097 2862 3088 2952 2884 2874 2872 3010 3109 2950 2960 2931 2959 3098 2881 2865 2962 2943 2855 2949 3041 3029 2871 
311 1 1 5 4 0 5 2 2 8 8 4 8 39 3119 3632 3558 3720 3642 3576 3723 3577 3664 3711 3554 3665 3733 3710 3574 3721 3655 3714 3633 3486 3480 3555 3645 3740 3636 3476 3586 3567 3652 3564 3489 3477 3743 3498 3499 3730 3508 3587 989 
312 0 0 5 4 4 0 2 2 8 8 8 5 39 467 445 434 610 591 544 389 368 454 455 376 377 367 590 386 543 524 621 602 446 622 523 437 465 534 464 603 593 612 533 436 515 514 358 1229 1151 1226 980 1166 
313 0 2 5 4 4 0 2 2 8 8 8 5 39 1158 1013 984 1148 1088 1070 1010 1244 1060 1139 1167 1089 1160 990 981 1003 1170 1248 1216 1071 1079 1069 1217 993 1157 1236 1000 1245 1082 1147 1073 1059 1168 1235 1138 1239 1092 1063 3668 
314 2 0 5 4 4 0 2 2 8 8 8 5 39 2867 2876 2887 3093 3013 2963 2935 2967 2886 2946 3103 3025 3012 3043 3033 2889 3111 2954 2885 3102 2858 3121 2955 3024 2857 3034 3090 3015 2945 2964 3112 3042 2877 2936 3591 3572 3646 3513 3724 
315 2 2 5 4 4 0 2 2 8 8 8 5 39 3715 3569 3491 3500 3481 3656 3669 3719 3490 3725 3559 3512 3744 3560 3728 3647 3568 3494 3562 3650 3578 3666 3637 3590 3716 3745 3638 3735 3748 3734 3726 3659 3746 3503 3484 3738 3581 3579 3641 
316 0 0 5 4 4 5 2 2 8 8 8 8 39 3122 438 512 359 447 601 545 456 366 525 457 594 369 388 466 613 379 532 595 357 604 444 516 522 513 592 378 623 600 356 542 535 620 387 435 611 1005 1011 1237 
317 0 2 5 4 4 5 2 2 8 8 8 8 39 982 1149 1247 1159 991 1169 983 1091 994 1219 985 1141 1228 1171 1081 1002 995 992 1093 1227 1080 1012 1001 1161 1004 1150 1140 1072 1249 1238 1083 1246 1218 1061 1090 1014 1062 3649 3582 
318 2 0 5 4 4 5 2 2 8 8 8 8 39 2875 2947 2879 2868 3032 2957 2866 3100 3094 3092 2966 3110 2934 3022 3104 3023 3026 3123 3045 3091 3044 2944 3101 3035 2956 2888 3016 2859 2937 2856 2878 3120 3031 3113 2869 3014 2965 3727 3588 
319 2 2 5 4 4 5 2 2 8 8 8 8 40 3570 3747 3592 3511 3563 3661 3485 3583 3482 3505 3737 3749 3502 3651 3495 3729 3483 3573 3501 3736 3492 3670 3504 3718 3640 3510 3667 3657 3561 3648 3660 3589 3571 3493 3580 3658 3639 3717 3739 3514 
320 0 2 0 0 0 0 2 3 4 4 5 5 39 3916 1359 3925 1485 1351 1357 1417 1279 1360 1358 1435 1339 1261 1494 1329 1347 1513 1426 1330 1338 1507 1436 1495 1439 1252 1273 1348 1505 1269 1282 1407 1408 1514 1486 1429 1517 1260 1270 1416 
321 0 3 0 0 0 0 2 8 4 4 5 5 39 1251 1504 1896 1874 2128 2109 1984 1952 2034 2043 1964 2030 2040 2063 1965 2118 2031 2119 1983 1886 1905 2141 2131 2050 1887 1906 2108 1895 2138 2121 1955 1877 2053 2112 1974 1962 2062 1884 2051 
322 2 2 0 0 0 0 2 4 4 4 5 5 39 3927 3763 3851 3750 3935 3926 3751 3778 3860 3847 4004 3917 3838 3856 4017 3761 4014 3773 3848 3839 3995 3829 3857 3994 4015 3986 3769 3929 4005 3782 3985 3907 3760 3770 3938 3908 3920 3779 4631 
323 2 4 0 0 0 0 2 8 4 4 5 5 39 4452 4405 4540 4562 4618 4621 4530 4612 4387 4641 4484 4531 4406 4534 4475 4377 4553 4462 4483 4453 4474 4397 4640 4552 4628 4396 4608 4384 4609 4385 4472 4394 4629 4541 4375 4374 4630 4543 4465 
324 0 2 0 0 0 5 1 4 4 4 5 8 39 1506 1272 1516 1427 1496 1419 1428 1281 1328 1331 1515 1484 1361 1262 1497 1280 1437 1283 1271 1340 1406 1487 1349 1438 1253 1250 1341 1350 1418 1263 1409 2123 2133 1904 2129 1885 1985 2110 2045 
325 0 4 0 0 0 5 1 8 4 4 5 8 39 2032 1875 1956 1907 1879 2140 2142 2139 2035 2132 1894 1982 1878 2044 2120 2064 2113 1973 2061 1966 1975 1953 2054 1888 2143 2052 2122 1963 2033 1972 1954 1897 2042 1876 2041 2130 2111 2060 1957 
326 1 2 0 0 0 5 2 4 4 4 5 8 39 3909 3858 3840 3936 3861 3781 3928 3939 3841 3831 3752 3996 4016 3984 3753 3987 3937 4006 3780 3762 3830 3849 3906 3771 4007 3828 3919 3783 3859 3918 3997 3850 3772 4476 4639 4545 4456 4404 4623 
327 1 4 0 0 0 5 2 8 4 4 5 8 39 4473 4386 4395 4554 4378 4389 4466 4550 4532 4613 4407 4482 4535 4610 4457 4544 4620 4642 4619 4632 4638 4622 4388 4485 4376 4561 4611 4563 4560 4454 4542 4463 4398 4379 4467 4464 4455 4533 4551 
328 0 2 0 0 5 0 1 4 4 4 8 5 39 1488 1333 1363 1510 1492 1412 1432 1441 1410 1342 1264 1276 1501 1490 1343 1254 1498 1285 1489 1511 1345 1286 1364 1423 1277 1267 1332 1266 1257 1520 1442 1335 1433 1355 1354 2116 1968 1989 1986 
329 0 4 0 0 5 0 1 8 4 4 8 5 39 1880 2144 2047 1980 2135 2059 1902 1890 2066 2125 2038 2046 1959 2145 2134 1898 2124 1893 2037 1900 1971 1889 1908 1881 1911 2057 2067 1967 1976 2115 1883 2068 1969 2055 1891 2065 1961 1899 1958 
330 1 2 0 0 5 0 2 4 4 4 8 5 39 3988 4000 1420 1411 3767 4008 3832 3754 3855 3941 3942 3910 3845 3776 3923 3998 3785 4020 3786 3932 3913 3933 4011 3835 3922 3757 3844 3991 3863 3766 4021 3854 3864 4624 4555 4643 4556 4381 4459 
331 1 4 0 0 5 0 2 8 4 4 8 5 39 4408 4390 4536 4487 4469 4400 4547 4559 4625 4478 4409 4537 4646 4546 4568 4412 4481 4399 4634 4477 4637 4471 4615 4565 4635 4458 4633 4564 4393 4479 4486 1977 4380 4468 4410 4401 4490 4488 2056 
332 0 2 0 0 5 5 2 3 4 4 8 8 39 3940 1518 1415 1344 1256 1337 1353 1509 1414 1440 1500 1259 1521 1334 1336 1508 1362 1431 1275 1268 1258 1493 1352 1274 1421 1413 1502 1424 1503 1499 1255 1443 1512 1425 1346 1430 1287 1265 1356 
333 0 3 0 0 5 5 2 8 4 4 8 8 39 1519 1365 1491 1422 1278 1284 1434 1912 1901 1909 1903 1987 1913 1882 2137 1981 1970 1892 2146 2049 1979 2136 1960 2147 2117 2048 2126 2069 2039 2127 1990 2036 2114 2058 1978 1988 1991 4539 1910 
334 2 2 0 0 5 5 2 3 4 4 8 8 39 4001 3756 3915 3990 3777 4010 3759 3834 3837 4019 4009 3943 3993 3787 3865 3914 3764 3758 4018 3836 3842 3833 3843 4013 3931 4012 3992 3774 3930 3784 3989 4022 3921 3911 3765 3934 3999 3852 3775 
335 2 3 0 0 5 5 2 8 4 4 8 8 40 4002 3912 3768 4003 3924 3853 3862 3846 3755 4411 4647 4549 4569 4392 4548 4627 4491 4626 4403 4470 4614 4636 4480 4413 4461 4460 4616 4617 4644 4566 4382 4489 4538 4567 4645 4558 4402 4391 4557 4383 
336 0 2 0 4 0 0 1 3 4 8 5 5 39 1557 1446 1545 1379 1524 1290 1388 1292 1376 1454 1298 1457 1389 1467 1533 1532 1526 1301 1311 1477 1555 1288 1448 1367 1464 1535 1445 1466 1366 1370 1542 1522 1523 1289 1476 1554 1320 1399 1310 
337 0 3 0 4 0 0 1 8 4 8 5 5 39 1398 1444 1914 2081 1924 1943 1933 2022 1946 2179 2169 1927 2072 2025 2151 2170 1915 2099 1992 1936 2012 2100 2090 2103 1993 2021 2003 2013 2002 1923 1942 2071 2150 2091 2015 2160 1934 2080 2178 
338 1 2 0 4 0 0 2 4 4 8 5 5 39 4034 3957 4036 3888 4025 3801 3948 3876 3810 3798 4023 3954 3788 3867 4033 4042 4032 3866 3791 3879 3869 4027 3819 4055 4024 3976 3945 3944 3811 4052 3966 4045 3898 3897 3889 3967 3820 4524 4494 
339 1 4 0 4 0 0 2 8 4 8 5 5 39 4415 4671 4599 4572 4659 4446 4681 4437 4600 4503 4650 4522 4669 4433 4425 4434 4443 4511 4512 4658 4678 4581 4590 4521 4580 4668 4493 4571 4515 4513 4591 4424 4502 4649 4593 4435 4679 4601 4677 
340 0 2 0 4 0 5 1 3 4 8 5 8 39 1544 1556 1300 1378 1368 1525 1456 1291 1553 1309 1552 1537 1293 1386 1319 1377 1478 1447 1390 1468 1312 1536 1321 1397 1318 1308 1371 1455 1299 1381 1380 1449 1396 1474 1543 1303 1458 1369 1546 
341 0 3 0 4 0 5 1 8 4 8 5 8 39 1302 1534 1527 1475 1459 1465 2149 1937 2158 2148 2180 2159 2024 2102 2161 2168 2181 1926 1994 2070 2004 2152 1916 2092 2073 1947 1917 1925 2171 2082 1944 2014 2023 1945 1995 1935 2083 2101 2093 
342 1 2 0 4 0 5 2 3 4 8 5 8 39 4056 1387 3947 3946 3790 4053 3887 4026 3868 3818 4054 3800 3956 3871 3878 4047 3821 4037 3793 4044 3968 3899 4035 3870 3809 4046 3799 3890 3886 3789 3792 3877 3949 3965 3975 3881 3959 3977 3808 
343 1 3 0 4 0 5 2 8 4 8 5 8 39 3802 3958 3880 3974 3964 4043 3812 3896 3955 4426 4525 4680 4427 4504 4582 4447 4670 4495 4416 4514 4660 4583 4603 4573 4651 4417 4436 4570 4523 4505 4445 4592 4648 4492 4602 4661 2005 4444 4414 
344 0 2 0 4 5 0 1 3 4 8 8 5 39 1304 1480 1461 1549 1451 1400 1307 1322 1313 1382 1391 1324 1473 1559 1539 1326 1558 1373 1547 1551 1482 1548 1323 1401 1314 1452 1392 1295 1460 1383 1538 1560 1529 1395 1530 1294 1470 1305 1479 
345 0 3 0 4 5 0 1 8 4 8 8 5 39 1317 1404 1469 2078 2019 2153 1940 2154 2074 2107 2162 2028 1949 1931 1921 1930 2006 2185 2084 1996 1948 2097 1939 2076 2172 2157 2075 1918 1999 2163 2009 2087 2166 2182 2018 2096 2173 2175 2106 
346 1 2 0 4 5 0 2 3 4 8 8 5 39 4059 3904 3872 3978 3824 3960 3961 4057 3873 3979 3826 3973 3816 4058 3804 4040 4030 3900 3794 3813 3969 3885 4049 3823 3795 3822 3901 4048 3803 3970 3951 3982 3891 4039 3892 4061 3895 3963 3882 
347 1 3 0 4 5 0 2 8 4 8 8 5 39 3950 3814 3807 4528 4574 4518 4606 4519 4506 4527 4575 4441 4428 4662 4653 4431 4430 4421 4652 4584 4418 4509 4450 4577 4605 4449 4684 4597 4665 4587 4675 4683 4596 4674 4496 4440 4654 4499 1920 
348 0 2 0 4 5 5 2 4 4 8 8 8 39 1402 3962 1450 1296 1462 1463 1393 1372 1541 1316 1315 1540 1405 1471 1306 1403 1483 1394 1384 1327 1385 1481 1325 1561 1528 1531 1375 1297 1550 1374 1472 1453 2010 2177 1928 1919 2174 2077 2007 
349 0 4 0 4 5 5 2 8 4 8 8 8 39 2095 2184 2000 2086 2094 2085 2176 2088 1997 2011 1938 2167 2026 2029 2186 2001 2020 2016 2098 2079 1932 2183 2156 2027 1941 2017 2089 2165 2008 1951 1950 1998 2164 1922 1929 2104 2105 2155 2187 
350 2 2 0 4 5 5 2 4 4 8 8 8 39 3796 3953 3825 3981 3902 4060 3797 3903 3971 4041 3893 3806 3815 3952 3884 3980 3883 3805 3875 4038 3874 3894 3827 3983 3905 3817 4051 4031 3972 4028 4050 4029 4419 4438 4685 4510 4498 4667 4422 
351 2 4 0 4 5 5 2 8 4 8 8 8 40 4657 4585 4423 4666 4594 4663 4595 4429 4682 4500 4656 4442 4526 4516 4578 4432 4588 4507 4517 4607 4520 4604 4439 4529 4451 4589 4655 4579 4664 4673 4448 4576 4497 4420 4508 4676 4501 4598 4672 4586 
352 0 2 4 0 0 0 1 4 8 5 4 5 39 1720 1730 1806 1808 1563 1728 1661 1593 1718 1643 1748 1591 1583 1799 1796 1650 1817 1564 1652 1721 1670 1582 1573 1749 1739 1592 1671 1827 1740 1653 1642 1595 1662 1818 2362 2444 2198 2284 2366 
353 0 4 4 0 0 0 1 8 8 5 4 5 39 2345 2375 2279 2432 2210 2451 2297 2373 2357 2422 2354 2288 2206 2286 2266 2372 2294 2197 2433 2216 2441 2188 2275 2363 2285 2276 2450 2344 2207 2355 2267 2353 2452 2191 2269 2219 2423 2435 2199 
354 1 2 4 0 0 0 2 4 8 5 4 5 39 4309 1731 1809 4062 4306 4170 4221 4161 4220 4082 4248 4307 4092 4228 4083 4171 4143 4093 4073 4318 4240 4327 4142 4074 4065 4152 4230 4239 4328 4299 4319 4151 4064 4249 4296 4862 4765 4777 4866 
355 1 4 4 0 0 0 2 8 8 5 4 5 39 4940 4727 4690 4872 4931 4950 4719 4854 4856 4923 4922 4953 4796 4709 4686 4853 4774 4787 4797 4925 4784 4935 4875 4932 4863 4844 4706 4697 4847 4768 4944 4941 4699 4687 4775 4764 4718 4696 2431 
356 0 2 4 0 0 5 2 4 8 5 4 8 39 4095 1594 1826 4308 1829 1575 1719 1641 1722 4163 1751 1574 1584 1672 1738 1572 1651 1660 1673 1819 1810 1732 1828 1797 1663 1800 1750 1741 1816 1640 1585 1807 1644 1562 1798 1729 1565 2208 2364 
357 0 4 4 0 0 5 2 8 8 5 4 8 39 2376 2455 2201 2287 2289 2211 2299 2346 2367 2295 2189 2220 2453 2298 2445 2218 2425 2442 2454 2221 2374 2200 2424 2377 2190 2356 2278 2268 2277 2443 2209 2365 2296 4776 4924 2217 4698 2434 2347 
358 2 2 4 0 0 5 2 4 8 5 4 8 39 4162 4094 4141 4298 4231 4085 4250 4172 4218 4301 4316 4150 4326 4173 4075 4160 4251 4063 4072 4229 4238 4241 4153 4320 4329 4317 4084 4144 4300 4222 4310 4066 4219 4140 4297 4779 4945 4720 4874 
359 2 4 4 0 0 5 2 8 8 5 4 8 39 4954 4788 4855 4716 4865 4794 4876 4766 4798 4952 4873 4786 4857 4846 4951 4701 4864 4867 4943 4778 4934 4845 4795 4942 4691 4789 4700 4785 4707 4688 4769 4933 4689 4717 4877 4710 4955 4767 4708 
360 0 2 4 0 4 0 2 3 8 5 8 5 39 1734 4154 1568 1805 1656 4167 1664 1649 1820 1588 1566 1677 1811 1833 1570 1646 1733 1667 1658 1801 1821 1579 1724 1599 1802 1665 1742 1814 1589 1645 1598 1736 1567 1723 1576 1654 1743 1752 1812 
361 0 3 4 0 4 0 2 8 8 5 8 5 39 1824 1755 1727 1746 1674 1830 1655 2426 2369 2456 2272 2273 2351 2292 2194 2203 2370 2281 2195 2379 2429 2438 2301 2360 2291 2223 2439 2447 2282 2428 2204 2300 2222 2448 2457 2350 2378 2213 4937 
362 2 2 4 0 4 0 2 3 8 5 8 5 39 4302 4245 4069 4089 4330 4067 4078 4234 4331 4232 4155 4098 4321 4068 4334 4164 4149 4311 4242 4145 4086 4252 4158 4077 4174 4176 4255 4303 4233 4324 4315 4224 4146 4099 4227 4177 4322 4312 4236 
363 2 3 4 0 4 0 2 8 8 5 8 5 39 4223 4076 4070 4080 4957 4851 4715 4869 4772 4790 4879 4799 4724 4803 4948 4722 4793 4859 4694 4703 4712 4771 4938 4800 4780 4928 4721 4702 4781 4860 4929 4693 4713 4878 4711 4956 4947 4850 4801 
364 0 2 4 0 4 5 1 3 8 5 8 8 39 1666 1648 1600 1647 1822 1725 1596 1669 1803 1831 1744 1735 1577 1813 1581 1571 1747 1675 1569 1657 1832 1753 1679 1590 1726 1580 1587 1757 1823 1676 1659 1668 1825 1586 1756 1835 1834 1754 1678 
365 0 3 4 0 4 5 1 8 8 5 8 8 39 1737 1815 2446 2224 2280 2371 2225 2449 2214 2193 2348 2205 2290 2358 2349 2368 2283 2302 2215 2427 2303 2212 2192 2352 2270 2440 2202 2361 2380 2293 2271 2196 2359 2458 2381 2430 2436 2437 2274 
366 1 2 4 0 4 5 2 3 8 5 8 8 39 1804 4225 1597 1578 1745 4323 4148 4244 4088 4333 4156 4254 4253 4235 4100 4147 4332 4226 4256 4247 4314 4169 4243 4166 4165 4246 4096 4313 4157 4079 4097 4305 4168 4335 4159 4091 4087 4175 4304 
367 1 3 4 0 4 5 2 8 8 5 8 8 40 4237 4178 4325 4081 4071 4090 4939 4714 4802 4926 4930 4861 4868 4870 4725 4881 4773 4782 4704 4927 4858 4958 4949 4880 4792 4770 4848 4936 4871 4791 4946 4959 4692 4783 4705 4695 4852 4723 4849 2459 
368 0 2 4 5 0 0 1 3 8 8 4 5 39 1780 1845 1613 1702 1758 1776 1624 1691 1601 1854 1690 1612 1711 1683 1605 1768 1837 1846 1767 1836 1602 1620 1689 1855 1633 1693 1761 1777 1699 1708 1759 1858 1614 1680 1630 1698 1621 1864 1867 
369 0 3 4 5 0 0 1 8 8 8 4 5 39 1789 1611 1786 1771 1865 1849 2226 2334 2491 2463 2238 2307 2239 2326 2248 2304 2481 2482 2382 2317 2395 2413 2460 2229 2335 2404 2385 2403 2257 2256 2492 2472 2247 2325 2473 2228 2394 2461 2316 
370 1 2 4 5 0 0 2 3 8 8 4 5 39 4105 4101 4114 4277 4290 4336 4112 4123 4261 4102 4269 4271 4278 4346 4287 4121 4286 4208 4268 4183 4120 4110 4192 4111 4337 4199 4359 4347 4355 4257 4189 4211 4133 4364 4130 4356 4365 4267 4258 
371 1 3 4 5 0 0 2 8 8 8 4 5 39 4281 4180 4179 4368 4198 4904 4728 4973 4747 4885 4913 4882 4807 4895 4835 4816 4960 4826 4746 4756 4759 4972 4963 4894 4884 4737 4755 4806 4982 4991 4903 4834 4736 4912 4892 4961 4825 4981 4990 
372 0 2 4 5 0 5 1 4 8 8 4 8 39 1632 1635 1839 1791 1623 1622 1848 1603 1769 1856 1847 1788 1778 1787 1868 1857 1779 1869 1712 1681 1615 1709 1713 1859 1634 1631 1700 1625 1703 1790 1838 1692 1760 1866 1604 1770 1781 1682 2236 
373 0 4 4 5 0 5 1 8 8 8 4 8 39 2392 2490 2402 2318 2324 2314 2337 2386 2414 2230 2483 2412 2465 2315 2246 2258 2405 2493 2227 2383 2415 2396 2471 2305 2308 2237 2474 2464 2387 2462 2393 2327 2249 2470 2306 2336 2384 2240 2480 
374 1 2 4 5 0 5 2 3 8 8 4 8 39 1710 4182 1701 4213 4190 4135 4132 4366 4103 4367 4358 4210 4270 4339 4349 4280 4289 4122 4279 4209 4201 4113 4115 4200 4202 4288 4191 4338 4181 4193 4131 4357 4260 4369 4104 4124 4125 4291 4212 
375 1 3 4 5 0 5 2 8 8 8 4 8 39 4203 4348 4134 4259 4905 4902 4749 4974 4729 4814 4824 4817 4964 4748 4805 4883 4980 4971 4886 4893 4836 4808 4827 4970 4915 4914 4815 4962 4757 4992 4983 4738 4993 4837 4804 4758 4739 2259 4726 
376 0 2 4 5 4 0 1 4 8 8 8 5 39 1695 1783 1852 1762 1687 1861 1637 1686 1714 1870 1842 1609 1705 1696 1606 1764 1774 1765 1792 1784 1636 1843 1608 1715 1706 1862 1853 1871 1617 1618 1627 1793 2244 2391 2476 2475 2341 2410 2388 
377 0 4 4 5 4 0 1 8 8 8 8 5 39 2322 2398 2467 2235 2408 2232 2406 2231 2332 2397 2486 2320 2338 2251 2310 2241 2261 2250 2319 2416 2389 2407 2484 2469 2494 2485 2497 2479 2419 2328 2488 2399 2329 2313 2466 2260 2339 2309 2263 
378 1 2 4 5 4 0 2 4 8 8 8 5 39 4126 4117 4262 4204 4106 4352 4108 4217 4360 4195 4139 4340 4372 4283 4109 4136 4196 4353 4215 4274 4264 4362 4186 4214 4275 4187 4265 4118 4293 4371 4127 4343 4294 4205 4284 4743 4753 4813 4891 
379 1 4 4 5 4 0 2 8 8 8 8 5 39 4829 4965 4831 4762 4731 4810 4988 4969 4896 4966 4740 4888 4734 4819 4994 4818 4887 4822 4897 4975 4906 4919 4900 4984 4976 4839 4809 4752 4985 4907 4997 4916 4730 4917 4838 4978 4828 4841 4889 
380 0 2 4 5 4 5 2 4 8 8 8 8 39 1851 1873 1773 1697 1863 1840 1629 1638 1626 1639 1795 1841 1704 1707 1794 1782 1684 1685 1607 1844 1716 1775 1688 1860 1619 1785 1766 1872 1616 1850 1772 1717 1628 1694 1763 1610 2487 2265 2401 
381 0 4 4 5 4 5 2 8 8 8 8 8 39 2468 2342 2311 2421 2323 2233 2409 2498 2245 2343 2255 2340 2252 2390 2254 2411 2242 2496 2418 2420 2264 2333 2253 2489 2417 2330 2477 2262 2234 2243 2499 2312 2331 2321 2478 2495 2400 4830 4821 
382 2 2 4 5 4 5 2 4 8 8 8 8 39 4185 4342 4282 4276 4138 4129 4119 4341 4373 4354 4351 4272 4137 4197 4263 4370 4107 4292 4216 4207 4361 4345 4344 4206 4194 4363 4295 4350 4273 4128 4188 4184 4116 4285 4266 4732 4911 4754 4820 
383 2 4 4 5 4 5 2 8 8 8 8 8 40 4977 4741 4998 4979 4921 4996 4751 4840 4898 4760 4995 4744 4901 4823 4833 4735 4918 4761 4843 4832 4987 4908 4750 4910 4989 4811 4842 4986 4967 4920 4763 4745 4812 4742 4968 4909 4733 4890 4899 4999 
384 2 0 0 0 0 0 4 1 5 4 5 5 39 5157 5032 5263 5029 7744 5265 7579 5244 5235 5166 5001 5254 5167 5010 5245 5110 5079 5185 5098 5264 5186 5089 5267 5176 5257 5179 5255 5236 5097 5080 5023 5020 5088 5107 5002 5011 5101 5108 5158 
385 2 1 0 0 0 0 4 2 5 4 5 5 39 5189 5019 5705 5812 5811 5861 5891 5803 5802 5792 5724 5656 5624 5780 5646 5627 5655 5733 5858 5878 5881 5793 5890 5645 5868 5871 5715 5702 5637 5712 5734 5781 5714 5634 5636 5869 5783 5790 5800 
386 4 0 0 0 0 0 8 1 5 4 5 5 39 7686 7735 7510 7500 7501 7757 7528 7685 7763 7521 7608 7601 7588 7532 7589 7667 7666 7679 7764 7753 7520 7511 7736 7657 7606 7598 7607 7529 7675 7745 7754 7513 7658 7610 7519 7523 7676 7597 7766 
387 4 1 0 0 0 0 8 2 5 4 5 5 39 7688 8303 8137 8284 8224 8358 8234 8127 8225 8202 8203 8359 8381 8362 8371 8280 8378 8312 8281 8147 8380 8313 8156 8368 8302 8390 8155 8291 8290 8369 8124 8293 8212 8125 8391 8134 8213 8215 8146 
388 2 0 0 0 0 5 4 2 5 4 5 8 39 5000 7531 5100 5169 5013 5187 5247 5090 5246 5030 5156 5081 5022 5234 5099 5237 5091 5078 5111 5031 5188 5256 5033 5003 5168 5093 5177 5266 5109 5178 5012 5159 5021 5654 5625 5629 5723 5707 5888 
389 2 2 0 0 0 5 4 2 5 4 5 8 39 5644 5716 5801 5785 5628 5882 5657 5704 5732 5810 5647 5870 5872 5706 5873 5892 5638 5863 5791 5635 5713 5813 5782 5860 5626 5862 5889 5784 5859 5880 5735 5722 5883 5703 5725 5794 8370 8205 5879 
390 4 0 0 0 0 5 8 2 5 4 5 8 39 7668 7533 7765 7656 7600 7522 7669 7737 7502 7756 7512 7689 7611 7678 7580 7746 7767 7591 7530 7687 7755 7599 7677 7590 7581 7503 7659 7749 7578 7747 7734 7609 8235 8373 8382 8388 8145 8295 8126 
391 4 2 0 0 0 5 8 2 5 4 5 8 39 8223 8206 8136 8310 8217 8139 8226 8392 8301 8129 8232 8363 8285 8157 8154 8282 8216 8294 8372 8300 8128 8222 8204 8361 8138 8379 8304 8438 8148 8233 8292 8144 8311 8360 8389 8283 8207 8135 8214 
392 2 0 0 0 5 0 3 2 5 4 8 5 39 5240 5239 5095 5026 5162 5251 5035 5170 5014 5182 5260 5161 5104 5004 5248 5085 5183 5007 5083 5017 5114 5092 5027 5105 5191 5242 5082 5113 5036 5261 5270 5160 5192 5238 5652 5709 5730 5864 5630 
393 2 2 0 0 5 0 3 2 5 4 8 5 39 5884 5887 5894 5808 5717 5799 5643 5897 5804 5721 5718 5805 5661 5795 5728 5650 5737 5806 5893 5736 5640 5865 5816 5711 5786 5874 5648 5658 5633 5814 5815 5796 5739 5708 5639 5631 5649 5875 5787 
394 3 0 0 0 5 0 8 2 5 4 8 5 39 7691 5173 7517 7760 7751 7614 7741 7526 7594 7672 7660 7738 7739 7663 7605 7673 7595 7682 7582 7535 7769 7770 7516 7507 7536 7585 7604 7613 7761 7692 7670 7683 7748 7504 8384 8231 8297 8318 8309 
395 3 2 0 0 5 0 8 2 5 4 8 5 39 8387 8375 8393 8315 8140 8236 8150 8219 8158 8153 8159 8237 8218 8227 8365 8240 8209 8305 8162 8383 8306 8149 8130 5727 8287 8221 8131 8228 8286 5726 8229 8314 8374 8143 8394 8307 8208 8396 8296 
396 2 0 0 0 5 5 3 1 5 4 8 8 39 5084 5016 5087 5163 5103 5190 5171 5165 5184 5086 5094 5172 5102 5164 5018 5037 5259 5269 5034 5175 5271 5249 5252 5096 5253 5005 5015 5193 5174 5028 5024 5106 5008 5262 5006 5112 5025 5258 5243 
397 2 1 0 0 5 5 3 2 5 4 8 8 39 5180 5268 5115 5009 5250 5181 5817 5731 5653 5877 5798 5642 5662 5740 5809 5659 5876 5788 5818 5789 5807 5886 5797 5819 5738 5866 5651 5660 5885 5663 5720 5741 5719 5641 5729 5896 5867 5895 5632 
398 3 0 0 0 5 5 8 1 5 4 8 8 39 5241 7612 7750 7584 7506 7740 7509 7587 7662 7768 7759 7518 7758 7515 7586 7665 7508 7671 7674 7596 7664 7524 7661 7527 7534 7514 7771 7537 7603 7693 7681 7742 7690 7615 7592 7684 7505 7583 7752 
399 3 1 0 0 5 5 8 2 5 4 8 8 40 7602 7743 7680 7525 7762 7593 8395 8376 8161 8163 8298 8241 8220 8386 8319 8132 8377 8366 8288 8210 8299 8211 8289 8364 8317 8239 8151 8308 8142 8397 8141 8230 8367 8133 8316 8238 8160 8152 5710 8385 
400 2 0 0 4 0 0 3 2 5 8 4 5 39 5038 5204 5126 5283 5048 5282 5136 5273 5214 5195 5305 5060 5139 5295 5285 5226 5051 5276 5198 5292 5129 5061 5117 5272 5120 5039 5149 5217 5070 5194 5227 5042 5116 5664 5910 5752 5820 5686 5918 
401 2 2 0 4 0 0 3 2 5 8 4 5 39 5830 5928 5770 5751 5833 5742 5683 5774 5674 5849 5696 5852 5693 5692 5931 5771 5755 5909 5848 5743 5761 5840 5665 5677 5821 5839 5919 5900 5927 5843 5764 5762 5899 5831 5673 5684 5772 5841 5929 
402 3 0 0 4 0 0 8 1 5 8 4 5 39 5138 5207 5148 5304 7774 7551 7569 7638 7704 7548 7716 7782 7707 7629 7539 7804 7626 7794 7538 7617 7541 7773 7560 7785 7647 7776 7561 7694 7717 7726 7695 7805 7639 7795 7772 7570 7616 7648 7698 
403 3 1 0 4 0 0 8 2 5 8 4 5 39 8400 8431 8330 8419 8196 8340 8262 8408 8243 8174 8428 8272 8322 8253 8274 8409 8183 8244 8184 8261 8252 8193 8349 8271 8421 8175 8343 8331 8418 8187 8350 8265 8427 8185 8399 8194 8353 8321 8165 
404 2 0 0 4 0 5 3 1 5 8 4 8 39 5216 5069 5137 5196 5118 5050 5275 5287 5147 5041 5071 5119 5294 5131 5284 5274 5068 5040 5286 5296 5146 5199 5209 5224 5130 5225 5206 5277 5228 5218 5062 5197 5059 5208 5127 5049 5052 5058 5302 
405 2 1 0 4 0 5 3 2 5 8 4 8 39 5043 5215 5303 5121 5140 5293 5205 5128 5053 5921 5920 5695 5908 5685 5775 5697 5745 5687 5667 5822 5666 5823 5930 5901 5773 5842 5744 5853 5851 5765 5694 5832 5753 5754 5675 5911 5763 5898 5850 
406 3 0 0 4 0 5 8 1 5 8 4 8 39 7619 7725 7646 7618 7697 7784 7715 7640 7696 7724 7571 7620 7550 7793 7714 7796 7705 7628 7709 7552 7792 7636 7637 7708 7775 7649 7631 7777 7783 7568 7627 7727 7802 7558 7803 7621 7559 7549 7630 
407 3 1 0 4 0 5 8 2 5 8 4 8 39 7787 7706 7562 7718 7786 7699 7540 8166 8242 8332 8333 8245 8275 8398 8197 8264 8186 8255 8195 8323 8254 8430 8342 8401 8352 8420 8177 8410 8176 8429 8164 8411 8167 5676 8341 8351 8273 8263 8320 
408 2 0 0 4 4 0 3 1 5 8 8 5 39 5299 5151 5074 5045 5044 5152 5072 5211 5289 5150 5298 5308 5132 5064 5307 5054 5123 5063 5229 5223 5145 5202 5057 5076 5073 5279 5201 5133 5297 5232 5154 5210 5055 5301 5280 5310 5141 5219 5288 
409 2 1 0 4 4 0 3 2 5 8 8 5 39 5142 5220 5067 5846 5836 5768 5934 5690 5759 5924 5827 5912 5856 5925 5855 5837 5670 5767 5935 5906 5699 5680 5681 5747 5756 5824 5825 5668 5749 5922 5689 5902 5671 5698 5777 5758 5746 5903 5915 
410 3 0 0 4 4 0 8 1 5 8 8 5 39 7801 7806 7700 7622 7572 7723 7576 7566 7807 7642 7641 7779 7710 7544 7798 7797 7729 7635 7632 7645 7713 7701 7651 7719 7654 7728 7711 7623 7557 7732 7789 7720 7573 7788 7554 7563 7553 7545 7564 
411 3 1 0 4 4 0 8 2 5 8 8 5 39 7650 7810 8412 8356 8191 8168 8180 8403 8178 8324 8347 8246 8334 8434 8425 8325 8415 8268 8269 8337 8200 8327 8424 8402 8277 8181 8199 8278 8346 8259 8422 8190 8256 8171 8355 8188 8249 5845 8344 
412 2 0 0 4 4 5 4 2 5 8 8 8 39 5306 7577 5309 5230 7780 7547 5231 5153 5134 5056 5124 5203 5212 5222 5047 5077 5233 5135 5075 5311 5213 5125 5290 5278 5144 5066 5200 5155 5122 5065 5143 5221 5281 5291 5046 5300 5778 5936 5760 
413 2 2 0 4 4 5 4 2 5 8 8 8 39 5691 5917 5682 5766 5907 5828 5926 5750 5700 5933 5854 5757 5847 5916 5857 5672 5769 5748 5678 5834 5826 5905 5776 5829 5904 5913 5914 5688 5701 5835 5923 5932 5779 5669 8170 5679 5844 8279 5838 
414 4 0 0 4 4 5 8 2 5 8 8 8 39 7730 7543 7800 7722 7574 7781 7808 7652 7643 7702 7633 7790 7731 7556 7712 7634 7811 7721 7799 7809 7778 7624 7575 7555 7546 7653 7565 7655 7542 7703 7625 7567 7733 7791 7644 8328 8407 8189 8417 
415 4 2 0 4 4 5 8 2 5 8 8 8 40 8250 8345 8357 8339 8435 8423 8426 8173 8260 8413 8404 8247 8416 8267 8258 8336 8433 8169 8201 8270 8348 8179 8266 8257 8276 8414 8192 8198 8335 8406 8182 8326 8354 8432 8338 8251 8405 8172 8248 8329 
416 2 0 5 0 0 0 3 2 8 5 4 5 39 5470 5351 5468 5411 5556 5352 5478 5489 5420 5490 5323 5567 5469 5499 5480 5498 5402 5314 5343 5333 5549 5471 5332 5568 5546 5577 5558 5392 5481 5559 5393 5403 5412 5421 5342 6201 6194 5950 6112 
417 2 2 5 0 0 0 3 2 8 5 4 5 39 6123 6044 6182 5969 6026 6017 5937 6095 6113 6019 6191 6125 6029 5938 6034 6122 6094 6025 5946 6200 6035 5956 6047 5940 6192 5947 5968 5959 6181 6038 6105 6107 6016 6104 6036 6116 6173 6172 6185 
418 3 0 5 0 0 0 8 2 8 5 4 5 39 5313 8057 7997 7969 7910 7913 7999 7832 7989 8059 7988 8069 8056 7841 7979 7919 7823 7901 7892 7845 7813 8068 8046 7911 7998 7970 7814 7822 7900 8078 8077 7842 7920 7923 8049 7891 7835 8703 8700 
419 3 2 5 0 0 0 8 2 8 5 4 5 39 8515 8690 8612 8544 8534 8518 8622 8527 8456 8682 8604 8613 8691 8675 8469 8468 8594 8524 8597 8449 8440 8525 8446 8459 8437 8673 8681 8625 8514 8672 8694 8616 8436 8547 8685 8603 6103 8537 8595 
420 2 0 5 0 0 5 4 2 8 5 4 8 39 5394 5576 7912 5312 5400 5335 5413 5345 5501 5334 5579 5550 5391 5569 5324 5491 5548 5482 5315 5422 5547 5560 5472 5557 5410 5479 5578 5322 5390 5500 5423 5566 5401 5488 5344 5325 6127 6018 6205 
421 2 2 5 0 0 5 4 2 8 5 4 8 39 5949 6117 6048 5961 6097 6195 5960 6106 6126 6045 6096 5941 6204 5967 6114 6202 6049 6039 5966 5939 6184 6037 5958 5970 5951 6183 6203 6174 5948 6193 5957 6115 6175 6124 6046 6028 8615 8517 6027 
422 4 0 5 0 0 5 8 2 8 5 4 8 39 7812 8076 7833 7981 8070 7980 7990 8001 8066 8047 7902 7824 8058 7991 7893 7834 7921 7843 7890 7815 8051 8000 8048 8067 7903 8050 7971 7978 7844 7825 8060 7922 8079 7968 8538 8549 8519 8674 8627 
423 4 2 5 0 0 5 8 2 8 5 4 8 39 8470 8528 8705 8526 8451 8529 8684 8695 8623 8545 8466 8606 8605 8701 8704 8548 8441 8626 8450 8516 8439 8596 8535 8624 8457 8607 8683 8447 8539 8448 8546 8614 8467 8692 8458 8702 8536 8693 8460 
424 2 0 5 0 4 0 3 1 8 5 8 5 39 5581 5427 5404 5346 5337 5329 5477 5505 5553 5493 5503 5502 5561 5339 5347 5551 5562 5552 5414 5583 5570 5396 5580 5349 5564 5408 5555 5316 5496 5492 5399 5395 5574 5473 5424 5474 5483 5317 5415 
425 2 1 5 0 4 0 3 2 8 5 8 5 39 5486 5320 5326 6179 6023 5963 6032 6198 5975 5952 6189 6111 6128 6120 6119 6207 6100 5953 5943 6051 5944 6042 6041 5965 6188 5962 6110 5972 6176 6101 6129 6050 6177 6178 6098 6022 5971 6197 6020 
426 3 0 5 0 4 0 8 1 8 5 8 5 39 5571 7994 5336 5405 8002 7895 8071 8005 7972 8052 7907 7914 7924 7894 8003 7916 7974 8084 7838 8081 8072 7817 7976 7904 7826 8061 7917 7973 7982 7839 7816 8074 7995 7829 8080 8065 7985 7847 7926 
427 3 1 5 0 4 0 8 2 8 5 8 5 39 8062 7898 8053 7848 8679 8698 8629 8522 8472 8609 8465 8707 8628 8531 8452 8521 8471 8610 8453 8443 8688 8461 8462 8541 8444 8601 8706 8619 8474 8678 8697 8598 8540 8550 8687 8530 8600 8551 6206 
428 2 0 5 0 4 5 4 1 8 5 8 8 39 5407 5348 5425 5563 5495 5350 5504 5476 5331 5565 5418 5573 5485 5321 5318 5338 5417 5554 5416 5328 5584 5582 5406 5507 5572 5419 5397 5426 5475 5340 5494 5428 5487 5484 5429 5327 5506 5319 5497 
429 2 1 5 0 4 5 4 2 8 5 8 8 39 5330 5409 5585 5341 5575 5398 6021 6033 6121 6199 6187 6130 6196 6190 6030 6118 5942 6180 6024 6102 6099 6053 6209 5964 6109 6052 5974 6043 5954 6040 5955 5945 6108 6208 6131 5973 6031 6186 8445 
430 4 0 5 0 4 5 8 1 8 5 8 8 39 7909 8064 8083 7992 7837 8054 7987 8085 8004 7897 8006 7830 7818 8073 7840 7905 7908 7996 7846 8055 7918 7983 7820 7849 7899 7896 7819 8007 7831 7925 7975 7836 7927 7986 7915 7906 7827 7984 8082 
431 4 1 5 0 4 5 8 2 8 5 8 8 40 8063 7821 7828 8075 7993 7977 8617 8464 8463 8621 8611 8689 8442 8620 8543 8602 8677 8680 8542 8523 8709 8454 8533 8520 8618 8532 8473 8699 8475 8708 8599 8696 8608 8631 8553 8686 8455 8676 8630 8552 
432 2 0 5 5 0 0 4 1 8 8 5 5 39 5606 5599 5431 5536 8096 5441 5450 5539 5511 5586 5363 5608 5587 5517 5439 5362 5433 5509 5440 5443 5614 5452 5355 5527 5430 5371 5604 5596 5508 5361 5364 5595 5530 5448 5518 5461 5449 5383 5605 
433 2 1 5 5 0 0 4 2 8 8 5 5 39 5537 5380 5374 5615 5370 5521 5458 5526 6084 6135 6145 6054 6241 6154 6242 6223 5978 6210 6232 6132 5988 6085 5996 5987 6007 6075 6057 5997 6213 6222 6076 6142 6163 6067 6144 6153 6006 6066 6064 
434 4 0 5 5 0 0 8 1 8 8 5 5 39 7938 7852 7872 8031 8086 7873 7939 7860 8109 7930 7960 7929 7861 7851 8118 7951 8097 7928 8027 7870 8114 7948 8105 8087 8021 7932 8009 8036 8008 7850 8037 8115 8019 8040 8018 8106 7941 7961 7854 
435 4 1 5 5 0 0 8 2 8 8 5 5 39 7863 7883 8028 7882 8731 8722 8635 8584 8663 8557 8634 8645 8575 8487 8741 8478 8585 8496 8477 8732 8723 8576 8506 8505 8632 8497 8556 8711 8644 8740 8653 8507 8654 8710 8566 8662 8509 8486 8713 
436 2 0 5 5 0 5 3 2 8 8 5 8 39 5601 5617 5538 5353 5442 5528 5588 5432 5519 5529 5598 5589 5373 5597 5609 5618 5619 5451 5463 5510 5372 5520 5385 5607 5365 5531 5616 5459 5540 5381 5541 5384 5354 5462 5453 5460 5600 5375 6136 
437 2 2 5 5 0 5 3 2 8 8 5 8 39 6214 6055 6231 6164 6152 6058 6074 6243 5977 6008 6086 5979 6077 6230 6162 6221 6165 6133 6137 6146 6065 6224 6211 5986 6068 5998 6143 6155 6233 5999 5989 6212 6134 5976 6240 6215 6009 6220 6087 
438 3 0 5 5 0 5 8 1 8 8 5 8 39 5382 8033 8039 8030 8020 8108 8099 7950 8101 8116 7862 7853 7931 7959 7962 8038 8098 8088 7874 8089 7871 7952 7943 7949 7884 8029 8011 7881 7880 7942 7864 8119 7940 8107 7933 8041 8117 7865 7958 
439 3 1 5 5 0 5 8 2 8 8 5 8 39 8100 7855 8010 8574 8479 8733 8554 8730 8565 8476 8652 8714 8664 8721 8633 8498 8724 8743 8636 8555 8567 8558 8643 8655 8499 8646 8488 8742 8586 8508 8712 8642 8564 8577 8720 8489 8665 8587 6056 
440 2 0 5 5 5 0 4 2 8 8 8 5 39 5542 5367 5377 5611 5358 5455 5592 5515 5512 5445 5533 5387 5446 5543 5593 5620 5612 5534 5465 5621 5514 5602 5603 5368 5456 5464 5524 5436 5386 5437 5359 6063 6151 6217 6219 5980 6059 6226 5993 
441 2 2 5 5 5 0 4 2 8 8 8 5 39 6060 6091 6070 6148 5982 6078 6238 5981 6079 5990 6244 6147 6002 6216 6013 6088 6166 6010 6235 6138 6061 6167 6141 6234 6001 6157 6247 6229 6069 5984 6072 6225 6089 6156 6169 6082 6160 6000 8719 
442 4 0 5 5 5 0 8 2 8 8 8 5 39 7966 7965 7875 8015 8112 7888 7866 7953 7858 8113 7876 7885 7964 8025 8102 7944 7954 8024 7945 7879 7867 8122 8043 7957 7935 7963 8121 8044 8012 8090 8093 8103 7857 8034 7936 8716 8578 8734 8638 
443 4 2 5 5 5 0 8 2 8 8 8 5 39 8480 8647 8563 8513 8490 8569 8481 8568 8503 8726 8512 8502 8735 8669 8637 8559 8650 8744 8747 8579 8493 8560 8572 8588 8728 8666 8715 8657 8484 8745 8658 8581 8641 8725 8656 8738 8648 8591 8570 
444 2 0 5 5 5 5 4 2 8 8 8 8 39 8014 5535 5544 5379 5356 5545 5522 5591 5466 5388 5435 5454 5444 5434 5623 5438 5369 5457 5622 5525 5610 5590 5594 5523 5360 5366 5532 5376 5516 5378 5613 5357 5467 5513 5389 5447 6003 5991 6090 
445 2 2 5 5 5 5 4 2 8 8 8 8 39 6249 6171 6149 6080 5983 6150 6236 6014 6005 6228 6158 6073 6218 6248 6139 6062 6239 6093 6140 6170 5995 5985 6071 6159 6237 6161 6004 6083 5992 6227 6081 6012 6092 6015 5994 6168 6245 6246 6011 
446 4 0 5 5 5 5 8 2 8 8 8 8 39 7946 7856 8045 8123 8111 7967 7887 7947 8023 7868 8094 7934 7877 8022 7878 7955 8013 8026 8016 7869 7886 7956 8091 8104 8092 8120 8110 8042 7859 8017 8095 8035 7889 7937 8032 8749 8736 8671 8640 
447 4 2 5 5 5 5 8 2 8 8 8 8 40 8511 8649 8482 8739 8659 8504 8729 8639 8660 8492 8571 8582 8583 8593 8651 8746 8668 8491 8717 8495 8718 8592 8590 8501 8562 8485 8670 8661 8748 8573 8494 8737 8483 8727 8500 8561 8580 8667 8589 8510 
448 2 2 0 0 0 0 3 3 4 5 4 5 39 6339 6263 6495 6436 6407 6351 6360 6515 6338 6251 6356 6260 6485 6329 6513 6417 6514 6278 6439 6250 6496 6259 6272 6348 6279 6427 6341 6505 6504 6426 6269 6357 6282 6347 6435 6328 6270 6408 6517 
449 2 3 0 0 0 0 3 8 4 5 4 5 39 6486 7062 7122 7141 6984 7053 6904 6983 7044 6974 7118 6877 7063 6975 6885 7112 6952 6886 6965 7128 7110 7109 7131 7050 6896 6905 7119 6876 7034 6874 7138 6955 6993 6962 7140 7041 7060 7040 7031 
450 3 2 0 0 0 0 8 3 4 5 4 5 39 8934 8759 8763 8750 8839 8751 8778 8841 8928 8838 8906 8857 9005 9017 8919 8856 8769 8984 8829 9013 8985 9014 9004 8847 8760 8915 8994 8772 8850 8768 8938 8916 8926 8779 8925 8935 8781 8837 8828 
451 3 3 0 0 0 0 8 8 4 5 4 5 39 8997 8907 9386 9542 9641 9640 9396 9530 9562 9474 9609 9452 9553 9561 9406 9543 9484 9540 9628 9608 9374 9387 9533 9552 9483 9612 9465 9631 9619 9618 9464 9405 9462 9629 9620 9377 6895 9395 9455 
452 2 2 0 0 0 5 4 4 4 5 4 8 39 6261 8780 6330 6419 6428 6406 6506 6438 6358 6361 6283 6350 6281 6349 6497 6429 6437 6516 6340 6273 6507 6252 6487 6418 6416 6359 6253 6494 6280 6271 6331 6409 6484 6262 6985 7061 6953 7111 6957 
453 2 4 0 0 0 5 4 8 4 5 4 8 39 6875 7139 7032 6964 6966 7133 6894 7054 6973 7148 7033 6907 7113 7129 7142 6954 7064 7123 7132 7055 7035 7043 7130 6972 6976 6956 6878 6884 6897 7051 7045 6887 6963 7121 7120 6906 7052 6982 7042 
454 4 2 0 0 0 5 8 4 4 5 4 8 39 8909 8762 8996 8752 8918 8927 8848 8859 8936 8851 8771 8753 8860 9007 8849 9016 8761 8830 8939 8861 8995 8773 8770 8987 9015 8917 9006 8929 8840 8986 8831 8858 8937 8908 9544 9388 9463 9531 9623 
455 4 4 0 0 0 5 8 8 4 5 4 8 39 9453 9638 9563 9473 9534 9642 9550 9394 9632 9457 9385 9376 9378 9397 9485 9611 9541 9610 9407 9456 9551 9532 9384 9404 9454 9482 9622 9613 9379 9472 9621 9639 9560 9475 9466 9633 9630 9375 9535 
456 2 2 0 0 4 0 3 4 4 5 8 5 39 6353 6520 6442 6443 6332 6518 6257 6410 6420 6498 6511 6363 6492 6254 6508 6501 6489 6333 6411 6335 6430 6488 6414 6284 6285 6423 6266 6276 6267 6432 6344 6521 6354 6433 6345 6275 6892 6971 7038 
457 2 4 0 0 4 0 3 8 4 5 8 5 39 6959 6968 6889 6911 6880 6958 7135 7037 7069 7144 7057 7047 7145 6901 6890 7065 7115 6967 6899 6990 6980 7046 7059 7143 7066 7056 6977 6888 7134 7116 6908 6879 6898 7125 6987 6986 7147 6883 6909 
458 3 2 0 0 4 0 8 4 4 5 8 5 39 8862 8931 8991 8998 9018 8989 9008 9001 8853 8922 8832 9020 8844 8766 8784 8775 9010 8940 9011 8863 8776 8988 8834 8756 8785 8845 8854 8835 8923 8941 8932 8910 8757 8913 9615 9637 9471 9647 9380 
459 3 4 0 0 4 0 8 8 4 5 8 5 39 9393 9489 9480 9477 9402 9625 9564 9549 9558 9545 9390 9459 9486 9616 9458 9461 9644 9411 9565 9389 9487 9537 9476 9554 9546 9555 9547 9383 9467 9399 9468 9634 9408 9624 9556 9398 9643 9409 9536 
460 2 2 0 0 4 5 3 3 4 5 8 8 39 6500 6256 6265 6490 6510 6412 6440 6421 6422 6337 6499 6255 6509 6342 6444 6287 6343 6258 6365 6334 6522 6268 6503 6425 6346 6491 6362 6277 6264 6352 6431 6519 6274 6336 6415 6355 6286 6493 6441 
461 2 3 0 0 4 5 3 8 4 5 8 8 39 6502 6434 6364 6512 6424 6893 6989 7124 6903 7127 6910 6991 6902 7039 7049 7048 6981 7114 6912 6970 7068 6891 7117 7136 7036 7126 7146 6882 6881 6978 7058 6979 6900 6960 7137 6988 7067 6961 6969 
462 3 2 0 0 4 5 8 3 4 5 8 8 39 6413 8990 8783 8758 8787 8755 8912 8993 8843 8855 8930 8765 8786 8920 9021 8865 8864 8943 8942 8914 8836 8764 9012 8774 8933 8777 9000 8852 8842 9003 8921 9009 9002 8924 8992 8767 8846 8911 9019 
463 3 3 0 0 4 5 8 8 4 5 8 8 40 8754 8999 8782 8833 9410 9413 9627 9568 9548 9490 9403 9392 9566 9400 9381 9470 9481 9469 9538 9491 9557 9646 9412 9559 9617 9626 9460 9478 9569 9636 9488 9382 9567 9479 9539 9614 9391 9635 9645 9401 
464 2 2 0 5 0 0 4 3 4 8 5 5 39 6523 6367 6446 6377 6557 6298 6397 6300 6301 6376 6455 6554 6389 6366 6533 6524 6536 6555 6310 6467 6464 6379 6445 6532 6320 6542 6288 6369 6319 6545 6448 6477 6291 6476 6398 6526 6378 6311 6454 
465 2 3 0 5 0 0 4 8 4 8 5 5 39 6388 6401 6926 7081 6932 7004 6924 6943 7168 7082 7090 6936 7012 6946 7160 7159 7099 7178 6917 6992 7103 6933 7072 7181 6913 7151 7150 7100 7021 7091 7022 6914 7169 6942 7013 6923 7025 7003 9602 
466 4 2 0 5 0 0 8 4 4 8 5 5 39 9043 8819 8800 8954 8975 8947 8798 8803 9045 8867 8791 8866 8869 9022 9023 8809 8956 9026 9033 8879 8801 8810 8966 8957 9042 8898 8897 8976 9032 8888 9035 9055 8887 8944 8878 8788 9054 9678 9521 
467 4 4 0 5 0 0 8 8 4 8 5 5 39 9505 9443 9511 9433 9424 9650 9512 9524 9599 9589 9660 9681 9583 9427 9598 9570 9502 9668 9492 9493 9593 9580 9520 9514 9415 9571 9669 9442 9590 9446 9444 9423 9591 9659 9436 9649 9677 9501 9414 
468 2 2 0 5 0 5 3 3 4 8 5 8 39 6544 6289 6318 6399 6465 6525 6553 6293 6321 6447 6386 6556 6396 6456 6290 6458 6478 6302 6546 6308 6543 6469 6370 6475 6474 6390 6527 6368 6534 6309 6449 6371 6468 6380 6547 6292 6387 6535 6299 
469 2 3 0 5 0 5 3 8 4 8 5 8 39 6459 6457 6552 6537 6466 7070 7170 7171 7158 7080 7149 7002 7005 7014 7093 7073 6944 6937 7015 6916 6994 6927 7161 6947 6945 7101 6934 6995 7179 7092 7024 7071 6935 6915 7180 7083 6925 7102 7023 
470 3 2 0 5 0 5 8 3 4 8 5 8 39 8868 9034 9053 9044 8818 8964 9027 8886 9024 8790 8977 8948 8876 8792 8870 9047 8889 8880 8821 8946 9036 9046 9037 8802 8799 8811 8949 9056 9052 8896 9025 8945 8899 8793 8974 8871 8958 8967 8808 
471 3 3 0 5 0 5 8 8 4 8 5 8 39 8955 8877 8789 8820 8965 9522 9445 9435 9679 9670 9416 9581 9680 9658 9648 9504 9671 9425 9572 9600 9582 9513 9434 9515 9573 9503 9494 9601 9603 9525 9651 9437 9495 9523 9417 9592 9447 9661 9426 
472 2 2 0 5 5 0 3 3 4 8 8 5 39 6400 6470 6303 6402 6394 6316 6404 6483 6385 6312 6538 6473 6539 6294 6481 6313 6549 6561 6480 6325 6479 6295 6391 6451 6558 6529 6372 6373 6460 6304 6381 6307 6323 6452 6461 6322 6471 6530 6382 
473 2 3 0 5 5 0 3 8 4 8 8 5 39 6950 7153 6921 7084 7006 7087 6949 6930 7163 6929 7094 7074 7185 6999 7085 7162 7156 7000 7075 7019 6940 7107 7172 7029 6996 6939 6920 7016 7106 7097 7078 7009 7028 7175 7152 7184 6997 7104 7017 
474 3 2 0 5 5 0 8 3 4 8 8 5 39 6548 8963 8816 9038 8805 9039 8812 8797 8978 8813 8979 8961 8894 8960 8875 8795 9058 8891 8959 8804 8822 8794 8972 8885 9051 8890 8873 9048 8872 9057 8825 8903 8969 9060 9030 8900 8951 8950 8968 
475 3 3 0 5 5 0 8 8 4 8 8 5 39 8981 8882 9029 8881 9652 9430 9685 9674 9518 9439 9527 9665 9421 9675 9587 9440 9606 9662 9496 9656 9449 9653 9508 9596 9574 9431 9605 9448 9509 9499 9418 9684 9595 9577 9672 9419 9517 9586 9673 
476 2 2 0 5 5 5 3 4 4 8 8 8 39 6393 6315 6462 6463 6296 6306 6540 6305 6559 6327 6482 6405 6317 6326 6297 6560 6472 6375 6314 6550 6453 6392 6551 6403 6384 6541 6374 6395 6531 6383 6324 6528 6450 7183 7105 7026 7177 7164 7167 
477 2 4 0 5 5 5 3 8 4 8 8 8 39 7011 6941 7079 6948 6938 7176 6922 7007 7089 7154 7186 7001 6928 7095 7098 7166 7086 7010 7182 6951 7088 7174 7155 7030 7027 6998 6919 7020 7157 6918 7108 7173 7008 6931 7077 7165 7096 7076 7018 
478 3 2 0 5 5 5 8 4 4 8 8 8 39 8815 8823 8874 8796 8806 8817 8904 8971 9040 8807 9059 8953 8893 8962 8892 9049 8970 8982 8901 9041 8827 8973 8980 8905 9050 9028 8883 9031 8826 8902 8824 8814 8952 9061 8983 8895 8884 9500 9510 
479 3 4 0 5 5 5 8 8 4 8 8 8 40 9438 9422 9657 9604 9683 9428 9516 9451 9667 9585 9578 9506 9588 9498 9663 9676 9579 9519 9654 9584 9420 9597 9497 9664 9507 9441 9432 9429 9607 9666 9529 9594 9450 9528 9526 9575 9576 9655 9682 9686 
480 2 2 4 0 0 0 4 4 8 4 4 5 39 6651 6564 6670 6798 6808 6738 6595 6582 6673 6826 6807 6652 6592 6671 6730 6827 6643 6729 6817 6721 6739 6748 6661 6573 6583 6720 6749 6660 6642 6799 6574 7219 7343 7372 7421 7362 7216 7284 7266 
481 2 4 4 0 0 0 4 8 8 4 4 5 39 7440 7294 7265 7425 7200 7363 7269 7285 7453 7434 7297 7278 7441 7444 7196 7287 7189 7206 7345 7422 7344 7188 7364 7197 7352 7187 7353 7217 7450 7375 7356 7275 7209 7274 7451 7267 7191 7431 9852 
482 4 2 4 0 0 0 8 4 8 4 4 5 39 9161 9306 9228 9239 9308 9143 9142 9084 9327 9309 9093 9083 9171 9063 9153 9240 9221 9231 9317 9064 9152 9074 9230 9299 9162 9170 9248 9218 9092 9140 9249 9318 9073 9296 9953 9709 9706 9925 9922 
483 4 4 4 0 0 0 8 8 8 4 4 5 39 9950 9766 9940 9862 9872 9847 9796 9784 9797 9930 9844 9719 9765 9768 9690 9874 9941 9875 9843 9778 9931 9718 9934 9787 9856 9775 9853 9854 9921 9865 9688 9943 9697 9774 9845 9932 9696 9700 9687 
484 2 2 4 0 0 5 3 4 8 4 4 8 39 6594 6741 6796 6585 6641 6640 6718 6731 6572 6740 6672 6653 6584 6575 6562 6751 6828 6809 6593 6722 6829 6818 6819 6797 6644 6728 6662 6806 6800 6650 6663 6750 6816 6563 6719 6565 7210 7276 7367 
485 2 4 4 0 0 5 3 8 8 4 4 8 39 7296 7454 7424 7201 7445 7220 7288 7218 7355 7435 7279 7366 7377 7289 7374 7373 7357 7295 7433 7298 7365 7376 7423 7198 7277 7190 7346 7268 7442 7211 7443 7207 7199 7455 7286 7208 7354 7452 7432 
486 3 2 4 0 0 5 8 4 8 4 4 8 39 9150 9220 9298 9329 9173 9326 9297 9250 9082 9072 9095 9163 9172 9065 9075 9062 9085 9241 9300 9316 9141 9229 9144 9219 9328 9160 9238 9319 9232 9094 9307 9251 9151 9310 9222 9788 9924 9866 9935 
487 3 4 4 0 0 5 8 8 8 4 4 8 39 9944 9699 9876 9779 9873 9710 9767 9711 9716 9769 9951 9691 9954 9720 9857 9798 9864 9794 9855 9786 9701 9789 9707 9942 9923 9952 9689 9846 9867 9863 9945 9708 9776 9777 9795 9717 9785 9698 9933 
488 2 2 4 0 4 0 4 3 8 4 8 5 39 9333 6568 6832 6810 6579 6726 6589 6570 6676 6732 6734 6803 6823 6667 6745 6830 6742 6723 6645 6677 6754 6802 6664 6648 6567 6833 6598 6736 6814 6820 6755 6577 6724 6655 6576 6733 6599 6654 6566 
489 2 3 4 0 4 0 4 8 8 4 8 5 39 6801 6586 6811 7303 7381 7300 7290 7222 7437 7221 7204 7457 7194 7429 7291 7351 7378 7438 7282 7225 7456 7369 7447 7368 7213 7212 7446 7281 7272 7428 7360 7203 7223 7299 7359 7193 7379 7350 7347 
490 4 2 4 0 4 0 8 3 8 4 8 5 39 9227 9223 9320 9242 9305 9099 9089 9166 9255 9068 9311 9243 9301 9321 9330 9096 9066 9087 9302 9165 9154 9086 9233 9177 9164 9070 9145 9149 9077 9080 9236 9252 9174 9155 9067 9246 9324 9076 9224 
491 4 3 4 0 4 0 8 8 8 4 8 5 39 9312 9314 9146 9158 9868 9878 9712 9938 9694 9860 9722 9725 9956 9791 9850 9702 9781 9881 9715 9693 9713 9928 9859 9803 9877 9849 9959 9800 9772 9703 9869 9721 9790 9771 9947 9955 9946 9937 9799 
492 2 2 4 0 4 5 3 3 8 4 8 8 39 6647 6812 6674 6743 6746 6578 6756 6656 6646 6831 6657 6744 6675 6822 6581 6727 6571 6587 6678 6588 6569 6596 6747 6649 6834 6805 6665 6580 6600 6597 6725 6753 6659 6737 6813 6804 6752 6668 6815 
493 2 3 4 0 4 5 3 8 8 4 8 8 39 6735 6821 6666 6825 6591 6590 6658 6669 6824 7370 7271 7293 7283 7292 7439 7371 7214 7202 7270 7215 7348 7273 7205 7302 7349 7436 7301 7380 7280 7427 7361 7195 7358 7426 7448 7224 7192 7449 7430 
494 3 2 4 0 4 5 8 3 8 4 8 8 39 9156 9079 9313 9254 9332 9331 9088 9097 9148 9090 9098 9234 9168 9247 9257 9147 9091 9225 9244 9323 9303 9157 9169 9325 9235 9178 9226 9078 9069 9334 9335 9071 9167 9304 9100 9159 9315 9179 9253 
495 3 3 4 0 4 5 8 8 8 4 8 8 40 9256 9176 9237 9322 9175 9245 9081 9939 9871 9861 9705 9714 9782 9695 9870 9802 9858 9704 9879 9770 9949 9773 9927 9948 9936 9692 9929 9780 9724 9880 9957 9926 9851 9783 9958 9793 9848 9723 9792 9801 
496 2 2 4 4 0 0 4 3 8 8 5 5 39 6601 9101 9261 6835 6679 6854 6681 6701 6856 6633 6683 6680 6708 6614 6610 6761 6836 6611 6766 6767 6757 6839 6630 6867 6758 6848 6770 6855 6620 6779 6689 6789 6711 6776 6632 6692 6623 6864 6845 
497 2 3 4 4 0 0 4 8 8 8 5 5 39 6602 6698 6777 6786 6688 7413 7463 7385 7257 7259 7404 7384 7306 7473 7482 7229 7307 7492 7462 7483 7412 7334 7403 7335 7238 7316 7315 7394 7491 7393 7247 7237 7325 7246 7472 7304 7256 7228 7387 
498 4 2 4 4 0 0 8 3 8 8 5 5 39 9180 9111 9267 9131 9105 9336 9191 9358 9337 9349 9120 9130 9366 9114 9208 9193 9271 9364 9189 9181 9183 9289 9346 9202 9365 9199 9211 9124 9190 9112 9287 9345 9198 9277 9268 9355 9102 9121 9280 
499 4 3 4 4 0 0 8 8 8 8 5 5 39 9259 9133 9354 9276 9258 9286 9894 9746 9738 9963 9756 9807 9837 9885 9747 9915 9816 9972 9903 9815 9962 9893 9902 9884 9834 9824 9981 9913 9728 9825 9806 9759 9991 9737 9755 9804 9990 9912 9971 
500 2 2 4 4 0 5 3 3 8 8 5 8 39 6709 6612 6613 6760 6788 6857 6791 6700 6865 6690 6712 6710 6615 6603 6838 6781 6631 6605 6604 6868 6625 6778 6787 6846 6703 6869 6859 6771 6768 6693 6634 6858 6702 6699 6837 6621 6759 6682 6624 
501 2 3 4 4 0 5 3 8 8 8 5 8 39 6790 6849 6780 7308 7415 7336 7460 7480 7236 7314 7471 7474 7258 7392 7490 7484 7327 7326 7226 7249 7383 7402 7382 7414 7470 7317 7386 7324 7305 7405 7464 7248 7239 7395 7493 7227 7481 7461 7230 
502 3 2 4 4 0 5 8 3 8 8 5 8 39 6847 6691 9200 6769 6622 6866 9210 9182 9279 9357 9288 9348 9123 9201 9192 9339 9338 9367 9209 9132 9269 9113 9368 9347 9103 9278 9115 9212 9356 9213 9134 9122 9203 9104 9270 9260 9369 9290 9125 
503 3 3 4 4 0 5 8 8 8 8 5 8 39 9281 9359 9291 9135 9983 9736 9886 9726 9748 9904 9892 9827 9739 9882 9993 9964 9970 9836 9729 9749 9757 9826 9835 9883 9914 9905 9727 9982 9817 9960 9814 9961 9992 9895 9758 9973 9805 7337 9980 
504 2 2 4 4 5 0 3 4 8 8 8 5 39 6764 6873 6639 6860 6627 6782 6713 6774 6870 6617 6695 6783 6696 6795 6715 6684 6637 6852 6635 6773 6717 6686 6608 6685 6861 6705 6607 6843 6636 6792 6626 6871 6714 6851 7309 7310 7466 7409 7388 
505 2 4 4 4 5 0 3 8 8 8 8 5 39 7312 7400 7479 7331 7485 7469 7340 7396 7498 7494 7320 7417 7391 7419 7318 7240 7234 7231 7486 7241 7496 7319 7406 7475 7495 7244 7322 7459 7465 7253 7341 7397 7476 7328 7251 7416 7338 7250 7488 
506 3 2 4 4 5 0 8 4 8 8 8 5 39 9106 6704 6842 9283 9195 9186 9262 9352 9137 9265 9361 9127 9117 9215 9293 9109 9136 9362 9206 9205 9340 9370 9371 9343 9118 9108 9264 9274 9342 9284 9353 9187 9292 9196 9214 9730 9997 9808 9740 
507 3 4 4 4 5 0 8 8 8 8 8 5 39 9897 9762 9900 9975 9984 9818 9987 9918 9731 9978 9809 9753 9919 9890 9750 9741 9763 9812 9909 9966 9906 9965 9831 9968 9887 9840 9838 9743 9888 9841 9828 9974 9819 7262 9734 9916 9896 7263 9996 
508 2 2 4 4 5 5 4 4 8 8 8 8 39 9138 6694 6629 9372 6850 6862 6793 6687 6863 6716 6765 6609 6762 6706 6638 6785 6840 6794 6784 6618 6841 6707 6844 6619 6628 6772 6616 6853 6763 6872 6775 6606 6697 7467 7407 7232 7487 7499 7408 
509 2 4 4 4 5 5 4 8 8 8 8 8 39 7321 7235 7242 7497 7477 7264 7411 7418 7333 7399 7313 7420 7468 7401 7243 7255 7261 7233 7260 7245 7323 7410 7489 7342 7252 7332 7389 7390 7254 7329 7330 7339 7458 7478 7398 7311 9832 9811 9752 
510 4 2 4 4 5 5 8 4 8 8 8 8 39 9194 9351 9139 9373 9295 9272 9128 9185 9207 9188 9344 9204 9273 9341 9116 9363 9217 9126 9266 9110 9285 9184 9197 9350 9216 9282 9294 9107 9263 9119 9275 9360 9129 9917 9969 9735 9889 9986 9813 
511 4 4 4 4 5 5 8 8 8 8 8 8 40 9998 9764 9920 9891 9911 9745 9733 9810 9822 9732 9823 9842 9989 9754 9967 9833 9744 9994 9985 9820 9979 9839 9898 9830 9995 9901 9821 9908 9829 9977 9760 9988 9761 9899 9907 9910 9751 9742 9976 9999 
