512
512 0 0 18 31 29 2119 6627 2621 4765 5095 9392 14626 5493 6988 1800 8824 9922 7412 14622 6378 4776 5208 5479 7451 9945 9846 8933 4860 11595 9587 6047 2711 4584 10192 
513 18 0 31 31 29 2996 8119 8356 4390 4319 6219 7070 8714 1844 8477 3368 106 11860 14470 12214 10202 12801 10601 7773 1160 8707 11442 2499 6884 1805 8897 12989 13803 10969 
514 0 31 16 65 29 12559 7403 522 4854 8649 1658 11501 13784 14914 8442 12927 910 1985 14760 6740 4754 9880 12545 4450 8815 10628 9046 11858 18 4992 12919 12409 13732 8820 
515 16 31 31 65 30 14889 2736 449 4619 984 1797 9056 5951 6124 4688 7697 12283 12450 1614 1831 6969 8509 12826 9261 6095 7063 8012 2372 3175 2880 12445 9152 14515 13831 9136 
516 31 0 46 30 29 4925 1017 2418 12232 3178 6315 13770 3510 14718 552 9962 4439 12389 7562 10296 11897 1653 7210 11507 3302 605 5937 7743 4099 13919 4650 5045 7034 4893 
517 46 0 64 30 29 936 13962 6616 12609 7658 3535 8984 2663 9677 6130 2878 5796 12692 7893 7018 4588 9488 12183 3648 9436 11025 4958 14523 5133 6102 12065 12994 10066 14409 
518 31 30 52 65 29 14092 14947 3304 10275 6310 3023 3170 1394 3305 825 11651 4867 13667 11405 4900 5043 3754 730 6185 9745 6560 9597 11882 9333 7255 10644 6537 11479 10801 
519 52 30 64 65 30 12138 892 3169 9449 14588 14997 7302 5876 13986 5102 2330 12824 9548 10186 13790 4308 9272 5086 8279 12215 13868 8601 6334 13939 14054 4792 3197 1951 13872 12798 
520 0 65 13 89 29 2273 13284 5258 2466 3761 3378 10173 947 13533 2847 1536 5678 5541 10097 5051 3563 14232 7641 13313 9326 12408 1786 14750 8973 9076 6832 10749 7392 11601 
521 13 65 34 89 29 11906 8378 10915 14797 6647 13931 8152 4346 4784 537 14140 10877 13390 13230 7833 3717 2854 681 5976 564 1138 9562 12534 8540 9783 14677 12522 4351 4217 
522 0 89 14 124 29 10230 3158 7064 11615 3899 8717 3258 3750 6888 454 1936 8245 3356 3966 7728 5569 13991 9100 9110 11996 11843 1281 10810 4676 11542 13469 5534 3555 10469 
523 14 89 34 124 30 8447 13557 2186 9698 7361 8979 3764 5507 12806 14071 6697 637 10060 3933 7759 1712 363 9305 5563 1968 4291 12721 7535 11513 4956 10434 10575 12816 13898 13556 
524 34 65 43 96 29 896 1367 6965 12336 10670 610 2441 13785 7876 11732 5240 4030 13903 395 11289 9932 828 2976 8018 8708 8247 11499 5830 10861 8853 4024 11352 4055 13620 
525 43 65 64 96 29 11634 7492 7997 14334 5181 6892 5614 8368 1757 11738 8502 12712 14494 854 10036 4295 12152 9702 12767 8736 6596 13369 11049 332 4721 5978 10708 409 3248 
526 34 96 51 124 29 583 1681 7019 2271 6618 9995 13913 4409 558 5898 2116 10034 14643 2329 3783 2873 4549 10222 744 4048 58 8430 12760 2645 7216 13652 6633 7650 2667 
527 51 96 64 124 30 14911 2794 1381 13616 10596 14279 47 2823 911 6835 11343 4206 11290 10229 6846 14755 723 11963 12808 13256 7967 5172 14805 5620 5901 11870 1856 8174 4480 13245 
528 64 0 75 27 29 8399 1257 4615 5371 13215 13123 3166 3199 9153 12201 8935 11756 1337 3084 8686 4846 14726 6465 14575 5821 4610 2848 13882 10605 8095 8939 2533 4575 11312 
529 75 0 94 27 29 10836 11795 2468 8329 7434 3576 12187 2713 13814 9774 6827 14546 13787 11644 10490 11197 5597 2211 14873 1863 12946 13605 13001 11279 11517 12055 5114 9026 843 
530 64 27 79 58 29 14746 12836 13957 199 7097 12813 1323 1219 1243 4971 12583 12802 1808 13521 6030 7048 8013 14126 513 4684 13990 9722 4164 11222 1125 10391 5289 7303 13722 
531 79 27 94 58 30 2026 12812 8504 10390 2020 6375 7072 12649 8739 685 11662 3491 6427 5917 11158 7983 14763 14618 10237 2141 9750 14273 9217 4026 13639 1326 351 6374 4669 1423 
532 94 0 110 30 29 1235 14338 8421 4544 12761 8725 3045 3062 161 8675 2609 12878 1666 2090 7149 9666 10697 10386 2242 5483 8073 1802 8480 65 1494 13733 13129 9621 8210 
533 110 0 127 30 29 73 11980 7644 7525 6704 822 6600 6722 9047 14308 978 14779 1965 11337 7989 3724 8185 3984 12777 8098 12991 10892 8989 4570 14328 8831 5022 4294 3713 
534 94 30 113 58 29 9685 11951 4524 12235 6025 14906 9791 3215 6220 13523 14416 10138 1495 12864 6590 4905 4608 4528 7692 14159 11815 5096 9772 788 7274 5601 14265 6876 8328 
535 113 30 127 58 30 9254 12940 9456 7576 10674 9906 14969 3444 12136 13043 1819 10562 12595 447 2362 10104 6746 412 10084 11552 3561 4632 245 6356 2183 10546 11529 7995 1847 1971 
536 64 58 80 89 29 14668 5455 4671 11412 6853 14547 9004 3769 8591 3961 3827 1041 11250 12569 4698 14555 14572 14144 12666 12180 3771 3860 7530 11812 4263 9541 12553 13305 2525 
537 80 58 92 89 29 1061 11642 14118 7227 2567 11482 9222 14924 512 14705 2259 7719 1755 481 8770 7794 9628 1799 10396 6805 5770 3755 1716 5503 6828 7663 2874 4312 9377 
538 64 89 77 124 29 4948 11376 6256 2498 8241 2445 7518 9664 7721 10101 12191 11032 3014 2318 14645 8947 9189 736 8314 673 8405 7507 12056 6484 6808 3182 7351 4912 2662 
539 77 89 92 124 30 14290 1346 14049 4810 4223 237 3832 3071 5210 6506 766 9988 8280 8705 10384 9471 2136 10612 466 9528 10113 13434 14079 9857 8055 13020 10561 10980 9244 14211 
540 92 58 109 87 29 9336 6613 5884 9182 12166 2287 11814 1352 13333 6611 2153 9863 12613 6371 5497 2938 817 3490 7689 13973 14421 8811 24 6433 4759 1782 10538 7000 14981 
541 109 58 127 87 30 2019 7755 7961 13874 14684 1256 275 9452 14173 618 3191 9704 9157 11272 9994 3902 510 8020 1994 4018 1419 10625 8641 8019 14038 9708 11521 1842 12909 13144 
542 92 87 108 124 29 1351 10385 7365 14673 6758 3232 14105 2853 4221 11 13303 321 3252 14482 2766 10151 10712 2981 2267 13912 7240 6729 4158 3954 7124 966 13429 10646 9011 
543 108 87 127 124 30 4959 13682 1253 2987 133 10311 7975 5686 10172 6625 3859 13781 13569 11465 3573 4704 1730 8848 13077 8354 30 4729 7532 8960 8754 10136 9833 12705 9322 5189 
544 0 124 17 152 29 11998 7266 4922 10153 11875 5369 11807 14201 5334 10572 2838 1747 4858 604 9892 656 11321 5478 12669 12092 13391 2588 5024 641 14129 7914 13118 7831 6325 
545 17 124 31 152 29 10975 14002 12154 1276 13432 5611 12423 11311 8634 7620 10317 3557 11834 3870 8178 2495 11127 5855 7984 10056 1430 8942 3005 9605 1924 5236 11988 9054 4035 
546 0 152 15 189 29 3743 6045 10352 14291 4458 5953 6299 2698 7694 6658 3245 5693 8821 14878 10774 6294 3345 1242 9196 13789 12240 14692 5113 2958 3793 7344 13188 14406 9511 
547 15 152 31 189 30 4523 7799 10042 9636 8254 6363 4188 6980 1331 12321 12565 11095 341 863 4310 7827 12596 10216 6549 14282 2179 12547 1004 12127 6482 14857 5698 4755 2377 3099 
548 31 124 49 157 29 2795 12016 6420 6540 11372 12587 3511 6295 2546 8414 5109 13700 3609 12295 9344 3184 8166 14329 9300 7968 5551 9808 1879 3087 7416 9266 9695 13240 2764 
549 49 124 64 157 29 5645 838 11786 8668 2487 12111 14277 2205 3114 13231 10117 14208 3447 3551 10466 4538 3824 13683 1250 1632 3879 1465 3155 2697 12898 5997 6160 5657 13157 
550 31 157 46 189 29 4040 92 6275 14402 10925 2396 1551 11331 4766 6336 5760 7042 11239 3850 8891 2169 1167 1884 11422 11832 1554 11969 7756 6177 13053 4933 14191 3310 1810 
551 46 157 64 189 30 1534 1665 288 13916 4822 1100 1703 5486 4070 7563 13482 534 9088 13877 912 4317 11751 12244 3183 1664 1205 5435 995 631 508 498 2651 10330 8199 12584 
552 0 189 12 225 29 4590 3100 10484 2122 7053 10649 4095 751 6074 2718 7407 9894 492 3807 1590 12776 4981 13126 9986 7369 5765 2813 13646 7331 719 5382 4851 12531 11844 
553 12 189 34 225 29 5511 3477 849 6584 9674 7517 7461 6353 3177 5925 5807 14093 5062 6973 2708 7074 2474 2769 4178 6070 14989 14039 926 2484 13074 4088 6712 13291 8996 
554 0 225 17 253 29 11072 3513 7981 12358 907 7901 2127 8817 10676 14089 6757 4465 5617 8492 3596 8025 7568 12697 10504 8384 2038 4485 2106 3825 3249 14429 13395 11817 2715 
555 17 225 34 253 30 12478 14699 5736 5409 3718 11475 3049 80 9058 1736 2891 4996 8937 1123 7022 14009 716 13664 11827 13379 11081 6650 4642 11823 6826 10534 14473 2978 11800 4163 
556 34 189 47 222 29 5286 3435 11929 8275 704 10282 463 4618 12910 1422 7183 5329 3200 14399 26 12297 10213 2112 8944 5581 8086 4595 8400 10031 220 11375 3328 1738 4620 
557 47 189 64 222 30 13073 9206 11558 11024 11989 8333 840 3697 6829 12052 3559 5411 5340 4360 10637 10846 413 4384 1140 12995 10617 1487 9304 5857 2897 934 3167 2703 2460 12831 
558 34 222 51 253 29 4757 3076 2389 13013 13600 8994 9465 731 13193 14847 9439 5868 8462 11044 11905 9903 1224 4787 12173 11274 12516 14815 2926 8085 1721 8681 9567 9970 5704 
559 51 222 64 253 30 11460 7032 9606 13409 5633 5377 7822 10415 8936 9809 3855 14542 9527 6598 11204 14970 4631 13220 11366 3926 3817 13591 11153 8147 9335 11083 9204 12853 951 3202 
560 64 124 82 157 29 10254 4840 9575 6322 10919 5916 4036 4091 5108 1910 8544 1124 4307 13298 14657 71 2030 792 7613 10023 13712 3662 4832 8059 7588 8272 8331 13583 9825 
561 82 124 97 157 29 6181 12208 12937 2636 7666 12494 988 14838 6023 14344 12920 7600 14024 12422 3371 12557 9935 10639 6696 2630 9592 6895 10248 8977 3086 8760 9812 7793 2243 
562 64 157 78 186 29 2074 14188 6861 5001 5251 11961 860 5480 13651 3740 2353 7464 14068 9850 5985 1568 14865 3297 7473 119 7513 8457 7787 2676 14268 6751 14573 4281 2146 
563 78 157 97 186 30 5911 10610 3521 8034 14313 12350 5899 312 1238 8746 4941 9366 5604 1987 2700 10555 1775 2176 8461 2671 14882 10318 1806 9087 1434 12902 12577 13105 7384 11031 
564 97 124 115 154 29 5465 10603 1234 1883 6756 14566 1596 1660 11262 7675 13881 11107 555 13738 3597 8923 2892 2797 1082 651 13167 6868 8585 4011 6173 10184 608 6077 3536 
565 115 124 127 154 29 7884 1416 4302 11626 12996 9393 10529 6297 4034 9998 10835 10340 4165 4267 10397 6206 3699 6731 5787 8589 8149 14286 4284 10092 9595 5006 182 8926 6008 
566 97 154 111 186 29 10651 4169 11902 7267 663 5318 14765 7419 14751 12386 12677 4952 2192 7229 12374 7254 857 1055 14732 14892 542 5155 13743 12269 5123 9912 3029 2056 9440 
567 111 154 127 186 30 702 8934 6926 7945 2510 1397 6182 7729 9093 2728 8238 7120 8724 3747 4533 9993 10419 6393 12276 10014 1134 5048 14581 1204 9048 11388 4606 3489 436 12621 
568 64 186 77 224 29 3242 7272 6231 10080 14436 62 10048 6311 4039 10768 2619 13090 5138 13656 3986 4262 5444 11591 270 1540 7366 13883 4788 5838 5262 4241 12099 9938 13370 
569 77 186 96 224 29 8747 14928 5590 967 6733 5448 5952 571 2778 2229 4318 3668 7923 5731 8071 1322 9360 609 9547 7949 8409 1641 9720 6869 13848 14940 11170 7686 4611 
570 64 224 82 253 29 287 4740 11784 8610 10051 8490 1861 4634 14476 1164 8046 11495 1979 11423 9596 6628 3285 9065 3067 10407 7285 5068 5337 1940 8472 3881 5681 914 6387 
571 82 224 96 253 30 7992 8500 9984 1984 5107 1031 7432 13485 13428 7996 14014 404 12578 9382 8027 9609 2951 8807 1857 8503 7917 14356 4404 6532 8406 5373 2032 6536 14745 11892 
572 96 186 111 214 29 11667 13387 12241 674 11416 3965 9293 12253 9289 10433 11314 13083 169 5652 444 6293 8170 1982 8769 6928 1935 3383 10738 14136 13279 13930 8274 5853 6572 
573 111 186 127 214 30 4430 9532 5903 6645 10985 778 13440 10304 6512 10306 1748 10102 6304 3690 13162 9731 3041 3945 12832 2244 2125 10240 13473 7040 7433 3339 4328 9489 3194 249 
574 96 214 111 253 29 8075 7951 14985 12234 13522 1941 12888 12954 1512 636 1401 6551 8296 6603 10356 679 7875 13356 3790 3659 8489 1766 9651 7335 1026 2956 4574 8427 11259 
575 111 214 127 253 30 509 4621 10949 11652 3461 7131 12023 12710 5500 7990 11144 142 2002 1030 883 2558 21 3093 10995 10893 4633 8551 13145 1932 13657 1916 8004 6580 5007 10398 
576 127 0 142 26 29 8676 4564 2069 8049 7073 13471 5556 10119 3261 13960 12617 9782 1727 4235 14240 6034 7213 2057 647 5190 2143 3047 8408 11632 1414 3102 7569 547 11439 
577 142 0 160 26 29 9062 12407 5331 2165 4372 4880 5311 12345 6445 2031 2194 13046 25 7733 3464 6081 9643 4309 14867 13762 14771 5921 4109 6920 11511 9176 1448 12247 9309 
578 127 26 143 59 29 2709 14812 9844 10744 3052 10405 6307 2172 13400 1553 11772 7950 14261 13016 8364 2710 160 5766 5582 12246 12372 1110 4656 2333 129 1318 11217 14543 1054 
579 143 26 160 59 30 10695 682 3674 1928 6230 2950 7400 12968 12730 9422 4955 7341 1801 2149 302 5742 765 10079 8156 1909 11022 8691 3562 12514 3270 10116 5646 2777 3728 7010 
580 160 0 176 31 29 5130 1312 5330 2303 6110 3852 1869 9891 14980 2982 13010 10412 6914 8255 830 6204 14849 4768 12110 7147 6755 7966 5139 9590 1147 7682 2437 9851 4534 
581 176 0 191 31 29 3373 14346 13746 14301 298 2096 4916 13096 7191 14391 11811 12472 4563 8277 4737 9837 693 10732 13663 8008 13826 12019 821 14283 12568 1248 9800 4910 9115 
582 160 31 176 59 29 9842 1477 11715 8336 14864 9670 3061 14156 6129 11871 2281 4283 12738 10271 9755 10178 9247 5384 12944 12821 6986 388 55 2931 8390 10009 12655 9453 8024 
583 176 31 191 59 30 1222 7108 13813 1420 10986 6467 8476 12233 7505 8876 7066 2729 1904 7198 5098 2317 1067 5281 10930 7447 7123 358 14552 10305 166 2646 12156 2837 8985 7215 
584 127 59 145 92 29 3944 2925 1739 5496 11879 7137 4179 1081 8777 499 11848 465 11910 13091 9601 799 2590 5227 6367 729 1654 2595 14090 12242 13054 13735 10302 14412 10420 
585 145 59 159 92 29 2536 5268 9711 13613 3968 5489 4014 814 2600 2741 10098 5890 12952 5809 12361 7969 4782 13446 12628 8627 4894 10582 4371 362 5935 9647 10457 292 11103 
586 127 92 144 126 29 5734 2799 13386 1490 8387 8767 2246 14612 2869 7550 8032 14171 3107 5835 5090 8562 14108 14579 6488 5059 12439 3978 890 2347 11612 5550 11236 10879 9699 
587 144 92 159 126 30 9941 2727 12302 4790 7150 13669 14540 13761 12907 10334 13402 2150 13739 8658 646 12654 10530 12564 5231 12117 12619 4969 688 3426 12458 13450 5427 7643 11669 9041 
588 159 59 177 94 29 14644 3583 9102 14998 2254 9311 14190 1480 13802 10565 1613 6521 198 9447 4767 4560 10733 12009 8154 14876 7036 4616 6804 13949 2359 8758 12402 13517 13366 
589 177 59 191 94 29 4506 8197 10731 5596 7490 1975 11938 5061 13920 10367 3877 3834 8856 5559 11329 3341 11176 8541 8099 9454 11991 8458 3364 3698 4352 12810 12789 2235 14946 
590 159 94 174 126 29 8208 12845 2305 2969 9155 12604 12341 14537 11857 2337 5865 1228 7165 11124 4476 3638 5756 491 1791 9256 5722 4242 6169 10579 1657 6591 12540 4115 4482 
591 174 94 191 126 30 12527 8693 13756 3894 5610 6635 12759 1089 3212 5949 6193 1907 9594 13793 11001 14975 1457 7130 12756 6246 7751 12879 12518 8096 10881 264 12340 7446 14137 5128 
592 191 0 201 29 29 14427 12893 9604 13337 785 3854 14613 950 14327 9241 9342 5213 577 14937 13512 10730 14341 4943 5193 2511 5206 2455 1740 6362 5979 654 9909 1915 8335 
593 201 0 219 29 29 9251 12469 9753 13758 12097 6166 12026 13607 4437 1268 1609 14025 2803 12482 6732 12381 14835 1682 13493 6736 408 4736 14474 3684 11420 11578 6425 4772 3001 
594 191 29 206 62 29 683 11351 772 2919 9799 2216 12027 4087 13509 10019 9445 11508 6866 6960 11178 2175 14033 8021 4427 14323 12163 4743 4204 3732 2068 204 13766 5512 14966 
595 206 29 219 62 30 12186 1956 14417 14302 721 10071 13644 7863 1287 9049 7913 8495 1601 6064 11235 6606 8377 10853 10109 3608 13875 14445 12896 12929 10307 13921 11592 427 10661 4947 
596 219 0 241 32 29 5474 9105 11562 3991 5754 3442 11407 8352 10054 8836 2331 8564 864 10803 6811 2772 14651 6882 431 6760 9579 13029 13504 11693 14978 7735 10614 12255 9801 
597 241 0 257 32 29 2544 5119 2801 726 4381 2806 2722 7249 2025 14527 11724 9887 11958 9530 12177 10268 12443 6451 5235 8916 127 12328 9415 8847 1558 13576 13867 895 5217 
598 219 32 235 62 29 798 6569 9778 2251 7196 6483 10961 14294 10224 12391 4962 1001 13048 541 14236 1969 1209 787 4828 3145 115 3165 8105 14532 5333 7468 5010 1834 11406 
599 235 32 257 62 30 6460 9098 8468 5520 4220 6176 2502 13258 7810 472 4967 9286 859 8261 5308 1047 9462 14787 1600 8139 10798 1912 10053 53 8470 5516 8150 5751 8949 9470 
600 191 62 208 93 29 1803 10782 13666 12437 2876 13452 9537 1431 2995 3060 10874 9834 8109 9710 235 14084 3271 13224 7410 1456 11712 5579 2364 4999 12258 8179 6810 2166 12428 
601 208 62 223 93 29 9802 11915 12125 11492 1231 13675 4205 9836 1095 9824 3186 11143 14950 6390 3320 10843 12081 10453 1108 794 1440 3976 9094 309 277 4572 3441 7802 14488 
602 191 93 207 126 29 12460 11324 14510 14524 11779 11931 11603 14415 11064 11348 6188 6498 14871 14358 3719 5801 7744 2963 872 8117 13577 6707 12044 14642 697 10361 14259 13757 8347 
603 207 93 223 126 30 7307 3843 11054 5025 3024 13528 3779 3545 8877 1592 13774 4168 4096 9600 13204 12773 8608 360 9042 3846 7111 8439 11543 14030 6041 9874 4392 5785 6924 6570 
604 223 62 236 91 29 4997 2292 13264 439 8793 2278 11692 4934 11924 3746 3344 3901 12629 7746 8491 6144 7039 7203 1218 5780 10677 6062 8016 13089 10259 7673 8887 8026 9771 
605 236 62 257 91 30 2861 1798 5410 14984 6216 4004 5654 11091 9 14568 1926 3059 10266 9563 3436 14754 12693 11273 6501 7630 7231 2680 1733 6257 5553 13885 8382 8759 2625 2053 
606 223 91 240 126 29 3127 10195 2152 2610 2209 3663 11445 3602 2436 1618 94 10443 9859 6434 826 5837 11350 9866 1023 938 14447 6335 11252 174 1295 10064 3306 14993 7065 
607 240 91 257 126 30 3179 13827 4432 8883 4321 13570 13234 6285 9691 774 5752 1341 11446 8118 11094 3365 11884 11090 5182 4216 7467 12216 748 14999 11341 13637 10635 13479 1974 13710 
608 127 126 141 153 29 10218 6226 6653 6776 387 2998 2875 4629 6013 11785 5469 9275 1129 7626 13676 10541 8733 2204 897 6623 14127 3299 5932 600 424 6189 4433 10454 2566 
609 141 126 158 153 29 12015 5019 4778 10072 10372 11660 7730 478 2622 9358 5982 592 10540 14060 11739 11467 14110 993 14887 9325 10399 3810 9399 14331 1760 13314 6192 1670 12282 
610 127 153 144 185 29 10630 10535 5618 13950 12724 853 12135 11449 1484 9103 8575 11002 1357 3819 6706 10866 13094 3818 2750 2955 11553 1455 5575 3291 11620 13839 6839 11723 3632 
611 144 153 158 185 30 13368 3725 462 9888 4353 3395 2844 11364 10998 4347 9519 12046 11580 2234 922 14400 2145 8395 7300 8253 13553 2805 827 14059 4866 11782 9373 4680 9022 4501 
612 158 126 177 159 29 1796 4403 11436 6680 3876 10515 13039 644 3856 10147 1693 1550 475 5168 322 4060 7790 8779 6373 303 5415 3858 2290 14499 12624 12860 8751 5332 4 
613 177 126 191 159 29 6954 13970 10740 7262 10936 14143 13628 2524 5310 10090 4074 11850 11357 11801 5544 6232 3729 8987 4780 11794 1891 1444 6749 6848 960 4477 13489 7834 7263 
614 158 159 171 185 29 2376 14077 8270 8522 14374 4474 6377 4118 13997 3595 7854 10467 442 14918 3650 2022 7477 5970 10249 8866 7087 5338 786 84 923 14774 13935 3693 10285 
615 171 159 191 185 30 2099 14067 619 2802 632 1226 4961 14439 5357 6355 6436 13271 8650 7977 9242 12206 8122 2124 10180 1952 9148 3653 9160 3614 5537 12474 1012 7784 1297 1710 
616 127 185 144 216 29 7571 3203 11683 14185 8673 10502 9957 7408 14553 8433 12924 7251 9881 14487 4557 12123 1580 8258 11949 5174 5252 10832 8663 7005 468 3140 10347 5543 6754 
617 144 185 156 216 29 1462 9582 9472 8402 5882 102 11241 323 14383 12043 776 1172 3361 1518 13038 5851 8557 5799 6959 10715 4460 10235 13346 12880 11243 3821 9796 14687 10885 
618 127 216 144 253 29 1117 4331 10280 13959 4105 5549 7346 10439 12397 14798 5305 1507 13488 638 1254 13580 1404 917 2543 10325 4993 14900 10964 10022 4732 13660 13902 6429 8844 
619 144 216 156 253 30 13999 2262 8677 905 8554 4863 14359 3624 5485 12906 7615 6587 14032 11145 13079 252 3153 3188 2921 5079 12314 578 1241 315 10640 6602 7209 10413 4451 11942 
620 156 185 174 216 29 10993 37 7885 4601 9350 2102 11927 4644 2843 12002 9316 2508 12311 10481 8297 3239 9000 4191 12119 5391 14666 10106 4920 12555 3964 3455 1161 1399 9446 
621 174 185 191 216 30 7652 623 8553 14116 846 8873 12031 9113 5446 14683 8798 11487 14525 5639 2980 14992 9068 6824 7211 2942 9191 2768 6399 9728 8572 1918 7458 1621 2080 12236 
622 156 216 176 253 29 7481 8626 6780 725 14314 1186 8006 13227 9070 3989 11078 8894 4719 615 4571 10146 5957 12060 4687 11345 12385 12007 10819 10370 12885 113 1788 9374 243 
623 176 216 191 253 30 1139 2220 10943 4438 12560 4942 11012 4410 4057 209 7924 1020 6372 14670 13617 12752 13549 8267 12128 8137 7878 758 7648 1032 1319 3008 1765 12708 11721 845 
624 191 126 209 158 29 10510 9502 11911 7435 13584 10542 7690 11574 3917 452 8317 6815 13909 8198 7889 7050 10863 7611 4226 14066 3766 11380 5913 11169 5723 6905 11224 11008 280 
625 209 126 227 158 29 9656 999 7289 8535 14855 2196 8411 13321 13125 10580 11223 12859 1048 11042 11415 9355 14368 14342 8870 1155 4077 2807 1152 13155 9556 9491 1626 664 7086 
626 191 158 208 189 29 5568 6280 2932 241 1582 9638 4559 3842 8207 13186 7200 7201 14034 8547 12743 6575 14036 705 2860 2094 13894 14485 3311 9798 10446 6469 9747 11313 7405 
627 208 158 227 189 30 6998 1690 3677 3816 13427 8101 7888 3620 3569 9353 791 3143 14366 9411 2449 5775 14345 4066 12034 4865 141 7452 7415 13928 4108 9929 9524 10336 3072 14444 
628 227 126 241 155 29 6213 5864 12209 8169 4973 4852 11593 4471 5016 6801 14296 14912 6198 3787 13358 8076 13992 3739 7740 16 6727 14951 12327 1063 7623 9966 9387 12844 3581 
629 241 126 257 155 29 9534 13614 9460 3051 5538 6017 13031 14701 10687 114 11730 6381 4872 9716 10952 1373 6259 6104 11516 12392 6383 11227 12970 12083 13239 14559 2679 6341 5960 
630 227 155 241 189 29 6168 9818 11964 8925 1515 5675 5692 1640 11030 13114 5052 4300 3714 6266 10859 9015 6358 4355 7001 13895 5304 9738 175 6141 4741 6747 3176 11522 3935 
631 241 155 257 189 30 13833 10902 10588 1945 6787 12632 10063 14216 14061 6005 3342 9931 12805 9679 2790 2453 5335 14967 11123 8872 8173 2245 6044 5134 4911 13147 7861 11894 4380 12108 
632 191 189 207 216 29 13217 9845 3565 6486 5224 5858 1685 1545 14756 13943 5955 441 4219 14764 640 14177 13750 9123 4748 3517 5615 6962 1713 6619 13568 10295 12579 2754 11112 
633 207 189 222 216 29 9045 12914 11671 8229 2618 2624 4238 11427 12354 14215 10811 2231 6597 7625 11947 7430 1695 13028 4702 11298 5920 4250 7636 3833 8785 10002 4357 7380 162 
634 191 216 206 253 29 9792 7224 12869 9629 8372 2657 13966 718 3066 13843 6179 2006 4058 10769 3914 4254 7545 12286 8195 2929 7026 11333 1648 1019 1832 958 7781 7041 14230 
635 206 216 222 253 30 1823 10699 11713 5674 8486 5067 13552 7428 1263 2593 7764 9526 14204 6940 11074 12431 4510 13545 4946 5106 6552 13213 5660 3401 595 12357 14335 14839 13361 13187 
636 222 189 234 217 29 11962 5027 9301 9878 13302 6897 14249 8631 13863 1587 6571 13389 12835 13095 1463 443 3469 2444 2717 6021 10765 8810 11886 10516 14426 13163 2986 7258 417 
637 234 189 257 217 30 6621 9498 7343 1644 6595 2473 3556 12203 13158 1446 2221 8804 14233 12481 8056 4020 5607 5732 3389 13130 4023 4076 6735 4881 2758 11105 11672 14044 6012 10422 
638 222 217 237 253 29 6908 178 11675 6453 1099 3056 2691 5313 1615 3982 14124 13810 1789 2575 3878 10333 4686 7699 11005 5924 1386 2585 8570 9715 1454 5031 8438 5998 3799 
639 237 217 257 253 30 8161 2896 13041 12264 8054 1947 6258 13769 6785 9717 10703 9971 10514 8293 6312 9291 12172 4297 9754 14428 4085 10947 13075 4456 8326 2804 1850 3439 4567 11649 
640 0 253 16 287 29 9159 13968 837 9790 677 8141 1115 10366 14349 5383 8311 7933 12833 10156 6531 2132 908 14055 13543 1564 14516 8422 5118 7567 3384 12287 5783 4875 1696 
641 16 253 36 287 29 5441 10770 7929 8417 5219 6494 7298 12382 10785 4678 1360 7104 10619 2114 10777 3218 9948 14091 13015 696 5748 2306 14615 5529 13275 2483 5846 533 14495 
642 0 287 15 320 29 753 375 7965 8039 11995 9714 14256 5470 267 2293 12706 6296 1212 1631 1925 13172 5126 6651 14601 5727 875 85 13658 14103 8598 11663 11334 11382 7377 
643 15 287 36 320 30 14146 2693 6000 5624 7292 6850 12211 7649 14567 1742 7372 8302 2088 3274 10069 9213 3512 9397 9029 13340 1271 9057 12969 2040 11136 1370 10531 14504 14545 349 
644 36 253 49 283 29 8711 7788 11704 4517 1761 11523 12410 13317 10410 5975 9165 13274 14278 10359 12574 3192 11992 7457 11606 1830 2652 3450 4286 13989 13100 12830 3144 6277 700 
645 49 253 65 283 29 3506 13085 3610 1750 1044 11659 1162 8909 13837 4807 1839 10483 12779 4341 14875 5207 5032 14584 7194 13438 3082 13635 11596 14827 14600 12248 6217 4995 4079 
646 36 283 53 320 29 100 2785 10263 9267 3497 11821 14005 11238 6061 3244 8079 13401 3630 3276 486 11027 7236 4270 11838 1825 7237 10058 7604 13742 6036 945 3558 569 4279 
647 53 283 65 320 30 1684 11736 13441 12536 3836 10241 6762 6576 1754 11919 6767 10283 2732 4516 3689 10926 9297 9517 12463 11496 9138 10029 6692 10169 14218 9208 574 10547 11303 2467 
648 0 320 18 343 29 3010 1829 12960 9921 3627 1028 6072 1858 7707 6201 340 12755 7264 2093 10672 12815 1741 9163 662 5885 2917 13136 11780 6007 10751 9538 3503 955 8374 
649 18 320 36 343 29 4818 4061 9997 51 5892 3057 13009 5390 10909 6463 10685 14793 3034 3213 11950 5072 13156 4979 3484 5973 4963 12881 6382 2367 6402 4607 4664 4582 8191 
650 0 343 18 382 29 3812 7218 1145 6867 4902 14183 3154 12070 7851 1655 793 6391 11957 7462 179 9617 2066 6643 768 2071 5816 3237 259 3348 12703 3773 12071 8599 10346 
651 18 343 36 382 30 8783 8360 7617 9232 8222 10933 12663 5822 1084 4640 3949 2412 972 7362 1645 10652 3189 7439 7828 4714 11898 13537 6744 9976 14927 9483 3319 8854 10145 4278 
652 36 320 49 350 29 7573 3474 2512 871 5241 7556 11461 1500 14381 2210 9383 5749 12421 5295 10121 7597 10198 2635 6993 8107 3649 10043 2538 7279 11701 4521 7106 8393 4119 
653 49 320 65 350 29 157 8196 12912 1252 9197 13058 7248 11147 529 714 12225 4539 11826 14135 227 2018 13588 13444 7103 6932 13304 611 5753 801 2841 6579 10239 12764 4255 
654 36 350 52 382 29 7964 9536 4605 13455 4466 10938 14220 1901 5105 7411 886 1826 8920 13282 13273 4431 3678 4707 10820 5539 1313 9815 9112 403 6795 11041 13859 13594 5594 
655 52 350 65 382 30 11716 7738 7312 13699 4098 5069 10805 3660 6313 10247 10660 903 9421 12657 3633 14548 6103 4366 5695 7015 956 2310 6352 12982 2735 13082 14075 13917 14021 1576 
656 65 253 80 289 29 2284 10872 7837 14154 1105 3130 5472 4198 12769 9367 6024 13251 14147 9308 4553 9375 13726 12106 14784 4509 7119 5943 6339 5504 2213 7051 2756 14176 12226 
657 80 253 101 289 29 12936 2374 293 5968 5267 9701 2360 773 3096 546 13773 2311 7055 7038 4491 7653 5442 7548 13472 9914 13566 4930 7844 12304 6223 10374 9510 12974 14693 
658 65 289 82 326 29 11403 13641 1864 4472 13532 502 6411 4712 2381 841 12794 8695 6917 2181 12999 9576 2742 8699 14973 8566 5375 1016 4781 12997 12633 6028 8132 11093 6278 
659 82 289 101 326 30 4531 4265 2215 11564 11096 5195 13445 14896 11182 13560 10717 8884 13142 8645 5954 10382 12020 14052 8051 2979 1460 11994 4103 14529 1669 13772 5717 7732 543 187 
660 101 253 116 286 29 4468 5640 11338 7845 8256 2384 7184 14348 13057 6909 7089 14408 1180 11863 2792 11288 13448 4990 5862 12178 2900 14783 538 10267 13953 12199 996 3412 5963 
661 116 253 129 286 29 6113 9101 13748 11485 4176 8546 1294 13175 2047 9238 7662 1783 3421 145 13027 14744 2960 9468 14250 1784 11225 4376 2527 709 10706 12650 2812 5154 5487 
662 101 286 112 326 29 14019 6583 7043 1040 4602 12035 4406 7100 3795 13067 11688 1561 4795 8906 14165 4358 5915 7591 7270 11184 11203 4159 2654 7474 11872 8713 11155 6734 12634 
663 112 286 129 326 30 11813 12337 5060 14237 14022 4703 7253 6050 10160 8371 1175 13280 14074 13232 9129 357 13307 12368 4862 517 4779 13492 4625 3896 3187 2723 4239 5428 7948 5317 
664 65 326 80 353 29 7356 5078 1255 8813 2048 3351 11440 4190 4830 329 6847 12819 6648 6984 12883 2724 12581 4919 12822 13246 5467 7206 4144 13099 12133 2342 7998 1435 5545 
665 80 326 94 353 29 12029 12068 8036 4387 6983 238 5771 7093 13194 3077 4683 3366 2664 8910 158 13133 11120 1970 13855 7553 14299 14907 2992 6842 5874 11004 8757 9288 12284 
666 65 353 81 382 29 8533 4170 12512 14138 12380 11214 138 3284 11820 4073 4110 12548 738 3471 7925 7629 8843 3075 328 10316 10496 11530 4764 10556 4897 170 6248 8235 7657 
667 81 353 94 382 30 505 12966 12975 5243 5418 10507 11160 3808 5417 13102 90 70 12857 6298 5599 12470 10242 12032 4086 14560 6035 13866 14460 12980 12134 2656 9688 2320 14932 10429 
668 94 326 112 352 29 13573 10758 10383 11489 6037 13135 3021 8404 6060 5431 8223 1671 11424 11229 12917 5074 3427 13320 3851 1468 1840 5502 8398 8108 7926 7819 14598 8775 3390 
669 112 326 129 352 30 285 12017 14197 5964 706 1634 3639 13647 4230 8435 635 2187 6079 3775 2665 3737 12639 3480 13481 3135 10704 4195 11156 11627 4917 6301 14318 2577 5983 10364 
670 94 352 113 382 29 8797 4313 6088 6778 7192 11804 8983 8752 2283 10844 5385 12047 8089 6945 1447 418 14029 6022 294 6238 866 13478 14163 11410 7607 10761 9759 12979 14181 
671 113 352 129 382 30 2407 6907 11286 10118 151 5531 13630 7529 13209 9956 6392 9787 9432 5840 12146 963 7500 3893 11023 9118 8236 8896 3004 10650 4093 6087 5619 13927 9762 6821 
672 0 382 20 411 29 12079 3695 9343 9171 17 10707 13101 10979 12001 9281 10960 5296 13326 6879 7455 5750 2463 7739 261 3767 11819 7727 7642 3318 11608 1389 6936 2361 6918 
673 20 382 35 411 29 2134 11623 1071 880 11452 3863 1679 7958 2954 556 6942 10854 1686 13065 8177 7315 4182 8043 1051 12473 10355 7988 12491 9862 5696 7937 518 13323 6507 
674 0 411 15 443 29 13297 2539 634 10131 11852 5080 5697 943 7162 9401 6626 12678 3941 1573 4591 7536 10624 1642 5437 1708 5094 5003 14597 2344 10734 7181 5121 2423 2055 
675 15 411 35 443 30 8972 13788 14503 6814 11641 12935 3032 5548 8716 5763 4593 4826 5342 11361 471 9211 14168 3089 9860 203 9290 1064 8103 1174 8083 8667 1683 10095 1284 8834 
676 35 382 52 410 29 9408 196 2023 27 13631 5609 1114 4102 8423 1372 5404 782 3673 6701 9514 108 12993 6660 13460 3734 4717 8425 6803 9497 11638 6233 430 653 12087 
677 52 382 66 410 29 10041 3727 6724 8921 3957 1756 8292 8765 14811 2430 12567 4172 3037 3952 146 7394 11506 1412 12538 10720 8529 6510 3657 8002 11165 5319 2060 10440 4126 
678 35 410 50 443 29 12224 10049 12904 2608 8665 1753 10905 10908 13241 3801 891 2266 14078 915 7585 9361 5394 12202 9858 6305 2852 8829 13554 14193 7798 1624 8841 9907 2140 
679 50 410 66 443 30 14607 9890 1769 11106 3288 6157 7282 13915 13654 6148 12040 11013 2796 14860 11017 2059 8527 4484 3172 7706 11488 12257 4208 7791 10638 2123 10494 2582 3124 9263 
680 0 443 12 480 29 11805 1083 1957 11859 760 257 4418 11913 12475 3515 10621 7596 8697 9406 3900 8963 9391 6565 11458 14749 6059 5627 12207 11700 3703 7646 3462 1579 12484 
681 12 443 31 480 29 8927 4359 2301 4327 12727 2388 14809 1432 12432 1973 4422 14587 11900 928 1207 7422 8266 10344 11527 7340 8145 10745 14281 4493 13219 13165 4907 12025 3290 
682 0 480 15 512 29 5245 9173 13498 13149 12585 12446 10611 12384 9885 8692 10870 3977 3134 515 13550 4940 6894 1103 2458 14284 13765 7855 8750 13555 781 10139 8993 319 13200 
683 15 480 31 512 30 11010 5622 10125 13904 8067 6447 12335 11401 8028 3658 13483 10458 3533 1725 7308 3470 3109 11063 5971 10626 9776 8350 11673 4950 10545 7378 5832 1185 5718 3048 
684 31 443 48 478 29 3998 1749 8623 4325 8355 7980 2261 2898 4345 14046 8871 11076 14424 3000 8391 14198 12644 8651 2486 6042 11293 3430 2126 5936 1491 12353 12780 6935 3479 
685 48 443 66 478 30 4025 12517 9264 3969 6656 741 10011 5103 11666 5773 8437 8814 4306 7908 4825 8756 4550 4924 982 11020 14309 1000 5255 1700 6014 1993 13192 9063 13747 13351 
686 31 478 47 512 29 6642 8023 10871 14096 299 9981 6111 5277 13538 5284 9513 3016 8961 5629 12131 1165 5464 5237 13180 12840 4487 4638 6167 10353 3919 3438 10959 5347 4200 
687 47 478 66 512 30 13998 10046 13599 13252 1113 1729 12132 11622 2491 3125 6241 1499 10618 9169 3325 12479 10696 14629 4397 11320 13933 13196 4272 1259 8453 14362 2649 9090 10040 14370 
688 66 382 86 413 29 5794 8291 14073 998 7127 7116 13771 8580 10513 1539 11637 7677 4222 6605 11263 4708 11628 13737 9145 6963 4928 12140 276 3398 3748 3635 7459 12359 8379 
689 86 382 101 413 29 1262 10766 12293 7584 13212 3343 6845 9198 5966 6170 13397 8773 3774 12369 8849 1330 9672 3350 13072 14563 12454 12237 4636 9904 14633 8549 4985 11137 14538 
690 66 413 81 444 29 6462 12461 2489 9979 8090 11525 3003 5366 7681 7972 6807 2282 6819 13673 5721 11469 3136 1183 9372 12440 13166 325 1785 8959 1542 8558 295 4666 5124 
691 81 413 101 444 30 12846 7942 14336 10287 4156 1314 3589 5969 879 5875 6203 6357 6682 1527 1862 12799 9108 6686 11956 1571 14330 10533 11967 4887 14686 10228 60 9505 3180 14270 
692 101 382 116 409 29 7541 344 1549 7511 9913 14808 7296 10906 493 9831 8784 8262 10129 5869 8640 4016 5713 11443 11009 11052 2294 670 6450 10899 3844 8381 8135 12347 7017 
693 116 382 129 409 29 1954 9203 1619 13925 14960 6459 11213 1888 580 10837 8842 10739 4037 10994 14949 9631 14411 7683 5081 12082 3123 3458 4083 3323 3336 14392 5457 2067 10349 
694 101 409 112 444 29 14111 14703 10418 2062 8722 13181 14153 7494 10523 2694 13124 6243 3526 4386 5322 6923 7128 7431 7770 7358 9500 10794 6222 482 4043 2285 867 6793 13205 
695 112 409 129 444 30 9760 7703 11668 9020 11038 11869 13693 10223 4797 4324 1178 5714 6972 8647 1471 10004 10594 10659 4823 952 5339 11061 10210 14539 5362 6105 1560 13036 6019 8061 
696 66 444 82 478 29 9641 14870 9658 7187 3670 12057 4007 5290 3848 7139 14735 9814 7449 494 3642 2157 3937 14320 1283 1421 14151 6476 8518 2690 52 3247 8642 8129 775 
697 82 444 98 478 29 3098 12 13182 13008 10910 14422 5298 6428 5684 12681 9871 8426 8900 7570 11888 10887 8282 11959 205 13108 11978 7852 3326 9849 10026 217 1467 5264 3369 
698 66 478 82 512 29 10842 11670 7715 13897 7421 8614 14768 6672 8721 10623 14590 2089 5450 13653 14317 7306 4883 9052 6303 213 4234 5848 271 216 6995 3332 12530 11097 12036 
699 82 478 98 512 30 777 8313 5070 9761 290 4475 5572 9869 7437 4056 10110 11656 8244 5972 14845 2309 2786 11471 2644 12222 8991 11033 7506 5632 12451 8221 8543 1517 9164 13447 
700 98 444 113 477 29 4338 2350 5196 4479 703 12887 4336 4213 10314 9329 2354 14099 3891 3951 11102 6343 8357 7952 13890 802 4350 13780 701 105 10037 13335 12686 72 4647 
701 113 444 129 477 30 6142 8890 2203 3939 9736 12349 5834 10108 5509 13299 1525 10226 1636 3272 3873 13955 2808 14866 3702 13687 13422 3560 63 12219 11131 12987 6132 8167 10662 2269 
702 98 477 114 512 29 7440 9349 554 11889 1898 796 13436 698 3074 3671 7747 8595 14959 11867 9258 7354 165 14212 5841 11276 1773 11015 383 7595 8620 4668 3386 7907 4937 
703 114 477 129 512 30 4399 2438 6195 8976 4323 3375 12418 11555 7911 10409 12685 14442 9188 4756 983 9482 9611 14081 12054 14312 8010 7718 6418 9334 4154 10003 3946 2641 13546 11390 
704 129 253 146 291 29 14711 1717 12958 11082 8112 6563 1045 5392 1011 11392 1813 11824 14393 2425 46 12973 7235 4299 1039 4834 1080 5671 6158 6900 13829 14041 2178 3625 10365 
705 146 253 160 291 29 5447 10137 873 803 5759 5359 13767 10620 10212 223 11429 5813 12230 14954 655 13981 584 6250 10123 14247 11828 9916 14844 8110 8237 14425 5981 11297 11512 
706 129 291 146 327 29 3012 3009 3889 14117 2033 8351 5324 1232 3736 3579 5263 14631 14627 14018 4504 3544 5764 2085 10927 2530 14035 7903 8899 12546 2428 6443 13412 4127 7301 
707 146 291 160 327 30 13092 10735 7485 14736 9588 757 11925 8955 3928 780 10587 13026 7857 9697 1474 10505 10067 10989 7172 6703 622 3912 7028 1126 14680 5093 12393 4529 12493 3907 
708 160 253 174 293 29 8772 13795 12487 14031 14403 9030 8837 3226 4197 1734 11053 5580 10869 8184 5528 11976 8240 8561 5433 7359 2965 4044 8731 11896 4699 11142 14389 7754 13045 
709 174 253 194 293 29 9864 265 10197 14655 2341 14727 448 9144 7271 7590 14522 13852 4243 11484 4691 10743 414 2003 14780 2274 12858 1398 10171 1223 6412 12876 5647 14148 9085 
710 160 293 177 327 29 14149 14923 2916 9732 9317 333 6863 5256 445 4751 1182 10564 11292 4201 7758 9668 2322 4747 14001 7058 6958 6020 12947 10942 14628 7245 12735 7814 9622 
711 177 293 194 327 30 10984 14852 3867 12768 12141 11548 4388 3205 2552 13847 11549 5587 3333 8469 3996 8188 5738 4713 806 5778 3498 2043 1278 14739 2507 5063 1052 1340 11864 3574 
712 129 327 143 351 29 3017 13540 14843 1780 10944 1851 3214 1565 7328 12709 1304 14721 13590 7360 12707 12231 6235 13963 13367 14661 7874 421 1544 10829 9340 2826 320 1293 2746 
713 143 327 160 351 29 2617 12075 5066 6063 4565 13467 1220 14593 4125 14520 4157 5784 8656 10068 2193 10061 4000 3568 11497 4421 1699 920 6910 9003 474 12285 11283 4659 1338 
714 129 351 143 386 29 13461 7931 12271 2190 2042 12611 74 5416 12938 7776 14897 14292 6073 1458 5878 7640 1978 8078 14621 3478 14272 1196 11255 8806 11535 1037 11212 11500 5211 
715 143 351 160 386 30 2999 3472 724 4214 13250 4816 12592 6683 11284 11809 4609 1437 9756 3621 8216 8349 1068 9187 5525 2162 10152 2414 12153 1732 13696 11583 7704 14669 4904 7574 
716 160 327 176 356 29 8239 12298 11322 8628 12084 7145 9559 7357 4019 4799 13408 7047 10742 3796 9139 11140 4045 7482 8630 3078 2828 6276 8639 1822 11464 5852 8014 9735 767 
717 176 327 194 356 29 8789 42 8062 6319 8655 4829 740 5993 4837 5967 2253 2375 3433 7955 6851 10207 2410 2286 10297 12022 2171 2228 10633 8763 13110 12763 56 1150 5220 
718 160 356 178 386 29 2550 12090 7685 11610 4478 4889 11551 6154 1986 5737 1347 6416 5142 12104 11234 3675 3942 11132 815 434 14623 8726 6944 6379 11342 7928 7927 4592 11586 
719 178 356 194 386 30 12895 7687 5269 9442 7135 1880 13203 2316 13051 7741 5378 6332 5477 7390 13850 8365 561 12818 7099 9278 3266 13430 4268 4064 13865 13730 13565 7509 5861 8087 
720 194 253 210 293 29 10636 12539 14802 1131 4542 8781 3015 7691 5314 8510 8160 10244 3738 4612 12420 14047 5452 14098 11113 11617 12164 8383 11676 5129 9395 13261 12167 14712 14043 
721 210 253 226 293 29 7753 13711 13410 3088 9312 12378 8644 4225 11258 1603 10855 9630 2115 191 4104 2820 10883 11803 10681 11745 12198 660 10309 5049 6287 1963 12886 14769 14921 
722 194 293 207 321 29 11468 2554 7655 13164 13952 2597 14234 3872 12308 7900 5292 9418 9201 12671 2959 5432 3391 6016 8998 14917 8164 7382 9262 9521 11519 8850 8289 3090 11587 
723 207 293 226 321 30 2488 13497 4273 12811 9925 3132 13069 2131 1249 7621 7515 11068 9270 14169 603 4587 2984 6153 6442 96 14051 11285 2666 14710 2177 4152 5691 11198 5724 10442 
724 226 253 243 289 29 4012 11098 10236 6415 8808 1559 9882 937 5125 14114 13889 7531 118 2399 14715 14461 13233 5039 4304 10377 286 6906 9946 797 8367 14691 14648 829 3599 
725 243 253 257 289 29 2202 8606 13006 6432 14700 1395 139 2366 7259 6159 13891 6026 8342 6688 10860 2200 2763 11172 9168 9075 6010 7921 7212 14394 1824 14640 8370 12294 1728 
726 226 289 239 321 29 6039 14307 11589 7242 9181 9128 10339 7566 8323 7887 13171 7778 7314 12825 4974 6093 2638 12261 6038 9260 7840 14641 14776 13218 14377 5894 7943 4603 10954 
727 239 289 257 321 30 12955 7348 8284 425 12383 6365 4839 1214 3509 2514 6841 10324 516 3321 11540 3296 3641 13513 7820 2918 10393 11116 12627 6114 12376 1607 13005 6187 5808 6745 
728 194 321 210 352 29 8542 3322 2276 11344 14698 2975 10604 5 5320 10826 8852 596 9135 9332 9166 13702 13539 12998 6351 6883 5552 4847 1270 14789 150 5047 12566 5934 11582 
729 210 321 226 352 29 2223 4600 6669 14491 13777 12174 4391 7918 4260 2940 4649 4497 3465 4514 11873 5699 5700 7295 13609 28 12659 9039 3217 7004 2605 5880 5893 14528 6721 
730 194 352 207 386 29 12189 12143 3744 1958 3572 8690 8893 4746 6681 2275 13360 6140 906 10030 4002 14332 2174 3781 10456 12605 6431 12690 14549 13255 4665 10163 12160 9553 4111 
731 207 352 226 386 30 13753 2001 7167 6444 7220 14396 11455 13844 7166 2775 11880 4960 4835 13623 3026 544 6272 13717 7708 6661 2049 5514 9478 13615 13834 8607 12667 13248 11368 13103 
732 226 321 238 352 29 2568 11576 4983 4499 2740 10781 7170 2997 2612 335 11504 13625 11778 5820 3723 560 14387 8131 4031 5376 14010 9952 14807 2390 5445 1328 8428 9389 7497 
733 238 321 257 352 30 9822 2034 7978 6150 3548 13760 1260 11359 12726 11544 1698 12288 11771 3126 800 3712 9975 8635 3396 5557 8609 4646 2939 13510 12640 3400 12436 1605 991 6726 
734 226 352 242 386 29 5456 9044 12343 149 11065 14012 399 8735 10269 14227 3995 13845 5650 7724 10157 334 13830 691 7999 566 7869 7031 8992 4796 2207 13606 8001 7268 10656 
735 242 352 257 386 30 4541 10281 6719 3340 14821 2633 14214 10257 8571 32 1159 6581 14738 5608 10845 10093 1362 573 244 12066 10357 14938 12088 13309 13511 14982 230 3201 10663 9936 
736 129 386 145 414 29 3887 3148 9770 8764 8809 14072 6454 8445 5491 2013 850 36 3020 10689 121 12984 5769 13345 10606 4232 10808 6592 809 9861 10875 5535 2378 2451 3546 
737 145 386 161 414 29 1198 3985 1705 4806 3549 1625 599 1267 10154 10431 8819 7309 14489 3485 5829 7742 7054 3897 3971 7202 2037 9225 3922 2373 8573 5440 7094 8823 10065 
738 129 414 145 447 29 14042 1846 8902 8432 8294 13864 11802 10424 9752 13754 11383 5222 13642 4363 2752 337 6594 594 6956 11966 5945 4786 14931 6174 13097 206 12401 10631 1176 
739 145 414 161 447 30 9634 9174 10658 11584 9162 14006 7347 3892 202 2464 13456 9873 1933 4015 10375 5042 13458 14995 8047 13861 11579 13116 13327 10966 3181 5711 13242 12691 14742 6685 
740 161 386 177 415 29 2526 3482 5720 3542 497 13071 4112 13879 1937 12749 5425 12490 6574 1280 8617 13403 5938 10217 6468 7565 8392 531 5811 5097 4573 9226 5823 13972 9661 
741 177 386 194 415 29 4643 3385 2459 9829 128 3956 222 1714 14512 1485 14397 5316 13720 4530 14649 5407 12823 8143 11428 10489 9963 10544 9097 9137 9847 13179 6251 5234 9407 
742 161 415 174 447 29 10894 2521 13926 12456 10276 7495 7528 8780 9186 11336 2626 13286 6009 2706 116 7880 2368 1442 1013 10557 10725 13677 10027 3776 7785 12762 4247 13731 13932 
743 174 415 194 447 30 14704 2830 5642 11687 1942 2225 6858 464 13684 13109 8982 8914 7318 5941 3604 369 9730 6559 5578 13515 1377 12672 5897 8552 10462 5655 13937 6052 9742 13857 
744 129 447 145 476 29 2719 5348 9546 1505 11196 9552 11920 14289 236 7890 4072 10464 13229 7090 1871 4005 5928 13267 13236 14219 877 12021 7288 2104 2800 8187 14133 12877 477 
745 145 447 159 476 29 1301 11266 5679 4821 3379 9650 1774 3234 4237 14706 1033 10665 8162 887 11904 2678 4811 215 8778 7228 7821 10343 181 7320 14697 2355 14848 2911 2884 
746 129 476 143 512 29 699 6725 9010 924 13688 1181 11437 9900 5309 9037 1132 11520 12537 1133 2401 7910 7383 7725 14825 13679 13502 2542 5011 13755 7696 14454 11050 14611 6308 
747 143 476 159 512 30 11318 11797 4365 1199 1245 7471 811 1496 12005 13064 9122 6327 11696 9911 12572 342 11599 3508 1610 10076 2061 10185 12576 5423 13086 13002 9012 13259 10082 11296 
748 159 447 174 476 29 14717 13759 6279 5368 12711 2734 13281 8812 7420 7712 11462 5908 2324 10965 4369 9035 14996 8094 3185 1135 3451 316 6364 13168 99 14513 2357 8215 9486 
749 174 447 194 476 30 5492 9707 5395 974 13832 3042 4583 15 5791 8181 3800 10592 1599 6242 11317 7792 266 14028 5008 2584 470 10450 10005 14728 4508 3838 6772 1930 3716 10568 
750 159 476 177 512 29 2765 7155 7848 13398 5891 11138 10574 11414 14453 13392 4378 7760 5288 13906 12535 5510 13277 14498 12059 394 86 2398 12210 14161 7321 14479 10159 12890 4240 
751 177 476 194 512 30 9249 10752 10010 4673 4067 5300 10096 13425 6938 5517 9806 12533 4446 5905 13632 11207 2109 8231 8063 8674 8484 6694 4287 11493 5178 4343 11806 6485 5729 7338 
752 194 386 213 413 29 8519 10232 6456 4463 3434 9749 14080 13612 2615 14654 4733 14467 11833 8530 7291 8898 7319 14174 3504 7126 8220 12194 7011 34 5605 3932 5522 9694 9950 
753 213 386 224 413 29 6971 13611 545 13383 14551 9542 3594 12256 311 11151 7375 8133 5826 13311 12462 581 13671 13971 5055 11709 6765 9577 2429 7453 14293 13619 12908 3397 9341 
754 194 413 209 449 29 12064 2386 1562 4789 12529 5033 7234 7121 2607 14263 5798 5393 10299 6877 6539 4637 2147 14526 12630 14979 6779 13341 4065 6679 9215 9284 1726 7816 4251 
755 209 413 224 449 30 13634 6934 12506 12145 4013 8341 10709 585 5242 13659 13846 12889 13150 7619 5527 10778 13454 10957 4383 1227 8945 11908 1072 422 2810 14511 8066 11757 2404 3407 
756 224 386 236 418 29 6622 8290 14375 14186 3885 4968 13896 8835 1546 6843 11330 2358 12453 4965 9884 3256 9821 10548 2212 12238 8506 7575 14877 14714 2591 3539 228 9933 10387 
757 236 386 257 418 29 12315 12465 10602 2493 5757 12006 7370 6695 10008 1486 4289 11177 2573 4552 5247 14435 8069 12405 13800 5630 11737 1853 9682 13678 5777 12485 12931 2142 1848 
758 224 418 240 449 29 14820 14713 1557 14241 11798 9077 7059 10337 9581 9448 12078 10976 1929 2771 9724 1809 10099 12809 13104 5361 4556 1776 7679 13954 7879 14004 3906 13207 2505 
759 240 418 257 449 30 711 1022 14822 14630 10085 6117 11192 14139 6761 6708 2004 6718 12828 9248 12278 10187 1575 6033 11614 2279 7762 1983 6406 2682 808 9612 3263 4143 6837 1606 
760 194 449 210 477 29 10127 11573 11816 5658 6849 9676 2571 14977 9687 10684 2933 10895 10950 6405 3278 1955 13381 9060 10862 7221 2226 192 11837 11917 14810 13736 2513 9221 13503 
761 210 449 226 477 29 8679 11411 10827 7838 5703 7795 3831 7519 8863 10436 14364 12045 10338 1711 3359 9924 5694 3410 12098 12597 9423 7745 5519 10477 8299 7469 7353 10951 10503 
762 194 477 207 512 29 1633 9116 1470 7645 10726 6326 13042 1906 9479 4173 6069 3759 6693 11787 14762 13257 8685 4750 12814 602 6261 13610 6324 2052 14624 4653 2819 2572 6968 
763 207 477 226 512 30 5351 8682 3255 12375 11934 12716 3972 11248 3762 9506 420 8672 7750 5099 6522 2773 13899 6227 3473 12221 8376 8424 944 1938 14541 12113 5023 7278 256 1104 
764 226 449 240 481 29 14681 7195 11308 12217 12095 9394 2017 8115 2201 4461 13495 1635 14826 9713 12181 11502 10437 4774 8452 12985 9131 11653 5084 4408 12873 14202 13698 5484 2814 
765 240 449 257 481 30 715 3629 13201 10990 13629 633 13063 13035 9784 13000 6473 6440 9686 10857 12967 2704 9276 5387 14395 7660 10613 5186 2670 13901 13475 11161 11851 8276 4626 1130 
766 226 481 239 512 29 6424 10839 14747 7860 8053 2232 7883 6800 4233 5164 6885 9855 9555 10132 11993 2180 11168 11777 14796 11928 14455 7804 13295 9603 6788 9733 5944 12933 11254 
767 239 481 257 512 30 9853 13782 8219 13668 6987 5261 3119 831 3993 2967 6844 14678 10694 1524 7676 12618 12662 1746 14401 3007 12626 2501 4614 7850 13862 1149 14305 13018 10380 3352 
768 257 0 272 34 29 370 8800 1902 10736 7797 6964 7217 9067 13056 2923 4097 12018 6040 14521 6178 3742 5888 2154 13643 12316 7489 6503 11505 13715 9996 10691 645 13923 12497 
769 272 0 287 34 29 2831 8948 2456 5002 3788 10812 1837 5847 4667 1833 12928 14767 12676 8956 10204 13484 5547 4543 11419 10680 4978 2913 5453 1236 3083 10890 6253 5100 526 
770 257 34 272 68 29 9214 143 13120 7140 13206 11402 1127 2594 9033 4815 5013 13407 959 6118 10165 3164 8307 5818 4850 7656 8669 10591 7363 7012 1378 7612 9886 1676 13706 
771 272 34 287 68 30 5843 5591 9681 5266 4568 7247 1815 5230 13704 1627 2395 9646 4212 3613 10245 13177 14339 9835 5895 5793 1406 3259 2387 2082 586 12962 2798 3643 5961 13363 
772 287 0 300 30 29 13824 2338 5216 7057 11619 6221 1529 6951 13749 5628 9999 6649 9013 6872 132 6368 224 7008 6614 8951 3757 14880 1050 10500 9827 10177 7941 6768 5879 
773 300 0 320 30 29 11478 8348 10528 14045 5419 10722 8889 2064 881 6145 2596 9190 2946 14565 13474 5725 4333 10629 504 12471 10062 11057 14097 1385 88 11939 11118 2943 7598 
774 287 30 302 68 29 144 14891 3688 5244 5887 8176 7290 5285 9064 8031 14606 229 2948 5014 13695 13627 4613 4641 1523 13592 5336 12200 4682 1438 14274 6161 13453 5438 12643 
775 302 30 320 68 30 11433 3654 14347 3468 7808 378 3246 5223 6887 2011 10476 13153 2870 8590 14175 5546 9277 6067 12542 4138 12911 8153 9084 13449 4106 1998 7427 5162 8727 7526 
776 257 68 269 97 29 5950 4301 7985 851 8212 2198 6057 1179 9854 8413 2382 12588 4189 2924 12977 8790 168 7480 12552 9484 8537 4084 6585 3584 6092 185 576 4113 13202 
777 269 68 291 97 29 10554 2346 11648 7466 3782 9768 14508 11842 1881 8295 14172 4927 13776 14885 7071 9972 1158 11565 14157 7488 2973 13214 14517 8568 14122 3841 1439 11208 69 
778 257 97 271 131 29 6720 11206 13581 8186 11270 8874 6930 9496 5942 587 8 10492 11654 12842 779 4246 13394 14113 7079 7953 14884 12862 8120 901 4966 1758 783 12326 12330 
779 271 97 291 131 30 5795 9700 13339 9902 1718 527 9161 9233 601 11878 460 8138 3908 8204 7806 13244 6046 3227 7944 14823 91 8327 11618 13490 9843 6048 970 4734 4551 13976 
780 291 68 307 94 29 9124 9199 13055 12729 7364 5562 6199 10087 6612 9150 5451 8791 1835 10447 13316 14310 10432 9958 11764 11570 6056 8410 13728 7199 1336 14650 616 12884 6854 
781 307 68 320 94 29 13870 2548 7193 6366 6360 7113 5430 1759 3409 13779 306 12796 10615 14671 10916 7159 10756 343 11014 13088 7920 9877 9917 13131 10141 392 11983 14158 2520 
782 291 94 307 131 29 1628 1091 5530 9142 8429 10956 4457 4954 8659 400 10897 5065 3494 6205 135 4447 7651 939 12753 7129 10754 4483 6759 11689 7976 14258 11043 10655 359 
783 307 94 320 131 30 8415 9867 10963 4762 6898 8827 4763 9051 11181 628 5922 12307 13514 9396 3580 6 2065 7475 1109 218 11425 6978 2420 5923 11970 9967 839 4899 5386 3106 
784 320 0 335 25 29 8211 12554 13285 5643 6065 9637 11633 5574 12772 10303 13300 4494 2195 8700 7463 11734 14363 11166 9712 10666 10403 3777 3835 12736 14465 2553 2907 8618 4728 
785 335 0 350 25 29 10100 6186 8310 4931 6300 11854 747 7842 9955 2702 8070 7280 10552 6812 9443 2910 3324 13338 11590 11534 201 461 11154 13596 12740 12561 14664 10698 6116 
786 320 25 337 67 29 10913 4428 7877 13988 7971 4877 2050 2168 528 7413 8242 14443 12008 2097 10001 6448 1364 9319 7158 1396 4519 11180 14404 2230 1996 8482 2809 12498 4690 
787 337 25 350 67 30 2027 4547 11472 13375 4526 14170 8285 11114 2776 7723 10549 10657 4527 6309 2985 10802 7486 8180 9625 11971 12262 11572 4512 667 8125 13838 9560 6029 13694 10128 
788 350 0 361 26 29 11916 4831 12728 7959 10319 13764 455 1035 14775 13505 14187 11371 9940 5634 2835 12329 384 5250 9561 1828 6464 12243 6407 6346 9417 2173 1513 9416 6384 
789 361 0 383 26 29 7705 4745 10221 694 200 12124 2443 2856 4042 7178 5149 7800 8487 2272 8613 14536 3033 5566 2726 5715 4068 6080 3916 2182 11210 8646 6871 8459 2993 
790 350 26 365 67 29 2504 7081 3745 8706 1425 12651 14761 14189 1934 87 1141 10793 11187 562 12149 2481 3869 6347 10289 2793 1296 4878 14757 9516 1764 13263 5819 5814 4500 
791 365 26 383 67 30 3882 10176 992 7521 2408 7368 12042 4379 5677 2155 7232 13595 5762 4848 10945 12319 8696 5494 5323 565 6677 4330 3030 7902 7803 14466 12320 366 8805 12642 
792 320 67 334 100 29 8042 7252 14804 2660 2084 7325 4898 2000 10279 11597 3043 7493 13947 5358 2137 3414 234 3505 11973 13791 2628 2669 1511 14119 9369 2687 29 10362 10191 
793 334 67 349 100 29 10748 994 7557 7241 7075 11847 3979 4032 314 9569 326 2485 5073 1612 13378 12509 8168 10111 12972 2113 7310 6331 3789 2516 14101 7722 2695 13697 12072 
794 320 100 332 131 29 6687 9328 5554 5171 1203 8895 12406 11556 14064 1530 12281 11561 11498 4171 2570 14961 3905 6624 1190 7502 13198 6979 12063 9195 6505 1 12249 11874 13374 
795 332 100 349 131 30 7157 10817 8719 4802 3587 8218 410 11211 11891 13348 10400 7 6071 3756 5041 13597 1009 1014 3815 5380 6541 8121 14853 9485 8786 665 2833 11111 12925 11075 
796 349 67 367 99 29 4315 1889 9705 9476 3923 7161 5959 14617 1537 3488 4909 3463 12683 14502 5613 1816 12528 9337 932 524 14814 13621 361 3524 2964 2606 11769 40 188 
797 367 67 383 99 30 4257 3425 4949 2054 109 9504 2312 12195 3236 7599 11594 2218 3983 12719 7033 8304 14851 14239 6615 5466 13768 2356 5228 4215 1768 2846 13128 12363 7046 13415 
798 349 99 361 131 29 10608 233 14254 7717 10270 6143 11215 2465 13745 3069 11575 4374 2589 2072 2469 7476 9298 8338 1946 1315 865 13306 4470 5372 9616 7865 14904 5927 12834 
799 361 99 383 131 30 5659 3449 12492 14251 13413 666 3875 500 7713 7504 11280 8886 942 14916 14459 5238 2749 14941 12362 5741 5229 12442 3758 9459 4393 10323 2477 11327 5670 4771 
800 257 131 270 163 29 7016 11185 13418 5850 13983 11426 10851 1890 2161 6214 10038 11149 6916 948 3637 5397 2560 3617 66 11257 7561 10880 14086 2008 13087 9435 3308 194 12757 
801 270 131 289 163 29 6090 11718 4801 8633 7866 12157 4248 5169 722 7417 11018 4982 13342 7559 11377 1541 480 3974 12344 551 5965 3452 11681 4339 12795 10193 13958 1701 6809 
802 257 163 270 196 29 7962 7957 8930 6529 2250 12606 9779 9919 9268 4844 12148 1895 6568 7856 6738 13310 496 7286 4395 7991 14063 7871 6495 597 8441 8363 13655 1595 8401 
803 270 163 289 196 30 10482 3150 11216 2219 13296 11228 3753 6543 248 1202 9985 4525 6950 8359 5202 1704 9324 9865 6825 7105 1966 2893 852 13918 6031 9380 6281 14509 13794 14934 
804 289 131 305 167 29 1931 5682 3955 5131 14419 2855 7775 7503 195 14920 12701 9586 10315 8864 12827 14788 10928 4175 1350 6775 4022 2971 7659 14094 11477 7436 7153 8732 5672 
805 305 131 319 167 29 13382 2547 10996 1348 4003 2442 9703 8565 11315 8918 5153 239 5083 44 6925 10622 10982 13417 432 12168 4710 7671 9624 8308 12338 6386 10616 14926 1852 
806 289 167 303 196 29 9788 3861 12868 11389 6957 8528 5388 1637 8698 12510 8980 11946 14725 11400 4561 5931 9487 5896 11685 2905 6359 278 3915 4617 5481 6878 5184 3651 4705 
807 303 167 319 196 30 9231 3095 7523 13007 5800 3770 13982 12503 14209 11856 2529 3420 12452 2968 9654 5282 1097 13797 487 7940 708 14023 985 3704 13701 14449 8997 13405 1905 5422 
808 257 196 271 229 29 11731 14890 12089 10086 1638 1060 9427 1286 6699 12731 925 11514 8816 338 5806 13014 7156 12112 6555 12635 4080 921 4808 3370 14288 279 11267 3590 1461 
809 271 196 291 229 29 10243 9726 7056 14813 14665 12855 13618 5012 9876 4777 3335 2578 9649 913 12838 884 2222 1327 8538 2872 9494 5761 1272 13886 3768 4589 14000 6927 5636 
810 257 229 273 256 29 1233 9635 164 14685 8919 1520 5459 11661 9419 9898 540 1478 13585 2422 11186 10471 12787 3647 9345 2928 625 1827 2692 11674 5585 6728 12874 1379 14830 
811 273 229 291 256 30 7829 927 12185 13019 9055 11232 11413 10006 13388 4864 1374 6657 12425 1900 10912 535 2348 416 5625 13567 1913 2753 11059 11982 1920 5076 10047 12360 3857 10246 
812 291 196 304 228 29 893 9219 3219 3044 13751 11705 6162 13332 1528 8464 7118 824 11302 5524 3402 8230 13535 10581 9591 5515 12558 9194 5910 12932 14057 10675 8340 10487 3293 
813 304 196 319 228 30 7936 377 10174 6475 8596 6237 8512 297 10310 7668 10013 11943 14432 4411 536 12467 4994 14653 11571 9193 11890 10360 11725 10973 7624 10971 1195 7610 10345 11625 
814 291 228 307 256 29 6538 3538 14908 5396 10632 107 4498 8869 9469 12158 11841 4038 12943 8485 14384 13324 4236 1943 13571 3022 14556 8091 9503 12598 5824 5649 1752 5187 9515 
815 307 228 319 256 30 13022 10478 7552 1795 11230 728 20 13476 1578 9202 7456 2397 4726 2699 4742 14152 11045 5163 3586 6091 11128 5690 9786 7061 9212 9205 5709 6676 10521 1200 
816 319 131 332 161 29 5886 4814 11046 847 14690 4462 8666 7138 8968 10997 1343 3146 12062 8652 3997 7986 473 11021 3315 10838 10527 12939 14564 11703 4448 3330 11818 1417 12332 
817 332 131 350 161 29 14558 8603 8737 1939 4146 9872 2214 12905 11036 11133 12296 6631 4344 1876 14224 1514 9598 7204 6492 8065 12563 4162 6982 8474 13024 11174 6027 13487 7909 
818 319 161 337 195 29 7381 8375 1112 5673 11099 14723 12266 12594 1305 6452 3920 9942 6769 5188 11265 3874 2128 12447 4869 11281 3138 12771 4886 2447 6831 12615 6479 9175 5873 
819 337 161 350 195 30 11855 13940 10920 1821 12964 9683 14226 9014 4842 4654 4594 3804 1403 2903 2476 367 7334 9523 9982 8799 7716 5214 12379 4174 652 9709 6208 1445 9473 11373 
820 350 131 368 164 29 6273 9318 12433 5145 13841 12096 1617 13318 13645 8362 6953 8345 14306 6274 4945 8263 2789 7752 12252 14083 1611 9229 9655 7025 6333 7849 8268 507 4100 
821 368 131 383 164 29 5900 5405 8531 14824 10788 4957 5676 2095 7577 4879 5381 1887 10763 10479 4160 2369 686 11546 7429 5436 13551 7424 10593 13161 3501 5028 10194 13929 152 
822 350 164 366 195 29 3730 10105 8632 9082 11231 7498 10167 3987 9119 2882 5719 12259 6604 6197 4537 1489 1392 3394 2677 6948 589 9151 2945 1077 9928 5744 3289 2472 3380 
823 366 164 383 195 30 1620 8479 6449 4513 14893 4896 2321 12599 7768 10654 6490 10886 1896 2659 6338 12660 11883 3161 1143 2332 5621 6497 3910 11636 8953 1329 964 12394 4133 2858 
824 319 195 334 224 29 9364 2371 12058 12607 5175 1585 14672 989 9314 8209 8288 1151 10962 7091 14903 4124 3820 6816 5987 14743 12961 12317 13752 345 6394 1229 14636 13106 5112 
825 334 195 350 224 29 7899 10907 3715 10126 11047 12774 12403 2446 9146 11611 13672 11536 4597 11948 3967 13574 2479 12193 13822 6400 14962 4052 4150 7141 8305 1689 10115 9501 3280 
826 319 224 332 256 29 13140 3399 8515 2817 2365 14609 2767 2549 9104 7374 5476 4709 2922 591 9990 6414 13873 14471 11395 9178 14719 1481 11566 10301 6886 7067 97 5136 11933 
827 332 224 350 256 30 3064 12204 2394 10867 9895 2840 607 14817 9279 3694 14222 3162 2639 11306 1345 4903 14020 7250 304 2647 13060 2433 9899 9973 759 11480 14586 13526 9619 1772 
828 350 195 370 225 29 6051 539 5542 5996 5863 5746 10158 11301 3415 9404 1903 4006 10379 5370 8513 9613 12115 6120 7151 8740 101 9019 14616 10166 11768 2302 8922 12790 8741 
829 370 195 383 225 30 1298 5017 620 10525 818 10088 12457 6321 981 3778 9803 7448 4354 4329 8660 7021 8080 918 1719 13575 8525 12829 1608 10182 14048 3540 2744 2581 3523 11635 
830 350 225 368 256 29 5825 6730 6502 2148 13260 12161 14076 6491 5352 12713 43 7238 13977 8826 10135 7367 4420 8123 5018 5990 11454 2614 9645 5091 5962 1036 3813 11175 3532 
831 368 225 383 256 30 11218 2751 11417 3792 3853 11435 2675 4266 12765 9744 2780 13804 5057 6991 5056 10050 12511 7148 3151 6546 7484 10683 12848 11146 8358 3958 3265 7554 9757 2118 
832 383 0 398 34 29 3457 305 1897 6348 5521 8136 1137 14407 7782 10841 3980 4180 9177 232 13893 3499 613 10934 11431 9870 10940 2592 186 6620 1413 8493 6340 2842 6700 
833 398 0 411 34 29 11444 3216 5201 11944 8664 11363 12413 501 10231 14785 14053 14477 9905 5301 4314 2323 10634 7579 13871 4972 13169 789 190 8683 4890 836 11353 14297 3295 
834 383 34 392 67 29 9620 8189 11909 5054 3338 9402 8766 2565 2631 1096 2024 10686 1393 76 6446 5558 11678 2007 3666 13987 11585 12899 9240 10265 752 13325 9327 6320 10292 
835 392 34 411 67 30 12694 1672 2130 2079 9719 2263 6131 12417 7701 4131 12365 14179 5449 13080 8702 6896 13603 6678 909 3994 12176 6466 1707 3531 8661 11069 9140 4275 5200 6949 
836 411 0 427 26 29 1366 2648 11560 4078 12412 3031 13984 12797 11456 1088 4675 9362 2434 5688 12101 5735 8064 251 11664 5197 9980 557 6548 3692 9053 12515 12377 6493 13519 
837 427 0 443 26 29 5218 1201 8662 282 6430 8440 7096 3353 12590 7445 14225 274 14910 13344 11845 2990 4122 4429 386 4089 3131 4503 4773 10645 9265 13308 12356 727 10143 
838 411 26 424 67 29 7974 8755 12867 2016 11793 11040 12957 11365 4049 12155 11362 14431 11680 7592 14994 7873 9573 8473 4361 11130 8343 4657 4148 12218 14182 929 735 754 8040 
839 424 26 443 67 30 9413 14016 4114 9321 1043 2063 9663 10718 899 12521 3811 11067 657 14340 9767 7737 4349 1735 6306 11719 2345 11029 11567 4009 268 8802 5603 1964 1923 9117 
840 383 67 398 93 29 2620 8868 10904 1953 6933 11990 9673 10426 13062 9652 10209 10573 13869 6435 12120 9949 5379 226 13714 8838 1433 5501 5040 11936 8448 4051 4923 4196 8858 
841 398 67 413 93 29 12807 12688 12851 14452 13819 2151 458 14605 10511 9901 8337 6673 1106 9848 13842 10033 9464 3634 10509 10584 9032 2046 8885 3507 10981 250 7222 7152 7549 
842 383 93 395 133 29 5279 10983 14500 14448 1034 7243 10586 1170 6049 1087 6289 4859 4288 2424 4139 10901 4326 11432 6292 5914 1354 1359 2270 10028 14766 4400 11092 11836 4490 
843 395 93 413 133 30 6966 7409 3221 6135 5533 4368 12990 7085 8946 12875 1503 5991 3250 3028 7009 14829 11408 385 13235 5307 13211 6018 878 3466 13328 795 11750 10220 1299 11830 
844 413 67 426 97 29 3392 8833 6599 13023 5988 14570 588 398 10929 1206 4116 10508 10438 9558 6668 1264 2974 6396 8865 14269 7919 14164 4794 14255 6496 874 7867 7812 969 
845 426 67 443 97 29 210 6099 12504 13640 3711 6941 2862 253 4142 7930 1193 2881 11518 511 13191 49 12228 9405 14620 12715 13278 1771 5986 7326 13561 6922 6671 12636 1709 
846 413 97 431 133 29 3849 12165 1216 5374 1156 7862 7293 6284 8928 4518 435 3644 4027 9734 10955 4701 4976 10190 1493 10806 5315 7632 10858 4658 2163 5653 12290 14246 11954 
847 431 97 443 133 30 156 3006 3312 3640 9001 7614 9111 10486 14585 9934 12744 12188 12747 1282 10411 13466 9589 8999 4207 9379 10970 5209 8576 10856 11885 2280 13266 3238 8637 10258 
848 443 0 458 35 29 11245 10460 2450 3606 3564 4140 3139 12861 93 12725 1237 307 12956 13907 4473 12926 1368 13457 1652 3522 661 3794 14104 8050 12783 1688 10142 4540 9896 
849 458 0 474 35 29 14905 10358 4001 13823 11247 11058 10373 11748 11557 13223 12793 1872 1154 11179 6262 12612 14881 5191 4689 10363 1101 14518 9021 7905 2851 13254 12109 8932 3705 
850 443 35 457 68 29 1090 11968 2308 11791 820 9320 9339 12267 356 7702 1691 3327 3700 8252 6860 10329 246 7273 14596 6737 5198 14569 12698 9292 9667 14945 521 10702 5743 
851 457 35 474 68 30 5260 12603 949 11003 10598 523 2623 8126 11088 12754 13840 11702 9036 10830 12351 11914 7088 10779 8768 3013 1639 14257 11714 12331 14533 9653 3784 6667 7465 3570 
852 474 0 491 37 29 428 1409 4256 5345 7114 11220 7786 986 7896 8629 12913 3404 12948 14675 14879 14740 567 14365 6260 8466 14115 10977 4396 11765 2336 1427 22 7396 7226 
853 491 0 512 37 29 140 5064 283 1662 7023 8029 14862 9775 9259 11986 13066 9721 1475 833 1767 7414 1153 6461 5870 3159 5122 7898 6609 54 5946 8587 1793 13247 4389 
854 474 37 493 68 29 1428 5089 12737 6550 13084 10168 5536 7281 1450 13372 2845 3331 5399 11384 12254 1581 7205 2983 6271 6520 450 451 3091 1859 13516 6078 695 10473 2655 
855 493 37 512 68 30 59 13017 2475 5792 2236 11141 11538 12637 12197 10017 3065 12953 11773 1024 12011 4481 11360 743 7082 11202 9381 14531 9414 7542 7352 3437 14729 5567 7332 4758 
856 443 68 458 98 29 1790 3204 11295 6929 7638 3346 9926 14248 7391 14794 5612 12352 8586 14571 5274 6750 14357 2403 4569 10571 12575 14840 5523 9376 13587 4648 6881 4130 14562 
857 458 68 477 98 29 940 2936 9412 9539 7049 13691 9923 761 8058 1302 12586 9192 14652 14497 10833 10834 14952 2611 9302 1239 6509 2135 429 8579 14142 9781 8526 12788 10972 
858 443 98 461 133 29 14988 10149 260 8861 7499 8082 11935 6530 7801 13185 11051 7693 7397 3467 9038 10753 1991 3530 14128 6893 2021 14580 9492 5488 125 14196 8322 3492 12371 
859 461 98 477 133 30 9274 10792 659 12429 1107 13160 8687 8521 391 7132 5160 14195 11728 7355 10864 11846 14898 13820 9246 6607 5365 1807 563 9006 7895 6410 12986 11476 111 11743 
860 477 68 490 101 29 9183 4253 12118 5797 6674 4441 11658 12746 8142 4394 7117 346 6112 8555 6654 6122 12325 6937 300 3628 10493 6441 10688 173 4724 7766 1678 1770 14458 
861 490 68 512 101 30 4440 12013 7551 13796 671 12466 11188 11378 1882 6004 13633 9461 1065 382 14688 11249 9156 1697 3612 9002 13709 6976 13601 1059 11999 5257 13112 13183 7133 4522 
862 477 101 492 133 29 13638 12229 10448 3601 12656 13944 4322 8875 2471 1838 3382 13536 5907 11569 14184 14322 5687 10335 7522 14229 6527 3147 4697 12903 14709 12720 8615 14806 12205 
863 492 101 512 133 30 7891 4882 10937 11191 13808 10 2237 8224 407 13934 5360 9008 1602 13508 11531 7680 9819 12364 9943 7020 6109 9875 12866 331 3884 14676 9610 8975 13012 717 
864 383 133 394 165 29 10767 6912 2725 2714 10924 12333 10179 2839 11749 6240 9618 13650 4953 8052 4264 13524 3934 6752 1317 10643 7912 8822 13154 8113 12850 9550 3823 171 6857 
865 394 133 413 165 29 33 6403 1538 5143 4824 7027 11470 9018 6547 3475 45 9964 13347 14858 8882 9763 9974 7441 9639 11524 11868 2864 12263 11253 1492 14578 11066 6709 7859 
866 383 165 394 199 29 330 4184 12921 8917 12323 14505 12192 10953 8516 14082 11163 2755 612 9568 5710 13942 11323 272 14915 2745 8171 14925 1779 3791 11109 10814 12291 11694 12396 
867 394 165 413 199 30 4181 4876 10497 11940 6525 7847 9474 3018 6370 3611 13253 5212 11825 14883 14614 13292 8227 7214 12144 212 8465 13689 14610 12741 10799 2791 9937 5354 5468 1453 
868 413 133 433 170 29 7512 3797 12306 1018 4277 2681 4185 14506 9769 411 7122 10175 50 6763 6066 81 5641 4694 7030 11453 10341 10825 6481 12638 13148 10992 11240 3752 3520 
869 433 133 448 170 29 9237 11466 13598 9080 7393 4622 4348 11726 8041 1659 6395 11070 2503 13431 10208 678 5906 7809 8386 3376 12723 10277 6106 10775 9239 8346 9578 12658 11418 
870 413 170 429 199 29 4700 14948 7337 8990 5221 575 11278 10690 423 9746 13199 8249 734 1977 5919 1990 6789 14496 4282 6165 14472 284 10569 10729 5909 8011 13442 3566 12305 
871 429 170 448 199 30 7317 1424 9607 4423 2117 2770 1339 5044 1999 4987 1598 6717 6474 5157 6472 11244 898 962 14800 10052 5668 4271 8060 7807 14944 4914 9466 1300 13034 8511 
872 383 199 401 230 29 11450 13805 9583 2716 2440 2431 12268 11190 4285 1651 3645 3079 9420 2091 13880 5856 9520 13195 389 12299 9031 900 11164 5115 1584 10427 3571 4586 11354 
873 401 199 416 230 29 1516 10414 1358 13507 11865 7102 2865 6544 11862 8202 4652 11233 13593 11110 324 11282 3428 308 9184 2111 3036 6212 9525 8684 1429 5730 3133 1324 9310 
874 383 230 398 256 29 11421 2078 1066 4203 7426 12448 4244 832 10078 211 14801 13662 6317 10848 3235 7608 4660 12696 10452 4706 6514 3118 9074 6915 13993 5984 13792 10807 8232 
875 398 230 416 256 30 7483 11129 2774 3349 7534 5127 4868 7385 9330 122 8913 1261 1111 4316 13849 13465 14583 6270 4382 1240 6777 6952 10214 9127 4805 1650 11039 3577 2256 2966 
876 416 199 431 228 29 11011 3578 13995 3228 10589 3550 5401 9989 9257 8124 1042 2574 862 3440 8801 11776 8825 4486 9370 3552 3329 1027 13021 11260 8643 8888 11391 11101 5151 
877 431 199 448 228 30 9255 1246 13978 12093 8271 9216 3929 6419 3405 12775 1583 13494 5683 582 8507 2953 14324 4123 6774 10000 6515 2901 12171 4604 7897 4041 11686 14639 6361 6097 
878 416 228 428 256 29 10278 8915 13078 10378 3419 14507 83 10091 10783 13938 1184 7749 5789 8193 1210 6911 2650 14647 13477 6006 3117 4305 13190 104 2 5871 14386 10647 4892 
879 428 228 448 256 30 6330 7780 14965 2731 4624 14463 11404 9930 9072 7540 10824 14120 4415 8903 2598 13044 12086 5226 4495 6813 9143 12673 14956 2435 8584 6873 1335 14304 3273 9384 
880 448 133 465 162 29 11048 14155 13975 9040 5833 2788 12435 4977 6856 9245 12758 3886 11134 11588 11381 7395 5912 12525 8619 4585 8389 1002 4367 2426 11691 9303 5602 4739 8600 
881 465 133 479 162 29 6163 4340 11616 7112 9120 12318 2470 12684 10570 14953 5180 4293 12041 3207 14087 763 3156 8449 263 4298 4661 8106 78 6136 13098 7169 11796 1225 987 
882 448 162 464 197 29 835 10560 13564 2101 7472 7678 10070 13377 8273 953 14635 3676 9839 1720 5150 2492 3424 7581 7371 812 9230 14217 6286 5253 137 7136 5283 12103 12871 
883 464 162 479 197 30 9096 381 6702 8033 5302 2909 9426 13287 13821 13170 1118 11387 5403 2036 4464 10550 2688 8463 1563 8111 10381 8703 5088 14167 5254 12645 3680 3316 6151 6288 
884 479 133 497 161 29 1873 11474 77 4935 2189 13050 2249 8467 12272 13608 8257 4730 10641 13690 13828 10253 1692 7406 5161 11481 13716 3760 7376 2604 11706 6741 3116 2288 5053 
885 497 133 512 161 29 57 3681 13836 2832 11026 14200 10150 3780 3019 3683 5689 3527 13665 6015 4775 8536 9810 3623 1053 11533 9823 11752 6771 1948 1981 13399 3115 5443 14252 
886 479 161 496 197 29 2238 8611 10012 13491 9977 8155 2129 1251 9856 1289 11310 4385 3121 5926 10537 503 3988 2240 12526 9409 6554 10032 14372 5132 193 10470 13228 13111 14382 
887 496 161 512 197 30 14737 7442 8748 10678 9557 12400 5576 10293 10401 4356 6487 1472 14199 9889 11490 3731 1007 3209 13723 8451 6455 10896 11945 14011 11438 6269 3802 8924 9868 5408 
888 448 197 466 227 29 1274 1976 6504 5958 9615 13812 5259 14724 1865 2781 8670 3279 10595 19 5246 12679 7606 14869 11912 10083 13946 11332 8420 5071 882 6388 876 13525 12717 
889 466 197 479 227 29 9078 11922 13343 7846 6558 12891 973 10107 9371 6323 3303 6999 11006 954 11581 4749 13705 13037 11621 5768 5526 9228 9565 7501 2409 14056 3110 14734 9368 
890 448 227 465 256 29 2005 467 746 1169 2994 5812 2156 6638 10828 8165 525 13421 5356 10162 9200 7443 1094 14987 1623 14957 7836 3168 10884 13572 5508 5661 12732 5844 8616 
891 465 227 479 256 30 9294 3225 7516 2579 7244 9359 10312 10181 12265 14069 10526 2319 6714 3682 11237 8396 8905 8403 7688 371 3970 3665 7350 1482 6663 1411 9424 14351 11960 4134 
892 479 197 498 227 29 9386 8175 13922 136 13914 7811 6996 10815 9813 4752 2413 12976 12863 2217 7077 10219 3661 1056 130 2637 2603 4720 3537 2748 11060 13729 7322 13 11861 
893 498 197 512 227 30 2941 6043 5712 5782 12480 479 10284 7239 4932 4836 9132 6833 14441 12050 14221 5239 7774 7769 10760 13081 4296 2363 7207 14206 559 14770 6477 676 4107 5363 
894 479 227 495 256 29 8678 8444 9017 4627 13237 12532 9005 3264 10727 2653 10585 8625 7533 4566 6784 9593 4245 4677 931 7994 1290 14490 13501 3626 67 9693 176 7586 4029 
895 495 227 512 256 30 12742 6100 3847 4426 4194 4153 7311 570 1355 8954 1731 3883 12048 6637 6593 10771 4303 14608 12870 8818 11699 3206 3895 13033 3251 8128 12582 1960 4663 3652 
896 257 256 274 286 29 1029 13578 12061 6975 14319 12366 6578 9299 10946 10700 648 6582 12279 7635 6211 2522 14245 13622 313 10813 1008 95 13563 11775 14731 10519 4183 14778 13994 
897 274 256 286 286 29 975 13049 6662 9522 1855 3664 1221 7547 5140 7858 13799 2500 7265 6408 379 339 11358 9927 7954 14446 4166 12137 9280 8104 10790 9642 6283 4192 8077 
898 257 286 273 321 29 626 8622 1275 6705 9777 5326 13744 4715 6939 2299 6147 12959 1762 8498 11491 1085 10809 1706 11695 11605 14440 1497 4520 6229 7180 12616 8880 9535 14894 
899 273 286 286 321 30 9680 12733 2406 9807 11399 12404 13107 12791 9554 6398 6526 13134 14592 8030 393 10518 885 11839 13464 4718 2307 2295 317 8148 2392 12820 8200 10590 9431 13439 
900 286 256 303 288 29 9295 4770 6210 11629 8771 10889 9490 10389 13529 2927 3554 12116 7922 1213 4398 10882 6098 5866 4136 6781 7805 5600 98 1342 10498 2370 4915 1361 10567 
901 303 256 318 288 29 10849 10671 3456 1074 14405 7277 14792 6127 572 10978 6629 8015 14464 10055 11397 4063 8782 2887 3828 9780 12390 935 7115 14663 14106 3196 10968 9024 13030 
902 286 288 301 321 29 3529 9493 2087 1122 13184 10417 6691 2448 2563 7508 6184 13365 12449 10376 13159 3163 10566 5400 11007 7587 4723 4261 902 6234 11256 11152 4071 12610 3448 
903 301 288 318 321 30 10103 13876 10203 10206 1675 14343 4167 1646 3514 14410 8559 6053 2077 12416 11835 11547 568 13518 1402 9910 4424 9743 9296 9499 7029 3618 8517 8213 807 8604 
904 257 321 273 351 29 2383 1285 12622 495 8100 13121 9725 5299 10234 11665 3911 6083 2879 3691 12852 3454 687 14192 6931 11077 5708 1506 11647 5037 7934 14574 1076 11294 5589 
905 273 321 285 351 29 819 8455 11062 12355 1157 6786 11747 1191 5087 8534 11717 7915 1845 7939 7813 5947 4280 6557 350 6556 3027 13945 6716 10796 9741 9599 12455 1046 8022 
906 257 351 268 385 29 8840 11071 856 14933 5439 13734 2561 4435 13721 8205 8057 7789 7628 12941 6533 8969 2583 4452 1363 12051 2545 124 10144 12129 3253 6675 4838 9209 1892 
907 268 351 285 385 30 5586 9089 9313 7256 7823 6519 2962 7667 13288 10075 9167 8839 3092 6003 9969 5225 10272 10921 861 13636 9838 12653 10551 2912 269 9961 10261 8966 6865 6209 
908 285 321 302 357 29 13468 2380 9675 6919 13141 1146 8912 10455 12102 1407 4053 13547 6974 3543 10795 3403 6457 6376 1116 3686 8904 5265 1365 7817 2191 2029 354 9939 5592 
909 302 321 318 357 29 9832 5776 9475 11194 13910 2070 13459 1128 7558 6943 6350 8318 10215 6855 8636 4090 1949 7748 14832 10840 14986 6921 5803 14085 10563 11271 4906 6766 1950 
910 285 357 296 385 29 5849 2432 2199 10020 8638 4515 5495 2531 12114 6207 4819 10201 13818 13221 10750 8583 2857 9172 13068 2343 1376 9543 6523 11079 8460 2247 6711 1643 12786 
911 296 357 318 385 30 13624 9684 10408 4645 10776 6137 10597 10227 4375 2419 1532 4939 2580 8217 6058 7731 5839 11340 11631 8734 10350 207 1944 13692 10918 11494 4211 23 13740 2352 
912 318 256 334 285 29 7684 7454 4555 12324 10120 10342 2197 4511 8443 11100 13463 12170 7864 6713 5341 598 1593 5270 6904 7257 3046 606 14846 177 6806 2494 804 402 2009 
913 334 256 348 285 29 7305 1441 9507 6791 7060 5565 2739 3220 3298 11148 11080 1163 8394 7276 7841 1501 3947 8550 14058 2674 4218 3476 14660 3105 2277 6228 5669 7627 8287 
914 318 285 335 319 29 14350 10488 13117 11602 13530 4059 3269 7757 976 8539 6255 10648 8577 13979 3283 12499 14833 4630 12147 12476 7176 1391 3687 8995 2012 11767 2035 11640 336 
915 335 285 348 319 30 5185 3921 225 7313 14483 14696 8612 8723 3496 12963 8319 11119 14260 8788 4576 7710 1173 10322 14062 8483 9099 3122 10468 1589 8471 2849 5420 10238 7839 6994 
916 348 256 363 287 29 10759 9633 12602 2138 1049 8114 3845 7143 684 13506 2497 9657 3481 2402 4870 12000 6830 720 9023 5156 3607 7520 14166 9109 2899 364 5009 4884 159 
917 363 256 382 287 29 8206 7892 11684 2661 8140 8749 10057 12289 756 6225 12245 9983 11451 4861 12778 12839 10428 14752 2689 14160 14943 10642 8248 894 3195 11650 13443 14637 13265 
918 348 287 365 319 29 8159 2877 12275 8048 930 11126 5058 10451 2496 11655 7935 14213 10724 6517 2894 5141 8312 3930 9028 14602 13548 642 5294 8971 3301 1476 9441 459 5999 
919 365 287 382 319 30 1841 13216 10711 7560 380 2051 14901 13558 5473 4598 3990 9467 12024 8958 14107 10868 8657 5980 2761 11325 6149 1479 4901 9512 10018 12212 10298 9034 13414 11209 
920 318 319 336 354 29 11264 4455 6282 1744 3035 13380 7979 8192 3367 12804 8792 4731 7299 14634 8508 14799 1702 2534 870 9365 11349 12395 5577 9748 8830 10728 7674 4577 2252 
921 336 319 350 354 29 9154 3363 5995 10501 506 12085 2028 1136 7622 9390 6764 2587 281 10789 11677 12292 10225 6684 5471 5077 2937 11201 11159 2920 6790 5287 9050 11932 9357 
922 318 354 334 385 29 6770 6119 10155 3516 1349 8943 214 6586 483 7589 5120 14065 1674 3171 14298 14003 5593 10876 3222 4075 1743 2314 3528 10081 5021 6535 3240 5248 39 
923 334 354 350 385 30 4443 1353 11269 2760 6291 968 353 1510 4944 1817 8978 3605 1572 14662 2519 3309 1121 13964 9126 12591 11893 7826 13685 3708 9269 4050 8967 13329 11979 6516 
924 350 319 366 354 29 14753 14355 9134 110 10787 14930 1737 7726 7336 13269 13708 2328 532 3959 6011 12981 4841 12441 14262 7767 6264 6874 5158 13404 7783 9235 8701 2867 1211 
925 366 319 382 354 30 8243 4147 8157 4155 13499 11309 1604 9820 11974 10878 5482 4416 3198 12130 7173 11539 9438 12033 5616 10495 10196 9953 3377 1694 8787 5050 14557 2811 3826 5429 
926 350 354 365 385 29 8548 7772 10903 593 9463 9079 8203 9944 8907 9348 7546 10762 68 8832 2158 1502 1380 12942 3190 5413 8594 1961 13544 13531 7938 7539 14850 13835 1303 
927 365 354 382 385 30 10747 7460 6254 11277 1616 7024 7765 12107 10074 4496 9794 9795 6902 2991 3575 9429 14131 8446 12800 1102 8017 12549 14834 14603 13032 273 7186 12589 184 8003 
928 257 385 275 420 29 3950 1885 8074 5275 14475 9817 6200 5344 9805 14280 7537 2705 9224 2480 12151 4444 9660 11019 5328 3446 6889 5733 10251 10506 7345 6190 12028 14589 12415 
929 275 385 288 420 29 10348 11899 10987 1092 2227 3909 762 12562 6426 3837 10791 8556 6794 11121 9816 13173 5170 10669 11200 10713 2039 13040 2602 2454 7634 4364 3710 3141 9706 
930 257 420 272 452 29 12346 2914 4692 9069 2206 6534 5626 11000 8729 6218 11876 3211 11139 12495 11722 3210 13420 3300 2632 12274 6798 1279 7230 8038 14462 5075 1992 8369 8037 
931 272 420 288 452 30 2642 4145 4986 14109 732 6797 8361 11755 7572 14707 3317 2634 7830 6480 2696 8416 1309 3243 14895 14095 11682 11028 3314 14667 13713 6171 2824 2816 11657 2883 
932 288 385 303 415 29 8259 14130 12411 11760 14689 9347 12699 6864 7637 7564 3865 12080 855 8709 14231 10939 12849 6068 10512 3387 4536 8505 10653 1794 3174 5758 3025 7853 13661 
933 303 385 320 415 29 13602 2233 5739 14991 13911 5701 3260 12614 12468 10757 2108 12580 14379 3862 14694 9133 1508 2326 5583 14646 6252 5685 3374 6997 6155 9718 9897 1321 14782 
934 288 415 302 452 29 1509 3393 10327 10351 5192 2643 3453 10122 11016 1371 14936 6397 6664 10183 14100 6247 9086 6698 7316 10021 2518 5029 7233 6054 7287 8901 13197 5705 11167 
935 302 415 320 452 30 8234 9378 9951 3735 1649 13579 6115 6470 14015 1894 13670 9659 11577 3805 1408 2818 2890 4417 3868 5570 1967 12682 5584 7763 12930 9570 12300 6345 12273 8857 
936 257 452 272 482 29 4855 7882 13178 11541 13680 4094 12388 10308 10532 10721 2944 7078 12507 2961 14178 9315 14599 10321 11981 10941 12223 4791 5918 6421 3709 12313 11509 4445 6617 
937 272 452 290 482 29 11941 771 3142 621 11398 438 9027 7970 7982 154 7197 7107 2075 1870 291 4913 9306 6369 12477 14376 7190 14856 255 14963 9992 1629 2576 4696 7098 
938 257 482 271 512 29 14902 1804 14423 3803 9623 10958 1073 10402 489 4186 7386 1344 12486 183 5716 2888 2836 6690 13122 5872 3483 12785 9978 10536 11733 4177 163 1814 6946 
939 271 482 290 512 30 5398 8130 7404 11895 10273 13225 10716 3798 14682 484 12782 4492 13176 7092 4803 2686 10059 6002 2415 13811 11367 9250 5540 3137 13210 13152 9125 9789 11783 2349 
940 290 452 302 479 29 7084 10831 4092 8738 12551 12159 5707 1877 2613 11598 7438 6202 426 5461 3416 7037 7225 1586 629 355 14369 2599 14530 14145 12464 9766 4224 12069 10491 
941 302 452 320 479 30 13243 12348 13138 1387 12030 5667 2733 3152 7164 548 1874 7947 4833 6990 12126 6715 11374 2701 5312 12892 1531 2289 3487 11866 14326 11104 14451 9210 9091 842 
942 290 479 302 512 29 3598 4454 6710 11430 8298 13059 8182 4554 7379 8718 2957 6354 12424 8532 12444 7904 13222 14674 6670 3866 11613 12923 318 5638 7349 10772 12162 8803 12076 
943 302 479 320 512 30 13312 5278 14868 5561 5974 9403 12014 5321 5772 8712 7388 3707 1230 6413 3113 9220 2400 4258 8324 12922 12073 1078 9531 3445 9723 4711 8988 6349 103 3224 
944 320 385 335 409 29 2457 2208 4970 579 12978 14316 13727 13435 5462 1311 8301 5203 13905 7496 1521 10255 2340 4873 742 1630 8260 4137 11356 8281 11707 1483 14733 3160 7402 
945 335 385 351 409 29 6838 12550 11409 197 3418 11171 14371 4489 5842 1667 5199 2517 8269 12854 10524 4028 3646 14872 5233 1868 8520 7832 8431 13268 6970 1922 6742 6123 11609 
946 320 409 337 448 29 9282 1875 8325 13262 1473 12641 11304 7580 9170 6981 8794 4228 9540 8225 2139 1919 6913 2335 3 13290 14773 6644 13860 2825 7779 13806 6175 6134 3925 
947 337 409 351 448 30 649 11122 12751 11087 11125 11953 2551 8146 7973 3068 14514 3582 2120 14888 13423 13137 7736 14141 11735 11975 980 7160 737 4812 8407 14418 7154 13139 3672 11515 
948 351 385 364 415 29 10112 14679 11754 13703 6589 5030 3809 13798 14040 5026 733 4685 10816 11708 4681 1384 3720 9234 9059 2972 14535 8478 12091 10015 11307 11183 7168 8680 11261 
949 364 385 382 415 29 3701 9121 10073 11720 14777 7013 14816 14271 14267 9830 3953 9061 3334 3814 310 10328 12665 12541 5176 12770 11268 10517 7582 4081 2297 4332 3518 5571 6268 
950 351 415 366 448 29 707 6108 14295 1307 12505 2421 4342 7329 990 10205 816 6082 8929 5082 3443 9852 11646 14791 7261 3157 11840 9883 134 3257 14469 672 2537 14730 8315 
951 366 415 382 448 30 12894 4362 9544 10148 7886 11901 11447 11903 10480 3287 2452 2107 1148 9495 7956 2868 1962 7177 3358 1866 10320 11448 8450 6659 4453 2478 10035 390 12513 14716 
952 320 448 335 481 29 10291 4132 8334 1308 2787 5817 13433 1677 8172 2532 10891 2167 530 10256 5555 10577 5004 14863 10818 14413 3294 12077 3268 5651 14748 13815 8592 11679 485 
953 335 448 348 481 29 1058 3054 8851 5165 14390 9614 6499 12430 710 8250 12489 2685 680 365 692 14275 7870 6903 13686 14380 7387 10475 5644 10668 11808 11299 9356 112 8035 
954 320 481 334 512 29 14437 10388 13151 14983 13371 14388 12094 10025 2044 13396 9400 2895 14352 14353 4693 8964 8190 4413 296 8743 11853 11965 2159 14276 946 1418 11463 4798 4502 
955 334 481 348 512 30 12571 10679 3493 12339 3616 347 6191 3277 6500 9640 1025 1917 12387 14974 9915 7052 9564 11727 1997 8233 12121 6337 12934 8762 6138 374 4895 7284 13542 3763 
956 348 448 365 485 29 4820 13854 1197 5111 10911 8081 14264 1187 5664 13146 10435 476 11034 8728 8214 6342 10917 5948 14625 2902 3355 13349 6423 8380 7835 1369 739 10133 8602 
957 365 448 382 485 30 1466 5293 469 14210 8514 13786 123 5702 9180 4129 11326 14238 13951 11952 14544 7700 6471 4054 9954 9092 13294 9765 6792 3940 7868 8283 4975 3229 155 8251 
958 348 485 361 512 29 5117 12623 1777 3486 3058 14361 12803 1459 519 9551 10800 1567 5726 5147 5166 5402 2462 5306 844 7960 769 13115 12500 6085 8986 8436 514 6508 8957 
959 361 485 382 512 30 1715 4407 5994 7777 5137 8000 8694 12792 9690 6121 3696 12916 8742 7906 4532 13718 10114 6385 10211 11193 11355 6836 3129 1812 8597 1661 11907 8581 1258 10974 
960 382 256 397 280 29 11055 5889 4929 7076 1010 549 13093 12322 1005 5989 5631 10161 10999 5662 11829 8970 11774 9283 858 8353 14656 2564 8201 6094 9338 14632 4813 6890 5930 
961 397 256 416 280 29 6290 11173 10786 7003 8344 14125 14337 1763 2821 6125 3588 5303 7894 14121 8481 5606 10873 7101 1288 4276 12949 14235 3108 7444 3822 9840 8593 12700 8246 
962 382 280 399 315 29 5665 12687 13961 9879 1038 2334 10368 7002 2105 1820 12175 13127 8624 6518 7771 14194 3936 5116 12718 12734 5637 8605 6409 5350 14244 13725 10430 9430 9648 
963 399 280 416 315 30 2417 12427 2668 10543 4783 7872 12139 2569 14702 6215 2586 8084 10922 933 13451 1086 2482 14772 2629 3981 10485 4888 2300 4202 2627 4149 14550 6401 14481 4580 
964 416 256 432 280 29 3085 14333 7185 8309 13878 6577 12280 3741 3193 12012 4722 1266 7260 1410 6380 7398 12841 7171 7993 13025 13996 3050 5135 4874 13480 5802 8761 14554 8892 
965 432 256 446 280 29 2721 9354 8385 8488 4785 2720 4249 14325 12310 5215 10914 9918 11457 9185 8068 12745 9323 3655 10039 9751 8845 9968 6817 4716 8582 4021 14861 9410 4370 
966 416 280 434 315 29 5513 1498 941 6439 12965 7601 1787 1673 10294 12049 14837 4337 10948 1778 10804 14253 8475 9785 11537 1375 5421 4231 6302 11339 3721 12414 11762 3765 11997 
967 434 280 446 315 30 14354 2509 14819 457 13626 10465 13980 5249 13354 3749 11763 10313 6630 12847 8860 3406 3388 12668 8097 4469 3631 7654 4082 2885 6782 2784 643 4269 14972 5595 
968 382 315 395 345 29 14360 1597 5940 9331 10773 3070 6172 12037 6773 12843 10260 8044 13674 3431 7275 713 7720 1062 13174 1177 4535 8545 14367 10371 7538 7219 258 5648 10850 
969 395 315 414 345 29 2264 8007 6840 2427 3567 9987 11486 6489 1867 8908 6139 10326 8088 10821 13189 13411 1215 12897 9585 6783 3460 12983 9285 5144 869 5173 7125 12945 889 
970 382 345 400 381 29 8330 13350 1310 14050 2188 14414 6096 13681 10392 11346 9965 8412 12496 1552 8496 13393 10441 2103 6652 13486 7647 3101 14430 14378 12502 13061 1878 11729 7399 
971 400 345 414 381 30 5929 396 221 1899 14300 10233 9025 2041 2391 971 14899 6089 9016 1781 11761 2889 6899 4964 7179 11396 9580 9549 6156 2265 247 9106 4738 180 14576 6513 
972 414 315 429 348 29 11607 12438 1566 1687 14795 1093 5426 3890 9773 1382 11393 7881 12739 14594 10823 8366 9841 12334 4793 4562 1886 9758 3038 9066 7208 14874 13322 9545 9218 
973 429 315 446 348 29 10627 6084 3055 13956 6743 8569 1189 9095 11035 5291 10463 3120 14450 2863 10140 6870 3839 14534 6224 13908 8009 5774 4292 12260 368 8911 3097 4459 5177 
974 414 348 430 381 29 3525 7330 3281 5475 3103 12399 14964 2827 352 1333 2010 5992 13289 1119 14842 8434 10164 5159 14659 8194 5728 8720 2160 4442 3963 9243 8653 11386 2379 
975 430 348 446 381 30 4046 2058 5424 4651 13924 9665 4936 7339 5860 12179 14968 1168 11645 11887 13816 9388 4545 12556 11370 11150 5205 1723 13003 8846 11799 6564 13586 5827 5804 4891 
976 446 256 461 292 29 13406 7524 979 1843 1588 10664 12483 8454 6001 10693 6542 12918 1488 8339 10522 7144 6992 14919 2405 868 9692 2779 5532 0 3938 1860 4047 11563 4639 
977 461 256 477 292 29 7963 5564 5035 10682 12781 13283 6632 11639 11195 12988 11157 11759 9920 9071 1120 327 4290 7110 10755 14935 3603 9509 3307 7698 6739 13293 14841 9518 11753 
978 446 292 461 320 29 13648 6128 8072 10124 11347 10967 13384 7246 6133 8523 2640 9081 1818 14266 12251 7843 1995 1388 13426 3830 2866 14595 7283 10865 9689 2515 8045 231 12992 
979 461 292 477 320 30 1192 13336 12004 14420 6562 1522 14695 5902 2411 433 7796 8965 4918 11037 4488 10394 6055 10250 8419 7389 7006 13462 3636 11073 6820 12398 14741 5297 14577 6314 
980 477 256 494 288 29 11554 3381 14501 3785 10692 11291 4548 14720 9644 2133 11744 13801 12074 5939 1893 5877 11219 5747 834 12714 12695 131 3267 10931 11199 10200 6164 6891 11698 
981 494 256 512 288 29 9959 9477 14373 11459 7714 5598 6511 12523 14134 10900 9425 1921 4761 8671 1452 147 2970 14037 2416 8867 12620 1469 10262 9207 5092 1166 10822 11930 11084 
982 477 288 493 320 29 13047 790 7478 1811 4334 2257 3943 64 10710 3208 5755 3286 11300 7095 14818 8499 14519 10461 9828 8621 376 6640 8332 8938 10130 1577 1656 6086 11328 
983 493 288 512 320 30 3094 14909 3600 5805 3927 2762 7327 13807 1292 9149 8264 13496 6553 11510 13416 208 7616 11246 262 3999 11955 3519 784 10719 8774 3948 10421 8879 5327 9444 
984 446 320 464 346 29 13763 4744 10607 12501 13385 13589 11441 8226 965 5573 14207 5828 12426 3975 10559 1980 13070 11369 6328 7045 1079 13900 14486 2291 3372 1722 6194 4405 6985 
985 464 320 479 346 29 13559 8588 13362 10667 9632 11117 745 9253 3534 2439 8388 5000 12702 14162 7514 4010 5663 13853 167 14 6236 14942 8796 2989 2947 9130 14939 3275 764 
986 446 346 463 381 29 1569 1142 1914 8144 8855 11162 9455 5179 6437 10923 11690 14929 14708 12647 9043 4827 13276 3619 6799 11758 10445 13004 12184 1325 10444 9662 8940 12674 14433 
987 463 346 479 381 30 4662 1988 10852 8306 8574 12196 9960 614 5346 5518 1390 61 13941 3786 10449 1663 4401 7709 1504 12227 8962 6561 14478 11335 12419 5745 4679 14456 9737 12039 
988 479 320 490 350 29 8397 1911 5790 10416 6753 2081 3903 2393 10780 10520 10797 2461 3591 2712 617 8648 10474 3040 3422 1098 13541 2092 750 11568 5367 11781 1555 13783 12010 
989 490 320 512 350 30 4117 4849 3924 13809 5680 9158 10578 10539 7418 7174 14468 4581 5038 7631 1449 4120 2540 12370 6862 8744 8456 5933 12122 3417 689 2110 6458 7450 11985 9991 
990 479 350 491 381 29 3593 1849 8524 5389 12593 9529 9584 1356 9428 9727 2241 1075 2658 7946 4252 3898 3726 11305 7142 9480 3011 11385 4885 4809 301 397 8092 10784 2730 
991 491 350 512 381 30 2859 12367 12519 3495 13334 4921 13527 7593 7669 4311 490 2601 4161 5020 5656 4984 7987 6263 5740 6665 12373 5434 2904 5836 13562 5325 712 11810 4033 12625 
992 382 381 398 418 29 7602 1548 6524 2490 690 5015 12067 8689 4377 4505 4425 153 2258 13359 10286 10264 9223 6267 11984 4800 14434 14859 1927 14180 11604 7491 11740 7761 6528 
993 398 381 411 418 29 4908 2327 12220 7134 1332 8303 5788 9797 7401 14007 957 120 8881 13582 1320 13424 1668 8005 2673 6977 6573 2528 13884 4926 2822 12664 13076 3992 12342 
994 382 418 398 449 29 14223 11226 11483 3904 4991 8300 10274 7146 2385 8981 406 7594 3128 7527 9398 2562 6961 12915 14990 373 10609 2747 12748 3354 3871 13887 4069 2086 12277 
995 398 418 411 449 30 8654 5977 12459 5271 7583 669 11085 12142 9451 6723 5412 7916 4674 3840 11115 10016 12661 14781 13778 1265 4672 10290 11792 2325 12434 7633 2076 12600 401 1451 
996 411 381 426 407 29 5815 10288 6076 4414 13270 6146 10199 5779 14112 12971 4980 5034 6478 6329 12750 6834 13520 4467 10935 2684 6875 7294 2850 4209 14493 4578 9458 6196 7734 
997 426 381 443 407 29 9793 3002 3413 11086 2339 7487 1989 624 12646 12865 749 6075 9671 9571 4419 3772 13272 2535 13649 13707 1144 13437 12270 1745 2296 12312 12150 3241 219 
998 411 407 428 449 29 437 9669 7044 7014 10459 8730 4229 10499 12784 12100 2073 3063 2506 8941 997 5343 6689 8776 12038 4817 11532 888 14604 1269 1908 5845 12053 11319 5085 
999 428 407 443 449 30 6955 10007 8093 9947 456 3585 3223 5183 1533 2045 14886 2556 6107 2559 4259 12508 12543 13775 2829 5463 348 8704 13948 8320 1436 9252 10300 4871 11089 2783 
1000 382 449 398 477 29 630 7543 4335 9107 8878 3502 14976 7818 658 3429 8567 1836 13113 4725 8373 12301 117 9437 8753 9908 6126 12105 4989 11977 6244 14831 10077 6639 2248 
1001 398 449 414 477 29 8316 6316 126 10134 14150 10406 3722 7815 6567 5458 11056 13331 9729 12239 11630 8278 2555 7661 6859 4121 254 5146 3962 14027 9574 13969 89 6655 1006 
1002 382 477 395 512 29 13132 13985 12520 9073 5101 9533 12817 12570 7825 12608 3408 6901 12675 10188 5364 13419 639 6818 3541 4857 11559 7069 14955 3149 10847 6666 5859 14026 12601 
1003 395 477 414 512 30 405 627 13967 2185 440 4599 8950 240 13500 4695 5276 14285 3706 2908 14123 7175 13825 2930 6646 11972 1426 5036 11108 6947 2315 10354 48 13373 12901 11881 
1004 414 449 427 476 29 8286 38 5232 1854 11221 82 12722 1405 5204 11287 13470 10741 3669 2782 7672 6318 13330 14088 6438 7423 2934 1443 1171 6608 11849 12951 1021 6641 5454 
1005 427 449 443 476 30 3360 3262 4988 11503 10746 4199 6101 3081 13238 7609 6180 5499 10599 8494 14638 848 6249 1188 9147 8265 1519 961 7182 3751 8183 31 5490 4558 10332 1003 
1006 414 476 427 512 29 415 14591 4135 5046 14759 3292 13858 12837 1057 2164 755 4546 11135 590 9764 10723 3829 8158 5355 5194 2268 3459 2557 8501 148 13319 189 8116 12652 
1007 427 476 443 512 30 4579 7603 4853 1247 5349 7425 1972 6748 10764 10705 14203 5867 2988 9740 5781 2184 7605 3347 13888 6989 9007 4998 3233 8828 5353 8418 13226 13052 12213 675 
1008 443 381 463 412 29 12169 6634 2170 8715 2871 6823 3254 2541 5767 14786 3622 6152 8859 13301 13965 9271 10472 1217 3173 10898 1194 11205 13724 10024 9434 11242 553 2616 805 
1009 463 381 476 412 29 10988 14017 12950 6239 6417 4655 9739 10395 4760 1069 10553 4412 419 5005 14958 14582 9481 904 11822 11251 5881 3931 2707 2144 13143 6802 4151 3656 14008 
1010 443 412 456 445 29 14287 446 3918 4187 14790 11790 6796 10600 7342 14492 14922 3357 4434 9457 11770 1277 2298 4843 8952 11766 14102 3111 12670 1244 14070 13974 5460 650 8102 
1011 456 412 476 445 30 9351 1070 11921 10089 2304 2737 4062 2759 3880 4735 3913 9608 2915 5560 3053 13353 9114 7373 2313 9141 10045 1273 8931 4670 8134 2121 1792 13719 813 3592 
1012 476 381 492 408 29 7163 5414 11741 5273 11788 5167 1556 289 12648 6032 5706 10094 2015 7062 8151 1724 1015 5498 7223 14385 7578 11877 7711 7304 11473 3864 3230 10932 7324 
1013 492 381 512 408 29 6245 11189 14619 10044 668 5956 9678 9385 10583 977 3960 9508 10737 11789 4141 9083 6601 1526 11710 11316 8127 8321 9352 12856 11987 10425 14561 3973 6344 
1014 476 408 492 445 29 7544 770 1543 7109 488 8974 4449 9273 3685 11937 9572 6822 13249 14321 3080 8560 13355 2224 4856 5666 7479 8710 10331 9893 810 10558 6588 7670 14311 
1015 492 408 512 445 30 1647 11528 12900 1591 520 4635 11434 4274 4507 4623 8563 14132 11526 7664 3667 7510 2949 11742 5883 13208 7068 1383 6967 4210 1959 3553 8578 2351 12766 1291 
1016 443 445 462 479 29 3423 13376 4128 7189 1415 4753 7297 6636 14971 14303 2757 10423 7083 453 12680 10252 2255 2935 9236 9287 9566 4769 3547 12573 1334 9179 7470 10576 7080 
1017 462 445 478 479 29 2834 11624 2014 5272 12309 11923 14205 12303 4951 4320 172 3615 10170 9363 14315 7007 1570 919 9602 1464 10714 3073 916 9696 11600 7323 11926 7333 2260 
1018 443 479 463 512 29 2906 12250 2098 3112 13851 11711 14913 1306 5148 75 2523 7555 1535 14854 13817 12704 3411 9826 5904 4101 3039 5786 10888 12182 5280 6545 14438 4227 3104 
1019 463 479 478 512 30 12689 3888 7035 4436 13352 2672 372 14722 8862 14758 13011 2952 7695 14243 9346 12190 2100 11545 14457 13315 5588 11831 14828 1400 2886 11643 2743 6265 9433 3679 
1020 478 445 496 478 29 4628 13892 3282 8795 10189 5152 5104 12872 2239 550 1751 10991 14836 7665 3500 2683 9450 1680 7639 3806 11550 3231 9009 6610 4845 823 3432 11918 12631 
1021 496 445 512 478 30 9307 14013 3362 2977 5406 9626 7824 6389 13534 8163 5810 4938 14242 3337 10404 5623 1316 5635 2083 13357 4804 8497 13364 14803 14228 35 4596 14484 5506 4193 
1022 478 478 495 512 29 41 7932 6852 7269 9804 6566 1208 11275 4373 1594 2815 13741 4727 14398 8745 242 4017 8228 8688 11394 13604 13936 5505 4402 5110 2738 11379 12524 6183 
1023 495 478 512 512 30 11697 9811 5854 14480 12882 6880 1547 12003 7618 13119 13856 12544 1574 10369 3313 5831 10673 6422 9227 4008 9627 10701 1622 12488 6404 7188 11746 3733 14658 79 
