256
256 0 0 0 0 0 0 2 1 5 4 5 5 58 0 235 3764 3756 396 265 3770 3999 17 134 135 253 46 252 279 120 21 251 163 119 2 369 280 167 354 284 355 237 368 356 36 3 31 370 121 32 44 50 149 264 161 4 162 45 270 383 136 398 387 18 382 381 147 30 153 238 148 266 
257 0 1 0 0 0 0 2 2 5 4 5 5 59 397 401 1219 956 1204 938 1307 1101 1177 1335 1205 970 983 1322 1320 969 1191 1289 1172 1337 1318 1087 1088 941 1218 1055 957 1059 984 1308 1069 952 1171 1288 1186 1054 1293 1102 1303 1336 971 1074 1294 942 1321 1203 1086 1073 1190 985 1176 937 1100 1304 4936 1187 1057 953 1070 
258 2 0 0 0 0 0 2 1 5 4 5 5 58 3984 3750 4005 3913 4034 3915 3899 4103 3751 4118 4000 4104 3752 4145 3765 4148 3793 3767 3887 4120 4137 3798 3882 3766 4030 4147 3784 3910 3868 4151 3986 4105 3990 4015 3780 4131 4028 4132 3799 4014 3897 4119 3883 3985 3783 3898 3867 4029 4133 3911 4001 3916 3781 4016 3779 3873 3794 3869 
259 2 1 0 0 0 0 2 2 5 4 5 5 59 4146 3896 4020 4692 4691 4720 5086 4705 4839 5073 4687 4923 5059 4956 4721 4853 4955 5044 5087 5058 4704 4809 4734 4706 5039 4927 4733 4804 4834 4810 4970 4951 4852 4824 4969 4735 5040 4805 5068 5053 5054 4820 5085 4937 4941 4838 4926 4819 4719 4938 5056 4702 5041 4968 4922 4851 4942 4821 5072 
260 0 0 0 0 0 5 2 2 5 4 5 8 58 1 118 372 4106 269 268 281 164 165 49 400 137 20 254 138 166 357 386 283 239 385 352 123 285 122 353 16 5 34 255 402 150 6 371 151 51 168 133 48 47 240 33 152 384 19 358 267 399 367 35 236 250 282 939 1193 1310 1338 1207 
261 0 2 0 0 0 5 2 2 5 4 5 8 59 1216 1103 1206 1071 954 1323 1174 1060 1333 1072 1290 1221 1090 1173 1178 968 973 1295 1089 1305 1296 943 1188 1201 1324 1192 1076 1220 1084 972 1179 1085 1309 955 959 1292 944 940 1075 1319 1189 958 1202 1291 1306 967 1175 1056 982 987 1061 1104 1099 986 1334 1058 4808 5057 1217 
262 2 0 0 0 0 5 2 2 5 4 5 8 58 4125 4003 4032 3786 4004 3782 3918 4149 4135 3768 3753 4107 4018 4121 3987 3800 4136 4002 4122 3884 3797 4019 3902 4150 3989 3771 3796 3872 3900 3901 4134 3914 4031 3888 3754 3769 4035 3988 3755 4102 4152 3886 3801 4219 3871 3912 3885 3870 3917 4117 3785 3903 4017 3795 4033 5083 4737 4811 
263 2 2 0 0 0 5 2 2 5 4 5 8 59 4966 4722 5074 5060 5070 4823 4736 4840 4939 4694 4928 5045 5046 4693 4689 5088 4703 4849 4929 4690 4958 4718 4708 4924 4826 4835 4953 4952 4855 4707 4972 4836 4943 5043 4717 4806 4841 5069 5061 4822 4732 5075 4954 5042 4850 4825 4925 4957 5089 4807 4837 4967 5084 4971 4940 4812 5071 5055 4854 
264 0 0 0 0 5 0 1 2 5 4 8 5 58 288 361 130 364 40 388 37 359 12 373 374 129 154 125 375 246 360 286 38 389 26 143 7 22 54 257 41 242 171 27 378 56 158 241 290 363 271 289 260 159 13 8 124 139 173 393 247 276 275 144 172 55 261 392 256 1196 1079 965 
265 0 2 0 0 5 0 1 2 5 4 8 5 59 1313 1078 960 976 1110 1077 1222 1299 1228 1317 1093 1063 974 1064 1082 1339 994 1210 1345 961 947 1298 1181 1062 1311 1227 1182 1223 1068 1340 975 1106 990 979 1214 1105 1194 1327 951 993 946 1344 1092 1195 945 1185 1342 1209 1091 1326 989 1331 1302 948 1180 1328 1111 1312 1097 
266 1 0 0 0 5 0 2 2 5 4 8 5 58 4036 4156 4023 4111 3788 4010 4155 3920 4108 3905 3776 3891 4040 3789 3762 3803 3893 3907 4113 3775 4025 3991 3757 3879 4127 4039 4142 4038 3924 3802 4128 3906 3761 4114 3878 3892 4021 3996 4006 4024 3807 3790 4011 3874 3774 4123 4109 3995 4157 4138 3921 4710 4946 4857 5091 4728 4738 4961 
267 1 2 0 0 5 0 2 2 5 4 8 5 59 4739 4944 4829 4933 4743 4862 5067 4979 5050 4814 5082 5078 4723 4828 4711 4724 4975 5096 5063 4950 4960 4816 4858 4695 4842 4709 4827 4729 4696 4833 5092 5077 4815 5049 4974 4697 5076 4932 4843 4973 4931 4847 5048 4844 4964 4715 4856 4945 4698 4959 1325 5064 5090 4725 5093 988 4976 1208 4701 
268 0 0 0 0 5 5 1 1 5 4 8 8 58 274 132 11 142 376 403 141 245 29 58 127 57 377 259 126 155 365 273 157 175 394 366 277 258 362 249 244 9 23 53 170 39 24 291 243 262 52 43 42 146 10 380 169 379 272 15 263 14 390 145 248 156 140 174 395 292 278 131 
269 0 1 0 0 5 5 1 2 5 4 8 8 59 404 287 28 160 1083 981 1343 1213 1314 1346 1212 966 1315 1225 1198 1229 1109 992 1230 977 1200 1081 1316 962 1347 1067 1197 980 1224 1300 1329 1332 1107 1098 996 1094 1066 1341 1215 995 1199 1113 1095 1112 1297 949 991 963 964 1096 1065 1108 1183 1184 1330 950 1301 1211 1080 
270 1 0 0 0 5 5 2 1 5 4 8 8 59 3919 128 25 3792 391 4037 3994 4009 4140 3923 3763 3992 3881 3778 4158 3806 3876 3922 3805 3804 3889 3908 3895 3909 3759 4008 4153 4159 3998 3777 4112 3760 3772 4013 4141 4126 4129 3787 4115 4041 3877 3894 4022 4026 3904 4143 4012 3758 4154 4007 4116 3997 3890 3875 4110 3880 4027 4124 3773 
271 1 1 0 0 5 5 2 2 5 4 8 8 59 4139 3993 3791 4144 4130 4977 4716 4714 5047 4740 4947 4948 4860 4830 5051 5065 5094 4742 4930 4731 4832 5097 4978 4962 4831 4845 5081 4727 4712 4949 5066 4730 4965 4848 5080 4963 4980 4726 4859 4817 4745 5062 4744 4818 4861 4863 5052 5095 4699 4741 4934 4935 4846 4700 4713 5079 1226 4813 978 
272 0 0 0 4 0 0 1 2 5 8 4 5 58 309 105 458 424 443 410 60 190 220 308 223 180 59 425 416 459 78 205 307 337 63 326 92 74 178 224 412 73 444 341 209 429 177 93 107 322 294 176 64 327 210 439 293 295 411 340 222 181 196 191 195 312 106 454 430 88 1233 1142 
273 0 2 0 4 0 0 1 2 5 8 4 5 59 1261 1025 1157 1158 1234 1117 1128 1245 998 1115 1362 1026 1044 1378 1392 1377 1144 1143 1351 999 1161 1393 1116 1391 1027 1013 1002 1039 1130 1364 1379 1045 1247 1041 1248 1232 1265 1365 1349 1011 1148 1017 1012 1040 1350 1260 1129 1276 1031 1275 1246 1363 1274 1134 1368 1251 1382 1162 1131 
274 1 0 0 4 0 0 2 1 5 8 4 5 58 313 4162 4090 4190 3812 4204 3809 3840 4089 3941 3940 4189 3854 3958 3808 3838 4060 4164 4207 4180 3855 4161 4042 4072 3841 4160 3957 4076 4165 3813 3925 4057 4048 3825 4174 3944 4062 4194 3929 3943 3856 4208 3973 3972 3826 3930 3971 4175 4043 4091 4058 4077 3959 4206 4047 4179 4193 3827 
275 1 1 0 4 0 0 2 2 5 8 4 5 59 5127 4909 4795 5129 4894 4776 5143 4866 5010 4747 4895 4867 4893 4908 5101 5142 4984 5016 5147 4882 4907 5102 4880 4777 4899 4881 5026 4999 5011 5012 4748 5030 4865 4775 4790 4998 4794 5116 5115 4746 5133 4761 5024 4781 5098 5025 5114 5128 4789 4983 4913 5100 4997 4763 4884 4766 4752 4762 1397 
276 0 0 0 4 0 5 1 1 5 8 4 8 58 325 442 206 428 414 61 456 76 108 208 91 79 426 212 298 310 300 80 415 441 193 109 338 314 445 75 315 225 104 457 323 446 413 65 431 427 182 198 440 328 197 324 329 342 343 183 460 311 179 77 296 432 103 339 192 455 89 62 
277 0 1 0 4 0 5 1 2 5 8 4 8 59 221 90 207 226 66 211 299 417 1249 1266 1395 1231 1114 1046 1149 1280 1348 1000 1383 1235 1159 1132 1029 1145 1262 1353 1032 1118 1001 1047 1164 1119 1264 1352 1163 1016 997 1042 1015 1250 1278 1398 1277 1133 1380 1043 1281 1366 1396 1014 1381 1394 1030 1147 1160 1367 1028 1236 1263 
278 1 0 0 4 0 5 2 1 5 8 4 8 59 297 194 4088 4178 3955 3928 3843 3823 4073 4196 4075 4046 3975 4209 3857 3853 3810 4087 3961 4045 4182 3945 3926 4079 3932 4192 4050 4205 3956 4063 3946 3811 4191 3842 3814 3839 3824 4064 4093 3858 4176 4166 4044 4059 3942 3931 4049 4078 4210 3815 4181 4092 4177 3829 3828 4061 4167 4074 3970 
279 1 1 0 4 0 5 2 2 5 8 4 8 59 3974 4195 3927 3960 4163 4764 4914 4797 5031 5113 4792 4982 4868 4985 5131 4750 5148 5132 4796 5099 5014 4912 4864 4782 4780 5130 4879 4751 5001 4767 4911 4981 4791 4779 5000 5118 4898 5145 4896 4986 5103 5117 4749 4778 4996 5144 5027 5015 4897 4869 4910 4883 5146 4765 5013 5028 4793 5029 1146 
280 0 0 0 4 4 0 1 1 5 8 8 5 58 405 185 447 81 419 204 187 96 406 68 200 70 350 464 113 214 230 233 112 229 101 98 199 97 435 463 318 434 83 228 421 321 111 345 213 346 449 420 215 453 317 336 82 227 462 332 467 331 110 448 436 303 302 407 116 219 304 461 
281 0 1 0 4 4 0 1 2 5 8 8 5 59 330 344 87 69 186 1400 1166 1271 1237 1369 1355 1139 1120 1402 1135 1285 1242 1252 1374 1021 1153 1037 1387 1388 1020 1154 1167 1238 1022 1049 1168 1359 1036 1373 1050 1269 1035 1241 1354 1401 1284 1008 1003 1051 1018 1386 1007 1267 1019 1270 1124 1257 1033 1384 1125 1256 1283 1279 1152 
282 1 0 0 4 4 0 2 1 5 8 8 5 58 3817 3934 3861 3844 4188 4054 3847 3845 4081 4171 4184 4212 3962 3864 4183 4211 4097 3846 3860 3976 3963 3863 3859 3822 4096 3967 3831 3816 3830 4197 4199 3849 3953 4169 3836 4095 4052 3818 4217 3981 4067 4213 3935 4065 4198 3949 3966 3948 4066 4100 3832 4071 3850 4085 4082 4080 4170 3939 
283 1 1 0 4 4 0 2 2 5 8 8 5 59 3977 3933 3947 4094 4053 5139 5022 4770 4918 5036 4919 5124 4758 4987 4801 4753 4904 4786 5105 5151 5153 5120 4785 4876 4799 4890 4992 5110 4870 5007 5109 5152 4800 4889 4988 4757 5119 4917 4903 4993 4772 4871 5002 5003 4900 4875 4885 5104 5018 4784 5021 5134 5135 5017 4771 5035 5034 5006 5138 
284 0 0 0 4 4 5 2 2 5 8 8 8 58 4070 95 409 100 466 423 301 422 305 188 71 306 468 85 347 218 418 117 319 189 349 115 201 72 99 333 231 452 437 114 202 84 102 86 216 320 335 408 203 465 450 334 451 234 232 217 351 348 184 316 438 67 94 433 1053 1156 1272 1361 
285 0 2 0 4 4 5 2 2 5 8 8 8 59 1165 1010 1286 1048 1169 1389 1243 1375 1005 1370 1356 1141 1254 1137 1357 1127 1390 1009 1259 1024 1360 1399 1121 1268 1385 1038 1023 1034 1122 1136 1155 1282 1151 1006 1253 1126 1244 1372 1258 1371 1052 1138 1150 1376 1255 1140 1239 1403 1287 1240 1404 1170 1123 1358 1273 4756 4991 5108 1004 
286 2 0 0 4 4 5 2 2 5 8 8 8 59 4069 3819 4083 3965 4202 3834 4055 4172 3865 3979 3951 4214 3952 3936 4056 4084 3937 3938 4185 3968 4200 4187 3954 3821 3982 3852 3835 3978 4051 4086 4068 3862 4216 4173 3866 3837 3964 3851 4099 3820 4203 4201 3983 4098 3969 4186 4101 3950 4215 3833 4218 3848 3980 4168 4902 4906 5155 5140 5004 
287 2 2 0 4 4 5 2 2 5 8 8 8 59 4892 4921 4995 5125 5037 5038 4798 4760 4788 4754 4803 5112 4877 4886 4783 5009 5008 5111 5137 4769 5136 4990 5019 4915 4759 4891 5121 5106 5107 4994 4802 4774 4905 5033 5023 5154 4878 5150 4787 5123 5122 4773 5032 5005 4888 4989 5149 4872 4874 4873 5141 5020 4916 4920 4755 4887 4768 5126 4901 
288 0 0 5 0 0 0 2 2 8 4 5 5 58 586 4249 718 617 836 602 513 703 485 852 516 588 753 707 705 519 835 719 749 820 471 631 486 515 514 747 621 748 618 472 604 706 504 824 500 630 734 736 735 589 636 632 867 839 720 499 853 854 825 487 866 721 590 868 473 603 1543 1787 
289 0 2 5 0 0 0 2 2 8 4 5 5 59 1572 1406 1775 1690 1764 1425 1685 1670 1453 1806 1802 1657 1643 1689 1524 1567 1552 1558 1658 1454 1676 1523 1671 1538 1642 1801 1779 1788 1672 1542 1793 1684 1410 1656 1789 1553 1435 1661 1420 1525 1807 1760 1539 1647 1774 1405 1641 1439 1529 1773 1424 1571 1452 1557 1411 5287 5279 1526 5176 
290 2 0 5 0 0 0 2 1 8 4 5 5 58 4498 4268 4574 4621 4336 4221 4571 4587 4585 4251 4592 4500 4250 4339 4497 4589 4470 4570 4381 4366 4469 4353 4455 4264 4254 4499 4354 4236 4617 4222 4235 4380 4457 4618 4237 4371 4483 4484 4367 4352 4616 4575 4603 4488 4382 4385 4456 4588 4248 4340 4602 4365 4263 4501 4593 4471 4338 4622 
291 2 1 5 0 0 0 2 2 8 4 5 5 59 5551 5434 5204 5317 5306 5424 5302 5419 5536 5513 5555 5391 5175 5200 5321 5273 5507 5275 5556 5438 5307 5190 5542 5189 5508 5274 5303 5420 5392 5162 5439 5322 5158 5396 5537 5410 5526 5185 5522 5541 5292 5527 5523 5405 5509 5203 5406 5288 5409 5289 5171 5390 5157 5404 5156 5172 5293 5170 5510 
292 0 0 5 0 0 5 1 2 8 4 5 8 58 723 838 708 470 634 722 865 869 840 870 841 518 605 503 501 827 620 823 709 750 592 489 606 850 475 737 484 601 821 752 616 704 855 856 587 751 738 822 851 826 488 474 837 591 619 469 733 633 502 517 1686 1803 1778 1804 1560 1540 1441 1437 
293 0 2 5 0 0 5 1 2 8 4 5 8 59 1422 1792 1776 1794 1809 1644 1646 1407 1573 1426 1568 1675 1450 1413 1545 1544 1691 1528 1777 1687 1645 1677 1559 1569 1438 1662 1556 1451 1692 1808 1455 1659 1412 1554 1791 1427 1574 1436 1762 1530 1759 1409 1555 1673 1440 1790 1674 1456 1421 1688 1763 1527 1541 1805 1423 1570 1408 1660 1761 
294 1 0 5 0 0 5 2 2 8 4 5 8 58 635 4265 4615 4591 4473 4370 4577 4383 4223 4487 4620 4238 4600 4454 4252 4604 4619 4503 4502 4266 4384 4472 4458 4605 4485 4590 4269 4368 4453 4224 4355 4573 4220 4337 4601 4341 4234 4267 4459 4253 4369 4486 4572 4351 4239 4356 4386 4586 4576 4468 5514 5191 5161 5425 5395 5295 5543 5174 
295 1 2 5 0 0 5 2 2 8 4 5 8 59 5529 5440 5412 5308 5163 5558 5206 5187 5552 5411 5435 5294 5309 5397 5318 5178 5422 5323 5407 5276 5528 5201 5280 5557 5177 5511 5421 5304 5205 5160 5192 5426 5512 5394 5538 5320 5277 5525 5305 5524 5291 5393 5408 5441 5159 5173 5554 5540 5290 5202 5539 5188 5319 5186 5278 5437 5436 5553 5423 
296 0 0 5 0 5 0 2 1 8 4 8 5 58 724 874 4376 877 4460 842 490 509 859 713 845 626 861 710 743 844 640 496 491 613 754 871 729 594 593 522 478 848 730 716 622 612 828 858 641 744 505 739 834 608 857 477 524 495 595 637 829 872 481 711 712 476 843 627 862 830 759 607 
297 0 1 5 0 5 0 2 2 8 4 8 5 59 523 876 725 480 510 758 1695 1665 1417 1561 1533 1696 1580 1652 1462 1430 1443 1448 1648 1534 1566 1575 1577 1813 1416 1799 1547 1653 1783 1535 1811 1812 1549 1434 1667 1442 1548 1769 1666 1797 1765 1681 1562 1784 1680 1458 1444 1770 1445 1563 1798 1428 1576 1694 1461 1457 1415 1782 1429 
298 2 0 5 0 5 0 2 2 8 4 8 5 58 4240 4578 4595 4259 4579 4493 4225 4462 4389 4255 4581 4611 4390 4461 4241 4362 4504 4580 4226 4489 4272 4477 4594 4360 4479 4231 4348 4391 4343 4509 4508 4464 4372 4465 4607 4480 4244 4357 4245 4475 4273 4358 4347 4230 4598 4342 4583 4274 4625 4494 4377 4260 4474 4626 4612 4606 5414 5519 
299 2 2 5 0 5 0 2 2 8 4 8 5 59 5561 5550 5427 5433 5324 5330 5447 5167 5213 5311 5402 5310 5316 5443 5532 5284 5209 5326 5297 5401 5560 5199 5208 5415 5182 5166 5429 5428 5400 5283 5299 5165 5416 5564 5325 5298 5184 5559 5533 5442 5545 5312 5313 5546 5194 5547 5195 5196 5444 5517 5430 5181 5531 5193 5327 5180 5544 5207 5518 
300 0 0 5 0 5 5 1 1 8 4 8 8 58 831 757 596 611 494 493 597 508 610 728 526 727 879 873 525 740 598 726 600 878 625 629 714 492 507 599 609 520 498 497 639 614 615 512 506 628 832 511 846 521 833 624 875 479 849 642 732 638 623 731 863 482 717 745 760 483 755 715 
301 0 1 5 0 5 5 1 2 8 4 8 8 59 864 756 746 643 847 1649 1767 1414 1683 1581 1678 1679 1650 1446 1551 1449 1464 1669 1668 1785 1550 1810 1682 1463 1432 1651 1433 1447 1565 1766 1564 1771 1532 1786 1664 1531 1536 1795 1546 1780 1418 1796 1537 1800 1697 1663 1768 1460 1814 1579 1654 1772 1419 1693 1578 1459 1431 1815 1655 
302 1 0 5 0 5 5 2 1 8 4 8 8 59 4609 860 4233 741 742 4345 4258 4257 4374 4228 4375 4232 4229 4610 4624 4271 4346 4350 4596 4256 4349 4262 4247 4344 4379 4373 4623 4275 4246 4378 4242 4387 4261 4495 4496 4608 4466 4276 4613 4492 4506 4388 4507 4478 4359 4467 4227 4364 4614 4361 4627 4510 4582 4511 4270 4482 4584 4490 4393 
303 1 1 5 0 5 5 2 2 8 4 8 8 59 4463 4628 4491 4476 4392 4597 4599 4481 4243 4363 4505 5399 5431 5398 5445 5301 5197 5413 5212 5198 5164 5448 5418 5214 5331 5535 5516 5417 5515 5282 5300 5534 5281 5296 5530 5565 5211 5183 5521 5549 5548 5328 5314 5285 5432 5179 5520 5403 5168 5169 5329 5286 5446 5315 5562 5563 1698 1781 5210 
304 0 0 5 4 0 0 2 1 8 8 4 5 58 793 676 796 4408 527 911 4677 647 646 4324 810 780 910 895 663 561 547 533 761 880 881 922 767 529 781 560 693 914 763 894 776 777 650 541 546 575 805 556 811 542 778 885 557 576 790 927 791 659 528 673 645 664 908 692 928 896 909 678 
305 0 1 5 4 0 0 2 2 8 8 4 5 59 674 923 806 795 762 571 688 644 1495 1703 1731 1629 1816 1600 1699 1849 1615 1848 1466 1863 1468 1700 1500 1817 1850 1745 1481 1511 1485 1494 1746 1601 1628 1614 1509 1586 1733 1510 1831 1714 1616 1836 1718 1584 1747 1864 1496 1585 1630 1719 1732 1835 1599 1467 1480 1821 1704 1862 1515 
306 2 0 5 4 0 0 2 1 8 8 4 5 58 4675 4526 4291 4629 4296 4643 4558 4543 4277 4413 4292 4527 4632 4409 4294 4396 4646 4644 4560 4427 4280 4541 4542 4279 4672 4661 4423 4631 4659 4310 4395 4442 4545 4306 4660 4311 4658 4630 4428 4645 4556 4394 4546 4518 4438 4325 4673 4321 4649 4278 4282 4512 4323 4555 4663 4528 4514 4513 
307 2 1 5 4 0 0 2 2 8 8 4 5 59 4532 4561 4414 4400 4678 4635 4297 5499 5259 5453 5465 5376 5599 5570 5367 5349 5336 5233 5261 5613 5598 5451 5231 5484 5350 5614 5382 5378 5495 5494 5467 5612 5481 5597 5482 5250 5466 5246 5584 5244 5569 5232 5219 5363 5260 5218 5245 5480 5568 5247 5364 5493 5583 5335 5377 5217 5452 5334 5348 
308 0 0 5 4 0 5 1 1 8 8 4 8 58 765 574 764 695 808 897 798 544 531 925 660 578 666 530 662 661 558 573 694 649 797 766 648 779 549 572 545 913 882 680 577 930 665 679 563 548 813 899 783 559 534 924 794 929 651 900 898 562 792 768 782 675 690 884 915 543 883 689 
309 0 1 5 4 0 5 1 2 8 8 4 8 59 812 532 807 1832 1498 1597 1833 1837 1744 1483 1729 1818 1838 1598 1484 1499 1706 1735 1583 1715 1730 1720 1847 1865 1861 1846 1627 1820 1866 1734 1822 1612 1587 1705 1702 1582 1716 1851 1513 1602 1613 1823 1631 1834 1469 1617 1748 1588 1618 1470 1852 1603 1512 1482 1701 1497 1514 1819 1717 
310 1 0 5 4 0 5 2 1 8 8 4 8 59 4397 691 912 4515 809 926 677 4411 4676 4648 4529 4548 4517 4412 4559 4425 4398 4284 4441 4440 4295 4430 4399 4426 4674 4313 4547 4424 4662 4634 4308 4516 4439 4444 4283 4327 4429 4633 4443 4312 4665 4647 4322 4650 4530 4293 4307 4533 4563 4410 4531 4557 4562 4664 4401 4416 4326 4680 4415 
311 1 1 5 4 0 5 2 2 8 8 4 8 59 4281 4544 4299 4298 4679 4309 5468 5497 5611 5596 5581 5365 5483 5582 5380 5366 5585 5215 5381 5362 5230 5600 5615 5566 5586 5498 5220 5332 5216 5454 5469 5567 5221 5616 5571 5337 5572 5234 5338 5248 5464 5235 5347 5333 5263 5249 5449 5601 5351 5379 5496 5262 5479 5450 1465 1749 5352 1632 5455 
312 0 0 5 4 4 0 2 2 8 8 8 5 58 565 4437 696 771 800 887 890 570 801 552 701 668 769 681 786 772 933 579 551 934 802 886 584 580 785 553 932 918 564 905 682 815 787 697 537 669 670 538 816 687 698 904 773 817 566 654 903 656 683 919 891 655 1595 1727 1623 1755 1723 1506 
313 0 2 5 4 4 0 2 2 8 8 8 5 59 1738 1490 1605 1708 1750 1859 1516 1624 1638 1855 1476 1620 1606 1824 1751 1721 1471 1709 1634 1867 1590 1589 1491 1472 1840 1756 1868 1520 1722 1619 1713 1825 1486 1839 1873 1736 1826 1591 1502 1610 1505 1639 1737 1633 1501 1592 1854 1477 1853 1830 1872 1844 1707 1741 1870 1604 5592 1487 5339 
314 2 0 5 4 4 0 2 2 8 8 8 5 58 4448 4682 4653 4566 4320 4331 4431 4565 4330 4655 4301 4654 4683 4447 4538 4315 4667 4564 4302 4286 4523 4419 4404 4287 4405 4432 4305 4537 4536 4550 4451 4329 4519 4420 4445 4551 4446 4403 4433 4334 4640 4418 4552 4669 4328 4314 4288 4316 4569 4668 4636 4641 4686 5255 5353 5574 5457 5593 
315 2 2 5 4 4 0 2 2 8 8 8 5 59 5241 5490 5373 5476 5470 5588 5269 5358 5608 5503 5237 5222 5223 5256 5504 5471 5354 5475 5485 5242 5236 5579 5372 5623 5270 5500 5575 5587 5227 5359 5341 5622 5607 5340 5386 5602 5603 5458 5573 5618 5387 5368 5251 5226 5462 5459 5385 5268 5501 5617 5456 5355 5604 5619 5605 5369 5489 5344 5264 
316 0 0 5 4 4 5 1 2 8 8 8 8 58 652 581 916 583 799 555 667 554 671 789 788 906 889 686 536 892 699 672 803 935 902 702 775 901 582 888 535 804 569 917 818 567 684 550 907 539 920 921 653 657 814 658 770 819 700 893 568 585 936 784 931 774 540 685 1742 1757 1726 1710 
317 0 2 5 4 4 5 1 2 8 8 8 8 59 1625 1596 1507 1594 1637 1829 1478 1728 1488 1517 1711 1828 1860 1875 1522 1503 1474 1758 1479 1856 1607 1508 1752 1493 1635 1626 1473 1521 1622 1874 1842 1611 1489 1841 1845 1858 1724 1636 1492 1843 1640 1743 1475 1608 1739 1621 1871 1857 1712 1753 1827 1519 1518 1593 1754 1609 1740 1725 1869 
318 1 0 5 4 4 5 2 2 8 8 8 8 59 4652 4333 4534 4332 4434 4450 4290 4549 4435 4656 4317 4319 4289 4670 4554 4521 4539 4524 4651 4406 4520 4637 4535 4671 4318 4285 4540 4449 4684 4304 4567 4407 4422 4436 4452 4681 4417 4335 4553 4525 4568 4522 4638 4421 4642 4685 4666 4639 4657 4300 4303 4402 5610 5594 5502 5360 5345 5580 5477 
319 1 2 5 4 4 5 2 2 8 8 8 8 59 5370 5492 5621 5229 5374 5257 5343 5609 5265 5389 5478 5577 5487 5253 5506 5624 5491 5591 5346 5254 5243 5361 5266 5271 5595 5224 5272 5228 5589 5357 5606 5375 5463 5578 5239 5473 5371 5461 5388 5225 5238 5460 5383 5472 5505 5258 5488 5474 5576 5356 5240 5486 1504 5590 5252 5342 5384 5620 5267 
320 0 2 0 0 0 0 2 3 4 4 4 5 58 5625 2244 2228 2242 2036 2256 1921 2139 1910 2027 1904 1890 1924 1994 1995 1920 2125 2008 2111 1923 2113 1878 2257 2243 1919 1892 1996 2007 1879 1877 2112 2247 2037 2270 2155 1891 2276 2140 2153 2021 2126 2230 2154 2041 2022 2272 2023 2258 2271 2013 2159 2038 2241 2009 2124 1896 1881 2144 
321 0 3 0 0 0 0 2 8 4 4 4 5 59 1906 2229 1905 2130 2261 2929 2816 3051 3052 2859 2947 3094 3095 3193 3081 2844 2829 3046 2860 3076 3178 2845 3163 2961 2962 2934 3066 3197 2975 2948 3182 3164 3061 3169 3198 3047 3065 2977 2812 2817 2831 3179 3183 2862 2858 2830 3208 2976 3213 3168 3212 3209 2933 2843 3093 2946 3180 2813 3080 
322 2 2 0 0 0 0 2 3 4 4 4 5 58 5763 5748 5668 5640 5631 5880 5992 5626 5645 5760 5627 5674 6022 5877 5874 6009 5791 5673 5657 5744 6006 5785 6021 5772 5978 5786 5888 5655 5993 5656 5903 5908 5759 6008 6026 5654 5862 5758 5771 5876 6023 5642 5875 5997 5894 5777 5904 5991 5790 5861 5773 5907 6012 5641 5889 5980 5979 5757 
323 2 3 0 0 0 0 2 8 4 4 4 5 59 5863 5669 5865 6007 5660 5890 6684 6918 6946 6595 6830 6726 6962 6932 6943 6712 6679 6567 6844 6796 6711 6816 6913 6608 6919 6815 6596 6960 6933 6566 6594 6727 6947 6609 6699 6713 6797 6582 6694 6928 6828 6829 6680 6698 6725 6577 6610 6841 6914 6961 6563 6811 6801 6812 6564 6562 6581 6843 6929 
324 0 2 0 0 0 5 2 4 4 4 4 8 58 5892 2142 2274 1893 2260 2012 2129 2040 1908 2025 2157 1922 1909 2245 2114 1876 2143 1925 2277 1997 2275 1894 2115 1907 1880 2232 2246 2227 2042 1993 1926 2262 2158 2145 2043 2026 2160 2231 2011 2156 2028 1911 2024 2110 2259 1998 2010 2273 2141 2039 2128 2127 1895 2960 2936 2930 3165 2828 
325 0 4 0 0 0 5 2 8 4 4 4 8 59 3068 3077 3092 3097 3195 2818 2846 2945 2861 3200 3196 3063 3214 3170 3053 3210 3067 3194 2935 3166 3185 3171 3064 3211 3054 2857 3199 3215 3096 2959 2950 2814 3049 3181 3062 3184 2979 2974 2833 2847 2815 2832 3078 3050 2978 2819 2963 2964 3167 3048 2827 2949 3091 2944 2932 3079 2842 3082 2931 
326 2 2 0 0 0 5 2 4 4 4 4 8 58 4688 5775 5893 5762 5628 5776 5878 5787 5788 6025 5761 5864 5745 5994 5743 5879 5672 5746 5747 5977 5646 5996 6024 5906 5661 5643 5982 5629 5891 5658 5675 5909 5792 5671 5910 5860 5630 5905 5659 5778 5774 5981 5644 5670 5676 5995 5895 5793 6027 6011 5789 6010 6729 6920 6935 6846 6579 6700 
327 2 4 0 0 0 5 2 8 4 4 4 8 59 6803 6683 6607 6569 6685 6817 6827 6592 6568 6597 6959 6930 6963 6584 6934 6813 6709 6944 6798 6915 6696 6695 6682 6598 6724 6842 6681 6686 6818 6826 6964 6799 6845 6715 6583 6832 6916 6945 6921 6710 6714 6565 6917 6958 6612 6697 6611 6580 6701 6728 6949 6804 6578 6800 6931 6948 6831 6593 6814 
328 0 2 0 0 4 0 1 4 4 4 8 5 58 1928 2045 2280 2266 2149 2236 1882 1915 2131 2148 2239 2014 2119 2234 2252 1897 2031 1901 2019 1887 1929 2033 2018 2135 2117 2000 2233 2116 2032 2004 2281 1900 1886 2047 2121 2248 2163 2238 1914 2136 2003 1999 1930 2267 2253 2150 2046 1916 2164 2162 3070 3187 3175 3207 2971 3186 3089 2854 
329 0 4 0 0 4 0 1 8 4 4 8 5 59 3102 3203 3222 3100 3192 2848 3216 2984 2985 2868 2980 2835 3218 2938 2836 2953 3217 3058 3075 3098 2821 3174 2939 2952 2957 3071 2820 2840 2951 3057 3188 3099 2849 3103 3086 2825 3069 3085 2851 3202 3189 2937 2864 2942 2940 3083 2863 2853 2822 2967 3084 2970 2867 2966 3056 3072 2834 3101 3173 
330 1 2 0 0 4 0 2 4 4 4 8 5 58 2265 6001 5898 6030 5912 6013 6014 5651 5665 6017 5988 5899 5679 5998 5866 5768 5782 5781 5766 5637 6003 5754 5884 5983 5767 5650 5678 5795 5664 5649 5632 5796 5885 5871 5680 5913 5987 5783 5749 6031 5797 5636 5881 5753 5914 6032 6018 5900 5870 6687 6570 6735 6586 6821 6688 6936 6938 6731 
331 1 4 0 0 4 0 2 8 4 4 8 5 59 6618 6951 6848 6601 6923 6718 6839 6722 6956 6852 6707 6965 6835 6716 6585 6717 6736 6613 6970 6952 6853 6689 6806 6614 6825 6847 6703 6702 6571 6924 6704 6969 6590 6833 6937 6950 6942 6834 6600 6572 6619 6573 6693 6819 6705 6730 6820 6927 6810 6690 6807 6599 6953 6805 2965 6576 3201 6836 6802 
332 0 2 0 0 4 5 2 3 4 4 8 8 58 2134 2278 2161 2237 1885 2279 2123 2017 2034 2147 2006 2166 2146 2030 1927 2165 1884 1913 1889 2283 2122 1903 2002 1931 2005 2029 2118 2268 1912 2255 2151 2235 2020 1932 2264 2240 2269 1917 2138 2035 1888 2015 2001 1883 1899 2263 1902 2254 2251 2016 2137 2250 2152 2133 2282 2132 2249 2049 
333 0 3 0 0 4 5 2 8 4 4 8 8 59 1898 1918 2044 2120 2048 2981 2982 2958 2865 3087 2856 2841 3073 3190 2852 2824 2870 2973 2869 2839 2956 2855 3104 3055 2941 3090 3059 2826 2972 2969 3074 2943 2986 2983 3105 3220 3221 3191 3205 2838 2968 2837 3172 2850 2987 3176 3204 2955 3088 2866 3206 3060 2823 2954 3177 3219 6954 6809 6838 
334 2 2 0 0 4 5 2 3 4 4 8 8 59 5873 5663 6002 6000 5756 5639 5682 5779 6016 5990 5681 5872 5798 5633 5799 5794 5780 5911 5986 6033 5868 5916 5915 5648 5634 5784 6019 5896 5662 5755 5666 6028 5652 5667 5897 5999 6020 5677 5638 5653 5769 5989 6029 5635 5984 5985 5901 5770 6034 5883 5882 5752 5902 5765 5647 5867 6015 5750 5869 
335 2 3 0 0 4 5 2 8 4 4 8 8 59 5887 6004 5751 5886 5764 6005 6824 6591 6854 6837 6589 6823 6941 6620 6966 6708 6738 6732 6957 6940 6972 6706 6723 6606 6737 6971 6617 6605 6692 6691 6855 6840 6926 6849 6851 6955 6721 6720 6588 6925 6822 6968 6574 6719 6621 6967 6734 6603 6604 6587 6808 6615 6850 6922 6939 6733 6616 6575 6602 
336 0 2 0 4 0 0 1 4 4 8 5 5 58 2082 2098 1966 2287 2307 2183 2200 2097 2066 1949 2084 2083 2099 2182 1965 2303 1948 2299 1981 2070 2215 2332 2300 2065 2318 1938 2172 2197 2214 2285 2201 2186 2173 2187 2168 2319 1933 2056 2069 2290 2051 1952 2333 2216 2055 2314 1934 2284 1967 2331 1953 2167 1939 2050 1980 2289 2304 3254 
337 0 4 0 4 0 0 1 8 4 8 5 5 59 2915 3141 3269 3155 3241 3108 3033 3122 3038 3151 2900 3023 3034 3150 3018 3273 3226 3256 3149 3255 3121 3267 2901 2877 3135 3032 3268 3227 2904 2994 2873 3240 2914 2872 2988 2990 3109 2886 3107 3225 2887 2891 3004 3020 2905 3005 2919 2989 3137 2920 2885 3138 3019 3021 2871 3126 3003 3009 3136 
338 1 2 0 4 0 0 2 3 4 8 5 5 58 6052 5823 5816 5832 5846 6051 5716 5833 5949 5802 5933 5699 6035 5936 6037 6041 5815 5819 5698 5923 6055 6049 6068 6036 5932 5715 5800 6069 6050 5965 5950 5801 6064 5834 5703 6084 5804 5805 5683 5848 5688 5730 5917 5687 5951 6054 5820 5717 5731 5922 5937 5964 5847 6079 5729 5702 5918 6083 
339 1 3 0 4 0 0 2 8 4 8 5 5 59 6783 6665 6754 6871 7017 6650 6767 6623 6784 6656 6900 7002 7007 6651 6901 6899 6742 7022 6669 6637 7003 7004 6642 6773 6782 6786 7018 6872 6652 6624 6976 6859 6768 6627 6755 6769 6890 6638 6989 6885 6857 6886 6858 6741 6787 6876 6636 6975 7016 6974 6753 6759 6740 6993 6887 6670 6987 6870 6988 
340 0 2 0 4 0 5 1 3 4 8 5 8 58 2068 2175 2306 2288 2198 2317 2330 2202 1983 1937 2217 2080 2169 2054 2335 2170 2052 2171 1979 2053 2286 1963 1982 2096 2100 1936 2315 2334 2212 1950 2085 2067 2071 1935 2095 2213 2184 1954 1951 2188 2292 2072 1978 2057 2301 1955 2185 2329 2058 1969 2199 2291 2316 2081 2203 1968 2086 2218 
341 0 3 0 4 0 5 1 8 4 8 5 8 59 2320 2305 1940 1964 2174 2189 2302 2906 3257 3272 3123 3223 3270 3228 3239 3152 3024 2992 3035 2890 2917 3156 3229 3039 2889 3242 3022 3111 3253 3271 2916 2921 2892 2875 3106 2874 2991 2876 3110 3037 3154 3124 2902 3139 3006 2888 3243 2907 3125 3007 2993 3140 3008 3238 3153 2903 3258 3224 3036 
342 1 2 0 4 0 5 2 3 4 8 5 8 59 6058 6065 5921 5947 6081 6038 5733 5924 6082 6039 5803 5732 5850 5830 5701 5818 6057 5728 5713 5962 5807 5835 5845 5849 6067 5686 5963 5817 5822 6071 5684 5685 5700 5821 6040 5689 6085 5939 5966 5952 5934 5718 5719 5935 5690 6080 6053 5953 5920 5919 6066 5948 5938 6070 5831 5967 5714 6042 6056 
343 1 3 0 4 0 5 2 8 4 8 5 8 59 5806 5704 5836 6891 6774 6739 6743 6657 6772 6789 6873 6905 6875 6744 6874 6640 7008 6902 7023 6667 6861 6788 6671 6856 6666 6655 6904 6888 7019 6906 6672 7005 6889 6625 6626 6758 6757 7006 6991 6653 6973 6860 6756 6770 6771 7021 6977 6641 7020 6903 6978 6639 6990 6992 6654 6668 6785 2918 6622 
344 0 2 0 4 5 0 1 3 4 8 8 5 58 2076 2090 2336 2060 1957 2339 2177 2101 2079 2061 2088 1961 2104 2308 1971 1987 2327 2324 2294 2210 2221 2181 2224 2220 1984 1989 2179 2323 2322 2341 2296 2190 2295 1990 2074 2191 2073 2087 2075 2093 2205 2313 2106 1941 2338 1956 1976 1970 2064 1947 2107 2089 2196 2192 1985 1942 2206 2102 
345 0 3 0 4 5 0 1 8 4 8 8 5 59 2178 2337 1943 2204 1972 1958 2219 2321 3232 2923 3159 2911 3118 2897 3279 3027 3029 3161 3244 3042 3274 3259 3112 2895 2896 2924 2882 3146 3245 2928 3278 3236 3160 3132 2909 3010 3264 3043 3144 2999 3015 3014 3131 2878 3230 3028 3145 3260 2922 3113 3127 2995 3115 3250 3249 2910 3117 2881 3231 
346 1 2 0 4 5 0 2 3 4 8 8 5 58 2309 5943 2223 5692 5968 5925 5854 5955 5960 6086 5857 6060 5969 6078 6089 5740 5856 5973 5808 5824 6072 6045 6074 5691 5737 5838 5739 6088 5721 5940 5942 5735 5809 5707 5828 5725 5843 5851 5852 6059 6073 5705 5706 5697 6061 5837 6087 5810 5945 5974 5720 5931 5711 5734 5839 5927 6092 5954 
347 1 3 0 4 5 0 2 8 4 8 8 5 59 5941 5926 6046 5693 5722 5814 5956 6791 6792 6647 6793 6674 6633 6765 6910 7025 6909 6779 6660 6676 6760 6646 6908 6999 6863 6643 6980 6662 6675 6994 6979 6894 6882 7011 7026 6896 6777 6764 6778 6632 7013 7027 6750 6867 6998 6984 6895 6881 6866 6628 6661 6877 6862 6982 6745 7012 6749 3263 3000 
348 0 2 0 4 5 5 2 4 4 8 8 8 58 2293 2207 2208 2193 1945 1944 2311 2226 1974 2194 1946 1959 1973 2195 2312 1992 2059 2105 2103 2091 2109 2108 2325 2225 2094 2077 1962 2092 1975 1960 2310 2176 1977 2078 2222 1986 2062 2298 2343 2340 2211 2326 2180 1988 2328 1991 2209 2063 2297 2342 3040 3266 3275 2908 2879 3148 3045 3265 
349 0 4 0 4 5 5 2 8 4 8 8 8 59 3143 2997 3041 3276 3133 3001 3262 2899 3030 3142 2893 3016 3251 3237 3002 2912 2884 2998 3277 3162 3044 3031 2880 3134 3120 3246 3011 2883 3017 3025 3119 3026 3012 3116 3158 3235 3261 2927 3157 2894 3252 2913 3147 2926 2996 3234 3281 3114 3248 2898 2925 3128 3129 3013 3247 3130 3233 6648 6677 
350 2 2 0 4 5 5 2 4 4 8 8 8 59 6062 5696 5812 5694 5826 5724 5944 5958 6063 5929 5708 5723 5727 5930 5858 5811 5710 5971 5695 5841 5813 5827 5972 5957 5709 5825 5840 5928 5736 5855 5976 6075 5975 6077 6076 6091 5970 5961 5859 6090 5742 6093 6043 5842 5726 6044 5741 5712 5946 6047 6048 5738 5829 5959 5853 5844 6649 7000 6644 
351 2 4 0 4 5 5 2 8 4 8 8 8 59 6645 6864 7029 7014 6766 6630 6907 7001 6748 6981 6631 6775 6790 6878 7028 6893 6985 6663 6897 6776 6996 6883 6892 7010 6634 6751 6635 6673 6983 7009 6761 6884 6911 6879 6629 6995 7024 6780 6664 6880 6781 6747 6763 6997 6986 6746 6869 6868 6762 6795 6865 6898 6912 6794 7015 6659 6752 6658 6678 
352 0 2 4 0 0 0 1 4 8 4 5 5 58 2393 2374 2578 2727 2506 2710 2726 2345 2388 2493 2714 2610 2478 2463 2695 2581 2389 2387 2712 2492 2625 2360 2595 2505 2507 2346 2713 2479 2622 2611 2699 2379 2745 2582 2596 2609 2511 2728 2624 2373 2464 2347 2700 2375 2628 2597 2480 2494 2465 2741 3522 3283 3649 3282 3415 3447 3532 3310 
353 0 4 4 0 0 0 1 8 8 4 5 5 59 3298 3564 3633 3413 3330 3635 3559 3518 3432 3296 3530 3677 3404 3679 3326 3299 3401 3297 3399 3433 3563 3400 3639 3446 3676 3636 3560 3546 3316 3287 3311 3662 3549 3519 3414 3550 3442 3667 3517 3544 3427 3531 3419 3429 3516 3666 3545 3634 3681 3428 3329 3325 3648 3443 3647 3315 3653 3533 3536 
354 1 2 4 0 0 0 2 4 8 4 5 5 58 2623 2364 6211 6256 6242 6460 6475 6243 6124 6144 6258 6464 6449 6261 6246 6491 6328 6477 6343 6378 6373 6360 6478 6255 6229 6361 6111 6257 6228 6331 6345 6465 6493 6479 6110 6445 6139 6129 6096 6227 6097 6374 6213 6492 6359 6215 6372 6098 6140 6125 6330 6450 6332 6346 6214 6112 6138 7314 
355 1 4 4 0 0 0 2 8 8 4 5 5 59 7035 7078 7416 7050 7281 7398 7285 7147 7030 7045 7163 7384 7294 7152 7079 7266 7309 7181 7195 7148 7267 7194 7385 7153 7167 7182 7295 7271 7031 7411 7196 7077 7282 7162 7383 7060 7431 7166 7399 7417 7400 7427 7177 7388 7064 7430 7313 7283 7049 7065 7426 7397 7192 7280 7403 7300 7036 7412 7299 
356 0 2 4 0 0 5 2 4 8 4 5 8 58 6231 2376 2462 2730 2613 2698 2742 2391 2496 2593 2361 2627 2580 2701 2495 2729 2344 2612 2362 2715 2476 2377 2491 2481 2697 2378 2716 2599 2467 2740 2725 2598 2466 2509 2744 2696 2711 2359 2348 2594 2392 2583 2510 2743 2579 2390 2461 2508 2477 2584 2349 2363 2626 2608 2394 3551 3435 3520 
357 0 4 4 0 0 5 2 8 8 4 5 8 59 3331 3302 3286 3678 3637 3318 3682 3651 3449 3683 3417 3669 3534 3405 3448 3566 3434 3327 3547 3317 3535 3402 3561 3664 3565 3668 3420 3444 3288 3403 3312 3638 3654 3284 3537 3303 3652 3663 3431 3332 3430 3680 3300 3328 3562 3521 3313 3314 3301 3548 3650 3285 3418 3416 3665 3552 3445 3407 7269 
358 2 2 4 0 0 5 2 4 8 4 5 8 58 6461 6447 6216 6375 6141 6363 6348 6245 6244 6109 6334 6481 6347 6226 6362 6128 6230 6480 6099 6446 6241 6127 6452 6260 6377 6143 6448 6466 6095 6217 6494 6333 6094 6126 6212 6476 6114 6259 6451 6490 6358 6462 6495 6113 6100 6142 6344 6329 6376 6463 7316 7428 7418 7183 7066 7168 7198 7286 
359 2 4 4 0 0 5 2 8 8 4 5 8 59 7389 7038 7081 7272 7432 7154 7193 7404 7302 7169 7048 7164 7046 7080 7315 7433 7165 7184 7179 7284 7052 7301 7037 7287 7150 7297 7387 7419 7062 7155 7076 7033 7051 7197 7415 7311 7310 7270 7034 7401 7149 7296 7075 7151 7386 7429 7298 7032 7402 7180 7047 7061 7178 7414 7312 7268 7413 7063 7405 
360 0 2 4 0 5 0 2 3 8 4 8 5 58 2736 2702 6265 6251 6383 2350 2482 2614 2355 2733 2619 2488 2602 2516 2591 2605 2737 2383 2398 2397 2633 2615 2634 2722 2370 2601 2587 2502 2585 2600 2708 2620 2468 2604 2750 2469 2704 2487 2732 2718 2399 2501 2356 2731 2746 2498 2717 2365 2751 2470 2483 2474 2586 2382 2512 2629 2497 2384 
361 0 3 4 0 5 0 2 8 8 4 8 5 59 2517 2719 2351 2369 2703 3685 3672 3321 3409 3307 3525 3569 3439 3556 3324 3456 3573 3334 3568 3686 3437 3423 3410 3541 3422 3438 3291 3555 3293 3640 3567 3408 3673 3554 3644 3450 3292 3684 3320 3527 3335 3657 3306 3452 3424 3451 3659 3305 3333 3523 3643 3690 3339 3658 7157 7205 3540 3526 3671 
362 2 2 4 0 5 0 2 3 8 4 8 5 58 6104 6263 6473 6365 6106 6454 6218 6234 6224 6380 6459 6341 6482 6262 6379 6131 6337 6468 6220 6130 6219 6483 6103 6102 6467 6252 6453 6469 6238 6354 6364 6233 6455 6115 6135 6368 6384 6232 6501 6484 6355 6105 6121 6496 6487 6247 6149 6350 6266 6148 6147 6349 6369 6486 6497 6336 6502 6116 
363 2 3 4 0 5 0 2 8 8 4 8 5 59 6101 6237 6120 6134 6335 7067 7317 7041 7323 7408 7053 7159 7434 7190 7199 7069 7319 7394 7393 7186 7083 7200 7291 7042 7082 7318 7423 7305 7068 7171 7435 7276 7084 7185 7172 7170 7304 7277 7073 7290 7407 7289 7040 7436 7406 7201 7422 7158 7054 7421 7055 7275 7392 7176 7440 7308 7086 7059 7087 
364 0 2 4 0 5 5 1 3 8 4 8 8 58 2631 2486 2616 2721 2353 2735 2381 2490 2500 2514 2515 2368 2747 2396 2724 2706 2499 2617 2632 2354 2636 2366 2707 2386 2589 2618 2606 2607 2503 2752 2590 2504 2738 2518 2588 2400 2709 2371 2358 2401 2705 2753 2739 2473 2475 2519 2372 2357 2484 2385 2748 2621 2734 2513 2395 2367 2471 2380 
365 0 3 4 0 5 5 1 8 8 4 8 8 59 2630 2723 2720 2352 2485 2635 2489 2592 3436 3406 3524 3646 3308 3440 3570 3322 3543 3670 3553 3642 3558 3295 3455 3557 3338 3655 3656 3687 3294 3323 3674 3454 3675 3542 3538 3421 3290 3539 3529 3425 3289 3412 3309 3411 3660 3426 3319 3528 3441 3688 3337 3453 3645 3571 3572 3336 3641 3661 3304 
366 1 2 4 0 5 5 2 3 8 4 8 8 59 2472 2749 2603 6338 6339 6240 6250 6458 6119 6353 6470 6500 6118 6357 6457 6367 6225 6267 6222 6352 6485 6145 6133 6499 6108 6382 6351 6248 6150 6107 6385 6151 6498 6370 6236 6235 6504 6132 6471 6474 6253 6371 6221 6381 6342 6136 6456 6122 6489 6254 6239 6472 6117 6340 6249 6488 6503 6146 6356 
367 1 3 4 0 5 5 2 8 8 4 8 8 59 6366 6268 6123 6223 6137 6264 7160 7409 7279 7074 7175 7204 7088 7396 7390 7439 7425 7043 7320 7293 7187 7070 7173 7292 7039 7191 7420 7189 7174 7156 7303 7438 7424 7306 7206 7307 7395 7274 7072 7288 7089 7321 7410 7057 7203 7278 7322 7391 7161 7071 7188 7273 7085 7044 7056 7437 7202 7058 3689 
368 0 2 4 4 0 0 2 3 8 8 4 5 58 2638 2754 2553 2554 6303 2768 2408 2405 2537 2671 2797 2755 2801 2420 2417 2667 2520 2402 2548 2550 2419 2536 2788 2670 2540 2756 2567 2653 2657 2404 2403 2549 2774 2534 2769 2666 2665 2642 2770 2521 2685 2783 2525 2436 2568 2652 2680 2437 2432 2684 2760 2782 2451 2563 2535 2422 2446 2637 
369 0 3 4 4 0 0 2 8 8 8 4 5 59 2798 2450 2802 2418 2651 2431 2639 2787 3739 3490 3593 3624 3359 3607 3462 3708 3457 3357 3489 3372 3709 3723 3606 3385 3696 3343 3710 3605 3373 3475 3574 3691 3621 3579 3507 3344 3386 3384 3620 3340 3722 3724 3371 3738 3503 3737 3578 3488 3695 3390 3502 3476 3474 3358 3461 3341 3591 3592 3706 
370 2 2 4 4 0 0 2 3 8 8 4 5 58 6172 6181 6289 6510 6200 6407 6298 6416 6547 6182 6196 6507 6299 6417 6285 6522 6183 6534 6197 6404 6535 6533 6519 6520 6270 6300 6403 6153 6521 6275 6525 6271 6171 6154 6506 6431 6284 6418 6539 6401 6167 6402 6152 6387 6313 6288 6186 6388 6548 6553 6317 6505 6386 6318 6158 6269 6392 6436 
371 2 3 4 4 0 0 2 8 8 8 4 5 59 6552 6435 6430 6201 6185 6166 6422 7357 7209 7472 7139 7491 7211 7445 7105 7328 7239 7460 7370 7253 7093 7119 7341 7225 7343 7120 7091 7240 7106 7121 7252 7355 7125 7135 7257 7374 7474 7459 7342 7486 7324 7092 7487 7210 7473 7251 7224 7327 7134 7369 7356 7458 7238 7442 7368 7441 7110 7326 7133 
372 0 2 4 4 0 5 1 3 8 8 4 8 58 2683 2784 2757 2786 2566 2775 2658 2773 2523 2421 2654 2551 2771 2668 2552 2522 2673 2541 2526 2643 2800 2681 2669 2433 2524 2556 2448 2759 2565 2641 2790 2424 2406 2438 2803 2569 2538 2772 2785 2686 2687 2564 2452 2439 2656 2682 2453 2447 2799 2655 2804 2434 2570 2423 2539 2789 2758 2640 
373 0 3 4 4 0 5 1 8 8 8 4 8 59 2555 2407 2672 2409 3505 3740 3487 3472 3604 3698 3463 3594 3589 3576 3580 3478 3693 3342 3623 3622 3619 3370 3697 3726 3707 3595 3355 3356 3458 3581 3459 3692 3725 3345 3346 3712 3477 3506 3741 3736 3473 3504 3575 3361 3360 3374 3721 3375 3590 3388 3608 3460 3711 3609 3491 3389 3492 3694 3387 
374 1 2 4 4 0 5 2 3 8 8 4 8 59 6188 2435 2449 6538 6434 6169 6551 6421 6286 6316 6555 6301 6305 6390 6524 6432 6536 6420 6168 6314 6273 6156 6290 6549 6202 6537 6173 6408 6199 6291 6393 6406 6302 6203 6405 6272 6391 6174 6170 6184 6509 6157 6155 6319 6419 6315 6198 6287 6523 6423 6508 6438 6550 6389 6159 6274 6437 6540 6554 
375 1 3 4 4 0 5 2 8 8 8 4 8 59 6433 6187 6304 6320 6276 7340 7213 7461 7138 7237 7222 7256 7325 7371 7122 7471 7212 7373 7090 7329 7095 7254 7330 7255 7490 7456 7344 7354 7443 7462 7444 7208 7137 7140 7372 7476 7094 7457 7207 7489 7475 7226 7241 7488 7446 7123 7223 7107 7339 7242 7227 7124 7108 7136 7358 7359 7447 7109 3577 
376 0 2 4 4 4 0 2 4 8 8 8 5 58 6293 6176 2455 2647 2675 2426 2412 2572 2558 2688 2792 2562 2646 2530 2676 2764 2661 2559 2694 2460 2806 2427 2778 2445 2811 2793 2763 2441 2689 2690 2573 2544 2456 2529 2571 2662 2779 2807 2677 2805 2531 2780 2413 2545 2765 2454 2428 2648 2794 2577 2414 2560 2543 3747 3615 3347 3484 3630 
377 0 4 4 4 4 0 2 8 8 8 8 5 59 3719 3362 3349 3596 3583 3466 3377 3598 3480 3610 3481 3367 3701 3508 3353 3616 3348 3464 3742 3611 3479 3597 3729 3513 3512 3498 3465 3700 3499 3625 3599 3702 3746 3483 3730 3392 3728 3699 3376 3715 3714 3391 3381 3396 3587 3582 3494 3366 3713 3733 3493 3704 3626 3727 3470 3395 3629 3495 3732 
378 2 2 4 4 4 0 2 4 8 8 8 5 58 6411 6396 6322 6424 6160 6206 6307 6409 6195 6312 6440 6529 6412 6541 6559 6324 6277 6280 6323 6544 6515 6441 6177 6204 6530 6294 6163 6205 6164 6543 6279 6190 6398 6516 6321 6426 6209 6413 6281 6558 6295 6191 6557 6511 6326 6397 6425 6306 6308 6178 6427 6189 6528 6162 6442 7143 7234 7463 
379 2 4 4 4 4 0 2 8 8 8 8 5 59 7332 7233 7130 7477 7229 7346 7351 7244 7379 7467 7214 7478 7247 7365 7468 7464 7337 7482 7380 7243 7450 7129 7248 7102 7350 7333 7454 7215 7116 7492 7111 7097 7216 7449 7345 7497 7258 7361 7128 7096 7362 7448 7376 7220 7228 7263 7375 7483 7101 7496 7259 7098 7360 7331 7115 7217 7144 7348 7262 
380 0 2 4 4 4 5 1 4 8 8 8 8 58 2659 2796 2459 2415 2691 2527 2444 2574 2532 2781 2557 2777 2533 2791 2808 2425 2458 2762 2561 2410 2542 2440 2644 2660 2649 2692 2575 2546 2547 2416 2678 2645 2429 2576 2810 2442 2809 2650 2761 2663 2528 2766 2411 2443 2795 2767 2674 2457 2430 2679 2693 2776 3363 3718 3471 3514 3603 3705 
381 0 4 4 4 4 5 1 8 8 8 8 8 59 3378 3588 3515 3486 3280 3748 3354 3364 3744 3510 3632 3369 3613 3383 3586 3602 3379 3618 3720 3585 3398 3485 3600 3368 3627 3501 3350 3382 3601 3749 3617 3631 3509 3397 3482 3352 3500 3469 3628 3735 3734 3703 3743 3467 3393 3716 3731 3584 3496 3351 3468 3365 3612 3497 3745 3717 3511 3394 3614 
382 1 2 4 4 4 5 2 4 8 8 8 8 59 2664 6292 6444 6283 6394 6297 6513 6180 6531 6526 6282 6561 6545 6512 6208 6514 6207 6192 6527 6400 6278 6399 6560 6325 6309 6327 6518 6429 6296 6415 6556 6395 6311 6310 6542 6193 6179 6165 6414 6532 6443 6546 6428 6410 6210 6439 6517 6175 6161 6194 7469 7132 7260 7117 7352 7378 7250 7113 7219 
383 1 4 4 4 4 5 2 8 8 8 8 8 59 7338 7103 7349 7455 7236 7232 7127 7382 7235 7221 7336 7498 7353 7367 7118 7249 7485 7381 7494 7334 7470 7366 7245 7265 7484 7377 7141 7264 7465 7145 7230 7453 7347 7131 7466 7146 7104 7495 7099 7261 7335 7364 7451 7246 7218 7481 7114 7493 7452 7142 7363 7480 7126 7100 7231 7479 7112 3380 7499 
384 2 0 0 0 0 0 4 1 4 5 5 5 58 7500 7736 11266 7898 7635 7544 11251 7664 7778 7518 7652 7649 7515 7882 7854 7620 7750 7632 7647 7530 7648 7503 7738 7549 7867 7661 7755 7634 7784 7896 7535 7765 7895 7769 7872 7663 7662 7517 7504 7548 7897 7749 7633 7531 7779 7545 7883 7855 7638 7881 7737 7780 7516 7619 7886 7521 7764 7901 
385 2 1 0 0 0 0 4 2 4 5 5 5 59 7868 7751 7666 7621 7853 7646 7529 7502 8442 8601 8835 8705 8456 8676 8793 8484 8455 8572 8675 8573 8792 8577 8559 8689 8460 8690 8717 8470 8587 8469 8454 8437 8719 8837 8807 8671 8600 8487 8718 8788 8818 8586 8468 8822 8823 8441 8808 8602 8803 8558 8836 8554 8485 8703 8571 8483 8704 8688 8576 
386 4 0 0 0 0 0 8 1 4 5 5 5 58 11399 11250 11265 11388 11253 11486 11370 11252 11383 11648 11487 11616 11604 11413 11619 11636 11502 11519 11293 11285 11298 11631 11515 11618 11514 11622 11501 11280 11397 11529 11416 11645 11411 11382 11499 11646 11603 11415 11294 11281 11299 11410 11373 11647 11490 11398 11488 11532 11256 11528 11630 11632 11513 11500 11505 11270 11617 11605 
387 4 1 0 0 0 0 8 2 4 5 5 5 59 11533 11402 11650 11396 11267 11384 11279 11369 12336 12538 12587 12441 12468 12304 12324 12338 12234 12453 12192 12351 12421 12470 12235 12207 12440 12543 12188 12352 12558 12586 12323 12191 12544 12426 12539 12305 12454 12427 12220 12187 12455 12309 12557 12221 12572 12337 12568 12541 12319 12469 12219 12422 12436 12553 12202 12571 12233 12206 12585 
388 2 0 0 0 0 5 4 2 4 5 5 8 58 7501 11634 7768 7884 7767 7651 7623 7618 7900 7534 7766 7533 7546 7869 7781 7752 7520 7753 7754 7532 7665 7636 7551 7637 7885 7857 7856 7653 7622 7852 7650 7887 7735 7902 7547 7505 7782 7667 7739 7519 7550 7506 7668 7785 7740 7870 7871 7770 7536 7783 7899 8672 8561 8440 8604 8555 8686 8557 
389 2 2 0 0 0 5 4 2 4 5 5 8 59 8452 8453 8585 8809 8486 8838 8839 8570 8833 8569 8560 8821 8790 8603 8575 8599 8819 8443 8584 8791 8678 8674 8467 8789 8458 8444 8677 8438 8716 8673 8804 8556 8692 8482 8834 8721 8457 8824 8574 8588 8589 8720 8687 8794 8706 8702 8810 8701 8439 8691 8471 8820 8472 8805 8825 8795 12218 8806 12308 
390 4 0 0 0 0 5 8 2 4 5 5 8 58 11282 11517 11503 11518 11504 11255 11387 11386 11633 11401 11620 11296 11516 11269 11385 11485 11268 11368 11284 11602 11531 11621 11297 11530 11534 11254 11271 11414 11637 11400 11372 11295 11301 11520 11535 11286 11418 11607 11371 11635 11652 11606 11283 11300 11417 11651 11403 11649 11412 11489 12560 12442 12310 12583 12584 12222 12353 12456 
391 4 2 0 0 0 5 8 2 4 5 5 8 59 12452 12438 12559 12542 12570 12545 12306 12428 12443 12193 12466 12354 12311 12325 12339 12540 12321 12190 12437 12554 12209 12349 12451 12204 12425 12236 12189 12232 12589 12574 12467 12429 12322 12320 12471 12205 12208 12546 12326 12569 12194 12457 12340 12556 12217 12307 12439 12573 12335 12423 12223 12237 12350 12598 12203 12555 12424 12334 12588 
392 2 0 0 0 5 0 3 2 4 5 8 5 58 7643 7670 7507 7656 7539 7863 7540 7861 7891 7859 7553 7657 7742 7877 7760 7756 7625 7774 7744 7890 7746 7788 7858 7554 7522 7905 7873 7773 7658 7892 7511 7761 7878 7639 7541 7628 7629 7512 7864 7672 7671 7775 7741 7526 7644 7789 7624 7787 7555 7906 8562 8842 8681 8596 8727 8564 8699 8797 
393 2 2 0 0 5 0 3 2 4 5 8 5 59 8567 8493 8446 8461 8582 8707 8465 8685 8680 8840 8813 8695 8450 8474 8817 8694 8827 8578 8610 8445 8605 8476 8579 8492 8708 8479 8565 8846 8798 8831 8462 8713 8811 8814 8843 8812 8590 8826 8725 8712 8841 8609 8693 8595 8473 8563 8802 8606 8682 8722 8591 8447 8723 8828 8488 8478 8679 8796 8459 
394 3 0 0 0 5 0 8 2 4 5 8 5 58 11322 11422 11524 11655 11537 11392 11612 11641 11421 11627 11406 11303 11391 11608 11495 11510 11642 11408 11289 11613 11374 11509 11407 11539 11290 11393 11275 11276 11257 11304 11420 11609 11274 11491 11506 11640 11305 11654 11379 11623 11378 11628 11523 11262 11656 11538 11496 11261 11525 12341 12581 12478 12477 12431 12225 12195 12360 12197 
395 3 2 0 0 5 0 8 2 4 5 8 5 59 12343 12314 12329 12355 12446 12312 12226 12460 12327 12458 12595 12562 12243 12450 12459 12347 12577 12361 12238 12201 12332 12328 12342 12575 12563 12549 12210 12548 12356 12576 12318 12239 12211 12561 12473 12444 12590 12313 12594 12445 12224 12212 12315 12552 12567 12230 12344 12196 12330 12564 12244 12435 12430 12578 12215 12472 12464 12461 12591 
396 2 0 0 0 5 5 3 1 4 5 8 8 58 7641 7655 7674 7908 7525 7557 7642 7660 7528 7786 7627 7791 7640 7862 7790 7654 7888 7669 7875 7509 7907 7645 7860 7894 7538 7745 7772 7880 7874 7543 7527 7673 7748 7879 7556 7776 7747 7904 7537 7524 7866 7552 7771 7523 7865 7514 7630 7510 7542 7659 7889 7763 7903 7508 7762 7626 7876 7743 
397 2 1 0 0 5 5 3 2 4 5 8 8 59 7631 7893 7757 7513 7777 7758 8598 8583 8729 8597 8592 8581 8580 8700 8568 8608 8464 8463 8800 8477 8709 8451 8815 8466 8495 8684 8830 8728 8494 8816 8611 8480 8845 8724 8832 8683 8801 8481 8847 8612 8715 8449 8726 8491 8714 8475 8566 8490 8711 8696 8799 8710 8607 8698 8829 8593 8489 8697 8844 
398 3 0 0 0 5 5 8 1 4 5 8 8 59 11508 11625 7759 11260 11377 11292 11405 11644 11390 11493 11624 11394 11658 11541 11307 11389 11277 11626 11492 11521 11522 11526 11527 11610 11306 11404 11291 11540 11512 11395 11498 11657 11639 11615 11507 11536 11638 11419 11376 11409 11278 11629 11614 11497 11643 11511 11375 11259 11288 11272 11653 11302 11380 11494 11258 11273 11287 11611 11263 
399 3 1 0 0 5 5 8 2 4 5 8 8 59 11423 11381 11424 11264 12363 12346 12333 12229 12362 12547 12348 12596 12597 12550 12474 12565 12479 12551 12448 12449 12480 12582 12357 12213 12463 12433 12240 12359 12566 12331 12345 12580 12316 12579 12199 12214 12462 12242 12245 12216 12228 12200 12231 12317 12465 12434 12475 12592 12246 8448 12358 12476 12198 12241 12432 12447 12227 12593 8594 
400 2 0 0 5 0 0 3 2 4 8 4 5 58 7797 7924 7691 7590 7681 7690 7694 7577 7675 7915 7563 7840 7676 7678 7807 7928 7914 7925 7578 7573 7822 7929 7958 7605 7722 7724 7944 7812 7707 7708 7957 7793 7592 7826 7705 7956 7723 7939 7591 7841 7943 7559 7909 7564 7792 7709 7695 7839 7811 7910 7606 8540 8545 8512 8642 8866 8730 8496 
401 2 2 0 5 0 0 3 2 4 8 4 5 59 8657 8892 8746 8529 8877 8883 8774 8544 8773 8879 8893 8644 8779 8643 8778 8647 8629 8525 8851 8731 8759 8526 8732 8750 8760 8633 8661 8613 8530 8516 8539 8850 8498 8761 8865 8656 8619 8745 8891 8615 8497 8616 8878 8765 8864 8776 8659 8499 8736 8762 8628 8662 8511 8502 8510 8868 8614 8897 8627 
402 3 0 0 5 0 0 8 2 4 8 4 5 58 11425 7558 7798 7680 11589 11308 11457 11340 11662 11441 11664 11545 11558 11692 11557 11323 11324 11312 11440 11471 11548 11693 11473 11674 11678 11679 11706 11354 11542 11355 11430 11574 11356 11660 11576 11543 11562 11458 11590 11342 11445 11328 11708 11707 11659 11459 11327 11341 11547 11575 11561 11313 11426 11309 11444 11472 11691 12483 
403 3 2 0 5 0 0 8 2 4 8 4 5 59 12627 12275 12262 12642 12252 12367 12408 12647 12281 12525 12643 12290 12294 12632 12511 12599 12526 12510 12601 12484 12515 12501 12384 12614 12392 12263 12277 12600 12524 12276 12613 12629 12394 12393 12497 12409 12496 12379 12407 12380 12412 12261 12530 12398 12378 12495 12482 12295 12641 12366 12249 12267 12248 12411 12628 12618 12365 12612 8849 
404 2 0 0 5 0 5 3 1 4 8 4 8 58 7574 7927 7721 7576 7677 7931 7842 7926 7795 7588 7561 7593 7823 7808 7838 7693 7827 7562 7604 7960 7814 7796 7697 7955 7813 7679 7725 7941 7959 7706 7589 7696 7809 7794 7683 7824 7912 7940 7954 7917 7942 7945 7580 7607 7799 7565 7603 7579 7825 7916 7560 7810 7843 7911 7682 7837 7800 7566 
405 2 1 0 5 0 5 3 2 4 8 4 8 59 7692 7710 7594 7720 7608 7711 7930 7575 8852 8617 8531 8780 8863 8664 8766 8658 8649 8528 8734 8541 8634 8751 8749 8848 8630 8517 8632 8747 8881 8513 8546 8648 8663 8542 8500 8882 8775 8898 8880 8894 8645 8853 8781 8777 8501 8764 8532 8896 8646 8733 8543 8763 8867 8515 8748 8527 8514 8735 8618 
406 3 0 0 5 0 5 8 1 4 8 4 8 59 11695 11310 7913 11353 11311 11470 11592 11675 11560 11591 11689 11577 11428 11588 11572 11677 11461 11694 11705 11661 11475 11681 11564 11429 11447 11544 11344 11339 11326 11343 11358 11446 11546 11663 11667 11474 11549 11573 11325 11456 11329 11666 11431 11314 11690 11443 11455 11563 11315 11680 11559 11357 11442 11338 11676 11432 11704 11587 11709 
407 3 1 0 5 0 5 8 2 4 8 4 8 59 11427 11460 12527 12296 12399 12291 12516 12396 12644 12485 12646 12531 12282 12250 12631 12280 12364 12513 12648 12247 12633 12383 12397 12529 12293 12413 12265 12414 12615 12514 12499 12500 12264 12486 12266 12617 12251 12382 12279 12369 12616 12630 12395 12645 12278 12603 12602 12381 12410 12368 12528 12512 12292 12498 8631 8895 12481 12297 8660 
408 2 0 0 5 4 0 3 1 4 8 8 5 58 7802 7601 7933 7689 7848 7685 7829 7611 7595 7949 7946 7729 7698 7612 7831 7962 7731 7934 7835 7948 7947 7596 7712 7686 7572 7713 7938 7963 7610 7583 7966 7699 7919 7803 7568 7816 7727 7849 7920 7609 7597 7714 7700 7844 7718 7615 7586 7921 7704 7614 7732 7821 7581 7817 7932 7952 7726 7804 
409 2 1 0 5 4 0 3 2 4 8 8 5 59 7845 7567 7582 7830 7815 8854 8770 8874 8535 8521 8506 8536 8653 8902 8639 8548 8652 8754 8887 8666 8768 8869 8522 8620 8785 8507 8888 8787 8755 8670 8741 8553 8855 8625 8547 8783 8860 8769 8638 8903 8737 8503 8624 8859 8901 8756 8549 8651 8534 8784 8742 8637 8884 8857 8873 8520 8899 8504 8752 
410 3 0 0 5 4 0 8 1 4 8 8 5 58 7961 11665 11599 11433 11596 11579 11317 11710 11711 11566 11580 11581 11336 11345 11364 11702 11482 11481 11346 11570 11439 11670 11463 11684 11362 11316 11598 11682 11360 11698 11593 11696 11476 11716 11462 11565 11365 11669 11556 11331 11683 11585 11318 11688 11435 11550 11697 11464 11673 11594 11477 11330 11567 11359 11468 11448 11551 11332 
411 3 1 0 5 4 0 8 2 4 8 8 5 59 11552 11449 11350 11715 11453 11434 11347 12258 12416 12404 12375 12638 12520 12272 12492 12301 12652 12502 12370 12286 12287 12521 12402 12271 12506 12609 12619 12418 12417 12605 12507 12253 12519 12487 12604 12385 12300 12535 12651 12534 12491 12390 12403 12533 12268 12649 12374 12488 12299 12283 12489 12637 12634 12623 12624 12285 12636 12389 12257 
412 2 0 0 5 4 5 4 1 4 8 8 8 58 11452 11335 11451 7716 7702 7964 7828 7717 7688 7846 7570 7703 7569 7585 7819 7832 7602 7599 7571 7935 7820 7833 7967 7613 7728 7617 7850 7806 7834 7923 7953 7950 7600 7715 7936 7584 7733 7730 7587 7805 7598 7922 7701 7818 7851 7801 7719 7616 7965 7937 7734 7951 7847 7968 7684 7687 7836 7918 
413 2 1 0 5 4 5 4 2 4 8 8 8 59 8900 8524 8782 8505 8753 8655 8641 8771 8861 8739 8533 8876 8622 8744 8626 8537 8743 8905 8890 8635 8518 8654 8786 8870 8650 8875 8508 8856 8772 8538 8858 8886 8904 8757 8889 8871 8758 8509 8621 8767 8872 8665 8519 8636 8885 8552 8551 8623 8668 8523 8669 8640 8738 8740 12388 8862 12256 8550 8667 
414 4 0 0 5 4 5 8 2 4 8 8 8 59 11334 11578 11466 11349 11601 11712 11479 11319 11321 11582 11671 11713 11437 11597 11701 11337 11438 11569 11483 11363 11700 11571 11717 11361 11583 11699 11553 11586 11686 11352 11554 11465 11454 11351 11467 11672 11668 11685 11480 11595 11320 11436 11555 11714 11469 11703 11348 11478 11484 11600 11366 11718 11584 11367 11333 11687 11568 11450 12532 
415 4 2 0 5 4 5 8 2 4 8 8 8 59 12377 12503 12371 12302 12522 12639 12653 12405 12372 12387 12274 12493 12284 12626 12650 12620 12391 12376 12289 12401 12635 12259 12610 12611 12288 12509 12260 12518 12254 12508 12625 12255 12270 12607 12400 12269 12386 12608 12373 12505 12298 12537 12536 12606 12621 12419 12490 12494 12504 12406 12415 12303 12420 12640 12654 12273 12622 12523 12517 
416 2 0 4 0 0 0 3 2 8 4 4 5 58 8351 8004 8253 8101 8338 8131 8013 8247 8001 8234 7970 8104 8204 7971 8370 8019 8218 8337 8206 8335 8136 8249 8235 8366 8320 8015 8103 8203 7972 8352 8236 7985 8248 8000 8130 7998 8132 8105 8117 7986 8353 8119 8014 8222 8339 8207 8324 8118 8088 8090 8089 7989 8325 8221 9058 8954 9169 9258 
417 2 2 4 0 0 0 3 2 8 4 4 5 59 9072 8953 9264 8940 8911 9189 9071 8952 9040 9291 9142 9026 9292 8939 9302 9175 9024 9147 9287 9274 9188 9306 8907 9157 9185 9052 8925 8906 9143 9057 9038 9141 8920 9067 9170 8926 9053 8935 9039 9025 8921 9273 9174 9156 9161 9289 9278 9301 9272 9260 9055 9184 9027 8910 9029 9044 9261 9259 9155 
418 3 0 4 0 0 0 8 1 8 4 4 5 58 8220 7999 12089 11750 12003 11996 11973 12086 11739 11983 11954 11955 11985 11753 11999 11984 12116 11762 11749 11879 11733 12085 11852 11838 11721 11768 12102 11850 12075 11735 12070 11839 11867 12104 11865 11837 12074 11998 11866 11885 11720 12103 11748 11763 11880 11870 11722 11851 11856 12117 11764 11881 12118 11988 11982 11734 11956 11997 
419 3 1 4 0 0 0 8 2 8 4 4 5 59 12090 11969 12934 12817 13051 12919 12690 12807 13056 12773 12939 13036 13024 12792 13041 12821 12802 12685 12675 12920 13037 12777 12892 12703 12791 12822 12787 13013 12674 12924 12778 12788 12907 12704 12656 13010 12906 12660 12772 13023 12891 13008 12938 12661 13028 12670 12925 12896 12905 12702 12806 13042 12671 13055 13022 12689 13009 12789 12655 
420 2 0 4 0 0 5 4 2 8 4 4 8 58 12002 11986 11884 11987 8135 8238 8134 8223 8340 8368 8237 8121 7969 8326 8365 8208 8369 8323 8224 8354 8341 7987 8251 8209 8086 8322 7973 8091 8017 8205 7974 8002 8336 8250 7988 8219 8116 8321 8087 8016 8102 8355 7984 8018 8120 8350 8252 8003 8092 8367 8233 8133 8106 9304 9294 9262 9303 8937 
421 2 2 4 0 0 5 4 2 8 4 4 8 59 9191 8942 9073 8912 9308 9045 9186 9144 9068 9276 8924 9060 9176 9030 9059 8955 9307 9043 9145 9042 9190 9293 8941 8950 9171 9028 9158 8951 9177 9146 9069 8927 9160 9056 8909 9162 8938 9290 9159 9277 9279 9074 9172 9305 9288 8913 9187 9263 9275 8908 9070 9054 9173 8936 8923 12688 8922 9041 8956 
422 4 0 4 0 0 5 8 2 8 4 4 8 58 12100 11719 11972 11853 11869 12001 11766 11883 12120 11724 12115 11971 12071 12105 11752 11736 11970 11737 11840 11841 11868 11723 11855 12000 11836 12119 12072 11738 11765 12073 11871 12088 11882 11958 12077 11751 12101 12076 11854 11886 11953 11968 11754 11957 12087 11767 11769 12091 12941 12926 12910 12677 12663 12779 13057 13043 12912 12657 
423 4 2 4 0 0 5 8 2 8 4 4 8 59 12935 12775 13025 12793 12818 12809 12808 12691 12672 12794 12790 12700 13014 12676 12824 12940 13052 12662 13027 12687 13029 12897 12659 12908 12673 12774 12804 12803 12911 12937 12780 12823 12893 12686 12927 12894 12921 12705 13053 12895 13038 12701 12820 13054 12922 13012 12819 12936 12776 13040 13039 13058 12805 12923 12658 13026 12909 13011 12706 
424 2 0 4 0 4 0 3 1 8 4 8 5 58 8141 8113 7975 7980 8005 8124 8109 8358 7976 8241 8356 8025 8357 8255 8112 8254 8240 8259 8245 8244 7981 8333 8347 8343 8342 8239 8099 8108 8328 8361 8216 8230 7994 8123 8024 8329 8137 8010 8327 8375 8107 8094 8362 8009 8095 8212 8226 8225 8376 8020 7990 8122 8229 8371 8211 8093 8344 8127 
425 2 1 4 0 4 0 3 2 8 4 8 5 59 7995 8210 8142 8258 9152 8934 9150 8929 9298 9192 8915 9063 9035 9297 9049 9310 9309 8943 8945 9076 9167 9181 8930 9064 9179 9269 9033 9284 9311 9296 9077 9283 9194 9268 9166 8959 9165 8963 8928 8916 9180 9282 9048 9081 8917 9034 9062 9265 8944 8948 9163 8958 9198 9315 8957 9266 9075 9151 9193 
426 3 0 4 0 4 0 8 2 8 4 8 5 58 11842 11844 11861 11875 12107 12126 12111 11889 12079 11843 11887 11726 12009 11964 12109 12084 11992 11772 11847 11959 12098 12127 11978 11745 11759 12008 11773 11758 12112 11965 11848 11862 11979 11993 12122 11757 12092 12093 11730 11890 11857 12121 12094 12078 11876 12108 12004 11740 11960 12080 11725 11744 11974 11991 11771 11874 12694 12708 
427 3 2 4 0 4 0 8 2 8 4 8 5 59 12831 12797 12933 12712 12914 12902 12948 12782 12810 12929 12930 13017 12679 12795 12711 12942 12692 12784 12915 12826 13048 12901 13033 12698 12693 12916 12667 12684 13019 12680 12825 12900 12944 13032 13065 12796 12812 13018 12678 13047 12827 12783 12665 13061 12666 12709 13062 13059 13046 12707 12710 12943 13060 13031 12816 12801 12811 12828 13015 
428 2 0 4 0 4 5 3 1 8 4 8 8 58 8138 7977 8115 8006 8097 8144 8331 8098 8332 8126 8346 8111 8214 8364 7979 8360 8330 8021 8215 8217 7993 8011 8140 8008 8007 8129 7992 8213 8261 8359 8377 8257 8349 7978 8100 8374 8373 8372 8363 8023 7996 8232 8012 8096 7997 7983 8242 7991 8022 8231 8348 8334 8260 8345 8125 8227 8110 8139 
429 2 1 4 0 4 5 3 2 8 4 8 8 59 8026 8256 8246 8378 7982 8114 8143 8128 9271 9299 8949 9280 9164 9080 8962 9295 9196 9036 9286 9178 9046 8961 9065 9032 8931 9061 9182 9149 9066 9031 8946 9267 8947 9314 9183 9195 8964 9079 8919 9051 9168 9300 9154 9047 9153 8918 9313 9270 9312 9050 8914 8932 9285 9078 9148 9037 8960 9281 9197 
430 3 0 4 0 4 5 8 1 8 4 8 8 59 8228 8243 11864 12096 12106 11742 11860 11878 11977 11989 12124 11963 11872 11846 12099 11743 12110 12123 12128 12010 11728 11980 11732 12097 11729 11761 11995 12114 11747 11770 12007 11731 11760 11845 11858 11756 11966 12082 11774 11976 12125 12129 12011 12113 11962 12006 12095 11849 11746 11727 11994 11863 12081 11981 12005 11741 11755 11891 11888 
431 3 1 4 0 4 5 8 2 8 4 8 8 59 11877 11975 11990 11892 11859 11967 11873 12083 11775 11961 13035 12695 12814 12899 12918 12931 13050 12798 12904 12786 12683 12714 13021 12946 12682 12781 13016 12913 13064 13049 12947 12932 13034 12928 13020 12681 12800 12713 12664 12697 12785 12917 13045 12669 13063 12699 12668 12813 12799 12903 12829 12830 13030 12815 12945 12696 13044 12898 8933 
432 2 0 4 4 0 0 3 1 8 8 5 5 58 8410 8027 8380 8399 8176 8267 8059 8305 8382 8030 8179 8293 8381 8265 8061 8147 8427 8277 8412 8076 8264 8276 8160 8193 8159 8043 8394 8310 8146 8291 8395 8296 8029 8047 8422 8057 8044 8295 8263 8042 8145 8161 8062 8385 8262 8393 8192 8407 8033 8379 8174 8413 8408 8150 8423 8282 8173 8188 
433 2 1 4 4 0 0 3 2 8 8 5 5 59 8075 8178 8278 8309 8165 8071 8306 8028 8290 8056 9216 9334 8968 9321 9339 9011 9101 9100 8982 9113 9087 9000 9082 9230 9333 9204 9363 9132 9128 9099 9218 9127 8995 9364 9335 8994 9316 9246 9199 9245 9009 9203 8983 8996 9115 9232 8967 9348 9231 9362 9114 9349 9217 9010 9015 9086 9249 9338 9320 
434 3 0 4 4 0 0 8 1 8 8 5 5 58 12044 11908 12047 11912 12161 11899 12028 11823 11779 11909 11791 12132 12060 12164 12130 12147 11894 11782 12144 12042 12159 11777 12135 11795 11941 12177 11806 11781 12027 11923 11796 11893 12145 12146 12013 12041 12173 12131 12056 11928 12160 12158 12014 11810 12178 12055 12043 11776 12032 11809 11824 12172 11927 11940 11913 11825 11898 12061 
435 3 1 4 4 0 0 8 2 8 8 5 5 59 12150 12029 11942 12012 12018 12718 12735 13097 12980 12878 12995 13116 12953 12999 12994 13099 12981 12982 12957 12968 12993 12836 12863 13112 12865 12730 12716 13098 13085 12882 12850 12876 12744 12760 12759 12758 12864 13071 12731 12949 12834 12746 12750 13084 12717 13070 12747 12835 13111 13083 13066 12966 12764 12952 12849 12967 12745 12877 8981 
436 2 0 4 4 0 5 3 1 8 8 5 8 58 8398 8164 8396 8425 8402 8384 8162 8280 8045 8411 8177 8060 8058 8292 8279 8312 8166 8307 8073 8311 8383 8149 8401 8074 8151 8400 8181 8190 8046 8268 8032 8397 8064 8298 8034 8180 8283 8072 8049 8194 8077 8281 8148 8414 8189 8429 8175 8308 8031 8063 8428 8297 8294 8195 8048 8424 8409 8415 
437 2 1 4 4 0 5 3 2 8 8 5 8 59 8191 8078 9322 9097 9331 9116 9220 8998 9347 9351 8999 9350 9117 9201 9234 9219 9346 9202 9098 9244 9332 9083 9200 8969 9361 9317 9214 9012 9318 9205 9337 9206 9013 9102 9323 9247 9088 9103 9014 9233 8965 8980 9215 9336 8970 9085 9130 9131 9365 9319 9229 8984 8985 8966 9084 8997 9366 9248 9129 
438 3 0 4 4 0 5 8 1 8 8 5 8 59 8163 8266 12030 8426 12046 11896 11794 12175 12149 12176 12058 11826 12017 12163 11778 12148 12059 12134 11827 11808 11939 11910 11911 11807 11943 12015 11897 12133 11944 11895 11784 11793 12048 12180 11938 11797 11926 11900 11924 12016 11822 12045 12162 11812 11811 11792 12031 11914 11901 11780 12062 11925 11798 12174 12057 11915 12165 11783 11929 
439 3 1 4 4 0 5 8 2 8 8 5 8 59 12179 12033 11821 12063 12951 12838 12832 13067 13114 12979 13082 12998 12837 13115 12734 13072 13096 12950 13081 13087 12719 12997 12847 13068 12765 12867 12970 12954 12833 12965 12733 12955 13086 12848 12866 12964 12881 12761 12748 12720 12880 12969 13113 13069 12749 12851 12996 12879 12763 13100 12715 12983 12984 12852 12862 13101 9112 12732 12762 
440 2 0 4 4 5 0 4 2 8 8 8 5 58 12140 8313 8066 8430 8314 8300 8085 8389 8286 8152 8197 8037 8051 8417 8168 8052 8038 8436 8080 8316 8315 8418 8154 8053 8039 8431 8403 8404 8079 8070 8272 8198 8202 8184 8432 8081 8388 8170 8196 8271 8185 8169 8319 8156 8155 8183 8301 8390 8302 8273 8187 8419 8405 8287 9344 9371 8991 9372 
441 2 2 4 4 5 0 4 2 8 8 8 5 59 9006 9367 9090 9105 8971 9124 9137 9240 9357 9223 9326 9095 9325 9208 8986 9227 9021 9016 9340 9118 9250 8972 9091 8977 9123 9104 9106 9133 9358 9020 9119 9329 9221 9138 9004 9212 9222 9003 9255 9237 9002 9353 9354 9236 9001 9327 9235 9324 9108 9207 9241 9251 9254 9352 9089 8976 9109 8990 12985 
442 4 0 4 4 5 0 8 2 8 8 8 5 58 11950 11948 12065 11917 11832 11813 11828 11814 12020 11930 11830 12154 12036 11815 11918 12023 11931 12182 12019 11903 12066 11947 12183 11787 12141 11788 12052 11904 11790 11922 12051 12170 11945 11819 12184 12168 11801 12038 11786 11799 12153 11946 12067 11833 11800 11932 11905 12136 11916 12024 11829 12155 11805 11936 12037 12169 12840 12858 
443 4 2 4 4 5 0 8 2 8 8 8 5 59 12755 12741 12769 12976 12854 12873 13092 12971 13122 12768 13107 12888 13088 13073 12722 13117 12883 13005 12887 13075 13000 12956 12770 12859 12872 12721 13089 12958 13121 12841 12736 13090 13108 12753 12975 13074 13079 12962 12990 12869 12754 12845 12842 13104 13004 12726 12987 13103 12986 12839 12853 12727 12870 12868 12740 13093 13102 12724 12988 
444 2 0 4 4 5 5 4 2 8 8 8 8 58 8269 8158 8172 8055 8433 8199 8386 8406 8167 8040 8304 8082 8171 8153 8284 8434 8054 8084 8391 8065 8317 8201 8416 8041 8420 8275 8068 8186 8270 8035 8157 8318 8288 8182 8387 8392 8067 8289 8050 8036 8435 8303 8069 8200 8274 8421 8299 8083 8285 9126 9017 9343 9368 9328 9374 9008 9110 9092 
445 2 2 4 4 5 5 4 2 8 8 8 8 59 8987 9023 8974 9213 9369 8978 8979 9096 9253 9228 9345 9135 9360 9211 9373 9136 9125 9209 8993 9007 9121 9022 9094 9341 9252 8988 9330 9107 9238 9359 8992 9019 9243 9005 9242 9140 9139 9256 9370 9257 9224 9018 8973 9356 9226 9120 8989 9355 9134 9239 9093 9342 9225 9122 9111 8975 9210 12857 13077 
446 4 0 4 4 5 5 8 2 8 8 8 8 59 11816 11919 12050 11785 12151 11934 12022 12034 12139 11921 11907 11920 12167 12138 12054 12156 12039 11817 11906 12185 11933 12053 12069 12068 11951 11952 12171 12181 12186 11935 12137 12166 12021 12142 11831 12035 11834 11802 12143 12157 12049 12040 11804 11803 12064 12026 11789 11937 12025 12152 11902 11818 11835 11949 11820 13120 12889 12738 12991 
447 4 2 4 4 5 5 8 2 8 8 8 8 59 12743 12756 12960 12860 12874 13007 12846 12742 12977 13109 13110 13124 13003 12978 13002 12766 12728 12856 13006 12752 13119 12885 12972 12729 12771 12855 13123 13080 13105 12844 12861 12723 12890 13076 12963 13094 12757 13095 13118 12843 12875 12886 12992 12751 12884 13001 13091 12961 12974 12739 12737 12871 13078 12767 12959 12725 12973 12989 13106 
448 2 2 0 0 0 0 3 3 4 4 4 5 58 9378 9421 9407 9653 9424 9776 9743 9493 9535 9507 9395 9759 9659 9423 9494 9642 9641 9745 9540 9418 9626 9611 9376 9758 9406 9612 9405 9390 9640 9770 9728 9541 9492 9522 9762 9404 9757 9377 9508 9613 9391 9645 9655 9523 9527 9389 9771 9521 9512 9375 9498 9654 9630 9744 9536 9419 9627 9729 
449 2 3 0 0 0 0 3 8 4 4 4 5 59 9730 9772 9639 9756 9408 10475 10358 10594 10316 10434 10330 10477 10595 10429 10448 10665 10547 10461 10314 10710 10328 10580 10593 10567 10345 10343 10693 10581 10551 10462 10476 10463 10711 10697 10576 10561 10329 10548 10664 10666 10712 10562 10698 10708 10444 10684 10679 10344 10356 10549 10683 10566 10362 10667 10357 10315 10552 10433 10678 
450 3 2 0 0 0 0 8 3 4 4 4 5 58 13125 13376 13373 13126 13290 13243 13273 13407 13156 13168 13127 13509 13362 13140 13244 13482 13257 13374 13259 13139 13286 13523 13285 13389 13408 13275 13390 13158 13361 13256 13248 13520 13402 13154 13491 13172 13477 13258 13271 13476 13242 13478 13360 13365 13521 13522 13403 13388 13508 13159 13375 13169 13141 13526 13392 13173 13506 13276 
451 3 3 0 0 0 0 8 8 4 4 4 5 59 13145 13492 13359 13379 13507 13131 13393 13262 13153 13496 14227 14413 14328 14079 14212 14110 14315 14184 14447 14095 14066 14448 14093 14081 14198 14314 14343 14419 14225 14067 14094 14109 14197 14080 14226 14462 14301 14296 14344 14433 14179 14428 14443 14414 14330 14108 14211 14460 14300 14342 14062 14429 14329 14461 14313 14311 14196 14183 14418 
452 2 2 0 0 0 5 4 4 4 4 4 8 58 13406 9539 9656 9392 9524 9761 9509 9411 9610 9615 9760 9773 9394 9538 9614 9426 9425 9380 9658 9422 9777 9732 9379 9657 9644 9643 9525 9420 9495 9774 9537 9731 9510 9742 9513 9526 9497 9727 9746 9660 9396 9775 9542 9747 9511 9496 9625 9528 9543 9393 9628 9629 10592 10709 10568 10445 10569 10318 
453 2 4 0 0 0 5 4 8 4 4 4 8 59 10446 10436 10591 10435 10479 10361 10686 10478 10554 10460 10360 10700 10550 10685 10695 10699 10465 10668 10430 10313 10682 10459 10579 10597 10327 10312 10450 10563 10447 10680 10432 10332 10694 10464 10331 10670 10553 10577 10578 10431 10671 10317 10565 10582 10713 10342 10596 10346 10359 10564 10347 10449 10583 10681 10696 10714 14097 14415 10474 
454 4 2 0 0 0 5 8 4 4 4 4 8 58 13157 13245 13377 13405 13274 13479 13511 13510 13260 13493 13288 13525 13144 13404 13289 13142 13175 13494 13512 13174 13246 13128 13247 13146 13409 13480 13287 13481 13380 13410 13170 13263 13155 13143 13129 13272 13495 13160 13378 13291 13161 13527 13391 13171 13130 13261 13277 13292 13278 13497 13364 13524 13363 13395 13394 14298 14417 14112 
455 4 4 0 0 0 5 8 8 4 4 4 8 59 14446 14345 14111 14346 14180 14464 14326 14063 14327 14228 14229 14303 14078 14077 14463 14064 14341 14302 14297 14299 14331 14181 14430 14435 14069 14459 14420 14458 14199 14083 14186 14317 14107 14434 14185 14068 14449 14312 14432 14450 14195 14194 14213 14445 14182 14082 14421 14065 14214 14092 14209 14200 14444 14431 14224 14316 14096 14210 14416 
456 2 2 0 0 4 0 3 4 4 4 8 5 58 9381 9413 9503 9409 9516 9500 9622 9781 9664 9530 9764 9752 9778 9618 9546 9531 9428 9415 9733 9665 9616 9739 9427 9649 9753 9414 9399 9517 9545 9617 9432 9734 9763 9549 9504 9646 9768 9387 9635 9767 9780 9499 9636 9631 9400 9532 9518 9782 9738 9621 9650 9401 9382 9748 9386 10575 10339 10367 
457 2 4 0 0 4 0 3 8 4 4 8 5 59 10457 10334 10480 10703 10556 10689 10692 10673 10453 10438 10321 10675 10353 10604 10485 10481 10571 10368 10437 10707 10486 10348 10674 10352 10721 10333 10320 10717 10599 10325 10452 10558 10570 10589 10467 10557 10702 10701 10363 10716 10319 10586 10600 10439 10584 10715 10598 10471 10443 10688 10451 10585 10470 10364 10587 10466 10669 10483 10338 
458 3 2 0 0 4 0 8 4 4 4 8 5 58 9663 13149 13397 13416 13134 13513 13515 13132 13264 13411 13530 13370 13531 13179 13500 13178 13163 13487 13413 13412 13253 13165 13182 13516 13371 13252 13488 13267 13282 13294 13177 13176 13136 13150 13293 13517 13383 13503 13399 13268 13385 13398 13164 13281 13384 13295 13483 13366 13280 13249 13299 13135 13502 13266 14207 14348 14202 14235 
459 3 4 0 0 4 0 8 8 4 4 8 5 59 14456 14216 14436 14324 14090 14230 14465 14103 14231 14318 14442 14113 14221 14070 14189 14319 14425 14086 14188 14215 14466 14352 14333 14347 14471 14192 14304 14424 14320 14220 14451 14467 14438 14305 14071 14306 14332 14104 14075 14452 14117 14118 14203 14099 14337 14085 14423 14334 14234 14350 14100 14187 14201 14335 14437 14098 14084 14310 14338 
460 2 2 0 0 4 5 3 3 4 4 8 8 58 9620 9385 9766 9735 9534 9533 9514 9624 9736 9412 9506 9751 9429 9402 9647 9384 9548 9633 9750 9502 9783 9741 9661 9666 9397 9737 9388 9403 9430 9632 9667 9755 9398 9431 9520 9784 9662 9416 9638 9544 9619 9769 9749 9779 9765 9754 9634 9501 9637 9383 9515 9648 9652 9529 9519 9410 9651 9740 
461 2 3 0 0 4 5 3 8 4 4 8 8 59 9623 9505 9417 9547 10555 10705 10355 10602 10322 10326 10487 10605 10441 10676 10350 10340 10366 10672 10335 10458 10691 10341 10704 10456 10473 10454 10468 10442 10722 10354 10369 10590 10472 10365 10720 10588 10484 10488 10603 10324 10687 10690 10337 10323 10559 10572 10482 10677 10718 10336 10573 10574 10440 10455 10706 10601 10719 10349 10560 
462 3 2 0 0 4 5 8 4 4 4 8 8 59 13372 13368 13255 13251 13138 13490 13414 13528 13382 13284 13386 13498 13180 13181 13415 13401 13514 13297 13532 13501 13298 13133 13151 13533 13296 13148 13254 13137 13486 13147 13250 13270 13152 13485 13518 13166 13369 13396 13519 13499 13381 13269 13387 13265 13504 13283 13529 13505 13162 13167 13367 13400 13484 13489 13279 14236 14223 14076 14193 
463 3 4 0 0 4 5 8 8 4 4 8 8 59 14321 14116 14354 14091 14115 14469 14455 14072 14427 14336 14323 14325 14208 14106 14119 14218 14351 14457 14222 14422 14353 14349 14308 14233 14340 14120 14101 14309 14105 14339 14217 14470 14440 14087 14426 14472 14206 14232 14191 14454 14205 14102 14439 14088 14114 14237 14190 14073 14204 14089 14322 14074 14219 14468 14441 14453 10351 10469 14307 
464 2 2 0 4 0 0 4 4 4 8 5 5 58 9566 13534 13540 9466 9805 9479 9801 9451 9684 9789 9673 9465 9448 9582 9682 9715 9480 9437 9716 9597 9831 9438 9701 9804 9790 9785 9598 9565 9787 9554 9683 9596 9583 9818 9799 9800 9714 9819 9832 9569 9584 9697 9833 9786 9668 9550 9814 9481 9687 9433 9450 9672 9568 9702 9452 9467 9555 10637 
465 2 4 0 4 0 0 4 8 4 8 5 5 59 10399 10507 10754 10505 10622 10420 10376 10371 10415 10533 10518 10741 10650 10641 10534 10400 10404 10635 10651 10519 10758 10752 10372 10494 10727 10649 10623 10386 10506 10655 10725 10609 10490 10520 10624 10524 10767 10419 10636 10389 10532 10385 10387 10740 10772 10414 10489 10739 10726 10538 10402 10390 10768 10405 10753 14170 14370 10370 10608 
466 4 2 0 4 0 0 8 4 4 8 5 5 58 13233 13346 13551 13315 13301 13331 13432 13536 13198 13434 13449 13554 13435 13539 13463 13569 13568 13464 13535 13422 13347 13549 13553 13332 13230 13300 13202 13200 13550 13188 13564 13317 13582 13319 13215 13216 13305 13417 13581 13583 13421 13187 13348 13304 13229 13465 13450 13333 13318 13436 13201 13214 13183 14490 14267 14165 14517 14282 
467 4 4 0 4 0 0 8 8 4 8 5 5 59 14122 14522 14476 14518 14127 14399 14151 14504 14503 14150 14375 14238 14287 14403 14355 14508 14502 14244 14123 14268 14474 14398 14491 14385 14384 14356 14155 14137 14269 14136 14121 14404 14254 14390 14489 14281 14357 14253 14154 14386 14493 14240 14141 14475 14286 14164 14169 14152 14239 14135 14401 14272 14258 14387 14361 14516 14358 14371 14252 
468 2 2 0 4 0 5 3 3 4 8 5 8 58 9817 9700 9468 9436 9670 9807 9698 9553 9600 9834 9671 9478 9580 9669 9483 9788 9551 9599 9830 9571 9567 9791 9803 9463 9685 9570 9595 9815 9449 9454 9585 9557 9435 9482 9586 9675 9717 9792 9688 9820 9434 9712 9713 9802 9835 9703 9699 9816 9581 9704 9718 9552 9829 9464 9439 9821 9556 9453 
469 2 3 0 4 0 5 3 8 4 8 5 8 59 9440 9806 9674 9689 10422 10406 10757 10723 10607 10755 10493 10640 10416 10656 10610 10639 10403 10638 10756 10417 10770 10377 10421 10742 10535 10611 10621 10606 10523 10492 10504 10728 10652 10392 10388 10539 10401 10391 10626 10773 10373 10738 10625 10771 10522 10375 10491 10743 10407 10508 10769 10537 10654 10521 10509 10393 10374 10724 10653 
470 3 2 0 4 0 5 8 3 4 8 5 8 59 13537 9686 13565 13447 13467 13335 13580 13228 13330 13420 13567 13552 13232 13203 13437 13556 13350 13418 13349 13303 13345 13186 13218 13538 13189 13231 13204 13571 13190 13185 13334 13462 13466 13316 13542 13541 13199 13306 13438 13184 13419 13579 13423 13448 13213 13451 13307 13584 13320 13452 13585 13321 13302 13555 13433 13566 13570 13424 13217 
471 3 3 0 4 0 5 8 8 4 8 5 8 59 14156 14391 14288 14506 14521 14507 14273 14374 14243 14523 14376 14405 14260 14402 14289 14167 14256 14153 14126 14166 14488 14142 14271 14388 14372 14125 14157 14172 14242 14283 14400 14171 14519 14257 14505 14284 14259 14124 14359 14389 14360 14492 14477 14168 14241 14138 14270 14140 14478 14139 14373 14473 14520 14285 14274 14406 10536 14255 10418 
472 2 2 0 4 5 0 3 3 4 8 8 5 58 9486 9564 9447 9475 9470 9471 9693 9839 9828 9484 9588 9558 9823 9601 9592 9825 9809 9572 9722 9808 9677 9836 9461 9604 9696 9721 9456 9794 9824 9813 9441 9489 9606 9559 9591 9690 9692 9710 9587 9796 9838 9469 9725 9607 9720 9474 9443 9574 9560 9822 9707 9795 9442 9678 9691 9842 9719 9837 
473 2 3 0 4 5 0 3 8 4 8 8 5 59 9457 9706 9602 9455 9705 9578 9679 10382 10764 10544 10661 10542 10631 10612 10778 10529 10729 10411 10776 10510 10647 10424 10628 10426 10642 10617 10659 10730 10396 10514 10409 10744 10425 10632 10759 10660 10627 10777 10618 10495 10613 10515 10496 10734 10543 10763 10499 10735 10381 10394 10526 10657 10749 10380 10746 10501 10745 10410 10646 
474 3 2 0 4 5 0 8 3 4 8 8 5 58 9573 13557 9488 13456 13459 9485 13234 13206 13308 13207 13458 13235 13310 13313 13587 13431 13205 13191 13577 13469 13337 13559 13589 13196 13220 13591 13225 13439 13341 13323 13586 13588 13545 13445 13238 13563 13468 13239 13546 13224 13309 13454 13426 13453 13336 13219 13356 13472 13342 13440 13572 13355 13558 13573 13425 13351 13427 13544 
475 3 3 0 4 5 0 8 8 4 8 8 5 59 13192 13324 13441 13322 13473 13328 14513 14291 14132 14393 14262 14498 14395 14145 14278 14161 14250 14263 14264 14408 14410 14159 14528 14409 14480 14381 14494 14292 14394 14147 14146 14174 14173 14484 14485 14160 14128 14499 14367 14512 14509 14276 14178 14380 14249 14366 14526 14246 14379 14277 14527 14295 14362 14245 10395 14479 10500 14175 10525 
476 2 2 0 4 5 5 4 4 4 8 8 8 58 9681 13223 9827 9563 9444 13194 9460 9724 9459 9694 9473 9445 9709 9491 9810 9576 9476 9708 9695 9590 9446 9589 9593 9577 9575 9608 9462 9579 9811 9798 9797 9458 9812 9594 9472 9490 9562 9843 9841 9723 9605 9676 9711 9680 9609 9603 9487 9726 9793 9840 9477 9561 9826 10751 10774 10658 10780 10527 
477 2 4 0 4 5 5 4 8 4 8 8 8 59 10540 10615 10497 10383 10648 10762 10747 10503 10619 10765 10511 10634 10761 10498 10629 10408 10378 10662 10545 10663 10645 10413 10531 10644 10737 10750 10517 10530 10379 10423 10502 10766 10736 10633 10528 10428 10512 10620 10541 10516 10643 10412 10731 10384 10427 10616 10546 10779 10748 10760 10397 10733 10398 10513 10614 10630 14497 10732 10775 
478 4 2 0 4 5 5 8 3 4 8 8 8 59 13353 13470 13338 13461 13340 13208 13575 13221 13312 13357 13474 13443 13560 13428 13314 13593 13592 13326 13311 13358 13444 13209 13457 13325 13576 13547 13226 13561 13327 13446 13329 13343 13354 13211 13241 13475 13210 13430 13429 13240 13574 13195 13222 13548 13471 13212 13344 13578 13197 13590 13227 13460 13236 13455 13352 13339 13562 13442 13193 
479 4 3 0 4 5 5 8 8 4 8 8 8 59 13237 13543 14481 14487 14149 14143 14495 14247 14529 14514 14158 14511 14377 14251 14133 14524 14248 14396 14364 14130 14266 14162 14501 14369 14378 14525 14515 14383 14412 14486 14368 14279 14407 14275 14290 14482 14294 14365 14280 14496 14397 14163 14411 14500 14129 14177 14392 14144 14134 14510 14483 14293 14148 14382 14265 14176 14363 14261 14131 
480 2 2 4 0 0 0 3 4 8 4 5 5 58 10211 10110 10242 9977 9963 10081 10113 9993 10122 9847 10230 10198 10239 10006 10080 9964 10123 10212 9873 9991 10245 9978 9996 10095 10082 9861 10213 10005 9888 10108 10124 10240 10199 9979 9889 10227 9846 9875 9893 9965 10096 9992 10010 10241 9874 10007 9990 10128 10226 10109 10197 9879 9862 11152 10918 11161 11035 10787 
481 2 4 4 0 0 0 3 8 8 4 5 5 59 10829 11138 10927 11021 11044 10781 10932 11134 11132 10800 11064 11017 10815 11034 10917 11151 10898 10814 11180 10783 10947 11181 11049 10798 11164 10901 11135 11015 11176 10795 11059 11016 10942 11133 11063 11147 11167 10825 11162 10782 10899 10928 10900 11045 10810 10912 11018 10931 10796 11029 11032 11148 11166 10913 10904 10946 10915 11030 10801 
482 3 2 4 0 0 0 8 4 8 4 5 5 58 10094 9860 13845 13761 13625 13714 13755 13875 13711 13641 13962 13638 13878 13596 13744 13756 13644 13612 13992 13611 13976 13729 13963 13728 13859 13640 13743 13597 13730 13828 13861 13595 13945 13627 13978 13715 13874 13713 13873 13860 13964 13995 13639 13846 13832 13949 13610 13626 13977 13950 13742 13757 13991 13847 14901 14784 14565 14551 
483 3 4 4 0 0 0 8 8 8 4 5 5 59 14536 14799 14667 14798 14577 14694 14682 14648 14696 14649 14888 14931 14911 14883 14779 14531 14564 14809 14650 14884 14813 14681 14766 14926 14812 14771 14916 14912 14767 14662 14915 14765 14545 14677 14668 14560 14794 14579 14535 14896 14780 14653 14548 14899 14578 14663 14651 14768 14546 14882 14550 14782 14785 14897 14532 14533 14695 14902 14930 
484 2 2 4 0 0 5 4 4 8 4 5 8 58 10127 10215 10008 9976 10079 9890 9892 9876 9966 9845 10125 9878 9891 10244 9981 10112 10126 9980 10214 9864 9863 10084 10201 9844 9877 10196 10243 10111 10195 10078 10097 10225 10009 9967 9961 10200 9859 10098 9994 10093 10229 10083 10228 9849 9995 10210 10011 9962 9848 9894 11022 10817 10831 10944 11139 10948 10799 10826 
485 2 4 4 0 0 5 4 8 8 4 5 8 59 11169 10816 10827 11036 10943 10945 11163 10934 11165 10914 11037 10929 10919 10788 11153 11168 10902 11046 11019 10905 11061 10903 10920 11137 10933 10830 10803 11154 11060 10802 11177 11183 11182 10828 11050 10811 11136 11065 11020 11051 10786 11178 11048 11047 11179 10797 11031 10785 11066 10916 11033 11150 10784 10930 10813 11149 10812 11062 14797 
486 4 2 4 0 0 5 8 4 8 4 5 8 58 13758 13760 13609 13948 13980 13834 13629 13951 13594 13599 13862 13946 13833 13829 13947 13726 13965 13759 13830 13863 13979 13624 13745 13877 13727 13993 13848 13831 13975 13628 13717 13966 13849 13716 13746 13990 13712 13961 13731 13643 13843 13876 13598 13994 13613 13844 13741 13960 13858 13614 13642 14889 14549 14581 14552 14769 14913 14537 
487 4 4 4 0 0 5 8 8 8 4 5 8 59 14928 14678 14561 14580 14698 14932 14927 14693 14814 14670 14795 14914 14538 14783 14666 14669 14655 14679 14576 14772 14898 14652 14692 14654 14787 14562 14887 14811 14575 14664 14563 14800 14815 14786 14918 14796 14810 14801 14917 14534 14770 14697 14781 14683 14886 14566 14680 14903 14684 14929 14890 14567 14547 14885 14904 14900 14905 14891 14665 
488 2 2 4 0 5 0 4 3 8 4 8 5 58 10102 9853 13630 14000 9985 9867 10202 10115 10090 9856 10221 9884 10087 9885 10114 10014 9973 10015 10235 10132 10133 10222 10203 9866 9898 9897 9987 10105 10100 9855 9968 9972 9983 10249 10204 9850 9865 10119 9870 10118 10231 10086 10099 10002 10217 9997 10216 9869 10131 10246 9982 9851 10001 10089 10250 10085 9880 10104 
489 2 3 4 0 5 0 4 8 8 4 8 5 59 10016 9899 10236 11157 11158 11067 10924 11027 10936 11025 11171 10820 11052 11054 11156 10819 10908 10950 10838 11143 11041 10935 10949 11144 10807 10937 10909 10824 11026 10834 10818 10923 11175 11068 10833 11058 11186 11072 10832 11053 10791 10792 10806 10922 10941 10951 10805 10955 11170 11185 11142 10790 11040 11039 10952 14808 14933 11187 11184 
490 4 2 4 0 5 0 8 3 8 4 8 5 58 13841 13621 13869 13732 13606 13605 13983 13632 13870 13967 13981 13733 13762 13838 13719 13763 13631 13735 13738 13837 13968 13734 13982 13737 13969 13645 13747 13836 14001 13854 13953 13835 13954 13600 13851 13601 13720 13952 13649 13616 13620 13884 13724 13865 13958 13718 13986 13634 13996 13767 13879 13752 13748 13883 13635 13650 13766 13855 
491 4 3 4 0 5 0 8 8 8 4 8 5 59 13864 13850 13987 13972 13615 14657 14790 14541 14893 14568 14672 14583 14804 14907 14691 14939 14802 14686 14569 14774 14553 14570 14892 14908 14658 14791 14818 14685 14555 14699 14584 14935 14776 14701 14687 14659 14906 14775 14540 14542 14803 14700 14817 14573 14559 14582 14921 14816 14588 14554 14920 14934 14919 14793 14789 14822 14676 14705 14925 
492 2 2 4 0 5 5 3 3 8 4 8 8 58 9883 10134 10251 9969 10205 9854 10208 9895 10220 10101 9984 10003 10135 10106 10234 9989 9971 10224 10012 9970 10207 9882 10018 10232 9901 10004 10130 9857 10092 10218 10088 10000 10248 10237 9999 9986 10206 9871 10233 9858 9998 10120 10103 9887 10247 10013 9896 9900 10238 9974 10209 10219 9975 9852 10129 10252 9881 10117 
493 2 3 4 0 5 5 3 8 8 4 8 8 59 10223 10121 10116 10017 10107 9988 9872 9886 10091 9868 11042 11173 10836 11073 10837 11023 11172 11159 11055 10939 10839 10926 11056 10789 11028 10821 10823 11141 11057 11140 10906 10907 10953 10911 11069 10808 10809 10822 10925 10938 11043 10835 10921 10956 11174 11038 11146 10910 10940 11160 11155 11188 11070 10793 11024 11145 10794 10804 11071 
494 3 2 4 0 5 5 8 3 8 4 8 8 59 13867 13608 13999 13740 13882 13723 13957 13868 13646 13751 13970 14003 13721 13617 13885 13604 13853 13619 13651 13959 13984 13955 13871 13750 13753 13722 13602 13985 13971 13765 13866 13842 13886 13881 13622 13956 13768 13998 13603 13872 13754 13636 13839 13973 13633 13648 13988 13856 13725 13852 13997 13618 13736 13989 13840 13764 13857 13623 13769 
495 3 3 4 0 5 5 8 8 8 4 8 8 59 13647 14002 13880 13749 13607 13739 13637 13974 14924 14589 14773 14910 14571 14574 14689 14807 14539 14543 14938 14940 14894 14895 14937 14805 14703 14819 14806 14674 14909 14656 14660 14704 14688 14572 14661 14706 14587 14675 14690 14558 14923 14792 14556 14823 14585 14673 14936 14702 14820 14557 14821 14777 14544 14586 14671 14922 14778 14788 10954 
496 2 2 4 4 0 0 4 3 8 8 4 5 58 14052 14005 10067 9902 10155 9919 9935 10287 10285 10256 10036 9904 10165 10255 9903 10301 10038 10184 10063 10302 9931 10268 10151 10136 9921 9949 10282 9946 10025 10180 9922 10254 10185 9936 9917 10019 10039 10297 9916 10034 10169 9950 10150 10283 10272 10033 10052 10068 10142 10021 10137 10138 10166 10020 10048 10253 10156 10053 
497 2 3 4 4 0 0 4 8 8 8 4 5 59 10170 10273 10259 11118 11105 10844 10858 11002 11238 11208 11225 11120 10989 10975 11107 11124 11003 11210 11193 10871 11091 11092 11090 11209 10885 11007 10886 11119 11106 11076 10884 11239 10961 10960 10842 10988 10857 11078 11195 10959 10973 11001 10974 10870 10887 11077 10843 10856 11194 10872 10889 10992 11223 10875 11224 11121 11237 14710 14751 
498 4 2 4 4 0 0 8 3 8 8 4 5 58 14007 13784 13670 13915 13798 13667 13655 13684 14047 13817 13887 13700 14037 13785 13801 13813 13916 13888 13772 13920 13799 13934 14032 13681 13930 13902 13771 13653 13696 14018 14038 14004 13654 13935 13901 13921 14048 13686 13931 13672 13803 13790 13652 13775 14010 14019 13682 13701 13668 13889 13669 14033 13687 13818 14006 13903 14020 13658 
499 4 3 4 4 0 0 8 8 8 8 4 5 59 13892 13907 13804 14024 13770 13786 14608 14756 14633 14737 14842 14725 14972 14945 14606 14986 14840 14873 14870 14711 14639 14854 14976 14987 14592 14855 14841 14991 14957 14607 14826 14828 14853 14736 14738 14958 14625 14634 14635 14593 14985 14742 14959 14724 14827 14723 14739 14752 14859 14636 14973 14619 14621 14869 14868 14943 14620 14709 14944 
500 2 2 4 4 0 5 3 3 8 8 4 8 58 10140 9952 10271 9906 10055 10022 9920 10154 10139 9948 9938 10153 9932 10270 9907 10152 10054 9951 9905 10183 9937 10141 10182 9924 10049 10300 10275 10274 10024 10304 10026 10172 10167 10168 9923 9918 10065 10303 10269 10041 10069 10260 10050 9909 10289 10040 9934 10035 10157 10288 9908 10051 10258 10064 10066 10286 10284 10187 
501 2 3 4 4 0 5 3 8 8 8 4 8 59 10299 9947 10158 10181 10257 10298 10143 10171 10186 10037 10888 11227 10991 11222 11207 11206 10972 11079 11236 11221 11196 11093 11075 11094 10841 11122 10846 10990 11212 10957 11074 10962 11089 10840 11108 11226 11104 11123 11240 11080 11197 10963 10958 10845 10859 10860 10890 11005 11191 10855 11109 10976 10987 11211 10873 10874 11192 11241 11004 
502 3 2 4 4 0 5 8 3 8 8 4 8 59 10023 14050 9933 14021 14036 14022 13904 13918 13671 14023 13919 13787 13890 13656 14051 14040 13923 13685 14035 13788 13917 14039 13905 13699 13791 13683 13933 13922 13789 13932 13906 13800 13891 13908 13936 13814 13805 13702 13816 13657 13776 13674 13937 13802 13697 13820 13806 14025 14054 13673 13893 13659 13774 13703 14049 14009 13815 14034 13698 
503 3 3 4 4 0 5 8 8 8 8 4 8 59 13773 13819 14008 13688 14053 13689 14741 14740 14757 14947 14755 14624 14595 14858 14623 14594 14712 14961 14960 14707 14722 14946 14708 14990 14830 14956 14989 14975 14874 14974 14941 14857 14640 14829 14622 14590 14843 14591 14824 14637 14844 14971 14942 14609 14872 14871 14638 14726 14839 14988 14856 14754 14825 14605 14610 14727 10977 14753 11006 
504 2 2 4 4 4 0 3 4 8 8 8 5 58 9953 10293 10277 10057 10296 9955 10174 9941 9942 10306 10290 10056 9911 10058 10070 9956 10305 10146 10189 10062 10161 10292 9912 9939 10179 10173 10160 10044 10265 10045 10162 10076 10193 9959 10147 9945 10279 10072 10071 9926 9930 9927 10043 9913 10310 10029 10263 10030 10175 10307 9954 10264 10278 10028 10997 11083 11219 10876 
505 2 4 4 4 4 0 3 8 8 8 8 5 59 10862 11200 11096 10983 10966 10978 10984 11214 10848 10847 11101 10979 11100 11110 11129 11082 11199 11012 11081 10965 11198 10881 11215 11010 11008 10998 10964 10851 11243 10867 11248 11247 11115 10852 11229 11095 11011 11232 11242 10880 10861 11114 11098 11125 11087 11204 10994 10969 10993 10895 11233 11230 11213 10893 11126 10866 11244 11228 11189 
506 3 2 4 4 4 0 8 4 8 8 8 5 58 10188 9940 13779 10291 13707 14029 13706 13662 13938 13676 13705 13940 13911 13896 13794 13695 14044 13821 14042 14015 13663 13925 14043 13678 13823 13897 13793 13926 14013 13944 14056 14061 13677 13939 13827 13927 14057 13781 13710 13898 13692 13780 13912 13808 13664 13795 13809 14030 14011 13691 13704 14055 14014 14028 13822 13810 14948 14963 
507 3 4 4 4 4 0 8 8 8 8 8 5 59 14747 14596 14835 14846 14968 14851 14612 14836 14743 14631 14832 14878 14626 14597 14831 14602 14949 14643 14994 14713 14877 14865 14714 14728 14953 14729 14718 14977 14733 14996 14760 14860 14601 14879 14762 14748 14950 14645 14616 14995 14719 14845 14615 14981 14982 14599 14962 14850 14864 14630 14644 14875 14861 14758 14611 14978 14761 10894 14967 
508 2 2 4 4 4 5 4 4 8 8 8 8 58 10190 10027 10276 10059 13812 10061 10032 10074 10031 9928 10295 10042 10159 9915 10192 10281 9957 10047 10280 10266 9958 10149 10262 9943 10267 10144 10177 10164 10261 10145 10163 10194 9960 10178 10148 9944 10191 9929 10309 10046 9910 10060 10311 9914 10075 10077 10073 10294 9925 10308 10176 10877 10863 10869 11130 10892 11218 11128 
509 2 4 4 4 4 5 4 8 8 8 8 8 59 11112 11097 11190 10970 11205 11088 11084 10986 11216 10883 10853 11201 11009 11131 10897 11249 11231 11099 11102 11117 11220 11103 11000 10985 11127 10850 10868 11235 10882 10849 10967 11116 11245 10995 10999 11234 10996 11217 10980 10981 10896 11086 11111 10854 10879 11203 11013 10878 10864 10865 11113 10891 10982 11246 10971 11202 11085 10968 11014 
510 4 2 4 4 4 5 8 4 8 8 8 8 59 13941 13694 13929 13928 13797 13693 13811 13943 14059 13680 14060 13675 13709 14031 13708 13777 13783 14027 13782 13910 13914 13792 14016 13826 14012 13660 13666 13894 13900 13899 13824 14045 14017 14058 13895 13661 13913 13909 14041 13665 14046 13679 13807 13778 13690 14026 13825 13924 13942 13796 14720 14998 14750 14993 14954 14847 14964 14735 14600 
511 4 4 4 4 4 5 8 8 8 8 8 8 59 14647 14632 14952 14603 14641 14881 14837 14848 14969 14618 14716 14617 14628 14867 14834 14970 14966 14744 14852 14979 14984 14764 14838 14759 14734 14862 14717 14749 14627 14642 14876 14604 14955 14598 14745 14866 14731 14980 14721 14983 14880 14965 14863 14530 14763 14646 14715 14746 14614 14629 14833 14997 14730 14732 14992 14951 14613 14849 14999 
