256
256 0 0 0 0 0 116 136 110 238 255 31 4158 4263 3754 7124 1614 1805 6375 4099 4669 4390 4858 11 4854 5855 6334 7658 4684 7034 2020 2848 1660 4956 6181 744 2372 2119 199 7365 7535 6835 4055 
257 0 0 110 0 0 116 136 258 238 255 31 3761 5258 6465 7721 4776 5541 5210 6560 1844 4619 552 6876 685 1712 4575 6805 6484 161 7072 47 3258 332 1596 1883 4319 7666 7361 7416 1924 6023 466 
258 0 136 0 0 0 116 251 147 238 255 31 5916 7951 912 2795 7042 4095 3926 3513 1205 1641 7884 7473 2715 169 4933 4620 1140 2510 4523 7285 2700 1167 7229 287 1401 2546 7729 7384 4070 4036 1736 
259 0 136 147 0 0 116 251 258 238 255 32 5760 5382 6512 3965 907 5409 7917 5444 4040 6070 92 6311 7464 5698 719 4634 5411 7901 3790 1234 2127 7517 5435 704 463 3249 5551 1554 7267 2956 7686 4188 
260 116 0 0 0 0 257 130 159 238 255 31 3581 2281 6367 94 864 693 7130 5559 721 5935 1609 1147 6569 4943 1228 3852 2096 1222 5022 2925 1414 6193 1869 1553 5025 2359 826 1819 6110 2362 5311 
261 116 0 159 0 0 257 130 258 238 255 31 7623 5921 4570 4372 541 447 4782 2057 5189 2172 5235 1209 682 7744 1419 785 2680 5766 1971 5410 303 2727 3562 3261 5950 5756 6521 4371 439 3779 3877 
262 116 130 0 0 0 257 251 120 238 255 31 1117 6168 1048 3810 2750 923 827 6940 7458 6206 7415 1462 3072 3176 5304 4066 4741 6706 2754 3624 6232 2262 5106 4085 5446 5310 5858 6801 6619 2955 5313 
263 116 130 120 0 0 257 251 258 238 255 32 2802 845 3395 6776 1850 1693 4020 6381 3833 1670 4403 5675 5067 3964 7730 4451 4474 1952 1263 1823 4510 7652 4105 1788 4872 1626 3729 7888 5549 883 958 424 
264 0 0 0 0 255 141 121 127 238 512 31 3713 3169 6124 5479 2468 7073 828 1800 3750 6884 3535 5503 2246 7975 4409 3899 7989 7950 6034 6704 6969 3052 2874 7351 1847 3764 4971 6590 2466 5043 5835 
265 0 0 127 0 255 141 121 258 238 512 31 1394 4439 4810 1256 7530 5678 4698 6988 2711 730 2595 237 3199 3166 1235 2847 2090 3014 6537 6378 5496 5898 1337 2663 133 321 5240 6220 4759 3771 6433 
266 0 121 0 0 255 141 251 134 238 512 31 5007 3029 3345 731 4788 4262 6650 5113 4241 7408 636 934 5465 638 631 4384 6603 5251 6598 2396 5787 4840 4787 5448 249 2192 3328 5155 6008 2106 7251 
267 0 121 134 0 255 141 251 258 238 512 32 4766 387 5252 2892 4404 3285 2389 967 2978 492 7787 6536 5006 4822 1242 2487 5590 1487 3609 3489 1747 5262 7461 1568 897 3986 6231 6177 1129 3087 7831 3005 
268 141 0 0 0 255 257 89 117 238 512 31 2235 6467 2194 7036 3674 851 4768 2292 7733 2861 1740 5979 3344 1956 3746 4880 2053 6257 277 7810 5512 3464 772 6460 6606 7400 6960 4381 7066 7203 4560 
269 141 0 117 0 255 257 89 258 238 512 31 6204 4301 1108 129 6176 814 547 3608 5553 5516 3186 7231 2278 1909 5474 1682 7215 362 7863 2741 787 4309 3968 198 5268 4916 3271 7147 2931 6732 6866 
270 141 89 0 0 255 257 251 132 238 512 31 475 6335 688 5610 7262 3024 7343 6469 3725 442 2963 6839 2618 2234 697 2843 3978 6355 2347 4748 1695 5801 6005 890 3060 113 4077 3127 2524 3143 7200 
271 141 89 132 0 255 257 251 258 238 512 32 4501 3799 6399 5550 3426 2929 4559 4863 1226 4432 280 3842 2209 1063 2080 4226 4096 5732 6372 4680 4567 4115 7041 4866 7289 1615 3816 7545 2102 264 7625 6358 
272 0 0 0 238 0 129 127 155 512 256 31 843 3573 3444 3191 4024 6627 656 1323 454 409 5563 1326 7525 7650 2330 5901 4018 2766 822 3717 1968 6892 7255 6025 1739 4294 6625 24 58 1797 1082 
273 0 0 155 238 0 129 127 258 512 256 31 1346 7019 2981 4959 1681 7018 4721 5978 6616 2976 4671 2019 3699 7641 4564 3510 5095 3933 5455 3071 5172 2533 4765 4450 7876 7302 6697 6722 3860 2418 3182 
274 0 127 0 238 0 129 251 150 512 256 31 3690 2495 3076 1512 2951 6182 5369 2038 3245 5736 3371 5329 3203 3807 860 3596 2698 1004 7984 4465 3383 6826 7131 2146 1540 3597 7331 1775 2074 1940 4360 
275 0 127 150 238 0 129 251 258 512 256 32 4922 4485 3242 6895 2244 2205 2460 1590 5108 3793 679 1884 4317 1422 7366 2122 2764 3477 2718 1979 5925 1664 1430 7433 1703 663 6757 5373 1134 1910 5731 1534 
276 129 0 0 238 0 257 141 159 512 256 31 5206 895 5780 2150 2869 5384 6434 5128 2566 7802 204 4852 7690 2876 160 360 765 6810 4629 2807 1657 3047 3834 1456 292 6914 7435 4476 3306 5281 1801 
277 129 0 159 238 0 257 141 258 512 256 31 7467 3545 472 1834 7165 7341 3663 2982 2025 4656 938 5333 1231 5213 166 7740 2511 1969 7751 7735 1907 1796 1558 5865 1490 1268 6954 6230 794 7039 6882 
278 129 141 0 238 0 257 251 117 512 256 31 7224 6787 4911 2790 5469 4357 2860 4254 6747 7016 5357 7201 5864 6754 7924 7087 6680 6141 4238 5544 1484 6959 1644 6597 6453 3766 7380 7026 1710 6602 3342 
279 129 141 117 238 0 257 251 258 512 256 32 1404 6021 6962 3389 6012 1446 2145 5031 7477 6621 1640 6897 2231 2717 6848 2094 718 4060 2543 4942 2593 7430 4438 1161 1399 3595 4300 2758 2875 3821 705 1297 
280 0 0 0 238 256 128 133 128 512 512 31 4615 6853 4893 4524 4688 1061 7728 7697 3832 5830 5086 1782 1494 1495 3724 5951 1351 3178 6256 4035 3824 7600 3966 1716 6618 5686 5096 6731 1994 6315 4754 
281 0 0 128 238 256 128 133 258 512 512 31 7719 7759 4302 7434 7097 7961 1831 1017 3084 3302 966 7755 3252 3954 2794 6746 3902 4544 513 6295 2153 6756 4026 4351 6310 395 673 6740 4312 2318 4900 
282 0 133 0 238 256 128 251 141 512 512 31 341 1982 3536 6658 270 7949 5062 4281 5807 5337 3093 5693 6532 2651 1434 1941 1164 7120 2630 5617 7694 509 3100 80 6293 3521 4621 6275 5478 6226 3194 
283 0 133 141 238 256 128 251 258 512 512 32 914 1738 5985 2778 7822 1031 26 7990 7756 6980 7875 7335 4331 6387 6074 7053 5838 508 5486 6322 7432 4851 7588 4755 6829 5377 7369 3184 220 6628 778 3697 
284 128 0 0 238 256 257 129 125 512 512 31 6064 1444 1727 798 2799 1001 6362 1081 2165 5330 577 3684 1457 7447 647 7569 5809 5231 3583 726 1915 729 7196 5217 748 55 4220 6591 3901 7746 7969 
285 128 0 125 238 256 257 129 258 512 512 31 1431 2710 465 5489 3638 5520 1912 4235 2436 4563 3858 7111 3270 1600 4962 7966 4216 3894 4910 4352 1420 1928 4205 7673 2544 950 2772 6804 5754 799 6081 
286 128 129 0 238 256 257 251 158 512 512 31 4946 644 5335 2508 4456 786 3917 7611 462 6595 441 3140 5998 1020 2657 2585 3653 1254 1580 5723 1172 1099 3714 16 6383 6749 1155 468 7878 3401 6013 
287 128 129 158 238 256 257 251 258 512 512 32 7050 4865 5607 3632 1019 6377 3188 5485 960 5415 7428 6373 84 758 4719 322 4471 452 7977 7854 2691 3914 7405 5174 6266 6552 3051 2473 2622 5955 592 4557 
288 0 0 258 0 0 109 128 401 264 238 31 106 1423 6371 6427 5614 3045 3248 5208 2141 1138 7773 5371 2329 4549 7743 947 6047 2287 896 4291 4650 4832 1808 838 7240 4846 911 2242 512 5181 6611 
289 0 0 401 0 0 109 128 512 264 238 31 4912 6828 2243 736 3755 5796 2259 65 2854 5770 2567 2445 7507 4528 1125 1757 6596 6729 2136 7048 7663 1352 2662 2273 681 2267 2853 6130 6827 1799 7403 
290 0 128 258 0 0 109 251 380 264 238 31 5868 1987 6482 7675 4941 2897 988 849 5997 7996 3177 1879 3870 4996 6353 2176 3740 3435 5286 5318 2474 6325 1331 6869 6733 1721 3200 2769 404 7827 4757 
291 0 128 380 0 0 109 251 512 264 238 32 4590 651 4307 3743 5704 3662 7613 5604 995 1276 926 1857 6549 5236 2697 7914 7563 1806 857 555 7074 5511 6160 4981 5334 1465 2797 4039 1665 2353 2838 2703 
292 109 0 258 0 0 257 147 384 264 238 31 618 4973 5785 4283 2995 3364 427 5579 1733 5331 6920 5130 3341 4242 408 6129 2069 3846 2068 3728 7985 4168 5090 4894 6341 5596 1318 3441 4427 1730 3561 
293 109 0 384 0 0 257 147 512 264 238 31 7249 3059 5646 7490 2317 2590 1926 5734 6451 6635 7834 1891 978 7123 2536 235 1287 7137 7086 6062 2303 73 2196 4179 2437 5751 1448 478 4934 6425 7213 
294 109 147 258 0 0 257 251 358 264 238 31 853 6259 3455 436 4732 1454 1507 7300 3439 2896 3361 608 5123 7263 114 1518 3565 2221 2980 2558 7040 4297 4778 6312 3066 4606 21 2376 2844 640 2921 
295 109 147 358 0 0 257 251 512 264 238 32 4633 37 209 2453 7945 5543 1319 4076 5568 6572 4219 2932 323 2624 5052 3693 7481 4250 1386 7452 6575 4961 5960 5957 2290 2804 1455 6645 5224 5305 1690 2768 
296 0 0 258 0 238 122 138 362 264 512 31 1856 2873 2996 3961 2186 4584 4860 4223 1802 6888 537 7689 7227 3783 6965 5937 2499 5493 7392 7063 936 7983 4164 1755 4308 4704 1863 1160 817 723 2271 
297 0 0 362 0 238 122 138 512 264 512 31 6846 2938 3769 6600 2645 2441 564 1951 1936 4676 4206 275 7794 4948 4267 6647 4048 7833 5483 2667 5133 825 6868 412 4792 7492 7644 4091 3491 6030 3197 
298 0 138 258 0 238 122 251 353 264 512 31 3718 5480 62 3551 5138 641 3559 3183 5340 2032 1810 7419 2588 3202 5500 1935 3167 751 6751 7022 288 3447 4088 498 4430 4740 5681 2708 1766 6045 702 
299 0 138 353 0 238 122 251 512 264 512 32 3557 1026 2671 5109 4163 6973 6420 2958 7923 571 7793 6926 2377 4533 6393 2229 6173 1551 5899 2179 2619 4310 5068 2169 6297 2484 1397 2112 1322 5765 5048 3041 
300 122 0 258 0 238 257 113 401 264 512 31 245 5742 2337 6483 6760 302 830 30 4616 3107 5949 5190 3698 774 7010 1440 6811 2610 6188 654 4772 2806 1047 1110 6924 2333 2175 5837 6356 1618 5227 
301 122 0 401 0 238 257 113 512 264 512 31 5010 298 2919 2031 491 2837 9 5139 7682 4109 1054 859 2216 1803 3373 4014 1480 4743 5182 6144 6285 5119 2331 1654 2950 6246 4004 4828 3102 4999 872 
302 122 113 258 0 238 257 251 371 264 512 31 5775 4686 182 3982 5019 5639 999 5332 5615 4057 5982 4347 4780 664 5674 3569 5660 3739 3179 7211 791 3876 5168 6905 2449 1587 2805 417 3239 4074 3843 
303 122 113 371 0 238 257 251 512 264 512 32 1592 4687 7636 1186 2575 4284 1204 3935 175 6044 917 6623 922 2204 315 4601 5799 7861 1550 3787 6258 443 1357 2125 5692 7784 6815 6998 4482 6580 5618 1582 
304 0 0 258 264 0 126 111 363 512 265 31 4295 3555 5569 7967 6613 7000 7532 5884 5289 2525 1786 5507 3576 3305 5876 3984 5601 4610 3859 3232 610 4217 5114 3378 2621 6095 788 1381 3023 2211 7303 
305 0 0 363 264 0 126 111 512 512 265 31 766 18 4588 7210 3490 3062 5821 6506 522 1041 3356 7274 5534 2713 6374 510 7893 4784 7692 1253 1658 1281 351 4867 6102 4030 2878 6219 6832 5045 558 
306 0 111 258 264 0 126 251 373 512 265 31 6633 3158 2823 1123 6712 5024 4178 5953 3049 3855 1100 7968 6363 2813 3086 7254 4318 4011 5857 3067 7513 3879 4169 2116 5581 7407 792 1055 6540 5645 2498 
307 0 111 373 264 0 126 251 512 512 265 32 7992 6304 4328 4952 2987 4631 3850 6294 4458 5853 1748 3114 1632 5657 1984 413 609 1124 1416 3339 5911 2676 5107 637 542 6696 3668 4034 4538 119 7568 1916 
308 126 0 258 264 0 257 124 372 512 265 31 1341 2305 1295 5654 7630 5722 5427 5308 3165 2502 127 6390 4437 3001 3719 4767 7446 2803 53 2152 174 2969 3365 7643 1312 3436 3854 3061 3991 2777 7505 
309 126 0 372 264 0 257 124 512 512 265 31 4572 4204 4955 1067 6445 683 4506 7198 5059 2251 1975 4534 25 309 7065 5582 2364 6570 5890 4737 6986 4087 2600 6488 2143 6166 6755 5556 2801 4969 2254 
310 126 124 258 264 0 257 251 410 512 265 31 3299 5391 1760 3856 1945 1012 3056 2220 6436 4321 2245 7885 3311 4410 178 4920 1241 1463 619 632 1789 6824 595 2099 1765 1545 1621 3620 623 7764 4702 
311 126 124 410 264 0 257 251 512 512 265 32 3556 4355 5134 6486 3989 3291 6280 5079 7005 6198 1918 1648 1139 1832 5913 6780 7258 5924 615 6179 3008 2679 7209 102 2444 7781 1152 4460 5932 6017 646 5851 
312 0 0 258 264 265 129 111 349 512 512 31 4992 7518 7576 7412 1219 3944 4480 1536 1243 7995 4925 5917 3170 481 7997 5102 5597 4958 605 583 3827 3648 4346 3215 4905 4608 2183 854 2609 5620 7451 
313 0 0 349 264 265 129 111 512 512 512 31 3563 3304 6185 5976 4729 1257 1653 7149 1367 7562 3175 2736 1842 1985 910 3368 2709 7070 5051 984 1965 2880 4632 6758 449 1666 363 5497 4221 892 2026 
314 0 111 258 264 265 129 251 375 512 512 31 7032 4165 1250 4642 604 6928 7571 2030 7981 1238 7266 3659 2056 4618 951 7183 3155 5652 1861 4574 2636 6861 2728 142 3511 840 6653 6299 674 6584 7272 
315 0 111 375 264 265 129 251 512 512 512 32 3297 7799 3881 6551 7620 5903 2926 7344 3945 6077 3817 3747 2002 534 6336 5952 3310 444 5611 2891 5633 71 4611 3099 5001 4595 7216 6808 7064 863 1932 312 
316 129 0 258 264 265 257 130 372 512 512 31 7889 7150 358 2149 2646 5061 6169 4967 7191 7410 1477 1248 3320 6736 5193 7108 6213 1089 6501 1974 3212 115 1791 388 2166 4392 4433 3976 6727 1095 2729 
317 129 0 372 264 265 257 130 512 512 512 31 3732 5752 1613 4947 7307 6707 3145 6498 4736 1218 4790 821 7550 1023 7913 3602 2722 2455 1373 6041 6307 1601 6216 1798 4997 3442 7468 499 1904 431 5098 
318 129 130 258 264 265 257 251 419 512 512 31 3819 5027 4380 4118 7001 6189 141 846 3153 6735 3818 7626 2006 1032 776 1947 3878 4353 4571 4477 2124 2986 5016 3677 5338 1515 241 6192 600 2998 1713 
319 129 130 419 264 265 257 251 512 512 512 32 6587 4 4993 2022 4058 162 5575 5537 3614 4191 5970 1685 6571 578 3517 3650 5920 252 7346 7699 4108 2942 3469 4644 4023 725 993 7790 5538 6104 5882 4881 
320 0 251 0 0 0 128 372 109 250 260 31 1040 538 5531 1044 4830 5126 7851 866 3075 2384 3497 2093 716 4795 1175 2071 6087 1460 6037 6767 3639 1829 4286 7788 996 1271 502 768 4103 1030 3274 
321 0 251 109 0 0 128 372 246 250 260 31 6217 1839 2018 5154 7573 329 3689 6909 6022 3512 5840 6238 5385 2979 4119 5624 6648 753 5431 7043 3461 4144 1696 7411 3503 7732 7377 85 574 3057 4979 
322 0 372 0 0 0 128 512 123 250 260 31 6972 108 6807 3533 6035 4422 518 7340 418 4327 4484 7683 1113 5366 3123 7852 7642 2294 3318 6241 983 1185 1571 4086 2694 6819 5509 703 5457 6042 2852 
323 0 372 123 0 0 128 512 246 250 260 32 4897 6686 7511 6148 2344 27 4083 5875 2282 2350 5347 3032 7455 5080 4928 3458 3189 1573 4007 5721 4666 1645 3695 802 6672 6565 6222 4156 3290 3812 4208 3969 
324 128 251 0 0 0 257 381 145 250 260 31 5808 7357 660 596 4847 414 434 2633 6276 7259 6841 566 5861 3509 2740 4600 1437 1304 7212 6944 3498 7360 6250 4974 6681 603 2049 2812 5447 2428 5764 
325 128 251 145 0 0 257 381 246 250 260 31 4649 2820 1131 7648 7918 2959 6154 4529 5487 2193 5587 7685 1699 5392 6140 6432 3889 7687 2034 3995 4960 7814 937 4201 573 2390 5269 7928 7145 96 6910 
326 128 381 0 0 0 257 512 147 250 260 31 5905 5811 6849 808 3397 7135 545 3542 4643 1133 6788 4789 2052 2464 2572 2180 7910 2451 4251 3885 3352 3922 7679 420 2147 7121 5423 5395 6858 4013 2017 
327 128 381 147 0 0 257 512 246 250 260 32 7838 86 4463 4233 2226 7011 6694 6877 1774 3759 5261 7318 4067 1442 3473 6708 6454 1705 5928 3042 369 6594 6693 1942 206 2501 6052 2067 4750 3972 6251 1245 
328 0 251 0 0 260 132 373 119 250 512 31 6867 7462 5963 2577 4517 7653 3009 1741 2527 6531 5783 7837 2841 3130 4664 7439 1761 1180 7356 5504 4607 6339 2367 871 2665 2483 6113 4625 1576 7948 7051 
329 0 251 119 0 260 132 373 246 250 512 31 3893 706 5428 5748 5317 841 7556 5968 7933 5973 6060 3135 700 7738 2114 4807 51 100 1840 5717 2210 7264 2306 3010 4073 6088 5295 3284 1970 6744 7236 
330 0 373 0 0 260 132 512 98 250 512 31 7459 1181 6626 3037 6447 3336 1421 5362 3635 3343 3326 2301 2066 7937 5394 7681 5404 3515 6476 891 3957 6132 1517 7727 3863 5342 4386 928 7931 325 5339 
331 0 373 98 0 260 132 512 246 250 512 32 3125 7440 1259 6656 165 4172 4399 3900 3873 1957 4950 4924 7449 3323 6682 1973 4487 5869 5237 3589 2690 7315 7585 1846 1064 7187 2059 2060 63 7500 4234 3470 
332 132 251 0 0 260 257 389 111 250 512 31 1328 2276 7047 6908 5700 7820 320 3340 5376 4699 7927 7172 4834 3391 780 5125 2939 584 3465 4665 7778 2612 6114 6429 2207 1340 7167 7497 6415 5894 5 
333 132 251 111 0 260 257 389 246 250 512 31 1052 3548 3996 121 1150 1347 5063 3088 4746 3579 42 7753 4835 2322 1249 906 4659 265 4983 1732 228 150 3942 46 1822 2617 4111 2001 5778 5671 5813 
334 132 389 0 0 260 257 512 104 250 512 31 2884 2404 6837 7712 5084 192 7804 5393 2358 1199 3185 4614 2324 2429 2398 811 2800 2279 4112 2513 2765 6885 1557 7795 4692 2459 7575 1906 2584 4363 1848 
335 132 389 104 0 260 257 512 246 250 512 32 594 1606 7471 6843 7816 1546 6440 5791 7319 5908 6468 850 5527 3119 4552 6559 1072 1625 4811 4343 2109 2401 36 6968 4530 181 5517 2004 6574 6117 4673 3716 
336 0 251 0 250 0 123 391 97 512 264 31 6507 227 1750 1634 7279 1294 1389 3218 6079 486 714 4521 5375 880 6762 1564 3390 7106 6983 4110 7038 6201 7662 1105 7591 3192 7926 1370 2187 3748 7584 
337 0 251 97 250 0 123 391 246 512 264 31 5915 1888 6643 6170 533 7372 5943 3825 7597 7457 2785 3384 1372 5892 5846 3660 793 2992 4387 1561 5771 2293 670 5081 801 1255 276 2900 4712 7844 146 
338 0 391 0 250 0 123 512 122 512 264 31 1471 6935 6303 6233 5794 1636 7703 6701 7798 3774 6111 5255 6428 6936 7911 213 1283 1114 1624 3016 3703 7855 105 5627 1330 1314 4550 1432 299 6918 741 
339 0 391 122 250 0 123 512 246 512 264 32 3000 5196 4350 3430 5121 6879 1898 295 7378 7127 4907 7421 3951 4043 653 383 4479 7358 7017 6942 493 17 1491 2786 1412 430 4708 216 7306 5718 52 5714 
340 123 251 0 250 0 257 359 91 512 264 31 244 2530 905 243 4127 6158 6563 2940 5378 2223 4299 806 1395 5981 873 2410 4514 5759 5967 3896 7235 3004 3912 1851 2763 5691 2341 5432 2916 4391 5934 
341 123 251 91 250 0 257 359 246 512 264 31 6745 56 139 5039 6883 991 622 3599 5066 4421 6351 1398 5993 4031 1605 6319 6187 2366 421 516 3400 1338 2828 1196 5456 3907 1260 4751 5852 6958 4225 
342 123 359 0 250 0 257 512 109 512 264 31 5522 7234 3549 5387 3539 2706 2316 6033 4369 4065 7228 2013 3407 6844 7718 202 399 116 6279 5769 2591 3451 6934 6772 5798 711 6800 5011 7320 2933 7776 
343 123 359 109 250 0 257 512 246 512 264 32 1135 6405 6431 4002 2542 3800 311 3508 5042 1633 7509 149 236 4154 1198 6765 7660 2232 7792 5288 5492 7519 7094 3762 5679 1280 3201 7619 3906 3897 1776 5178 
344 0 251 0 250 264 123 369 136 512 512 31 1435 1115 1783 5442 4159 3484 187 569 4176 4270 7100 7292 3678 1864 5472 1212 1742 3319 7617 611 5964 2512 6651 5267 4431 903 6402 1468 375 6028 6007 
345 0 251 136 250 264 123 369 246 512 512 31 238 3082 2215 158 5539 1162 4602 6036 3144 3630 7828 7964 955 3366 3949 7312 7553 4703 3836 3154 6313 7649 3244 4472 7237 6050 5749 2181 285 4995 5954 
346 0 369 0 250 264 123 512 109 512 512 31 1756 4985 7139 963 6014 2157 7907 261 5609 4668 3657 4325 4883 3998 3172 2266 982 3702 4098 7908 7541 2361 2463 7770 915 7218 2055 952 7677 6343 6845 
347 0 369 109 250 264 123 512 246 512 512 32 3642 5684 6142 1725 70 7988 7431 781 2539 4756 7394 5322 1549 556 4593 328 6642 7657 7972 4707 203 1773 1753 4937 6059 4336 4200 1708 5319 7015 6660 5450 
348 123 251 0 250 264 257 362 107 512 512 31 2131 1824 6443 1813 4197 2003 1182 7978 2918 7758 7058 5433 7099 2177 4565 5452 7655 5292 118 4904 7348 4542 4273 7590 2414 191 3723 7328 5880 6016 6093 
349 123 251 107 250 264 257 362 246 512 512 31 1039 5049 5699 5129 4239 5093 2554 3132 74 3396 2638 2375 3214 7874 5893 7999 829 5878 920 3333 1293 1474 4045 7900 4603 1214 2746 6010 4646 6442 6150 
350 123 362 0 250 264 257 512 132 512 512 31 5164 7383 4287 7031 2357 4653 5491 5361 4541 6539 334 7760 3560 7166 5425 7090 7879 5416 1938 7696 7155 6661 2641 3744 4806 1933 4855 7860 5630 2814 5316 
351 123 362 132 250 264 257 512 246 512 512 32 6679 1929 5619 6174 2670 2061 2967 1635 3956 1267 7785 1575 3892 2190 4821 1562 6327 7528 3255 724 7880 5440 3604 3482 7741 6261 6485 1978 3594 887 1496 3887 
352 0 251 246 0 0 119 391 352 255 246 31 529 1084 5417 6278 3348 5383 7929 4990 6795 5502 738 6382 875 5243 3627 4182 6510 2735 7055 2320 5060 6692 4582 3412 5078 1671 344 5885 7104 5069 3351 
353 0 251 352 0 0 119 391 512 255 246 31 5072 7548 1500 3673 7248 6842 5816 1313 6298 2047 5545 2656 3474 7925 4605 908 5750 2917 1686 7116 3021 5418 543 5695 7206 7184 3096 6724 677 6945 2792 
354 0 391 246 0 0 119 512 387 255 246 31 777 205 554 217 5629 2796 4025 5464 7354 3375 4591 2644 6195 1785 5763 5296 5298 5713 943 3526 1642 760 3670 4797 5832 6167 5572 4306 1729 1499 2582 
355 0 391 387 0 0 119 512 512 255 246 32 4345 2608 5284 3098 2491 6243 1700 1467 7282 1051 319 2134 1207 6203 5696 2309 60 1178 2489 1862 3124 7128 7958 3977 5277 698 7162 1954 5245 7181 196 5773 
356 119 251 246 0 0 257 375 379 255 246 31 5211 7566 2043 5359 7615 6726 7708 1986 803 4779 4019 4504 3928 6038 5647 4497 544 6365 757 4862 3872 3078 5580 2605 3712 2253 2228 7301 5820 7314 3433 
357 119 251 379 0 0 257 375 512 255 246 31 1011 5263 797 1544 1565 4747 2171 6721 4917 3736 7295 3625 6785 6688 7704 1223 3621 1963 4499 1728 3675 4837 5142 2399 6301 445 3205 4243 4889 6669 691 
358 119 375 246 0 0 257 512 369 255 246 31 7291 2174 5891 1524 99 4173 3026 3971 1809 1485 7375 4786 2810 3007 6622 3831 3485 394 2493 531 7869 5186 7059 1470 3946 5309 1130 5099 6725 4232 6364 
359 119 375 369 0 0 257 512 512 255 246 32 3359 5938 7347 4968 3278 2773 3181 581 215 7495 5351 4508 1486 6105 7278 6416 1711 2142 5033 6424 4583 6379 7565 5941 5222 6456 1726 5655 7338 4733 5605 422 
360 0 251 246 0 246 114 402 402 255 512 31 2430 4491 2652 4265 3427 5874 505 2756 294 157 7998 6932 3077 5470 4640 1631 546 773 6391 7607 6778 4190 7739 6223 403 7298 6352 662 3350 3034 5640 
361 0 251 402 0 246 114 402 512 255 512 31 696 6850 5467 7629 4366 2635 7362 170 3610 3649 6993 4902 5390 972 6000 5753 4781 2132 1145 5219 1071 6734 2284 5529 6984 6061 5118 3952 4468 7119 4278 
362 0 402 246 0 246 114 512 401 255 512 31 3767 5848 7942 4826 5124 5103 879 7595 3134 5972 3089 7791 4418 3658 6995 2261 3048 634 6923 7706 5264 3109 3247 867 6305 12 1083 7596 7980 3074 5437 
363 0 402 401 0 246 114 512 512 255 512 32 3462 1174 7646 7494 4359 5936 998 3937 2023 7570 1749 2423 1683 1769 4940 5969 5632 5094 6814 2354 5003 7506 3671 3386 5290 3941 4825 5622 701 6793 2486 775 
364 114 251 246 0 246 257 385 355 255 512 31 7955 5320 1734 1045 1159 6287 4478 4064 4268 1362 3296 3844 286 7857 3090 448 7268 2960 3544 6703 6272 5314 7574 1880 7840 2826 6581 1278 6444 5557 3322 
365 114 251 355 0 246 257 385 512 255 512 31 5650 6851 3781 2286 4592 2775 335 2162 3217 560 4104 6907 7245 2550 4044 7028 2200 5477 7485 3775 4587 5256 7887 7943 3126 767 815 1607 4260 3480 4829 
366 114 385 246 0 246 257 512 361 255 512 31 2678 5829 1033 6685 4289 5826 266 6418 6069 2368 1619 3148 1714 4556 342 6592 34 6406 6987 7288 2682 6326 4383 2521 6019 5097 2571 3272 6971 2704 2203 
367 114 385 361 0 246 257 512 512 255 512 32 6308 4037 3256 2573 5008 3985 1930 5234 2607 2201 5247 4143 6718 2386 5757 7221 5535 877 1937 7420 7850 4637 602 7676 2734 2615 5729 7762 128 3546 2378 2830 
368 0 251 246 255 0 122 357 376 512 266 31 4683 4714 151 4531 1754 5862 1224 2407 2724 1830 3506 4061 6248 4930 2538 5822 3851 7103 945 4818 4230 6072 1825 1826 7089 6583 4539 145 4341 1684 6576 
369 0 251 376 255 0 122 357 512 512 266 31 267 4406 2654 7474 2342 349 2664 5032 179 6579 2360 837 7194 5207 7567 5975 4358 635 2048 5727 6296 2374 1669 1925 3450 2693 2381 6917 357 1858 2088 
370 0 357 246 255 0 122 512 375 512 266 31 6103 7192 4466 3003 1679 4887 6357 2310 2126 580 6392 3808 5834 3288 2283 4493 796 5697 6459 6803 3237 2123 6450 5841 1542 4717 3939 2649 471 3180 3801 
371 0 357 375 255 0 122 512 512 512 266 32 1901 2954 1165 4338 3438 72 1447 5594 782 6605 3734 1993 3325 290 271 4272 482 7715 5070 1284 4638 3848 6157 4324 2458 2285 5548 2062 886 1525 4764 2388 
372 122 251 246 255 0 257 392 389 512 266 31 7903 2723 1458 7271 3738 2597 5514 4816 3015 6153 2514 1037 6026 2526 3568 6332 7309 2202 6020 5047 655 1232 7921 6683 5324 7515 3187 4093 6063 5983 2552 
373 122 251 389 255 0 257 392 512 512 266 31 4304 2999 4713 561 7724 6412 7004 2033 7531 5445 7453 6906 1603 5737 5552 3321 4214 6073 4157 7170 3017 7054 3641 1780 800 3472 6900 2115 2666 223 497 
374 122 392 246 255 0 257 512 382 512 266 31 6324 5578 1983 4408 7469 5368 15 715 5777 5484 5694 5407 831 3434 2771 3629 7353 7370 2037 924 1022 2269 1853 1955 2911 5720 3776 5348 1871 633 2719 
375 122 392 382 255 0 257 512 512 512 266 32 3385 6009 5300 5642 3838 3504 2355 5242 316 5519 6227 1104 1746 1132 1176 3410 1505 6938 2225 4378 2626 5944 5510 5055 7848 4247 2914 337 4446 5703 3379 2505 
376 0 251 246 255 266 136 370 382 512 512 31 7253 1784 2467 6494 2732 3213 6847 4509 2311 709 3276 6235 3012 3633 4376 4963 5074 6821 3795 1016 4678 4313 4195 7270 4079 7819 3421 6277 5241 7707 5195 
377 0 251 382 255 266 136 370 512 512 512 31 5441 4279 4553 6463 1717 3558 6411 4875 340 7965 1252 1655 1360 7604 293 4198 1028 4919 90 2742 6024 4516 3737 7093 7845 2213 4255 2040 517 259 7529 
378 0 370 246 255 266 136 512 375 512 512 31 7437 1579 3891 5966 3479 3727 1000 5105 2140 3919 2752 4170 2089 3471 2412 956 2438 4323 3369 2808 4636 4016 4213 7536 257 4056 7952 4222 6894 494 515 
379 0 370 375 255 266 136 512 512 512 512 32 1262 4397 1527 138 2898 3398 3773 4005 3332 6963 1103 4475 7308 1539 4126 2042 7296 6462 7747 7422 5971 3020 4823 3136 5599 1560 1183 4647 699 4072 4102 7890 
380 136 251 246 255 266 257 371 380 512 512 31 474 3796 3226 2178 5738 4796 2997 333 2507 7621 1068 4000 5608 7482 425 1958 2275 1029 7359 7691 4152 4609 28 5528 5724 3867 32 3478 2975 5784 2488 
381 136 251 380 255 266 257 371 512 512 512 31 1126 1698 4691 4799 6159 5220 4388 3574 6863 7390 1080 3266 2568 7242 2085 2425 7754 1270 6719 4125 7382 740 4612 4839 2984 1220 2274 2965 4012 1559 6039 
382 136 371 246 255 266 257 512 378 512 512 31 7745 7742 6956 6242 5823 4461 6522 4573 7750 5023 5525 464 5658 5897 2212 1227 6473 7640 222 4965 256 4365 3572 2104 477 7126 1013 7202 4626 974 7883 
383 136 371 378 255 266 257 512 512 512 512 32 3234 5711 1599 230 599 7220 1301 7821 2819 585 4774 4237 7195 7645 809 2373 5945 3993 6761 470 3263 1610 6779 3932 1377 4015 7321 7725 6695 1149 4240 944 
384 257 0 0 0 0 383 129 141 250 231 31 1315 4745 5041 7488 2387 7079 1385 4641 628 942 6720 1014 4802 87 3688 747 5238 4257 4848 3488 3756 3777 3457 6 2964 2833 326 6871 5613 6346 5888 
385 257 0 141 0 0 383 129 248 250 231 31 2695 2798 3745 1759 1828 3835 6143 6065 5659 5419 2548 2985 5013 6161 4042 4899 4762 4831 7113 1764 1523 2948 2082 1998 188 1336 2687 7310 666 5961 1676 
386 257 129 0 0 0 383 255 123 250 231 31 338 1298 1541 4174 2751 1229 7456 5214 4903 7986 824 6333 6497 4448 5136 4022 1350 6878 1876 1637 6162 6475 7374 4354 3370 1060 2095 7624 2302 6769 6479 
387 257 129 123 0 0 383 255 248 250 231 32 7156 2647 964 7768 6208 3452 4561 5175 1286 3532 5625 2549 3590 4710 2128 2855 20 2659 487 5396 6546 7503 5800 1195 7909 6738 5515 3523 3813 5719 1520 7523 
388 383 0 0 0 0 512 129 118 250 231 31 1065 2163 1087 7293 1264 1697 557 1838 695 6131 6262 4256 2611 5687 6667 2471 6737 5567 4139 1101 4116 929 4314 6933 186 6122 1450 4140 4758 5257 1793 
389 383 0 118 0 0 512 129 248 250 231 31 1107 7522 6893 7049 4689 3601 305 833 3216 2936 4441 789 1964 588 6750 3353 3492 5533 54 735 1302 969 1897 1581 5521 7542 4001 3221 1239 6620 3466 
390 383 129 0 0 0 512 255 120 250 231 31 4720 763 525 3228 4892 4356 7774 4185 7102 284 4694 7311 1111 973 389 2091 3329 2579 5526 2909 1169 6915 559 1563 4340 7317 4805 1948 3681 3895 3405 
391 383 129 120 0 0 512 255 248 250 231 32 1492 5302 6717 1692 4153 4385 5283 3475 7426 1027 2864 2598 3665 5661 3823 3645 3235 6702 4348 678 2788 746 4305 2 6477 5161 6288 5127 33 3683 2492 7337 
392 257 0 0 0 231 371 149 132 250 512 31 7199 4084 7559 5530 194 4500 234 7247 6464 1996 7280 361 1628 3069 4931 88 314 2214 5886 6366 4175 6503 4966 779 5002 7 7920 7157 6221 6368 500 
393 257 0 132 0 231 371 149 248 250 512 31 2776 1617 1835 7713 7193 40 6056 2913 2973 839 4734 2065 6809 524 5793 7849 3414 5677 3789 3308 5562 6300 970 7241 69 847 1364 378 7057 2072 1378 
394 257 149 0 0 231 371 255 128 250 512 31 913 3335 1202 5987 1374 367 597 5459 2348 6555 101 6449 7552 1689 1445 2578 1620 1931 5018 2903 5761 7067 3289 6414 5184 5017 2479 2639 5673 927 1097 
395 257 149 128 0 231 371 255 248 250 512 32 6886 6274 1200 4513 3280 7716 6529 1305 5676 2250 1752 4844 3064 884 6730 3987 3380 5083 1905 44 6816 4462 3974 5672 5649 3915 6492 5422 4709 2922 893 6400 
396 371 0 0 0 231 512 125 108 250 512 31 6966 4322 7862 2312 4976 6292 428 7114 1662 6654 4288 1503 435 3159 1024 1201 22 5201 2345 6599 5218 3634 1428 2079 253 3338 836 5279 5228 7391 7414 
397 371 0 108 0 231 512 125 248 250 512 31 6018 2024 7974 3530 1672 5743 1707 125 2263 4569 6609 4518 3030 6396 6881 190 5566 3499 7737 1096 7020 49 4724 2862 2236 2565 5301 5449 2151 6615 6860 
398 371 125 0 0 231 512 255 130 250 512 31 6515 3116 7406 4367 2156 2941 5403 2791 4661 1002 2744 2440 6370 7516 7424 4423 136 5401 4876 5150 7846 5160 4586 81 7994 1981 7577 7749 1719 6403 4486 
399 371 125 130 0 231 512 255 248 250 512 32 7393 3970 3440 6286 7371 10 1779 6774 4700 152 2901 4836 2101 3279 2603 7442 122 5926 2431 6547 4133 1339 2774 1976 2781 4697 3419 104 4041 5253 1991 5689 
400 257 0 0 250 0 379 128 144 512 265 31 2198 6624 7486 1141 4032 4068 343 7476 4850 7129 2230 7717 6687 5546 2346 7140 3164 2000 5762 6649 1758 5285 5818 5451 7800 1902 461 6585 587 6092 6040 
401 257 0 144 250 0 379 128 248 512 265 31 7413 7521 3815 7012 7161 1768 2835 4512 4878 5266 7071 665 6812 7463 1946 1612 959 7953 4428 7656 1091 2702 783 5250 3905 7493 601 218 5466 2465 5847 
402 257 128 0 250 0 379 255 121 512 265 31 5824 7138 1585 7561 625 1943 1890 985 5381 7610 1895 6568 921 4594 4726 652 865 708 3778 3997 304 5187 2332 5682 5850 1903 4945 2371 279 3753 1608 
403 257 128 121 250 0 379 255 248 512 265 32 6273 7940 4957 1392 1343 1913 3415 3394 5636 4162 6775 5965 2008 7448 5056 1595 2529 5910 3219 1900 4329 4038 3730 2219 1272 620 4470 6386 3804 3853 6825 345 
404 379 0 0 250 0 512 106 122 512 265 31 7632 6306 6668 6520 7701 3331 3980 3346 5735 366 4027 4773 6099 5089 1059 4473 1475 4890 3705 1790 986 6430 1088 282 2434 4009 7782 4114 4148 5365 4394 
405 379 0 122 250 0 512 106 248 512 265 31 7133 2842 1678 6461 5536 5986 511 5191 1953 1771 173 5345 2592 1106 450 1691 4142 1368 2450 820 4122 4648 274 4180 3131 1413 1770 6348 7082 2475 1393 
406 379 106 0 250 0 512 255 107 512 265 31 5812 3731 5254 878 7207 5354 1094 5782 5909 4464 7499 7847 4658 5602 4652 7534 7769 3780 2270 7169 7484 6530 563 4277 3682 411 6514 2745 50 5246 3661 
407 379 106 107 250 0 512 255 248 512 265 32 6136 3382 2994 5151 3265 5157 1731 7214 467 423 371 5919 1066 6714 3316 3566 7780 4264 4285 77 5789 3577 4932 3883 4393 1156 2865 1290 2637 4298 1289 6637 
408 257 0 0 250 265 381 126 146 512 512 31 7363 7489 4315 1530 4379 3923 3524 3043 4494 3758 6048 4215 6029 29 5244 306 2923 5149 2596 7806 5819 2395 3324 5162 6964 3916 2027 3869 5073 2809 6407 
409 257 0 146 250 265 381 126 248 512 512 31 2481 144 1236 6759 7526 5386 6854 185 4330 6347 7722 1439 2182 7502 4909 2218 410 2469 939 5494 4898 8 7325 1009 2589 4543 7368 3227 7902 6448 5100 
410 257 126 0 250 265 381 255 125 512 512 31 2882 3586 2447 5542 1701 6699 1704 607 2699 4654 1795 4052 7752 3402 239 5863 2817 473 1327 3315 4236 4100 4339 7436 1611 3540 7899 5962 6604 5931 6281 
411 257 126 125 250 265 381 255 248 512 512 32 6631 7659 6505 2692 3146 1489 5282 3538 1827 6452 2442 2433 2928 4395 6237 43 4814 2161 3792 1638 7204 3106 248 1578 97 2369 2547 1887 5188 7936 2767 7668 
412 381 0 0 250 265 512 123 146 512 512 31 2974 6700 2424 4657 1237 7551 1299 458 7009 6941 523 5988 3666 283 3570 743 2130 1639 7243 4131 7919 3437 1433 3404 949 7409 5260 1137 232 6049 4859 
413 381 0 146 250 265 512 123 248 512 512 31 661 3091 356 7896 6320 5200 6260 6678 7397 795 7801 2881 3507 7222 6929 4349 567 5197 7930 7088 4130 1652 2993 251 3250 3013 6493 7332 6496 346 3612 
414 381 123 0 250 265 512 255 112 512 512 31 176 3376 6771 1990 3676 6472 1225 676 2832 7688 7512 2240 2256 2129 5259 3623 3644 6212 6544 2574 931 324 6323 6996 3264 582 5374 1873 4194 2650 5356 
415 381 123 112 250 265 512 255 248 512 512 32 7501 862 1184 3884 7239 5984 7606 5844 6999 5768 5653 6741 6857 6833 882 3934 7912 3527 1210 5912 7112 2036 3791 5488 6284 4271 4495 6487 734 1118 5053 6361 
416 257 0 248 0 0 379 119 367 235 238 31 2831 2485 4954 5895 2382 5927 2606 5336 6178 3033 6080 7599 109 3788 4877 1050 5216 4978 645 400 1627 3654 4728 3979 527 1529 1179 5372 4171 5942 3463 
417 257 0 367 0 0 379 119 512 235 238 31 3468 2520 3882 3083 1815 7705 5591 901 526 2064 1537 2660 2943 586 1511 4106 5634 3587 7081 3908 881 2628 6612 576 6677 7976 2504 4138 2338 4527 5230 
418 257 119 248 0 0 379 255 386 235 238 31 7417 6031 5145 4498 2472 4537 1036 4801 5990 4551 4150 6953 1718 5746 6930 4994 7671 6214 5065 4525 377 7141 759 2840 5388 7866 4982 7957 3293 3138 1821 
419 257 119 386 0 0 379 255 512 235 238 32 2971 7238 3580 1143 5481 2397 5996 3861 4266 2905 1417 535 7148 3910 4742 135 3715 6490 1966 7498 4777 3022 818 1772 6927 7829 2614 5405 4411 4869 5436 5524 
420 379 0 248 0 0 512 136 363 235 238 31 4440 3147 1090 3006 7873 2477 2725 3312 5274 6949 1493 5040 5360 250 6004 3606 3031 111 2046 727 6289 451 226 5209 5991 429 7445 7579 2983 3794 7205 
421 379 0 363 0 0 512 136 512 235 238 31 7396 3238 4675 3700 6896 7905 1043 300 2990 331 5307 2623 307 2470 3564 7281 4389 5792 7766 210 3065 4503 4078 3139 5399 260 6410 3295 398 671 6466 
422 379 136 248 0 0 512 255 381 235 238 31 6151 954 4663 7350 6395 4123 898 2966 5044 7533 13 19 4426 2748 1300 5221 7136 7811 4134 7244 4604 3571 5468 5143 6789 3018 3550 4914 4415 6638 1584 
423 379 136 381 0 0 512 255 512 235 238 32 3110 5906 3206 3847 3428 4660 6097 1999 4775 5712 1042 3019 5180 7678 5071 5641 5958 6388 2005 6240 263 2716 212 7581 4303 1583 987 3552 3156 962 812 1335 
424 257 0 248 0 238 381 110 370 235 512 31 6309 233 2408 2870 2443 5879 3875 2669 1 5922 7075 5725 3757 6768 4613 5643 5323 2173 4333 132 2154 1837 5358 2793 7612 7008 2570 3742 3505 7480 7178 
425 257 0 370 0 238 381 110 512 235 512 31 1127 1889 5959 5554 7959 4212 2856 370 2553 1425 7232 4189 2924 143 7046 200 6887 7364 6331 2011 224 5574 2097 7941 455 7808 667 6253 5923 2516 7651 
426 257 110 248 0 238 381 255 374 235 512 31 2753 3920 4146 722 1329 2420 5709 551 5873 5744 7151 3150 6091 1077 4006 1514 7334 6916 6957 7871 4483 4420 5076 981 3958 3494 6978 2872 6359 7286 5028 
427 257 110 374 0 238 381 255 512 235 512 32 2446 6948 728 5900 3955 4160 7250 432 496 4597 359 1151 948 164 540 6676 7962 6495 7025 5896 536 591 6394 3770 6925 3651 3095 6979 6046 4589 5621 5585 
428 381 0 248 0 238 512 137 378 235 512 31 4396 2648 59 3849 7592 4522 7614 4481 7085 1034 3628 3028 1193 2249 2655 909 7152 5833 6550 5523 5501 3811 6607 6112 1427 3531 761 4326 6446 5612 4490 
429 381 0 378 0 238 512 137 512 235 512 31 3784 7549 1602 5198 45 2135 2237 1409 521 2323 1354 4400 1882 1282 7027 7117 613 2063 5870 7355 57 3204 1807 156 6271 5558 7023 2839 7132 4972 4771 
430 381 137 248 0 238 512 255 390 235 512 31 5115 1424 2953 4622 5088 7322 7472 4624 5226 479 2111 6015 5576 1007 1429 7836 6270 876 6269 7483 1865 6317 3117 5730 6330 4868 6419 171 2363 5132 3303 
431 381 137 390 0 238 512 255 512 235 512 32 1355 1977 5668 1650 2413 3929 835 193 1261 7859 2581 211 5683 6106 3424 308 3797 130 3611 7077 381 3036 7608 4293 2238 1317 3537 7540 7376 1240 4739 2653 
432 257 0 248 235 0 387 117 374 512 246 31 4690 5171 1438 392 460 1833 4519 6145 6384 7598 2946 5223 6205 3643 3409 2084 694 229 6067 6872 2910 992 7290 5054 562 4949 6186 3613 1203 1190 7033 
433 257 0 374 235 0 387 117 512 512 246 31 6360 1296 2631 565 4526 2846 2272 2456 2113 5014 6614 1035 7842 3259 6118 3425 2054 2356 6071 5453 3584 3983 2907 6057 1406 5887 2620 201 7466 4815 7217 
434 257 117 248 235 0 387 255 372 512 246 31 2365 1348 1403 6120 4003 2118 416 6027 2714 3874 2789 7021 6912 686 195 2148 4842 5112 7856 3820 1461 3768 6657 6982 107 4879 6991 2945 3617 5169 2677 
435 257 117 372 235 0 387 255 512 512 246 32 2675 4864 6338 1481 6491 480 3967 3647 66 3637 6831 7056 5163 3044 6728 4203 989 507 4344 2321 3399 6543 852 1852 5690 6538 1939 1478 7061 1920 3704 4080 
436 387 0 248 235 0 512 139 387 512 246 31 6674 3994 5603 268 5946 5379 4368 6481 7693 4794 76 5122 1659 7895 93 386 3467 4882 7638 501 2336 4540 4207 2403 6527 2604 140 5797 6340 2308 1767 
437 387 0 387 235 0 512 139 512 512 246 31 3327 6509 2016 754 7680 4089 6671 5914 7465 4701 6937 659 7226 7273 1206 7352 1859 4049 1709 382 7891 5688 385 4361 7812 752 1688 5064 2845 3711 874 
438 387 139 248 235 0 512 255 368 512 246 31 6006 4585 3988 3578 3207 900 6856 4706 6165 1453 2426 5871 6763 4282 7385 4245 2731 4730 2503 4987 4749 7441 6455 575 1411 3886 3133 1960 5408 3752 4824 
439 387 139 368 235 0 512 255 512 512 246 32 4029 3652 6813 3251 4181 83 3680 6100 1651 6911 2681 6163 1720 6663 4107 5856 7030 6525 7807 4677 3273 7443 7395 4244 3115 1053 1482 5212 6593 2217 4935 1274 
440 257 0 248 235 246 375 122 408 512 512 31 5715 2594 7865 7159 7723 7971 616 7797 6541 5547 7427 4113 7504 5438 4568 5628 504 2195 384 2168 7944 2749 4763 2625 932 4097 6951 4682 994 528 7557 
441 257 0 408 235 246 375 122 512 512 512 31 4246 3236 4457 7877 1816 2155 1934 1513 1396 3782 168 2726 5430 4547 5814 4927 3246 4447 6199 2137 2050 5380 7252 6116 5843 1881 1158 3841 91 7158 4667 
442 257 122 248 235 246 375 255 382 512 512 31 6051 5370 1345 7367 4896 5012 3857 5202 1528 3694 539 5091 6502 5352 4617 2893 6950 4248 3330 2394 4808 5057 4705 1379 4886 2560 7475 278 2422 1896 6090 
443 257 122 382 235 246 375 255 512 512 512 32 1233 2780 1109 6898 4374 2968 1112 3420 5131 589 7381 297 7118 3449 3161 5476 7991 925 7153 5795 2222 7105 2476 6197 4124 6321 3162 7775 5153 5806 5397 7091 
444 375 0 248 235 246 512 144 374 512 512 31 6548 657 1018 4275 1366 3501 5741 1359 6441 6752 3692 7803 3760 3640 6976 5907 2021 7898 1923 1216 6109 7122 6435 4051 7096 6078 5670 78 7326 3392 4253 
445 375 0 374 235 246 512 144 512 512 512 31 2851 6922 7867 940 717 2280 4429 6673 899 4953 1872 1735 2007 7809 246 5229 6135 7702 1153 4923 6709 4196 1170 3522 1154 391 5443 2189 5315 7786 407 
446 375 144 248 235 246 512 255 374 512 512 31 5363 6952 3151 1472 1598 4977 3349 1516 4382 3626 503 4184 6474 2288 67 330 4627 3802 6558 918 1623 1324 570 612 137 2409 3121 4296 3209 7554 953 
447 375 144 374 235 246 512 255 512 512 512 32 1056 2858 3225 2078 7586 1358 6554 7429 3168 1538 2117 2319 6873 5710 3118 6066 1246 3520 3079 2770 6504 2688 6777 2755 6043 832 7897 5508 5239 4752 272 1251 
448 257 255 0 0 0 380 369 121 241 246 31 6083 2689 4183 506 3454 4577 3403 3959 5593 4211 2522 3163 7277 6791 2912 1046 4050 861 6556 2432 5009 124 6264 2674 3448 3027 6830 4053 3605 4576 68 
449 257 255 121 0 0 380 369 259 241 246 31 6921 7935 6234 1479 3367 4218 4598 5471 4770 2962 5037 684 95 7826 4511 354 804 6662 2035 1275 225 5077 5420 393 495 3516 6011 1365 1950 1501 7276 
450 257 369 0 0 0 380 512 138 241 246 31 6970 4224 1586 5328 680 6499 3160 7832 4137 2685 5275 6421 2836 6690 5166 347 2227 7789 5758 1814 6207 4944 2478 5584 5293 1885 1870 291 4838 629 1567 
451 257 369 138 0 0 380 512 259 241 246 32 2991 484 3309 3211 112 4791 273 2576 5540 2233 6710 733 7329 3865 23 844 7868 2888 3862 1307 2107 1459 4645 476 6085 3277 485 5203 3582 1509 3152 1866 
452 380 255 0 0 0 512 377 132 241 246 31 1189 2188 1356 3281 790 3785 2811 6630 4921 5327 6194 6985 2779 5205 7993 2627 3307 2821 6128 4334 61 3839 6125 7881 6236 7616 4984 327 7002 5939 6862 
453 380 255 132 0 0 512 377 259 241 246 31 3948 5827 6817 5828 5424 7593 7095 4269 7418 7714 2405 4651 4849 7275 7524 4761 3600 5159 2417 1488 2041 4161 1860 7076 4964 2904 2601 2300 3388 4276 7698 
454 380 377 0 0 0 512 512 146 241 246 31 7487 453 4425 2100 405 2015 7007 1464 7342 4579 1383 5767 5406 6316 2260 639 2255 7665 1668 2506 3313 6802 6344 1291 5460 7602 2906 5276 5977 1724 2351 
455 380 377 146 0 0 512 512 259 241 246 32 3840 1451 3360 117 6561 1334 7146 6404 4753 6641 6566 7080 7818 7583 1015 5706 242 5845 5194 2268 7269 2528 2164 690 4845 7761 4101 888 254 126 669 4128 
456 257 255 0 0 246 386 392 152 241 512 31 532 7934 5429 5665 1441 5413 5087 2849 756 2009 5571 3253 762 6589 5701 902 4435 4147 2877 2247 1841 2531 2370 3374 6200 5995 7029 5439 1038 6283 5294 
457 257 255 152 0 246 386 392 259 241 512 31 626 4901 5999 7813 1310 6068 7176 7060 3528 6855 6398 7265 742 2761 3222 2138 2051 1191 6228 2580 2937 6526 5825 7305 2563 1737 3301 336 313 807 2497 
458 257 392 0 0 246 386 512 137 241 512 31 692 7349 6218 7164 3257 5842 4696 1868 5176 7973 5075 6337 2972 710 355 3696 7225 4970 7154 6644 4873 7037 7736 5716 1548 1408 6247 4092 4094 4335 469 
459 257 392 137 0 246 386 512 259 241 512 32 1418 7537 6981 4803 7386 4364 1073 5702 1922 1877 3416 4536 2159 1466 3483 771 3672 5199 7700 2208 3142 2537 4413 2701 7572 3950 183 4711 2686 3803 4186 5739 
460 386 255 0 0 246 512 375 157 241 512 31 2668 7538 4783 2569 6055 7654 5595 1566 3749 5598 5648 4046 7894 889 5092 1849 2439 3975 6562 5933 4679 1215 6314 3927 5532 1687 6773 3038 7185 1469 3593 
461 386 255 157 0 246 512 375 259 241 512 31 5680 4827 7398 6665 1911 784 7330 4785 4566 7389 5728 131 5303 1522 3567 7514 3431 376 4082 1498 1820 2435 5135 7478 5291 3372 5747 6437 4401 2133 1075 
462 386 375 0 0 246 512 512 154 241 512 31 2952 3888 1908 7633 4578 2315 1273 5183 2224 5867 5781 397 31 5085 1914 7605 4151 3918 5204 2559 6859 6967 7734 1265 3829 1591 4199 2743 5475 5412 7182 
463 386 375 154 0 246 512 512 259 241 512 32 2523 4635 5273 1836 6422 6961 4988 6636 1069 1972 5272 7062 7603 1436 2258 2239 48 1057 1680 997 6126 658 79 82 5167 3111 7578 1277 4843 4695 5271 6152 
464 257 255 0 241 0 393 394 128 512 257 31 3269 3543 2583 1949 5158 4167 6919 3708 1476 3554 2760 5482 5685 1361 6003 713 4081 7313 4063 1402 572 6533 6123 3911 7589 3196 4819 4090 3105 1008 7336 
465 257 255 128 241 0 393 394 259 512 257 31 339 3953 5156 6557 110 5287 1102 7667 968 7186 184 3195 4841 6519 870 6137 3691 7628 1146 1213 3518 2500 4939 7765 1744 1892 6943 7637 5050 2857 7772 
466 257 394 0 241 0 393 512 114 512 257 31 134 6500 2326 1875 7580 3174 1919 7078 3616 103 6742 3129 4492 1344 5398 7177 548 672 5462 7190 1874 4693 4054 6990 5278 7316 4417 2289 5026 2643 1078 
467 257 394 114 241 0 393 512 259 512 257 32 6342 3408 5707 7404 2562 6901 1962 3294 7388 5872 5772 1812 5165 2961 4991 3 6670 4975 3355 2518 2868 6480 7345 1630 1777 7084 7052 2816 530 489 2480 7956 
468 393 255 0 241 0 512 394 125 512 257 31 3981 368 6782 6245 2461 1388 7125 1656 764 4033 2170 2339 4809 7872 5389 3619 4311 6899 2712 1120 1763 5297 3519 3636 6640 1787 1663 5790 1086 6224 4316 
469 393 255 125 241 0 512 394 259 512 257 31 2160 7304 2379 6820 5774 4891 3588 3101 4249 1288 6084 2658 6146 1382 1332 2296 5573 7163 6263 2970 1390 1452 6328 6652 5656 5929 3822 6511 3534 7101 4655 
470 393 394 0 241 0 512 512 118 512 257 31 3871 7470 3241 1854 6796 4229 7932 6567 5904 4727 7639 5232 2672 7083 6823 5498 1570 2738 5280 2541 2555 2045 1070 1594 6417 5148 4735 6076 3615 6573 5355 
471 393 394 118 241 0 512 512 259 512 257 32 4628 6977 916 650 456 4507 4853 2915 3806 3081 2086 3039 3223 5463 5505 4121 5104 5831 6723 1415 2185 5506 6608 3679 7425 488 2908 4674 7134 5881 5588 219 
472 257 255 0 241 257 398 373 134 512 512 31 6806 6172 379 2199 3190 4075 7546 6255 4906 2252 7684 6119 2406 2899 5185 3686 5866 894 4861 2661 5631 1643 6127 3496 2494 5637 1076 6408 1391 6211 1116 
473 257 255 134 241 257 398 373 259 512 512 31 6770 3936 2264 975 4630 6518 7783 7839 4416 5616 1675 6974 3035 6790 4731 2103 1010 258 2197 459 1597 976 6691 1855 207 6781 1702 6684 4715 2295 2343 
474 257 373 0 241 257 398 512 105 512 512 31 438 6413 2385 5344 5461 5555 3805 7069 6267 7256 123 6082 7982 3493 6864 7853 1025 2825 6534 1308 4129 4342 2335 3701 4332 6818 7379 3735 1510 1508 7160 
475 257 373 105 241 257 398 512 259 512 512 32 1187 6946 4515 2120 1483 5626 3025 2452 4820 980 2944 1230 4362 3763 1473 3814 3229 163 5733 6675 7830 5030 6797 6528 426 6385 353 630 7904 4132 7387 6121 
476 398 255 0 241 257 512 382 118 512 512 31 5426 6215 2866 1867 433 869 1569 3890 2721 7142 7179 5755 2509 301 7450 643 5745 167 7444 2265 7946 1878 4936 933 5325 2416 3963 6870 1899 4405 3786 
477 398 255 118 241 257 512 382 259 512 512 31 5992 6380 4874 5144 3097 2859 957 180 231 5038 2720 7045 5173 1079 2730 5367 2586 6739 2640 1119 6799 2010 4662 5804 3943 14 3103 7709 4252 4488 352 
478 398 382 0 241 257 512 512 115 512 512 31 1647 3262 1021 4998 4402 7916 7068 4419 3931 823 401 3104 5349 5146 4817 5458 4259 1194 6107 3337 7479 2782 6545 4434 2673 3960 2098 3864 590 1547 4769 
479 398 382 115 241 257 512 512 259 512 512 32 755 2557 7510 7109 1003 2871 848 2935 2076 5854 7609 813 2834 7695 5343 1144 7188 1543 4599 1426 3173 446 7401 1306 3685 6249 4141 3622 5034 520 6180 6588 
480 257 255 259 0 0 373 377 368 265 240 31 4375 5248 6184 6582 3618 7115 6058 5776 7520 7180 4455 350 720 1085 159 214 2561 1532 606 1157 2191 3092 1363 4718 6931 1221 7635 1604 6210 4496 7817 
481 257 255 368 0 0 373 377 512 265 240 31 5565 3122 4884 2519 5326 7938 3664 7560 935 2894 39 1128 1762 6282 5586 5270 5120 7674 2277 7627 7748 2012 3476 4452 6516 2545 6902 6254 5021 5708 1173 
482 257 377 259 0 0 373 512 364 265 240 31 5664 7197 1384 3300 255 2895 707 732 737 6202 4228 7024 1804 6002 4681 7013 7906 5570 6798 5644 5726 7098 6397 5082 6423 4812 6794 6134 946 7947 2206 
483 257 377 364 0 0 373 512 512 265 240 32 3866 1521 5974 593 7634 7287 3287 6617 7835 2613 1369 7960 269 3113 318 3141 6190 2902 310 5667 3243 5029 374 5137 2824 1311 2883 2454 5306 4554 2167 5651 
484 373 255 259 0 0 512 386 383 265 240 31 7260 3011 3765 6489 3830 1325 5177 4120 1778 7219 7006 247 457 6086 858 5805 4562 3772 3826 3055 4581 3275 6783 3406 5877 5836 1168 1142 1166 5740 4290 
485 373 255 383 0 0 512 386 512 265 240 31 965 4722 1893 1723 2241 208 6401 834 4548 5902 4580 490 5000 3108 1005 4047 5606 3193 4813 5930 3999 4442 3631 3938 5889 1192 6329 6553 2762 7399 5350 
486 373 386 259 0 0 512 512 374 265 240 31 4871 7423 4467 120 4274 6101 7044 6389 1519 7323 1622 2737 6524 2683 6075 2934 6438 2815 3112 5956 6875 2949 1244 155 2325 3282 1927 5364 4760 5815 7664 
487 373 386 374 0 0 512 512 512 265 240 32 4377 3553 7527 2298 4062 6748 2073 7373 3358 668 6183 7294 2988 6646 553 6634 3973 38 2707 3992 6955 7670 6239 3254 5666 6822 5454 4938 3880 7661 41 2304 
488 257 255 259 0 240 384 401 375 265 512 31 3298 5225 3363 5577 4192 5341 2077 7841 1376 7731 6517 4443 4155 4723 7460 3283 6225 2158 6586 3377 281 7864 2028 1506 6350 1589 2927 7496 6865 1321 3930 
489 257 255 375 0 240 384 401 512 265 512 31 598 6376 2383 7710 2402 2490 2587 2328 2448 364 2867 5947 7299 177 4280 1380 2496 549 1353 4929 5473 98 5839 2314 1794 5669 6874 3947 5058 3220 6713 
490 257 401 259 0 240 384 512 384 265 512 31 842 3909 5994 6354 6369 3443 3487 5117 5638 7870 6903 5583 3393 1371 6664 6171 2818 2696 3446 6138 2044 7882 3068 4913 621 519 3925 2634 6191 5918 3809 
491 257 401 384 0 240 384 512 512 265 512 32 3317 2599 7970 3054 2462 3210 6345 7438 7777 2602 5312 3157 2890 2733 1531 1992 579 6108 2108 4454 739 2075 4986 6268 6155 4685 1894 4502 4258 7168 2139 3058 
492 384 255 259 0 240 512 385 390 265 512 31 5434 1062 6133 6089 4639 6891 6542 7987 5215 64 5035 3094 6743 3460 4716 7843 3208 5179 221 4117 3050 6096 2427 7174 7327 6564 2515 4149 6513 1781 1410 
493 384 255 390 0 240 512 385 512 265 512 31 4885 3721 2334 6094 5346 6409 941 1673 6458 289 4535 3085 5414 6156 6478 2784 2411 1988 7796 971 689 3040 7208 7246 3898 4231 7339 2482 2081 6992 6139 
494 384 385 259 0 240 512 512 362 265 512 31 5779 4187 3053 2757 675 7223 4373 2977 4436 624 75 2783 5859 2014 172 4135 4980 2556 7324 1247 5110 6265 3347 1405 415 1792 3149 3002 4670 4193 5883 
495 384 385 362 0 240 512 512 512 265 512 32 153 2886 961 1217 919 7672 5036 89 7333 6318 6834 3354 1574 5635 2327 6689 6947 1443 4856 189 3357 4008 3231 6852 4069 1533 4412 6032 4210 5499 3413 5490 
496 257 255 259 265 0 386 377 394 512 246 31 6147 7622 6629 7805 7954 6457 7726 2299 5662 7757 642 4136 6994 7143 3575 6764 5989 3687 3529 6229 1121 380 6705 3240 7539 1342 6939 7508 483 7257 5803 
497 257 255 394 265 0 386 377 512 512 246 31 6578 2920 930 4059 3607 1502 3456 7858 2887 6149 6098 1407 6053 885 1674 4398 1817 4424 1593 7922 6904 6716 1944 4555 1285 3921 1694 2380 5141 1706 1845 
498 257 377 259 265 0 386 512 373 512 246 31 4445 3646 2957 1743 6426 4833 2642 365 3314 4145 816 1309 1997 197 7230 7564 6889 6508 1279 2632 649 3940 4532 296 6997 7763 3387 4028 2705 6470 1649 
499 257 377 373 265 0 386 512 512 512 246 32 5233 2532 3710 7886 1148 6715 6054 3445 5111 5147 390 2457 855 4453 5192 7402 6535 3720 2349 7543 6523 6349 6698 2517 2787 4489 6792 5705 1677 3868 3598 4177 
500 386 255 259 265 0 512 380 366 512 246 31 6784 2058 3924 868 1333 5663 147 2110 5802 1177 2947 1980 4021 5518 6164 3655 1552 6753 617 712 745 5020 1093 4545 614 5249 7144 1375 3495 7171 4888 
501 386 255 366 265 0 512 380 512 512 246 31 1722 7647 3726 6439 5421 3603 979 2257 1886 7110 3591 4469 2885 3422 6632 4202 5116 4370 7963 2989 3267 1921 2393 1995 1449 396 2391 4337 2863 1811 3120 
502 386 380 259 265 0 512 512 366 512 246 31 2684 2616 3733 7014 2144 1959 3547 2850 3751 5046 4320 2083 148 3429 3411 3233 5810 1316 4926 1171 3904 6639 7189 4414 3292 2829 3585 977 7491 6601 4209 
503 386 380 366 265 0 512 512 512 512 246 32 437 4725 6244 1989 1556 2248 4989 3502 5005 1006 4596 240 3669 440 5152 5786 4623 2184 348 5788 550 6196 1751 3459 7618 3073 6989 4857 5623 419 5015 7825 
504 257 255 259 265 246 376 361 389 512 512 31 4915 3046 1616 2307 3845 7823 5400 1163 1572 4520 4870 7892 5140 2352 2739 7587 317 3198 3990 4261 6291 2029 6786 5299 2392 7547 5592 4166 5265 568 687 
505 257 255 389 265 246 376 361 512 512 512 31 1074 3514 6975 2534 6209 5980 1049 5589 1211 7915 819 1136 7454 1497 648 6766 5600 7979 402 3481 7558 2070 1122 2879 7767 4071 1646 7939 2087 6711 3828 
506 257 361 259 265 246 376 512 366 512 512 31 2551 3709 4407 2415 5561 3334 5402 5170 1967 2400 154 2340 1058 1349 5948 1629 3137 5817 3707 5004 3268 7092 3837 7233 2421 514 7261 1667 6838 1092 4444 
507 257 361 366 265 246 376 512 512 512 512 32 3418 6252 5849 1961 856 5321 769 1917 7107 3453 6913 4895 4798 1387 6836 2039 990 1197 3798 3260 3171 6175 1715 5495 7582 3224 7779 7284 1303 2419 3486 6115 
508 376 255 259 265 246 512 402 382 512 512 31 2540 1292 7720 6890 262 3903 2629 5860 2827 1555 7669 6290 3525 3230 1745 7771 7711 3656 7631 1098 3286 2564 1843 6577 4010 2889 5940 5564 7173 4459 2535 
509 376 255 382 265 246 512 402 512 512 512 31 7601 4738 3741 6302 1818 7003 3381 750 2092 4505 4292 6840 1526 1504 4918 749 2822 6001 7283 5513 1577 2105 3070 805 1266 3417 4744 0 4793 2291 1588 
510 376 402 259 265 246 512 512 342 512 512 31 7594 2297 627 3722 7544 1320 3500 3080 4558 1188 7297 4017 4546 3423 2759 3913 4449 5560 4672 5353 7824 3592 1661 1269 4908 1400 6610 904 3667 6666 7555 
511 376 402 342 265 246 512 512 512 512 512 32 4800 7175 2747 1258 35 372 3362 6655 1535 3432 3063 6659 4227 4804 2121 2313 373 3962 6471 1208 3706 810 7035 6880 2930 3128 7815 5101 406 4951 770 3541 
