64
64 0 0 0 6 6 6 62 3174 463 3046 2737 3581 1547 915 1905 2726 2873 1634 3198 161 1680 2814 16 3474 1045 1877 1748 2441 370 1424 890 2200 674 1138 629 3423 2288 477 450 1397 484 3250 1422 322 3640 893 1641 2508 3914 1014 586 2735 2504 3085 1674 2658 207 3815 818 445 466 2309 828 224 2525 2452 1864 288 901 
65 0 0 6 6 6 13 63 2966 3576 2014 776 3742 976 307 2613 3515 957 868 3055 2711 2562 3765 1750 188 2956 508 1076 596 540 3451 1119 1240 3779 2517 1698 1116 2290 1415 1356 970 1248 2893 2142 3678 1003 2012 1468 1606 3082 1406 745 3896 2412 863 526 1060 3473 1269 1234 109 2098 690 3140 2611 1387 426 1034 3727 2979 3158 
66 0 6 0 6 13 6 62 2693 1181 3403 1808 2759 3873 3903 1474 2817 2209 2799 2897 257 216 1951 3241 2393 154 1908 2233 3355 3601 2794 1860 1813 3346 1891 1487 2424 2394 1712 3399 3905 438 785 1512 574 3427 1964 628 1784 38 2382 458 844 3252 1036 2708 3397 2577 1285 1250 2248 1273 1922 771 3948 3028 3991 3842 2576 2272 
67 0 6 6 6 13 13 63 3249 2202 2930 2634 3536 3920 3134 1817 497 3289 24 689 2789 518 3181 1429 1110 1560 213 2832 3673 2280 1477 3665 1543 3314 1326 3767 3658 123 2319 444 929 1774 3960 2530 124 3761 996 2736 889 3141 1797 2148 542 2605 692 1763 173 14 440 3147 28 2160 1827 620 1875 3878 1616 1661 138 2421 2616 
68 6 0 0 13 6 6 62 3547 3968 1938 775 1332 3175 3644 2608 1668 142 1369 1566 146 2139 717 2420 1444 2119 3794 3729 393 643 1425 671 803 2939 3776 376 320 642 494 2359 3984 352 548 2111 1725 2880 1673 584 3364 2234 3940 1445 3225 3300 423 3766 1584 978 1840 1323 965 2086 3824 2626 361 2073 143 2527 2410 1043 
69 6 0 6 13 6 13 63 1004 1383 3651 2767 2555 503 2790 2511 2024 873 1430 710 493 1107 1182 3823 3586 3947 3828 525 2501 2942 2026 1139 335 171 625 1333 3809 3104 2636 2094 852 3458 2190 3880 3257 2590 1129 3005 3696 3476 3923 3432 3456 878 555 176 2631 2475 461 2205 3803 3731 1513 3 1354 3226 2331 2628 2284 3448 3376 
70 6 6 0 13 13 7 62 1952 942 448 3784 920 3083 2089 3821 772 412 2761 3498 3950 2913 2335 90 2060 1516 2599 2623 3152 172 1413 1177 1440 1153 2041 3209 3461 2325 3941 3232 1126 3504 2050 945 2159 284 2858 3059 1272 3801 3017 1941 3124 2648 1359 447 3924 2593 535 3453 1972 881 187 695 1844 1752 3151 3973 3690 1018 
71 6 6 7 13 13 13 63 17 177 1145 2852 3214 1038 3097 742 1102 3646 2176 1730 1916 3224 928 3608 1024 1960 3325 3983 1214 1834 3603 1316 870 396 913 3887 2337 3893 2867 1329 1947 3702 1598 1055 1901 2958 2478 3778 3480 1700 813 1845 2926 2367 1887 823 3087 3772 600 2697 2046 2151 1179 1630 2692 2135 3770 987 3264 3265 3003 
72 0 0 13 6 6 19 62 657 27 1492 1884 1306 280 2819 1297 3508 2804 1796 1657 3184 92 2582 1091 128 3354 2161 1171 3121 583 2108 3790 1737 2298 958 2442 3500 3153 2175 2117 1819 2937 1653 756 2931 517 1889 3449 2310 627 738 2084 610 1896 3868 1983 1039 1017 2584 1381 2740 221 1899 323 2793 3102 1979 3295 1469 3987 
73 0 0 19 6 6 26 63 1291 3506 2664 3110 3435 3369 720 622 2294 3723 1721 2405 2336 3246 3084 3538 3733 413 595 1133 3122 3939 1260 802 3611 1854 3703 2722 3171 1041 1372 3648 1433 210 3341 2129 3282 467 378 2220 2765 924 985 1816 3106 3919 2103 4 3044 3524 3405 1509 2317 53 2087 971 954 1506 2462 3913 191 2396 855 
74 0 6 13 6 13 19 62 559 1161 106 3568 3491 2217 3862 1825 2177 1563 3483 1064 140 3734 3791 2438 2149 2859 2007 3532 49 2140 1765 107 3070 2559 1772 3021 1622 3260 3607 2489 1770 40 1313 3514 3764 2825 2413 2 2777 1738 2366 2557 2702 1075 1223 1858 2546 1197 1687 2563 848 3093 3841 2195 278 3197 1713 658 2835 3052 
75 0 6 19 6 13 26 63 388 3468 3477 3167 3218 1861 1300 547 2197 492 1096 1037 2872 3206 11 3915 2813 2607 1848 3242 2665 1755 3970 502 1152 904 2952 2198 3616 2466 316 1033 911 3211 3023 1842 2986 1994 1410 1679 309 3724 3826 2916 2040 3015 3562 159 2072 3465 475 2454 2120 2907 2707 2141 3936 2423 78 3904 2333 332 2791 
76 6 0 13 13 6 20 62 1199 87 3262 2104 432 3347 3166 1115 1216 2932 2774 2536 2392 3737 264 2903 703 1008 678 2043 3762 96 3370 3566 3223 3800 2822 1556 3345 3418 147 3699 990 3012 2989 2091 1686 3851 1276 1398 1935 3837 2474 2721 854 3446 1669 3890 408 252 3685 2955 1282 3989 3380 504 2519 2292 254 3042 3688 45 
77 6 0 20 13 6 26 63 1368 1134 2911 2261 2762 2054 3378 3126 3118 3335 857 3850 3962 1640 2019 3570 76 3820 3357 116 1577 781 2095 2425 3706 670 2982 2291 88 293 3272 3854 298 2355 3356 3728 1347 3072 1127 1288 520 2051 152 1090 1685 3870 640 3758 2387 3785 3718 2561 387 3578 1873 3509 616 1275 2720 299 3136 845 2570 
78 6 6 13 13 13 20 62 347 1464 3827 1427 2332 922 3909 558 653 2556 334 2788 2255 1684 2627 2023 398 1093 582 3053 1720 1803 2492 3632 1962 636 1970 917 1044 61 331 3240 607 3119 3886 2300 2954 550 3650 1535 3988 838 3159 3902 2505 3489 726 8 3677 3008 2470 1532 1801 2407 3527 2083 2500 1321 778 397 1623 3215 
79 6 6 20 13 13 26 63 2344 436 2589 2032 3934 2569 2055 1885 3304 1494 1573 777 799 3838 2809 3100 3128 984 2992 1768 141 1821 3336 1635 2685 1524 1538 3900 3467 35 3375 846 2173 192 1417 1315 988 86 330 1485 3286 666 637 1800 599 246 3720 997 2687 202 3798 528 543 830 3523 2827 2431 3507 962 2321 279 2752 2868 
80 0 13 0 6 19 5 62 1968 486 6 3422 2529 698 511 1205 2080 2008 1579 580 3386 3712 1643 2820 2800 3829 2088 1452 2154 2738 2127 390 1937 3308 3782 3759 427 614 2446 481 2534 1232 3499 3895 1281 1559 238 1655 1609 1745 1793 1448 510 992 1274 2057 1392 1592 3590 3245 3788 1564 2837 3353 1553 81 3830 346 1069 1178 
81 0 13 5 6 19 13 63 310 630 578 1838 2487 2002 3853 2853 2498 3371 2354 2181 313 1233 2273 3804 1344 1450 3811 2244 3470 1068 3805 2684 1519 1837 243 1497 1226 2614 3363 524 3377 1241 1932 966 2807 1849 3999 1992 2641 2357 2236 3848 2520 1201 2914 3027 1942 3290 3681 3029 3348 1998 909 986 2975 2199 2681 701 2910 565 3619 
82 0 19 0 6 26 7 62 766 2488 2274 2107 2106 3831 3067 193 1525 137 3938 662 200 2892 1132 734 602 51 2388 2056 1660 683 2553 3541 1271 1352 150 2347 3095 1853 314 1973 1100 406 2449 1335 3623 1697 2882 3604 10 1278 2368 789 3412 163 906 2666 248 3633 2797 2921 2578 2016 275 1617 1726 2572 473 420 3258 1675 
83 0 19 7 6 26 13 63 891 3101 277 1235 2232 3825 3267 796 1163 1399 3521 2659 2766 3792 1236 2908 722 3156 12 723 3496 2730 1691 941 1148 1601 3278 641 2651 3073 345 1791 2701 102 880 1778 892 3393 3396 3701 2437 1215 2550 1157 357 2239 3273 3992 3142 3469 1351 2602 1188 2782 821 3149 3774 1254 1987 3793 1676 2017 2545 
84 6 13 0 13 20 6 62 1734 652 1277 2524 947 2223 3647 2980 2647 2748 1325 3917 1633 1470 2745 570 1540 727 2128 3063 1386 1788 3711 3129 2682 682 3139 730 42 3610 2679 3098 1439 1137 2011 112 2753 1170 2030 3244 1125 3969 885 2447 1814 2743 1203 1510 2771 769 483 317 3482 1862 1900 932 1159 1957 2894 3589 2027 3859 
85 6 13 6 13 20 13 63 3247 3288 2323 3955 3795 289 1677 2998 460 1286 297 3190 43 3739 2361 1143 592 2959 3867 1980 2878 3674 3888 568 1531 2192 1330 2385 509 3980 532 1246 1195 1757 3293 3170 1426 3164 95 2763 2865 1360 50 2231 2476 2779 2467 487 1965 575 663 733 1604 3510 1882 131 1151 3744 2818 694 1795 2352 3707 
86 6 20 0 13 26 6 62 2995 3579 2754 1120 135 697 1266 2326 1189 925 2600 1409 258 1537 97 2169 2901 861 82 3064 2150 223 1252 3035 829 3137 421 2670 3621 2061 226 2329 2988 3634 3656 3885 1683 2518 3494 3771 2494 2876 2215 2587 2020 3360 3874 2733 2247 204 1312 2378 1237 3000 1590 214 660 2282 1146 912 266 3060 
87 6 20 6 13 26 13 63 3889 3392 2090 3081 2780 3808 1654 189 3531 1209 746 3344 3312 764 1740 2075 2877 3169 3037 496 3773 2646 2945 3349 1711 506 1118 3090 2987 363 1551 2102 2009 639 2069 85 1052 1571 2689 953 3216 126 3299 1627 1101 359 2635 60 2327 3869 174 3251 2203 2496 835 1084 1411 3757 3662 2230 780 1451 3462 
88 0 13 13 6 18 19 62 2836 194 2301 286 1699 522 1472 635 1829 2601 3301 3708 1191 1570 2258 1608 1289 1025 2990 3358 1910 3261 1753 798 1314 3337 195 2747 1229 1504 837 3490 851 1318 3401 1379 3109 1185 338 1569 2940 2062 2147 3539 3503 3618 2066 1186 384 2548 3332 1054 2404 3726 626 923 2389 3111 2558 70 117 1836 
89 0 13 19 6 18 26 63 2643 841 1154 2888 1443 714 1879 36 3594 2097 693 349 3092 3849 2784 2251 3721 2237 3049 2925 488 1308 1283 3522 1781 369 1401 3127 1594 3912 1483 774 1418 389 3361 1542 546 3519 2213 1238 1180 862 2830 721 1760 3695 287 2957 566 3835 3034 383 1552 1565 3381 2507 2271 633 1072 3024 3248 3892 3182 
90 0 18 13 6 26 20 62 343 2970 1841 358 3373 269 2191 3455 2472 1471 2113 1002 1079 2843 1446 2036 1717 2044 1225 2905 1718 1934 1210 115 2573 3910 1187 52 73 3600 815 1929 1364 2295 797 1731 937 365 2250 748 1628 1773 1319 1461 1709 2938 2356 1927 104 1135 3033 1295 2180 3763 3967 903 2757 3591 2669 469 1644 1946 
91 0 18 20 6 26 26 63 2776 609 1089 2453 531 2358 2330 883 1156 3502 1259 3585 2145 2633 3630 567 2334 3882 2130 1484 688 3956 235 31 757 981 2933 3881 1639 755 2216 3613 3748 350 2267 1943 2074 1147 500 2985 665 894 959 2348 403 2851 2895 401 2432 2465 964 3350 1832 3555 3043 980 2677 1394 417 3145 1357 1996 2731 
92 6 13 13 13 18 19 62 3637 2252 3025 1212 1174 2229 1405 3201 3556 685 1811 437 793 1631 3530 3311 3417 3852 2299 2699 1263 178 3148 2371 2798 1671 446 2178 419 2580 591 788 1270 743 62 669 311 3173 1395 514 921 2881 3935 3385 1301 1693 3306 1539 2497 429 3372 2854 933 2946 2690 1475 3321 2386 2963 1997 3406 1396 
93 6 13 19 13 18 26 63 46 3413 3864 3671 2922 2502 2656 190 1518 2417 825 362 2479 1520 1244 1809 18 305 3732 661 2450 300 375 1727 2632 2211 2172 57 3324 3944 227 1522 2821 208 2863 604 606 3560 3569 672 2313 950 2531 597 232 1741 2186 3858 315 1707 1066 2415 3452 2845 3783 2311 3612 3193 2048 292 2491 3833 302 
94 6 18 13 13 26 20 62 2885 1533 2133 1648 2153 3130 782 3860 773 1975 386 2612 2615 2320 2406 1184 2941 2235 2418 470 3271 29 1554 1632 1892 739 969 961 2883 2547 2324 3588 1978 1508 1123 1345 2328 1724 1732 3751 3513 2305 2630 1082 2045 1756 2360 1407 1839 1850 3998 3307 2978 3505 3834 716 2082 211 1264 296 1736 812 
95 6 18 20 13 26 26 63 2920 2717 725 865 3276 3430 1412 2756 3493 564 2802 1365 3382 3533 1342 84 3575 215 2535 3001 1049 702 618 3120 324 1902 1950 2372 3434 1467 2811 3669 3112 613 3062 3210 1172 850 1893 3675 205 2363 2991 3077 3487 1936 1193 2063 758 3200 455 19 498 677 1255 132 598 2826 2445 1136 2115 3464 1629 
96 13 0 0 19 6 6 62 89 768 1228 1852 2812 1164 833 3584 2076 234 1376 399 3540 3259 675 2064 1403 519 3990 934 919 2297 2214 1612 1625 732 3582 3283 1620 1208 271 2744 3529 1449 3799 1362 2585 1322 2996 2408 2268 1831 2208 182 3949 1190 3457 41 479 1169 3108 3926 918 2567 2262 1022 1909 1807 1141 1221 1985 203 
97 13 0 6 19 6 13 63 1706 2078 3192 452 268 940 2004 2549 2598 3284 3410 250 842 1346 2506 3965 3041 136 1986 366 2293 3367 122 3954 1802 3150 2383 805 33 2391 3746 3323 108 1098 1859 1053 3641 1976 939 3328 3320 336 2512 1499 644 3243 1733 1500 2307 2586 1515 2889 472 541 1894 656 1595 3256 1331 2742 71 410 1220 
98 13 6 0 19 12 5 62 3220 3217 3075 612 1200 2275 1982 3359 2856 2379 2339 1761 860 2999 3162 2245 1871 443 884 973 2316 1239 3117 3269 752 3680 3554 3222 1058 3933 249 1019 1587 3982 3481 1593 2210 2678 2749 1930 3486 1488 3114 2739 3116 3679 3832 180 9 898 571 1242 1575 691 1815 1437 1393 1150 1945 2263 2915 2716 
99 13 6 5 19 12 13 63 2168 3438 3649 664 2917 2164 2350 3069 2099 3740 3606 2694 1716 676 2718 2960 241 1694 827 3478 2315 199 3036 1743 471 1541 2486 832 3789 103 1971 3672 2182 2458 402 1481 3285 991 1705 1792 3930 3664 2260 2526 1194 684 3294 1913 2671 2131 3639 407 3333 1956 2513 3957 2564 2118 1370 1920 2764 807 1057 
100 19 0 0 26 5 6 62 98 2981 424 3754 3291 2879 605 3943 3797 256 3629 3994 3928 1602 2222 2588 3806 3756 3741 2621 2428 3979 3592 2571 3645 1805 2566 2448 170 2823 364 3016 1872 3596 201 2021 1247 2950 3389 416 2110 1749 465 761 3492 2114 2862 428 718 3687 1231 3391 975 1256 1094 2000 1175 2974 762 1149 80 3187 
101 19 0 6 26 5 13 63 938 3132 1843 1480 3268 3931 1459 1923 237 2485 1521 3204 1918 133 3450 1366 2787 2700 3654 1576 998 3866 3624 1227 2688 1310 3952 557 679 1011 2961 3692 3704 2672 963 1083 111 3684 2373 2824 240 2427 2132 3086 3409 3700 914 2001 1489 2463 100 1026 2189 1035 2844 2493 3433 2109 2900 634 2343 1607 3030 
102 19 5 0 26 12 6 62 3400 3006 2629 765 2123 2434 1954 373 2179 158 3996 3760 1977 2624 856 2225 411 3231 3135 1473 767 2052 1092 902 1261 1915 356 2770 956 1766 982 2977 325 1735 2928 2795 1870 3564 1005 2456 2125 3846 859 3039 351 1339 866 2746 196 1981 3976 3154 3057 1211 2906 1917 2351 1015 1574 2772 871 1167 
103 19 5 6 26 12 13 63 2568 341 3439 1715 2077 2265 2521 2927 3160 2715 2376 936 2712 183 3411 3297 2053 569 32 2059 301 779 2714 3620 2451 3227 2912 2224 3045 1857 1672 577 1442 75 1192 1897 1117 259 645 2439 1478 1420 1165 3351 1851 1812 1162 872 3298 2993 753 601 1130 3693 2803 3266 1529 1881 659 1304 864 680 2286 
104 13 0 13 19 6 20 62 2574 198 1265 1338 681 3107 1292 1158 2984 212 3916 3383 3253 0 2226 2185 2849 3517 931 1196 3125 3212 3420 2866 431 951 994 3186 3199 2184 391 2042 1441 65 1692 2281 197 2537 3978 530 2902 3334 3698 3561 261 1144 1000 1095 15 244 2806 2304 2138 439 3022 185 2162 2645 3747 3479 2842 3631 
105 13 0 20 19 6 26 63 3966 441 2221 3884 1758 2285 3444 462 72 1077 179 712 3657 1435 2713 321 2552 3221 1597 593 1173 3004 2122 3981 2860 2137 77 2403 3875 1888 499 1503 3387 3402 687 553 1491 3233 1911 3963 847 3138 3845 791 2948 1651 1455 1912 3068 708 3580 1789 1121 968 1621 2653 3292 1526 888 1636 2983 21 2723 
106 13 6 13 19 12 19 62 165 3775 1476 1176 1925 2649 1656 556 175 1883 415 617 404 337 3921 3745 1548 536 2047 983 2264 2610 3189 2801 979 236 2792 3327 3802 2390 2640 3275 2067 2397 648 2165 295 3676 3518 696 2146 1099 3587 3716 3907 2594 3958 2673 186 869 2734 3088 749 1583 2652 3280 1486 1729 1302 2543 2786 3424 
107 13 6 19 19 12 26 63 3598 1367 527 523 2609 3203 1042 3274 2698 1457 647 153 3419 3475 2459 1202 434 1624 2480 1775 1262 989 48 576 1065 1414 700 451 3574 2861 638 750 1642 3056 877 2306 3442 1940 58 3031 3796 1645 1112 1097 2841 1400 1447 2193 2706 245 1658 2997 993 113 3074 808 654 3038 1898 2831 3818 3614 1493 
108 19 0 13 26 7 18 62 1988 3205 2201 1523 1213 5 1070 2870 2886 329 1128 276 1218 1105 119 2100 3735 858 2228 744 1903 2637 425 2433 2259 3368 1463 886 907 304 1958 3812 1290 382 2751 2969 2495 1967 2038 2468 1591 538 3454 1659 1086 3972 2741 2918 3168 935 1160 2729 2967 824 1088 1605 3908 3007 562 1944 2136 3339 
109 19 0 18 26 7 26 63 1603 3865 2898 251 272 539 1284 1866 2544 1245 2899 926 849 949 741 1855 3713 1007 3172 282 2775 1550 1786 2781 1380 1769 1031 3894 1914 2533 3390 1880 2850 3071 3565 1682 2638 2219 3901 2964 2003 3329 1067 1361 3636 3643 2962 1001 999 3817 2010 905 2414 2890 2540 1384 1933 2604 507 2206 2105 1078 3813 
110 19 7 13 26 12 19 62 3953 1389 3196 1324 1207 127 3066 2516 2953 2650 2416 955 2676 2443 2538 3558 2112 1991 3194 3495 1327 1835 1678 339 3177 3814 887 3317 3689 3553 1016 1963 1759 820 1527 2353 3593 379 1108 1006 3471 1544 449 1747 2049 1779 3666 2719 1806 876 3516 262 218 1662 3844 2994 3922 1771 1619 3326 156 2805 
111 19 7 19 26 12 26 63 724 3445 1453 3094 3229 3431 1690 2896 405 551 1984 811 1206 1647 1948 3512 1382 3466 121 381 1085 148 3061 3185 651 1926 2270 468 2398 1787 2266 3011 1428 44 2143 1257 3404 513 1074 3942 3322 3659 1438 619 2238 1349 3255 786 1824 3753 1695 3018 1454 853 1517 1373 814 1462 747 2483 3843 2402 3163 
112 13 12 0 19 19 6 62 2542 1534 247 2346 3340 2166 1047 2490 3076 760 3661 770 579 3463 1378 3544 1895 312 1305 1111 3863 56 2227 3945 3891 454 482 1027 3993 168 3096 3234 3602 3627 1589 3722 719 1614 474 1969 326 1567 151 3144 2395 3338 25 2695 2846 13 623 1663 1124 879 3752 3407 3207 1059 2591 3501 1886 464 
113 13 12 6 19 19 12 63 784 3331 1279 3047 2188 2269 2949 3309 549 713 1646 225 1287 2668 3836 1704 1546 3161 3238 3528 2755 1142 1710 534 2152 3048 39 1688 3626 621 306 952 1790 960 2121 1355 834 1423 995 3807 2302 3315 1431 3777 2031 2935 3617 2618 3971 2155 2581 3736 1063 3780 2157 267 1907 1328 1511 3691 1665 480 1993 
114 13 19 0 19 26 5 62 2947 125 817 3429 2006 2071 3277 2603 181 1334 1528 2253 3395 3925 3485 3682 1549 2904 754 1767 2704 3730 1764 3959 3635 3816 3484 1299 3525 1558 435 545 3552 587 2871 3543 1341 1456 2855 2380 1906 69 3977 2460 3019 1919 3551 3755 3559 265 355 908 801 3065 3847 155 1166 1028 2514 3440 2728 554 
115 13 19 5 19 26 12 63 1298 2322 3103 3964 1268 1618 2696 3951 327 1670 2473 1580 130 1258 709 114 377 3146 1626 2444 1183 1358 3020 3697 2891 1568 3428 1056 2909 2025 3546 3781 763 372 521 3749 1350 400 3709 291 395 646 3426 3305 2158 1498 3725 229 2005 2342 3441 101 1222 2194 1828 736 819 222 1804 2096 715 167 1650 
116 19 12 0 26 19 5 62 3054 273 1689 649 2411 2081 729 1869 3694 2622 1402 2857 843 394 794 3876 2724 3131 367 2528 2399 3051 792 3213 2461 2732 588 2838 1754 457 1876 3384 2436 2278 3686 1280 2686 3302 3437 1723 231 1826 380 3002 1928 409 2279 360 3058 2554 1719 23 2400 836 263 533 2874 34 2834 2242 1588 3710 
117 19 12 5 26 19 12 63 1799 2457 1742 944 2657 3705 711 430 2345 686 874 822 2170 1777 485 2377 3040 3183 3652 505 585 3436 3388 1995 2551 1343 1251 3872 2919 1466 673 3605 1375 209 2240 3287 2314 790 594 2839 3839 2365 1507 3460 3660 2369 2617 2477 371 2254 737 1582 1530 3188 2663 2499 3421 2597 2070 1599 3668 1794 3929 
118 19 19 0 26 26 6 62 3425 3526 2639 1501 615 1388 228 7 2773 3719 3879 3819 1204 54 3769 3343 2018 160 1615 2769 831 1131 1863 1109 899 2035 3208 2033 139 169 2936 3080 2923 281 896 2144 1048 1080 2183 804 2515 3927 608 2655 3653 2276 2815 2750 3239 3571 2349 3995 2606 589 3655 1311 303 1217 1408 105 1421 2039 
119 19 19 6 26 26 12 63 2619 1638 2828 255 129 1307 2532 1249 2539 1600 2509 946 3178 2727 1701 3683 230 3191 2085 655 3822 1702 1990 1867 3296 2287 916 1436 2510 1371 55 3180 2481 2422 1610 3985 1999 206 2068 2575 2034 2869 2944 2101 1751 2796 1703 2381 2207 667 930 3316 3550 1458 2840 1029 1363 1502 1578 2847 1122 544 3091 
120 13 12 12 19 20 19 62 433 1219 2196 1296 67 2522 2596 1348 2426 3667 1051 319 3374 1782 867 731 1505 1114 3625 1385 895 3115 3089 162 1040 1780 3786 3415 624 2864 1596 1667 840 134 2243 1071 1562 2429 3202 294 1087 1020 318 68 3535 967 26 668 2218 1030 1572 3622 149 2374 3123 1939 99 2419 3236 2816 707 2318 
121 13 12 19 19 20 26 63 74 490 344 1013 1023 1904 2401 3281 3717 2283 1961 2680 1847 2093 3572 3014 3319 3472 2384 2246 1050 2976 759 1391 839 2592 910 552 442 1032 2595 3009 826 1728 456 3549 2703 3946 1061 2167 1953 414 1931 2709 3219 3714 3342 1230 59 217 1198 3877 1810 501 563 1924 900 328 3548 943 3313 3628 491 
122 13 20 12 19 26 19 62 706 2943 1046 392 1496 927 2875 220 1746 1557 3310 3871 1482 2092 166 2187 3379 2340 476 3416 145 2482 1955 2409 3143 897 1243 3443 2124 2464 3577 83 2171 418 3897 1613 1878 1664 1830 1294 1374 2257 2015 144 1696 308 1822 2022 1865 2829 1 3398 3670 875 47 2579 1785 495 537 3113 1009 63 
123 13 20 19 19 26 26 63 1974 2469 3597 239 2013 2204 2642 977 1966 705 2079 3408 3898 2951 3840 368 974 573 1432 2440 3599 1336 459 3975 3263 1681 219 233 253 787 2674 561 1783 2583 2174 728 3906 1585 1798 22 1989 274 1921 1062 3642 374 1762 94 2134 1890 2691 581 3899 478 3545 3013 3974 3663 2471 164 20 1103 1776 
124 19 12 12 26 19 19 62 699 1377 1106 3330 1555 795 3567 3270 1140 30 572 2620 2455 333 3254 37 3176 882 1253 2662 2370 3563 2430 3237 354 2503 1611 342 740 1320 118 2364 1536 1404 2924 1104 3230 751 2126 2338 3857 3986 2341 3365 453 1353 2212 2312 2760 3010 2484 3032 2929 2065 66 2163 1744 3810 3542 385 2934 2973 
125 19 12 19 26 19 26 63 2560 3557 1666 242 1390 1012 2241 1340 64 3235 2808 735 1479 1073 348 632 3520 1303 2667 3883 2968 512 1739 2435 489 3715 1495 3997 603 3738 2887 2249 2156 3447 1959 2833 3750 2848 2705 3078 3179 972 3497 3050 270 3961 2277 1416 1419 3394 3573 1949 2541 283 1465 1081 2308 2778 2971 3303 3459 3534 3414 
126 19 19 12 26 26 19 62 516 1460 948 1846 2783 2660 1337 3768 285 2644 2654 3861 3743 2362 1714 1649 2029 1652 1586 3855 3615 809 1514 560 1856 3537 1581 1637 3105 2710 2303 3099 3279 290 2289 1868 91 3352 2661 1823 2296 529 1155 3937 1722 2565 422 3026 340 2758 2116 611 3932 1833 1317 806 2675 3228 1820 110 2375 1490 
127 19 19 19 26 26 26 63 810 353 631 704 3155 1708 1561 1021 2965 79 93 2058 3511 650 3195 2972 3856 3133 2625 3638 1309 800 2256 3079 3911 157 515 1545 3366 3918 1818 2683 2884 2785 184 1434 3157 260 816 3595 2523 1267 590 1168 3609 120 3488 2725 1874 3583 2028 1113 2037 1010 1293 3318 1224 2810 2768 3787 3165 3362 783 
