256
256 0 0 30 41 7 1160 1844 1805 106 1800 522 1797 
257 0 41 30 69 8 1985 984 1658 910 1831 1614 449 18 
258 30 0 69 30 8 1017 936 1337 1653 552 1257 605 825 
259 30 30 69 69 8 1951 1243 892 199 1394 730 828 1367 
260 0 69 34 86 7 896 564 537 1138 1536 1786 681 
261 0 86 34 123 8 947 363 454 1712 1968 1281 1936 637 
262 34 69 69 103 8 395 1757 854 610 409 332 1381 558 
263 34 103 69 123 8 47 744 583 58 723 911 1681 1856 
264 69 0 103 38 7 843 161 1863 1666 1235 1125 1808 
265 69 38 103 63 8 1326 1219 351 1423 1323 513 685 1352 
266 103 0 130 33 8 978 822 1802 1965 73 1494 65 1847 
267 103 33 130 63 8 447 245 412 1971 1819 788 1495 1994 
268 69 63 100 92 8 1061 1755 1716 512 1041 481 1799 11 
269 69 92 100 123 8 766 321 736 673 237 1351 466 1346 
270 100 63 130 80 8 510 817 1739 275 24 618 1782 1419 
271 100 80 130 123 8 1842 1256 1253 1730 966 30 1490 133 
272 0 123 46 152 7 656 1924 1430 1747 1276 641 604 
273 0 152 46 178 8 863 1879 1884 1551 1004 341 1242 1331 
274 46 123 70 161 8 838 1465 1632 1250 1910 508 1665 912 
275 46 161 70 178 8 1205 498 288 1664 860 1703 1534 995 
276 0 178 44 199 7 92 1167 1554 463 704 751 26 
277 0 199 44 242 8 719 1590 849 1422 492 926 731 907 
278 44 178 70 200 8 1100 1810 534 631 413 840 62 1487 
279 44 200 70 242 8 1140 934 1738 220 951 1979 287 1721 
280 70 123 100 149 7 1660 1596 1883 71 1124 1234 988 
281 70 149 100 185 8 792 1775 1987 119 1434 312 1806 1238 
282 100 123 130 155 8 1082 182 1416 555 651 387 608 853 
283 100 155 130 185 8 1134 1397 542 857 1055 663 702 1204 
284 70 185 100 213 8 1568 270 571 1322 674 609 967 1540 
285 70 213 100 242 8 1641 1941 404 1031 1940 914 1857 1164 
286 100 185 130 212 8 436 1748 1935 444 249 778 169 1982 
287 100 212 130 242 8 679 1512 883 1916 1117 509 1932 1401 
288 130 0 161 25 7 547 1448 1727 1312 1414 25 647 
289 130 25 161 45 8 129 1110 1553 1801 1928 765 1318 160 
290 161 0 197 20 8 950 1869 577 821 785 1147 830 298 
291 161 20 197 45 8 1248 693 683 1222 772 1904 1067 166 
292 130 45 158 61 7 682 1054 302 1909 814 362 1081 
293 130 61 158 112 8 499 465 799 292 1654 729 890 688 
294 158 45 197 69 8 388 1477 55 1420 358 1431 1803 1613 
295 158 69 197 112 8 198 1975 1480 1657 491 1228 264 1089 
296 197 0 227 26 7 1609 654 1268 408 1915 1682 1740 
297 197 26 227 53 8 204 798 1001 721 541 1956 1287 1601 
298 227 0 259 30 8 431 895 370 864 127 1902 1558 726 
299 227 30 259 53 8 1600 787 472 1912 143 53 115 1047 
300 197 53 228 77 8 1969 427 1209 1095 1440 235 1231 1108 
301 197 77 228 112 8 277 309 794 439 1456 360 697 872 
302 228 53 259 89 8 859 1834 1218 9 851 1926 1798 1733 
303 228 89 259 112 8 174 826 1618 938 748 1023 774 94 
304 130 112 163 141 7 646 897 592 600 424 478 1796 
305 130 141 163 174 8 1129 644 1760 1670 993 827 1484 1357 
306 163 112 187 150 8 1457 1907 1791 1550 303 475 322 1693 
307 163 150 187 174 8 4 786 84 1952 923 632 1226 442 
308 130 174 150 203 7 462 1455 1518 776 1172 323 1580 
309 130 203 150 242 8 102 468 1462 917 1507 1254 1404 638 
310 150 174 187 217 8 619 922 623 1399 37 846 1161 252 
311 150 217 187 242 8 1139 615 1788 1032 725 113 209 758 
312 187 112 214 148 7 1592 1444 960 1891 999 280 452 
313 187 148 214 172 8 705 1690 1582 241 791 1297 1012 1710 
314 214 112 259 148 8 1341 1974 1295 1373 16 664 1063 1155 
315 214 148 259 172 8 1626 114 1152 1048 1515 175 1945 1640 
316 187 172 207 216 8 1545 441 1621 1713 1918 1685 1319 640 
317 187 216 207 242 8 845 1832 1765 718 1648 1823 1019 958 
318 207 172 259 216 8 141 1463 1446 1644 162 1587 1695 417 
319 207 216 259 242 8 443 595 178 1263 1454 1615 1233 1099 
320 0 242 21 285 7 80 1736 837 1115 677 1564 1696 
321 0 285 21 317 8 908 1212 1925 85 267 1631 753 375 
322 21 242 53 274 8 1123 1224 716 700 1761 1830 696 1360 
323 21 274 53 317 8 533 569 945 486 1825 349 1742 100 
324 0 317 19 339 7 875 51 340 1858 1028 955 1829 
325 0 339 19 375 8 1741 662 259 179 1145 1655 768 793 
326 19 317 53 343 8 1370 1684 1500 1271 157 714 1252 529 
327 19 343 53 375 8 1084 871 1826 972 1313 1645 403 1901 
328 53 242 85 272 7 1984 1861 1162 1839 1105 773 1750 
329 53 272 85 311 8 293 1044 574 1754 1864 1016 841 502 
330 85 242 121 266 8 1026 21 1766 636 142 1030 996 1294 
331 85 266 121 311 8 546 538 1180 1460 187 543 1669 1175 
332 53 311 88 350 8 611 238 158 1435 227 801 1255 329 
333 53 350 88 375 8 170 903 505 90 738 1576 138 956 
334 88 311 121 343 8 1040 1561 635 1468 706 1634 1671 1840 
335 88 343 121 375 8 285 294 1970 151 866 418 963 1447 
336 0 375 31 405 7 1389 1686 1071 880 1679 556 17 
337 0 405 31 427 8 261 1051 1708 471 1642 634 1683 943 
338 31 375 61 396 8 886 1372 146 518 1114 653 1756 27 
339 31 396 61 427 8 782 196 430 108 1412 1753 1769 915 
340 0 427 23 461 7 1573 1432 1083 760 1973 1579 928 
341 0 461 23 512 8 1207 257 1957 1725 319 1103 781 515 
342 23 427 61 451 8 203 1624 1284 1174 891 1064 1749 982 
343 23 451 61 512 8 741 1491 1165 1729 1113 1185 299 1499 
344 61 375 88 416 7 70 328 1539 276 1262 998 1542 
345 61 416 88 448 8 1314 1183 295 1527 325 1785 879 775 
346 88 375 121 404 8 1549 670 1619 1888 344 580 1954 493 
347 88 404 121 448 8 1330 1178 482 60 867 1571 1862 1471 
348 61 448 96 470 8 12 217 1993 1000 494 1421 205 1283 
349 61 470 96 512 8 52 1700 290 1259 216 777 213 271 
350 96 448 121 474 8 703 1636 105 1467 72 1525 701 802 
351 96 474 121 512 8 698 1898 1517 165 1773 796 554 383 
352 121 242 145 273 7 905 1080 1045 709 1784 1039 145 
353 121 273 145 304 8 1813 1783 1011 1717 357 517 46 1232 
354 145 242 180 264 8 578 1241 1186 315 243 223 803 414 
355 145 264 180 304 8 873 448 1734 265 584 655 622 757 
356 121 304 149 340 7 1565 1544 1304 1780 1293 1220 1851 
357 121 340 149 372 8 320 421 74 1458 1196 1437 1037 724 
358 149 304 180 337 8 1182 333 780 445 1474 1126 1699 42 
359 149 337 180 372 8 1822 767 920 474 1338 434 1347 1068 
360 180 242 233 267 7 1020 1789 937 1131 1963 1223 1559 
361 180 267 233 313 8 660 1603 191 1398 1278 1052 96 603 
362 233 242 259 278 8 1850 1386 1947 118 829 1029 1824 286 
363 233 278 259 313 8 139 797 1395 1728 425 516 1607 1214 
364 180 313 229 347 8 1340 1249 1270 806 1150 596 150 56 
365 180 347 229 372 8 5 740 28 544 1958 561 1880 149 
366 229 313 259 346 8 560 495 991 1605 1260 1285 1328 800 
367 229 346 259 372 8 335 1698 244 399 32 334 1159 856 
368 121 372 147 402 7 1978 1705 121 809 850 36 1198 
369 121 402 147 446 8 1625 1846 206 337 1560 1176 952 594 
370 147 372 180 412 8 1986 1732 815 497 1267 531 1937 599 
371 147 412 180 446 8 1280 1933 1942 202 1013 464 116 1442 
372 121 446 147 473 7 63 477 1301 1505 1871 236 877 
373 121 473 147 512 8 1133 983 1181 1132 1245 1199 699 924 
374 147 446 180 465 8 974 1033 887 1774 1135 215 15 99 
375 147 465 180 512 8 316 181 1496 1610 394 86 342 811 
376 180 372 229 393 7 906 128 34 581 1546 1714 545 
377 180 393 229 431 8 1485 222 311 1726 1227 1562 585 422 
378 229 372 259 403 8 566 691 1362 573 230 228 1848 1486 
379 229 403 259 431 8 1853 1885 1022 808 1809 1983 1776 1575 
380 180 431 224 462 8 1072 1377 369 1955 1599 470 192 1930 
381 180 462 224 512 8 1711 266 1470 1633 1938 1906 602 420 
382 224 431 259 479 8 1929 1606 711 1557 633 1635 715 1130 
383 224 479 259 512 8 831 1149 256 1746 1804 1104 1524 944 
384 259 0 286 39 7 1837 645 526 1236 1833 1127 586 
385 259 39 286 72 8 1676 1406 959 1627 1815 1378 1158 168 
386 286 0 317 30 8 1385 504 881 1050 132 1529 88 224 
387 286 30 317 72 8 1523 229 144 1438 378 1998 343 69 
388 259 72 287 113 7 1881 1179 576 185 460 91 601 
389 259 113 287 126 8 779 901 527 1758 8 783 587 1718 
390 287 72 317 98 8 1835 306 1336 1759 1439 616 839 628 
391 287 98 317 126 8 1628 359 400 6 1091 939 970 1109 
392 317 0 356 28 7 201 747 384 455 1035 461 562 
393 317 28 356 70 8 528 1425 1996 667 87 1396 1364 1934 
394 356 0 386 30 8 1137 1828 1897 694 200 1513 305 565 
395 356 30 386 70 8 1764 1296 1141 1096 366 992 188 109 
396 317 70 350 93 8 326 1612 29 1511 994 314 234 392 
397 317 93 350 126 8 410 1 665 233 1203 1190 1009 1530 
398 350 70 386 96 8 1537 932 1816 1768 1889 40 1953 361 
399 350 96 386 126 8 524 1170 1034 942 1946 666 500 1315 
400 259 126 280 148 7 194 480 722 948 66 1541 551 
401 259 148 280 202 8 1890 1595 248 1202 597 1895 496 1060 
402 280 126 313 165 8 135 195 1348 1350 1701 239 44 1931 
403 280 165 313 202 8 1966 487 1097 278 1704 1637 852 297 
404 259 202 282 218 7 1461 338 1286 279 1638 884 913 
405 259 218 282 246 8 921 925 1827 625 1478 1520 1374 927 
406 282 202 313 230 8 536 824 1272 377 1327 1528 893 1920 
407 282 230 313 246 8 107 728 1752 535 1913 20 1943 416 
408 313 126 339 154 7 7 218 1417 473 847 1852 1939 
409 313 154 339 183 8 432 1343 1305 708 1112 1905 985 1821 
410 339 126 386 151 8 1014 865 1876 1617 1514 1611 507 1887 
411 339 151 386 183 8 152 686 1329 1392 1077 964 1620 1403 
412 313 183 350 218 8 1445 367 652 1151 345 1229 1689 989 
413 313 218 350 246 8 1195 1585 1345 759 1200 591 1772 607 
414 350 183 386 200 8 1143 1896 1489 589 330 981 101 1903 
415 350 200 386 246 8 1608 918 539 818 1298 620 1719 43 
416 386 0 411 27 7 501 1413 836 1366 190 789 186 
417 386 27 411 58 8 613 232 1707 76 1672 909 752 1393 
418 411 0 447 26 8 1088 557 386 1201 282 251 274 727 
419 411 26 447 58 8 1923 1735 1043 735 754 899 268 657 
420 386 58 417 92 7 458 250 1433 588 398 226 1106 
421 386 92 417 114 8 1206 1354 385 795 1156 1216 1503 435 
422 417 58 447 80 8 1090 820 929 1964 1264 511 1790 253 
423 417 80 447 114 8 210 49 874 1709 1193 1771 969 1493 
424 447 0 475 19 7 1101 1872 307 1154 1688 1237 1368 
425 447 19 475 51 8 1409 1652 93 428 661 246 523 521 
426 475 0 512 14 8 283 1793 833 22 567 140 1475 1767 
427 475 14 512 51 8 1427 986 54 1153 1662 1450 695 743 
428 447 51 485 76 8 1691 356 1639 949 1581 1428 940 1302 
429 447 76 485 114 8 429 300 1239 346 761 391 1107 125 
430 485 51 512 76 8 59 450 451 1024 1859 382 1882 671 
431 485 76 512 114 8 1678 173 1065 1770 1059 1697 717 407 
432 386 114 417 147 7 1299 1087 878 1359 45 1018 1492 
433 386 147 417 190 8 1317 171 1538 33 212 575 272 1453 
434 417 114 445 167 8 260 156 1282 1659 678 50 411 81 
435 417 167 445 190 8 1424 898 734 423 1999 1990 1598 962 
436 386 190 413 216 7 612 1779 1358 1584 389 308 1651 
437 386 216 413 246 8 324 1516 900 1261 122 1650 1066 832 
438 413 190 445 219 8 1977 1339 284 1246 1429 1042 1027 582 
439 413 219 445 246 8 1583 862 1324 104 2 1335 83 1210 
440 445 114 477 143 7 563 111 1991 659 1807 263 78 
441 445 143 477 179 8 763 1002 381 1300 835 137 1720 1118 
442 477 114 512 138 8 1838 331 1602 10 57 1873 1692 77 
443 477 138 512 179 8 987 1948 1053 1225 1981 193 503 1007 
444 445 179 475 217 8 1563 812 953 882 1274 19 1976 954 
445 445 217 475 246 8 973 1865 876 1482 1623 1094 746 467 
446 475 179 512 223 8 1472 1251 1289 130 559 136 13 676 
447 475 223 512 246 8 479 1056 1731 570 1960 176 1355 1411 
448 259 246 279 274 7 540 1379 164 975 1855 313 648 
449 259 274 279 310 8 95 1008 1221 1497 1706 1085 1275 393 
450 279 246 316 270 8 1578 1795 1900 98 1361 572 935 339 
451 279 270 316 310 8 1213 1074 1342 379 1402 885 317 1122 
452 259 310 288 332 7 1762 626 1076 819 1157 687 1146 
453 259 332 288 377 8 1191 1506 1845 1046 350 861 124 1363 
454 288 310 316 346 8 1646 1675 902 568 1949 1128 354 1365 
455 288 346 316 377 8 1116 1643 1407 1532 1376 207 23 1944 
456 316 246 341 269 7 97 304 1481 1593 402 598 177 
457 316 269 341 305 8 1441 606 1163 804 807 336 225 976 
458 341 246 383 280 8 1036 364 756 159 1049 1501 894 720 
459 341 280 383 305 8 684 1589 1476 1173 642 1841 380 930 
460 316 305 341 354 8 1391 1950 1136 1702 1744 870 506 483 
461 316 354 341 377 8 1817 1572 214 1353 1674 1510 353 39 
462 341 305 383 338 8 459 1479 532 110 1211 281 1604 1694 
463 341 338 383 377 8 1597 1737 1616 1380 68 1502 184 1961 
464 259 377 303 419 7 1892 269 1794 855 762 1092 1371 
465 259 419 303 454 8 732 1992 1509 1279 1649 1309 438 629 
466 303 377 332 408 8 1349 1743 1311 742 1321 1521 579 1508 
467 303 408 332 454 8 1875 1473 3 1967 1894 1919 1408 1531 
468 259 454 294 476 7 154 255 1870 1629 1877 291 621 
469 259 476 294 512 8 771 183 1344 163 489 1073 484 1814 
470 294 454 332 476 8 1874 1308 426 530 1387 1677 1586 355 
471 294 476 332 512 8 548 842 1230 318 946 296 1078 103 
472 332 377 352 401 7 1121 968 593 197 1667 1483 1630 
473 332 401 352 454 8 1922 1868 1307 980 649 707 737 1197 
474 352 377 383 417 8 273 1102 1303 310 1384 733 1548 672 
475 352 417 383 454 8 1962 1148 134 990 1866 816 390 469 
476 332 454 352 478 8 112 680 365 1187 1058 692 710 485 
477 332 478 352 512 8 1025 1418 1459 1917 347 1777 374 1997 
478 352 454 383 486 8 630 739 476 123 1369 1466 155 1567 
479 352 486 383 512 8 1258 844 514 1812 1661 769 519 1715 
480 383 246 411 272 7 211 1240 1111 1288 858 549 1010 
481 383 272 411 321 8 1763 1005 933 1086 1820 1038 1867 713 
482 411 246 450 277 8 1169 1184 1588 1266 1843 1410 1488 979 
483 411 277 450 321 8 643 1673 1498 1778 1787 457 941 1375 
484 383 321 413 346 7 258 1062 1177 1215 869 971 1552 
485 383 346 413 381 8 1899 396 221 1781 1310 247 180 1878 
486 413 321 450 348 8 1093 889 368 1566 1687 1189 1382 1886 
487 413 348 450 381 8 352 1119 1168 1723 1142 1569 1333 1914 
488 450 246 481 292 7 371 525 327 0 1120 1860 868 
489 450 292 481 315 8 1522 231 1995 790 1192 433 1388 1811 
490 481 246 512 275 8 1290 931 67 1469 1166 1893 131 1452 
491 481 275 512 315 8 147 834 1921 64 376 1577 784 1292 
492 450 315 479 341 8 1818 167 764 1911 1722 745 965 14 
493 450 341 479 381 8 1980 1079 614 61 1504 1325 1988 1390 
494 479 315 512 348 8 208 262 1656 689 617 1098 1555 750 
495 479 348 512 381 8 1449 712 1849 490 1356 1075 397 301 
496 383 381 411 407 7 957 1332 1668 1927 153 120 1320 
497 383 407 411 452 8 690 373 406 1451 669 401 1265 117 
498 411 381 441 423 8 1745 749 624 1144 1989 348 437 1533 
499 411 423 441 452 8 1908 997 1269 456 888 1436 961 848 
500 383 452 416 470 7 89 126 254 658 1836 1006 38 
501 383 470 416 512 8 240 440 639 627 48 1426 415 405 
502 416 452 441 475 8 1021 82 31 1188 1171 1854 1519 1405 
503 416 475 441 512 8 1443 590 1057 148 1247 1972 755 189 
504 441 381 474 403 7 1663 553 1069 805 1217 1194 219 
505 441 403 474 440 8 904 419 1277 650 1792 1273 1244 446 
506 474 381 512 412 8 289 977 1526 1556 668 1015 1724 1591 
507 474 412 512 440 8 1647 810 488 1959 1291 520 770 1383 
508 441 440 474 459 8 1070 813 919 1003 1464 172 1570 1334 
509 441 459 474 512 8 1415 453 916 1306 675 75 372 1535 
510 474 440 512 487 8 1543 823 1680 35 1751 550 1316 1208 
511 474 487 512 512 8 1547 1594 79 1622 242 1574 1400 41 
