256
256 0 0 0 0 0 0 2 2 4 4 5 5 19 1338 1250 1333 123 132 45 10 93 118 15 84 79 1 88 40 54 127 49 317 
257 0 2 0 0 0 0 2 2 4 4 5 5 20 431 434 395 439 429 356 351 323 406 401 390 312 445 392 440 362 367 328 1656 352 
258 2 0 0 0 0 0 2 2 4 4 5 5 19 1328 1377 1265 1382 1343 1294 1260 1261 1373 1255 1289 1299 1303 1305 1266 1264 1374 1368 1681 
259 2 2 0 0 0 0 2 2 4 4 5 5 20 1578 1645 1642 1686 1562 1601 1647 1650 1695 1680 1611 1606 1573 1567 1689 1684 1603 1568 1617 1685 
260 0 0 0 0 0 5 1 2 4 4 5 8 19 0 83 5 16 122 117 11 44 39 89 55 50 133 6 128 78 327 322 402 
261 0 2 0 0 0 5 1 2 4 4 5 8 20 436 366 444 400 391 363 430 318 314 357 397 361 441 313 396 353 358 324 405 319 
262 1 0 0 0 0 5 2 2 4 4 5 8 19 119 1256 94 1304 1372 1334 1251 1383 1295 1367 1329 1290 1339 1300 1344 1378 1618 1613 1616 
263 1 2 0 0 0 5 2 2 4 4 5 8 20 1608 1691 1655 1572 1652 1564 1694 1569 1696 1577 1657 1651 1612 1690 1563 1602 1641 1646 435 1607 
264 0 0 0 0 5 0 1 1 4 4 8 5 19 129 90 124 7 80 43 85 82 46 96 41 135 18 4 13 57 121 2 120 
265 0 1 0 0 5 0 1 2 4 4 8 5 20 369 331 326 368 403 448 320 398 407 354 446 442 359 393 408 409 364 329 370 447 
266 1 0 0 0 5 0 2 1 4 4 8 5 19 1257 51 1370 1263 12 1302 1340 1297 1371 1385 1341 1369 1252 1330 1258 1346 1335 1291 1379 
267 1 1 0 0 5 0 2 2 4 4 8 5 20 1579 1658 1574 1614 1570 1565 1644 1683 1605 1697 1576 1619 325 1609 1580 1648 1692 315 1653 437 
268 0 0 0 0 5 5 1 1 4 4 8 8 19 131 8 130 125 42 87 134 52 3 81 53 91 58 19 47 136 95 56 9 
269 0 1 0 0 5 5 1 2 4 4 8 8 20 97 86 126 17 14 92 48 321 394 433 355 404 365 432 316 399 443 360 438 330 
270 1 0 0 0 5 5 2 1 4 4 8 8 19 1259 1342 1375 1298 1296 1331 1386 1336 1253 1262 1337 1381 1376 1380 1254 1301 1332 1293 1306 
271 1 1 0 0 5 5 2 2 4 4 8 8 20 1307 1384 1292 1581 1615 1693 1566 1654 1610 1688 1575 1698 1604 1682 1687 1649 1643 1571 1620 1659 
272 0 0 0 4 0 0 1 1 4 8 5 5 19 151 103 137 112 146 102 29 68 113 143 59 60 107 141 74 65 63 98 104 
273 0 1 0 4 0 0 1 2 4 8 5 5 20 21 24 387 464 372 337 376 342 381 450 348 417 454 426 411 425 459 346 420 415 
274 1 0 0 4 0 0 2 1 4 8 5 5 19 35 1348 1402 1313 1280 1347 1308 1387 1363 1314 1269 1319 1352 1396 1285 1275 1357 1324 1349 
275 1 1 0 4 0 0 2 2 4 8 5 5 20 1393 1391 1388 1661 1670 1622 1598 1627 1709 1596 1666 1587 1675 1636 1631 1592 1705 1714 1700 1582 
276 0 0 0 4 0 5 1 1 4 8 5 8 19 25 64 147 108 144 20 152 138 26 142 31 114 148 69 153 30 70 36 34 
277 0 1 0 4 0 5 1 2 4 8 5 8 20 109 99 73 75 410 465 371 332 421 343 386 449 377 455 333 338 382 416 460 347 
278 1 0 0 4 0 5 2 1 4 8 5 8 19 1274 1392 1353 1354 1362 1318 1276 1401 1309 1320 1403 1271 1397 1358 1359 1270 1323 1310 1315 
279 1 1 0 4 0 5 2 2 4 8 5 8 20 1398 1279 1364 1284 1665 1583 1660 1699 1632 1626 1704 1715 1637 1676 1671 1588 1621 1593 1710 1597 
280 0 0 0 4 5 0 2 2 4 8 8 5 19 71 1286 1355 76 149 145 140 66 27 37 101 154 115 62 23 110 32 389 350 
281 0 2 0 4 5 0 2 2 4 8 8 5 20 451 334 339 378 373 423 345 456 340 412 467 384 428 462 383 1590 375 1678 1634 1711 
282 2 0 0 4 5 0 2 1 4 8 8 5 19 1267 1282 1311 1326 1321 1277 1360 1394 1281 1283 1351 1325 1390 1365 1399 1322 1404 1316 1272 
283 2 1 0 4 5 0 2 2 4 8 8 5 20 1703 1623 1625 1662 1717 1667 1664 1628 1600 1595 1701 1672 1702 1639 1663 1677 1706 1584 1624 1633 
284 0 0 0 4 5 5 1 2 4 8 8 8 19 77 61 22 72 105 111 155 100 150 106 38 139 28 67 33 116 414 341 344 
285 0 2 0 4 5 5 1 2 4 8 8 8 20 466 336 463 379 388 457 458 453 419 461 427 380 385 424 452 349 374 418 335 422 
286 1 0 0 4 5 5 2 2 4 8 8 8 20 1287 1400 1356 1268 1366 1361 1395 1273 1312 1345 1405 1389 1317 1350 1278 1327 1288 1708 1591 1716 
287 1 2 0 4 5 5 2 2 4 8 8 8 20 1594 1629 1679 1630 1669 1673 1713 1674 1599 1585 1712 1640 1668 1635 413 1586 1707 1589 1718 1638 
288 0 0 4 0 0 0 2 2 8 4 4 5 19 166 1494 284 171 278 210 234 157 273 196 235 162 249 201 240 289 245 602 470 
289 0 2 4 0 0 0 2 2 8 4 4 5 20 557 508 600 473 478 547 484 522 514 517 596 519 563 591 561 468 552 1725 562 1803 
290 2 0 4 0 0 0 2 2 8 4 4 5 19 1446 1485 1534 1460 1421 1500 1529 1451 1523 1490 1416 1455 1407 1499 1412 1539 1801 1762 1758 
291 2 2 4 0 0 0 2 2 8 4 4 5 20 1772 1811 1797 1728 1847 1850 1845 1734 1723 1836 1719 1733 1806 1842 1807 1764 1767 1802 1841 1846 
292 0 0 4 0 0 5 1 1 8 4 4 8 19 285 161 274 206 244 288 167 280 283 195 205 200 236 239 250 211 156 279 197 
293 0 1 4 0 0 5 1 2 8 4 4 8 20 158 172 275 475 592 524 586 485 518 587 474 469 509 601 548 480 483 558 597 513 
294 1 0 4 0 0 5 2 2 8 4 4 8 19 1450 1538 1528 1524 1484 1533 1422 1406 1411 1530 1461 1417 1456 1489 1495 1525 1445 1486 1730 
295 1 2 4 0 0 5 2 2 8 4 4 8 20 1813 1769 1774 1808 1852 1768 1773 1759 1735 1798 1851 1720 1729 1837 1724 1763 1812 479 523 553 
296 0 0 4 0 4 0 1 1 8 4 8 5 19 203 287 243 213 174 160 163 202 165 276 237 290 281 292 159 168 198 207 246 
297 0 1 4 0 4 0 1 2 8 4 8 5 20 251 204 212 241 481 604 520 511 555 549 472 487 525 594 560 565 588 476 516 599 
298 1 0 4 0 4 0 2 1 8 4 8 5 19 1540 1537 1488 1449 1410 1453 1418 1408 1526 1457 1487 1535 1501 1491 1413 1424 1452 1463 1496 
299 1 1 4 0 4 0 2 2 8 4 8 5 20 1531 1493 1447 1761 1766 1805 1844 1800 1770 1736 1775 1727 1722 1853 1814 1848 1760 1731 1839 1809 
300 0 0 4 0 4 5 1 1 8 4 8 8 19 277 291 208 248 242 286 164 209 170 253 252 173 247 169 175 199 282 214 238 
301 0 1 4 0 4 5 1 2 8 4 8 8 20 593 512 554 510 521 477 589 603 595 515 486 590 564 551 550 598 471 559 556 482 
302 1 0 4 0 4 5 2 1 8 4 8 8 19 1409 1448 1497 1462 1458 1503 1532 1542 1464 1459 1498 1420 1419 1415 1541 1423 1492 1536 1414 
303 1 1 4 0 4 5 2 2 8 4 8 8 20 1527 1502 1454 1854 1737 1771 1838 1732 1843 1840 1849 1721 1810 1804 1815 1776 1799 526 1726 1765 
304 0 0 4 4 0 0 2 1 8 8 4 5 19 264 254 1432 268 182 303 180 298 270 259 309 263 190 260 307 224 185 265 293 
305 0 1 4 4 0 0 2 2 8 8 4 5 20 215 221 229 176 610 566 571 533 498 577 616 605 503 621 582 528 493 538 543 489 
306 2 0 4 4 0 0 2 1 8 8 4 5 19 1514 1471 1543 1553 1469 1559 1430 1515 1426 1465 1509 1548 1474 1441 1435 1520 1440 1479 1518 
307 2 1 4 4 0 0 2 2 8 8 4 5 20 1504 1557 1427 1554 1861 1856 1744 1822 1827 1792 1783 1871 1817 1778 1739 1866 1831 1855 1753 1748 
308 0 0 4 4 0 5 1 2 8 8 4 8 19 294 192 181 231 220 269 187 225 304 255 226 177 216 308 299 504 617 620 542 
309 0 2 4 4 0 5 1 2 8 8 4 8 20 578 537 534 529 573 568 539 612 615 576 527 499 607 581 606 488 532 494 567 572 
310 1 0 4 4 0 5 2 2 8 8 4 8 19 186 191 230 1505 1480 1436 1475 1431 1544 1481 1558 1510 1519 1549 1466 1470 1442 1476 1779 
311 1 2 4 4 0 5 2 2 8 8 4 8 20 1865 1782 1749 1777 1738 1826 1857 1743 1816 1787 1740 1832 1821 1788 1818 1793 611 1870 1860 1754 
312 0 0 4 4 4 0 2 2 8 8 8 5 19 1521 301 295 227 311 179 188 232 267 257 223 262 184 272 193 218 306 492 490 
313 0 2 4 4 4 0 2 2 8 8 8 5 20 585 624 579 495 535 608 569 546 541 618 574 505 622 500 580 583 613 544 530 1834 
314 2 0 4 4 4 0 2 2 8 8 8 5 19 1482 1468 1438 1551 1429 1556 1443 1477 1506 1517 1512 1545 1473 1784 1747 1750 1828 1786 1874 
315 2 2 4 4 4 0 2 2 8 8 8 5 20 1825 1789 1823 1869 1833 1864 1756 1862 1745 1872 1742 1867 1858 1780 1795 1819 1781 1873 1746 1863 
316 0 0 4 4 4 5 2 1 8 8 8 8 19 194 296 305 178 189 256 217 219 310 271 183 302 233 300 228 266 297 261 222 
317 0 1 4 4 4 5 2 2 8 8 8 8 20 258 491 497 502 531 614 575 496 540 570 507 619 501 623 609 584 506 536 545 1790 
318 2 0 4 4 4 5 2 1 8 8 8 8 20 1444 1483 1425 1507 1516 1434 1546 1439 1561 1428 1552 1508 1513 1547 1560 1511 1522 1555 1478 1550 
319 2 1 4 4 4 5 2 2 8 8 8 8 20 1467 1437 1433 1472 1868 1741 1824 1757 1755 1785 1830 1752 1796 1791 1820 1835 1859 1751 1794 1829 
320 0 2 0 0 0 0 2 4 4 4 5 5 19 630 752 640 757 626 635 680 665 743 674 747 641 669 679 713 708 718 704 992 
321 0 4 0 0 0 0 2 8 4 4 5 5 20 943 982 1054 953 987 948 1015 1056 1031 1017 1069 1059 1064 1016 976 1025 1020 1055 937 2270 
322 2 2 0 0 0 0 2 3 4 4 5 5 19 1929 2007 1928 1968 1919 1875 1969 1993 1891 1880 1997 1960 1963 1930 1924 2002 1885 1954 1958 
323 2 3 0 0 0 0 2 8 4 4 5 5 20 2237 2320 2265 2242 2203 2276 2281 2315 2198 2306 2187 2267 2314 2231 2226 2309 2266 2304 2192 2305 
324 0 2 0 0 0 5 1 4 4 4 5 8 19 636 758 748 759 631 742 675 670 709 714 719 625 753 703 664 978 1066 1061 947 
325 0 4 0 0 0 5 1 8 4 4 5 8 20 983 1071 939 1022 1032 1026 938 986 944 952 1030 1021 942 1060 991 981 977 1027 1070 1065 
326 1 2 0 0 0 5 2 4 4 4 5 8 19 1953 1890 1920 1876 1886 1915 1881 1959 1998 1914 1925 2008 1992 2003 1964 2188 2272 2280 2236 
327 1 4 0 0 0 5 2 8 4 4 5 8 20 2232 2311 2275 2228 2194 2319 2238 2241 2189 2277 2316 2321 2202 2233 2199 2271 2197 2227 2193 2310 
328 0 2 0 0 5 0 1 3 4 4 8 5 19 715 637 754 632 721 627 760 682 710 638 705 746 671 744 633 677 666 755 749 
329 0 3 0 0 5 0 1 8 4 4 8 5 20 716 1019 1034 1072 984 990 1062 951 949 1058 940 1033 1028 988 1067 954 993 945 1023 979 
330 1 2 0 0 5 0 2 4 4 4 8 5 19 643 1927 2010 1883 1961 2009 1966 1994 1893 1932 1877 2004 1888 1922 1955 1999 1971 1916 2245 
331 1 4 0 0 5 0 2 8 4 4 8 5 20 2190 2234 2268 2284 2317 2282 2239 2278 2195 2243 2229 2323 2273 2283 2206 2244 2204 2205 2200 2312 
332 0 2 0 0 5 5 1 3 4 4 8 8 19 628 717 672 750 681 676 745 706 711 756 678 712 639 642 668 634 720 707 667 
333 0 3 0 0 5 5 1 8 4 4 8 8 20 629 751 673 955 956 995 941 994 1057 1068 985 1024 1018 1073 950 1063 980 989 1029 946 
334 1 2 0 0 5 5 2 3 4 4 8 8 19 1917 2005 1878 1970 1882 1879 2000 1892 1995 1967 1931 1926 2006 1887 1957 1956 2011 2001 1962 
335 1 3 0 0 5 5 2 8 4 4 8 8 20 1884 1923 1918 1996 1965 1921 2308 2230 2240 2191 2269 2318 2235 2307 2322 2196 2279 2274 2313 2201 
336 0 2 0 4 0 0 1 3 4 8 4 5 19 777 684 766 761 699 683 733 762 655 688 771 724 644 649 660 694 722 646 763 
337 0 3 0 4 0 0 1 8 4 8 4 5 20 727 732 1050 957 1036 1040 1085 962 996 968 1089 973 1011 971 1001 1045 1006 967 1080 1075 
338 1 2 0 4 0 0 2 3 4 8 4 5 19 738 2017 1933 1889 2018 2016 1934 1944 2026 2021 1977 1894 1905 1938 2012 1972 1899 1910 1983 
339 1 3 0 4 0 0 2 8 4 8 4 5 20 1949 1988 1974 2325 2295 2286 2300 2223 2339 2334 2262 2290 2217 2247 2329 2261 2256 2212 2251 2222 
340 0 2 0 4 0 5 1 3 4 8 4 8 19 776 645 723 739 695 698 728 768 772 767 659 773 656 689 737 778 654 650 693 
341 0 3 0 4 0 5 1 8 4 8 4 8 20 729 734 651 690 997 1084 1076 958 1074 1002 1079 1012 1090 1051 1046 1041 972 963 1007 1035 
342 1 2 0 4 0 5 2 3 4 8 4 8 19 1948 2027 1900 1973 1978 2013 1935 1896 1895 1906 1943 1901 2022 1984 1909 1904 1945 1987 1939 
343 1 3 0 4 0 5 2 8 4 8 4 8 20 1982 1940 1979 2028 2023 2246 2252 2208 2291 2330 2213 2301 2257 2324 2340 2218 2335 2207 2285 2296 
344 0 2 0 4 4 0 1 3 4 8 8 5 19 685 769 696 700 652 735 765 774 647 663 730 741 661 702 726 691 657 779 780 
345 0 3 0 4 4 0 1 8 4 8 8 5 20 1053 1037 970 960 959 1003 1042 965 1009 998 1014 1077 1081 974 1039 1091 1008 1048 1082 1083 
346 1 2 0 4 4 0 2 3 4 8 8 5 19 1952 1989 1936 1950 2024 1946 1897 2029 1908 1911 1991 2020 1985 1975 1913 1902 2015 1907 1980 
347 1 3 0 4 4 0 2 8 4 8 8 5 20 1941 2331 2253 2337 2220 2264 2214 2259 2248 2209 2303 2225 2292 2287 2298 1086 2342 2215 2258 2326 
348 0 2 0 4 4 5 2 4 4 8 8 8 19 1947 725 701 687 658 686 697 764 648 770 775 662 736 692 740 731 653 1047 1049 
349 0 4 0 4 4 5 2 8 4 8 8 8 20 1093 1010 1000 961 1087 964 999 1005 1044 1038 1092 1088 1043 1078 969 1004 975 966 1013 1052 
350 2 2 0 4 4 5 2 4 4 8 8 8 20 2019 2025 1976 1937 1898 1903 1951 1990 1942 1986 2014 1912 1981 2030 2338 2288 2260 2302 2333 2297 
351 2 4 0 4 4 5 2 8 4 8 8 8 20 2328 2263 2289 2299 2293 2255 2250 2254 2224 2341 2219 2327 2249 2216 2336 2332 2221 2211 2294 2210 
352 0 2 4 0 0 0 2 4 8 4 4 5 19 791 860 865 835 821 826 903 859 898 904 909 831 870 796 874 782 1186 1222 1138 
353 0 4 4 0 0 0 2 8 8 4 4 5 20 1144 1133 1099 1225 1216 1147 1177 1094 1226 1142 1108 1103 1105 1211 1181 1172 1221 1143 2398 2359 
354 2 2 4 0 0 0 2 4 8 4 4 5 19 2041 2046 2109 2031 2071 2085 2153 2037 2148 2120 2032 2159 2110 2115 2124 2164 2076 2384 2472 
355 2 4 4 0 0 0 2 8 8 4 4 5 20 2422 2461 2428 2345 2382 2353 2466 2427 2392 2436 2387 2348 2433 2471 2475 2431 2383 2432 2343 2470 
356 0 2 4 0 0 5 2 3 8 4 4 8 19 913 2149 908 899 797 900 787 825 861 781 792 820 914 875 830 822 786 866 869 
357 0 3 4 0 0 5 2 8 8 4 4 8 20 836 905 864 1095 1188 1100 1227 1110 1217 1134 1149 1187 1212 1173 1148 1178 1139 1109 1104 1182 
358 2 2 4 0 0 5 2 3 8 4 4 8 19 2163 2154 2042 2080 2160 2033 2086 2158 2150 2070 2081 2036 2111 2119 2125 2155 2072 2075 2047 
359 2 3 4 0 0 5 2 8 8 4 4 8 20 2114 2477 2350 2393 2399 2389 2438 2358 2360 2476 2349 2394 2397 2344 2354 2437 2467 2462 2423 2388 
360 0 2 4 0 4 0 2 3 8 4 8 5 19 873 2040 798 832 871 823 910 837 827 862 915 829 876 907 783 901 785 912 868 
361 0 3 4 0 4 0 2 8 8 4 8 5 20 906 788 799 794 1150 1111 1146 1141 1136 1213 1185 1180 1102 1189 1097 1224 1219 1214 1175 1183 
362 2 2 4 0 4 0 2 3 8 4 8 5 19 2166 2088 2049 2035 2121 2082 2077 2038 2161 2118 2126 2165 2156 2043 2087 2116 2079 2151 2034 
363 2 3 4 0 4 0 2 8 8 4 8 5 20 2162 2112 2167 2073 2464 2474 2400 2430 2362 2425 2347 2469 2439 2390 2386 2361 2351 2395 2356 2478 
364 0 2 4 0 4 5 1 3 8 4 8 8 19 863 867 824 789 838 834 917 833 872 790 902 878 839 795 784 828 911 793 800 
365 0 3 4 0 4 5 1 8 8 4 8 8 20 1218 1096 1179 1220 1140 1098 1137 1190 1145 1215 1184 1135 1151 1107 1223 1101 1176 1112 1174 1106 
366 1 2 4 0 4 5 2 3 8 4 8 8 19 916 877 2083 2127 2048 2117 2045 2039 2113 2122 2128 2050 2044 2123 2084 2157 2074 2078 2152 
367 1 3 4 0 4 5 2 8 8 4 8 8 20 2089 2468 2391 2434 2401 2473 2424 2426 2463 2465 2435 2479 2352 2346 2385 2396 2440 2429 2357 2355 
368 0 2 4 4 0 0 1 3 8 8 5 5 19 927 850 811 932 890 889 810 812 884 851 807 815 879 929 845 806 849 840 854 
369 0 3 4 4 0 0 1 8 8 8 5 5 20 893 923 888 918 1158 1246 1236 1163 1124 1230 1152 1167 1128 1197 1191 1114 1119 1241 1202 1113 
370 1 2 4 4 0 0 2 3 8 8 5 5 19 801 2056 2100 2168 2060 2065 2173 2055 2145 2184 2057 2182 2051 2104 2096 2099 2090 2134 2129 
371 1 3 4 4 0 0 2 8 8 8 5 5 20 2139 2178 2143 2447 2456 2491 2417 2413 2364 2486 2403 2441 2368 2408 2452 2442 2495 2378 2480 2373 
372 0 2 4 4 0 5 1 4 8 8 5 8 19 933 816 802 894 928 817 846 924 841 880 885 855 895 856 919 934 1245 1168 1237 
373 0 4 4 4 0 5 1 8 8 8 5 8 20 1118 1235 1198 1232 1193 1154 1201 1159 1207 1129 1162 1196 1153 1206 1157 1240 1115 1192 1231 1120 
374 1 2 4 4 0 5 2 3 8 8 5 8 19 2097 2066 2061 2105 2140 2179 2174 2183 2052 2144 2095 2169 2062 2106 2091 2101 2135 2130 2067 
375 1 3 4 4 0 5 2 8 8 8 5 8 20 2412 2443 2487 2407 2490 2485 2404 2451 2446 2402 2496 2481 2418 2379 2457 2482 2374 2369 2363 1123 
376 0 2 4 4 5 0 1 4 8 8 8 5 19 896 843 926 935 848 804 818 857 882 809 892 931 921 887 853 1116 1194 1228 1205 
377 0 4 4 4 5 0 1 8 8 8 8 5 20 1166 1199 1161 1122 1203 1238 1233 1155 1208 1125 1243 1169 1160 1126 1247 1244 1164 1130 1242 1165 
378 1 2 4 4 5 0 2 4 8 8 8 5 19 2063 2181 2059 2186 2147 2102 2068 2098 2176 2093 2137 2170 2142 2054 2107 2132 2381 2409 2370 
379 1 4 4 4 5 0 2 8 8 8 8 5 20 2444 2448 2483 2367 2489 2450 2419 2411 2405 2458 2453 2497 2492 2494 2365 2410 2414 2454 2493 2376 
380 0 2 4 4 5 5 1 3 8 8 8 8 19 886 891 936 819 930 844 897 813 925 920 803 814 881 808 852 922 883 847 805 
381 0 3 4 4 5 5 1 8 8 8 8 8 20 858 842 1249 1156 1171 1234 1127 1195 1132 1209 1248 1239 1170 1229 1117 1210 1200 1204 1131 1121 
382 1 2 4 4 5 5 2 3 8 8 8 8 20 2141 2053 2171 2136 2185 2103 2064 2177 2108 2180 2094 2133 2131 2069 2146 2172 2138 2092 2058 2175 
383 1 3 4 4 5 5 2 8 8 8 8 8 20 2455 2460 2416 2406 2372 2415 2380 2421 2498 2377 2445 2420 2375 2371 2484 2499 2459 2488 2366 2449 
384 2 0 0 0 0 0 4 2 4 4 5 5 19 2515 2583 2516 2505 2622 2632 2544 2510 2549 2588 2501 2627 2618 2555 2579 2554 2593 2540 2818 
385 2 2 0 0 0 0 4 2 4 4 5 5 20 2867 2812 2934 2945 2857 2828 2896 2929 2906 2851 2862 2823 2890 2939 2861 2901 4195 4190 4189 4145 
386 4 0 0 0 0 0 8 1 4 4 5 5 19 3843 3872 3794 3803 3760 3755 3838 3799 3883 3844 3750 3833 3766 3877 3764 3874 3835 3829 3882 
387 4 1 0 0 0 0 8 2 4 4 5 5 20 3868 3805 4179 4073 4078 4140 4184 4181 4101 4151 4062 4106 4117 4156 4111 4142 4067 4141 4112 4102 
388 2 0 0 0 0 5 3 2 4 4 5 8 19 2500 2589 2623 2545 2633 2617 2628 2550 2511 2578 2584 2594 2539 2506 2817 2827 2866 2814 2946 
389 2 2 0 0 0 5 3 2 4 4 5 8 20 2858 2853 2852 2936 2892 2931 2819 2905 2895 2935 2941 2900 2940 2944 2856 2822 2897 2891 2930 2813 
390 3 0 0 0 0 5 8 2 4 4 5 8 19 3800 3804 3873 3839 3834 3795 3789 3756 3765 3796 3878 3828 3867 3751 3790 3761 4152 4069 4194 
391 3 2 0 0 0 5 8 2 4 4 5 8 20 4147 4072 4064 4113 4103 4186 4107 4155 4108 4068 4191 4196 4116 4074 4146 4185 4077 4063 4150 4180 
392 2 0 0 0 5 0 3 2 4 4 8 5 19 2591 2502 2541 2620 2507 2513 2585 2546 2624 2552 2619 2580 2518 2630 2621 2557 2635 2596 2947 
393 2 2 0 0 5 0 3 2 4 4 8 5 20 2820 2863 2826 2859 2907 2815 2902 2825 2865 2903 2864 2942 2868 2904 2898 2937 2893 2932 2829 2824 
394 3 0 0 0 5 0 8 2 4 4 8 5 19 3757 3869 3830 3879 3836 3752 3802 3797 3763 3807 3758 3880 3791 3841 3846 3885 3768 4192 4198 
395 3 2 0 0 5 0 8 2 4 4 8 5 20 4118 4153 4159 4157 4120 4109 4070 4187 4114 4079 4081 4065 4143 4080 4148 4158 4119 4075 4104 2854 
396 2 0 0 0 5 5 3 1 4 4 8 8 19 2595 2504 2503 2509 2581 2548 2634 2543 2590 2508 2542 2514 2517 2626 2582 2631 2551 2625 2512 
397 2 1 0 0 5 5 3 2 4 4 8 8 20 2553 2556 2587 2592 2629 2547 2821 2816 2909 2938 2830 2831 2933 2855 2894 2943 2870 2860 2908 2899 
398 3 0 0 0 5 5 8 1 4 4 8 8 19 3876 3875 2586 3792 3845 3881 3767 3871 3831 3832 3837 3801 3754 3870 3762 3793 3842 3798 3759 
399 3 1 0 0 5 5 8 2 4 4 8 8 20 3753 3840 3806 3884 4154 4076 4144 4115 4182 4066 4188 4105 4193 4149 4183 4071 4110 4197 2869 2948 
400 2 0 0 4 0 0 3 1 4 8 4 5 19 2638 2519 2569 2529 2599 2521 2652 2563 2613 2641 2560 2558 2636 2524 2568 2607 2530 2535 2646 
401 2 1 0 4 0 0 3 2 4 8 4 5 20 2597 2837 2950 2871 2882 2843 2915 2876 2885 2955 2920 2846 2910 2924 2964 2881 2887 2926 2925 2832 
402 3 0 0 4 0 0 8 1 4 8 4 5 19 3819 3818 2574 2602 3857 3813 3852 3774 3769 3886 3888 3891 3849 3897 3902 3780 3785 3858 3847 
403 3 1 0 4 0 0 8 2 4 8 4 5 20 3824 3808 3863 4161 4122 4126 4136 4098 4092 4131 4209 4200 4204 4175 4170 4214 4165 4087 2848 2959 
404 2 0 0 4 0 5 4 1 4 8 4 8 19 2564 2565 2526 2604 2648 2520 2603 2651 2531 2637 2570 2608 2559 2612 2647 2614 2653 2598 2609 
405 2 1 0 4 0 5 4 2 4 8 4 8 20 2573 2525 2643 2642 2534 2954 2877 2911 2872 2960 2842 2838 2965 2847 2921 2916 2886 2949 2833 4205 
406 4 0 0 4 0 5 8 1 4 8 4 8 19 3775 3887 3814 3820 3815 3854 3893 3892 3823 3898 3771 3810 3862 3853 3770 3779 3896 3784 3859 
407 4 1 0 4 0 5 8 2 4 8 4 8 20 3848 3776 3901 3809 3781 4127 4083 4093 4215 4082 4121 4176 4097 4166 4199 4088 4132 4210 4160 4171 
408 2 0 0 4 4 0 4 1 4 8 8 5 19 2654 2649 2566 3903 3788 2601 2610 2527 2616 2655 2605 2577 2644 2522 2538 2532 2575 2640 2571 
409 2 1 0 4 4 0 4 2 4 8 8 5 20 2536 2956 2873 2912 2923 2928 2962 2834 2918 2961 2951 2845 2879 2967 2835 2840 2953 4173 2884 2849 
410 4 0 0 4 4 0 8 1 4 8 8 5 19 3825 3772 3786 3821 3904 3855 3899 3787 3782 3816 3783 3905 3860 3866 3777 3864 3827 3850 3811 
411 4 1 0 4 4 0 8 2 4 8 8 5 20 3894 4201 4217 4095 4128 4090 4139 4206 4178 4162 4134 4100 4167 4212 4137 4089 4084 4094 4123 4202 
412 2 0 0 4 4 5 3 2 4 8 8 8 19 2639 2561 2576 2650 2567 2600 2562 2523 2645 2533 2537 2615 2528 2606 2611 2839 2952 2966 2878 
413 2 2 0 4 4 5 3 2 4 8 8 8 20 2889 2914 2841 2919 2968 2883 2963 2958 2836 2844 2888 2850 2917 2880 2927 2922 2957 2875 2874 2913 
414 3 0 0 4 4 5 8 2 4 8 8 8 20 2572 3889 3861 3817 3900 3822 3826 3778 3851 3812 3865 3773 3895 3890 3856 4174 4135 4208 4213 4138 
415 3 2 0 4 4 5 8 2 4 8 8 8 20 4177 4091 4096 4169 4099 4086 4203 4164 4125 4124 4129 4216 4163 4130 4211 4168 4133 4172 4207 4085 
416 2 0 4 0 0 0 3 2 8 4 4 5 19 2734 2696 2701 2739 2773 2666 2706 2671 2657 2745 2784 2740 2735 2749 2779 2710 3008 3056 2975 
417 2 2 4 0 0 0 3 2 8 4 4 5 20 2973 3017 3091 3097 3086 3019 3058 3052 3100 3013 2978 2970 3018 3101 3022 3057 3061 3047 2984 3096 
418 3 0 4 0 0 0 8 2 8 4 4 5 19 4034 4033 4023 3911 3950 4039 3985 3916 3946 3994 3921 3907 3960 3955 4028 3999 4267 4311 4220 
419 3 2 4 0 0 0 8 2 8 4 4 5 20 4259 4306 4341 4302 4297 4262 4234 4345 4228 4272 4218 4233 4219 4308 4223 4258 4347 4257 4350 4336 
420 2 0 4 0 0 5 4 1 8 4 4 8 19 3922 2778 2705 2661 2783 2700 2656 2695 2667 2662 2672 2780 2750 2711 2789 2774 2788 2697 2741 
421 2 1 4 0 0 5 4 2 8 4 4 8 20 2736 2744 2775 3053 2980 3102 3063 3024 2979 3048 2985 3087 3009 3014 3062 3092 2983 2974 3023 2969 
422 4 0 4 0 0 5 8 2 8 4 4 8 19 4029 4035 3989 3945 4024 3917 3912 4038 3956 4000 3995 3951 3984 3990 4030 3961 4025 3906 4274 
423 4 2 4 0 0 5 8 2 8 4 4 8 20 4352 4313 4298 4225 4312 4263 4235 4268 4269 4351 4342 4224 4303 4337 4273 4229 4264 4230 4346 4307 
424 2 0 4 0 4 0 3 1 8 4 8 5 19 2668 2712 2663 2785 2790 2702 2660 2698 2782 2787 2673 2746 2748 2737 2781 2707 2776 2743 2751 
425 2 1 4 0 4 0 3 2 8 4 8 5 20 2704 2658 3050 2976 3025 3016 3060 3089 3021 2981 3088 3064 2972 2986 3103 3099 3094 3049 3055 3011 
426 3 0 4 0 4 0 8 1 8 4 8 5 19 3988 3949 4042 3987 3913 3947 3997 3962 3958 4036 4031 4026 4037 3908 4001 3924 4040 3952 3991 
427 3 1 4 0 4 0 8 2 8 4 8 5 20 3986 3919 3963 4261 4353 4275 4339 4231 4222 4349 4300 4226 4305 4237 4236 4314 4299 4344 4265 4270 
428 2 0 4 0 4 5 3 1 8 4 8 8 19 2786 2664 2777 2699 2792 2670 2791 2752 2738 2709 2674 2747 2742 2708 2703 2659 2753 2669 2714 
429 2 1 4 0 4 5 3 2 8 4 8 8 20 2675 2665 2713 3093 3059 3015 3010 3065 3098 3020 2977 3012 3026 3090 2987 2971 3051 3054 2982 3095 
430 3 0 4 0 4 5 8 1 8 4 8 8 19 3920 4027 3914 3953 3957 4041 4032 3948 3915 3996 4003 3992 3954 3993 4002 3910 3959 3998 3909 
431 3 1 4 0 4 5 8 2 8 4 8 8 20 3918 3923 4348 4260 4271 4310 4227 4304 4340 4309 4301 4338 4354 4266 4276 4343 4221 4232 4315 3104 
432 2 0 4 4 0 0 3 1 8 8 4 5 19 2685 2686 2793 2808 2803 2726 2807 2768 2763 2798 2765 2759 2720 2681 2715 2676 2682 2687 2754 
433 2 1 4 4 0 0 3 2 8 8 4 5 20 2804 2724 2729 2690 3121 3105 3042 2989 3066 3116 3027 3077 2994 3038 3111 2998 3003 3032 3072 3033 
434 3 0 4 4 0 0 8 1 8 8 4 5 19 2802 3941 3980 4009 4020 4043 4048 3927 3974 4014 3964 3935 4053 4018 3925 3930 4004 3966 3969 
435 3 1 4 4 0 0 8 2 8 8 4 5 20 4057 3936 4366 4239 4253 4292 4317 4322 4288 4243 4370 4316 4248 4355 4327 4278 4283 4321 4331 4361 
436 2 0 4 4 0 5 4 2 8 8 4 8 19 2764 2725 2677 4010 2721 2716 2799 2794 2755 2769 2730 2691 2731 2760 2692 2770 2809 3071 3068 
437 2 2 4 4 0 5 4 2 8 8 4 8 20 3043 3073 2988 3112 3076 3107 3110 3004 3120 3034 3037 3082 3081 3028 2999 3029 3067 3106 2993 3115 
438 4 0 4 4 0 5 8 1 8 8 4 8 19 4049 3965 3940 3975 3942 3971 4019 4054 4015 3937 4005 3932 3981 4044 3979 4058 3976 3970 3926 
439 4 1 4 4 0 5 8 2 8 8 4 8 20 3931 4254 4277 4279 4365 4362 4238 4371 4323 4293 4282 4287 4357 4318 4360 4326 4332 4356 4249 4244 
440 2 0 4 4 4 0 4 2 8 8 8 5 19 2678 2693 2684 2718 2796 2771 2679 2723 2728 2767 2732 2810 2801 2806 2762 2757 3108 2995 3113 
441 2 2 4 4 4 0 4 2 8 8 8 5 20 3030 3041 3044 2990 3039 3005 3122 2992 3069 3074 3036 3083 3035 3119 3078 3000 3117 3080 4367 4284 
442 4 0 4 4 4 0 8 1 8 8 8 5 19 4059 4011 3982 4045 4006 3983 3972 4056 4017 3938 4061 4051 4022 3929 3944 3977 3968 4012 3933 
443 4 1 4 4 4 0 8 2 8 8 8 5 20 4256 4363 4325 4372 4364 4242 4294 4333 4280 4319 4358 4286 4369 4251 4289 4245 4329 4328 4250 4240 
444 2 0 4 4 4 5 3 1 8 8 8 8 19 2727 2761 2772 2717 2733 2795 2680 2766 2683 2797 2689 2722 2694 2758 2805 2719 2800 2811 2756 
445 2 1 4 4 4 5 3 2 8 8 8 8 20 2688 3040 3045 3114 3007 2991 3123 3002 3118 3079 3085 3001 3124 2996 3084 2997 3046 3109 3031 3070 
446 3 0 4 4 4 5 8 2 8 8 8 8 20 4052 4055 3943 3973 4008 4046 3928 3939 4007 4050 3978 4016 4047 3967 4021 3934 4060 4013 4281 4373 
447 3 2 4 4 4 5 8 2 8 8 8 8 20 4330 4296 4291 4252 4334 4246 4241 4374 4368 4335 4324 4359 4247 4290 4295 3075 4255 4285 3006 4320 
448 2 2 0 0 0 0 3 4 4 4 5 5 19 3125 3252 3174 3136 3169 3218 3164 3130 3213 3248 3141 3257 3178 3135 3243 3204 3180 3139 3438 
449 2 4 0 0 0 0 3 8 4 4 5 5 20 3443 3487 3570 3559 3522 3452 3555 3492 3561 3556 3520 3481 3476 3448 3531 3442 3569 3517 3486 3525 
450 3 2 0 0 0 0 8 3 4 4 5 5 19 4458 4464 4414 4463 4375 4492 4497 4453 4507 4467 4502 4380 4428 4419 4389 4469 4425 4386 4384 
451 3 3 0 0 0 0 8 8 4 4 5 5 20 4703 4742 4781 4693 4776 4820 4765 4771 4737 4804 4770 4698 4732 4806 4814 4687 4726 3564 4782 4809 
452 2 2 0 0 0 5 4 4 4 4 5 8 19 3208 3247 4430 3214 3203 3253 3131 3132 3242 3219 3170 3126 3258 3209 3165 3179 3175 3140 3526 
453 2 4 0 0 0 5 4 8 4 4 5 8 20 3488 3447 3491 3530 3437 3571 3483 3560 3566 3532 3453 3565 3478 3477 3527 3482 3439 3516 4767 3521 
454 4 2 0 0 0 5 8 4 4 4 5 8 19 4391 4503 4429 4390 4454 4376 4498 4468 4508 4381 4424 4493 4415 4459 4385 4420 4688 4772 4736 
455 4 4 0 0 0 5 8 8 4 4 5 8 20 4731 4727 4816 4819 4697 4805 4728 4692 4741 4694 4811 4815 4689 4702 4821 4780 4733 4775 4766 4810 
456 2 2 0 0 5 0 4 3 4 4 8 5 19 3205 4392 3171 3221 3166 3244 3254 3246 3216 3207 3127 3177 3138 3210 3260 3249 3172 3215 3133 
457 2 3 0 0 5 0 4 8 4 4 8 5 20 3142 3572 3493 3523 3495 3446 3479 3519 3567 3484 3533 3454 3444 3449 3558 3490 3440 3528 3445 4699 
458 4 2 0 0 5 0 8 3 4 4 8 5 19 4470 4461 4510 4460 4421 4422 4377 4505 4417 4499 4494 4455 4416 4382 4383 4378 4431 4427 4388 
459 4 3 0 0 5 0 8 8 4 4 8 5 20 4466 4817 4738 4729 4701 4808 4740 4773 4822 4812 4695 4777 4734 4768 4779 4690 4743 4704 4778 4783 
460 2 2 0 0 5 5 3 3 4 4 8 8 19 3261 3128 3245 3167 3206 3250 3255 3220 3259 3222 3168 3181 3129 3256 3143 3134 3173 3212 3217 
461 2 3 0 0 5 5 3 8 4 4 8 8 20 3176 3182 3251 3137 3451 3480 3524 3456 3557 3455 3529 3568 3563 3494 3450 3441 3489 3485 3534 3562 
462 3 2 0 0 5 5 8 3 4 4 8 8 19 4504 3211 4379 4509 4457 4418 4495 4456 4506 4465 4500 4496 4501 4387 4393 4432 4471 4462 4423 
463 3 3 0 0 5 5 8 8 4 4 8 8 20 4426 4744 4818 4784 4705 4769 4706 4813 4730 4735 4696 4823 4774 4745 4807 4739 3573 4700 4691 3518 
464 2 2 0 4 0 0 4 3 4 8 5 5 19 4511 3150 3188 3268 3266 3183 3144 3277 3232 3194 3160 3155 3271 3227 3189 3262 3224 3238 3263 
465 2 3 0 4 0 0 4 8 4 8 5 5 20 3199 3502 3466 3496 3536 3580 3584 3468 3462 3457 3471 3541 3550 3511 3545 3473 3589 3463 3506 3575 
466 4 2 0 4 0 0 8 4 4 8 5 5 19 4400 4438 4477 4513 4527 4516 4405 4449 4521 4483 4444 4472 4439 4394 4433 4488 4478 4795 4762 
467 4 4 0 4 0 0 8 8 4 8 5 5 20 4799 4746 4756 4751 4707 4790 4785 4825 4723 4830 4760 4839 4721 4712 4757 4834 4722 4800 4718 4801 
468 2 2 0 4 0 5 3 3 4 8 5 8 19 3145 3159 3239 3198 3151 3193 3273 3154 3237 3195 3276 3229 3267 3228 3184 3190 3149 3185 3223 
469 2 3 0 4 0 5 3 8 4 8 5 8 20 3234 3272 3278 3146 3579 3546 3574 3540 3501 3467 3458 3585 3512 3535 3507 3590 3551 3497 3472 3464 
470 3 2 0 4 0 5 8 3 4 8 5 8 19 3233 4434 4482 4395 4409 4473 4440 4512 4474 4410 4396 4435 4528 4401 4523 4443 4518 4399 4448 
471 3 3 0 4 0 5 8 8 4 8 5 8 20 4522 4487 4517 4404 4479 4526 4824 4761 4791 4717 4714 4786 4752 4708 4829 4840 4747 4835 4796 4713 
472 2 2 0 4 5 0 3 4 4 8 8 5 19 3196 3197 3147 3269 3202 3274 3200 3235 3240 3265 3156 3230 3191 3161 3152 3226 3186 3279 3537 
473 2 4 0 4 5 0 3 8 4 8 8 5 20 3514 3553 3539 3465 3592 3470 3578 3503 3542 3547 3576 3498 3475 3586 3508 3581 3460 3459 3552 3500 
474 3 2 0 4 5 0 8 3 4 8 8 5 19 3158 4519 4489 4441 4447 4408 4524 4450 4480 4529 4484 4475 4530 4515 4486 4406 4402 4445 4411 
475 3 3 0 4 5 0 8 8 4 8 8 5 20 4436 4397 4803 4759 4831 4842 4787 4724 4715 4836 4748 4828 4720 4826 4709 4798 4837 4827 4754 4793 
476 2 2 0 4 5 5 3 4 4 8 8 8 19 3201 3236 3162 3153 3280 3225 3148 3192 3264 3157 3241 3270 3187 3275 3163 3231 3469 3593 3510 
477 2 4 0 4 5 5 3 8 4 8 8 8 20 3583 3505 3509 3474 3544 3461 3549 3587 3588 3554 3504 3577 3515 3538 3582 3543 3548 3513 3499 3591 
478 3 2 0 4 5 5 8 4 4 8 8 8 20 4446 4403 4398 4514 4407 4476 4437 4485 4491 4451 4452 4442 4481 4520 4413 4525 4412 4490 4763 4789 
479 3 4 0 4 5 5 8 8 4 8 8 8 20 4750 4753 4792 4758 4710 4719 4716 4794 4841 4755 4802 4838 4711 4833 4764 4725 4788 4749 4832 4797 
480 2 2 4 0 0 0 4 4 8 4 4 5 19 3291 3399 3321 4546 3369 3335 3374 3413 3365 3326 3296 3282 3287 3360 3404 3330 3678 3637 3725 
481 2 4 4 0 0 0 4 8 8 4 4 5 20 3633 3711 3717 3647 3686 3603 3600 3594 3639 3608 3672 3721 3720 3642 3716 3598 3599 3722 3676 3681 
482 4 2 4 0 0 0 8 4 8 4 4 5 19 4576 4624 4654 4532 4615 4537 4648 4659 4620 4581 4585 4571 4542 4609 4570 4931 4883 4845 4922 
483 4 4 4 0 0 0 8 8 8 4 4 5 20 4887 4936 4928 4853 4859 4967 4961 4850 4926 4975 4965 4937 4898 4889 4892 4884 4970 4848 4844 4888 
484 2 2 4 0 0 5 4 3 8 4 4 8 19 3297 4649 3325 3375 3370 3403 3336 3400 3331 3292 3409 3359 3320 3414 3322 3364 3398 3281 3408 
485 2 3 4 0 0 5 4 8 8 4 4 8 20 3361 3286 3673 3727 3610 3643 3682 3649 3683 3688 3609 3677 3638 3648 3712 3604 3687 3634 3726 3595 
486 4 2 4 0 0 5 8 3 8 4 4 8 19 4614 4653 4610 4541 4572 4664 4586 4655 4536 4650 4531 4619 4658 4611 4625 4663 4547 4580 4575 
487 4 3 4 0 0 5 8 8 8 4 4 8 20 4616 4932 4860 4897 4972 4855 4977 4894 4938 4976 4854 4923 4971 4893 4899 4927 4966 4849 4962 4858 
488 2 2 4 0 4 0 3 3 8 4 8 5 19 3338 3377 3416 3332 3368 3366 3285 3405 3406 3363 3327 3415 3371 3288 3407 3362 3410 3299 3293 
489 2 3 4 0 4 0 3 8 8 4 8 5 20 3283 3401 3324 3597 3680 3719 3641 3602 3606 3723 3689 3636 3645 3650 3684 3675 3611 3713 3714 3728 
490 3 2 4 0 4 0 8 3 8 4 8 5 19 4623 4535 4617 4548 4543 4538 4577 4621 4656 4626 4587 4665 4582 4540 4612 4533 4660 4579 4662 
491 3 3 4 0 4 0 8 8 8 4 8 5 20 4651 4573 4618 4657 4851 4900 4978 4939 4969 4964 4930 4925 4886 4861 4847 4895 4856 4973 4963 4934 
492 2 2 4 0 4 5 3 3 8 4 8 8 19 3411 3323 3376 3290 3367 3328 3337 3372 3339 3402 3329 3298 3300 3412 3333 3334 3373 3378 3295 
493 2 3 4 0 4 5 3 8 8 4 8 8 20 3284 3417 3646 3644 3596 3601 3612 3715 3718 3685 3724 3607 3679 3605 3651 3674 3640 3635 3690 3729 
494 3 2 4 0 4 5 8 3 8 4 8 8 19 3294 3289 4613 4549 4627 4539 4628 4544 4578 4545 4589 4550 4667 4666 4588 4534 4661 4574 4622 
495 3 3 4 0 4 5 8 8 8 4 8 8 20 4652 4583 4584 4885 4862 4933 4940 4979 4935 4968 4891 4846 4852 4924 4896 4929 4901 4890 4974 4857 
496 2 2 4 4 0 0 3 3 8 8 5 5 19 3427 3344 3383 3345 3388 3316 3423 3428 3424 3301 3305 3379 3385 3315 3310 3349 3346 3432 3393 
497 2 3 4 4 0 0 3 8 8 8 5 5 20 3418 3307 3354 3340 3653 3731 3736 3614 3706 3741 3746 3697 3619 3667 3702 3658 3730 3623 3692 3628 
498 3 2 4 4 0 0 8 3 8 8 5 5 19 4677 4629 4668 4679 4639 4551 4557 4643 4638 4560 4640 4604 4600 4556 4590 4634 4601 4682 4562 
499 3 3 4 4 0 0 8 8 8 8 5 5 20 4565 4673 4595 4599 4878 4908 4947 4986 4864 4873 4917 4903 4981 4956 4869 4942 4912 4865 4951 4995 
500 2 2 4 4 0 5 3 4 8 8 5 8 19 3394 3306 3419 3384 3341 3356 3317 3389 3380 3311 3312 3429 3395 3302 3434 3390 3351 3696 3732 
501 2 4 4 4 0 5 3 8 8 8 5 8 20 3745 3662 3615 3654 3613 3735 3652 3668 3624 3691 3618 3707 3742 3737 3629 3740 3663 3701 3693 3657 
502 3 2 4 4 0 5 8 3 8 8 5 8 19 3355 3350 3433 4561 4591 4566 4683 4644 4674 4605 4635 4596 4630 4552 4669 4678 4645 4567 4684 
503 3 3 4 4 0 5 8 8 8 8 5 8 20 4606 4991 4913 4868 4982 4943 4863 4941 4996 4985 4907 4990 4874 4946 4952 4902 4957 4879 4980 4918 
504 2 2 4 4 5 0 3 4 8 8 8 5 19 3430 3352 3381 3313 3318 3435 3391 3382 3426 3348 3357 3396 3343 3387 3304 3421 3700 3747 3733 
505 2 4 4 4 5 0 3 8 8 8 8 5 20 3659 3694 3622 3661 3625 3708 3703 3738 3655 3620 3744 3669 3670 3656 3664 3749 3698 3617 3631 3630 
506 3 2 4 4 5 0 8 4 8 8 8 5 19 4631 4646 4607 4685 4554 4676 4559 4681 4642 4603 4593 4598 4671 4637 4568 4670 4632 4881 4914 
507 3 4 4 4 5 0 8 8 8 8 8 5 20 4870 4875 4959 4953 4867 4992 4987 4950 4984 4906 4983 4989 4948 4945 4909 4998 4920 4997 4904 4905 
508 2 2 4 4 5 5 4 3 8 8 8 8 19 4686 4569 3436 3353 3386 3319 3303 3425 3392 3422 3308 3420 3342 3397 3314 3309 3431 3347 3358 
509 2 3 4 4 5 5 4 8 8 8 8 8 20 3739 3660 3699 3709 3621 3710 3704 3695 3632 3665 3616 3626 3734 3705 3627 3748 3666 3743 3671 4994 
510 4 2 4 4 5 5 8 4 8 8 8 8 20 4597 4553 4636 4641 4647 4594 4558 4555 4608 4672 4564 4633 4602 4563 4675 4592 4680 4866 4877 4960 
511 4 4 4 4 5 5 8 8 8 8 8 8 20 4882 4954 4999 4921 4915 4944 4872 4988 4880 4911 4916 4910 4876 4871 4843 4949 4993 4958 4919 4955 
