1024
1024 0 0 0 0 0 114 120 114 98 169 9 9995 1805 3754 4956 1614 9666 9791 744 9722 
1025 0 0 0 0 169 114 120 114 98 253 10 3761 8705 8947 6334 7124 9392 2372 199 7658 4263 
1026 0 0 0 98 0 114 120 114 241 184 10 8279 9189 7034 9664 4055 11 2848 4099 6835 4158 
1027 0 0 0 98 184 114 120 114 241 253 10 9597 7365 8245 4854 7535 4669 9857 2020 2119 6375 
1028 0 0 114 0 0 114 120 262 157 139 9 4776 9863 106 8055 6560 3258 685 4319 4619 
1029 0 0 114 0 139 114 120 262 157 253 10 161 5210 8824 7361 1712 9056 9305 618 332 1844 
1030 0 0 114 157 0 114 120 262 241 102 10 8675 6805 7072 5541 8442 8399 1423 6465 552 466 
1031 0 0 114 157 102 114 120 262 241 253 10 8601 6876 8073 47 4575 9528 6484 7721 5978 5258 
1032 0 120 0 0 0 114 249 160 115 97 9 2546 1660 2795 8275 5760 4620 4095 7473 5916 
1033 0 120 0 0 97 114 249 160 115 253 10 4070 1641 7229 3926 8461 1401 7042 907 7285 169 
1034 0 120 0 115 0 114 249 160 241 114 10 8409 7384 1167 3965 3513 4036 5855 5382 9266 4858 
1035 0 120 0 115 114 114 249 160 241 253 10 6181 7951 1205 4933 2715 287 912 2700 4523 1140 
1036 0 120 160 0 0 114 249 262 124 110 9 1924 7517 719 5435 2956 9636 463 6311 704 
1037 0 120 160 0 110 114 249 262 124 253 10 5698 4040 8821 7464 5409 4188 92 7666 1234 5411 
1038 0 120 160 124 0 114 249 262 241 142 10 8178 5551 9304 9592 2127 4634 1883 3249 1596 7917 
1039 0 120 160 124 142 114 249 262 241 253 10 7901 6023 7416 1554 5444 9087 7267 7686 6070 3790 
1040 114 0 0 0 0 258 130 160 111 77 9 3581 1222 6110 1414 5025 9115 2925 8109 1147 
1041 114 0 0 0 77 258 130 160 111 253 10 5311 8408 5559 6569 1228 3852 5935 94 6193 1609 
1042 114 0 0 111 0 258 130 160 241 59 10 2362 1869 6367 7623 5921 693 7130 1819 2096 826 
1043 114 0 0 111 59 258 130 160 241 253 10 864 8458 2281 4943 1553 9778 2359 5022 721 9906 
1044 114 0 160 0 0 258 130 262 136 150 9 2727 3562 4371 2680 4372 3261 682 3877 6521 
1045 114 0 160 0 150 258 130 262 136 253 10 4782 8564 1971 1209 2172 8856 8197 7744 303 9393 
1046 114 0 160 136 0 258 130 262 241 109 10 5235 3779 3729 447 8608 5766 5950 8754 439 9771 
1047 114 0 160 136 109 258 130 262 241 253 10 2057 1419 5756 785 541 5189 9801 5410 8793 4570 
1048 114 130 0 0 0 258 249 117 105 97 9 5858 923 4066 5304 8238 8433 2754 7415 9291 
1049 114 130 0 0 97 258 249 117 105 253 10 3072 2510 6619 2955 1117 9325 5446 2262 1048 8673 
1050 114 130 0 105 0 258 249 117 241 107 10 7884 1462 3810 6232 6940 4741 6206 3624 827 8925 
1051 114 130 0 105 107 258 249 117 241 253 10 2750 8926 7458 6801 6168 5310 3176 6706 5106 9123 
1052 114 130 117 0 0 258 249 262 104 96 9 7729 1263 7730 5675 9498 7888 9534 1626 424 
1053 114 130 117 0 96 258 249 262 104 253 10 958 1952 7652 4403 4474 5313 845 1823 6381 6529 
1054 114 130 117 104 0 258 249 262 241 104 10 1693 4872 6512 5549 9929 5067 4451 6776 4510 8161 
1055 114 130 117 104 104 258 249 262 241 253 10 883 1788 3395 3833 9353 4020 3964 6259 1850 9015 
1056 0 0 0 0 253 135 123 139 135 355 9 8984 2246 8019 7975 1394 4439 7073 3169 2874 
1057 0 0 0 0 355 135 123 139 135 512 10 6969 1800 9136 6124 7351 6704 9322 2466 1847 828 
1058 0 0 0 135 253 135 123 139 241 316 10 4390 4684 3750 3535 5479 4971 6034 4409 6590 3764 
1059 0 0 0 135 316 135 123 139 241 512 10 8020 4810 5503 3052 3713 5043 3899 7989 2468 6884 
1060 0 0 139 0 253 135 123 262 129 378 9 9244 5678 3014 6220 9844 133 2090 321 245 
1061 0 0 139 0 378 135 123 262 129 512 10 3166 8241 2711 9833 6988 1256 7530 6537 6433 730 
1062 0 0 139 129 253 135 123 262 241 372 10 8447 6378 8725 5240 9026 8095 1235 3199 9153 2847 
1063 0 0 139 129 372 135 123 262 241 512 10 8767 4759 3771 4698 5496 1856 1337 2663 5898 237 
1064 0 123 0 0 253 135 249 122 144 404 9 3029 9825 8427 9093 8414 7408 8977 5787 3345 
1065 0 123 0 0 404 135 249 122 144 512 10 4788 9300 6650 4384 249 2396 6598 5448 638 731 
1066 0 123 0 144 253 135 249 122 241 373 10 6603 631 8936 5465 4262 270 4787 9731 4840 5155 
1067 0 123 0 144 373 135 249 122 241 512 10 3328 8575 934 6008 8354 5007 2192 4241 5113 5251 
1068 0 123 122 0 253 135 249 262 108 387 9 967 2487 5590 7251 7461 8490 1747 9575 3718 
1069 0 123 122 0 387 135 249 262 108 512 10 1129 6177 4822 1487 2389 2892 3986 387 1242 5006 
1070 0 123 122 108 253 135 249 262 241 410 10 4766 8071 8166 8746 5262 7831 1568 2978 897 9439 
1071 0 123 122 108 410 135 249 262 241 512 10 3609 3005 7787 4404 492 3489 6536 6231 9065 3087 
1072 135 0 0 0 253 258 96 110 88 349 9 5979 7950 1956 4880 3674 9579 5512 2292 3060 
1073 135 0 0 0 349 258 96 110 88 512 10 6460 4381 851 9454 4768 890 3746 7810 6606 8335 
1074 135 0 0 88 253 258 96 110 241 346 10 772 9105 7733 7066 8949 6960 2861 1740 277 2235 
1075 135 0 0 88 346 258 96 110 241 512 10 7203 2053 7036 6467 2194 7400 9462 6257 3464 3344 
1076 135 0 110 0 253 258 96 262 103 363 9 4309 3186 198 5268 6176 2595 9563 2741 8876 
1077 135 0 110 0 363 258 96 262 103 512 10 7863 6866 8491 547 5742 2931 814 7215 6732 3608 
1078 135 0 110 103 253 258 96 262 241 391 10 2278 129 4916 9251 5516 787 3968 1909 6204 5474 
1079 135 0 110 103 391 258 96 262 241 512 10 1108 4301 7147 362 8261 1682 7231 4560 5553 3271 
1080 135 96 0 0 253 258 249 132 115 319 9 8663 2524 2234 6839 3024 8877 5801 3978 3127 
1081 135 96 0 0 319 258 249 132 115 512 10 3143 6335 6355 2963 7262 442 3725 7200 2347 688 
1082 135 96 0 115 253 258 249 132 241 336 10 2802 8557 5610 4748 7343 6005 113 697 2843 9387 
1083 135 96 0 115 336 258 249 132 241 512 10 1695 8562 2618 6469 5835 9519 8229 475 4077 1099 
1084 135 96 132 0 253 258 249 262 117 352 10 1226 3816 280 9971 8207 8535 4501 4432 5550 5252 
1085 135 96 132 0 352 258 249 262 117 512 10 3799 3426 4567 2929 6358 4680 9373 3842 1063 8122 
1086 135 96 132 117 253 258 249 262 241 377 10 1670 7545 4096 2209 4559 6399 264 6372 4115 4863 
1087 135 96 132 117 377 258 249 262 241 512 10 7041 2102 4226 2080 7625 4866 5732 7289 1615 9594 
1088 0 0 0 241 0 132 127 162 400 114 9 2981 58 3444 8649 1346 1797 1739 3717 6627 
1089 0 0 0 241 114 132 127 162 400 257 10 4294 1082 3191 6625 4024 4018 656 24 2330 2766 
1090 0 0 0 400 0 132 127 162 512 104 10 8477 6025 454 1323 8831 9772 7650 822 8815 3573 
1091 0 0 0 400 104 132 127 162 512 257 10 6892 5563 4922 5901 1326 1968 843 7525 409 7255 
1092 0 0 162 241 0 132 127 262 354 156 9 7302 8641 2533 4450 7019 5455 8314 9562 5172 
1093 0 0 162 241 156 132 127 262 354 257 10 4671 4765 4564 7876 6722 1681 7018 3933 6697 4959 
1094 0 0 162 354 0 132 127 262 512 133 10 3860 3699 2019 3510 8049 2976 3071 7641 9988 8174 
1095 0 0 162 354 133 132 127 262 512 257 10 9702 3555 3182 9922 6616 4295 5095 2418 1490 4721 
1096 0 127 0 241 0 132 249 150 375 135 9 1775 3371 3690 2951 6826 7331 9609 9360 3245 
1097 0 127 0 241 135 132 249 150 375 257 10 3807 3076 5736 9993 2146 1004 6182 1484 1512 5369 
1098 0 127 0 375 0 132 249 150 512 141 10 3597 3203 5329 4360 7984 9344 860 3383 4465 2698 
1099 0 127 0 375 141 132 249 150 512 257 10 1540 2074 8034 3596 2038 4629 5469 8254 1940 2495 
1100 0 127 150 241 0 132 249 262 374 148 9 1664 853 6895 4317 1910 5373 2764 2875 7433 
1101 0 127 150 241 148 132 249 262 374 257 10 6757 3793 5108 663 9674 2244 1134 7366 1884 8934 
1102 0 127 150 374 0 132 249 262 512 89 10 5925 3242 8769 679 9289 1703 8274 2122 2460 2718 
1103 0 127 150 374 89 132 249 262 512 257 10 1590 3477 8170 1979 1430 9894 1534 5731 2205 1422 
1104 132 0 0 241 0 258 144 163 354 126 9 5206 2150 2876 3834 6914 204 4852 1456 8024 
1105 132 0 0 241 126 258 144 163 354 257 10 8733 2869 5281 360 6434 3047 3766 292 7467 2807 
1106 132 0 0 354 0 258 144 163 512 107 10 7802 8468 1801 1657 5384 895 7435 4476 160 8336 
1107 132 0 0 354 107 258 144 163 512 257 10 765 7690 5780 2566 9859 5128 6810 3306 9155 9176 
1108 132 0 163 241 0 258 144 262 383 85 9 7341 3545 7751 7165 1834 938 1231 9447 1907 
1109 132 0 163 241 85 258 144 262 383 257 10 166 5333 2025 9049 2511 4656 9799 9874 1558 7039 
1110 132 0 163 383 0 258 144 262 512 86 10 9355 472 9342 6882 7740 2982 1268 8179 5865 6230 
1111 132 0 163 383 86 258 144 262 512 257 10 1796 9691 7735 6954 8347 794 3663 1341 5213 1969 
1112 132 144 0 241 0 258 249 130 373 123 9 6680 3342 6747 6787 7924 5544 4911 6754 9148 
1113 132 144 0 241 123 258 249 130 373 257 10 4254 6021 7201 6141 1644 6602 8270 4238 8522 9728 
1114 132 144 0 373 0 258 249 130 512 169 10 1404 6453 2790 8650 7087 7026 6959 7016 4357 3389 
1115 132 144 0 373 169 258 249 130 512 257 10 5357 8326 5864 5850 1710 7380 6962 2860 6597 7224 
1116 132 144 130 241 0 258 249 262 358 153 9 8894 8101 9747 3299 5031 9472 9160 2717 8553 
1117 132 144 130 241 153 258 249 262 358 257 10 718 6897 1446 2231 6848 1399 4060 3595 8293 6373 
1118 132 144 130 358 0 258 249 262 512 86 10 1161 6012 8844 2094 8631 4942 7430 4438 2145 9000 
1119 132 144 130 358 86 258 249 262 512 257 10 1297 1640 4300 6621 8054 2593 3821 2758 705 7477 
1120 0 0 0 241 257 127 133 128 311 410 9 5830 6256 3966 3178 1782 9336 6315 6853 8247 
1121 0 0 0 241 410 127 133 128 311 512 10 6618 1351 3824 4688 1494 9488 7728 5951 4754 5086 
1122 0 0 0 311 257 127 133 128 512 407 10 1716 9892 6731 7697 5686 3724 8504 3832 1994 4524 
1123 0 0 0 311 407 127 133 128 512 512 10 9261 9628 1061 5096 4893 9587 4035 1495 8708 4615 
1124 0 0 128 241 257 127 133 262 377 392 9 7719 8939 9377 8152 4026 8430 6746 513 3902 
1125 0 0 128 241 392 127 133 262 377 512 10 3954 9698 2794 8714 7961 4351 1831 6740 1017 6295 
1126 0 0 128 377 257 127 133 262 512 381 10 4302 6310 3084 4312 966 673 3252 2153 7097 7759 
1127 0 0 128 377 381 127 133 262 512 512 10 6756 8378 395 8811 3302 2318 4544 7434 4900 7755 
1128 0 133 0 241 257 127 249 136 354 332 9 9440 4281 7600 3093 7694 80 8937 6293 3521 
1129 0 133 0 241 332 127 249 136 354 512 10 341 8994 9054 2651 1164 6658 5807 9206 5062 9986 
1130 0 133 0 354 257 127 249 136 512 390 10 9547 1941 3100 1982 1434 5617 4621 3536 6275 7120 
1131 0 133 0 354 390 127 249 136 512 512 10 9196 2630 9938 7949 5337 9511 5693 6532 8462 509 
1132 0 133 136 241 257 127 249 262 408 384 9 7588 5377 5838 8406 7875 7335 4755 6074 3184 
1133 0 133 136 241 384 127 249 262 408 512 10 1738 508 26 3194 914 4851 3697 7756 7432 9970 
1134 0 133 136 408 257 127 249 262 512 398 10 220 4165 7369 6322 1031 5478 9048 7990 778 4331 
1135 0 133 136 408 398 127 249 262 512 512 10 5486 2778 9809 7032 6980 7053 6628 5985 7822 6829 
1136 127 0 0 241 257 258 125 132 343 344 9 726 1001 5330 1081 9415 2165 8096 55 5217 
1137 127 0 0 241 344 258 125 132 343 512 10 9711 748 4220 8836 3901 729 2799 8476 7969 577 
1138 127 0 0 343 257 258 125 132 512 381 10 6591 1915 7447 465 7569 5231 7746 1727 647 798 
1139 127 0 0 343 381 258 125 132 512 512 10 7196 2710 6064 6362 1457 1431 5809 3684 3583 8352 
1140 127 0 132 241 257 258 125 262 421 352 9 9837 4962 8883 8627 4216 5489 6081 3894 7966 
1141 127 0 132 241 352 258 125 262 421 512 10 6804 1420 2544 7111 3270 8439 799 8208 9604 1600 
1142 127 0 132 421 257 258 125 262 512 338 10 8759 2436 4352 5520 5754 2772 8470 4563 1912 4235 
1143 127 0 132 421 338 258 125 262 512 512 10 4910 7673 8016 8777 1928 950 9909 3638 8026 4205 
1144 127 125 0 241 257 258 249 141 330 373 9 1254 1155 8751 8570 644 9358 16 3140 6226 
1145 127 125 0 241 373 258 249 141 330 512 10 1172 9716 6595 5335 9881 7611 9888 3917 1580 786 
1146 127 125 0 330 257 258 249 141 512 385 10 9242 441 462 9491 6383 4456 6749 8798 4946 2657 
1147 127 125 0 330 385 258 249 141 512 512 10 1020 8173 2585 3714 2508 1444 5998 9460 5723 3653 
1148 127 125 141 241 257 258 249 262 379 341 10 7854 7405 468 1019 8297 6013 452 758 5415 2622 
1149 127 125 141 241 341 258 249 262 379 512 10 2473 6377 960 4557 7050 9045 5607 592 7977 3401 
1150 127 125 141 379 257 258 249 262 512 396 10 84 7428 7878 4865 3914 3188 5955 3632 6552 5485 
1151 127 125 141 379 396 258 249 262 512 512 10 322 2691 4471 3858 5174 3051 6266 4719 9754 9350 
1152 0 0 262 0 0 110 132 402 102 138 9 512 9548 5614 896 1138 2141 8480 9004 5371 
1153 0 0 262 0 138 110 132 402 102 242 10 947 2329 3045 1808 8210 2242 5181 3248 9541 8585 
1154 0 0 262 102 0 110 132 402 262 114 10 4846 7240 4549 9011 2287 4912 7743 6371 6427 6047 
1155 0 0 262 102 114 110 132 402 262 242 10 838 6611 4650 8280 4291 911 5208 7773 4832 2996 
1156 0 0 402 0 0 110 132 512 146 170 9 2259 1125 5334 681 6828 2136 6729 6827 736 
1157 0 0 402 0 170 110 132 512 146 242 10 2445 5770 65 9783 8897 3755 9110 1799 2243 2854 
1158 0 0 402 146 0 110 132 512 262 103 10 9076 7507 8329 2567 2662 73 1352 6596 1757 7403 
1159 0 0 402 146 103 110 132 512 262 242 10 5796 2267 2273 7663 6130 7048 4528 8979 9695 2853 
1160 0 132 262 0 0 110 249 388 149 101 9 8331 7996 9912 9850 6869 3177 1879 8075 1331 
1161 0 132 262 0 101 110 249 388 149 242 10 1987 3740 2176 7675 3435 6733 5123 404 9606 1810 
1162 0 132 262 149 0 110 249 388 262 122 10 5286 2769 4590 5997 3200 4996 7827 2474 8147 6325 
1163 0 132 262 149 122 110 249 388 262 242 10 4941 3870 6353 6482 2897 988 5318 849 1721 8760 
1164 0 132 388 0 0 110 249 512 84 127 9 995 7074 5236 926 1857 8500 5604 6549 1276 
1165 0 132 388 0 127 110 249 512 84 242 10 857 555 7563 4039 6160 8668 7613 9335 2797 4981 
1166 0 132 388 84 0 110 249 512 262 134 10 5511 1806 9382 651 8503 9088 4307 3662 8059 2697 
1167 0 132 388 84 134 110 249 512 262 242 10 9293 2703 1665 2353 2838 9465 7914 1465 5704 2377 
1168 110 0 262 0 0 258 137 389 131 97 9 3561 3441 408 8390 2069 7249 9966 4242 4894 
1169 110 0 262 0 97 258 137 389 131 242 10 4168 8032 1318 5331 9647 2995 3364 8960 5596 2068 
1170 110 0 262 131 0 258 137 389 262 122 10 8989 1730 3728 8676 3846 5785 4283 6920 6129 6341 
1171 110 0 262 131 122 258 137 389 262 242 10 427 5579 4427 7985 5130 3341 5090 8377 1733 8328 
1172 110 0 389 0 0 258 137 512 117 81 9 1891 7123 235 7213 8847 9453 9708 7490 5646 
1173 110 0 389 0 81 258 137 512 117 242 10 5751 5734 9214 6425 6451 7137 2303 2196 1448 8658 
1174 110 0 389 117 0 258 137 512 262 115 10 9247 2590 8277 6062 1926 9699 8541 4934 478 978 
1175 110 0 389 117 115 258 137 512 262 242 10 2536 2437 6635 2317 9470 8139 3059 1287 4179 6246 
1176 110 137 262 0 0 258 249 381 94 127 9 9715 1507 3361 7040 2980 37 436 8572 1518 
1177 110 137 262 0 127 258 249 381 94 242 10 3066 8677 4973 3439 9798 8395 7300 4606 114 2558 
1178 110 137 262 94 0 258 249 381 262 112 10 21 8056 640 3565 4732 7263 4778 2896 4633 3455 
1179 110 137 262 94 112 258 249 381 262 242 10 7957 2376 8402 4297 1454 6312 608 2844 2921 2221 
1180 110 137 381 0 0 258 249 512 134 123 9 5052 9556 9301 1386 5960 6575 9878 5305 5543 
1181 110 137 381 0 123 258 249 512 134 242 10 6572 9068 4250 4219 2932 7086 9957 5957 323 8551 
1182 110 137 381 134 0 258 249 512 262 175 10 209 2804 4076 1690 1319 6645 7945 2290 2768 9717 
1183 110 137 381 134 175 258 249 512 262 242 10 5568 4961 7481 3693 5224 1455 9796 2453 7834 2624 
1184 0 0 262 0 242 121 121 361 111 348 9 4584 817 537 4308 8935 4164 7983 1863 9471 
1185 0 0 262 0 348 121 121 361 111 512 10 8933 3783 936 7063 8119 5937 8686 1755 8502 8509 
1186 0 0 262 111 242 121 121 361 262 355 10 6965 2499 4223 8848 4704 4860 9994 1160 9152 723 
1187 0 0 262 111 355 121 121 361 262 512 10 1802 7392 8012 3961 9774 5493 8185 2186 7227 7689 
1188 0 0 361 0 242 121 121 512 146 309 9 8356 2667 6846 4948 1936 7794 8368 9456 564 
1189 0 0 361 0 309 121 121 512 146 512 10 7492 275 3491 9704 8717 7644 2271 8820 3197 5133 
1190 0 0 361 146 242 121 121 512 262 381 10 4206 3769 9846 4792 9182 6647 6600 9436 4676 7833 
1191 0 0 361 146 381 121 121 512 262 512 10 9333 825 4048 2938 2645 1951 9326 6030 5483 2441 
1192 0 121 262 0 242 121 249 369 100 393 9 3551 641 5138 3557 2708 1935 3202 4430 8025 
1193 0 121 262 0 393 121 249 369 100 512 10 62 8384 8489 3559 2588 3167 3447 5500 1026 5340 
1194 0 121 262 100 242 121 249 369 262 388 10 751 7419 4088 9527 1766 5681 702 6888 5480 8747 
1195 0 121 262 100 388 121 249 369 262 512 10 3183 6751 6045 2873 4740 2032 7022 288 498 8807 
1196 0 121 369 0 242 121 249 512 144 364 9 6393 5765 6173 8544 571 6420 8272 2484 4533 
1197 0 121 369 0 364 121 249 512 144 512 10 2619 8942 9998 2229 6868 3041 1322 2671 8027 4163 
1198 0 121 369 144 242 121 249 512 262 327 10 2169 4091 9808 6926 6297 2112 4310 9100 6973 7793 
1199 0 121 369 144 327 121 249 512 262 512 10 7923 9366 5899 1551 5068 1397 5109 8996 8610 8944 
1200 121 0 262 0 242 258 128 387 136 318 9 2610 9836 182 830 8099 8382 2333 5837 3698 
1201 121 0 262 0 318 258 128 387 136 512 10 1592 654 6188 3107 4772 7010 30 3843 302 774 
1202 121 0 262 136 242 258 128 387 262 420 10 1047 5190 6483 9670 6760 1440 8364 6356 1110 2625 
1203 121 0 262 136 420 258 128 387 262 512 10 3179 9042 9062 5949 6811 2806 8887 4616 6924 2175 
1204 121 0 387 0 242 258 128 512 105 379 9 4109 9851 5182 5227 4999 3373 872 1618 5139 
1205 121 0 387 0 379 258 128 512 105 512 10 859 1054 4743 8255 2950 8154 1654 5119 2216 4482 
1206 121 0 387 105 242 258 128 512 262 407 10 3102 2331 2837 4004 6144 9887 2919 298 5010 6285 
1207 121 0 387 105 407 258 128 512 262 512 10 1480 2031 491 1803 9 8098 4828 7682 4014 412 
1208 121 128 262 0 242 258 249 399 141 398 9 5775 8006 5639 9399 4780 4074 8873 664 3569 
1209 121 128 262 0 398 258 249 399 141 512 10 3739 999 9103 8810 5168 4686 4687 7636 3239 5019 
1210 121 128 262 141 242 258 249 399 262 320 10 5660 7211 5982 5674 8253 2805 8866 5332 417 1186 
1211 121 128 262 141 320 258 249 399 262 512 10 5615 1587 3876 6905 8785 791 4057 2449 9526 4347 
1212 121 128 399 0 242 258 249 512 151 393 10 8169 2575 922 6580 175 6998 1204 3935 1357 9411 
1213 121 128 399 0 393 258 249 512 151 512 10 8137 9656 8372 9629 1582 4284 1550 7861 4601 7784 
1214 121 128 399 151 242 258 249 512 262 375 10 8198 8554 4267 6258 8267 8779 8872 5618 9524 5048 
1215 121 128 399 151 375 258 249 512 262 512 10 2204 6623 917 6044 5799 9191 2125 443 3787 6815 
1216 0 0 262 262 0 126 116 365 389 73 9 2621 5876 610 9677 6613 3158 6095 788 3232 
1217 0 0 262 262 73 126 116 365 389 269 10 5569 5884 2116 8973 5507 1381 7000 18 3305 8421 
1218 0 0 262 389 0 126 116 365 512 136 10 3984 3576 3859 7303 766 5601 4610 7532 3023 3378 
1219 0 0 262 389 136 126 116 365 512 269 10 5289 4217 2211 9685 7967 1786 2525 5114 9157 3215 
1220 0 0 365 262 0 126 116 512 357 130 9 351 2987 9932 7893 1041 8540 4784 3062 8707 
1221 0 0 365 262 130 126 116 512 357 269 10 9945 7692 6374 6219 3356 7274 2878 8853 4030 9449 
1222 0 0 365 357 0 126 116 512 512 109 10 522 1658 2713 1253 5821 6506 6102 9962 558 4867 
1223 0 0 365 357 109 126 116 512 512 269 10 7210 5534 6832 9272 5045 1281 4588 9047 3490 510 
1224 0 116 262 262 0 126 249 377 362 146 9 3086 3879 6633 5857 9605 5024 2813 5953 8296 
1225 0 116 262 262 146 126 249 377 362 269 10 9812 8634 8817 6363 2498 2823 5581 4178 792 1250 
1226 0 116 262 362 0 126 249 377 512 129 10 3067 6712 6540 3855 7968 9903 8724 1100 8199 9935 
1227 0 116 262 362 129 126 249 377 512 269 10 4318 5645 7513 3049 7254 7407 4011 1055 4169 5652 
1228 0 116 377 262 0 126 249 512 380 116 9 637 8457 8149 8891 8004 6696 609 1124 1984 
1229 0 116 377 262 116 126 249 512 380 269 10 3743 1748 3850 119 1632 3668 5853 6294 1916 7216 
1230 0 116 377 380 0 126 249 512 512 108 10 5657 4458 4952 1416 4631 6304 4034 4328 8492 5107 
1231 0 116 377 380 108 126 249 512 512 269 10 3339 5911 4538 542 3114 413 7568 2676 8400 4611 
1232 126 0 262 262 0 258 123 375 388 114 9 4204 9753 7505 1312 3719 174 2969 2803 4437 
1233 126 0 262 262 114 258 123 375 388 269 10 5722 5427 4955 9286 3165 9834 8008 4767 2152 9241 
1234 126 0 262 388 0 258 123 375 512 90 10 3061 2777 9802 127 7643 3991 6390 3436 7446 2502 
1235 126 0 262 388 90 258 123 375 512 269 10 8387 53 4572 3001 3365 3854 7630 5654 5308 1095 
1236 126 0 375 262 0 258 123 512 369 100 9 309 7198 2251 6445 6755 2600 25 2143 9098 
1237 126 0 375 262 100 258 123 512 369 269 10 4506 5556 8693 4534 6986 4969 9309 2364 683 7550 
1238 126 0 375 369 0 258 123 512 512 153 10 8691 4087 6057 2801 8150 5059 1975 8985 1067 8495 
1239 126 0 375 369 153 258 123 512 512 269 10 4737 8118 5890 6166 2254 5582 6570 7065 6488 9422 
1240 126 123 262 262 0 258 249 413 373 112 9 9638 595 3620 9502 5391 7885 4321 9113 4410 
1241 126 123 262 262 112 258 249 413 373 269 10 1545 6436 3311 2245 7764 8486 6824 8438 8117 1241 
1242 126 123 262 373 0 258 249 413 512 135 10 1789 9600 9679 1945 619 1295 3856 1463 178 2099 
1243 126 123 262 373 135 258 249 413 512 269 10 1621 632 1012 1765 4920 1760 3556 623 4702 2305 
1244 126 123 413 262 0 258 249 512 376 153 9 1918 6280 7452 7209 5851 9845 5134 6198 6179 
1245 126 123 413 262 153 258 249 512 376 269 10 4355 6780 7781 1152 1832 5913 1648 2679 5692 2444 
1246 126 123 413 376 0 258 249 512 512 99 10 6017 9275 8411 5924 9818 615 1139 7005 9866 9316 
1247 126 123 413 376 99 258 249 512 512 269 10 3291 5079 6486 7258 3989 646 3008 102 4460 5932 
1248 0 0 262 262 269 134 109 352 352 407 9 854 5917 481 3170 5620 4992 3827 9782 8770 
1249 0 0 262 262 407 134 109 352 352 512 10 7412 4925 4608 3648 9745 1219 4905 7451 8739 7995 
1250 0 0 262 352 269 134 109 352 512 398 10 5102 1536 9217 4958 4346 3944 8736 9750 7576 2609 
1251 0 0 262 352 398 134 109 352 512 512 10 7997 9880 5597 1243 9222 3563 8591 2183 605 7518 
1252 0 0 352 262 269 134 109 512 395 368 9 3368 1367 4729 3304 9046 892 9452 3175 4221 
1253 0 0 352 262 368 134 109 512 395 512 10 2736 1985 2026 2880 5497 8013 6185 363 6758 5051 
1254 0 0 352 395 269 134 109 512 512 385 10 4632 1842 2709 1653 9621 1965 5976 984 1257 499 
1255 0 0 352 395 385 134 109 512 512 512 10 7562 7070 449 8018 6307 1666 9254 910 7149 8405 
1256 0 109 262 262 269 134 249 398 368 361 9 3155 2958 9984 9204 6653 4618 2056 7272 8085 
1257 0 109 262 262 361 134 249 398 368 512 10 1861 674 4574 3511 7571 2030 8589 6861 7266 2728 
1258 0 109 262 368 269 134 249 398 512 438 10 9720 7981 4642 7183 604 6928 840 9532 4480 7626 
1259 0 109 262 368 438 134 249 398 512 512 10 951 3659 9596 9595 3297 583 2636 6584 6299 1238 
1260 0 109 398 262 269 134 249 512 388 417 9 863 7064 7620 5001 2179 6551 9058 3099 8333 
1261 0 109 398 262 417 134 249 512 388 512 10 534 9651 444 5903 8923 3310 2998 9567 7346 5633 
1262 0 109 398 388 269 134 249 512 512 382 10 1932 7799 6336 5952 5611 8681 2891 3881 7344 312 
1263 0 109 398 388 382 134 249 512 512 512 10 3747 6077 2926 8086 9489 4595 3945 71 6808 2002 
1264 134 0 262 262 269 258 127 372 409 360 9 9710 2166 9941 358 7191 7150 3320 5061 9445 
1265 134 0 262 262 360 258 127 372 409 512 10 388 6736 2337 9891 9590 8021 115 8758 9041 2646 
1266 134 0 262 409 269 258 127 372 512 395 10 9311 3976 1089 3212 6727 5193 1248 7410 4967 6501 
1267 134 0 262 409 395 258 127 372 512 512 10 7108 9755 1477 9537 4392 6169 2149 2729 1974 1791 
1268 134 0 372 262 269 258 127 512 403 357 9 1798 9256 9530 6707 4790 7913 8156 1613 6216 
1269 134 0 372 262 357 258 127 512 403 512 10 3145 6041 2455 3442 9800 1904 6498 9102 3602 5098 
1270 134 0 372 403 269 258 127 512 512 365 10 1601 9094 9824 5752 2722 1218 3732 9842 9643 1023 
1271 134 0 372 403 365 258 127 512 512 512 10 4997 4736 7468 7307 821 4947 9601 8916 8105 431 
1272 134 127 262 262 269 258 249 416 361 349 9 4353 3818 776 3878 141 7889 1233 846 4571 
1273 134 127 262 262 349 258 249 416 361 512 10 2124 3819 8987 6192 5027 1515 1032 5016 7001 4433 
1274 134 127 262 361 269 258 249 416 512 402 10 8547 8317 8804 3677 8195 6189 6213 9022 9070 4118 
1275 134 127 262 361 402 258 249 416 512 512 10 6735 600 9446 5338 4380 241 2006 4477 3153 2986 
1276 134 127 416 262 269 258 249 512 389 359 10 5537 3469 4881 9931 4108 4993 8076 2022 3650 578 
1277 134 127 416 262 359 258 249 512 389 512 10 3517 3614 4 5970 4058 6104 4023 5920 7790 7699 
1278 134 127 416 389 269 258 249 512 512 334 10 9582 5882 993 6571 252 8870 4191 5575 725 6587 
1279 134 127 416 389 334 258 249 512 512 512 10 9374 1685 4644 8258 5538 1373 162 2942 1713 9738 
1280 0 249 0 0 0 124 375 117 78 93 9 2071 4830 768 1175 6035 7851 6037 4286 1271 
1281 0 249 0 0 93 124 375 117 78 262 10 502 4795 2093 3075 3274 9118 1829 418 1040 7573 
1282 0 249 0 78 0 124 375 117 250 124 10 866 3497 1460 3639 1839 5531 996 6767 4086 716 
1283 0 249 0 78 124 124 375 117 250 262 10 2018 1030 2384 538 1044 7788 6217 4103 8417 5126 
1284 0 249 117 0 0 124 375 243 112 122 9 2979 7411 4897 3057 9129 9197 3461 6238 8079 
1285 0 249 117 0 122 124 375 243 112 262 10 753 5431 6909 3812 574 8398 8039 3689 6022 5385 
1286 0 249 117 112 0 124 375 243 250 117 10 5840 4144 7732 9997 8598 3503 7377 3512 85 8302 
1287 0 249 117 112 117 124 375 243 250 262 10 9112 329 1696 5624 4119 1736 6648 9921 7043 1645 
1288 0 375 0 0 0 124 512 121 126 76 9 8262 6042 1571 8961 2694 7683 9862 4327 3318 
1289 0 375 0 0 76 124 512 121 126 262 10 703 6819 1185 983 8595 108 3123 4422 5366 9211 
1290 0 375 0 126 0 124 512 121 250 169 10 5509 6972 3533 6807 1113 9281 8379 518 2294 9361 
1291 0 375 0 126 169 124 512 121 250 262 10 6241 7642 9776 4484 9736 7340 9869 8083 7852 7727 
1292 0 375 121 0 0 124 512 243 98 87 9 8927 9401 802 8784 27 8599 7511 8282 4666 
1293 0 375 121 0 87 124 512 243 98 262 10 5080 5875 2282 4928 2344 4208 9343 7455 3695 8841 
1294 0 375 121 98 0 124 512 243 250 120 10 8423 6222 6686 5721 6565 5347 2852 1573 6148 4156 
1295 0 375 121 98 120 124 512 243 250 262 10 8266 3032 2350 9505 6672 8129 4007 3290 8773 3189 
1296 124 249 0 0 0 258 381 132 136 77 9 603 660 7360 6276 596 6681 8365 2740 434 
1297 124 249 0 0 77 258 381 132 136 262 10 9925 4847 2049 6944 9442 566 7357 5861 7259 3996 
1298 124 249 0 136 0 258 381 132 250 148 10 4085 2633 2812 6841 7212 8160 9395 6087 4974 5808 
1299 124 249 0 136 148 258 381 132 250 262 10 8323 414 3509 1437 3498 6250 4600 1304 9762 5154 
1300 124 249 132 0 0 258 381 243 102 131 9 5269 2820 6910 6432 2428 7928 3995 7687 2959 
1301 124 249 132 0 131 258 381 243 102 262 10 7685 4960 8628 6154 5587 7648 937 1131 7814 2034 
1302 124 249 132 102 0 258 381 243 250 146 10 5487 2193 8112 7918 7145 3889 4105 4201 9936 5392 
1303 124 249 132 102 146 258 381 243 250 262 10 4529 5764 2390 96 5447 6140 4649 573 9332 1699 
1304 124 381 0 0 0 258 512 140 119 92 9 9423 3352 1133 2052 420 545 5395 808 2451 
1305 124 381 0 0 92 258 512 140 119 262 10 7910 5905 3397 9215 4789 6788 9950 4251 2180 4643 
1306 124 381 0 119 0 258 512 140 250 139 10 7679 3542 8819 5423 9486 2464 3885 7135 2147 3922 
1307 124 381 0 119 139 258 512 140 250 262 10 4013 2572 6858 7121 5457 3407 8945 5811 6849 7795 
1308 124 381 140 0 0 258 512 243 103 110 9 4083 6052 6708 1705 8902 8519 4233 2226 3473 
1309 124 381 140 0 110 258 512 243 103 262 10 7011 6694 369 1774 4067 9682 8219 6877 4463 3458 
1310 124 381 140 103 0 258 512 243 250 161 10 1942 3759 6693 6454 6594 7838 2067 4750 5928 86 
1311 124 381 140 103 161 258 512 243 250 262 10 9900 9963 3042 8914 7318 1442 2017 2501 206 5261 
1312 0 249 0 0 262 127 376 119 139 379 9 1761 6339 8884 2841 7051 6113 8813 7356 8089 
1313 0 249 0 0 379 127 376 119 139 512 10 5504 2483 9576 7837 9701 2665 5963 6867 8546 871 
1314 0 249 0 139 262 127 376 119 250 362 10 4517 3130 7653 6531 7439 4607 2066 7462 4625 1180 
1315 0 249 0 139 362 127 376 119 250 512 10 8909 8374 5783 2367 636 8843 4664 2527 1741 1576 
1316 0 249 119 0 262 127 376 243 117 385 9 4073 7556 1970 9208 9383 5968 706 5717 7264 
1317 0 249 119 0 385 127 376 243 117 512 10 7500 2306 700 6088 9956 5317 5295 3893 7738 6060 
1318 0 249 119 117 262 127 376 243 250 426 10 2106 2114 6744 2210 7933 9538 5973 3285 1840 5428 
1319 0 249 119 117 426 127 376 243 250 512 10 3284 4807 51 7236 3010 841 5748 3135 9163 100 
1320 0 376 0 0 262 127 512 111 93 394 9 5342 6476 9264 9408 7459 7937 3125 3326 5404 
1321 0 376 0 0 394 127 512 111 93 512 10 891 8549 3957 1421 9258 5394 928 7681 5339 325 
1322 0 376 0 93 262 127 512 111 250 357 10 8972 1259 3863 6626 8890 3515 1517 2301 8814 6132 
1323 0 376 0 93 357 127 512 111 250 512 10 7440 3635 3336 5362 6447 4386 3343 9536 3037 9263 
1324 0 376 111 0 262 127 512 243 109 371 9 5237 9979 7585 4172 3589 3873 4924 1064 8620 
1325 0 376 111 0 371 127 512 243 109 512 10 8355 4234 2059 1973 8642 8292 8145 3470 6682 4487 
1326 0 376 111 109 262 127 512 243 250 417 10 4950 8135 1708 63 6656 5869 2060 4399 8357 7449 
1327 0 376 111 109 417 127 512 243 250 512 10 7187 165 2690 7315 9500 3900 3323 8959 1957 8667 
1328 127 249 0 0 262 258 392 105 124 393 9 9044 6114 2207 584 7927 6429 9340 1848 5376 
1329 127 249 0 0 393 258 392 105 124 512 10 2939 2276 2612 7778 320 6908 8510 4665 3465 8656 
1330 127 249 0 124 262 258 392 105 250 330 10 1328 7820 4834 3009 5125 3391 1340 4699 6415 7931 
1331 127 249 0 124 330 258 392 105 250 512 10 780 5700 8237 7497 7167 3340 7047 2577 4565 7172 
1332 127 249 105 0 262 258 392 243 102 380 9 3579 1822 150 9312 42 1347 3088 4983 5671 
1333 127 249 105 0 380 258 392 243 102 512 10 3942 9260 7948 1052 906 8726 2322 8290 8240 1249 
1334 127 249 105 102 262 258 392 243 250 391 10 228 3548 4659 9732 5 1732 121 7753 4835 5063 
1335 127 249 105 102 391 258 392 243 250 512 10 4111 2001 1150 1546 5894 2617 46 5778 265 4746 
1336 127 392 0 0 262 258 512 102 135 402 9 2884 2324 8552 8376 4112 1906 4363 9248 7712 
1337 127 392 0 0 402 258 512 102 135 512 10 1557 9730 7804 1181 3185 4614 9221 4692 5393 9137 
1338 127 392 0 135 262 258 512 102 250 401 10 2429 2765 6885 192 8341 8294 811 6837 2513 9060 
1339 127 392 0 135 401 258 512 102 250 512 10 2279 5084 2398 1199 7575 2584 2404 2358 2800 2459 
1340 127 392 102 0 262 258 512 243 129 350 10 5908 8047 6968 8066 6559 594 6468 8231 1072 6843 
1341 127 392 102 0 350 258 512 243 129 512 10 4343 6440 5791 6117 7319 7816 7471 8181 4530 2109 
1342 127 392 102 129 262 258 512 243 250 361 10 9724 4552 181 3716 5527 1606 9829 3119 4673 3950 
1343 127 392 102 129 361 258 512 243 250 512 10 4811 1846 8063 2004 6574 2401 36 1625 5517 9276 
1344 0 249 0 250 0 126 392 97 365 72 9 7662 1370 4110 7106 9165 1389 880 6762 8404 
1345 0 249 0 250 72 126 392 97 365 257 10 486 6079 3218 714 1294 1750 2187 9790 6507 5375 
1346 0 249 0 365 0 126 392 97 512 128 10 9138 6983 7038 4521 7926 7584 3004 6201 3192 3748 
1347 0 249 0 365 128 126 392 97 512 257 10 9375 7279 1105 8775 1634 8854 3390 1564 227 7591 
1348 0 249 97 250 0 126 392 243 353 113 9 7844 5771 7372 7597 1888 8311 2293 5915 1255 
1349 0 249 97 250 113 126 392 243 353 257 10 4708 146 793 9914 3825 670 4712 4485 6170 3660 
1350 0 249 97 353 0 126 392 243 512 101 10 2900 7457 5943 2785 6643 3384 7131 5892 4387 5081 
1351 0 249 97 353 101 126 392 243 512 257 10 8896 2992 533 9787 9232 1372 5846 276 1561 801 
1352 0 392 0 250 0 126 512 126 371 86 9 3000 299 1624 6233 6936 3703 8834 8067 1330 
1353 0 392 0 250 86 126 512 126 371 257 10 1471 1432 7703 9514 6935 5794 8558 105 3016 5196 
1354 0 392 0 371 0 126 512 126 512 154 10 5627 7911 3774 741 6428 7798 9329 1114 1636 8976 
1355 0 392 0 371 154 126 512 126 512 257 10 1283 6111 8313 6701 213 7855 6918 6303 4550 8426 
1356 0 392 126 250 0 126 512 243 386 145 9 4479 2786 8750 9913 5718 17 5714 8993 9658 
1357 0 392 126 250 145 126 512 243 386 257 10 52 7017 8991 8090 7421 493 430 4043 7127 383 
1358 0 392 126 386 0 126 512 243 512 86 10 8291 3951 4350 6879 7306 1898 4907 216 8437 1491 
1359 0 392 126 386 86 126 512 243 512 257 10 8167 6942 7378 7358 653 3430 5121 9188 1412 295 
1360 126 249 0 250 0 258 356 98 398 144 9 4391 4127 2410 1851 243 8635 9792 905 4299 
1361 126 249 0 250 144 258 356 98 398 257 10 2223 9864 3912 8383 5967 806 5759 5691 3896 2940 
1362 126 249 0 398 0 258 356 98 512 173 10 8289 7235 2916 6745 9975 6158 8781 5432 9588 8808 
1363 126 249 0 398 173 258 356 98 512 257 10 5934 4514 5378 873 6563 2341 2763 2530 5981 1395 
1364 126 249 98 250 0 258 356 243 382 66 9 1196 6883 4225 6351 8630 6319 4751 56 8998 
1365 126 249 98 250 66 258 356 243 382 257 10 991 5993 6187 3907 4421 9003 8184 9181 2366 139 
1366 126 249 98 382 0 258 356 243 512 139 10 3400 8100 2543 6958 8850 622 5852 3599 5039 1260 
1367 126 249 98 382 139 258 356 243 512 257 10 8469 2828 8239 4031 1398 421 5066 516 1605 1338 
1368 126 356 0 250 0 258 512 112 382 77 9 7234 6844 711 5769 6772 8078 5011 9742 7718 
1369 126 356 0 250 77 258 512 112 382 257 10 8053 6279 4369 2013 8299 8349 244 6033 7320 9752 
1370 126 356 0 382 0 258 512 112 512 126 10 7228 9546 3549 2706 399 3451 9122 116 5522 1135 
1371 126 356 0 382 126 258 512 112 512 257 10 5798 7776 3539 4065 2316 5387 8069 2591 6800 6934 
1372 126 356 112 250 0 258 512 243 364 129 9 9749 5288 8982 1633 5042 5492 3508 7792 4002 
1373 126 356 112 250 129 258 512 243 364 257 10 3201 5456 7660 2232 3906 2542 236 3897 149 311 
1374 126 356 112 364 0 258 512 243 512 103 10 7619 4154 6405 8682 8215 1198 6765 7519 8445 1280 
1375 126 356 112 364 103 258 512 243 512 257 10 5679 8452 3762 8143 8898 6431 7094 9686 7509 3800 
1376 0 249 0 250 257 123 376 130 374 316 9 9759 1435 3319 3484 8533 4159 9238 2512 187 
1377 0 249 0 250 316 123 376 130 374 512 10 4270 1742 7100 6402 611 7617 5267 4431 1115 903 
1378 0 249 0 374 257 123 376 130 512 386 10 1864 1468 4098 1212 9057 3678 375 5442 6651 569 
1379 0 249 0 374 386 123 376 130 512 512 10 5964 1783 5472 963 7218 8699 4176 8752 7292 9288 
1380 0 249 130 250 257 123 376 243 349 358 9 7828 9367 3949 8196 3836 955 9617 238 4995 
1381 0 249 130 250 358 123 376 243 349 512 10 6036 3154 6007 4472 5749 4703 285 6387 2215 6028 
1382 0 249 130 349 257 123 376 243 512 382 10 8108 7312 3630 2181 7553 3244 3366 5539 3082 70 
1383 0 249 130 349 382 123 376 243 512 512 10 3144 7649 7237 5954 6050 4602 7964 6313 158 1162 
1384 0 376 0 250 257 123 512 101 416 369 9 8665 5255 1314 3702 2157 7907 261 7770 982 
1385 0 376 0 250 369 123 512 101 416 512 10 7139 7908 4883 4325 3172 9907 8023 2266 9290 4668 
1386 0 376 0 416 257 123 512 101 512 352 10 2463 8391 1756 2055 7541 3657 8453 8716 8921 9760 
1387 0 376 0 416 352 123 512 101 512 512 10 9858 8350 2361 6014 5609 9169 915 3998 4985 952 
1388 0 376 101 250 257 123 512 243 364 431 9 4756 6142 781 5684 7972 6642 1773 4937 7657 
1389 0 376 101 250 431 123 512 243 364 512 10 9885 8647 4336 7431 5322 8244 203 556 7394 7988 
1390 0 376 101 364 257 123 512 243 512 391 10 1753 4707 6660 8543 6343 6059 6845 3642 1725 8177 
1391 0 376 101 364 391 123 512 243 512 512 10 4593 2539 4200 5319 9497 1549 7015 7677 328 9108 
1392 123 249 0 250 257 258 374 106 372 391 9 7058 7655 5292 7590 9139 5880 191 8789 9317 
1393 123 249 0 250 391 258 374 106 372 512 10 9822 7978 118 5452 7758 334 5433 4904 6661 7348 
1394 123 249 0 372 257 258 374 106 512 352 10 4197 2131 1813 1182 2414 2918 9559 8571 7099 3723 
1395 123 249 0 372 352 258 374 106 512 512 10 9168 6016 2177 4541 1824 4542 6443 7328 2003 4273 
1396 123 249 106 250 257 258 374 243 341 381 9 920 1293 9262 8351 1474 3132 2375 2746 7999 
1397 123 249 106 250 381 258 374 243 341 512 10 724 9630 8188 74 7741 2638 3333 8284 829 3396 
1398 123 249 106 341 257 258 374 243 512 401 10 7900 5699 3214 5049 5129 2554 4603 4239 6093 7874 
1399 123 249 106 341 401 258 374 243 512 512 10 1214 5619 5878 5893 4045 6010 5093 1039 9916 3744 
1400 123 374 0 250 257 258 512 127 350 350 9 5361 9186 9552 1938 9555 5491 1933 8220 6539 
1401 123 374 0 250 350 258 512 127 350 512 10 7760 9334 7031 9037 7383 4855 7860 9676 9884 5416 
1402 123 374 0 350 257 258 512 127 512 373 10 202 2933 9131 3560 9162 8809 2357 7879 7166 8392 
1403 123 374 0 350 373 258 512 127 512 512 10 7155 5425 7696 4806 2641 4287 4653 7090 5164 5630 
1404 123 374 127 250 257 258 512 243 370 363 10 2814 1575 6261 7880 9707 7785 887 2190 3956 9077 
1405 123 374 127 250 363 258 512 243 370 512 10 3604 6327 1496 9097 850 1562 2670 1978 9581 5316 
1406 123 374 127 370 257 258 512 243 512 399 10 9694 4821 6485 2061 1267 9861 3482 6174 6679 3255 
1407 123 374 127 370 399 258 512 243 512 512 10 3892 5440 3594 1635 7528 8424 1929 9784 2967 3887 
1408 0 249 243 0 0 132 391 352 138 109 9 9159 2320 3348 8529 4582 4979 7929 3351 7104 
1409 0 249 243 0 109 132 391 352 138 245 10 5502 9267 4779 5868 4990 5383 5885 1671 4862 5060 
1410 0 249 243 138 0 132 391 352 253 115 10 9688 3412 5072 529 5417 5243 738 3627 6278 6795 
1411 0 249 243 138 115 132 391 352 253 245 10 8046 5078 6382 7055 1084 875 344 6510 8713 6692 
1412 0 249 352 0 0 132 391 512 100 120 9 5816 543 2917 4917 5418 7206 677 3474 7548 
1413 0 249 352 0 120 132 391 512 100 245 10 4757 2792 1500 3673 6301 2047 5695 5750 5069 1565 
1414 0 249 352 100 0 132 391 512 253 88 10 7184 9297 8222 4605 5545 3096 7248 6842 6945 7925 
1415 0 249 352 100 88 132 391 512 253 245 10 908 3021 7116 1686 1313 6298 8235 2656 8757 8906 
1416 0 391 243 0 0 132 512 381 150 119 9 2796 217 6195 205 3946 1642 4797 5713 8692 
1417 0 391 243 0 119 132 512 381 150 245 10 777 4591 5763 554 9090 7354 1785 5464 6167 760 
1418 0 391 243 150 0 132 512 381 253 114 10 5298 9406 5309 4306 3375 9831 1729 9171 3670 6725 
1419 0 391 243 150 114 132 512 381 253 245 10 5296 5629 4025 3969 2644 5572 943 3526 5832 9372 
1420 0 391 381 0 0 132 512 512 109 141 9 1862 7128 2489 1051 1178 2582 8580 7282 9010 
1421 0 391 381 0 141 132 512 512 109 245 10 2491 1207 196 319 5696 2134 2309 1499 6105 6203 
1422 0 391 381 109 0 132 512 512 253 104 10 6243 5277 4345 8651 7162 2608 3124 7181 3977 1467 
1423 0 391 381 109 104 132 512 512 253 245 10 9020 5284 698 1954 1700 5245 3098 60 5773 7958 
1424 132 249 243 0 0 258 375 364 108 128 9 9187 5647 5820 4504 4019 9946 8216 2253 7301 
1425 132 249 243 0 128 258 375 364 108 245 10 544 9697 3872 6365 3712 8342 8840 8644 5580 9418 
1426 132 249 243 108 0 258 375 364 253 164 10 6726 8164 8062 1986 7615 9075 3078 2605 6038 803 
1427 132 249 243 108 164 258 375 364 253 245 10 5359 7708 7566 2043 4497 8542 9166 2228 3928 757 
1428 132 249 364 0 0 258 375 512 74 85 9 6669 3205 3433 797 4889 7314 3675 4837 1963 
1429 132 249 364 0 85 258 375 512 74 245 10 3625 9478 9756 8763 1011 7295 2399 8110 691 2171 
1430 132 249 364 74 0 258 375 512 253 118 10 9144 1728 4747 5263 6785 6688 5142 6721 4499 3621 
1431 132 249 364 74 118 258 375 512 253 245 10 4243 9030 1544 3736 7704 8837 8014 1223 8955 445 
1432 132 375 243 0 0 258 512 363 139 100 9 9855 7291 9634 3831 531 1245 4173 7869 4786 
1433 132 375 243 0 100 258 512 363 139 245 10 2810 6622 1809 9035 3007 8992 7375 2493 1524 9603 
1434 132 375 243 139 0 258 512 363 253 98 10 5186 5099 8162 3026 9012 5891 99 1470 1485 1130 
1435 132 375 243 139 98 258 512 363 253 245 10 2174 6251 9911 5211 3971 3485 9341 7059 8530 394 
1436 132 375 363 0 0 258 512 512 110 54 9 6364 8115 4733 6424 6456 7495 5655 7338 9479 
1437 132 375 363 0 54 258 512 512 110 245 10 1726 7565 5941 422 5033 215 4232 6379 6416 4968 
1438 132 375 363 110 0 258 512 512 253 151 10 9116 9661 581 5938 7347 3181 3359 4583 4508 8484 
1439 132 375 363 110 151 258 512 512 253 245 10 5222 8506 2142 5605 5351 3278 7278 1711 2773 1486 
1440 0 249 243 0 245 115 391 389 157 348 9 4182 2430 3427 9213 6223 8472 9397 2756 294 
1441 0 249 243 0 348 115 391 389 157 512 10 9029 3077 8132 9672 7298 4190 4265 5470 6932 403 
1442 0 249 243 157 245 115 391 389 253 398 10 773 662 6391 6352 2652 7607 8425 1631 7998 3844 
1443 0 249 243 157 398 115 391 389 253 512 10 546 8223 9976 505 5874 157 9308 4491 4640 6778 
1444 0 249 389 0 245 115 391 512 112 377 9 6724 696 4366 9198 3649 6984 4278 7119 5640 
1445 0 249 389 0 377 115 391 512 112 512 10 6734 3952 5219 7362 5118 5529 3034 8422 1145 2284 
1446 0 249 389 112 245 115 391 512 253 345 10 9948 3610 5467 1071 2635 6850 8036 4781 6061 4468 
1447 0 249 389 112 345 115 391 512 253 512 10 6993 7629 8360 972 5390 6000 4902 2132 170 5753 
1448 0 391 243 0 245 115 512 386 130 393 9 2261 5103 8640 3134 879 8028 3109 7706 7791 
1449 0 391 243 0 393 115 512 386 130 512 10 1083 9173 5848 7739 7596 3048 3658 7942 5124 8722 
1450 0 391 243 130 245 115 512 386 253 337 10 9890 8756 8527 5972 867 9391 3247 4826 6923 6995 
1451 0 391 243 130 337 115 512 386 253 512 10 7595 3767 9814 3089 5264 8829 9349 634 12 4418 
1452 0 391 386 0 245 115 512 512 110 400 9 5003 4940 7494 3937 998 5622 9871 2354 5094 
1453 0 391 386 0 400 115 512 512 110 512 10 9052 5437 8721 1174 3386 775 7980 7570 701 4359 
1454 0 391 386 110 245 115 512 512 253 401 10 2486 4825 1683 7506 3941 5290 2423 1749 7646 5936 
1455 0 391 386 110 401 115 512 512 253 512 10 5969 1769 3350 6814 3671 5632 2023 3462 3074 6793 
1456 115 249 243 0 245 258 388 367 139 339 9 3544 3781 4064 1045 6703 6444 5650 286 8609 
1457 115 249 243 0 339 258 388 367 139 512 10 7840 6581 3322 6851 6287 1734 5314 8852 3090 7268 
1458 115 249 243 139 245 258 388 367 253 324 10 1880 6272 3296 8131 7574 4478 5557 8087 1159 5320 
1459 115 249 243 139 324 258 388 367 253 512 10 7955 2960 5813 4268 7857 2826 448 3982 1362 1278 
1460 115 249 367 0 245 258 388 512 118 337 9 315 3217 2200 8607 4829 335 3126 9952 4587 
1461 115 249 367 0 337 258 388 512 118 512 10 7943 4592 3775 8001 7485 6907 7887 8690 7245 8561 
1462 115 249 367 118 245 258 388 512 253 349 10 2162 128 5477 8655 4044 815 2775 560 8367 9468 
1463 115 249 367 118 349 258 388 512 253 512 10 4260 9668 2550 8370 767 4104 7028 2286 9085 1607 
1464 115 388 243 0 245 258 512 367 127 345 9 3972 9577 6592 7288 2682 5826 1714 342 9542 
1465 115 388 243 0 345 258 512 367 127 512 10 6019 2203 1033 4289 2368 3272 6987 1619 4556 8842 
1466 115 388 243 127 245 258 512 367 253 380 10 6685 5829 266 9847 7882 2678 34 4383 9174 8187 
1467 115 388 243 127 380 258 512 367 253 512 10 6418 2571 6069 5097 6326 6971 2521 8094 9713 6406 
1468 115 388 367 0 245 258 512 512 147 356 10 5234 4037 5247 7762 3546 2378 3985 5757 1937 3256 
1469 115 388 367 0 356 258 512 512 147 512 10 4637 2734 5729 2615 2607 8685 5008 9203 877 7676 
1470 115 388 367 147 245 258 512 512 253 423 10 2386 2573 7221 8780 8381 2830 9933 7850 6718 6308 
1471 115 388 367 147 423 258 512 512 253 512 10 8573 9394 9226 1930 5535 4143 7420 8432 2201 602 
1472 0 249 243 253 0 125 369 376 385 103 9 1830 1224 4714 1825 4341 2283 7089 6072 4930 
1473 0 249 243 253 103 125 369 376 385 270 10 2538 4230 8435 5822 151 3506 1123 4061 1684 7992 
1474 0 249 243 385 0 125 369 376 512 91 10 8983 3851 5862 1754 4818 1826 6248 4683 2407 7103 
1475 0 249 243 385 91 125 369 376 512 270 10 945 4531 4539 6583 6576 145 9517 8191 2724 6103 
1476 0 249 376 253 0 125 369 512 357 75 9 8051 4406 2664 2374 6579 5032 2048 4764 6917 
1477 0 249 376 253 75 125 369 512 357 270 10 2342 267 1669 179 5727 1858 2088 635 5207 6296 
1478 0 249 376 357 0 125 369 512 512 141 10 349 9432 2360 2381 9714 2693 5975 1925 4358 837 
1479 0 249 376 357 141 125 369 512 512 270 10 2654 8920 7567 7194 7474 8256 3450 9421 8910 357 
1480 0 369 243 253 0 125 512 377 367 141 9 6459 7192 3808 4466 2735 471 8765 4717 6803 
1481 0 369 243 253 141 125 512 377 367 270 10 4493 2649 2123 3237 9981 6392 3939 2310 9145 3801 
1482 0 369 243 367 0 125 512 377 512 160 10 8697 8518 1542 5834 8103 3288 580 6450 1901 6357 
1483 0 369 243 367 160 125 512 377 512 270 10 1679 5697 5841 4887 3180 796 3003 9063 2126 8783 
1484 0 369 377 253 0 125 512 512 390 90 9 2954 782 4324 8221 1525 6157 8614 3734 1447 
1485 0 369 377 253 90 125 512 512 390 270 10 1165 2062 2458 9482 1284 8871 4638 271 3325 290 
1486 0 369 377 390 0 125 512 512 512 132 10 3848 886 8010 4093 3438 6605 5548 5070 9164 4272 
1487 0 369 377 390 132 125 512 512 512 270 10 1993 2388 4338 2285 72 7715 482 5594 4102 3332 
1488 125 249 243 253 0 258 408 387 358 93 9 2220 6153 655 5983 5514 6026 4816 9821 7370 
1489 125 249 243 253 93 258 408 387 358 270 10 8899 5047 7515 5324 6683 9201 7921 2514 2723 7309 
1490 125 249 243 358 0 258 408 387 512 161 10 3385 3015 6020 2526 2597 6063 1232 3738 7271 1037 
1491 125 249 243 358 161 258 408 387 512 270 10 8639 5720 3187 3434 7903 2202 6332 3056 1458 3568 
1492 125 249 387 253 0 258 408 512 351 94 9 4304 6906 9128 6073 2666 5737 497 7054 7004 
1493 125 249 387 253 94 258 408 512 351 270 10 6900 1780 561 9622 9225 3641 9882 6412 9521 2999 
1494 125 249 387 351 0 258 408 512 512 127 10 4713 3321 2033 7170 5552 223 7724 9407 4214 4157 
1495 125 249 387 351 127 258 408 512 512 270 10 1603 3472 5445 1285 2552 2115 7453 3017 7531 800 
1496 125 408 243 253 0 258 512 395 391 150 9 1853 2911 715 15 8674 831 633 1871 3629 
1497 125 408 243 253 150 258 512 395 391 270 10 5484 7353 2771 5178 9733 2269 5348 2719 5578 6324 
1498 125 408 243 391 0 258 512 395 512 96 10 1955 5300 7469 4408 5694 9249 9448 3776 924 2037 
1499 125 408 243 391 96 258 512 395 512 270 10 8812 1776 1983 1022 8863 5407 5777 5368 9612 2752 
1500 125 408 395 253 0 258 512 512 387 102 9 9284 5944 3410 337 3379 9506 2914 6938 2355 
1501 125 408 395 253 102 258 512 512 387 270 10 9806 1746 3838 8778 8617 4446 1104 316 5642 5510 
1502 125 408 395 387 0 258 512 512 512 111 10 4247 5242 1505 9873 6009 5703 9687 7848 8061 3504 
1503 125 408 395 387 111 258 512 512 512 270 10 2626 8672 1132 6227 2505 1176 4378 2225 5055 5519 
1504 0 249 243 253 270 135 371 385 363 347 9 4963 4376 709 7270 2311 6494 1784 3421 2732 
1505 0 249 243 253 347 135 371 385 363 512 10 4509 3213 3633 3276 7819 8141 3795 4678 6821 8797 
1506 0 249 243 363 270 135 371 385 512 405 10 7707 5441 1016 8566 5074 3012 4079 9483 4313 8645 
1507 0 249 243 363 405 135 371 385 512 512 10 5241 8695 6847 4195 7253 6277 8371 5195 2467 142 
1508 0 249 385 253 270 135 371 512 357 418 9 4875 8107 3817 7093 259 8236 7604 2040 2213 
1509 0 249 385 253 418 135 371 512 357 512 10 1252 1717 138 3480 4516 90 4279 9510 7529 2742 
1510 0 249 385 357 270 135 371 512 512 401 10 3737 1028 1360 517 4255 8393 340 7845 293 7965 
1511 0 249 385 357 401 135 371 512 512 512 10 6463 3558 6024 9101 6411 4919 1655 4553 8711 4198 
1512 0 371 243 253 270 135 512 368 365 367 9 6894 9770 8043 4170 2412 7437 3727 494 5105 
1513 0 371 243 253 367 135 512 368 365 512 10 2089 9815 3919 3471 2438 6305 3148 4213 9849 5966 
1514 0 371 243 365 270 135 512 368 512 410 10 956 7536 4016 3891 4222 2808 4636 4056 257 4323 
1515 0 371 243 365 410 135 512 368 512 512 10 9904 5450 8963 3479 2140 1000 1579 3369 7952 9761 
1516 0 371 368 253 270 135 512 512 349 369 9 1539 1103 3136 8900 5971 8764 3773 8623 6963 
1517 0 371 368 253 369 135 512 512 349 512 10 4126 8849 2898 4475 1527 7296 9860 9641 7422 4072 
1518 0 371 368 349 270 135 512 512 512 347 10 7890 699 2042 8002 7747 3020 9631 5599 6462 1560 
1519 0 371 368 349 347 135 512 512 512 512 10 1262 4823 3398 515 4397 4647 7308 9513 1183 9611 
1520 135 249 243 253 270 258 364 365 388 329 9 5738 6235 333 7482 3796 7621 9278 8626 1958 
1521 135 249 243 253 329 258 364 365 388 512 10 425 4152 4000 3867 1029 3478 8893 4646 8772 474 
1522 135 249 243 388 270 258 364 365 512 376 10 2507 2975 6150 2997 3226 5608 9270 1947 7359 5724 
1523 135 249 243 388 376 258 364 365 512 512 10 5784 4796 7691 6442 32 2178 9039 4609 5528 28 
1524 135 249 365 253 270 258 364 512 391 400 9 1080 2425 9135 9735 8731 7754 6975 1220 2984 
1525 135 249 365 253 400 258 364 512 391 512 10 2488 1270 740 4839 6039 1698 4612 5256 2085 6863 
1526 135 249 365 391 270 258 364 512 512 409 10 7242 1126 4691 4799 7390 6159 3266 9389 5220 2568 
1527 135 249 365 391 409 258 364 512 512 512 10 8428 3574 4012 7382 4388 1559 2965 4125 8606 2274 
1528 135 364 243 253 270 258 512 381 367 379 9 3234 1013 2275 8806 477 2704 6242 5525 1068 
1529 135 364 243 253 379 258 512 381 367 512 10 5823 4461 5658 1227 5711 2212 4365 5023 7742 7126 
1530 135 364 243 367 270 258 512 381 512 408 10 464 8679 4573 6956 256 2104 4626 7640 8835 7750 
1531 135 364 243 367 408 258 512 381 512 512 10 7745 7202 5897 7883 222 4965 974 3572 6522 6473 
1532 135 364 381 253 270 258 512 512 414 397 10 1599 6719 7321 470 2819 1377 9924 7195 6695 4774 
1533 135 364 381 253 397 258 512 512 414 512 10 1610 7220 4240 599 6779 3932 7821 809 8276 9650 
1534 135 364 381 414 270 258 512 512 512 393 10 7725 4015 4005 6761 1149 585 5945 8133 944 3993 
1535 135 364 381 414 393 258 512 512 512 512 10 8823 2373 9553 1301 8735 230 7645 3263 4237 9853 
1536 258 0 0 0 0 374 129 139 81 120 9 1014 8956 2833 8204 3688 326 8568 747 87 
1537 258 0 0 0 120 374 129 139 81 236 10 2964 3488 9067 1315 8218 2387 942 6 7280 779 
1538 258 0 0 81 0 374 129 139 251 125 10 4257 628 9064 4641 5238 6720 5613 4848 3756 7079 
1539 258 0 0 81 125 374 129 139 251 236 10 4745 8590 5041 4802 7488 3777 8120 1385 6346 7157 
1540 258 0 139 0 0 374 129 248 103 85 9 2548 9233 666 1759 2798 5961 2082 3835 1523 
1541 258 0 139 0 85 374 129 248 103 236 10 1764 1676 1828 6065 188 7310 8669 4831 2695 2065 
1542 258 0 139 103 0 374 129 248 251 138 10 5659 9996 7113 1998 8138 2985 1336 4762 9476 4042 
1543 258 0 139 103 138 374 129 248 251 236 10 5419 6161 3745 5013 5888 9999 2948 6143 2687 4899 
1544 258 129 0 0 0 374 256 116 102 95 9 1298 4903 338 1350 2751 1541 3370 8288 2302 
1545 258 129 0 0 95 374 256 116 102 236 10 1060 4022 2095 8864 6333 8565 7374 9985 7624 6555 
1546 258 129 0 102 0 374 256 116 251 84 10 1876 1229 9175 5136 8666 6162 1637 6878 7456 9501 
1547 258 129 0 102 84 374 256 116 251 236 10 824 7986 4174 8479 6475 9744 9683 4448 8741 5214 
1548 258 129 116 0 0 374 256 248 107 91 9 7909 20 3590 9229 9523 5396 2855 5719 5175 
1549 258 129 116 0 91 374 256 248 107 236 10 2549 3452 8596 6738 4561 3532 9318 7156 9435 2647 
1550 258 129 116 107 0 374 256 248 251 95 10 9654 2128 7768 1520 8799 5515 5625 3813 5800 1195 
1551 258 129 116 107 95 374 256 248 251 236 10 4710 487 2659 1286 6479 9279 6769 8091 6208 7503 
1552 374 0 0 0 0 512 130 118 121 132 9 1087 8683 4314 5687 3457 8466 6262 4256 5257 
1553 374 0 0 0 132 512 130 118 121 236 10 2471 557 6131 9539 186 1065 4116 1450 1264 9934 
1554 374 0 0 121 0 512 130 118 251 102 10 6933 1838 929 695 8687 4758 1101 6737 8459 4140 
1555 374 0 0 121 102 512 130 118 251 236 10 6667 4139 6122 2611 2163 1793 5567 7293 8861 1697 
1556 374 0 118 0 0 512 130 248 114 110 9 3601 1897 833 8662 735 4001 6750 3466 8932 
1557 374 0 118 0 110 512 130 248 114 236 10 9265 789 3221 3216 1581 6620 969 4689 5521 7737 
1558 374 0 118 114 0 512 130 248 251 116 10 1302 1964 6871 3353 9156 588 7542 1107 5533 305 
1559 374 0 118 114 116 512 130 248 251 236 10 9292 3492 54 7522 4441 2936 1239 9117 6893 7049 
1560 374 130 0 0 0 512 256 126 99 106 9 1948 3681 7774 2091 7102 1169 4354 3329 7317 
1561 374 130 0 0 106 512 256 126 99 236 10 284 4694 2579 1492 5302 4340 6497 9120 3895 1111 
1562 374 130 0 99 0 512 256 126 251 114 10 763 4356 8232 973 389 1563 525 3405 5602 4185 
1563 374 130 0 99 114 512 256 126 251 236 10 4892 4720 3228 4805 9040 7311 2909 6915 559 5526 
1564 374 130 126 0 0 512 256 248 127 131 9 7337 2864 7426 9257 3683 4153 3523 5283 8924 
1565 374 130 126 0 131 512 256 248 127 236 10 5161 6477 964 746 6288 4348 3475 1692 8080 122 
1566 374 130 126 127 0 512 256 248 251 151 10 5127 3823 6702 33 3665 3235 6717 1027 678 8175 
1567 374 130 126 127 151 512 256 248 251 236 10 3645 4385 4305 8060 2598 6546 2788 2492 5661 2 
1568 258 0 0 0 236 378 149 136 121 325 9 1996 8613 500 8415 2214 6368 7 2776 4500 
1569 258 0 0 0 325 378 149 136 121 512 10 3069 7577 7559 5530 6366 5886 8874 1628 361 4084 
1570 258 0 0 121 236 378 149 136 251 389 10 194 9396 88 6464 9705 234 4966 9051 6221 314 
1571 258 0 0 121 389 378 149 136 251 512 10 6503 7920 8268 5228 4931 7247 7199 2312 8121 5002 
1572 258 0 136 0 236 378 149 248 110 346 9 2072 5676 5677 7241 69 7713 1364 7057 6300 
1573 258 0 136 0 346 378 149 248 110 512 10 7193 847 7849 6056 9854 9199 1835 1617 2913 6809 
1574 258 0 136 110 236 378 149 248 251 362 10 970 5562 839 3789 5566 524 9646 3308 9625 40 
1575 258 0 136 110 362 378 149 248 251 512 10 9277 6615 2973 378 4734 8168 8153 1378 5793 3414 
1576 258 149 0 0 236 378 256 127 150 408 9 367 5761 8485 8922 5184 1620 5018 101 3289 
1577 258 149 0 0 408 378 256 127 150 512 10 7067 3335 597 9082 4175 5987 5017 9928 8953 2348 
1578 258 149 0 150 236 378 256 127 251 353 10 6449 7552 9404 8363 6414 1374 9726 913 1931 9895 
1579 258 149 0 150 353 378 256 127 251 512 10 2578 1445 5459 5673 2479 8531 1202 9487 1689 2903 
1580 258 149 127 0 236 378 256 248 143 352 9 884 9779 9803 1752 6886 3987 5083 5649 1305 
1581 258 149 127 0 352 378 256 248 143 512 10 3380 3974 893 1200 6400 5422 6492 9973 2250 1905 
1582 258 149 127 143 236 378 256 248 251 305 10 3915 9788 6274 5672 44 4513 2639 927 2922 9219 
1583 258 149 127 143 305 378 256 248 251 512 10 5825 3280 3064 4709 4462 6730 4844 6816 1097 7716 
1584 378 0 0 0 236 512 140 100 112 349 9 6966 4976 5201 8555 5160 1503 7114 9663 1201 
1585 378 0 0 0 349 512 140 100 112 512 10 3338 8493 8189 8106 1662 8999 6654 428 2079 435 
1586 378 0 0 112 236 512 140 100 251 311 10 6292 5279 9177 9926 1428 4288 7862 6599 1024 8802 
1587 378 0 0 112 311 512 140 100 251 512 10 9901 3159 253 22 3634 836 4322 2345 5218 4367 
1588 378 0 100 0 236 512 140 248 95 316 9 7391 4697 5449 2263 10 8755 6403 3030 9848 
1589 378 0 100 0 316 512 140 248 95 512 10 6881 7974 6018 4518 6609 190 1096 2151 2024 7414 
1590 378 0 100 95 236 512 140 248 251 362 10 5301 8865 6547 49 6396 125 8838 8646 1991 1707 
1591 378 0 100 95 362 512 140 248 251 512 10 2565 4569 1672 2236 5743 3530 2862 7020 4724 3499 
1592 378 140 0 0 236 512 256 133 150 368 9 5401 7749 9568 8536 7516 4876 9310 1719 2941 
1593 378 140 0 0 368 512 256 133 150 512 10 8346 2440 9763 7994 7393 5403 8888 2791 8451 9359 
1594 378 140 0 150 236 512 256 133 251 356 10 8507 2156 6370 8625 4586 3116 1981 4486 5150 7424 
1595 378 140 0 150 356 512 256 133 251 512 10 7846 7406 6515 4423 1002 136 4661 9989 2744 81 
1596 378 140 133 0 236 512 256 248 119 387 10 9294 3279 1779 8678 5926 2781 8171 3419 6774 4133 
1597 378 140 133 0 387 512 256 248 119 512 10 2101 1339 4041 9557 8954 1469 8271 5689 6286 8670 
1598 378 140 133 119 236 512 256 248 251 361 10 8917 5253 1976 8449 4836 8124 4566 4700 3440 2603 
1599 378 140 133 119 361 512 256 248 251 512 10 3970 6487 2901 104 7442 7371 9303 2774 152 2431 
1600 258 0 0 251 0 382 132 141 367 118 9 1141 2230 2000 5285 2346 587 9843 343 9561 
1601 258 0 0 251 118 382 132 141 367 257 10 6649 5451 7717 6585 5762 6273 9328 7129 3164 7486 
1602 258 0 0 367 0 382 132 141 512 129 10 4032 8031 9877 366 1758 9955 865 1902 4850 6687 
1603 258 0 0 367 129 382 132 141 512 257 10 7800 5546 8180 5818 6624 7476 2198 4068 8125 461 
1604 258 0 141 251 0 382 132 248 358 175 9 6040 8889 8413 4393 9867 7012 7463 7493 6812 
1605 258 0 141 251 175 382 132 248 358 257 10 665 2702 1612 7656 9768 601 2835 6092 5847 5250 
1606 258 0 141 358 0 382 132 248 512 110 10 4512 1091 783 5466 1768 1946 218 7161 2465 7521 
1607 258 0 141 358 110 382 132 248 512 257 10 4470 7413 959 8886 7953 5266 3905 4428 4878 7071 
1608 258 132 0 251 0 382 256 131 391 148 9 1895 3778 5824 921 1943 6568 3753 652 4945 
1609 258 132 0 251 148 382 256 131 391 257 10 1608 5381 8740 4594 2332 7610 1890 3997 8515 5187 
1610 258 132 0 391 0 382 256 131 512 77 10 8632 1585 2371 625 9014 279 9942 304 7138 8816 
1611 258 132 0 391 77 382 256 131 512 257 10 7484 4726 9193 1903 9146 985 7561 5682 708 9055 
1612 258 132 131 251 0 382 256 248 333 73 9 4329 2008 1900 5056 3415 9655 8230 9314 4038 
1613 258 132 131 251 73 382 256 248 333 257 10 345 9380 1392 5965 4162 3853 4957 620 1913 5910 
1614 258 132 131 333 0 382 256 248 512 166 10 9469 8305 1343 3394 7448 9151 6825 6775 1595 8633 
1615 258 132 131 333 166 382 256 248 512 257 10 3219 2219 5636 3730 2529 6386 1272 7940 3265 3804 
1616 382 0 0 251 0 512 117 129 379 120 9 4890 6668 8587 4114 986 1088 9192 1790 7782 
1617 382 0 0 251 120 512 117 129 379 257 10 3705 1475 5735 7632 9021 5365 6099 7499 8885 4148 
1618 382 0 0 379 0 512 117 129 512 118 10 4658 7701 4773 3331 3980 563 6430 1059 9589 6306 
1619 382 0 0 379 118 512 117 129 512 257 10 7133 9573 4027 4394 5089 282 2434 4009 4473 6520 
1620 382 0 129 251 0 512 117 248 390 85 9 1770 9464 274 5345 4122 2450 8768 9240 3131 
1621 382 0 129 251 85 512 117 248 390 257 10 1156 8142 5191 1368 2842 2592 9923 1691 2475 1771 
1622 382 0 129 390 0 512 117 248 512 119 10 6348 173 1393 1413 4180 9036 1678 1953 5986 4142 
1623 382 0 129 390 119 512 117 248 512 257 10 9002 6461 450 820 4648 9032 7082 5536 511 1106 
1624 382 117 0 251 0 512 256 125 371 100 9 6530 9525 7847 7769 8616 5782 4464 9426 7207 
1625 382 117 0 251 100 512 256 125 371 257 10 3661 3682 1094 5254 6514 4277 9977 8990 5246 50 
1626 382 117 0 371 0 512 256 125 512 62 10 3731 878 9420 5812 8619 5909 7534 9769 411 4652 
1627 382 117 0 371 62 512 256 125 512 257 10 4316 2270 5354 8643 9757 9127 2745 7169 3780 6136 
1628 382 117 125 251 0 512 256 248 368 90 9 3316 7214 77 5157 2637 8584 9386 3883 5919 
1629 382 117 125 251 90 512 256 248 368 257 10 3577 5789 8389 3566 8011 3382 4285 8033 9607 8825 
1630 382 117 125 368 0 512 256 248 512 117 10 1289 9943 4264 2865 5151 9143 8576 7780 9379 4932 
1631 382 117 125 368 117 512 256 248 512 257 10 4298 371 6714 2994 1066 1290 467 423 6637 8420 
1632 258 0 0 251 257 383 126 122 347 374 9 7140 4315 5073 4215 2027 8827 8327 4494 6048 
1633 258 0 0 251 374 383 126 122 347 512 10 6964 4379 9958 2923 5819 5244 7489 6029 1530 8338 
1634 258 0 0 347 257 383 126 122 512 406 10 2395 3043 3324 3923 9560 9161 5149 3869 306 5162 
1635 258 0 0 347 406 383 126 122 512 512 10 2596 9516 7363 3524 8482 3758 29 7806 9835 3916 
1636 258 0 122 251 257 383 126 248 394 327 9 3815 939 2809 2993 410 144 7902 8895 6854 
1637 258 0 122 251 327 383 126 248 394 512 10 2218 6759 2481 7368 4543 6448 4898 5386 9485 1439 
1638 258 0 122 394 257 383 126 248 512 383 10 9886 3227 2469 7502 8304 2589 5100 6407 4330 185 
1639 258 0 122 394 383 383 126 248 512 512 10 1236 1009 2182 7325 8 4909 7722 6347 5494 7526 
1640 258 126 0 251 257 383 256 116 395 321 9 1361 3402 1327 239 3586 4339 8340 9268 4052 
1641 258 126 0 251 321 383 256 116 395 512 10 4236 8359 2699 5962 7899 607 7752 3315 1795 5542 
1642 258 126 0 395 257 383 256 116 512 338 10 4100 5863 6604 9202 8603 6699 8065 1704 9990 1611 
1643 258 126 0 395 338 383 256 116 512 512 10 1701 4654 3540 2882 7436 2817 8919 2447 9119 473 
1644 258 126 116 251 257 383 256 248 329 378 9 9876 7659 1887 2161 6281 4395 43 7204 7668 
1645 258 126 116 251 378 383 256 248 329 512 10 3146 3792 5282 2442 6452 3538 2767 2369 248 9865 
1646 258 126 116 329 257 383 256 248 512 394 10 5931 2433 6631 6237 1827 5188 97 2692 6505 8652 
1647 258 126 116 329 394 383 256 248 512 512 10 1489 9872 7936 9919 2547 1638 1578 3106 2928 4814 
1648 383 0 0 251 257 512 129 140 373 325 9 3346 7243 743 2130 3570 9001 7919 4131 6700 
1649 383 0 0 251 325 512 129 140 373 512 10 2974 9246 5988 7009 1237 283 3884 8928 2424 1137 
1650 383 0 0 373 257 512 129 140 512 416 10 523 1433 458 9302 3437 3666 5260 7409 232 8058 
1651 383 0 0 373 416 512 129 140 512 512 10 4657 6941 1299 9321 5374 1639 3404 8473 949 7551 
1652 383 0 140 251 257 512 129 248 373 354 9 7930 9775 3091 251 7332 6929 6049 6496 7397 
1653 383 0 140 251 354 512 129 248 373 512 10 567 356 8858 9140 5197 6493 9610 5200 3507 6678 
1654 383 0 140 373 257 512 129 248 512 350 10 795 8766 4859 6320 8252 1652 7801 346 7896 5488 
1655 383 0 140 373 350 512 129 248 512 512 10 2881 3612 7222 4349 661 6260 3250 3013 7088 4130 
1656 383 129 0 251 257 512 256 112 398 386 9 9080 324 6323 3623 9974 176 5356 9550 7501 
1657 383 129 0 251 386 512 256 112 398 512 10 7512 9618 2129 3264 2832 1990 6996 9937 2256 8322 
1658 383 129 0 398 257 512 256 112 512 382 10 7688 4194 6472 6212 1873 9072 931 3644 3676 9424 
1659 383 129 0 398 382 512 256 112 512 512 10 6771 2240 3376 1225 9184 2574 676 6544 582 5259 
1660 383 129 112 251 257 512 256 248 376 428 10 862 5768 4495 9200 8041 3934 4271 6857 1184 8227 
1661 383 129 112 251 428 512 256 248 376 512 10 7112 6361 8465 6741 2650 7606 5912 6999 8516 9230 
1662 383 129 112 376 257 512 256 248 512 361 10 1731 5653 5984 5844 882 1118 6833 2036 8463 9371 
1663 383 129 112 376 361 512 256 248 512 512 10 5053 1210 6284 8801 7912 9006 3527 7239 734 3791 
1664 258 0 248 0 0 385 123 370 99 114 9 1529 400 5336 4551 5372 3979 2485 3463 3788 
1665 258 0 248 0 114 385 123 370 99 247 10 4978 5942 2606 1050 5216 1627 4877 2831 109 9337 
1666 258 0 248 99 0 385 123 370 240 109 10 4954 5895 7599 1718 3468 8410 4171 2520 527 6178 
1667 258 0 248 99 109 385 123 370 240 247 10 4728 6080 3654 645 5927 5065 1179 2382 2477 3033 
1668 258 0 370 0 0 385 123 512 104 106 9 9195 3908 4527 2064 3882 7705 8176 7081 7976 
1669 258 0 370 0 106 385 123 512 104 247 10 1815 3587 3083 4138 4106 6612 6677 5230 901 5634 
1670 258 0 370 104 0 385 123 512 240 149 10 2338 3580 881 2628 1511 526 8727 5591 8706 8285 
1671 258 0 370 104 149 385 123 512 240 247 10 2504 2660 9917 3259 565 2943 586 576 1537 6331 
1672 258 123 248 0 0 385 256 394 90 70 9 7417 4801 4498 4525 8659 6031 8968 4982 7523 
1673 258 123 248 0 70 385 256 394 90 247 10 2840 2725 9899 5990 2971 1036 5388 7671 8401 1077 
1674 258 123 248 90 0 385 256 394 240 127 10 1821 6214 3138 4537 7238 4150 759 3293 5145 5746 
1675 258 123 248 90 127 385 256 394 240 247 10 2472 9591 9427 4994 377 7866 9324 7141 6930 6953 
1676 258 123 394 0 0 385 256 512 159 73 9 2397 7498 535 7829 5405 1966 2905 6490 8358 
1677 258 123 394 0 73 385 256 512 159 247 10 3910 1417 3861 6927 9619 818 4777 5436 1143 9786 
1678 258 123 394 159 0 385 256 512 240 150 10 6240 3715 4411 4869 7148 4266 7061 1939 1772 4742 
1679 258 123 394 159 150 385 256 512 240 247 10 5481 9598 3022 5524 2614 9624 5996 135 6495 540 
1680 385 0 248 0 0 512 142 365 129 124 9 5360 9237 3606 5991 6289 8040 6949 7873 2046 
1681 385 0 248 0 124 512 142 365 129 247 10 4440 7205 9905 1493 6004 5209 9767 7445 3312 6860 
1682 385 0 248 129 0 512 142 365 240 173 10 451 8664 3006 5274 250 6527 8975 3031 8136 727 
1683 385 0 248 129 173 512 142 365 240 247 10 226 429 111 3147 7579 3794 5040 2983 1090 59 
1684 385 0 365 0 0 512 142 512 134 71 9 6466 9376 987 3700 6410 4389 300 3065 8257 
1685 385 0 365 0 71 512 142 512 134 247 10 7396 4078 2990 5399 1043 331 5307 2623 5792 3295 
1686 385 0 365 134 0 512 142 512 240 105 10 7905 307 4675 3238 3139 671 7273 4503 210 263 
1687 385 0 365 134 105 512 142 512 240 247 10 3564 2470 7766 7281 6896 260 9239 398 8224 9639 
1688 385 142 248 0 0 512 256 393 105 125 9 3571 3550 4426 4134 3018 8113 5468 7136 3110 
1689 385 142 248 0 125 512 256 393 105 247 10 9384 954 5044 5906 8396 7811 4663 8202 2966 7244 
1690 385 142 248 105 0 512 256 393 240 112 10 7350 6638 4415 9096 19 6395 6789 4914 1584 13 
1691 385 142 248 105 112 512 256 393 240 247 10 1300 7533 4604 6151 4123 5143 898 8903 5221 2748 
1692 385 142 393 0 0 512 256 512 118 109 9 2005 212 9615 5641 6097 1335 8467 9565 9474 
1693 385 142 393 0 109 512 256 512 118 247 10 6388 5071 9074 5712 1999 8052 962 9132 9593 2716 
1694 385 142 393 118 0 512 256 512 240 164 10 5958 4660 3428 7581 3206 7678 4303 3156 4775 1042 
1695 385 142 393 118 164 512 256 512 240 247 10 3552 1583 812 9005 3019 5180 3847 193 3537 3611 
1696 258 0 248 0 247 382 113 359 126 334 9 5879 2793 7612 5643 8790 1 233 8310 2570 
1697 258 0 248 0 334 382 113 359 126 512 10 9637 5922 4613 5358 6768 8951 9940 2154 2870 132 
1698 258 0 248 126 247 382 113 359 240 383 10 5323 9443 2443 3875 2173 2669 1837 3757 9150 9369 
1699 258 0 248 126 383 382 113 359 240 512 10 9417 7008 5725 4333 8696 8791 6309 3742 2408 7075 
1700 258 0 359 0 247 382 113 512 81 379 9 224 9319 7046 5554 359 9972 2516 370 7941 
1701 258 0 359 0 379 382 113 512 81 512 10 5574 1889 7808 4189 6979 1425 6887 6253 455 2553 
1702 258 0 359 81 247 382 113 512 240 370 10 2924 7232 667 7959 1127 5923 7651 143 2856 7178 
1703 258 0 359 81 370 382 113 512 240 512 10 7480 4212 3505 2011 5959 8348 7364 2097 200 8700 
1704 258 113 248 0 247 382 256 374 87 362 9 3958 5873 3494 8826 4483 7334 8980 1514 2753 
1705 258 113 248 0 362 382 256 374 87 512 10 6359 3920 7151 2420 4146 981 8513 6957 9645 9902 
1706 258 113 248 87 247 382 256 374 240 384 10 4006 2872 9178 5076 6978 8737 5709 5744 9231 551 
1707 258 113 248 87 384 382 256 374 240 512 10 7871 8308 5028 722 3150 1329 6916 3330 4420 6091 
1708 258 113 374 0 247 382 256 512 106 347 9 4589 8997 3095 2581 9503 3955 8362 948 432 
1709 258 113 374 0 347 382 256 512 106 512 10 7025 164 6925 3770 6948 5896 6394 1151 3651 5621 
1710 258 113 374 106 247 382 256 512 240 346 10 536 9709 7250 7962 4597 4160 8732 5900 5585 7153 
1711 258 113 374 106 346 382 256 512 240 512 10 9613 7286 591 2446 496 8698 728 9419 6046 6676 
1712 382 0 248 0 247 512 136 378 123 335 9 5501 761 9492 4396 4522 7085 3628 9362 2655 
1713 382 0 248 0 335 512 136 378 123 512 10 6550 5612 3811 6607 4490 8629 8702 2648 6112 7614 
1714 382 0 248 123 247 512 136 378 240 412 10 3531 7152 6446 9819 7592 3849 8440 8521 1034 9653 
1715 382 0 248 123 412 512 136 378 240 512 10 3692 909 2249 9053 4481 3028 1427 4326 5523 1193 
1716 382 0 378 0 247 512 136 512 154 378 9 9870 1882 3204 5558 9721 45 4771 7023 1409 
1717 382 0 378 0 378 512 136 512 154 512 10 9320 9667 2839 4400 7117 2135 521 7132 9111 2323 
1718 382 0 378 154 247 512 136 512 240 403 10 613 3784 1282 7355 7027 1807 1602 57 2237 7549 
1719 382 0 378 154 403 512 136 512 240 512 10 9008 4972 1354 8868 5870 156 1170 6271 2063 5198 
1720 382 136 248 0 247 512 256 387 90 342 9 5576 9216 876 7483 4624 7322 9810 5833 1007 
1721 382 136 248 0 342 512 256 387 90 512 10 2111 9409 8818 2363 4868 9255 6419 7472 8249 171 
1722 382 136 248 90 247 512 256 387 240 392 10 6269 1429 5088 9868 6270 5730 1865 6330 1424 9017 
1723 382 136 248 90 392 512 256 387 240 512 10 4622 2953 6317 7836 3117 5115 5226 6015 479 8444 
1724 382 136 387 0 247 512 256 512 124 360 10 8111 1355 8403 4739 4293 2238 5683 1261 9031 8273 
1725 382 136 387 0 360 512 256 512 124 512 10 1977 130 211 7540 7608 1650 9245 9889 1240 3797 
1726 382 136 387 124 247 512 256 512 240 390 10 2653 308 3424 7376 835 381 5132 7077 3036 9018 
1727 382 136 387 124 390 512 256 512 240 512 10 6106 3303 2413 8822 5668 3929 7859 1246 8193 1317 
1728 258 0 248 240 0 385 130 362 360 100 9 8948 2910 4690 992 229 9967 6384 9416 9616 
1729 258 0 248 240 100 385 130 362 360 247 10 9402 460 6872 9484 9620 2946 694 8242 9013 6067 
1730 258 0 248 360 0 385 130 362 512 127 10 1438 3643 3409 4519 5054 9190 1833 562 8618 2084 
1731 258 0 248 360 127 385 130 362 512 247 10 6205 3613 6145 7290 4949 392 5171 5223 7598 6186 
1732 258 0 362 240 0 385 130 512 372 92 9 3425 2456 5887 9124 6071 4526 2113 2620 201 
1733 258 0 362 240 92 385 130 512 372 247 10 6118 7842 8042 2907 8295 2272 5014 9142 7033 7217 
1734 258 0 362 372 0 385 130 512 512 134 10 1203 8786 1406 5453 6360 7466 6614 3584 2054 8212 
1735 258 0 362 372 134 385 130 512 512 247 10 2356 8537 8186 1190 3983 1035 1296 9459 2846 4815 
1736 258 130 248 240 0 385 256 370 359 87 9 2118 6991 8263 8538 5169 8918 107 2714 5112 
1737 258 130 248 240 87 385 256 370 359 247 10 2148 4003 9649 2789 6120 4842 6912 9212 7856 2365 
1738 258 130 248 359 0 385 256 370 512 73 10 3820 4879 9982 1461 2945 3617 6982 8474 6657 3768 
1739 258 130 248 359 73 385 256 370 512 247 10 3874 1403 416 7021 1348 9583 9019 195 686 6027 
1740 258 130 370 240 0 385 256 512 368 149 9 8441 6543 9515 5163 1481 8525 2321 989 4080 
1741 258 130 370 240 149 385 256 512 368 247 10 9494 1920 3967 6538 6491 5690 8123 66 9898 480 
1742 258 130 370 368 0 385 256 512 512 90 10 4344 6831 9205 6728 3044 3637 2677 9635 2675 8429 
1743 258 130 370 368 90 385 256 512 512 247 10 3704 4864 1478 1852 3399 507 7056 3647 6338 852 
1744 385 0 248 240 0 512 133 392 402 93 9 3994 9412 2631 76 4207 8946 9558 4540 3327 
1745 385 0 248 240 93 512 133 392 402 247 10 6340 4882 8661 5122 501 9652 5797 3467 268 8064 
1746 385 0 248 402 0 512 133 392 512 133 10 7895 5379 2308 5946 7693 6674 8337 9413 5603 9461 
1747 385 0 248 402 133 512 133 392 512 247 10 386 6481 4794 4368 7638 1767 2403 93 140 2336 
1748 385 0 392 240 0 512 133 512 372 110 9 754 7812 2845 6671 7891 385 7465 5688 9414 
1749 385 0 392 240 110 512 133 512 372 247 10 6937 659 2016 9381 1688 7680 8448 4049 382 7352 
1750 385 0 392 372 0 512 133 512 512 76 10 874 5064 8875 5914 1709 1859 3711 6509 8586 752 
1751 385 0 392 372 76 512 133 512 512 247 10 4089 9875 8637 9734 9327 7226 1206 8126 4361 4701 
1752 385 133 248 240 0 512 256 376 379 125 9 2503 4730 575 6763 3886 2426 6006 3752 3133 
1753 385 133 248 240 125 512 256 376 379 247 10 2731 8684 4706 6455 6856 1960 3207 6165 4987 4585 
1754 385 133 248 379 0 512 256 376 512 108 10 8905 4282 4245 4029 8128 5871 7441 900 9823 4824 
1755 385 133 248 379 108 512 256 376 512 247 10 3988 1411 1659 3578 4749 2604 5408 7385 1453 9930 
1756 385 133 376 240 0 512 256 512 368 90 9 3273 5212 4935 2217 1651 6911 6593 9466 8915 
1757 385 133 376 240 90 512 256 512 368 247 10 8611 6100 8155 4677 1274 4203 1482 83 7030 7443 
1758 385 133 376 368 0 512 256 512 512 131 10 5856 6163 3251 4244 6663 2681 4107 7395 3652 4181 
1759 385 133 376 368 131 512 256 512 512 247 10 6813 9578 1720 9370 6525 7807 3680 3115 1053 8882 
1760 258 0 248 240 247 378 122 410 372 326 9 384 7557 2168 7159 5547 9700 9033 9298 7427 
1761 258 0 248 240 326 378 122 410 372 512 10 4682 994 5715 9681 5438 4113 7944 4374 5628 504 
1762 258 0 248 372 247 378 122 410 512 355 10 4097 932 8307 4763 7723 8800 2749 9504 6951 7797 
1763 258 0 248 372 355 378 122 410 512 512 10 2195 7971 7865 9496 7504 8719 616 2594 4568 528 
1764 258 0 410 240 247 378 122 512 377 294 9 7158 3782 4246 5229 7252 3236 1881 6199 2137 
1765 258 0 410 240 294 378 122 512 377 512 10 4457 4447 9827 2155 8211 3246 1158 6116 8070 1816 
1766 258 0 410 377 247 378 122 512 512 418 10 1396 7877 9712 9084 91 1513 2726 3841 5380 2050 
1767 258 0 410 377 418 378 122 512 512 512 10 5814 5843 8487 9569 5430 168 4667 4547 4927 1934 
1768 258 122 248 240 247 378 256 370 355 409 9 9364 8869 6950 9345 7367 9194 5057 8512 5012 
1769 258 122 248 240 409 378 256 370 355 512 10 4248 6051 9473 8660 1379 4617 2560 4886 7475 539 
1770 258 122 248 355 247 378 256 370 512 385 10 6541 3857 3694 278 1528 2394 4705 6502 5352 4808 
1771 258 122 248 355 385 378 256 370 512 512 10 2893 1345 5741 8464 8528 4896 5370 5202 5091 3151 
1772 258 122 370 240 247 378 256 512 392 331 9 2968 1896 7991 5131 5806 3162 7381 8930 7091 
1773 258 122 370 240 331 378 256 512 392 512 10 5795 2780 8375 3161 7105 1109 2222 7775 3449 6197 
1774 258 122 370 392 247 378 256 512 512 317 10 8209 2476 6321 6090 589 5397 1112 7429 5476 7118 
1775 258 122 370 392 317 378 256 512 512 512 10 4124 6898 2422 9586 5153 297 8345 9703 925 3420 
1776 378 0 248 240 247 512 143 368 392 327 9 8526 3760 9183 7122 6548 5670 1359 6976 1923 
1777 378 0 248 240 327 512 143 368 392 512 10 5907 6441 8833 9896 1216 1018 2021 8805 9038 3392 
1778 378 0 248 392 247 512 143 368 512 358 10 4051 9781 7096 8029 7898 7326 1366 3640 6078 4275 
1779 378 0 248 392 358 512 143 368 512 512 10 78 6109 6752 657 9274 3501 9980 7803 9405 6435 
1780 378 0 368 240 247 512 143 512 364 355 9 940 1735 4953 8579 1153 9673 4253 4429 2280 
1781 378 0 368 240 355 512 143 512 364 512 10 717 4923 9949 9259 246 2851 5443 2007 391 4196 
1782 378 0 368 364 247 512 143 512 512 318 10 8050 7809 5315 6135 8615 7867 8082 7786 9339 1872 
1783 378 0 368 364 318 512 143 512 512 512 10 8343 3522 6673 6922 1154 407 7702 899 2189 9719 
1784 378 143 248 240 247 512 256 389 378 330 9 67 137 953 4382 4184 1056 6952 4296 1623 
1785 378 143 248 240 330 512 256 389 378 512 10 5363 2858 7554 1516 503 2288 9693 570 4627 1324 
1786 378 143 248 378 247 512 256 389 512 382 10 3802 8600 3209 9856 330 1472 4977 918 3121 9228 
1787 378 143 248 378 382 512 256 389 512 512 10 2409 3626 9813 3349 6474 8165 612 6558 1598 9746 
1788 378 143 389 240 247 512 256 512 400 374 10 9368 1358 8748 4752 8511 1538 8386 3079 8703 2688 
1789 378 143 389 240 374 512 256 512 400 512 10 3118 272 6043 9520 5710 832 9078 7897 2078 9839 
1790 378 143 389 400 247 512 256 512 512 370 10 6709 6554 6873 3168 6504 9330 2770 6066 5239 3520 
1791 378 143 389 400 370 512 256 512 512 512 10 5508 3225 8913 2117 9964 7586 1251 2755 2319 6777 
1792 258 256 0 0 0 370 366 131 146 98 9 6921 2674 6264 3448 4183 3605 3163 9780 5593 
1793 258 256 0 0 98 370 366 131 146 242 10 3959 7935 8048 8943 6830 8157 4050 6234 6083 9463 
1794 258 256 0 146 0 370 366 131 245 114 10 4053 9499 7277 3027 4063 5009 506 4211 2912 6556 
1795 258 256 0 146 114 370 366 131 245 242 10 9507 8550 861 4576 1046 3454 8594 3403 2522 124 
1796 258 256 131 0 0 370 366 254 99 159 9 8394 9748 8319 9050 1501 4770 8517 2962 4598 
1797 258 256 131 0 159 370 366 254 99 242 10 804 5420 1950 8830 225 6011 5471 9522 6662 684 
1798 258 256 131 99 0 370 366 254 245 106 10 5077 495 9104 95 4218 2035 4511 1213 9535 393 
1799 258 256 131 99 106 370 366 254 245 242 10 1275 8622 5037 8904 9280 3516 8312 354 3367 1365 
1800 258 366 0 0 0 370 512 125 77 84 9 291 1814 1586 9723 8035 2836 5328 2685 5166 
1801 258 366 0 0 84 370 512 125 77 242 10 680 6207 8718 68 4944 4838 6690 4137 8325 5293 
1802 258 366 0 77 0 370 512 125 245 94 10 7789 6970 6421 8407 7832 4224 5758 5584 1885 9852 
1803 258 366 0 77 94 370 512 125 245 242 10 347 2432 5275 1870 2227 9531 9817 6499 8742 3160 
1804 258 366 125 0 0 370 512 254 123 95 9 8324 4645 4791 9718 8857 8190 9282 8532 1307 
1805 258 366 125 0 95 370 512 254 123 242 10 8369 3152 2576 1459 844 3582 629 484 1567 3865 
1806 258 366 125 123 0 370 512 254 245 137 10 3277 733 3355 7329 9250 2233 9992 5540 5203 3309 
1807 258 366 125 123 137 370 512 254 245 242 10 7826 3211 6085 23 112 476 2991 2888 485 6710 
1808 370 256 0 0 0 512 377 133 126 106 9 8201 6128 9879 1189 1356 3839 8332 8248 7616 
1809 370 256 0 0 106 512 377 133 126 242 10 1479 5205 6630 2689 7993 3785 5939 61 9185 6985 
1810 370 256 0 126 0 512 377 133 245 82 10 4984 790 6236 2779 4921 5790 5327 2811 7002 4334 
1811 370 256 0 126 82 512 377 133 245 242 10 2821 6125 3281 2627 7881 6862 3307 2188 6194 327 
1812 370 256 133 0 0 512 377 254 121 127 9 5159 8970 5424 6817 1488 2904 9130 8621 7076 
1813 370 256 133 0 127 512 377 254 121 242 10 9425 7418 8309 3388 4964 7095 2041 4269 2601 8657 
1814 370 256 133 121 0 512 377 254 245 114 10 4161 9477 2300 4849 2417 4761 4276 5828 7593 4651 
1815 370 256 133 121 114 512 377 254 245 242 10 3600 7275 2405 5827 7524 8523 7714 1860 3948 8593 
1816 370 377 0 0 0 512 512 146 139 53 9 6316 9481 2255 2100 6344 5276 1724 2260 5406 
1817 370 377 0 0 53 512 512 146 139 242 10 8183 7007 9729 5767 9533 7602 2906 2478 2351 1668 
1818 370 377 0 139 0 512 512 146 245 107 10 405 7342 5977 8878 1464 4425 2506 453 1291 3313 
1819 370 377 0 139 107 512 512 146 245 242 10 639 9236 6802 9179 1383 7487 9385 4579 5460 2015 
1820 370 377 146 0 0 512 512 254 70 76 9 690 6641 2528 3840 8931 6561 7868 254 2268 
1821 370 377 146 0 76 512 512 254 70 242 10 117 4753 5706 9092 126 7761 5845 1451 7818 8265 
1822 370 377 146 70 0 512 512 254 245 101 10 7583 7269 6566 8003 2107 669 888 7146 8862 2164 
1823 370 377 146 70 101 512 512 254 245 242 10 6404 4101 4128 1334 1015 7080 4845 5194 3360 242 
1824 258 256 0 0 242 383 390 152 107 374 9 4147 7029 1441 5995 1841 2531 5439 8287 3253 
1825 258 256 0 0 374 383 390 152 107 512 10 9134 7934 8140 2009 5429 902 9348 4435 5571 2370 
1826 258 256 0 107 242 383 390 152 245 381 10 273 6791 4577 3374 8077 8577 6589 5413 9794 9910 
1827 258 256 0 107 381 383 390 152 245 512 10 2247 5087 8205 2849 756 532 1076 5701 5665 2877 
1828 258 256 152 0 242 383 390 254 136 360 9 5294 9807 4901 807 7265 8030 626 2563 7305 
1829 258 256 152 0 360 383 390 254 136 512 10 9234 2138 6526 3528 1310 6283 7060 1737 742 5999 
1830 258 256 152 136 242 383 390 254 245 376 10 8792 7176 6068 9743 8217 9089 9034 6228 6398 336 
1831 258 256 152 136 376 383 390 254 245 512 10 2761 7813 2937 313 2051 3222 2580 3301 6855 1191 
1832 258 390 0 0 242 383 512 139 121 360 9 6247 5176 7164 6218 3696 2972 8450 710 3257 
1833 258 390 0 0 360 383 512 139 121 512 10 9690 1408 9495 7037 6200 9027 355 7736 762 8037 
1834 258 390 0 121 242 383 512 139 245 354 10 6644 9805 4970 5075 5716 469 9816 4092 6337 7225 
1835 258 390 0 121 354 383 512 139 245 512 10 7154 4094 692 4696 7973 8597 4873 1868 7349 5842 
1836 258 390 139 0 242 383 512 254 122 352 9 3862 3416 4711 8000 3483 1073 8728 8729 4536 
1837 258 390 139 0 352 383 512 254 122 512 10 3142 183 4413 771 7537 7700 1418 2701 5199 8929 
1838 258 390 139 122 242 383 512 254 245 345 10 1866 1509 6981 2537 7386 4803 3672 7572 1466 2686 
1839 258 390 139 122 345 383 512 254 245 512 10 9356 1922 1877 5702 3803 4364 3814 2159 8986 2208 
1840 383 256 0 0 242 512 375 139 119 353 9 2439 1215 8246 3749 1566 6562 5598 889 9323 
1841 383 256 0 0 353 512 375 139 119 512 10 5092 9580 9428 3975 8671 5532 3927 1849 2668 1687 
1842 383 256 0 119 242 512 375 139 245 427 10 6055 2569 7654 4679 5595 8524 7179 5648 6773 4046 
1843 383 256 0 119 427 512 375 139 245 512 10 6172 8892 9158 5933 4783 8908 7538 6314 8068 7894 
1844 383 256 139 0 242 512 375 254 135 359 9 5728 7330 376 7514 7398 8648 3567 7478 3431 
1845 383 256 139 0 359 512 375 254 135 512 10 6437 784 1911 1038 1522 4827 8569 7389 4082 3372 
1846 383 256 139 135 242 512 375 254 245 380 10 2435 8855 6665 131 8845 5747 4785 1820 7185 5680 
1847 383 256 139 135 380 512 375 254 245 512 10 9095 1498 5303 4401 5135 9737 3038 8860 5291 9968 
1848 383 375 0 0 242 512 512 142 92 385 9 1548 2559 6859 3829 7605 7633 31 4335 2743 
1849 383 375 0 0 385 512 512 142 92 512 10 4199 7734 1908 1591 5085 8881 9671 9007 5204 8688 
1850 383 375 0 92 242 512 512 142 245 323 10 7665 2224 8418 5183 2315 3918 9826 1273 3888 397 
1851 383 375 0 92 323 512 512 142 245 512 10 8127 4578 1265 5867 6967 5475 2952 4151 1914 5781 
1852 383 375 142 0 242 512 512 254 114 356 10 5272 48 82 6636 3593 1836 5167 6422 7182 1436 
1853 383 375 142 0 356 512 512 254 114 512 10 8859 5271 7578 8710 9398 4843 658 4988 1057 2239 
1854 383 375 142 114 242 512 512 254 245 374 10 8974 997 6126 9434 4695 79 2523 4635 1277 3111 
1855 383 375 142 114 374 512 512 254 245 512 10 1680 5412 7062 6961 1972 5273 9908 2258 7603 1069 
1856 258 256 0 245 0 391 392 135 367 81 9 2583 9028 1402 3196 5482 9121 1476 9295 1949 
1857 258 256 0 245 81 391 392 135 367 265 10 4081 339 9126 9431 7313 8015 3554 6003 5158 2760 
1858 258 256 0 367 0 391 392 135 512 148 10 8749 5685 4090 572 4167 3543 1008 6919 8624 3911 
1859 258 256 0 367 148 391 392 135 512 265 10 3708 6533 3269 713 7336 4819 3105 8782 7589 1643 
1860 258 256 135 245 0 391 392 254 358 141 9 7186 4939 8203 6137 1146 8446 6943 6519 2500 
1861 258 256 135 245 141 391 392 254 358 265 10 9832 8967 7667 7772 5050 184 3691 7637 968 9633 
1862 258 256 135 358 0 391 392 254 512 112 10 4841 3518 1102 7628 5287 2857 3953 9554 9224 9795 
1863 258 256 135 358 112 391 392 254 512 265 10 110 3195 1892 9777 7765 1744 5156 6557 870 459 
1864 258 392 0 245 0 391 512 111 343 116 9 5398 3174 9125 2289 548 5026 103 7078 672 
1865 258 392 0 245 116 391 512 111 343 265 10 4417 3616 8380 6500 8762 3129 6123 4693 4054 2326 
1866 258 392 0 343 0 391 512 111 512 78 10 4492 1875 5462 1919 9315 1344 7580 9403 6742 6990 
1867 258 392 0 343 78 391 512 111 512 265 10 1874 134 7316 7190 5278 7177 9180 2643 8964 8225 
1868 258 392 111 245 0 391 512 254 351 131 9 7404 9220 9883 6480 3 7345 2816 530 2518 
1869 258 392 111 245 131 391 512 254 351 265 10 7052 6901 4991 8334 7084 5872 1777 1812 7388 2868 
1870 258 392 111 351 0 391 512 254 512 68 10 5772 5165 3294 9978 489 9659 1078 4975 2961 1962 
1871 258 392 111 351 68 391 512 254 512 265 10 1630 7956 5707 6342 3408 9069 6670 9614 2480 8283 
1872 391 256 0 245 0 512 387 119 381 149 9 4311 9959 8796 764 9025 8009 8962 8744 4033 
1873 391 256 0 245 149 512 387 119 381 265 10 8264 6899 9410 2461 7872 9828 8605 3619 1663 3981 
1874 391 256 0 381 0 512 387 119 512 108 10 2712 1086 6640 3636 1388 6245 1120 368 1787 8097 
1875 391 256 0 381 108 512 387 119 512 265 10 5297 2170 1656 3519 7125 4809 1763 6782 5389 643 
1876 391 256 119 245 0 512 387 254 400 150 9 5573 8488 3822 1452 6652 3101 3534 9518 7101 
1877 391 256 119 245 150 512 387 254 400 265 10 4891 6511 6224 8007 9509 2379 1382 2160 9549 5929 
1878 391 256 119 400 0 512 387 254 512 121 10 6820 5656 8481 2658 6263 5774 8144 1390 9840 6084 
1879 391 256 119 400 121 512 387 254 512 265 10 1332 7163 1288 3588 6328 9083 6146 2970 4249 1119 
1880 391 387 0 245 0 512 512 130 379 139 9 5232 1570 2339 2555 5498 3615 9252 5148 2541 
1881 391 387 0 245 139 512 512 130 379 265 10 3871 6076 5904 1594 3241 6417 8228 4735 4727 7470 
1882 391 387 0 379 0 512 512 130 512 123 10 2672 1070 5355 1854 6567 6796 7932 6977 2738 8578 
1883 391 387 0 379 123 512 512 130 512 265 10 4229 7639 6823 6573 5280 2045 9893 2562 7083 4628 
1884 391 387 130 245 0 512 512 254 356 120 9 650 8151 3039 5506 8795 5831 5505 5104 4655 
1885 391 387 130 245 120 512 512 254 356 265 10 456 6723 2915 916 1415 488 3806 5881 9147 4141 
1886 391 387 130 356 0 512 512 254 512 152 10 3679 9009 4507 2086 4121 2185 4674 4853 7304 6608 
1887 391 387 130 356 152 512 512 254 512 265 10 8654 2296 2908 7425 9566 3223 3081 7134 5463 8753 
1888 258 256 0 245 265 391 375 131 388 383 9 2494 379 8114 9154 1510 8455 3496 9299 8498 
1889 258 256 0 245 383 391 375 131 388 512 10 1391 5866 2661 9357 5185 4861 6211 2899 2199 9741 
1890 258 256 0 388 265 391 375 131 512 389 10 7546 8471 8583 6408 8548 3686 8638 3190 894 7684 
1891 258 256 0 388 389 391 375 131 512 512 10 4075 6119 6255 6127 4906 6806 2252 5631 9543 2406 
1892 258 256 131 245 265 391 375 254 346 424 9 5616 353 8612 9965 976 1597 1010 1116 9079 
1893 258 256 131 245 424 391 375 254 346 512 10 1702 2295 6974 7839 9331 4416 8508 8353 2343 6790 
1894 258 256 131 346 265 391 375 254 512 423 10 6684 207 4731 8636 3035 8723 6770 7783 6781 9467 
1895 258 256 131 346 423 391 375 254 512 512 10 975 8412 2197 1675 4715 4630 6691 1855 9599 9490 
1896 258 375 0 245 265 391 512 105 397 398 9 8712 2335 7069 1308 7853 6082 9564 8074 8130 
1897 258 375 0 245 398 391 512 105 397 512 10 6818 4342 438 3701 4129 6864 7256 5344 1508 7379 
1898 258 375 0 397 265 391 512 105 512 399 10 5461 123 3735 7982 7160 1025 9086 9347 6413 4332 
1899 258 375 0 397 399 391 512 105 512 512 10 8901 3805 6267 2825 9830 8182 6534 5555 9378 3493 
1900 258 375 105 245 265 391 512 254 348 327 9 4132 3025 9107 8281 1483 8969 7830 4820 6797 
1901 258 375 105 245 327 391 512 254 348 512 10 7387 8416 2120 9706 1230 5626 8260 9640 6946 2944 
1902 258 375 105 348 265 391 512 254 512 400 10 9429 6675 4362 1473 7904 426 980 9765 1187 5030 
1903 258 375 105 348 400 391 512 254 512 512 10 9091 163 5733 6385 2452 630 3229 3763 8734 4515 
1904 391 256 0 245 265 512 370 126 394 348 9 8434 9106 2721 1867 5426 8045 6870 6215 3963 
1905 391 256 0 245 348 512 370 126 394 512 10 9665 7450 4405 3786 8761 5637 9338 4874 9354 5325 
1906 391 256 0 394 265 512 370 126 512 419 10 2416 933 167 6380 5755 9253 9644 2265 433 2866 
1907 391 256 0 394 419 512 370 126 512 512 10 7444 2509 8456 5992 8088 7142 869 4936 1899 3890 
1908 391 256 126 245 265 512 370 254 351 392 9 2586 1079 8965 3097 4488 2010 9841 8344 2730 
1909 391 256 126 245 392 512 370 254 351 512 10 5144 7045 2264 8938 5173 2640 6799 3103 231 6518 
1910 391 256 126 351 265 512 370 254 512 449 10 3936 2103 6739 4662 4252 5038 2859 2720 9585 352 
1911 391 256 126 351 449 512 370 254 512 512 10 258 7709 9662 5367 9081 14 3943 8911 9071 5804 
1912 391 370 0 245 265 512 512 106 368 374 9 301 4434 4998 3864 5458 4419 2782 4402 5745 
1913 391 370 0 245 374 512 512 106 368 512 10 6107 1021 6545 3960 590 1647 4817 8278 7068 8720 
1914 391 370 0 368 265 512 512 106 512 362 10 4259 401 7479 3104 5146 1569 5349 1878 7916 2385 
1915 391 370 0 368 362 512 512 106 512 512 10 8093 3337 7946 1194 3931 3262 9141 2673 823 2098 
1916 391 370 106 245 265 512 512 254 364 370 10 1543 755 5343 6249 6528 520 7188 3173 3622 3685 
1917 391 370 106 245 370 512 512 254 364 512 10 2834 2557 5854 1547 7401 1003 1306 7109 180 9114 
1918 391 370 106 364 265 512 512 254 512 325 10 4769 9273 7609 4599 7510 8704 8102 957 1144 7695 
1919 391 370 106 364 325 512 512 254 512 512 10 2871 446 848 2935 5034 813 8321 8776 2076 1426 
1920 258 256 254 0 0 374 375 375 123 77 9 5248 2561 720 3092 9313 6582 606 2191 4455 
1921 258 256 254 0 77 374 375 375 123 245 10 350 5776 1221 7180 9209 8213 6210 5565 7276 7635 
1922 258 256 254 123 0 374 375 375 262 120 10 3122 214 6931 8192 4496 1604 8971 7520 1157 4375 
1923 258 256 254 123 120 374 375 375 262 245 10 1532 6184 1085 7115 6058 3618 159 4718 7817 9172 
1924 258 256 375 0 0 374 375 512 115 137 9 8443 9675 5120 8701 7748 1128 7938 2519 6254 
1925 258 256 375 0 137 374 375 512 115 245 10 7627 8771 6902 7674 9235 9983 5586 3664 6516 8200 
1926 258 256 375 115 0 374 375 512 262 121 10 9657 8017 1173 9475 1762 935 3476 2277 4452 2012 
1927 258 256 375 115 121 374 375 512 262 245 10 9820 7560 5270 5021 2894 5326 5708 6282 4884 8880 
1928 258 375 254 0 0 374 512 364 114 88 9 9061 4812 737 5644 6794 9540 6423 7947 255 
1929 258 375 254 0 88 374 512 364 114 245 10 732 5664 5082 6002 7906 5726 4228 7024 6397 7197 
1930 258 375 254 114 0 374 512 364 262 91 10 5570 1804 8361 8514 3300 7013 6134 4681 707 6798 
1931 258 375 254 114 91 374 512 364 262 245 10 8694 2206 8301 6202 1384 7098 1363 9133 2895 946 
1932 258 375 364 0 0 374 512 512 118 170 9 269 1369 374 593 310 39 2902 5306 1311 
1933 258 375 364 0 170 374 512 512 118 245 10 318 6190 5029 7960 1521 4554 2545 7835 5667 5839 
1934 258 375 364 118 0 374 512 512 262 118 10 8556 5651 7287 3866 7634 6617 2454 8851 5974 2167 
1935 258 375 364 118 118 374 512 512 262 245 10 3287 3113 8978 3243 2613 5137 3141 2883 2824 4502 
1936 374 256 254 0 0 512 387 380 148 97 9 858 247 6489 4581 5877 1778 9285 9918 3830 
1937 374 256 254 0 97 512 387 380 148 245 10 3275 5740 3406 457 8388 1142 3826 7260 7219 3208 
1938 374 256 254 148 0 512 387 380 262 97 10 3055 6086 5805 6783 4120 7006 3011 9016 3772 5836 
1939 374 256 254 148 97 512 387 380 262 245 10 5177 4562 9283 1166 9758 3765 9043 1168 7698 1325 
1940 374 256 380 0 0 512 387 512 141 76 9 4047 4580 8339 5350 3108 4290 6401 9991 1893 
1941 374 256 380 0 76 512 387 512 141 245 10 5889 7399 9773 9793 553 1192 965 3193 5930 8475 
1942 374 256 380 141 0 512 387 512 262 104 10 4548 2762 834 4722 1723 2241 208 490 3938 3999 
1943 374 256 380 141 104 512 387 512 262 245 10 5000 5902 4813 6553 3631 4442 6329 5606 1005 3085 
1944 374 387 254 0 0 512 512 374 142 105 9 8005 1622 155 7423 2934 6075 8730 1927 4467 
1945 374 387 254 0 105 512 512 374 142 245 10 4871 5364 9669 5956 6875 7323 8563 7044 6524 7664 
1946 374 387 254 142 0 512 512 374 262 104 10 4274 1519 2325 5588 2815 219 6438 3112 6101 1244 
1947 374 387 254 142 104 512 512 374 262 245 10 3282 4760 8689 2683 5815 2737 2949 6389 120 153 
1948 374 387 374 0 0 512 512 512 152 71 9 3992 9271 6239 6822 4377 7294 6646 7670 5666 
1949 374 387 374 0 71 512 512 512 152 245 10 3358 7527 3553 8158 8134 4938 9602 38 7661 8286 
1950 374 387 374 152 0 512 512 512 262 133 10 5454 2073 9608 3880 3254 4062 9223 3973 6748 6183 
1951 374 387 374 152 133 512 512 512 262 245 10 2707 6955 41 6634 668 9346 2298 9804 2304 7373 
1952 258 256 254 0 245 384 383 376 76 389 9 9725 2158 8104 281 8912 2077 6225 4443 1506 
1953 258 256 254 0 389 384 383 376 76 512 10 2497 9109 6517 1376 8907 7460 8534 4192 2927 6865 
1954 258 256 254 76 245 384 383 376 262 401 10 598 9438 7731 3298 5225 5341 3930 3363 9680 7864 
1955 258 256 254 76 401 384 383 376 262 512 10 1589 3377 3283 4723 4155 6586 7841 9441 5577 6350 
1956 258 256 376 0 245 384 383 512 152 305 9 9024 5058 98 4929 5669 177 4280 1353 9684 
1957 258 256 376 0 305 384 383 512 152 512 10 6713 8604 9642 3947 9969 5947 2448 2867 9838 6376 
1958 258 256 376 152 245 384 383 512 262 382 10 3220 364 549 8788 2496 1380 7710 8539 8057 2383 
1959 258 256 376 152 382 384 383 512 262 512 10 5473 2587 2402 9023 8022 2314 8559 2328 7299 6874 
1960 258 383 254 0 245 384 512 383 129 347 9 2634 5583 2818 8743 8146 3487 621 1321 4913 
1961 258 383 254 0 347 384 512 383 129 512 10 3909 1371 9789 2696 7870 4186 3393 3925 3446 6138 
1962 258 383 254 129 245 384 512 383 262 376 10 5117 7496 3443 3068 5918 6171 6664 5638 6354 8214 
1963 258 383 254 129 376 384 512 383 262 512 10 6903 6191 519 842 6369 5739 5994 8988 8505 9306 
1964 258 383 383 0 245 384 512 512 85 361 9 3058 2602 7438 4454 2108 6268 8172 3809 7168 
1965 258 383 383 0 361 384 512 512 85 512 10 6108 6155 4685 3317 739 2599 9766 3157 579 1992 
1966 258 383 383 85 245 384 512 512 262 403 10 4258 7777 1531 6345 2890 2733 1794 8081 7970 2462 
1967 258 383 383 85 403 384 512 512 262 512 10 2075 3054 1894 9951 3210 4986 9570 8315 5312 2139 
1968 384 256 254 0 245 512 377 390 134 376 9 6891 6133 7174 1075 1062 221 7987 9430 8582 
1969 384 256 254 0 376 512 377 390 134 512 10 5434 2515 6542 8044 5215 6564 4117 4149 7843 8454 
1970 384 256 254 134 245 512 377 390 262 404 10 5035 1781 2427 3050 4716 5179 7327 8846 4639 6743 
1971 384 256 254 134 404 512 377 390 262 512 10 2133 64 8366 8574 9444 6096 3460 3094 1410 9218 
1972 384 256 390 0 245 512 377 512 130 392 9 9960 2411 1673 2081 6458 971 8879 4535 8084 
1973 384 256 390 0 392 512 377 512 130 512 10 9388 6409 7208 4885 2784 8653 8496 9584 3898 4231 
1974 384 256 390 130 245 512 377 512 262 369 10 9987 8774 3040 6094 7246 6992 1988 689 7796 7339 
1975 384 256 390 130 369 512 377 512 262 512 10 8867 2334 941 9066 9545 2482 3721 5346 6139 6156 
1976 384 377 254 0 245 512 512 368 88 353 9 9363 3347 4980 8745 4436 6089 172 2783 5859 
1977 384 377 254 0 353 512 512 368 88 512 10 1792 7223 5779 2977 3149 75 9287 8560 2014 4670 
1978 384 377 254 88 245 512 512 368 262 391 10 675 5110 6152 3002 5883 961 2556 415 4135 624 
1979 384 377 254 88 391 512 512 368 262 512 10 4187 2757 2886 7324 1405 4373 1247 6265 4193 8494 
1980 384 377 368 0 245 512 512 512 117 340 10 6834 189 7672 3413 5036 8316 1217 919 9352 7333 
1981 384 377 368 0 340 512 512 512 117 512 10 9307 89 5490 6318 289 6947 2327 2490 1574 3357 
1982 384 377 368 117 245 512 512 512 262 363 10 4412 6478 4856 6513 4210 6032 3231 6689 5635 8303 
1983 384 377 368 117 363 512 512 512 262 512 10 1443 3354 9696 9571 1533 8715 6852 5414 5499 4069 
1984 258 256 254 262 0 386 383 396 386 147 9 2299 483 7257 7757 9493 8995 8839 5662 642 
1985 258 256 254 262 147 386 383 396 386 249 10 6705 6939 6994 7143 6629 8460 5803 7954 9099 3529 
1986 258 256 254 386 0 386 383 396 512 130 10 1342 7508 3240 7726 4136 3687 2920 6147 6457 3575 
1987 258 256 254 386 130 386 383 396 512 249 10 7622 6764 7805 6229 5989 380 8148 1121 7539 9927 
1988 258 256 396 262 0 386 383 512 363 102 9 7858 6149 4424 6053 1944 885 9953 1407 3607 
1989 258 256 396 262 102 386 383 512 363 249 10 8483 1593 6716 1674 9944 6578 2887 1502 930 1706 
1990 258 256 396 363 0 386 383 512 512 131 10 7922 6904 9390 5141 4398 1694 1845 4059 6523 9365 
1991 258 256 396 363 131 386 383 512 512 249 10 4555 8832 2380 1817 6098 3921 6535 3456 8318 2534 
1992 258 383 254 262 0 386 512 375 358 94 9 1997 7564 3940 6889 6426 2632 1309 8234 197 
1993 258 383 254 262 94 386 512 375 358 249 10 7230 2532 4833 6997 649 1279 3646 4028 7763 2957 
1994 258 383 254 358 0 386 512 375 512 127 10 8251 4445 5233 296 4532 6470 3314 816 2705 9915 
1995 258 383 254 358 127 386 512 375 512 249 10 8602 6508 4145 3387 9660 365 2642 8794 1743 1649 
1996 258 383 375 262 0 386 512 512 394 97 9 9073 5015 4177 9544 1148 8250 3720 3868 5147 
1997 258 383 375 262 97 386 512 512 394 249 10 5705 7543 4489 390 9170 5192 3710 6792 2787 8269 
1998 258 383 375 394 0 386 512 512 512 131 10 4453 6349 2349 6698 6715 7886 3598 8680 9400 855 
1999 258 383 375 394 131 386 512 512 512 249 10 5111 7402 3502 1677 9059 6054 3445 2517 2457 8520 
2000 386 256 254 262 0 512 377 366 380 169 9 8306 712 6753 8545 3924 5663 6164 5802 8226 
2001 386 256 254 262 169 512 377 366 380 249 10 9920 614 4021 3495 617 9632 1980 4545 147 9648 
2002 386 256 254 380 0 512 377 366 512 97 10 4888 5249 2058 1093 1177 8385 1375 7144 3655 1333 
2003 386 256 254 380 97 512 377 366 512 249 10 9529 6784 868 5020 1552 745 2110 9243 8588 2947 
2004 386 256 366 262 0 512 377 512 427 74 9 7963 3726 4370 8092 2391 8499 9480 7110 2885 
2005 386 256 366 262 74 512 377 512 427 249 10 396 6439 1722 1886 9692 979 5116 2863 3120 9751 
2006 386 256 366 427 0 512 377 512 512 125 10 1811 6632 1921 8072 7171 7647 5421 4469 1995 3591 
2007 386 256 366 427 125 512 377 512 512 249 10 3422 2989 4337 9207 3603 4202 3267 1449 2393 2257 
2008 386 377 254 262 0 512 512 366 418 153 9 8116 8320 3585 3411 148 3429 2829 5810 6639 
2009 386 377 254 262 153 512 512 366 418 249 10 1171 3292 9455 7491 2850 3733 4209 2083 2684 9740 
2010 386 377 254 418 0 512 512 366 512 82 10 1316 6601 1959 977 3751 7189 3547 4414 3233 4926 
2011 386 377 254 418 82 512 512 366 512 249 10 8567 3904 2144 2616 9678 5046 7014 4320 5518 9797 
2012 386 377 366 262 0 512 512 512 395 70 9 437 6244 3669 7618 4596 2248 240 6196 8373 
2013 386 377 366 262 70 512 512 512 395 249 10 8501 5005 2988 3073 9572 1989 4725 4623 5152 2184 
2014 386 377 366 395 0 512 512 512 512 143 10 6989 9433 1556 440 550 419 9351 5788 8941 8950 
2015 386 377 366 395 143 512 512 512 512 249 10 5623 3459 5786 4989 7825 348 9457 1751 4857 1006 
2016 258 256 254 262 249 377 381 389 395 343 9 317 568 4520 7587 2739 2392 7892 1349 9296 
2017 258 256 254 262 343 377 381 389 395 512 10 3046 4261 8243 7173 2307 3198 8966 3990 2028 1163 
2018 258 256 254 395 249 377 381 389 512 386 10 6786 5849 4915 4870 5265 1616 3845 1572 7823 2352 
2019 258 256 254 395 386 377 381 389 512 512 10 5592 7547 2029 6291 5400 9961 687 5299 4166 5140 
2020 258 256 389 262 249 377 381 512 355 367 9 5980 6766 648 1211 4071 1122 8159 7915 7939 
2021 258 256 389 262 367 377 381 512 355 512 10 9269 7767 5600 3481 1646 856 1049 2879 9939 6711 
2022 258 256 389 355 249 377 381 512 512 413 10 7558 8206 2087 2070 2419 7979 3171 1136 1497 7454 
2023 258 256 389 355 413 377 381 512 512 512 10 819 8958 1074 1961 3514 5589 3828 6209 402 9512 
2024 258 381 254 262 249 377 512 357 361 357 9 3837 8738 1629 4407 5561 2415 7233 6121 3268 
2025 258 381 254 262 357 377 512 357 361 512 10 3707 7092 5817 5402 2044 5004 1667 1058 3709 8957 
2026 258 381 254 361 249 377 512 357 512 344 10 8038 6838 3137 2340 5170 9897 154 8592 7261 8709 
2027 258 381 254 361 344 377 512 357 512 512 10 2421 1661 8803 5948 3334 514 1967 2400 2297 2551 
2028 258 381 357 262 249 377 512 512 367 421 9 8259 3486 8431 9623 8436 8478 990 9210 3418 
2029 258 381 357 262 421 377 512 512 367 512 10 6913 7284 6836 1303 1092 4798 7779 5495 1197 7107 
2030 258 381 357 367 249 377 512 512 512 335 10 4895 8233 9167 3798 769 6175 5321 3260 8298 1387 
2031 258 381 357 367 335 377 512 512 512 512 10 9551 1715 3224 6252 1917 3453 7582 2039 6115 4444 
2032 377 256 254 262 249 512 409 366 392 313 9 7720 262 2540 4010 7631 2827 3230 9739 1098 
2033 377 256 254 262 313 512 409 366 392 512 10 3525 6577 904 1320 2629 6290 9458 7669 7711 7771 
2034 377 256 254 392 249 512 409 366 512 414 10 9785 8787 9947 2564 5564 1555 5940 9689 3656 9508 
2035 377 256 254 392 414 512 409 366 512 512 10 8419 3903 1292 4908 6890 1843 1745 3286 2889 5860 
2036 377 256 366 262 249 512 409 512 398 391 9 1577 750 5513 1266 2105 8940 7601 4738 4918 
2037 377 256 366 262 391 512 409 512 398 512 10 7003 3741 3070 6001 1504 7283 4505 1526 3417 2291 
2038 377 256 366 398 249 512 409 512 512 396 10 3381 4292 805 2535 8397 2092 1818 2822 4459 8330 
2039 377 256 366 398 396 512 409 512 512 512 10 1588 9727 4793 749 0 8194 6302 4744 6840 9149 
2040 377 409 254 262 249 512 512 368 389 356 9 2747 7824 3423 5353 4449 9954 3500 7544 7555 
2041 377 409 254 262 356 512 512 368 389 512 10 9437 1258 6588 6610 4672 7175 4558 3053 35 3913 
2042 377 409 254 389 249 512 512 368 512 400 10 6666 3722 8981 7594 9626 4546 7297 5560 6180 4017 
2043 377 409 254 389 400 512 512 368 512 512 10 4800 1400 627 1188 3080 1269 2759 3592 372 3667 
2044 377 409 368 262 249 512 512 512 402 368 10 2121 9450 8300 4008 2313 373 7035 9227 9574 4227 
2045 377 409 368 262 368 512 512 512 402 512 10 4804 8828 9451 3432 1208 8163 6471 6659 6880 3063 
2046 377 409 368 402 249 512 512 512 512 407 10 406 1535 9627 810 9811 9764 5101 3706 770 8497 
2047 377 409 368 402 407 512 512 512 512 512 10 3541 8952 6655 4951 3128 8581 3362 7815 3962 2930 
