512
512 0 0 0 0 67 126 128 135 29 3761 2466 9392 8245 1800 4776 11595 6124 1614 6969 2372 14470 1805 9136 4956 828 9995 13667 4055 744 3754 7658 12609 8984 12692 3169 11025 6334 13957 
513 67 0 0 0 126 126 128 135 29 199 14547 2848 8947 9189 7351 9722 4263 12187 10390 2020 6375 8705 11644 11197 13434 2874 4669 9791 9666 7124 13429 14265 6704 7975 14969 12595 8019 1847 
514 0 0 0 135 66 126 128 248 29 2119 5258 3899 3750 4854 5479 10469 3764 4390 10877 10601 7535 6884 3178 11289 11897 4409 4099 11352 11634 7034 5043 3535 9597 11479 6835 8279 7721 9664 
515 66 0 0 135 126 126 128 248 30 11756 4971 6465 14575 12802 4684 2468 10391 6181 13814 11662 10396 5503 9857 7365 9863 11 8675 4158 6590 10538 14981 9906 11337 7989 8020 8354 4018 5022 3713 
516 0 0 128 0 64 126 258 143 29 3258 2847 6988 5678 8824 13469 12409 13557 7361 2711 4619 9056 4319 1844 14140 9305 12522 4439 1394 730 6560 13652 11738 6537 10596 13616 11343 12994 8241 
517 64 0 128 0 126 126 258 143 29 3166 3014 13521 12180 7530 12553 14546 685 8055 9244 11279 9026 14338 13333 161 14482 321 6220 2090 10386 6433 12864 13874 1256 133 14308 14779 2362 9833 
518 0 0 128 143 68 126 258 248 29 10230 8442 5541 13991 6378 13313 8447 13732 1712 14947 12534 552 5240 5898 3087 2663 10036 47 10186 13986 12808 332 5978 12065 8601 8399 3199 9153 1337 
519 68 0 128 143 126 126 258 248 30 12583 4698 3771 8095 4575 6484 14290 4810 237 5210 7072 10384 466 6805 9528 13639 11517 1235 8725 14416 8073 13973 4759 6876 1819 447 1419 12777 8754 4570 
520 0 126 0 0 59 253 130 141 29 3513 10572 4095 3345 11817 13432 11311 716 5855 11827 6650 2795 13013 2546 11929 8275 731 2396 13193 7042 11274 11422 12516 14815 4620 11989 4384 6598 13683 
521 59 126 0 0 126 253 130 141 29 3926 5916 14865 7473 4788 7285 10610 5448 9825 13428 1641 8461 11170 13387 1660 169 1401 7229 13356 8427 3029 10184 2510 7729 9093 8238 12023 5787 10240 
522 0 126 0 141 63 253 130 248 29 4858 12531 2106 5113 14429 2715 12478 4523 12321 13379 10925 8414 11331 12297 10213 4787 9300 1167 3328 4933 9266 11786 912 8936 1140 14542 1205 631 934 
523 63 126 0 141 126 253 130 248 30 12584 287 5251 4840 10919 4262 270 4241 14573 2700 13485 8409 8977 5465 7951 13522 636 13881 12253 6603 2192 5155 7884 13440 1030 9731 12276 3093 6206 12832 
524 0 126 130 0 48 253 258 124 29 907 1747 12776 8821 1242 719 13789 7517 7461 9636 5409 4188 11127 14857 1924 5698 13074 4040 92 2389 704 463 11905 14399 5760 14329 6177 13053 4822 
525 48 126 130 0 126 253 258 124 29 11024 4070 5411 13409 2487 10466 1487 5435 9575 6311 7464 8490 3986 5590 967 7666 12920 11892 1234 11902 11416 2892 2956 3461 6512 9393 11144 883 12621 
526 0 126 130 124 70 253 258 248 29 10352 10484 7901 2127 492 5382 3249 7831 14002 1736 8178 6070 12127 3005 2978 9439 3609 4766 8166 1554 5551 7416 9304 6231 10768 13090 4036 8046 11495 
527 70 126 130 124 126 253 258 248 30 4634 5444 1568 3285 13298 7787 9065 5262 12350 8746 8071 6023 7917 4404 9087 6536 7686 9592 7384 12234 1883 7267 3965 1596 12677 10738 3790 10835 13145 3489 
528 126 0 0 0 189 120 127 115 29 2925 2246 7950 1414 8408 890 3978 4880 14412 3674 14540 814 13761 3464 11022 688 5935 3852 1228 14980 4768 1147 1222 13517 6193 5559 12879 10881 9454 
529 189 0 0 0 257 120 127 115 29 12156 9115 3060 1740 5979 8109 8335 5512 1956 1609 3024 8877 6606 13204 13921 6569 2292 3746 10803 7203 94 9579 6460 6176 7810 4381 14754 6257 13576 
530 126 0 0 115 189 120 127 248 29 9322 12909 7073 3052 6034 5835 6367 129 10695 12302 7400 2194 7733 13446 1869 2281 6204 4560 10733 7036 5610 2096 6467 7130 7066 693 13663 14552 8458 
531 189 0 0 115 257 120 127 248 30 2235 772 6960 4943 12469 12097 697 11054 721 11915 11492 10109 1108 12773 12929 9778 9105 14030 277 13048 864 3344 2861 10614 14984 9462 13637 8949 2053 5217 
532 126 0 127 0 182 120 258 115 29 1971 9844 3261 547 2595 12407 5550 5311 10302 2727 12730 5268 1909 2741 10098 4782 3562 4309 3426 4371 12247 6110 11857 198 12821 2359 2931 8197 3877 
533 182 0 127 0 257 120 258 115 29 8876 8856 12789 12810 7215 14510 14524 6866 14084 7744 3271 11712 10361 14966 7863 6732 3186 3608 14488 11692 1209 787 8491 10677 11693 4432 9563 11094 2680 
534 126 0 127 115 192 120 258 248 29 5189 8767 5496 14240 2172 1553 2057 5766 12246 682 4372 10879 12345 3968 13046 6081 5921 362 5756 6521 7147 4115 4916 10731 9594 13793 264 11351 785 
535 192 0 127 115 257 120 258 248 30 12027 14323 9251 12044 13607 3779 1682 13875 8608 11592 5474 541 8793 439 2278 8564 5333 826 11350 9771 5410 9801 8261 14568 10268 5235 7231 5553 5516 13867 
536 126 120 0 0 181 253 122 112 29 8926 1117 12724 638 10502 7408 8673 13676 10541 8433 2955 6429 8663 6839 2347 3725 2262 14383 9325 2234 13553 442 11345 923 12885 14499 5446 10740 7262 
537 181 120 0 0 257 253 122 112 29 6355 2524 6232 7458 5858 5801 2963 6619 2754 11112 13552 12354 11074 1048 4066 6908 11962 7415 3127 3072 5313 14426 5304 14447 6335 3581 12632 14701 9291 
538 126 120 0 112 196 253 122 248 29 249 6008 5007 12397 8575 6706 14900 8562 2750 1462 3624 11467 1172 9519 8557 3810 827 14059 11927 2843 644 475 10285 113 11012 5310 11357 10510 10542 
539 196 120 0 112 257 253 122 248 30 13943 14036 9123 4748 6469 2618 8229 13427 6940 13321 1695 13028 5106 4077 13302 1099 8925 6168 4852 13114 11030 6801 7343 3176 4741 9387 6005 4085 14967 11672 
540 126 120 122 0 193 253 258 113 29 5006 387 1129 13488 7251 5252 13839 10347 11723 7730 14060 13038 10885 4680 9373 4501 4403 4474 12341 12060 303 7652 1226 8122 1952 7648 845 11721 3842 
541 193 120 122 0 257 253 258 113 30 8207 7200 11911 11603 11333 958 12579 1823 5025 3816 7888 14215 1263 8535 3143 13155 1626 5675 6358 9498 3799 13358 14951 1063 9534 9971 6381 10687 11516 4567 
542 126 120 122 113 190 253 258 248 29 6776 4105 5549 14553 14127 897 13094 3395 4863 14032 13346 11243 14331 4451 4866 1670 2102 13997 1693 13935 3964 2802 1788 14439 6372 12752 6399 3729 2080 
543 190 120 122 113 257 253 258 248 30 4559 13584 4226 7545 2929 7041 280 5067 7289 4096 7625 9353 11042 3833 4510 9929 13389 1615 2209 10333 10516 9015 8161 7623 12844 11730 4020 4872 5732 1850 
544 0 0 0 248 57 129 133 368 29 6627 8649 14626 13784 3966 7728 4754 12408 11601 10192 5951 4688 3717 12989 6315 13556 13903 6618 5830 8247 13919 4024 10034 11882 10801 14588 9488 12183 14755 
545 57 0 0 248 128 129 133 368 29 5086 6256 14668 13123 6853 14726 14555 11312 11812 12812 12649 7719 13001 9377 9336 1351 4524 2766 10138 10697 1495 1782 1494 10646 11815 3191 6625 14328 11529 
546 0 0 0 368 61 129 133 512 29 454 14232 11843 8815 12545 656 9892 9587 10915 12806 7697 8477 9261 5563 12445 1968 11442 13803 8708 13913 4893 10222 6892 7650 7255 14997 12152 2330 10708 
547 61 0 0 368 128 129 133 512 30 14409 409 5901 13245 4615 1323 14126 3832 8504 1061 9628 1716 1326 10385 843 6025 10712 24 5096 11980 7525 822 5686 12940 3444 3573 3724 1994 8831 4294 
548 0 0 133 248 56 129 258 367 29 5095 4765 10173 6740 4450 11542 9698 14071 13931 1797 6697 8152 12423 8714 3933 11860 9562 1017 12232 4351 1681 7019 7876 12389 8430 2794 7018 7302 9702 
549 56 0 133 248 128 129 258 367 29 12824 10117 5172 5455 13872 12798 13215 4671 8314 513 8939 2533 3182 1346 11642 12235 2981 3954 4959 7961 6722 13781 13569 3902 6746 8641 10136 12705 4564 
550 0 0 133 367 63 129 258 512 29 4922 11501 12927 9922 7641 11996 10810 10628 10749 8378 10060 1831 7759 6310 2418 3510 395 2976 3302 4900 6616 58 14911 12767 4721 12898 10066 13868 8174 
551 63 0 133 367 128 129 258 512 30 12836 10101 7097 3084 2318 12569 673 3860 3071 13305 7434 11482 9988 13787 4026 10980 4312 4544 2153 3252 8811 966 1082 2019 14159 7755 9772 14173 12996 3699 
552 0 129 0 248 59 253 145 366 29 11998 5369 3245 3807 7694 6658 9986 5617 11844 3825 14129 5736 5807 80 5062 341 8937 1004 9054 6826 3076 8994 9206 12052 10415 14277 14208 3824 11204 
553 59 129 0 248 128 253 145 366 29 2651 1164 11423 2146 4281 10023 3521 13712 5337 12937 9360 9547 7600 2951 9609 3371 12422 13848 12241 12386 6293 13930 9440 6182 3690 9993 6731 3194 6226 
554 0 129 0 366 65 253 145 512 29 3100 11072 2698 5693 4465 3596 7331 9196 5478 2038 9511 10042 8254 10216 14009 2495 7984 4035 14473 6275 13291 13600 8462 5329 9809 11153 10080 2074 10254 
555 65 129 0 366 128 253 145 512 30 860 14068 1540 13883 14657 9938 8034 7949 12557 14882 10318 6532 2630 1434 1941 1512 3597 1982 3383 14732 11259 509 4621 11652 3536 7131 7120 10397 10995 11388 
556 0 129 145 248 65 253 258 389 29 6074 6757 4851 4485 3793 9674 12565 11834 4755 11823 11988 12016 12587 6295 26 3184 1884 7756 1738 2764 9970 3697 10846 4317 11366 13591 1664 508 3242 
557 65 129 145 248 128 253 258 389 30 11961 1910 5108 1979 7366 1940 7588 13583 914 6387 7432 10555 14344 1775 10639 5373 6895 11314 663 7875 13279 7335 8934 10985 10304 10529 10893 1134 2244 7433 
558 0 129 145 389 67 253 258 512 29 7053 2122 9894 2718 1590 7369 3477 5925 6980 14039 1430 10282 1422 9344 11239 220 10031 1534 1703 5486 6829 4360 5377 7822 11751 2205 12995 2460 6322 
559 67 129 145 389 128 253 258 512 30 13651 5985 6628 5838 2778 1031 12494 5731 12578 8406 6756 9289 14765 8170 8769 679 14892 14136 13167 8274 13743 778 4302 10306 7990 10102 10014 13473 9048 4331 
560 128 0 0 248 193 132 135 364 29 2799 11879 2869 1081 3047 729 2165 9358 9711 2150 5809 7969 10530 12628 292 5330 14537 10178 6914 55 8024 13096 8476 13920 3834 8096 12340 1444 2876 
561 193 0 0 248 257 132 135 364 29 577 5206 1456 204 13766 10071 14025 12482 14474 360 11407 2807 1001 8836 3901 14532 6434 10259 10064 4220 16 726 11091 14527 11273 748 9415 12328 895 
562 128 0 0 364 181 132 135 512 29 1739 13471 1727 465 647 2710 14108 14579 160 7569 2566 13613 765 13739 5231 10457 11103 3583 9155 14190 8336 11124 5384 1657 6591 14346 14301 12233 1457 
563 181 0 0 364 257 132 135 512 30 11329 7447 5128 14613 1431 11064 10874 6362 1915 12026 6810 12428 3684 6064 14445 798 14342 7196 7802 8352 11924 7746 9859 5780 14651 13089 13029 8468 14978 12177 
564 128 0 135 248 192 132 258 392 29 13386 6013 13091 799 14261 4656 11236 592 7341 1801 12952 12361 3270 8627 12619 7165 4476 9447 7966 6804 3894 12759 1907 7751 5281 166 960 9799 9604 
565 192 0 135 248 257 132 258 392 29 14327 2511 3545 1231 12381 11143 10453 794 10307 7111 8439 9874 4962 12391 10195 12629 10443 7039 1834 938 2544 8883 472 2025 4216 7467 11341 1558 13479 
566 128 0 135 392 196 132 258 512 29 1490 8049 13960 12617 4235 10405 8777 13735 1928 6230 5489 9176 11669 5865 3638 2982 14876 10579 3858 1420 10986 4563 4910 4352 10782 11324 950 9342 5213 
567 196 0 135 392 257 132 258 512 30 9909 8179 8347 1268 13774 4205 13493 10843 11235 5754 1969 3663 2436 6882 2772 8016 5520 7673 8026 7735 3306 9460 9691 1341 1600 1912 10053 8470 8759 13710 
568 128 132 0 248 186 253 136 374 29 1484 1254 8733 9881 12123 14487 1580 13902 10454 3140 6754 9888 12046 6602 12314 8270 14374 8522 6680 12311 786 8751 12860 10943 243 7924 12128 11850 5544 
569 186 132 0 248 257 253 136 374 29 9148 9728 7201 7690 3917 13750 7611 4254 3766 4238 11427 8101 14345 14839 13187 9491 6021 11005 8570 1644 5998 6595 6141 6747 6787 9716 3342 5335 4911 
570 128 132 0 374 196 253 136 512 29 3203 4629 5469 1404 10325 11620 462 905 10540 6959 10235 14077 2508 7087 14067 12624 8798 1020 5357 10936 14143 9242 8650 3653 13489 7224 9792 1710 7435 
571 196 132 0 374 257 253 136 512 30 441 2657 13909 2860 6962 7026 5723 6597 14366 4946 7380 4357 6453 10336 13095 5864 3714 2585 14912 13992 14233 10514 3389 12392 6383 4456 8326 2790 13239 8173 
572 128 132 136 248 187 253 258 375 29 2875 12135 14798 4557 11553 10832 468 9472 2622 13079 11580 10399 3821 6377 3595 7854 8894 8297 4060 6373 1399 12555 8553 13970 14670 13617 7977 758 9160 
573 187 132 136 248 257 253 258 375 30 11794 6848 13217 452 14764 718 7050 13843 1019 9045 7405 2231 14204 3401 13361 1155 6897 2717 1640 5031 12327 2473 13158 1446 13769 8293 12172 5607 11105 6012 
574 128 132 136 375 189 253 258 512 29 10439 13580 11002 10866 2543 10964 5174 8844 3632 5485 12043 10998 3188 2145 9350 1796 10147 7477 322 4719 9000 84 5415 1161 6954 4438 4942 7878 6749 
575 189 132 136 375 257 253 258 512 30 1297 5955 705 2094 3914 11713 7428 2593 7430 9355 6552 14335 12357 4865 8631 2691 10765 4471 4300 6266 6621 7740 8054 11522 13614 13833 3051 13031 2758 12108 
576 0 0 258 0 68 127 383 119 29 11615 947 14760 8933 6047 4584 8119 537 8509 7063 106 10202 4291 1138 896 2271 5937 2329 3783 936 5614 8502 6846 9548 13790 4308 3248 5371 8935 
577 68 0 258 0 124 127 383 119 29 8686 1808 13990 4164 9541 8280 14924 9471 1755 7983 10612 14024 14079 1863 2141 12761 3045 817 12878 8480 8210 8585 14684 618 10172 8185 11552 30 8960 
578 0 0 258 119 50 127 383 260 29 13284 6888 5493 5208 7392 4860 11906 2186 2996 12826 8012 7773 1160 9152 2499 14515 10969 13898 6965 14718 12295 11507 7743 4650 2873 13962 4549 2645 838 
579 50 0 258 119 124 127 383 260 30 10644 12712 9436 723 1856 11412 3769 3961 4223 9774 6427 14618 13020 14673 2287 1423 6371 2938 7689 14421 1802 9011 8328 6600 9994 4704 1730 8848 8989 12991 
580 0 0 383 0 67 127 512 146 29 8717 1936 9110 11858 8820 14797 12450 8356 2854 8897 564 681 14677 10575 9783 13770 11499 13620 7492 5181 8368 12760 2667 5133 11049 3197 4948 2445 9004 
581 67 0 383 0 124 127 512 146 29 11032 736 512 6827 2259 3491 2136 14763 1799 7794 5770 3755 10237 14273 6828 11951 6729 2242 65 275 7644 9704 9456 11272 9998 10104 412 3561 10546 
582 0 0 383 146 69 127 512 260 29 7403 2273 9100 4676 9326 9076 9846 8979 6647 7833 14092 12336 2441 13785 10296 825 4048 1757 9695 9333 6130 5796 911 4206 6596 11870 1951 4792 4846 
583 69 0 383 146 124 127 512 260 30 14645 6030 7048 10605 7507 2662 1125 4912 8329 13722 2567 11158 10490 13605 7663 9182 1352 2853 6611 2267 7240 5483 13733 4528 73 978 10625 8098 10892 6356 
584 0 127 258 0 63 253 388 116 29 8025 11321 8384 2588 641 3177 12154 3718 1331 3557 2708 12596 14989 4163 11372 4757 5868 1810 1879 13916 11460 13482 3559 9606 5340 12244 3447 3551 3202 
585 63 127 258 0 124 253 388 116 29 3167 10330 14188 62 5138 9850 11591 8472 6733 8331 1987 7996 2176 2671 14356 13105 8075 7675 1935 8489 1026 9912 5123 4430 10949 11626 5500 13162 2558 
586 0 127 258 116 62 253 388 260 29 6045 751 12240 849 6353 6325 10317 4996 3870 7022 7827 14282 2474 2769 6482 4088 5286 3435 5109 3200 11832 288 1721 13240 11558 3183 9527 5997 8147 
587 62 127 258 116 124 253 388 260 30 498 2897 4740 5480 10051 3740 6751 13370 8747 4832 5681 4941 988 404 8807 6869 2032 8760 10603 5318 10433 7419 11107 10356 1766 702 608 10340 21 4633 
588 0 127 388 0 71 253 512 130 29 5334 2838 4981 13126 12697 12092 1276 6549 7074 926 8942 5236 6420 13700 11044 1665 7563 8668 12111 1465 995 9335 2703 6160 12853 4039 2619 2353 8544 
589 71 127 388 0 124 253 512 130 29 14268 7613 3662 8272 5604 8500 2229 1322 8027 1857 14745 11031 2243 11262 13083 555 14751 13738 12374 857 2797 651 6868 6572 6173 4533 3041 6393 8551 
590 0 127 388 130 66 253 512 260 29 10153 14291 14089 5765 12669 5511 13391 13188 7914 6973 4310 2484 2377 10534 8996 14402 9465 14847 1551 2112 8944 2169 9808 5704 9088 13231 13220 2697 8610 
591 66 127 388 130 124 253 512 260 30 4091 4307 12099 5068 5899 8059 571 9366 7923 14014 9382 8503 1806 14940 12577 7793 11667 14985 10651 12888 9293 6645 7945 6926 1397 6297 4267 5048 2125 1204 
592 124 0 258 0 189 132 389 132 29 245 182 2069 8032 13400 3107 13016 1318 5331 2333 12968 302 5742 4894 9647 7010 14156 12738 830 12110 4242 8390 10009 5596 11938 12019 14137 3364 8099 
593 189 0 258 0 257 132 389 132 29 3698 12893 2995 6188 14871 654 12163 13577 2068 11169 13757 12186 3843 1592 4168 9836 408 12081 10853 4772 10961 3441 2610 5837 14993 13234 7249 11958 8382 
594 124 0 258 132 192 132 389 260 29 8676 11848 5190 8364 5090 11632 1110 14543 9062 11217 10420 12514 6920 11511 13450 3728 5130 9670 6129 4283 12944 12009 4616 13813 5949 14975 10732 3341 13337 
595 192 0 258 132 257 132 389 260 30 14937 2175 4427 5579 12258 6905 8377 1440 3846 9042 427 10661 14294 6483 5785 10224 6924 13264 6811 6760 8887 11252 774 1047 2806 10266 1733 12083 14999 2625 
596 124 0 389 0 176 132 512 137 29 9708 5734 7137 4179 7213 5227 1654 11612 11439 12439 14090 1054 2950 13402 8658 4109 5646 10116 1448 12604 2303 1550 8255 8154 5139 4482 9851 9453 3373 
597 176 0 389 0 257 132 512 137 29 298 7490 10367 7123 12460 2216 12437 13452 13509 11931 10730 4743 872 235 14642 13758 4999 14950 6425 11415 1618 5010 5119 859 6451 5182 8847 13885 5751 
598 124 0 389 137 188 132 512 260 29 14171 2204 2590 3102 12015 9699 4014 2031 12654 14771 14644 1480 14864 10565 491 9247 12402 13756 2437 6635 11811 12756 6246 8277 12518 13826 2317 8541 12568 
599 188 0 389 137 257 132 512 260 30 11991 2837 1803 2919 14415 8198 6815 14417 1287 13528 14835 11420 12859 4934 2331 4828 6144 6062 4004 6285 9 1926 11446 10952 9887 3059 8139 11227 10635 9470 
600 124 132 258 0 182 253 376 130 29 4606 7040 436 13950 11785 1507 9103 10022 424 5019 8677 8402 11739 1518 3361 8395 7300 10640 9399 12282 11436 5168 3239 12007 10370 8873 2980 13628 5639 
601 182 132 258 0 257 253 376 130 29 4074 11801 10180 4780 8572 14177 3066 10863 13894 14066 11380 9798 14230 3569 999 14855 5775 13545 664 4973 13810 4686 14296 9715 9966 12481 114 4297 3439 
602 124 132 258 130 198 253 376 260 29 10535 4732 13660 4778 13999 2844 7615 4347 14887 2921 14400 14687 2805 8253 2376 3876 10515 8866 10146 12385 3455 5332 14683 4057 13271 7211 7263 3565 640 
603 198 132 258 130 257 253 376 260 30 13966 5615 12286 14485 12914 5674 9526 791 2449 8785 5660 1587 12835 11964 3982 11593 11886 417 1454 3739 12203 2896 2221 10703 10063 8056 6312 6259 13075 6341 
604 124 132 376 0 192 253 512 134 29 6580 4284 10630 10280 5305 9957 1357 12924 5543 13368 10372 323 14110 922 12880 315 37 4601 11782 8006 13227 5957 4687 13549 9068 12206 8137 1891 1582 
605 192 132 376 0 257 253 512 134 30 2932 14756 14034 4219 12743 6575 11008 6998 9656 2196 10580 9411 7636 14368 4250 9301 9556 7086 8169 2575 5052 8810 1386 13041 3935 14216 14428 7861 10422 5960 
606 124 132 376 134 188 253 512 260 29 10218 5618 6623 917 11949 1455 478 14359 8554 12906 11364 11145 5799 9796 11942 7481 1186 8779 12119 3693 2290 14116 4961 209 8267 10090 2768 9191 12474 
607 188 132 376 134 257 253 512 260 30 7834 7784 5568 13186 5224 9629 8372 10446 1690 2624 11947 12431 9878 9524 443 3787 175 6785 6258 9717 14061 13130 10947 12805 4076 2453 2804 8872 6044 13147 
608 0 0 258 260 63 111 365 389 29 2621 7412 7451 18 4992 8973 3555 5507 6095 13230 12721 3304 4925 10434 3170 610 3305 10861 14334 9745 6185 9677 854 1381 5876 5102 3648 12215 5620 
609 63 0 258 260 131 111 365 389 29 7518 12201 1243 3827 1219 7227 8739 9222 14705 481 8770 5917 10113 6613 12166 5884 8421 3232 12613 4905 4608 7000 788 10311 10674 2183 11521 7995 13144 
610 0 0 258 389 69 111 365 512 29 12559 3378 1536 9880 10097 3563 14750 1786 4346 12283 5976 11513 3023 4217 583 605 11405 14643 7997 12138 14494 4295 11290 11963 8736 4958 7967 4480 8591 
611 69 0 258 389 131 111 365 512 30 11250 4610 13882 12666 8405 7303 5289 11795 2525 3576 766 5597 2211 9750 9217 5114 9685 11814 10151 3215 2609 13682 5601 9254 7576 9157 3984 7532 3944 8387 
612 0 0 365 260 53 111 512 375 29 1658 1985 3356 5051 14622 9945 9046 12919 2736 6219 4784 3368 363 3175 2880 13390 8707 8540 1367 10670 4030 9932 4867 11651 8853 5045 2878 7893 892 
613 53 0 365 260 131 111 512 375 29 9449 9272 14523 12191 12813 1041 14572 8013 12056 10836 11222 10561 351 6374 4221 13303 3062 5497 13523 13129 7692 7274 9452 12136 13043 4729 14812 5556 10744 
614 0 0 365 375 62 111 512 512 29 522 13533 14914 910 1281 5534 6832 14889 449 984 7070 12214 12801 13831 10275 12816 9962 11732 7562 8018 1653 7210 558 4588 10229 13369 6102 14054 13939 
615 62 0 365 375 131 111 512 512 30 14805 1257 14746 5821 14144 2026 14118 2713 6506 14873 12946 12055 6758 14105 14906 7149 3490 1666 9621 1253 9047 1965 10562 510 10084 4632 14038 1842 2709 10119 
616 0 111 258 260 60 253 379 373 29 7266 3158 10649 5953 8817 5569 2813 14692 5024 14406 6363 8634 1123 4178 9605 3511 4618 12910 1224 5581 2116 8085 6633 14279 10637 2823 10617 3155 3879 
617 60 111 258 260 131 253 379 373 29 1250 5857 9204 2498 6861 7272 1861 13656 2030 792 14313 9984 7992 14838 12902 3086 9812 674 8296 4574 2056 2728 10419 8149 14286 7571 10398 6653 853 
618 0 111 258 373 61 253 379 512 29 12358 11807 7981 6299 7407 604 10504 6584 13118 11475 3049 13664 12547 11081 4642 6540 6712 9903 7183 12173 7968 14191 1100 13073 5645 840 7032 3855 13256 
619 61 111 258 373 131 253 379 512 30 8199 951 11376 14436 10048 9596 7513 3067 10407 1238 2636 4318 9720 9935 14211 4169 5652 6928 7254 1055 3659 4011 9532 3859 6304 142 13077 8724 4165 9595 
620 0 111 379 260 62 253 512 378 29 4590 7064 3743 10676 6294 10774 13646 2958 10975 637 9058 7620 863 2179 10056 3099 11800 3850 8891 11969 3310 7216 9567 8333 534 13877 1632 3817 11083 
621 62 111 379 260 131 253 512 378 30 13157 12831 5001 1124 8457 14049 1984 3668 609 6696 10248 12954 13912 444 6551 8923 9651 5853 2987 5903 12710 1748 14581 8589 13657 8004 1916 10092 7346 2998 
622 0 111 379 378 66 253 512 512 29 11875 4458 14201 14878 8492 7568 7344 13395 14699 7799 5611 2891 11095 14093 6336 8086 8400 4595 11375 2926 8681 413 5633 3114 4538 4631 14970 5657 11784 
623 66 111 379 378 131 253 512 512 30 14476 3297 119 2676 71 6808 14928 5911 312 3881 12208 5952 5107 4611 14566 4952 542 12269 6077 1416 11465 4034 2002 3747 3945 1932 3339 9489 4328 13959 
624 131 0 258 260 189 123 377 390 29 9782 9941 7150 4955 10079 14867 10582 12458 5427 9041 8208 1312 2969 9891 2337 11871 4767 14849 5722 388 9590 8758 7191 7505 5061 9837 8008 14283 2646 
625 189 0 258 260 257 123 377 390 29 10305 13666 9445 10019 11779 9241 11348 14341 9834 14358 3719 4204 9710 9753 4437 14302 2803 9049 6736 3320 2152 115 3165 174 12255 3179 9286 12443 12216 
626 131 0 258 390 198 123 377 512 29 11772 12242 13054 2149 2777 7643 14998 1477 9311 3061 10271 9755 6169 12527 1089 7108 3212 11001 14391 2729 358 1248 7446 14946 14427 3854 9537 5193 13512 
627 198 0 258 390 257 123 377 512 30 8021 14033 3732 7410 2166 9802 1095 6390 3976 3001 3991 4392 4572 11406 2502 13570 5308 5654 5752 4967 11724 10798 3436 7630 3365 6501 11090 127 53 1974 
628 131 0 377 260 185 123 512 385 29 14612 7550 11910 2143 12372 2536 6445 4790 25 2600 8156 4969 9102 12845 9309 11715 13010 13802 1613 9256 6986 6755 8693 12655 7682 4534 4506 12472 5098 
629 185 0 377 260 257 123 512 385 29 1904 7198 10930 9800 683 11508 13224 6707 2364 14259 13675 7913 12896 309 2251 11562 6041 3442 10054 11445 3145 3602 9098 1798 13827 6216 14787 9530 11884 
630 131 0 377 385 197 123 512 512 29 499 6307 9601 5582 6488 5059 9422 13669 5890 12907 10334 9643 8691 13762 2254 9842 10412 13949 12540 13746 13366 1975 4737 1067 11176 821 8985 4087 11178 
631 197 0 377 385 257 123 512 512 30 6498 2455 6166 7307 13644 12125 9824 8495 11578 1601 4736 4947 9094 4997 6570 14236 1218 8105 431 7468 1023 13504 7065 13258 2801 2722 8118 12693 8916 8150 
632 131 123 258 260 187 253 393 375 29 3819 3299 3818 4433 5982 4353 11241 776 10715 1241 7885 8626 14314 12002 13039 11078 10467 4571 5338 5391 846 2220 12560 4410 6436 6824 2124 8987 1032 
633 187 123 258 260 257 253 393 375 29 12236 9638 9502 1545 7889 8117 3311 13568 9747 11224 11671 8486 3620 595 11543 141 5027 13928 12209 14124 1515 3878 5016 7001 8438 12264 4321 2245 11649 
634 131 123 258 375 198 253 393 512 29 7626 11683 14185 6189 3153 12564 10413 10993 1760 13314 9022 2305 3856 4118 1791 14666 4920 2099 9446 623 619 632 14525 1012 1765 4477 1621 11574 8317 
635 198 123 258 375 257 253 393 512 30 2006 10769 8195 10699 3677 10811 9600 11223 12034 13213 178 11675 14444 6213 1463 3056 1789 2986 10859 1295 6727 8804 1947 1945 9754 6735 9679 11123 14044 4380 
636 131 123 393 260 200 253 512 376 29 11449 4993 11660 5851 7209 6192 6780 10481 3650 14918 2022 5970 10249 7790 10106 10819 12031 9113 4 11487 14992 5537 1319 1918 6280 9845 241 4058 6179 
637 200 123 393 260 257 253 512 376 30 3517 5913 10295 1648 7781 1832 11313 7764 11298 5920 7452 1152 4108 14249 2444 3469 5692 7699 4355 6198 8076 10588 6104 4023 9931 4881 14559 5134 2679 11894 
638 131 123 393 376 176 253 512 512 29 9275 5932 8258 600 3291 5575 7005 10072 9582 5882 102 993 6587 252 4460 646 5079 578 12117 4644 725 9316 9070 3989 615 4191 14774 1139 9374 
639 176 123 393 376 257 253 512 512 30 2942 3614 3008 12708 12869 6486 1685 8547 1713 8411 13125 4702 8870 10002 162 13863 6571 9818 13163 7258 9866 5924 13895 9738 3556 10902 5538 6017 1373 12970 
640 0 253 0 0 75 375 122 111 29 1829 7851 2093 768 2071 10619 10069 3274 14091 1271 14545 1761 7573 871 4286 13441 2018 6767 12779 3689 10926 12248 6217 7837 502 4830 9576 3075 12581 
641 75 253 0 0 130 375 122 111 29 7051 5504 14176 9701 10507 10242 13445 8884 13855 6035 14932 1460 6037 1040 8089 418 13067 4795 11184 12199 6113 5963 1175 8546 2665 9118 14744 7948 10364 
642 0 253 0 111 67 375 122 256 29 11995 9790 6867 7462 6531 5126 1741 5783 8374 8417 1742 7439 2483 2367 4607 4664 4517 12410 7788 3497 10058 13742 1044 8909 1839 2841 1576 7356 12380 
643 67 253 0 111 130 375 122 256 30 8813 3130 329 8843 12822 12106 6339 12226 4086 13133 7653 12284 4103 7100 2384 1180 866 12017 538 14181 3639 996 5531 13307 4625 2527 2577 6087 5154 3009 
644 0 253 122 0 64 375 247 139 29 3812 753 8039 7264 9163 85 7377 11334 12071 3503 3057 2306 4979 14504 7556 9383 7411 5295 11606 8079 9112 700 9197 7738 12536 10241 4807 14827 9208 
645 64 253 122 0 130 375 247 139 29 574 4073 11440 14147 14973 4897 12975 5968 12470 14896 1970 2979 13135 6088 6060 5431 5717 5385 6909 6022 8398 6238 706 9956 13232 9129 7500 3893 5317 
646 0 253 122 139 56 375 247 256 29 3010 9921 7933 12833 13172 12703 8598 1696 14146 9538 955 51 9997 5624 8302 2114 14793 3512 1645 5748 6744 5973 100 10410 2210 7236 4119 13085 11659 
647 56 253 122 139 130 375 247 256 30 10239 14584 10547 3284 841 6648 13099 4144 14784 12997 11564 11096 14560 7732 7043 12035 13320 1840 11813 14022 11286 5840 3135 13027 10650 5428 12650 9762 2812 5487 
648 0 375 0 0 66 512 111 138 29 13326 4327 3318 4422 928 5342 9211 10745 13065 13165 1185 9862 9408 7937 8961 11293 5404 891 108 5394 13599 9264 11106 3957 3125 13654 13917 9263 10040 
649 66 375 0 0 130 512 111 138 29 5366 7681 13653 6819 325 1421 6476 7459 1571 3326 1517 8549 703 11889 11137 14703 13181 8595 2694 8262 9258 12347 7683 5339 983 3123 12219 3336 10003 
650 0 375 0 138 66 512 111 256 29 13498 3515 6626 2066 13765 2301 8972 7727 7642 6447 3863 3533 10344 7340 9776 8083 518 9536 10908 9361 1113 12132 8814 6241 3037 4484 11320 1259 5794 
651 66 375 0 138 130 512 111 256 30 6807 3635 9869 8379 12359 3343 10533 7852 7440 14111 11102 4386 2294 8890 9736 5509 6972 8647 13422 11061 14539 14081 5362 12987 7718 6132 5457 9334 10349 11390 
652 0 375 111 0 50 512 247 116 29 5080 3695 12678 9401 9343 3900 10624 2344 7455 8927 8599 1973 8145 3470 1064 12473 12025 8355 13631 27 6042 13241 8423 5237 4487 7585 5347 8841 11638 
653 50 375 111 0 130 512 247 116 29 8292 4172 4924 2059 4208 9979 2282 4234 2690 4666 4928 8642 3589 5875 6682 10110 12681 11956 14330 8282 7511 8784 13890 802 8620 10226 3873 4083 3458 
654 0 375 111 116 75 512 247 256 29 12079 1957 1573 6565 9281 1708 10734 3032 11401 8266 7315 3189 4950 3290 8667 12224 2852 10046 3969 6656 13859 6148 13192 2060 7187 4007 6672 9814 5721 
655 75 375 111 116 130 512 247 256 30 7449 11469 8959 52 8129 14336 4156 6686 8773 11471 2350 9505 5869 8357 165 9500 6222 13335 4399 11668 8135 11038 10108 13925 10739 10659 63 3323 2067 14042 
656 130 253 0 0 205 389 121 131 29 7360 9340 320 8656 584 11512 7357 11140 8240 434 8726 6944 7927 13852 9442 12858 3996 10207 14649 8365 12818 1052 5861 2276 13952 10030 8510 12420 4665 
657 205 253 0 0 257 389 121 131 29 13702 4847 9925 14396 13069 3465 660 9044 11589 2740 2612 13171 7778 12261 9260 5376 566 2207 10656 12383 14821 12288 10324 7259 2939 6114 12088 14640 14982 
658 130 253 0 131 200 389 121 256 29 12958 7931 1304 12231 4834 4565 1437 10212 780 7172 8237 12487 11610 7047 13408 4699 6276 14655 14852 11586 414 7135 3498 1340 11468 13164 4002 5 596 
659 200 253 0 131 257 389 121 256 30 8160 3391 11617 9395 12167 7167 13711 4600 11873 5700 12659 12886 6415 5125 1328 7497 14377 5894 3548 7348 11544 3509 3340 2633 6841 139 7820 7212 14394 5808 
660 130 253 121 0 179 389 247 125 29 8112 3579 5392 12707 46 11212 5671 2428 1705 13026 14954 6910 14149 9732 8628 7685 6154 1347 2322 3942 12947 14623 1822 7928 7814 7687 12141 5269 42 
661 179 253 121 0 257 389 247 125 29 5587 12876 4463 6681 1131 906 2959 4111 13261 150 3088 1249 4960 9312 603 2820 2049 11745 14307 4983 11778 3995 937 14807 13218 2034 6432 11116 573 
662 130 253 121 125 191 389 247 256 29 3889 8351 12709 14631 121 14292 5764 5211 2617 5447 14593 5813 2193 6250 13981 14247 12153 920 1699 1732 12393 4659 4529 7145 4201 265 11464 5778 13430 
663 191 253 121 125 257 389 247 256 30 5063 6251 1150 4746 6140 10604 9332 9166 2001 14043 7753 4835 7918 4649 96 10681 14528 8323 10339 4974 2638 228 2390 14691 829 14214 11771 11737 12294 9936 
664 130 389 0 0 202 512 127 130 29 1181 4363 1133 7910 594 13236 2451 7471 11904 8047 5423 13242 3542 7712 4112 2324 3185 5395 10159 4643 9730 5905 8552 9137 11806 1906 4789 14263 5393 
665 202 389 0 0 257 512 127 130 29 2052 14624 9215 4251 9221 11411 9950 545 420 9423 11757 8376 12908 3397 14375 1557 8290 2180 11502 7804 6788 14678 12618 14395 9248 4614 808 3352 1848 
666 130 389 0 130 188 512 127 256 29 9552 8294 11196 13754 2800 10875 11797 1199 811 8819 2464 3922 14848 10082 2884 2765 14742 11336 13392 14498 2398 5811 2459 6858 13109 14397 2584 13515 11428 
667 188 389 0 130 257 512 127 256 30 11493 13042 6849 14080 7121 2147 9060 13341 2572 192 14810 2513 8341 7795 8945 2429 3407 2404 3885 2358 12453 6885 7575 5084 7679 10602 13800 2279 1606 6837 
668 130 389 127 0 193 512 247 140 29 8902 5928 13755 14133 206 11318 1245 1774 13456 12572 11579 5908 13277 6468 1942 5791 4067 13684 8181 9829 369 6559 14028 4530 8231 2109 4343 6694 6052 
669 193 389 127 0 257 512 247 140 30 8519 10568 6693 6877 7319 2226 6968 7816 7011 4013 3972 7838 13454 1072 3473 8066 14713 10951 14681 11330 6843 10976 4233 14796 13698 8219 6440 6117 6708 9682 
670 130 389 127 140 181 512 247 256 29 1846 9900 6454 10464 850 36 10689 13267 2401 6594 10808 1625 14706 13458 4811 181 12711 13071 6574 12535 1442 86 9486 14704 14479 12890 3042 4673 7318 
671 181 389 127 140 257 512 247 256 30 8914 5517 11317 13720 8063 9963 10462 3716 1633 10127 11573 3759 11787 4750 13503 5527 11798 10839 13896 11308 1546 2017 9724 13668 5261 3119 4552 2004 9276 2501 
672 0 253 0 256 61 391 120 374 29 14256 1115 12755 11663 1389 7617 12382 880 10909 3218 3484 1370 3319 6507 2512 9165 486 4270 4431 7106 12830 13058 714 1750 14135 227 6762 14875 611 
673 61 253 0 256 128 391 120 374 29 14075 12764 8533 10872 12512 1105 4110 10316 5375 1435 5267 14460 6170 8404 187 11338 5915 14408 4159 9759 1888 1294 6079 2187 9238 7662 3896 4239 13927 
674 0 253 0 374 62 391 120 512 29 7218 13968 6201 12706 1212 6651 6643 1564 13009 7292 12211 13015 14615 9057 14927 8854 13323 14278 3192 5609 10121 11238 3678 4521 7279 569 4098 13444 9138 
675 62 253 0 374 128 391 120 512 30 12982 13635 11403 1864 5472 8699 9375 6983 3748 13102 13773 7038 12020 5442 8752 7591 7926 14163 8775 3390 5964 1634 10267 4176 963 1783 10704 11627 3004 14318 
676 0 253 120 256 59 391 247 381 29 2293 3154 793 8311 10156 9617 6007 11452 3949 7372 7828 13537 11898 13275 5846 14495 6402 13455 10938 5749 7597 6036 8196 11041 3836 1162 3660 10660 903 
677 59 253 120 256 128 391 247 381 29 146 801 14021 4995 4472 1255 4712 9367 2181 11530 6028 7657 4387 238 2215 5771 3366 12980 9914 7844 10844 11229 670 13478 285 4703 10160 13748 9787 
678 0 253 120 381 63 391 247 512 29 375 14516 3384 9232 12663 5892 7649 8177 10777 533 8191 2785 7964 1372 11821 3244 7457 3630 3144 7237 4707 5539 9497 7312 6313 12657 7015 3082 14600 
679 63 253 120 381 128 391 247 512 30 11214 328 12883 11637 5943 12936 12068 12966 276 70 158 7553 5954 2992 9288 4602 1549 1561 1468 8108 2900 14197 13953 7253 6050 11213 12639 5081 8896 11156 
680 0 391 0 256 61 512 125 417 29 11913 9885 11458 3703 261 11641 1432 8067 6936 9290 8023 8834 12904 299 4325 3016 8665 10905 9514 2266 6935 1624 9907 6233 12087 7908 4550 982 11506 
681 61 391 0 256 128 512 125 417 29 3172 5255 13351 7139 4883 2157 8558 11628 12530 10287 8313 1314 10887 1330 4985 14538 10418 7770 105 13205 4668 7703 7907 8976 10837 1471 14411 3702 3560 
682 0 391 0 417 58 512 125 512 29 11859 10870 5627 7855 2463 2055 8716 14587 12335 11900 6918 2361 10626 8350 3998 6111 13538 8391 1114 6701 915 12202 12780 9858 7798 741 8921 1756 9169 
683 58 391 0 417 128 512 125 512 30 14309 12538 3657 6014 8453 14362 7677 3642 6303 213 1283 11097 13182 6428 7584 12799 6845 14845 8426 3774 8543 14633 7541 6343 9760 1636 7911 10210 952 2641 
684 0 391 125 256 73 512 247 378 29 13149 17 14284 8750 781 8993 556 203 10854 14281 13219 6642 5718 7988 14046 3000 14193 430 10041 7394 10720 5319 9658 8090 11670 13897 7421 7972 14590 
685 73 391 125 256 128 512 247 378 30 4708 13737 12140 7437 10766 8244 5684 2786 8991 5196 4479 4336 9329 14099 9913 493 5322 10129 7431 14212 1773 11443 13780 4043 383 4937 6142 7017 4756 14312 
686 0 391 125 378 59 512 247 512 29 2539 10131 6059 6879 14597 5121 4593 11623 1725 6942 4907 7378 10095 10049 14424 1753 3430 13180 12840 1491 6660 4200 13554 14607 653 11666 8437 13915 12479 
687 59 391 125 378 128 512 247 512 30 10696 1412 10440 12461 8291 7127 7306 5450 216 295 14422 13212 9108 12222 11033 9904 1898 3951 13124 4350 7358 11009 14960 13299 5714 12685 9188 11131 8167 4154 
688 128 253 0 256 187 372 111 394 29 1851 12271 14018 13367 4299 4127 5759 3912 4904 12090 9317 12084 9559 9139 7758 5433 11132 7058 11142 10197 9864 12735 8789 7590 14522 5967 2410 12022 806 
689 187 253 0 256 257 372 111 394 29 7099 56 7655 12308 5292 12690 14047 5452 8383 14712 14789 4391 2940 191 6661 2177 5880 5691 10442 14921 118 334 9822 7978 13006 8635 2918 244 13510 
690 128 253 0 394 198 372 111 512 29 14843 7328 6563 7776 1813 7235 2530 1039 6158 6443 873 9588 10068 2414 10123 14425 5981 13795 2916 1182 4197 2341 2003 5378 3744 12539 14698 8781 4542 
691 198 253 0 394 257 372 111 512 30 5432 6016 12998 8289 4273 13497 5934 2131 2223 4514 5699 13615 13248 10309 5049 11198 10781 399 8808 3723 6093 13233 11359 8571 1395 9975 9168 2763 1824 6745 
692 128 253 111 256 184 372 247 372 29 14711 13461 74 14721 11392 8078 1196 11535 2746 1293 724 1474 4421 14844 9003 474 3907 11322 4751 10869 10564 8184 4045 8630 6319 5993 3333 2375 8188 
693 184 253 111 256 257 372 247 372 29 7741 2554 12605 9262 8998 6351 6883 3132 4225 11258 9630 5893 5456 149 9181 11065 7999 8284 2366 3396 10845 4646 11172 6010 12376 991 6187 3201 13005 
694 128 253 111 372 183 372 247 512 29 3214 14627 13590 7874 14661 5878 421 12973 5066 14520 10620 10587 9916 622 5093 11297 1338 8239 12298 11292 14001 6958 2828 5852 11548 10743 14780 1398 8469 
695 183 253 111 372 257 372 247 512 30 12143 7900 12671 6431 10244 8850 12164 11676 5129 13777 10855 6442 12667 4031 5039 12955 4603 10954 6150 13760 1260 1214 3599 10281 516 11540 10393 3400 12066 1605 
696 128 372 0 256 192 512 132 378 29 5416 9752 5491 2013 9037 12537 5769 7383 2542 5011 10431 8349 1933 7320 13116 12576 6279 13879 11462 9186 12749 7760 4369 13425 14512 5316 12672 6772 13865 
697 192 372 0 256 257 512 132 378 29 13857 9742 9676 7234 2933 10684 6539 10163 8220 7166 1938 8299 7860 8053 12095 9884 9555 5361 10099 9131 7031 2814 13063 6844 10085 12405 6033 13511 13475 
698 128 372 0 378 183 512 132 512 29 9546 8809 7090 11255 7696 4806 3549 12005 9162 202 9122 10152 7228 10343 10185 11296 7155 11138 5425 116 2706 10965 1135 3451 2357 13731 8215 8392 2316 
699 183 372 0 378 257 512 132 512 30 4287 10726 6405 5798 4065 4653 13634 6934 5522 9694 14551 12597 14541 10503 13845 5164 6800 10437 2591 3539 7879 711 4541 11177 13000 8069 5630 5387 14738 11851 
700 128 372 132 256 185 512 247 378 29 236 2190 1978 12401 12877 11284 1496 3892 14006 6327 10665 5042 887 3897 14995 3508 5440 11551 5288 7880 7785 13972 9707 5492 12895 8982 3956 3604 7792 
701 185 372 132 256 257 512 247 378 30 14728 10489 9097 5178 13179 1562 9749 13612 12529 14332 10895 6261 13381 6324 311 13717 12113 9077 9581 2232 14714 14826 8452 3906 13606 10857 1575 13018 2670 7660 
702 128 372 132 378 193 512 247 512 29 5619 3887 8445 11520 6174 9861 1198 1267 4821 5679 10375 13861 13327 2061 14669 13086 7094 3482 7528 12490 1280 14996 14513 12059 14161 3800 8143 6485 7509 
703 193 372 132 378 257 512 247 512 30 10299 8898 6679 8682 12375 3255 12716 10827 3594 3762 7519 7619 6765 8424 12221 10337 1929 10548 1635 12315 11653 1776 2967 9784 10694 12662 9686 12828 14305 13901 
704 0 253 247 0 63 386 384 138 29 9159 5470 5383 13543 10672 14601 5885 3348 7929 10346 7104 4182 9397 11950 9029 4582 9267 13274 1500 14381 13273 403 5069 2430 10483 11919 10247 6932 10029 
705 63 253 247 0 122 386 384 138 29 10169 13641 3351 4190 12819 2756 4265 3077 13560 14907 12134 2320 7548 13472 9672 6223 11804 13772 1671 12917 14693 3427 294 5502 11863 4990 14783 5060 11023 
706 0 253 247 138 58 386 384 250 29 12960 3627 12070 6391 1631 12815 875 13136 10770 10933 1084 4640 9213 5072 13340 9976 6382 11704 13317 11992 13401 2652 8425 6795 157 529 13699 11826 10283 
707 58 253 247 138 122 386 384 250 30 13304 6692 5078 13532 14138 738 9308 13246 7998 6278 505 11093 5243 5417 773 11182 11120 7055 4491 14052 9688 8223 6778 11203 7607 8713 12634 3844 3412 11485 
708 0 253 384 0 59 386 512 129 29 1145 4902 677 908 14055 8422 5118 13658 2917 5816 11780 5219 7298 3034 7362 10652 696 5529 4278 3474 4605 2635 11027 3649 13100 1313 11147 12225 3952 
709 59 253 384 0 122 386 512 129 29 5695 4366 14218 11303 2284 12548 6984 10496 7206 7119 12633 5418 10717 13142 10382 6842 543 6945 14019 5640 7184 2792 13448 11872 6734 6907 13630 2047 3775 
710 0 253 384 129 69 386 512 250 29 10366 11957 2132 662 10751 8360 8222 6000 5390 6850 972 1686 11136 12881 10359 14220 14005 6061 10043 6993 7248 3610 10805 13588 9297 5753 6352 12769 11820 
711 69 253 384 129 122 386 512 250 30 12794 7925 7629 12999 7116 5467 170 4781 12133 5545 8235 8132 8036 6298 3096 2656 8757 11994 10383 13566 3021 14563 10374 4468 8906 12337 14237 13209 13175 14074 
712 0 386 247 0 58 512 385 122 29 1083 9173 760 8692 12384 3134 4591 13101 14749 1642 12207 10139 11010 5763 8028 3658 14168 3109 11063 3048 14096 2261 5464 3673 6167 5103 11622 2796 1499 
713 58 386 247 0 122 512 385 122 29 7706 8529 7791 9090 14073 14768 5848 1785 5124 12036 7942 879 13072 13108 205 217 554 8722 10314 7354 5713 8640 10794 6195 4797 8842 3272 10994 10594 
714 0 386 247 122 57 512 385 250 29 634 943 4418 12475 9171 9406 9391 12001 12484 5296 7739 12727 3767 12935 11608 4826 3089 5832 10871 5629 12131 10959 8829 4025 13252 1729 9890 4306 8756 
715 57 386 247 122 122 512 385 250 30 14629 8527 6510 14370 14870 3670 12057 9372 6995 3247 12 777 5572 5298 12293 5972 2644 11967 5264 9349 344 9831 3526 6923 7595 867 2203 1619 3375 14442 
716 0 386 385 0 66 512 512 115 29 7162 10621 7596 4940 5437 5094 5003 4359 5750 319 5622 14503 13788 2134 1207 1174 1051 10545 5696 7980 196 4345 12517 6724 2491 7282 11017 2582 13747 
717 66 386 385 0 122 512 512 115 29 10842 2489 998 8721 8580 3937 9052 12440 775 6203 1862 11656 9198 9871 2309 7570 3350 11978 2354 7494 7128 701 3386 9203 13693 12349 1178 14949 10409 
718 0 386 385 115 56 512 512 250 29 5245 11852 3977 10707 3941 3462 7646 7181 6814 1071 13483 11527 7958 11673 1683 1749 2608 5277 2023 5284 2486 8651 14198 5936 10011 1769 5773 14811 4825 
719 56 386 385 115 122 512 512 250 30 1700 3124 5290 13771 14735 10513 13673 11263 14320 3098 5969 10910 13397 11888 7506 5632 1467 60 14270 698 3671 3074 11867 6243 11276 6793 8381 9020 1954 4037 
720 122 253 247 0 195 382 379 118 29 4862 4779 12938 4504 14272 12546 7301 10365 8216 9187 12230 9697 6703 11583 14923 4019 1734 5580 13045 14727 4592 8062 2253 6851 5647 8763 13565 8542 3322 
721 195 253 247 0 257 382 379 118 29 10636 3872 14802 11344 9418 13360 5314 3781 8164 6444 8644 544 13609 11098 5820 7314 14387 14461 286 9946 6365 8001 7268 12726 3712 6581 8342 8609 12627 
722 122 253 247 118 187 382 379 250 29 2960 1045 3544 10927 10829 2826 14041 13250 14736 803 757 5359 7857 3928 10067 12493 11283 7574 1986 12104 3078 448 11484 1880 13203 7955 2286 2043 2228 
723 187 253 247 118 257 382 379 250 30 1278 14148 4268 13730 8087 5320 8852 14917 3090 11880 3026 6272 7708 2605 6287 7566 8131 6038 14114 14715 7840 8992 14700 1159 3296 5557 1362 9075 13309 6726 
724 122 253 379 0 182 382 512 103 29 11225 4917 6301 11082 1565 1011 1544 3625 7485 10735 9756 13767 11429 10061 8110 445 4889 11053 10742 8561 6416 4747 3675 7245 6379 10984 12768 3205 4837 
725 182 253 379 0 257 382 512 103 29 4829 3433 1223 2171 14739 14234 10826 11068 6669 13623 4587 7295 9478 11285 3217 13834 8607 14710 1963 7887 335 9952 691 2399 797 14648 3126 2200 10663 
726 122 253 379 103 186 382 512 250 29 9468 3736 5263 14035 13412 13467 3621 8955 2162 11497 10505 10989 7704 7028 2550 9030 8837 9668 5142 4044 11896 815 8014 767 9144 4243 8655 10297 5477 
727 186 253 379 103 257 382 512 250 30 13850 9085 8690 11519 12160 14098 11587 11582 11455 2775 4260 4104 6721 4499 13625 11504 14227 560 14010 14641 14776 10377 7943 8367 13891 6688 12436 8370 1607 1728 
728 122 382 247 0 203 512 364 127 29 6019 3946 11383 4232 14825 4786 7288 14454 6592 13097 9634 1033 342 10574 13286 9035 2368 13168 10027 531 12210 13832 1714 10544 4064 13937 4173 7291 13610 
729 203 382 247 0 257 512 364 127 29 14174 11837 13383 9542 3831 5826 7375 12098 9577 11709 2810 6622 9855 14877 1809 12181 4556 9603 13295 7869 2493 12006 6987 13201 4289 1524 12967 3007 2682 
730 122 382 247 127 187 512 364 250 29 14866 12082 12054 6418 11920 5309 14072 8187 9174 8162 3485 9911 5829 3971 2678 9012 6685 5891 2521 10894 4478 99 394 5097 10096 1485 266 12823 10450 
731 187 382 247 127 257 512 364 250 30 10005 9847 1470 6326 6069 2571 2174 8530 34 6971 12256 10957 10778 11151 10436 4383 12462 5099 9341 7059 9713 11168 12809 13954 13629 13035 10257 6406 5186 1130 
732 122 382 364 0 196 512 512 133 29 6105 9010 11802 13229 2378 3546 11266 10154 13064 215 2734 12456 7495 6364 13403 12762 7565 9661 5941 13632 5008 4508 5655 5234 5729 7338 11816 6456 9479 
733 196 382 364 0 257 512 512 133 30 5033 2615 2607 8685 4733 14467 4637 14979 5351 1726 12045 14364 3359 422 6424 4968 12217 8115 3256 8506 5650 11777 10387 5757 14004 7676 12278 7762 10613 12931 
734 122 382 364 133 192 512 512 250 29 6725 8432 13688 5222 10606 13679 13502 877 6308 5535 3985 10631 7347 14489 8573 3181 14717 13281 7420 1937 8780 8094 10217 2830 9226 4583 128 8484 1930 
735 192 382 364 133 257 512 512 250 30 2386 9116 602 3278 7221 13736 5605 13846 11908 2773 1711 581 14511 7278 14241 9394 12078 2201 9933 11928 12465 1486 2573 5247 6718 11614 7850 13678 2142 4143 
736 0 253 247 250 66 372 382 370 29 6072 8141 14349 12287 6494 4678 5822 3213 4714 12969 4963 10145 11523 4466 12574 3276 2538 1825 10820 11701 3506 1684 13837 2732 3633 4341 12463 13438 4170 
737 66 253 247 250 130 372 382 370 29 14154 13726 4509 546 2311 5874 8797 2283 12047 3795 11688 14165 7089 7270 7819 14598 4230 151 8435 13280 12368 3421 2723 1784 709 4376 3187 6821 13540 
738 0 253 247 370 78 372 382 512 29 7707 14103 4061 4818 14567 10685 13156 9483 10531 5241 1826 1830 13989 6277 945 4539 6576 1754 7103 9517 6103 11596 4079 2467 8695 6847 2724 8566 1016 
739 78 253 247 370 130 372 382 512 30 12029 6248 4531 11160 4683 5195 8645 11004 10758 10429 4930 4313 12304 8983 6583 5074 3851 10761 11155 12178 5862 12979 2407 10118 8371 145 4195 14250 13492 3012 
740 0 253 382 250 70 372 512 363 29 267 1858 6296 179 5727 259 4875 10785 2088 9948 2040 349 11461 13282 10198 8107 11838 7604 1252 4279 11736 4516 5207 5032 11496 6579 2048 138 13251 
741 70 253 382 250 130 372 512 363 29 6917 2742 4764 2342 2213 2374 7093 90 2664 8910 12032 13866 8051 13573 14529 1669 9510 4406 14348 11288 7529 635 13481 3480 8236 10706 5983 1717 1780 
742 0 253 382 363 63 372 512 512 29 7965 837 1028 9714 14183 340 1655 1925 7567 11382 5441 2693 1360 6463 8711 10263 5975 12421 8920 3450 8393 12912 13594 5594 3558 11716 9421 7194 13082 
743 63 253 382 363 130 372 512 512 30 4255 6411 2381 4198 6024 4553 4919 293 13194 2360 12857 14299 11489 12974 11424 7845 8256 13057 4358 2654 7474 11410 13647 9101 9432 3737 357 517 3017 10944 
744 0 372 247 250 64 512 378 369 29 13550 6894 10960 3237 11819 10458 471 2954 2412 4493 8043 9981 12644 5105 3801 10353 14078 3919 13460 4717 6305 9815 6803 3727 12040 8765 2310 2735 2123 
745 64 372 247 250 130 512 378 369 29 2649 3471 11525 2089 14317 494 10556 9145 12846 3808 5966 9849 12237 10026 7192 4213 12686 10899 2438 3939 5834 6459 6392 12146 13036 5348 3148 2269 9770 
746 0 372 247 369 62 512 378 512 29 11805 10611 257 5697 8697 515 8963 7536 11700 1579 13200 14809 13904 12432 8783 11361 1679 8103 1901 2126 12993 13998 3479 2140 3288 11013 1000 4397 956 
747 62 372 247 369 130 512 378 512 30 9063 3003 13166 4222 1542 8518 9761 6357 1262 4056 4887 3369 4636 12887 3180 796 3891 14153 10906 7952 5841 4016 11015 6450 10223 12418 580 4323 13955 2808 
748 0 372 378 250 64 512 512 370 29 13297 10979 1103 13555 2423 3773 10125 7422 7308 9860 5971 10355 12491 8623 1284 2898 11076 8871 782 3734 6157 12567 14860 11020 3325 11488 8002 13196 10638 
749 64 372 378 250 130 512 512 370 30 10494 4126 9641 6462 1539 3136 271 14151 6963 3398 290 4475 1527 8900 8849 12369 14686 2062 7747 7296 1447 14959 10523 4647 4324 1525 11555 10004 9482 13546 
750 0 372 378 370 85 512 512 512 29 12446 12585 2458 2388 5548 9513 1165 4102 886 4638 3438 12353 10618 14548 12257 13933 11165 1993 4272 7715 3848 8614 10623 1183 6605 3332 5070 13008 5599 
751 85 372 378 370 130 512 512 512 30 11959 8221 12454 10228 12451 9164 13447 4338 13436 14808 14029 11052 482 10037 2285 72 11869 9631 4823 13687 9611 8010 4093 1560 14392 10662 8061 2719 699 1505 
752 130 253 247 250 195 398 381 375 29 14117 5324 12611 3478 14621 8806 8899 13829 4816 12592 6683 7309 5525 1068 7742 655 4000 13696 8772 333 3796 7482 14628 11342 3867 5738 10633 9278 12189 
753 195 253 247 250 257 398 381 375 29 1958 8893 2275 9201 13539 2488 13753 7126 5047 7621 7515 12378 14169 4497 6153 5514 11803 4152 14769 11576 10269 9821 10157 13830 425 10008 2514 6026 7921 
754 130 253 247 375 184 398 381 512 29 1232 6235 14393 1458 13345 7640 7903 1037 2178 11809 4609 11925 5784 3568 11828 1126 12285 14680 2526 14403 3226 5528 11976 7359 6020 8639 7271 222 10171 
755 184 253 247 375 257 398 381 512 30 6332 13110 2507 3572 2597 3015 2975 7691 14549 13255 3738 9553 11113 12566 13844 9270 13311 13971 14051 9039 28 11368 5724 2997 14012 12825 4796 2202 32 5608 
756 130 253 381 250 187 398 512 388 29 14897 6073 13963 2085 809 11500 1080 6900 2999 13092 1220 7054 223 9225 10065 6863 5256 497 5737 11234 8731 10942 7754 9735 9622 11549 740 13051 6412 
757 187 253 381 250 257 398 512 388 29 561 11864 14654 9135 9521 4612 1270 12811 13410 12174 2984 10883 14293 2666 7004 13103 6039 12343 9128 9882 7724 7531 4304 6906 4839 1698 6719 3641 10860 
758 130 253 381 388 200 398 512 512 29 2033 2042 11824 2425 3472 4214 12075 10137 6063 4125 4157 2373 14031 4799 2965 14389 4388 4691 2552 13847 2274 7390 4713 3266 12763 9407 5220 3574 10456 
759 200 253 381 388 257 398 512 512 30 7382 5552 7220 14491 1603 13671 2115 7453 12198 2568 4012 7242 7170 10236 8735 1559 13889 8428 9389 5445 8606 800 3321 13513 6159 10093 12640 10357 14938 230 
760 130 398 247 250 196 512 381 380 29 8764 13864 1871 13642 12021 477 4365 10658 3234 11696 13002 2911 13926 11414 13906 1013 10557 5938 5823 11687 15 12533 1599 5578 6242 5897 8674 12064 5658 
761 196 398 247 250 257 512 381 380 29 10862 11248 13659 13150 1227 10338 10477 5023 7353 14747 8835 7883 2212 4461 2771 9733 7370 715 5484 13207 3629 633 831 14401 2704 1853 10187 4626 12485 
762 130 398 247 380 201 512 381 512 29 924 11437 2752 12984 6956 14931 2104 11599 2037 7202 10966 12691 5368 8812 5720 10276 14453 3776 4573 974 9249 10010 464 5407 3434 14977 13257 14762 11833 
763 201 398 247 380 257 512 381 512 30 1955 12506 12145 8679 7750 8863 6522 5694 7745 256 7469 4965 11993 10132 14455 4408 11254 14202 1022 13782 10990 14630 6473 14139 12626 1983 9612 11161 10380 5777 
764 130 398 381 250 182 512 512 380 29 14289 4072 337 14219 11966 11050 14611 599 11584 3379 10076 8778 1610 7821 5711 2355 13259 13759 5510 316 8617 13677 10725 13932 7321 5642 4240 10592 6938 
765 182 398 381 250 257 512 512 380 30 4446 470 11207 1377 3838 10950 14526 6779 11917 2819 9284 3932 11934 10709 9506 12889 3410 14820 1104 14186 7195 12238 13495 4774 13104 12873 5944 6695 14435 1746 
766 130 398 381 380 199 512 512 512 29 10424 7890 1132 3020 4005 7725 5945 1176 1301 9650 4237 9873 4015 14697 7848 8823 13398 2626 4378 6009 4247 10752 2225 5300 3385 9806 10232 7645 9687 
767 199 398 381 380 257 512 512 512 30 12814 12630 3504 12194 5242 585 13611 5703 8672 8133 13899 5055 6227 9924 13619 944 5519 9448 12985 12933 9853 2505 14822 3993 11192 6761 1149 13862 3263 8276 
768 257 0 0 0 326 142 130 116 29 4301 851 8874 11402 9067 12842 779 11257 4084 10591 13923 11842 8956 2387 7488 8204 8568 14122 3688 13976 1628 5530 14606 6368 8415 6366 6 13988 12772 
769 326 0 0 0 377 142 130 116 29 11597 12249 14558 1996 747 2214 7 14170 1014 326 7280 13694 2833 3069 3488 87 1315 12834 361 2964 14083 11769 4500 4257 8613 2095 942 14916 4848 
770 257 0 0 116 317 142 130 252 29 6720 11270 13056 13407 10492 7079 6503 11505 8120 4966 194 7247 5002 7559 6221 9064 4641 13453 7199 11689 9051 9396 628 13153 8590 7920 10616 1385 88 
771 317 0 0 116 377 142 130 252 30 8666 11561 4448 234 13791 7157 10666 10403 3777 4802 4931 11891 3756 5041 314 1876 10549 12509 11590 8121 9705 14761 6464 5613 4745 10176 8268 2312 5238 5228 
772 257 0 130 0 328 142 250 116 29 9854 5888 11654 8669 1676 2831 13704 9233 14767 2082 2798 3452 2913 5961 7057 6809 69 9199 1835 1523 10432 6056 7193 2548 7113 1759 2065 6065 10838 
773 328 0 130 0 377 142 250 116 29 1364 14119 2687 3835 8218 7241 6300 2485 10552 7310 14664 2695 13838 4831 2072 10793 11187 1828 14757 1764 14814 9229 188 5677 500 666 7713 14941 12362 
774 257 0 130 116 315 142 250 252 29 5950 10038 5013 9996 1378 9646 13776 5793 2973 8138 13824 970 4734 9999 7503 5562 2948 10897 12643 6161 10528 1336 5419 378 4762 11181 9277 10622 8153 
775 315 0 130 116 377 142 250 252 30 1998 839 13088 4899 11118 10303 3414 12736 11211 2776 8168 2985 3789 9625 12072 6143 9476 13505 3745 14189 6346 524 5659 12124 40 4042 12042 5566 10945 6615 
776 257 142 0 0 319 256 128 116 29 1060 338 7156 6555 597 13655 14288 3370 14830 9985 13019 1541 13388 3335 5761 2348 12868 11302 8864 4175 1350 4022 5184 13022 10478 8565 12467 7624 5886 
777 319 142 0 0 377 256 128 116 29 13140 7374 7986 8288 7067 5987 1229 11306 4903 13822 367 9082 14076 13645 12259 5018 3289 9928 101 6333 1620 8922 2302 2751 1298 7577 10763 4354 6497 
778 257 142 0 116 328 256 128 252 29 10086 5459 8363 9726 14665 1202 927 2578 1374 913 1931 13751 11389 6162 1637 824 11946 8485 9487 6878 6475 7552 7456 11315 13405 5673 12594 6414 6769 
779 328 142 0 116 377 256 128 252 30 12939 10527 5136 11281 12615 9895 6479 9175 2639 9683 2479 2903 5214 11174 4174 1689 12379 1445 9501 13260 9404 8479 6449 8531 12790 11417 8741 5017 10654 9744 
780 257 142 128 0 318 256 250 122 29 11731 6529 14890 2250 1520 9779 6738 12787 9435 3590 3974 884 5625 12360 10246 893 14908 5396 2855 13535 14788 4561 12932 7523 1752 8596 10310 20 1905 
781 318 142 128 0 377 256 250 122 29 1200 5422 847 2549 13873 5175 14719 1305 6886 11611 11948 2647 6492 6400 9523 9973 8799 7909 11373 9318 1617 3987 5719 7849 10166 3532 10788 5676 10088 
782 257 142 128 122 315 256 250 252 29 13418 1286 4844 13087 12635 3308 14813 9788 9219 11841 10928 5515 14384 3915 14094 8091 5672 5800 5649 10013 11230 9654 1097 5083 487 13797 44 13417 4710 
783 315 142 128 122 377 256 250 252 30 11128 13701 1195 4462 9104 14723 12058 4709 2922 6816 2128 3064 14817 9279 11480 7716 6208 5825 3280 6730 6274 10135 12115 3380 3813 4513 7768 10479 2659 9803 
784 377 0 0 0 430 132 121 126 29 6871 3457 8189 14500 3338 1087 2024 10573 13325 186 6131 6966 2079 8493 5201 1503 4314 6018 8683 14297 6599 13023 4116 435 1264 557 4976 5218 9663 
785 430 0 0 0 512 132 121 126 29 1201 9934 12747 8999 7391 10571 9539 12371 10830 13160 6262 11179 4256 428 7114 10448 1450 2471 13372 8555 6654 5687 10688 8466 1662 7414 1065 11202 5257 
786 377 0 0 126 441 132 121 252 29 14466 10194 8459 5279 6933 4139 4288 11990 9177 13869 10934 6292 8838 11944 12851 9901 3634 836 7862 7293 10438 929 2163 253 14340 13278 2345 11029 8802 
787 441 0 0 126 512 132 121 252 30 10645 8861 4140 1790 9926 6737 9192 11702 14497 8687 14881 1101 2611 13820 6667 1428 12229 4322 13536 1838 6122 14709 22 695 3159 1024 1697 1793 5567 4758 
788 377 0 121 0 426 132 250 130 29 3030 8646 12320 11327 1897 5521 10904 1096 12120 10028 6620 2263 3221 12688 3216 5449 2151 1707 9848 789 190 10584 3466 11750 7974 8755 4518 735 969 
789 426 0 121 0 512 132 250 130 29 13640 8662 49 12744 7737 9265 13907 6860 6750 12783 6881 4001 13223 1107 12754 4689 14533 13254 8932 12656 3601 1581 10493 4697 13017 10 833 12364 6609 
790 377 0 121 130 451 132 250 252 29 12363 305 14448 2565 13893 3499 1672 5533 13080 13235 5301 10509 11353 11365 588 8865 6396 14182 14164 13519 12290 2862 11518 3353 11885 1964 9117 11968 1991 
791 451 0 121 130 512 132 250 252 30 3530 9292 6893 4569 5743 125 2936 7049 3492 11557 1302 13840 14518 1239 12986 12118 4441 14879 14365 7522 4724 12013 12466 14862 2236 9156 7020 11360 54 7542 
792 377 132 0 0 440 256 130 125 29 8953 2440 9568 2091 6915 12396 6403 8232 7102 11862 1111 2791 1492 11039 10278 9310 3228 5401 7749 284 4694 3329 10341 12305 7317 8888 13978 11070 3405 
793 440 132 0 0 512 256 130 125 29 13266 8346 1169 11134 11912 11332 4367 2579 7516 4340 5160 9359 5302 9120 13170 973 5403 8106 14351 10537 7994 14737 12400 3681 8536 8451 7774 3895 1948 
794 377 132 0 125 450 256 130 252 29 1719 7424 2744 11749 12323 12448 389 4876 6370 4586 11865 14614 9763 12263 4805 10690 9989 4185 4486 81 4892 4423 12086 8507 14956 6515 13975 9040 10560 
795 450 132 0 125 512 256 130 252 30 2156 12435 525 5150 1002 5602 2909 7846 14069 1563 763 5526 4661 136 8175 8625 7406 4720 3116 12742 11060 2941 4356 7311 12870 13723 14011 559 14770 1981 
796 377 132 130 0 455 256 250 139 29 8080 964 12829 10683 4133 3523 152 11421 7426 13524 1779 8171 8113 3475 122 13689 2864 7337 3419 9257 1339 7393 8271 4348 6774 4041 746 2101 8670 
797 455 132 130 0 512 256 250 139 30 2781 3279 7371 13946 10083 6286 5283 9294 11616 10181 10312 3665 3970 6151 8678 6288 13922 5926 13828 4566 5161 1692 9557 4153 5689 3683 8954 10760 6477 8924 
798 377 132 130 139 428 256 250 252 29 6546 8917 2431 3645 13942 10078 3235 10814 3823 33 5115 2774 6547 5127 13849 12144 11253 11282 4700 13995 10783 8124 3440 11776 10729 2 104 4305 1027 
799 428 132 130 139 512 256 250 252 30 10825 6717 10208 2598 678 2901 2435 8060 1976 2788 13812 10162 2492 5661 5253 9303 12103 6702 11846 8449 11474 4385 14490 2603 13228 7442 6487 10284 4836 13508 
800 257 0 0 252 316 130 137 374 29 6964 7140 2923 587 3164 7489 6585 13202 2346 9835 11565 14517 8327 13490 9843 6048 5244 5285 6649 5451 10500 9958 7129 11433 14650 2596 8827 306 343 
801 316 0 0 252 385 130 137 374 29 9328 1530 11633 2000 13198 4494 6505 14465 2230 2809 2027 4032 5073 11534 7486 6029 4315 7717 13764 12651 1141 8338 9561 5819 4379 5762 4215 12442 10983 
802 257 0 0 374 326 130 137 512 29 2198 1902 14521 13643 5818 13715 4850 1758 7363 2395 9161 12676 10204 7806 14891 12729 13749 8031 13695 13728 12884 13474 5546 11014 9877 5162 6687 12406 6624 
803 326 0 0 374 385 130 137 512 30 3043 10001 29 10191 10100 8482 11847 9955 3324 461 12740 8180 11572 9560 10698 3923 7476 12149 3869 865 9516 3524 5149 7800 4068 3916 3758 10323 366 11909 
804 257 0 137 252 327 130 250 380 29 13120 8413 6040 12316 7953 7656 6092 7012 9768 5847 12928 601 14157 4543 1439 939 11764 6759 8889 6854 9867 10476 218 5386 13131 8895 14064 7413 4898 
805 327 0 137 252 385 130 250 380 29 10279 7493 6448 11874 7463 13374 410 3815 2702 6812 1612 9485 12561 665 12728 13745 11575 2835 9298 5250 2481 13263 7368 8886 2218 7902 13128 13415 2993 
806 257 0 137 380 326 130 250 512 29 12588 8 959 783 185 9886 11648 5266 7071 13244 10890 1236 5100 3227 144 1091 10087 14310 12200 14880 14274 9190 14175 12471 3106 7526 4428 7325 3905 
807 326 0 137 380 385 130 250 512 30 7502 10748 1009 7722 4512 8125 10128 2465 7161 2589 2469 12329 1946 13306 6347 4470 4909 6407 12683 4878 12528 7521 12195 8304 5494 5466 4330 1768 2182 6348 
808 257 130 0 252 320 256 126 395 29 11426 1890 11149 9268 1895 6568 921 3753 13296 8359 1327 4339 12795 6281 12510 3402 12827 4236 1943 8340 13382 5824 5187 1795 2699 239 3586 7610 14690 
809 320 130 0 252 385 256 126 395 29 8515 3997 3315 9942 12204 7899 607 12774 6631 13060 4594 4052 652 14254 5542 14306 4945 7752 8740 5962 11435 5381 3778 2332 1608 12848 10182 10767 11450 
810 257 130 0 395 321 256 126 512 29 7016 5850 8919 6699 12148 8816 13310 7561 279 625 9055 1704 12838 1701 5682 13332 5931 12558 7436 14209 9202 4726 708 11890 985 9193 12338 11046 2817 
811 321 130 0 395 385 256 126 512 30 2371 7138 9990 1585 473 12332 12771 8603 2447 13940 304 14020 4654 8065 12563 8632 5863 9119 6604 2882 1903 1611 4100 14824 14893 10886 7484 14048 3540 9757 
812 257 130 126 252 324 256 250 344 29 12089 13983 2161 4395 2008 2928 248 9876 10006 9865 5965 1900 9380 1913 11059 3538 8230 14725 4038 7659 5910 7668 5282 2442 11045 11571 11425 2767 3146 
813 324 130 126 252 385 256 250 344 30 9314 6452 345 7204 4162 14586 8305 6051 6273 43 3415 10379 1392 9655 14616 3792 4957 3853 620 10525 1887 11883 7448 4329 8660 2369 5056 4393 3265 11635 
814 257 130 126 344 308 256 250 512 29 10851 1638 12606 9919 1595 8633 1827 11674 2692 2219 12855 6825 12425 1272 14509 14000 13958 13567 5636 11982 3219 8464 9469 6775 7936 6237 2529 11856 2547 
815 308 130 126 344 385 256 250 512 30 1578 13476 7940 6386 4814 12266 1343 11395 8652 5188 97 12317 9146 10920 13672 9872 13574 9014 2433 3804 11075 3730 11231 11301 10158 1489 3394 9151 11546 12333 
816 385 0 0 252 429 127 139 374 29 1137 7243 7782 2424 10426 2130 11936 2842 4131 6700 7009 13211 13871 4890 12165 11560 5988 8928 11680 1088 5735 6668 12101 2974 4148 7919 7632 6099 4114 
817 429 0 0 252 512 127 139 374 29 10718 9001 11845 12356 7499 6530 1237 11295 3346 13823 10598 11058 11748 11088 9021 9246 3570 5365 3705 986 14322 10335 11191 283 1475 11538 743 8587 13601 
818 385 0 0 374 441 127 139 512 29 3980 232 3666 1433 14766 7409 7701 458 13169 13328 8885 1299 14570 11362 12797 9573 8473 2434 4027 4657 4658 6941 282 6430 14620 6306 9589 11567 4009 
819 441 0 0 374 512 127 139 512 30 4773 10143 10460 12956 4473 14596 5260 949 523 11247 10373 8058 12429 9036 11914 1639 9302 563 5089 13638 12746 4394 3404 3331 6520 7551 12953 3437 1059 7133 
820 385 0 139 252 440 127 250 391 29 6049 13987 9240 2592 12417 8858 11444 11363 6678 9464 9140 5200 3507 1156 8064 251 12218 5197 14269 6496 12377 6493 9321 7930 10411 1771 274 4122 3131 
821 440 0 139 252 512 127 250 391 29 13308 2450 356 7397 6929 1691 14569 1368 13457 12698 10358 12793 9923 8768 5191 10864 12737 5345 8142 13944 567 1770 3091 9775 2475 11249 9610 11999 7332 
822 385 0 139 391 452 127 250 512 29 8766 1953 1393 4859 4180 10209 6320 1413 3250 1106 9032 795 11830 7222 10508 6548 4142 2881 511 4349 5986 13561 11791 820 7801 12267 11051 8252 10329 
823 452 0 139 391 512 127 250 512 30 1652 661 10702 4648 4130 5488 13691 7088 3013 12331 10972 5536 6674 7896 346 12254 6260 450 173 1678 10937 6461 9943 7082 3612 9002 14531 14729 13247 13183 
824 385 127 0 252 461 256 123 380 29 9618 6514 9550 7847 324 9525 2256 8990 11011 7512 4277 1184 1990 862 2650 50 13477 13190 10647 9080 14120 14324 14639 5356 1094 5246 14957 8619 8322 
825 461 127 0 252 512 256 123 380 29 11691 8616 11922 9426 13821 12684 3682 4464 6323 12041 7501 10381 5254 14056 2129 9977 6996 13050 3661 176 2832 12480 5782 11490 13665 3623 7769 3884 7207 
826 385 127 0 380 436 256 123 512 29 12192 9420 2745 2270 11129 7534 6544 9974 878 4652 5354 9937 9127 9184 5374 6212 12306 11278 10378 3644 13938 2574 9769 411 10190 14647 5909 8643 9072 
827 436 127 0 380 512 256 123 512 30 6472 582 3376 10000 5812 13377 5259 3676 14869 12891 10570 7688 7169 13098 9424 6136 1225 11960 1873 13491 10012 3264 2240 931 4194 11026 3780 3731 6771 676 
828 385 127 123 252 447 256 250 379 29 8516 4285 3934 14925 12850 6857 10427 10414 8227 7214 8465 14583 11524 3577 14507 5789 5919 8825 8011 3566 9607 5157 8041 4495 12673 4271 8584 6361 11418 
829 447 127 123 252 512 256 250 379 30 13564 9200 11381 12525 5912 7606 9230 8389 12717 7112 8033 6999 14087 5768 3316 9386 3382 12532 77 10641 13690 10470 2637 6741 10293 10150 3883 14199 14441 10896 
830 385 127 123 379 463 256 250 512 29 1066 4264 3791 7912 5984 13253 11354 2865 4316 11066 6284 423 734 8801 1210 7780 5653 5151 11404 11466 9379 8576 9143 13034 467 2994 14987 8420 5844 
831 463 127 123 379 512 256 250 512 30 882 13343 11387 6714 1118 9371 2036 8463 371 13705 9006 12645 4298 1289 12526 1290 14806 13111 5053 13836 7239 4932 1731 6833 3527 6637 14221 11699 13012 12582 
832 257 0 250 0 315 125 370 113 29 7480 8790 5942 2154 7612 12497 3788 9902 1627 11419 4978 5216 4551 11208 1529 4613 132 400 5336 8951 3494 1050 5065 6768 5879 4483 2870 5922 10916 
833 315 0 250 0 385 125 370 113 29 2420 4877 5643 9637 2570 13947 13300 1 3505 11166 8310 3979 14101 12925 233 11916 10319 14187 11371 3463 2793 5372 5927 9337 2606 14536 13595 109 7599 
834 257 0 250 113 312 125 370 251 29 7985 1179 2382 3742 6178 12862 4113 645 14508 14172 1837 527 1718 14339 5895 13214 5628 229 9013 9150 8791 4954 7008 3757 3654 8410 10722 5725 13514 
835 312 0 250 113 385 125 370 251 30 4333 10756 11983 2520 13285 4171 12008 5358 2669 9369 4728 7075 13375 9443 6309 10608 11215 9940 9417 2173 2443 7178 2408 3875 3033 8696 5323 6080 2477 8805 
836 257 0 370 0 316 125 512 105 29 9214 370 11206 13206 4189 901 10691 1815 5230 4212 9972 10680 3083 6253 3908 8176 6612 224 7941 10177 12753 7808 7976 2064 359 6887 4138 4106 11970 
837 316 0 370 0 385 125 512 105 29 14158 12554 5554 2660 5574 6979 8700 9195 11973 9319 2553 3587 12498 13348 4527 13338 2516 1889 455 7081 1425 5959 5634 10289 7705 3882 14851 6677 7046 
838 257 0 370 105 314 125 512 251 29 143 2924 12977 1127 576 12330 5591 9700 10812 3259 1158 586 526 2338 11619 7364 4457 13316 13592 4682 7651 8348 3468 881 10963 2011 3580 12796 1109 
839 314 0 370 105 385 125 512 251 30 11057 14097 14671 5923 9917 8727 2943 2097 1511 14363 2628 10817 13597 11114 8285 12972 6331 667 7959 10270 2504 8706 1537 200 2856 7232 14459 565 13768 8868 
840 257 125 250 0 329 256 382 111 29 7957 12731 8401 4801 11228 4525 7417 4982 13342 551 6031 2753 10632 6957 5388 4498 8980 12943 11400 8659 6359 11477 3293 14432 7671 10345 8968 3920 11703 
841 329 125 250 0 385 256 382 111 29 11818 2840 4146 5873 1514 9899 7334 4150 13487 5746 8826 4006 8513 6948 7151 12252 1077 5990 5744 9645 2472 1036 11218 981 13804 11636 12394 3958 2725 
842 257 125 250 111 314 256 382 251 29 11185 9427 6930 6214 6916 7286 7871 3150 7866 12874 4248 722 11377 11232 9324 2872 10193 5076 9591 13324 9231 377 10174 12503 728 11943 4994 14653 10982 
843 314 125 250 111 385 256 382 251 30 12168 6091 6978 8308 5709 2365 14609 10997 9178 10301 14564 14903 3330 3138 8737 10867 2446 12403 12905 14224 759 7141 5145 6953 4537 4420 1329 13575 13161 5028 
844 257 125 382 0 312 256 512 137 29 7962 14685 164 948 11267 10482 5585 11018 7829 4777 12344 535 10912 4589 3861 3955 11705 12701 10581 5896 2971 2905 14057 9503 3651 3095 13007 3770 536 
845 312 125 382 0 385 256 512 137 29 6925 432 9786 14449 8997 12062 1151 11021 11265 1417 6394 9619 7498 13841 12096 8362 10167 13977 7025 5900 818 6490 1143 5621 3910 5436 8358 2581 4771 
846 257 125 382 137 317 256 512 251 29 11661 9419 496 540 6495 8441 11413 1966 6046 6927 8698 14920 5524 135 13571 3022 5481 10487 7153 12598 8732 12452 2397 4411 4742 11725 9624 7061 10971 
847 317 125 382 137 385 256 512 251 30 6676 8375 12607 591 10962 4869 13752 13106 1939 3715 14222 1821 4597 12296 7250 9598 1772 9709 5996 7238 6197 9613 2614 5405 4266 4160 2780 12511 7148 10179 
848 385 0 250 0 438 137 371 148 29 6289 10686 6446 5501 7085 8664 10231 5991 8702 9905 2046 250 10981 6949 7152 2648 9362 7873 11664 1493 8040 9053 14016 3312 7614 3811 9767 7445 13466 
849 438 0 250 0 512 137 371 148 29 10856 5209 3606 5833 14248 14580 761 14652 14195 6607 6550 13084 10168 12913 8629 6112 2249 7205 3628 2983 4396 4440 7396 13796 2655 6004 5360 4481 4522 
850 385 0 250 148 436 137 371 251 29 9402 1034 8136 10841 4326 226 13714 11092 5040 3028 909 13842 3531 7579 3849 3392 3031 11456 10929 7592 11130 3692 10858 3006 1193 12228 8440 14585 4622 
851 436 0 250 148 512 137 371 251 30 727 12636 3238 1090 5274 3794 5523 9896 8521 14952 9653 429 12109 11476 111 9183 11743 11658 11569 14675 12272 451 6527 3147 10977 1427 59 9819 13709 8975 
852 385 0 371 0 454 137 512 153 29 2839 10901 5558 11585 9870 4400 4490 12365 45 13819 14605 14785 6466 2323 5307 10033 3295 12412 12957 4078 398 1043 9111 2990 9320 3204 3700 5612 9667 
853 454 0 371 0 512 137 512 153 29 14104 521 9376 14905 9492 2623 7132 11728 10363 7905 14898 2135 1409 12788 6410 7117 5399 300 13516 5792 7023 11378 9721 12637 12197 10017 3065 331 4389 
854 385 0 371 153 450 137 512 251 29 1170 10265 1354 613 11836 7027 14179 13603 6896 14477 9639 4972 12867 7549 12155 4675 14994 210 2063 156 1282 4503 260 3139 3564 12861 13185 307 10753 
855 450 0 371 153 512 137 512 251 30 7273 5198 13587 11588 14562 11003 14196 10834 7355 2470 11714 3784 1807 7281 12325 6271 7766 14458 12903 12205 671 11986 1882 2237 57 8224 9008 11531 5870 1602 
856 385 137 250 0 452 256 392 139 29 13880 10848 11109 171 12299 13792 11164 3018 7483 3571 4868 5468 2111 2966 8249 3550 14965 1424 4624 9255 5044 9237 11726 9216 11244 6419 4914 9384 7472 
857 452 137 250 0 512 256 392 139 29 8273 13572 7136 876 7244 8396 10107 954 3110 4134 13914 7811 10815 9409 13716 14382 2748 7322 4426 5576 12048 1355 9810 1007 8818 2363 6269 9868 4663 
858 385 137 250 139 444 256 392 251 29 11190 6317 12291 12696 10452 5143 10807 1584 13347 14858 13465 6270 10799 1429 5730 5221 6789 10569 3117 14386 6330 6395 4415 8903 898 13044 5226 2953 4123 
859 444 137 250 139 512 256 392 251 30 10775 4604 1300 6638 1865 14635 19 7836 12732 12871 9096 13525 12265 12318 3303 7350 5088 11796 14734 9017 8444 7533 5132 67 13 11861 479 6015 13081 14252 
860 385 137 392 0 445 256 512 126 29 2716 8052 211 11323 14801 7608 9074 13154 9031 9474 1261 8202 212 11110 12741 1240 1650 3797 10589 1977 14506 5641 13148 1999 7540 962 5683 5906 1335 
861 445 137 392 0 512 256 512 126 30 2005 6097 14155 9615 9245 14724 10595 10884 5071 4739 6388 4293 8403 8111 9565 987 2238 13237 8467 8257 9593 14372 130 13729 5712 10401 9132 9889 10771 13033 
862 385 137 392 126 446 256 512 251 29 6240 1317 8822 4660 3611 9018 11233 11868 10214 3428 7859 308 3036 13078 1042 10175 8193 3552 13021 11101 11240 1246 3929 14800 1583 5668 12171 10277 7897 
863 446 137 392 126 512 256 512 251 30 9239 14944 6106 835 5958 7678 3424 7581 812 14217 381 5180 263 11621 3156 9368 9005 11310 2653 2413 7077 7376 193 3537 3847 3019 4775 6593 4303 3206 
864 257 0 250 251 320 127 389 386 29 4097 9484 9681 8948 13339 10245 5547 460 12962 14823 7944 7290 6872 5438 11478 14258 616 2946 6360 504 6067 12911 10615 7159 13449 9967 11939 7427 8042 
865 320 0 250 251 385 127 389 386 29 5171 2168 8242 1190 14443 994 10362 4690 7723 10657 2910 14853 11971 11111 14617 384 562 14904 9416 6384 694 14251 992 11280 2749 7033 5715 11210 9620 
866 257 0 250 386 319 127 389 512 29 8800 10736 7797 2594 9496 13394 10165 8307 4568 1833 3613 13177 14885 13484 3643 6951 10956 13627 10447 6205 1438 6145 11043 10655 5223 4763 3409 13779 7598 
867 319 0 250 386 385 127 389 512 30 392 1203 11556 7971 2084 2195 8719 4519 8618 6186 10400 11472 13378 6541 10802 11154 13596 14775 1296 7865 932 12492 4949 13413 7504 9504 11594 12319 7803 5054 
868 257 0 389 251 326 127 512 381 29 13581 7217 9033 4246 14113 6118 10554 12326 3782 2456 8295 1881 11878 5453 11618 5887 9124 9142 6199 5014 9827 4447 3246 12542 10062 8211 7877 7252 14961 
869 326 0 389 251 385 127 512 381 29 2137 7158 11180 2907 7557 11854 6071 7842 4526 8070 2113 201 10111 12262 13697 6116 4374 12243 1816 14502 3449 2272 3425 2155 3236 14239 5229 12642 2620 
870 257 0 389 381 313 127 512 512 29 6057 8212 8186 4815 12018 168 8537 12552 14884 3584 7466 5843 13706 4667 4927 1406 13363 91 3841 13055 6614 10754 14347 14045 11570 13870 14565 5430 10629 
871 313 0 389 381 385 127 512 512 30 9084 10141 10913 12281 2050 528 14804 12063 1396 11734 9712 14404 4547 9569 5380 8786 1035 1934 1513 10221 13621 5814 8487 2054 2726 3983 12719 2356 2846 9459 
872 257 127 250 251 324 256 371 361 29 7856 2560 12112 9345 10243 1379 5169 6950 5012 13618 9649 13918 8538 107 8869 9194 11685 4617 10675 14556 10996 8512 4003 8918 7475 9212 11625 9364 11498 
873 324 127 250 251 385 256 371 361 29 11933 5112 4886 10907 11036 4842 12193 13024 9473 539 2148 12713 9616 8263 7367 2789 6120 11454 12765 686 6991 5057 10593 13551 7554 2118 6912 2714 4184 
874 257 127 250 361 335 256 371 512 29 13014 3617 13585 11186 4808 1461 11216 12185 5202 6657 2893 3768 11681 416 14934 3857 195 8528 1528 12158 278 4705 1348 12307 14926 14471 3874 3820 2394 
875 335 127 250 361 385 256 371 512 30 3694 11855 11047 1345 12964 11133 1403 8474 6982 13526 9982 6027 6502 12161 5352 5370 2945 9019 5091 4896 4879 7021 5741 918 3151 3501 5670 10924 330 14505 
876 257 127 371 251 313 256 512 392 29 1233 8930 11514 9898 5806 66 10880 14063 7991 14086 4080 7056 12157 6543 480 7105 2222 9494 13886 1920 10047 5131 6538 14419 7775 9515 13982 2968 5163 
877 313 127 371 251 385 256 512 392 30 14023 10360 10973 5690 7381 14672 989 1481 7091 12447 12961 3162 10126 11536 3967 12433 6491 8123 12599 2321 12457 1896 3161 12660 6338 10050 8525 11146 2858 12921 
878 257 127 371 392 318 256 512 512 29 9635 925 3637 5397 1478 2422 10471 3647 12757 6090 11718 6728 5795 4864 852 13794 3044 8429 7118 9586 10315 297 6898 3420 9703 14152 5153 3704 10521 
879 318 127 371 392 385 256 512 512 30 9205 1852 3399 1112 11099 5476 8209 11566 4124 14743 14636 6831 14226 4344 2476 14962 10115 10105 13318 8345 2677 589 11768 507 11175 6321 2675 7429 13929 13805 
880 385 0 250 251 440 137 389 407 29 2631 10586 76 11678 9652 12899 1359 6340 8946 501 14829 12176 3994 10634 8661 8833 1216 13984 9558 10955 14255 12504 11954 10486 14225 11719 12715 386 4207 
881 440 0 250 251 512 137 389 407 29 268 1923 11935 9038 3467 12926 2021 12575 14840 10142 4540 9412 9274 10792 14257 2851 8526 5797 4253 5907 6441 2604 4882 11188 1767 11773 5122 12011 6976 
882 385 0 250 407 444 137 389 512 29 6435 11432 5379 10940 4051 4368 12807 12413 12875 8337 11069 4275 1366 9980 4794 12515 10806 9413 6481 13191 3640 7096 657 9405 7326 5603 10970 6922 10149 
883 444 0 250 407 512 137 389 512 30 2308 93 12725 7693 7638 14794 12352 14945 14571 2403 12586 10833 12612 7895 9781 14184 2336 11765 140 6078 10473 8029 9461 13934 7898 6109 12866 5946 14676 13112 
884 385 0 389 251 453 137 512 373 29 14407 9673 2007 13062 9949 9719 4923 8448 12990 4196 385 10220 2016 11793 4049 5688 754 7812 12590 1735 13344 4429 2280 6671 10258 11245 3327 246 14128 
885 453 0 389 251 512 137 512 373 29 14357 1688 940 659 12351 391 7465 8579 14142 11220 2845 12948 11384 6937 14229 14115 12720 7891 8615 9259 13633 7680 382 1153 14688 9414 9381 7352 717 
886 385 0 389 373 435 137 512 512 29 752 9327 11431 5914 10292 12694 6135 14452 11408 10511 14053 6673 11040 14431 1206 4361 8343 9734 4701 7867 874 5315 3711 14246 12521 899 10992 11067 12188 
887 435 0 389 373 512 137 512 512 30 14910 4089 7809 8637 1709 14988 9339 8082 7702 8586 3522 8050 12603 8126 1154 1872 10779 6509 7786 8875 2189 14740 1859 7226 5064 13808 13066 11141 407 9875 
888 385 137 250 251 449 256 385 386 29 9583 10953 4706 900 1516 13507 13292 4382 6952 8684 1324 3133 575 1018 13199 6165 7122 14472 6763 6006 2731 12638 3752 4987 1598 2503 10052 11686 11048 
889 449 137 250 251 512 256 385 386 29 6856 953 12758 3886 1623 4585 137 2426 13287 3207 8905 8611 4627 13608 503 4730 11481 3760 10032 9693 11706 2288 14200 570 1472 6455 4296 5363 1960 
890 385 137 250 386 458 256 385 512 29 12268 13650 14082 612 6752 4824 3349 7385 14883 7441 1453 3578 4282 14496 5871 11453 13442 11260 13598 9930 6474 1659 13494 6813 14304 4977 8165 10070 12679 
891 458 137 250 386 512 256 385 512 30 8600 6558 14953 10550 4749 1411 9228 78 2409 9856 3121 9813 3988 12863 6784 4245 3626 4029 10678 3209 14608 9823 11752 11438 3802 14206 3251 8128 5408 3652 
892 385 137 385 251 441 256 512 374 29 2078 4203 4953 11163 1651 3079 5710 5856 272 9520 14915 13662 3118 11940 1538 11470 11825 5212 1358 13593 14610 8915 83 6911 7030 11391 14463 10824 12775 
893 441 137 385 251 512 256 512 374 30 8386 3273 9466 8511 12658 1274 10828 13421 7443 9839 9078 10526 11237 2688 11006 11581 1482 8155 4935 10727 12976 2217 4677 13501 8748 6100 6043 12050 13399 5443 
894 385 137 385 374 445 256 512 512 29 832 4244 2755 10643 13195 11694 4181 13993 10497 6525 9330 9964 8913 8882 6777 14578 6709 14948 9746 10091 2681 6066 9370 2117 2770 3520 12093 13431 6873 
895 445 137 385 374 512 256 512 512 30 12723 7807 9578 6504 1720 7395 3168 5508 6163 3225 2319 13037 6663 8703 14167 3680 1251 10585 4752 10253 6554 10219 1056 7586 5239 1053 11945 11533 3115 4107 
896 257 256 0 0 328 388 135 119 29 4435 6083 12279 3253 10144 4838 7934 11775 4183 11399 12404 5087 2432 2531 12114 6207 10389 3163 902 2370 3448 14405 9780 6921 14106 13380 8943 8577 5593 
897 328 256 0 0 380 388 135 119 29 11349 2009 11640 11269 1441 4944 3605 2674 10238 4050 8287 9134 9463 13269 7935 9348 68 3959 6830 14166 6264 1841 4147 8157 12107 8140 8248 1479 5571 
898 257 256 0 119 315 388 135 245 29 12061 8205 7789 3454 12959 124 2522 1076 6556 3027 861 2912 1046 8077 4053 3403 2247 13365 13624 6234 5701 7277 14792 9910 4063 10918 12390 4211 11494 
899 315 256 0 119 380 388 135 245 30 9499 10488 12324 3367 14298 4577 9507 6791 506 4576 8550 12591 2849 7832 13329 2877 8048 6589 532 5413 8594 13404 5009 9794 756 12245 2689 12033 14834 13443 
900 257 256 135 0 334 388 254 126 29 5439 13721 626 2962 9807 6662 9522 6526 393 7265 12820 6283 4770 2563 3865 4645 10206 11631 807 8517 7029 1950 3528 14799 742 804 2035 9748 8830 
901 334 256 135 0 380 388 254 126 29 7305 225 5995 8319 8394 10322 1501 12292 5420 5471 11159 2138 9050 10903 14930 684 1737 11655 6011 9234 5294 5999 13499 11309 4598 8657 4901 10018 273 
902 257 256 135 126 311 388 254 245 29 495 14933 8622 1275 11665 313 9089 14440 5037 95 9535 1191 6398 8030 7813 10518 10551 10590 9280 11629 1213 1365 8904 354 10203 2580 8217 6855 13518 
903 311 256 135 126 380 388 254 245 30 9743 23 3516 4511 13727 8792 3222 7176 14846 336 7060 3309 12085 13964 4218 7826 5077 2937 6228 10112 8312 13531 3301 2051 2991 14107 10868 2761 9034 11650 
904 257 388 0 0 313 512 136 103 29 1885 9817 6200 6218 2836 6690 5328 11722 1814 8037 762 291 11760 11430 8718 6247 1586 7037 629 355 12464 13579 13661 12030 7164 12468 1408 8324 9531 
905 313 388 0 0 380 512 136 103 29 9723 14326 14782 13262 8325 13435 14863 12077 4137 14773 10679 11679 6499 710 2685 680 13268 8035 13854 5166 12500 2972 3257 12792 14730 3696 5293 8450 11907 
906 257 388 0 103 306 512 136 245 29 4692 11541 4094 5275 9805 5716 14280 13122 5075 10506 6421 11509 9027 2227 1870 9816 14095 12477 14376 4696 4092 7225 11613 7349 5758 12162 4224 13911 14015 
907 306 388 0 103 380 512 136 245 30 12892 3374 5584 12300 14437 4970 12641 14353 11853 4873 6644 3160 347 7973 5842 692 6337 1868 7736 6970 11808 8407 7154 13115 9852 8742 11326 5176 8597 2478 
908 257 388 136 0 323 512 254 125 29 1073 8729 183 11876 7537 3483 11981 4791 8369 10273 771 3142 484 2576 14130 14936 8532 3416 4536 10653 3152 3862 2701 9718 12930 4711 8857 9282 12094 
909 323 388 136 0 380 512 254 125 29 6981 8190 4413 1418 12571 11409 5199 14888 3582 14141 1307 14361 12803 1459 1567 8728 844 8929 11708 10133 8000 9690 11355 2107 13951 9495 7700 9092 7868 
910 257 388 136 125 321 512 254 245 29 3803 3950 7386 2888 3211 12507 14599 7572 14707 4803 2686 10669 13811 9250 5540 4364 9992 1509 10351 6710 1877 6068 14369 14530 2233 14646 11374 11866 2208 
911 321 388 136 125 380 512 254 245 30 10388 14316 5203 2159 14276 13815 485 3277 10524 1922 9356 14418 112 3672 10800 7329 476 733 3355 6085 8986 2537 1466 469 14777 11193 5702 3814 10480 1866 
912 380 256 0 0 449 377 127 123 29 5429 9879 12322 13093 11346 8201 12175 2668 1215 10873 9580 889 1566 8246 14333 12049 7993 1189 3749 11763 12745 9323 6630 3839 5205 14861 6128 13648 10693 
913 449 256 0 0 512 377 127 123 29 3975 13070 5532 13283 12004 11639 13336 6562 6985 61 2439 10394 3785 1849 1356 9428 5939 8332 12714 12010 12695 13334 3927 5598 13527 11510 7616 8671 5092 
914 380 256 0 123 439 377 127 245 29 2811 12687 5665 2188 6172 7002 7538 12718 5648 11486 11729 8908 4783 2821 6125 2569 7894 7179 14235 2627 3281 7881 12012 14253 4046 14554 8892 12414 8068 
915 439 256 0 123 512 377 127 245 30 7654 5595 10445 2779 10444 6194 11759 327 14935 6055 13462 14162 6314 3307 6236 4679 790 5790 8524 4334 10797 14818 11219 11568 14909 9158 4921 5933 14037 5327 
916 380 256 127 0 443 377 254 121 29 1310 7076 10161 3431 8970 10850 14632 3567 14300 14337 2041 4964 10485 1687 7330 8309 5159 5728 7398 10627 8569 5424 10914 11457 9185 12847 3388 6817 4082 
917 443 256 127 0 512 377 254 121 29 14972 4269 1488 4827 12992 3372 1522 13362 10449 7389 9130 1911 3593 7478 11300 8648 7095 13541 8621 10931 10578 11698 7418 2601 14134 9425 2904 784 1469 
918 380 256 127 121 446 377 254 245 29 1038 6773 7275 1820 2417 5303 12983 4276 12949 2300 8593 7185 12399 1498 14842 12965 3038 5135 4651 4785 9095 14819 5291 8860 9968 8845 12260 5827 7524 
919 446 256 127 121 512 377 254 245 30 8855 12501 12918 8523 6437 5828 14266 2405 1860 12781 4401 7514 9737 11291 376 5747 11781 131 12367 4849 3600 5680 9477 7714 7593 4161 6665 4761 6862 3948 
920 380 377 0 0 437 512 132 112 29 7602 1548 14859 10609 6316 10134 11056 9729 8881 1265 13825 13424 1668 10290 6859 7633 13969 5204 3829 10723 14493 7734 1908 5085 12646 2559 12543 13437 7605 
921 437 377 0 0 512 512 132 112 29 14968 9007 31 2906 5767 13965 12182 12689 13941 2100 11822 7007 13315 11545 14478 11335 2260 10094 8688 11473 11918 1591 5406 12544 10369 11316 13357 12488 6344 
922 380 377 0 112 455 512 132 245 29 12513 8878 14976 4425 639 10274 12601 405 5977 5276 2315 14591 13470 2506 4578 4579 11086 7487 5183 5867 5781 8418 8183 3918 7342 1914 9826 13276 453 
923 455 377 0 112 512 512 132 245 30 5460 2255 9236 9179 3888 14205 10553 2952 1273 9481 1464 6802 4151 13249 2015 14836 2224 7665 397 13936 10583 9385 3313 4984 8127 6967 1383 11987 1291 14484 
924 380 377 132 0 427 512 254 99 29 9533 690 4335 7818 658 1836 10286 9398 117 14831 7761 126 5271 11085 3840 2528 254 48 1451 13076 82 14112 1057 11287 2164 2268 5194 6641 5845 
925 427 377 132 0 512 512 254 99 30 3360 4988 4199 9671 14886 1436 8265 7182 4753 8859 14971 4843 6636 13974 5272 12303 8931 6561 2743 5167 5706 2239 1724 8710 7578 11550 4845 6422 12856 2351 
926 380 377 132 99 447 512 254 245 29 8003 11483 7146 2258 6961 9908 6126 14180 13967 7583 12142 669 4695 14007 5412 13582 5475 13858 12722 997 888 7603 11503 1972 12312 12169 14913 4128 2523 
927 447 377 132 99 512 512 254 245 30 6152 1277 4101 3111 10898 9434 1334 7080 1069 8862 12190 11251 14315 13143 11643 5273 7269 6566 7062 1015 242 1680 4635 12524 11697 13562 10701 6404 14228 79 
928 257 256 0 245 317 385 128 385 29 13121 9299 10700 13744 2583 8498 11605 14731 8455 6003 379 9741 2199 9295 10889 3554 10566 5866 1361 10567 13876 14410 14464 8015 1402 1949 3196 14986 11271 
929 317 256 0 245 389 385 128 385 29 13030 2494 5185 2760 7313 3496 9154 1510 14662 14058 9126 11979 9357 13506 5158 9028 2899 1476 2661 11974 5482 4861 10428 14943 4081 10495 13265 14050 13674 
930 257 256 0 385 314 385 128 512 29 6533 3911 7256 1008 11294 13563 2406 14778 6408 13464 8638 6919 4515 4819 13184 13221 8583 3543 9543 3686 1643 11007 10103 4167 572 6127 11835 8782 4090 
931 314 256 0 385 389 385 128 512 30 13740 10840 4906 7684 6119 3269 6255 7589 13463 4075 6806 12395 10728 2252 11677 8471 3708 3105 8548 8114 7336 7546 14213 3190 8749 894 5631 14414 12843 713 
932 257 256 128 245 332 385 254 363 29 10234 8969 3691 11491 6211 6519 7667 2500 13799 2295 339 9431 1146 6974 2343 1116 10882 10776 6137 9832 4939 6943 207 976 11100 8508 14833 1702 1391 
933 332 256 128 245 389 385 254 363 29 353 968 8612 8723 10225 8967 7839 12275 6790 9633 7772 9079 8203 12981 10711 8446 12778 4416 14160 12130 5616 7186 184 5050 14360 1597 11055 9331 1010 
934 257 256 128 363 319 385 254 512 29 11071 8100 12366 9777 4715 7628 6675 13622 1892 975 9554 1855 6557 9599 9490 12102 2857 6691 6781 10408 10227 14343 1675 13459 8734 8636 14663 11264 1744 
935 319 256 128 363 389 385 254 512 30 14350 10155 6770 3035 2197 12170 4731 4630 870 11080 6684 5287 110 4841 5156 7783 459 13216 7765 9795 10074 13558 9467 9429 10878 1102 12549 10196 3195 11774 
936 257 385 0 245 312 512 125 361 29 4855 8074 11000 5344 10532 7078 9315 11019 6946 7404 5398 438 10059 14667 11367 9706 9125 7379 7316 10512 11167 3174 7853 13602 8712 13670 548 1508 2326 
937 312 385 0 245 389 512 125 361 29 4417 2289 103 1308 13396 8225 4693 8260 3616 6500 9564 2120 8762 6123 1187 4342 5026 6082 10917 13349 672 8380 9121 4129 3129 11268 4054 11226 9107 
938 257 385 0 361 313 512 125 512 29 6534 12388 1344 8130 4492 7982 11121 14895 7190 9347 6864 2643 8182 9086 5707 5461 12923 8901 13197 9378 5278 3735 9403 6413 3805 1874 12073 6990 1078 
939 313 385 0 361 389 512 125 512 30 5685 1875 5462 7580 8964 5555 1919 2335 11463 2825 3493 1025 7160 11299 6742 12505 14295 6342 134 14469 3701 9830 123 11903 9180 7177 11448 4332 12817 3408 
940 257 385 125 245 321 512 254 351 29 5626 2944 5872 10941 7345 6797 7830 6480 8416 11682 2816 14856 13152 14963 11657 7084 7637 11016 14231 12444 2518 3025 13243 7388 1230 12614 9220 11104 8334 
941 321 385 125 245 389 512 254 351 30 4132 530 10577 3 11965 8281 1483 9640 7052 12121 14380 7387 10668 12623 1777 4820 13139 14040 9883 6121 11901 13718 2868 11952 1812 14223 4991 12608 6901 13419 
942 257 385 125 351 324 512 254 512 29 9069 489 12495 9224 2961 2480 13420 9978 5733 163 10716 11755 13210 12411 11783 10183 426 7904 14674 6670 13312 5772 14991 9659 12126 9091 10291 1473 11304 
943 324 385 125 351 389 512 254 512 30 13905 3294 1630 13860 14733 12550 9614 5165 12387 980 3763 11754 5030 11034 14625 4362 10148 3953 6385 2452 7956 1962 14544 9765 3518 4975 8283 3229 14716 630 
944 389 256 0 245 452 383 128 385 29 10371 9338 5637 8605 1867 9025 7872 6215 6899 5144 3981 9106 12438 5426 14481 8434 8720 2160 3963 8761 9354 14354 9665 13626 6870 8009 9410 11441 12426 
945 452 256 0 245 512 383 128 385 29 14919 3619 8045 13900 4405 14433 11195 10755 1663 3786 8962 8796 5745 764 2461 4809 11385 9828 301 13783 1656 9959 4311 8264 12373 8744 5325 7450 4033 
946 389 256 0 385 444 383 128 512 29 13127 8624 14367 13725 1878 14430 1899 1763 8088 10922 933 1086 869 2265 7125 7444 3890 5992 6380 1787 4874 13480 2721 2509 13924 4936 6224 8097 368 
947 444 256 0 385 512 383 128 512 30 6782 643 1569 12483 1388 12184 2866 10852 1120 433 11117 9253 3636 5297 167 13293 11554 5389 13047 9644 7946 5755 7142 2712 6640 6245 12523 8456 3519 2416 
948 389 256 128 245 445 383 254 370 29 8353 9965 6518 6652 2264 8007 14244 3101 8344 5929 10233 2586 11396 7101 9549 5173 3822 14576 180 14795 3103 12739 2010 9841 10294 8488 11997 14534 3097 
949 445 256 128 245 512 383 254 370 29 4891 11347 3622 5573 2640 14207 14929 6799 11758 7045 1079 9662 231 8965 10667 4488 3534 9509 14942 9518 14501 8938 2730 12519 13809 11246 1452 11810 12625 
950 389 256 128 370 447 383 254 512 29 8412 13174 3936 258 2103 10543 957 3588 9585 8481 1288 9840 12700 14550 1382 352 1119 14837 14874 6084 2379 2720 4249 13980 12310 5774 8911 5804 8144 
951 447 256 128 370 512 383 254 512 30 10124 13385 9081 12647 10559 6328 4662 9071 1390 12196 7709 11073 6820 14 7163 6739 10710 2658 3943 4252 12074 5367 2859 5038 6511 5656 6263 12370 2970 12122 
952 389 383 0 245 446 512 124 361 29 6818 10847 10077 3871 5458 10016 11115 8278 2555 12901 13373 6076 5232 755 590 2782 10935 4817 2557 11532 1021 2339 4419 9252 4998 10300 3241 14287 5148 
953 446 383 0 245 512 512 124 361 29 13376 12704 4434 5904 10472 6545 11921 13724 10024 7470 4735 14017 12309 13352 9114 14758 14958 11937 1594 4727 5498 8228 3864 1647 4402 1547 13534 3960 7068 
954 389 383 0 361 444 512 124 512 29 10264 11984 6267 11559 7069 2385 12301 6567 7916 2673 6573 12600 5146 401 10459 4229 1854 13330 5355 12951 3262 8093 5349 13238 2045 6107 4259 13649 2098 
955 444 383 0 361 512 512 124 512 30 12250 2170 6823 6796 2541 7083 5280 1194 1070 14438 10089 4769 3104 6417 10395 2672 9141 3615 3931 1570 10714 11600 7932 7479 9893 7639 2738 823 3337 14242 
956 389 383 124 245 464 512 254 373 29 14990 11977 12748 11604 6528 6723 14150 7401 14781 5034 5343 10746 456 7425 7609 14203 6249 9147 1003 10332 1306 14854 1415 3039 3173 650 2834 12950 4655 
957 464 383 124 245 512 512 254 373 30 2915 14243 5881 916 5588 1543 7109 488 11741 3685 8795 5104 12872 8151 10331 11877 3806 5505 9009 520 5854 5831 11526 7510 4141 13208 7188 12766 14658 5506 
958 389 383 124 373 431 512 254 512 29 2562 8753 2185 2086 4599 8654 7134 1332 13331 14285 4674 2908 1426 6977 4121 13884 10354 2076 12664 13270 6146 10199 12100 14759 12038 6608 4853 3081 3223 
959 431 383 124 373 512 512 254 512 30 12865 13775 1144 5463 848 8704 2296 13226 446 2871 10600 13301 14070 10888 8102 2935 9566 7695 813 3679 4628 9273 7304 14013 4507 11789 9083 11710 8321 8578 
960 257 256 254 0 303 380 381 121 29 8840 2561 9725 6582 7635 10809 9209 1506 9313 7180 3092 13049 1221 8534 350 10796 8104 6865 4192 6210 10201 8912 13547 2927 1376 6376 4723 2191 5776 
961 303 256 254 0 379 380 381 121 29 7731 2077 10350 11397 8213 10563 4455 13530 12499 5341 606 5248 14696 2519 7276 281 2497 8907 720 2158 6517 14262 13548 9109 7938 7460 6225 12024 14637 
962 257 256 254 121 328 380 381 262 29 2383 13578 13734 5326 1363 1085 6931 9680 1157 12791 4718 10417 9172 6184 7817 11152 4375 1532 6058 6350 7115 3618 214 6586 10120 8192 7864 3283 14003 
963 328 256 254 121 379 380 381 262 30 598 10876 10081 11767 5577 3363 5565 11119 3298 7841 14062 3122 1589 14753 13708 10724 3930 7520 8971 4884 159 9441 11277 4155 4496 1604 11451 14752 10642 9438 
964 257 256 381 0 323 380 512 122 29 2545 14192 5586 12616 13994 10075 3664 5947 4280 10921 12653 8200 269 9642 9675 8771 10455 13818 2448 9684 98 1128 7748 14832 8604 9024 13117 10342 8443 
965 323 256 381 0 379 380 512 122 29 5120 14065 13979 6713 12476 12147 39 7674 1353 11148 3947 7627 5669 6516 14355 5058 10787 593 9235 2867 8701 6254 6902 14901 9983 13032 14603 10298 13414 
966 257 256 381 122 332 380 512 262 29 8057 4452 1762 11695 5708 8880 14894 11062 11747 13134 8022 10261 12455 10020 13141 12116 13159 9475 11194 8559 10978 10055 935 6282 8539 7299 14634 5270 177 
967 332 256 381 122 379 380 512 262 30 2012 5021 8978 14260 8788 3220 7710 2587 1173 10789 13685 3476 2277 10759 2496 9657 2328 2402 10762 9023 1380 2894 6874 364 10057 7560 5473 9820 8017 12212 
968 257 380 254 0 317 512 389 132 29 10958 4186 12486 12151 3446 732 621 3909 3317 2634 7197 6794 2696 10791 13173 4913 6002 255 3393 14689 9789 1371 6397 12076 2818 7947 5583 3487 1321 
969 317 380 254 0 379 512 389 132 29 12273 4228 9540 8743 1521 4443 3925 11125 12430 11953 11171 8146 7870 6138 737 5644 4812 10911 5664 5726 3809 5082 14535 6423 13835 7024 7906 14271 9061 
970 257 380 254 132 305 512 389 262 29 7882 1804 2206 14475 13680 3300 12274 6798 5918 13225 11398 8361 5225 6369 9306 6171 12699 7098 10831 12159 6354 12080 6664 6202 3866 5638 8505 5739 12014 
971 305 380 254 132 379 512 389 262 30 9133 5570 8988 842 13371 8301 2895 7496 946 12339 6134 8851 6191 12489 3068 14872 6903 5117 707 519 8214 10816 4681 3443 1384 5994 11261 8694 7013 8514 
972 257 380 389 0 310 512 512 118 29 14902 13178 10536 14462 1992 6190 9838 11028 13713 13040 2602 4454 4554 13059 12551 12424 7438 13222 2599 5029 318 9766 10491 12069 9951 5667 2108 5839 12580 
973 310 380 389 0 379 512 512 118 29 14694 6155 13151 579 8172 1311 14514 374 3058 11609 6108 14679 5306 4685 7960 3157 2902 7777 13544 1369 7168 739 7835 8315 13786 10211 310 12541 3358 
974 257 380 389 118 312 512 512 262 29 3210 11733 6617 14109 4986 14682 10987 7970 9969 2075 8556 3243 2454 7634 2824 2883 3141 2613 11598 7287 1794 5974 12348 1894 2733 3113 10757 4258 12922 
975 312 380 389 118 379 512 512 262 30 2890 1531 5312 6345 9570 2167 10256 14352 2139 2314 13290 10255 5651 14748 4502 3054 14390 13686 8081 14264 10435 2462 10015 11183 5137 12894 12916 14267 3287 12770 
976 379 256 254 0 445 378 379 135 29 3377 3826 8044 1062 14194 7219 9430 6489 221 10821 6089 9285 14772 247 4149 13878 12280 7260 12334 11537 11762 5215 14450 13354 13816 10140 3406 8582 6564 
977 445 256 254 0 512 378 379 135 29 1142 10664 8454 6542 13589 6133 7843 3830 2515 10682 12988 8388 13853 12419 10692 1075 3208 5877 4117 6891 7174 4581 10900 13496 7987 5434 10719 12620 11985 
978 379 256 254 135 437 378 379 262 29 13350 6096 10999 858 9283 2427 11173 10326 12139 9016 6783 3460 8366 4562 9758 1778 12841 10804 11386 13996 13322 3050 9218 6743 3055 13956 457 3765 9918 
979 437 256 254 135 512 378 379 262 30 1168 10313 4716 8846 5177 5179 9043 1325 11563 5035 4639 11157 8574 7006 12227 7698 14456 3275 64 11305 2133 3011 6086 3094 5805 7327 4120 5836 10262 9444 
980 379 256 379 0 439 378 512 139 29 4929 10773 4535 8496 6094 12734 6409 5350 5930 7399 12427 971 8084 1781 6156 3108 6401 4580 9773 3193 1673 7208 10948 8653 8475 4231 11339 11887 9388 
981 439 256 379 0 512 378 512 139 29 11370 12668 11799 2784 10607 965 8339 10923 14595 4047 1192 14695 13559 2411 9960 4290 11753 14841 10416 2081 9584 3898 4885 1893 10200 5740 6458 8879 9991 
982 379 256 379 139 442 378 512 262 29 5889 549 13961 1005 2334 10441 4813 12502 14378 9987 6139 13411 5606 2482 6513 3085 10823 4722 13289 1410 941 4442 9066 9545 13025 3721 7339 10463 3631 
983 442 256 379 139 512 378 512 262 30 1723 13406 11162 7246 6992 12251 3938 1988 5902 5346 7796 5000 12398 12593 4548 14720 2241 10520 3040 13801 834 2762 490 6553 208 3999 8774 8867 689 1166 
984 379 378 254 0 442 512 381 115 29 155 6524 12570 4377 7527 3149 14026 1927 12105 5859 12661 8005 9669 415 8730 4135 5779 12971 4980 4467 6875 7423 2934 1247 6075 13272 13948 3347 13052 
985 442 378 254 0 512 512 381 115 29 2783 14492 75 13817 1217 9287 10576 2014 10988 4436 172 4670 9363 919 1792 11926 10189 8560 14321 7223 8745 11394 10558 13604 2977 8563 5956 7664 3553 
986 379 378 254 115 445 512 381 262 29 10974 12520 8689 153 5364 13887 120 11972 2325 5815 7044 8286 1405 11135 6438 3002 11319 6101 624 2556 3772 8494 12150 1519 961 4871 675 219 3112 
987 445 378 254 115 512 512 381 262 30 4187 11790 11770 2757 1244 2737 4760 10170 13719 7323 2886 8974 6265 3282 12648 4373 2815 14398 2683 7324 5110 12900 4274 6389 14132 2949 5883 1622 14803 4193 
988 379 378 381 0 437 512 512 146 29 6268 13985 2490 10188 13113 2327 8316 12239 6646 5036 11792 7661 6947 3992 14027 89 38 6834 7672 6318 8158 7294 189 14604 12652 9793 3413 5499 14638 
989 437 378 381 0 512 512 512 146 30 5490 8715 3357 14786 9271 553 6239 11923 13011 8134 9602 5414 7333 289 11788 6822 10991 5666 14385 7670 11189 11379 14619 9307 12003 13119 1574 4938 9352 5635 
990 379 378 381 146 451 512 512 262 29 12675 13359 9223 12915 3354 12277 4069 12220 8303 11630 11881 2073 11221 6329 6478 6689 1443 13319 5454 6955 12053 6748 1533 9571 12270 6634 14922 3254 2298 
991 451 378 381 146 512 512 512 262 30 11690 2304 4062 3880 9608 7373 4412 9346 14582 2707 14828 9696 41 6852 9804 6032 4856 10932 3231 6183 12882 668 10673 10404 11742 4210 11746 14561 10425 3973 
992 257 256 254 262 311 382 391 395 29 1029 6705 6939 2299 6147 12051 4520 6229 10519 8839 10272 317 2392 7954 8966 12137 13468 3529 9493 10795 8460 11079 10376 7587 4136 4261 10671 6629 568 
993 311 256 254 262 378 382 391 395 29 9296 1349 7757 483 10648 3046 7257 8995 14483 2739 1163 2028 9099 11893 11201 6994 11932 11126 10451 7143 12000 12441 642 7892 10747 8243 3990 3198 7173 
994 257 256 254 395 299 382 391 512 29 12622 10946 5299 687 14245 11647 7823 14574 12355 6786 11717 5140 7547 11839 2307 8148 9927 4166 9961 5849 13529 7508 12449 6457 12786 5265 5400 7805 1342 
995 299 256 254 395 378 382 391 512 30 11256 10498 12610 4915 2029 5592 10849 10215 12416 2352 3687 3240 6291 12963 1572 7622 1121 6764 3845 7726 4870 12942 14602 1961 7539 1616 380 3575 14131 11325 
996 257 256 391 262 301 382 512 381 29 6975 856 6578 648 2879 11077 1706 1497 5589 819 13288 13107 7915 14592 7939 7858 885 6716 13439 10790 5495 1122 1407 10750 13068 6711 5600 9939 4071 
997 301 256 391 262 378 382 512 381 29 2419 1646 3514 6053 4424 2887 13692 1944 10968 6766 1674 1593 10501 8483 10468 9269 8159 12602 1049 930 3481 9944 1502 7767 3607 1303 1211 5980 6149 
998 257 256 391 381 315 382 512 512 29 1285 14319 12941 12852 12129 10813 12733 9167 1845 13945 13636 11358 14446 6209 2380 2087 6523 7922 4398 6098 13910 2070 7558 3456 1074 11340 8318 11547 3828 
999 315 256 391 381 378 382 512 512 30 5803 14085 7454 4555 11602 4059 7979 3171 12804 6904 2534 9365 402 3921 1817 9390 1136 14660 2920 8832 5141 8206 11684 14850 12289 12800 8958 12839 11539 9512 
1000 257 382 254 262 306 512 367 369 29 2705 12785 10321 6889 2632 1279 7230 3709 12313 4145 11899 1092 7092 6426 12562 3837 1309 2415 1629 8738 7564 2957 10939 10021 7233 8234 5561 13138 3707 
1001 306 382 254 262 378 512 367 369 29 4833 6997 7763 14451 9210 5817 2044 10891 5004 10818 3268 1058 649 11087 197 1667 1997 4028 3646 11515 13146 5402 14791 7261 8957 4407 4532 14816 10320 
1002 257 382 254 369 326 512 367 512 29 12346 14423 10721 10308 4444 9660 12223 8038 10251 4445 2642 12782 10348 154 5170 3314 3137 8709 3387 8803 14868 2400 1967 12682 9897 12978 14388 13433 8794 
1003 326 382 254 369 378 512 367 512 30 1743 296 2340 8592 6838 2551 14974 9915 365 12934 10475 13542 2421 13703 13798 816 11646 5948 6508 514 12091 11307 8602 10114 11447 3334 14238 1661 10517 2297 
1004 257 382 367 262 334 512 512 382 29 2914 9623 10402 11139 4177 11895 12028 12415 13176 7107 10713 3710 8259 5192 3453 14100 10597 10772 5705 11577 14379 14983 2787 10025 2532 9170 6913 14413 11707 
1005 334 382 367 262 378 512 512 382 30 4798 13806 7779 12751 11122 3418 8250 4489 14371 12854 13137 14275 11975 7284 8431 3486 1197 990 10205 5147 3720 11840 8436 8478 9544 11720 6836 1148 12665 6471 
1006 257 382 367 382 321 512 512 512 29 14178 3798 14589 11941 11200 2039 10327 2349 3598 10122 8298 855 12849 6698 6054 14145 1649 6115 6470 5321 3260 1387 3868 6715 6252 3445 6349 3224 2457 
1007 321 382 367 382 378 512 512 512 30 1677 9400 11356 6535 7402 6175 1917 2517 8269 8233 11727 13423 5233 8520 11735 4895 5111 9551 769 9059 1715 8680 10073 7886 14210 10328 7582 6659 4453 8581 
1008 378 256 254 262 456 390 371 408 29 11209 5662 11829 10392 10260 7720 12496 8545 7771 6290 9648 10786 14121 2889 2629 3525 6577 2827 14659 5802 4545 3655 4021 13586 13763 8226 9455 1980 11369 
1009 456 256 254 262 512 390 371 408 29 14420 9920 8306 9632 614 14741 5663 4010 14939 9529 6753 10780 617 11744 1098 10130 3230 11199 6164 3495 3924 13807 7669 7631 2540 262 147 712 10822 
1010 378 256 254 408 438 390 371 512 29 12589 8787 14557 5940 5989 13681 14656 2564 1552 1177 13393 6890 14125 12897 4926 4888 12945 1093 1333 2850 9243 7171 9785 1375 2058 8385 10465 5860 11645 
1011 438 256 254 408 512 390 371 512 30 5249 13908 13003 1843 7144 14708 868 9689 14486 5564 8588 5518 745 8419 14577 3656 2947 3903 3286 14519 1555 10784 11328 14373 1292 5020 13416 977 6601 2110 
1012 378 256 371 262 444 390 512 398 29 9953 3070 12037 10368 2105 5116 13486 10430 7003 396 2391 14899 14702 4738 11607 5513 14964 3741 14594 1266 7601 1886 6302 12179 2863 12556 11150 9751 2885 
1013 444 256 371 262 512 390 512 398 29 979 4370 10967 6001 10522 9692 13426 7283 10865 8940 2291 1722 4918 11037 10250 1504 14008 12039 3726 8499 10461 8092 750 1577 11459 11955 3417 11930 11084 
1014 378 256 371 398 449 390 512 512 29 1694 8330 14434 6840 7647 13061 13189 11761 13451 4202 11393 4793 6439 10164 8194 4337 5421 11035 2535 14325 3120 10039 4469 4292 4459 8072 1588 4744 13384 
1015 449 256 371 398 512 390 512 512 30 1818 13004 1995 0 12674 7963 6632 7110 3603 12702 2989 3381 8397 1811 2257 9727 2393 10474 3591 3422 9480 2092 3267 10539 14468 1449 9149 1921 10421 9207 
1016 378 390 254 262 440 512 379 391 29 13294 9954 3940 1258 12067 3429 4725 14955 9437 2747 6639 12459 13500 7175 4672 437 10288 3292 2684 148 1171 4209 8116 9458 3585 10764 12508 8320 5353 
1017 440 390 254 262 512 512 379 391 29 11089 4558 3423 7555 3411 14102 12670 3913 13353 3053 9739 904 14457 11831 7544 4449 13892 3500 7711 6588 6610 12631 7824 13856 5810 2083 13364 35 3733 
1018 378 390 254 391 436 512 379 512 29 8251 3904 8567 8981 7594 4800 6666 627 7491 4908 3722 9797 13778 1320 11108 7014 4414 12784 5046 12837 4546 12750 13520 8776 1269 9947 9740 6180 2829 
1019 436 390 254 391 512 512 379 512 30 13707 1188 13888 1745 3233 3751 7189 7297 12680 3547 12573 2759 2616 5560 4320 372 2144 3592 1400 3080 13741 4017 14311 3362 9626 9678 3667 9508 1316 1959 
1020 378 390 379 262 440 512 512 398 29 390 10035 6792 9073 7543 5015 4505 8300 8373 6244 11740 2248 240 9451 10406 14123 12342 9574 10499 3669 10741 8501 6196 10007 1989 10599 2988 2184 8828 
1021 440 390 379 262 512 512 512 398 30 13851 11711 14790 10252 4227 11205 11242 2313 5005 2121 3073 9572 5152 1208 13355 9450 11528 3432 10044 14480 6880 4623 7618 8163 10737 9227 1526 4008 4804 4596 
1022 378 390 379 398 432 512 512 512 29 13132 5101 3502 7825 4857 3541 3128 406 373 4989 440 8950 7815 5788 3706 2930 2822 12434 3962 6655 1006 3063 9764 8941 14088 3459 11849 749 10705 
1023 432 390 379 398 512 512 512 512 30 348 6989 12213 1535 9457 8952 14303 11766 10423 5786 9351 11624 805 7035 4951 14722 419 10045 770 9433 1556 11275 1751 550 810 9811 11434 5623 9627 8497 
