256
256 0 0 1 1 23 1595 3559 3046 4176 5584 4158 2606 4097 1093 4435 2939 1717 775 4056 557 1782 4634 2835 4486 3943 4430 5280 620 
257 0 1 1 2 23 5153 1128 2181 3879 5436 1259 2022 4642 5590 817 2794 3790 3272 3414 3776 4294 3214 2208 5188 2521 3204 5347 1821 
258 1 0 3 1 23 137 5481 3316 1815 1187 2159 1132 3554 3092 1984 5713 758 5568 1558 3113 2958 751 3232 5263 4725 2711 4867 4080 
259 1 1 3 2 24 4355 548 4506 1581 741 1274 2543 180 4823 3162 2508 4887 4941 5067 4650 3640 15 4428 13 1218 3866 5888 1512 5641 
260 0 2 1 4 23 3780 4329 856 4386 5103 3551 2620 4509 4636 4210 1971 5117 5196 5302 3730 3041 4283 1516 3646 1313 1395 2580 1651 
261 0 4 1 6 24 3467 67 5601 5271 1839 4962 1418 1053 5659 600 1903 494 997 3408 4693 1945 646 1881 152 3425 3368 1523 3471 3168 
262 1 2 3 4 23 2385 4638 5341 1288 5528 5148 2087 1942 5265 323 5704 3108 4102 3274 4674 5209 458 140 3610 716 4490 2823 733 
263 1 4 3 6 24 4736 4277 909 4633 2006 3454 5344 3453 3561 1420 78 4604 4493 4813 2916 2312 1719 2768 750 5886 465 4451 25 33 
264 3 0 4 1 23 1980 5225 3941 3114 3531 5917 5399 2467 2544 2775 5245 5881 1465 3090 5592 3430 4767 1767 2365 18 2535 397 2518 
265 3 1 4 3 24 2373 5138 5873 961 4274 1536 4483 2736 5340 2287 3024 1818 1153 598 371 5536 691 3183 829 1631 3037 1904 3206 5075 
266 4 0 6 1 23 4328 3018 3106 72 3648 4238 791 1148 5339 3118 380 689 5407 1948 336 541 5168 673 5934 3213 4487 3961 3079 
267 4 1 6 3 24 1895 5046 3716 1466 1178 801 1199 5526 468 3012 2207 3877 5438 5342 1031 1946 81 2069 5585 1691 5019 5370 4976 5998 
268 3 3 4 4 23 3437 3182 682 4244 3680 4875 5413 5921 730 4205 4876 731 3545 5145 3873 2752 2101 2821 762 4669 5772 4267 2214 
269 3 4 4 6 24 2803 3795 3865 2202 4153 2770 74 5638 4383 788 1096 697 2032 5720 2076 1326 428 1229 2968 1057 4498 3758 5391 3731 
270 4 3 6 4 23 2109 507 5860 4690 4496 2079 1445 3058 2792 4365 784 1502 1196 2744 3219 2517 1848 5267 1459 1730 4325 2011 2018 
271 4 4 6 6 24 3761 5524 1906 709 2831 97 2773 5516 2280 3929 1861 3390 5540 2631 5778 70 2017 103 19 2921 3533 3671 2149 182 
272 0 6 1 7 23 1590 2670 3321 109 4124 4881 1907 4183 767 5613 298 1415 4320 895 151 1349 392 4173 2829 2400 4550 4978 179 
273 0 7 1 9 23 2652 819 1790 952 4057 3933 5178 5223 3732 787 1645 4156 4816 5775 3295 3652 4482 1557 4028 5479 3956 1826 831 
274 1 6 3 7 23 1599 4443 2052 3101 4995 60 278 1448 3698 2659 563 3560 5235 4322 4361 2595 2104 5365 3145 2453 865 1371 1055 
275 1 7 3 9 24 1921 5237 4997 3896 5442 3209 1437 3812 2834 722 5044 2344 65 2933 3005 3033 4672 495 4258 1183 5310 5379 3263 2408 
276 0 9 1 11 23 3428 2111 5191 50 3951 1158 3419 2456 5915 926 3464 1712 5364 1264 539 1142 1525 760 2808 4644 4063 2704 2307 
277 0 11 1 12 24 849 3215 3028 5914 1305 91 4587 5417 4078 5753 2228 5136 3069 2021 1024 139 3362 921 1831 4585 4635 2703 752 446 
278 1 9 3 11 23 2395 5877 1262 2468 5835 2245 3275 1034 5193 1727 1238 1534 1108 5384 434 1560 744 4208 3196 1310 2460 1441 508 
279 1 11 3 12 24 2479 5440 4653 4221 5308 5257 1566 2054 3675 3752 633 4333 4085 4403 5771 1680 3632 5869 5155 4645 2849 1556 3901 1580 
280 3 6 4 7 23 3736 990 3586 4671 4891 1107 4101 5042 2192 4193 2166 5690 2173 4292 5167 4866 1275 4314 4594 3186 2630 5128 1314 
281 3 7 4 9 24 5969 88 5535 4723 1704 912 960 2875 104 5405 4207 5639 3353 763 4049 4351 307 1807 1029 1897 4684 3444 4733 4420 
282 4 6 6 8 23 1070 5850 3075 4656 2685 3537 5337 2757 4429 3846 4461 2889 800 4216 2961 4981 4584 338 4175 3699 1332 3285 4954 
283 4 8 6 9 24 3806 4586 2972 712 4392 1278 306 2427 221 2267 4745 5422 4257 5632 2463 1919 4923 4819 2850 5374 5299 4318 3886 5665 
284 3 9 4 11 23 4159 1785 3522 3035 3687 2244 3482 2129 1450 178 3552 4190 1747 3309 2254 1793 4364 379 441 1650 402 2156 2213 
285 3 11 4 12 24 5202 4742 1013 5746 2879 3820 3677 3651 114 5366 5336 2731 4577 3226 3077 110 3102 5203 4288 2086 3858 4822 1216 601 
286 4 9 6 11 23 5071 5929 559 3527 2121 1828 4730 4935 4521 265 2096 3770 2164 3371 2333 4593 5456 951 2643 4504 647 2509 4707 
287 4 11 6 12 24 4973 5974 2533 3853 3212 348 718 4598 2283 1373 1069 5701 3457 5813 5751 3743 5292 534 3667 3306 5862 3714 667 583 
288 6 0 7 1 23 2437 1774 660 1582 2495 5710 429 5003 5298 4925 4082 2906 874 4241 4666 5014 4137 4079 28 4103 5236 1400 4893 
289 6 1 7 3 23 5289 2782 5570 1882 3080 1277 1331 5096 1115 1390 5313 1706 2567 1990 1192 2605 3638 382 3608 3258 1345 1087 3391 
290 7 0 9 1 23 1796 2416 2485 5239 4014 95 2500 3298 2570 481 2128 2163 5305 3794 414 165 1494 3288 2732 2679 2304 5150 5207 
291 7 1 9 3 24 3147 2948 3129 2102 3447 5329 587 1866 2975 5218 1151 1169 63 2625 5475 3715 2671 627 1776 1693 4087 4054 2682 2553 
292 6 3 7 4 23 857 1702 4548 4243 1205 3538 2539 4077 4528 1683 2065 3304 2984 3485 3932 427 4606 418 3571 3455 1396 1336 4347 
293 6 4 7 6 24 5608 473 2548 4696 3429 4571 5616 5228 4444 2084 2545 4524 3900 1854 959 2882 5991 2063 3663 4782 5396 173 5499 4270 
294 7 3 9 4 23 2435 5651 995 5889 3505 5716 5779 4360 2363 5116 2993 202 5080 2873 3876 2318 3911 3838 1335 1920 870 589 696 
295 7 4 9 6 24 3857 5793 5764 5156 2795 3584 3916 5501 5801 4368 3596 1433 2673 593 5297 488 1966 5844 1526 2651 5125 3641 2935 1668 
296 9 0 11 1 23 5747 5784 47 4560 2175 256 3352 5498 5300 2641 4061 405 4276 1743 224 2199 1887 5655 3920 1568 4946 4951 2475 
297 9 1 11 3 24 4029 1509 3692 3872 184 2802 2218 242 222 2225 1935 4658 4433 3 376 4903 864 187 4824 322 4558 2324 4332 5255 
298 11 0 12 2 23 5940 577 3216 1742 2627 5565 573 2751 5984 5098 5317 3931 2940 3512 100 1665 5927 5723 460 4926 1209 1095 532 
299 11 2 12 3 24 2432 4300 2118 3821 4614 2614 1813 2088 5452 5916 472 3656 3224 3725 3722 2891 4841 2885 2196 5386 1912 125 4450 111 
300 9 3 11 4 23 4338 1794 388 3990 5057 5029 4301 3229 5476 5721 3992 863 5961 3971 3949 2688 3923 4851 3465 5796 3902 3135 3955 
301 9 4 11 6 24 2562 2367 1496 5034 2433 4130 4711 1696 4034 146 5482 263 4899 3813 3737 2382 1688 2329 3926 4998 82 245 1671 1816 
302 11 3 12 5 23 4133 5467 4667 748 1497 2790 5079 4589 1225 5935 4831 5552 5406 3991 4111 2675 4868 1342 4297 852 3831 664 3160 
303 11 5 12 6 24 966 4503 4508 1164 4052 4830 3781 3178 3504 5068 2418 3801 2894 5868 4806 505 3935 4389 3273 5957 5318 1334 4234 1085 
304 6 6 8 7 23 2327 4710 296 16 5738 5212 4913 4336 2896 1292 3243 5190 2563 1475 2255 1844 5702 3619 5976 5556 2616 4232 4668 
305 6 7 8 9 23 1764 4489 1261 1521 1200 1480 847 2724 4826 5358 1311 3049 4882 303 1612 3314 4655 3530 710 3629 599 1352 2506 
306 8 6 9 7 23 2246 369 1134 4958 1211 154 4160 2089 3547 2369 3331 1168 4191 2806 2276 1452 3015 3008 1189 5400 1622 5120 5232 
307 8 7 9 9 24 2690 524 4864 2301 641 2597 26 5258 2515 3116 4184 4286 1987 567 1145 2952 2637 2689 1853 2962 3666 2490 3845 5780 
308 6 9 7 10 23 939 3506 2574 1110 1843 1027 1360 2668 2877 2750 1043 555 4559 1484 189 1254 4453 424 1555 1344 5968 789 2867 
309 6 10 7 12 24 1322 1054 199 2271 5981 565 3835 4408 4495 1641 5421 2828 5204 302 3469 5579 4185 101 2040 1653 4349 2383 896 653 
310 7 9 9 11 23 5685 2809 3320 3127 4776 239 3493 878 3462 3042 4249 5936 5594 252 562 2530 122 2765 1780 4308 4459 4907 3673 
311 7 11 9 12 24 4254 2132 2604 1751 1376 3003 3558 3043 238 3302 5769 5480 2977 4720 3702 254 260 4697 713 669 695 5923 5715 4612 
312 9 6 11 8 23 4391 5314 771 3401 2114 1871 1569 4436 2848 2311 918 2712 1103 3326 4762 1898 2861 2291 5830 423 5895 4953 721 
313 9 8 11 9 24 5472 1242 3322 2402 3988 2692 1709 2046 1198 955 903 2389 1681 4005 1302 3986 1753 2420 2482 3624 1878 2393 5798 471 
314 11 6 12 8 23 1410 2642 1656 2992 1256 5220 316 588 629 766 3134 2078 4128 581 4942 2347 280 2152 5430 2411 5822 698 1443 
315 11 8 12 9 24 2776 4020 1792 2519 1806 561 2654 4699 1913 3612 854 300 2436 1570 3998 3146 4281 680 4434 4138 5503 4955 4042 4797 
316 9 9 10 11 23 3975 4579 1296 3027 3431 5164 4242 2537 3084 4083 3993 4240 4750 1363 3228 1770 4685 1820 4889 1369 753 80 1655 
317 9 11 10 12 24 4757 1519 570 4021 1628 3789 2498 2826 5629 5907 4956 4847 2455 2924 3495 2067 4324 3729 2401 4870 5179 5129 1411 170 
318 10 9 12 11 23 3089 132 1412 5960 4397 3171 149 732 826 674 5084 989 1720 4760 5656 5901 1016 3816 4273 2785 5598 2421 3132 
319 10 11 12 12 24 3594 5876 1905 3383 2957 5424 954 4621 971 2422 5861 1624 452 1143 5865 2332 3997 2897 2038 934 5911 2863 5768 4639 
320 0 12 1 14 23 5952 92 326 5971 931 200 3939 2759 1847 3678 2702 5735 5231 5864 553 723 3566 5489 1763 372 2391 4223 3239 
321 0 14 1 16 23 503 4170 1811 1317 1355 4620 1757 4407 246 3449 5095 4874 2824 2155 2621 5285 4810 3086 5485 57 1637 2538 617 
322 1 12 3 14 23 658 2721 4716 5256 5466 2161 3376 3735 1830 2918 5925 5018 3297 1962 5326 3385 3460 3006 4222 2560 1872 1932 143 
323 1 14 3 16 24 5025 3719 1814 531 1540 4982 136 3774 39 1638 1391 3707 881 411 693 5581 3359 984 4609 4251 4990 2661 4335 5000 
324 0 16 1 17 23 2248 2413 5874 204 24 822 813 3591 2691 5577 2903 1863 3315 1325 1690 96 5197 5918 4065 4228 3744 3417 206 
325 0 17 1 19 24 4839 2007 5805 1623 5564 1060 2601 1983 236 994 3565 1545 2859 4306 355 4248 1963 1504 123 1841 4834 1808 4625 466 
326 1 16 3 17 23 4046 3784 1298 4293 5322 2004 1429 1098 4657 4987 5221 2470 4269 8 3683 5419 4758 4759 1073 1009 914 2023 724 
327 1 17 3 19 24 3840 2499 4763 4462 389 5373 3019 5011 708 2843 1213 4117 2186 2841 1327 5127 5100 3370 5449 3597 249 2464 4901 3448 
328 3 12 4 15 23 5908 5827 991 2945 4316 976 1804 950 3963 3296 4442 1279 2446 4809 4945 2701 1442 3940 4502 5840 3689 148 5546 
329 3 15 4 16 24 5812 3883 797 230 5157 4405 3009 3978 5783 5800 432 4784 2969 3709 5005 2584 2905 294 3514 2220 5742 3257 1165 3193 
330 4 12 6 14 23 5755 798 3633 3269 130 2278 5241 3521 4665 3572 4025 2898 5687 5967 4401 5896 2946 312 3869 5286 1265 4719 4375 
331 4 14 6 16 24 2355 3022 4088 3889 3890 1859 1193 1669 1 3580 1186 218 4312 2466 4371 3581 4268 5569 3600 969 5411 5195 5316 3947 
332 3 16 5 18 23 3280 1383 5692 1988 4835 156 4940 5354 1402 4002 2723 3851 4617 5988 0 3574 2452 1276 2542 1915 1725 2289 648 
333 3 18 5 19 24 4081 3534 850 1664 4543 349 1947 4950 3924 947 3256 353 3842 4769 3248 3070 515 2130 5871 3443 3281 440 44 4626 
334 5 16 6 18 23 2693 2964 2649 3111 4119 5012 1596 3078 1517 188 3032 4761 591 5402 1869 5620 4702 542 4469 556 3342 5458 705 
335 5 18 6 19 24 2707 1501 461 3999 3948 1303 337 3995 4123 5724 4947 5863 2525 655 5296 3242 3723 3888 3076 5371 2954 4224 2306 2780 
336 0 19 1 20 23 1994 1092 3002 456 5021 5224 530 5081 4213 1781 210 3418 2966 2963 4310 2763 1220 2392 2970 4794 3475 5032 5303 
337 0 20 1 23 23 5372 455 4678 2798 71 1476 2923 536 2201 56 5905 4113 2817 3459 3654 2045 410 3154 2928 4367 3293 4211 1663 
338 1 19 3 21 23 4362 2359 2334 5883 2107 1626 4108 4909 3868 2788 4670 5115 76 502 2656 2655 2240 5348 4027 2607 4186 1838 4218 
339 1 21 3 23 24 5567 2881 982 2154 869 291 3837 4059 715 1532 4838 5671 127 1689 3259 2469 5663 41 3487 2297 4778 5930 1666 3718 
340 0 23 1 24 23 4413 4212 3548 1227 4182 4573 1505 5837 1956 119 4317 727 5532 3658 3674 3891 1648 3020 2029 4116 4544 5295 2232 
341 0 24 1 26 24 2005 1951 3133 5234 3844 3647 3557 2288 1886 374 4732 2284 5311 4607 4600 3856 4661 1091 1456 1694 1117 1894 2650 1455 
342 1 23 3 25 23 4541 4201 3700 521 4129 1740 381 5062 1083 485 5719 3344 1842 1837 4145 3786 1237 1825 4698 4006 2141 274 2396 
343 1 25 3 26 24 4209 370 5810 683 261 212 1149 2527 2915 1938 4438 2979 2357 4445 3672 5605 4833 4817 1636 42 4091 227 5020 1112 
344 3 19 4 20 23 1613 3348 5483 932 1910 1014 5573 2866 1846 5562 1194 1819 5315 3982 105 243 14 107 1537 5795 5807 2381 5186 
345 3 20 4 22 24 4938 905 902 2917 5023 941 333 938 5288 4477 1381 1485 3073 5679 1760 5183 4992 920 1249 1602 4623 68 5093 2577 
346 4 19 6 20 23 5880 3203 2448 3959 99 1541 2041 1307 1401 3750 1111 3830 157 3917 3276 1281 5140 3818 2714 4808 1319 2991 5658 
347 4 20 6 22 24 4070 4974 3825 992 2944 2999 5264 1440 1954 2845 3802 2634 3217 4692 4844 2477 4388 3767 421 2676 4396 4979 3164 2058 
348 3 22 4 24 23 1777 2472 5636 1999 2513 128 1923 4412 5635 5287 5454 4094 3395 2698 5680 4624 3944 2352 1685 3913 3621 2378 4507 
349 3 24 4 26 24 3490 331 3595 3822 5185 1047 2030 448 4417 1605 1406 3468 933 2229 4380 244 2532 3665 4069 5443 1629 4704 4072 2115 
350 4 22 6 25 23 2153 2356 635 1514 2336 2338 3976 2434 686 4045 1675 3463 4517 5409 3151 5819 36 2144 5833 2394 3579 1067 120 
351 4 25 6 26 24 5802 546 3153 2 4164 650 3823 4278 783 2558 2820 5050 1011 509 5792 4505 917 1202 1840 3787 4911 5948 343 1533 
352 6 12 7 14 23 5645 5602 3520 194 1571 824 1934 1436 486 4143 5283 3785 4960 684 5176 586 795 2745 3404 5162 5121 5260 5572 
353 6 14 7 15 23 4988 3796 1208 283 4532 533 4315 3922 2510 2310 5887 1157 2789 358 1188 1586 2583 2943 2741 285 12 4980 5490 
354 7 12 9 14 23 2423 3510 3324 5943 3568 566 435 1350 621 5543 4734 5765 2677 1800 4474 366 5808 5053 5625 1068 726 1197 1711 
355 7 14 9 15 24 4511 3738 2483 4825 315 3270 5514 2142 1551 1285 3387 4327 5502 1457 1140 2249 846 2719 906 4353 3386 102 3299 4038 
356 6 15 7 17 23 526 4683 719 2925 4728 1687 3777 4705 1286 891 1282 522 3927 742 1253 2445 4610 3045 5312 3669 5135 237 4196 
357 6 17 7 19 24 983 228 4963 1018 3341 5554 3703 4534 1761 537 1398 3592 4337 675 5192 5252 2878 3622 4055 1855 5505 3695 5184 3363 
358 7 15 9 17 23 2059 1603 4927 5447 1341 1930 1941 1575 922 3057 4037 112 1078 417 3839 5381 3874 3788 4527 21 3415 1426 5727 
359 7 17 9 19 24 1251 2390 2211 5762 5966 3131 2091 2454 5947 5346 3432 4829 4048 1487 626 5542 1779 2746 772 3364 4275 2653 163 687 
360 9 12 11 14 23 572 2812 977 3349 4422 1138 1472 808 5149 1124 3223 1212 2819 4305 2842 3589 1425 5412 794 5938 1005 5519 396 
361 9 14 11 16 24 5989 5580 1989 2524 3357 5353 1162 5726 390 2035 3166 2931 4588 2771 2053 2696 5099 2638 2465 3343 3136 2379 4768 1676 
362 11 12 12 14 23 3211 1058 1864 4574 3824 2531 5828 1155 5856 4197 1081 2725 1146 1368 875 5194 3508 3627 3355 5242 3261 2726 3972 
363 11 14 12 16 24 5999 3051 2377 1207 2167 5214 1204 2014 4516 3634 2839 2112 2910 5509 4651 2020 1329 5614 4478 743 1567 5395 2316 907 
364 9 16 10 17 23 962 5060 2717 916 5770 1139 1652 3803 2953 3409 868 223 2507 3245 4090 493 1607 3684 4261 3921 3381 3130 3104 
365 9 17 10 19 24 2290 690 2302 988 3748 2265 5506 4555 5674 5745 3366 1074 1635 3494 5740 2247 4180 5006 4414 940 4592 2388 5319 4721 
366 10 16 12 17 23 3067 10 1754 1427 5451 2559 4357 2217 2047 3121 2932 4944 332 4649 2043 4359 5393 4616 5995 585 5066 4163 777 
367 10 17 12 19 24 5717 4576 4884 1063 2286 1023 836 2760 3282 714 1470 3964 2457 5174 1524 838 232 5170 656 5756 4454 2431 4959 807 
368 6 19 8 21 23 890 4563 1801 2598 30 2965 4161 554 124 5469 4551 198 5230 4581 38 5549 5841 5496 4640 3120 3779 3711 2568 
369 6 21 8 22 23 1351 4172 1461 3937 662 3755 5180 1404 3252 73 4618 3004 436 2937 4568 2442 4099 5739 3686 5646 1588 5684 3637 
370 8 19 9 21 23 1056 670 3644 3804 711 147 3850 4144 4553 271 1718 841 4781 1180 3519 4250 4203 4321 1454 2566 4780 4996 5460 
371 8 21 9 22 24 3497 2869 1150 3895 1273 5825 3407 1579 1931 2222 2298 138 3393 2985 1731 3157 267 3836 5369 1493 2160 5633 1735 1290 
372 6 22 7 25 23 970 1657 5773 953 4198 979 5376 5919 5963 859 665 3374 3346 342 2319 1985 551 2591 5013 3398 377 3679 185 
373 6 25 7 26 24 3336 2443 4726 1798 5041 3241 186 3001 1601 2674 5105 5628 4908 5133 792 1845 4878 4549 4500 5839 1338 235 5761 809 
374 7 22 9 24 23 815 1347 3264 2628 1784 1392 3392 1870 3048 55 4264 5597 4526 5872 5427 1294 2071 2581 5510 415 1478 843 2177 
375 7 24 9 26 24 4933 5586 2450 3290 4494 1677 5531 3329 1293 5293 4802 1232 1424 3161 1201 1122 2779 3416 638 5964 3905 668 1741 5086 
376 9 19 11 20 23 1061 4569 2108 1766 1362 2097 4562 1041 5978 4485 5065 3987 1170 1563 5527 1312 4342 5962 1382 4086 3424 2489 2000 
377 9 20 11 22 24 422 2410 5547 409 5143 3588 1287 2555 5595 5385 1097 1223 5551 4148 1833 1127 1888 1543 394 1927 35 5309 2516 4031 
378 11 19 12 21 23 4067 645 2194 309 3426 3476 2140 1961 747 5691 3159 4060 3705 3602 2672 5073 4379 3360 5513 5920 1479 3181 1708 
379 11 21 12 22 24 2070 5574 5146 924 3244 4410 5380 4800 1678 4664 3103 2833 4157 257 944 1633 4331 5357 5681 1163 2074 4836 3616 2303 
380 9 22 11 24 23 5647 2796 4961 4861 1291 3150 2728 2048 240 195 279 1444 4564 144 725 3614 3240 2633 2561 4298 5533 4615 4803 
381 9 24 11 26 24 2016 5266 858 1619 754 2868 1284 3618 5074 3380 2511 2718 2870 4922 2739 523 4897 3158 4346 5664 1215 3739 3859 258 
382 11 22 12 25 23 2980 268 5642 5776 3746 2478 3081 467 181 3172 1884 4654 1997 4195 1214 5845 4686 3422 2754 4918 827 5832 1399 
383 11 25 12 26 24 3358 1644 618 2902 3628 4044 1458 5662 5857 4098 2488 1230 579 2756 4151 2920 1710 1131 4425 299 79 219 5177 340 
384 12 0 14 1 23 825 483 5913 4828 735 4012 62 2657 1318 5686 596 3249 4957 2171 661 373 2134 5323 5718 3855 4514 1577 4225 
385 12 1 14 3 23 442 5247 4613 4791 5159 4036 1899 3486 3688 4188 2165 5304 3828 2735 2865 3710 4377 4675 3489 3523 2461 2126 477 
386 14 0 15 1 23 4795 2762 1562 1309 4023 2624 4917 3970 1902 5151 5181 5119 203 4647 5933 5433 1511 5270 897 385 5544 3585 595 
387 14 1 15 3 24 3100 5537 1553 4632 3305 4084 3864 558 4154 7 2901 1964 3952 3977 5250 2777 2880 1490 2982 4409 2987 51 2648 2582 
388 12 3 14 4 23 4064 5946 2911 3541 1527 3307 1759 269 5550 1715 3433 4916 1431 5294 3814 5453 3498 4376 4919 899 2429 4472 2349 
389 12 4 14 6 24 2778 1244 5152 1615 3728 3238 4126 419 2113 4374 162 4754 3549 328 5675 3773 1258 2176 4040 2697 3862 5714 679 5037 
390 14 3 15 5 23 1038 3904 2492 3899 5217 4770 375 1002 877 736 5730 4265 1102 359 5474 3635 453 3122 3456 3406 823 5070 5851 
391 14 5 15 6 24 1896 2904 1967 4565 1358 886 2296 3741 3882 2959 2956 3179 4701 1531 404 3266 785 1210 3912 5983 4204 2908 5975 4570 
392 15 0 17 1 23 3141 5789 5977 652 272 654 5979 5410 4284 2158 3892 3817 4343 1076 2362 1462 5345 2168 1356 3170 1001 3849 4358 
393 15 1 17 3 24 4390 1304 1328 197 3175 3875 3811 2191 3827 3169 3271 606 4446 3815 3378 1203 4856 5986 1901 2742 1771 5660 2709 4807 
394 17 0 19 1 23 5061 974 361 5757 4499 1728 3345 2929 3563 1673 5491 2575 5790 5534 3532 4873 5900 1697 609 4217 2822 142 2105 
395 17 1 19 3 24 4652 3834 1900 3068 5276 4869 3954 1036 946 2579 2617 1805 3208 2235 4804 5591 4304 2263 5083 4431 4796 5040 1604 2210 
396 15 3 17 4 23 3338 880 5820 1272 1576 475 2743 1564 4440 4448 704 884 5866 1617 5077 4949 510 4255 5676 3218 1206 205 3696 
397 15 4 17 6 24 1222 4468 2797 4853 672 535 2847 305 927 1260 1762 1522 855 480 4735 2934 659 2341 2615 2459 4330 1724 1750 3903 
398 17 3 19 4 23 3063 2099 5477 492 5688 3946 4595 5027 5092 700 2270 4793 4004 2103 5610 3765 1028 2514 1552 1982 407 3543 2608 
399 17 4 19 6 24 4134 2117 575 4814 5248 5575 4554 2805 1765 5229 5997 5328 607 755 1953 192 5166 866 904 1958 393 2804 1978 2237 
400 12 6 14 8 23 3660 2274 5558 4964 2994 1243 5728 3039 1548 1374 2034 4219 2710 761 3412 420 5504 872 642 5834 3491 968 5703 
401 12 8 14 9 23 3501 3466 2172 5539 347 4141 1975 3038 5333 3598 993 4708 5699 2722 5254 945 5101 1473 498 1700 234 4146 4662 
402 14 6 16 8 23 1050 3389 3934 275 3630 5431 4092 3950 4681 1721 4849 3945 4139 445 1822 2556 1059 580 1682 1408 3712 1090 5545 
403 14 8 16 9 24 2138 4629 5064 2986 2864 3536 4646 3611 3909 314 4406 2990 1221 2315 3793 873 972 625 1173 3098 882 2462 4307 1594 
404 12 9 14 10 23 153 1991 3833 1300 1893 94 1071 3502 1993 2837 1538 437 765 1950 2713 400 2487 1075 4703 3356 1089 973 538 
405 12 10 14 12 24 330 1858 4872 2941 1051 3969 4455 1703 34 141 2326 2912 2694 5906 2384 1394 975 5891 3372 701 5201 3379 20 4479 
406 14 9 16 11 23 2737 145 4871 334 5244 5394 4488 5420 2406 5351 1066 401 3413 1006 1181 1247 5161 4370 4050 3278 5219 3311 4263 
407 14 11 16 12 24 5953 2786 3373 5893 5970 1852 159 3397 4187 4801 5956 2540 5729 2252 2534 5630 4673 4676 3593 4751 4287 1748 2268 1797 
408 16 6 17 7 23 1659 365 3854 4074 2272 4682 490 1639 2800 814 848 49 1257 193 3062 1167 1217 5457 2279 4914 5332 1592 5518 
409 16 7 17 9 24 616 1271 5022 2930 2578 1799 4865 1421 5744 1960 3287 611 2399 2428 2183 4862 4542 121 3327 578 1832 5211 5158 356 
410 17 6 19 8 23 965 5226 3055 2339 574 4295 518 4096 318 5132 2996 1879 4921 3771 2398 2716 5028 1559 1891 790 517 4530 174 
411 17 8 19 9 24 2974 1933 3848 3188 1726 2147 3966 2120 4687 2321 4227 4590 1500 3441 3573 4200 1643 2573 5404 5748 1529 3056 5607 1917 
412 16 9 18 11 23 317 4537 1952 4713 3607 937 3809 4262 3659 3294 1477 3369 5587 5200 770 1100 3026 2695 4051 4471 4536 4105 2541 
413 16 11 18 12 24 3919 2989 2024 5401 2883 2182 364 2125 4883 1528 255 4777 1911 5004 4722 1428 1679 4557 4695 439 1377 3442 2747 4452 
414 18 9 19 10 23 550 1621 4181 5972 3143 4411 412 5882 5462 5618 1986 2189 5846 5473 3670 3546 1430 5108 5725 631 251 4743 5815 
415 18 10 19 12 24 3778 2612 729 5848 3625 1250 2592 3500 5621 3303 749 4525 5063 2858 247 325 3065 64 5949 1503 1851 1924 1695 4289 
416 19 0 20 1 23 5553 3472 2814 3645 4169 1175 2230 2644 2667 1387 5890 5464 5290 4419 5794 3328 2137 1414 2636 681 1746 5 911 
417 19 1 20 2 23 3010 3668 2900 2366 3747 4018 514 1270 3388 378 253 4631 584 5829 150 5426 3664 4939 4189 4132 4748 3655 4501 
418 20 0 22 1 23 3603 774 4845 5016 4473 383 1434 663 288 5187 4089 1109 5561 2947 2951 1177 2729 821 5650 651 3337 2862 830 
419 20 1 22 2 24 4718 5137 2368 612 2874 4282 5114 2330 4426 999 3885 2787 2774 1824 4533 4902 1892 5418 1585 2039 3474 1674 172 1488 
420 19 2 21 4 23 2380 66 1732 2397 1174 4106 40 4001 3717 84 2317 699 3918 3382 4522 2647 2269 2323 2619 479 3791 398 2292 
421 19 4 21 6 24 4680 5182 5982 2686 5058 5110 2730 5275 2622 2331 5990 5007 3198 3200 3109 4115 5492 2174 4245 4582 4989 2851 5338 3279 
422 21 2 22 4 23 4986 367 4 4520 292 1423 2094 3757 5631 2907 1283 2816 781 1337 2588 2600 3799 4993 4786 2852 2753 5082 1280 
423 21 4 22 6 24 4900 1908 1943 3044 1403 5763 3330 1589 3606 728 2151 3676 1572 528 1812 5017 3174 1397 861 487 4202 3631 5904 3347 
424 22 0 24 1 23 4363 1877 3980 981 1062 5965 2949 2536 930 3375 5215 1979 5375 31 1918 2273 2602 2293 3643 1190 4339 5054 2012 
425 22 1 24 2 24 59 1600 5722 5089 1981 281 1926 1266 2031 1228 5392 4700 4311 4775 3983 449 2973 4790 1957 4013 1451 1226 2844 3199 
426 24 0 26 1 23 4556 1171 4463 3247 474 5216 2438 630 2618 883 5932 387 4341 4166 32 958 1361 4266 1315 459 3140 3989 516 
427 24 1 26 2 24 644 1573 113 5035 1850 5804 3250 4971 5123 4220 5666 497 2576 3452 5657 1492 1246 5799 4691 5455 5088 5945 2854 4591 
428 22 2 25 4 23 3609 450 2253 4299 3685 3234 4043 2360 2133 3119 1417 4465 4779 4529 2810 5843 3526 2139 1372 1549 1909 1614 1354 
429 22 4 25 6 24 4026 2415 613 5165 5824 649 4256 5330 5777 628 5897 5752 5818 1860 341 2340 5942 1040 2262 2447 3690 416 2072 482 
430 25 2 26 4 23 1890 5892 1587 5439 5588 3915 2075 1156 2549 2180 4095 987 357 622 3427 5097 2557 5259 816 1684 3601 3661 4622 
431 25 4 26 6 24 2370 1045 5425 4890 1998 2264 290 2926 4515 3139 5493 2663 3881 1072 5894 2981 2876 2308 2234 2372 4291 862 5879 4167 
432 19 6 20 7 23 5172 773 5619 11 4848 3367 1929 2314 643 1219 5559 27 3152 3569 5791 5465 1616 4404 1007 2887 4805 928 5423 
433 19 7 20 9 23 1809 5389 1077 5269 3570 3480 5878 1182 1176 5367 3268 2733 1252 3435 3657 1791 3017 4886 1384 3649 2884 2572 1019 
434 20 6 23 8 23 3107 3246 3300 3335 3539 5814 834 3384 213 1161 5884 3930 5707 1992 5030 46 1736 1810 3984 5706 1048 3626 3323 
435 20 8 23 9 24 5010 3863 5459 4637 4118 5210 395 5334 3694 1970 5899 1937 164 2216 5870 2610 2061 3516 1739 1126 5583 5909 1649 3605 
436 19 9 21 11 23 1550 5987 5199 1714 5111 5497 2322 5470 3332 3071 454 3870 4058 837 4011 1520 3059 282 3074 3148 2503 4215 513 
437 19 11 21 12 24 4905 2261 4345 692 1191 2995 1972 2444 2458 9 311 5924 759 3194 2486 295 2351 5609 214 1119 2313 5732 4352 2002 
438 21 9 23 11 23 5649 676 3481 1359 2414 3797 2082 2593 5112 5959 451 4837 4764 839 1330 327 2523 69 1608 4076 3377 3126 4843 
439 21 11 23 12 24 1510 4302 4476 540 166 1914 5670 3535 5678 4984 4226 3112 3617 4820 2646 4755 4112 720 4449 3974 1079 3177 5782 2888 
440 23 6 25 7 23 799 1876 4965 900 804 3682 1012 4738 4319 4017 1346 5515 3477 2441 90 4855 1515 913 83 3810 1660 1080 4041 
441 23 7 25 9 24 2684 769 1786 964 425 87 3907 2417 5335 5954 2294 1135 915 2354 2010 2856 5811 2064 519 4008 3800 4714 3578 2871 
442 25 6 26 8 23 4546 3697 3478 5603 4107 1609 4977 1707 2135 5291 1064 5320 3878 4547 5246 4068 2491 3582 876 2599 3576 2715 5563 
443 25 8 26 9 24 512 3125 5634 3769 892 1439 5154 5836 3662 3783 413 5471 3220 1039 1379 3763 3760 3016 2613 3681 4334 4737 4739 4827 
444 23 9 25 11 23 590 1172 1722 564 5816 3613 5463 3142 2669 4969 2997 6 569 2204 3053 1849 5523 4894 4694 2551 1506 3410 329 
445 23 11 25 12 24 3423 2037 1422 511 818 1032 4348 85 2419 1152 5039 3599 5538 3230 2219 286 3507 632 2013 2188 3967 1340 2221 5094 
446 25 9 26 10 23 1389 885 5383 4480 2277 3528 1875 2077 5508 5377 5817 1737 4398 4972 2793 2295 2586 4178 469 942 4427 5522 5548 
447 25 10 26 12 24 1460 1733 796 2585 2493 169 2571 3720 5627 3884 5107 2320 3255 190 2899 3207 1584 484 3575 3137 1235 2761 2886 5643 
448 12 12 14 13 23 2660 3898 386 4239 3085 5055 3236 887 3014 2223 4110 443 1686 231 2988 2350 1179 3496 4575 2708 5277 603 3308 
449 12 13 14 15 23 3529 2073 3420 1769 5847 5937 5511 4605 5626 3354 5272 5677 1435 1343 4458 2784 3577 1916 2505 5249 3195 3897 5593 
450 14 12 16 14 23 3163 2480 5173 321 4272 4975 5390 840 4904 3819 998 4689 3025 2700 2145 5238 3590 1486 3050 3283 1744 5091 1959 
451 14 14 16 15 24 5852 1823 4192 5432 5134 985 901 3957 5494 778 2095 1104 3965 5922 4885 4147 894 1658 2818 1955 3110 608 1949 1021 
452 12 15 14 16 23 5428 1239 3334 5668 5398 1817 3587 438 707 2565 1803 4135 5950 5163 4619 3115 4545 1088 3351 1241 3007 1873 1610 
453 12 16 14 19 24 1928 2857 2044 241 4484 3286 4928 1713 4047 1995 4437 2299 3187 5253 5661 5939 5838 5624 1432 3751 3525 5273 1469 4016 
454 14 15 16 17 23 384 2497 2666 2187 3000 2242 1829 5222 4746 1768 756 1518 5955 1856 4418 5408 4252 4127 4798 3190 935 5992 4385 
455 14 17 16 19 24 1489 58 301 5437 4229 889 3061 2640 4340 1618 5557 2815 3440 1547 2257 3782 5343 3013 2146 220 4896 3197 4303 3721 
456 16 12 17 14 23 457 929 3996 3742 4114 671 3094 4596 5517 3867 5205 2092 1835 2872 4323 2057 4863 5142 2136 2564 5785 2281 2449 
457 16 14 17 16 24 496 1099 910 2185 4369 4162 1409 2003 963 444 276 4236 2001 1862 4053 5648 5429 2528 3693 4120 1634 3011 3484 4858 
458 17 12 19 14 23 5106 5855 1407 5734 4513 3733 706 702 1778 3938 5124 5484 739 4724 1749 2025 1010 5090 3518 4481 3185 118 4460 
459 17 14 19 16 24 1046 2015 1166 4387 3805 2705 3124 1447 4659 4421 4812 2927 3470 1413 131 3253 1297 853 77 2197 2259 2361 3403 2801 
460 16 16 18 17 23 5854 2009 5002 3650 196 3400 5708 5144 3123 5693 734 4920 2162 4966 5669 2807 4441 986 5069 3202 5049 1597 2645 
461 16 17 18 19 24 177 2623 529 3052 2783 5980 408 3852 4910 4073 4003 3173 5261 4970 5414 1106 4168 3726 3524 5600 98 345 860 3555 
462 18 16 19 17 23 4381 5251 368 3149 3291 2720 2687 3434 2325 4583 313 5910 923 2603 4932 3953 5698 4985 5576 4799 5047 2019 3772 
463 18 17 19 19 24 2424 1699 803 1299 4285 5281 3540 636 842 1015 5113 5085 3318 4752 308 2832 1885 5141 2699 2143 2123 3292 2827 624 
464 12 19 14 20 23 93 1642 745 3556 1137 4432 980 3754 2068 2791 5008 5696 5673 2371 4279 2594 1037 4519 4879 2178 2529 4142 1446 
465 12 20 14 22 23 5403 1787 1130 1973 5009 3054 666 2767 1868 5733 3492 717 4104 2680 3511 1233 1773 1008 4991 86 1357 4399 3023 
466 14 19 15 20 23 5321 5169 4356 3807 2206 3567 1654 1385 5307 1105 4943 17 1705 2755 4290 2345 399 1546 3753 2727 5849 5644 4165 
467 14 20 15 22 24 3451 2664 2811 3829 2836 5766 1857 3319 4744 4627 2305 1144 3759 2343 5667 2157 5078 4009 2335 1160 898 5233 4788 5282 
468 12 22 14 24 23 1968 2081 5652 3968 5368 3421 4999 4859 1834 3450 3289 1661 1017 4774 1723 2226 867 1977 4491 1662 2205 5361 3925 
469 12 24 14 26 24 1353 4539 3301 133 4747 1003 5448 2184 5786 1380 5731 3411 5468 293 3210 3034 1378 403 5741 75 3942 4439 3871 549 
470 14 22 15 25 23 4177 1101 4259 2840 4309 1159 1632 3201 4230 2080 4766 1940 1375 828 4731 447 4456 4179 2830 5560 5043 1234 4915 
471 14 25 15 26 24 2300 5926 2976 4237 5139 908 3167 4729 782 5623 117 1114 1042 1121 478 2387 5571 3517 2404 5566 4630 5360 764 4842 
472 15 19 17 20 23 3235 4415 1598 215 4171 552 956 4475 3237 3047 5606 3847 1026 1136 5754 5697 3550 3981 2860 5941 5582 1240 2083 
473 15 20 17 23 24 3542 2193 4467 1386 604 1482 1116 2635 888 3962 4648 3093 1630 2430 5301 2224 948 637 1120 1245 362 2526 264 3724 
474 17 19 19 21 23 2922 2203 1544 4603 2251 936 4967 2893 2150 4247 4233 5478 160 175 3583 5227 1591 3826 1231 1118 499 4075 2148 
475 17 21 19 23 24 1084 678 4854 1438 2813 4599 576 1755 740 5996 4572 2260 1147 2033 2116 344 2764 3184 5767 29 2632 2781 3251 4280 
476 15 23 18 25 23 2825 209 3095 3399 2512 5826 4015 4131 4753 582 2471 1836 504 115 3262 1647 3436 476 5118 5821 5444 571 4066 
477 15 25 18 26 24 3438 5759 3808 4019 4787 5705 4000 4373 5758 1020 3105 3887 346 1289 703 4643 3339 4136 1324 2062 3768 5931 925 2892 
478 18 23 19 25 23 4039 2026 3439 3222 248 4447 2629 3072 560 5700 2440 5617 5853 5993 4214 871 270 5355 5596 1044 1611 3544 5750 
479 18 25 19 26 24 4538 217 2484 2552 844 4580 1263 4231 3458 2914 4523 134 406 5774 1499 2337 4679 802 1667 4354 2085 1783 319 805 
480 19 12 21 13 23 4821 4934 1468 605 2639 4815 4567 4457 2611 4010 2501 1388 4660 657 116 426 5324 1670 5694 3225 2426 3091 284 
481 19 13 21 15 23 4394 4510 4253 1049 1692 2749 4930 5903 4007 5622 3088 688 3623 2212 3394 597 89 5445 1467 4271 3176 3636 363 
482 21 12 23 13 23 5859 430 5806 757 339 2200 2405 1788 2364 4093 4601 4566 737 191 4857 2772 3396 2386 3333 3841 3488 1772 3620 
483 21 13 23 15 24 2169 2678 1133 5325 1874 470 4206 3914 52 1593 5951 812 2093 4937 694 2740 1530 3083 3762 1035 1883 2285 161 1625 
484 19 15 21 17 23 3979 4416 5038 2425 5737 5500 3317 4712 3405 1453 3350 3265 4850 3861 3860 3192 4597 4518 3284 1802 615 208 1471 
485 19 17 21 19 24 5973 1969 4246 5036 211 1113 135 207 310 5175 3513 2049 2950 4030 2028 4906 2106 3764 2239 431 1474 5788 978 3564 
486 21 15 23 17 23 2569 1065 2758 3734 4326 4150 1094 1936 3138 851 1867 216 776 1195 5541 4344 634 3117 5026 5171 2412 5189 463 
487 21 17 23 19 24 4424 3701 3642 1419 506 2124 4531 1974 1123 5327 2110 3843 5712 1306 2855 786 5382 5928 4062 5388 3096 5056 4877 1965 
488 23 12 24 14 23 226 2474 1267 5072 3727 3985 3798 525 5615 623 5809 4393 3461 5749 1301 433 614 5520 4994 54 5262 5363 5378 
489 23 14 24 16 24 5578 5555 1498 1405 1698 4740 4492 5122 2476 3775 4296 3060 1022 3365 1729 957 3653 1627 2266 2913 3031 2496 2748 2056 
490 24 12 26 14 23 1640 5033 4608 5051 768 3030 1542 4789 845 4382 2042 5898 5885 5243 250 501 350 5160 5031 4968 1184 4931 4765 
491 24 14 26 16 24 5944 1491 2127 2439 3706 1154 2179 158 5104 3473 5130 1944 1889 5672 4709 5682 3233 2190 5274 1574 2665 2050 2346 3756 
492 23 16 25 17 23 3029 2589 464 335 5803 810 1224 4400 3749 4898 5530 3180 2683 53 2238 3691 1701 5507 3503 1976 1129 2546 1004 
493 23 17 25 19 24 5487 2799 2250 3191 3312 176 5589 1775 2236 2051 2066 4983 304 2587 3483 1738 5781 5076 2967 5760 167 2520 1481 5048 
494 25 16 26 17 23 273 1565 4852 1495 129 233 168 4174 201 544 352 5797 5278 833 2282 4466 568 1734 1316 2215 4497 5045 3766 
495 25 17 26 19 24 5387 1583 3446 780 2706 2681 2090 793 5350 3361 2256 4749 2119 4423 5689 779 5349 3205 266 3087 4155 4199 4773 4035 
496 19 19 21 20 23 4366 639 3553 1752 2846 4602 3231 183 3908 545 5695 5787 4561 4109 1333 5435 2596 1513 2978 2522 3792 3958 2909 
497 19 20 21 22 23 3936 5711 2890 3128 1795 4952 4402 2481 1348 171 2662 5842 2342 2170 5486 4756 354 48 3973 491 5024 2036 1606 
498 21 19 23 20 23 5015 746 3402 4464 2243 2502 4811 619 5359 3906 4552 4033 3604 2353 3340 43 3036 5709 4715 4688 2374 2494 677 
499 21 20 23 22 24 3227 5858 1364 2027 5208 3704 2766 943 2100 3893 4152 1236 1758 602 4741 5131 3066 360 1483 1922 2008 1620 547 1463 
500 19 22 21 24 23 3221 3260 126 2209 5415 5198 1507 3740 738 2275 2609 4121 5059 5912 37 3880 3894 4771 835 1086 3155 1366 3713 
501 19 24 21 26 24 2554 5736 61 4888 4194 1939 2938 811 4372 3928 4792 685 23 5284 2734 5102 5902 5654 2983 1320 5306 5599 106 1996 
502 21 22 23 25 23 1141 462 2348 2451 2375 1082 3313 4384 3099 3515 3082 1756 5001 5994 4611 4235 3254 5611 4948 2738 4395 391 3097 
503 21 25 23 26 24 2098 820 592 5240 5529 1269 806 1554 297 2919 3189 2407 5495 489 1716 919 5958 324 3910 949 879 155 2195 5126 
504 23 19 24 21 23 22 289 3040 4818 1880 3708 5441 1646 1052 967 4024 500 4100 2998 1449 1295 3325 1393 543 108 5640 2853 2838 
505 23 21 24 22 24 2955 1248 3064 4677 1827 5446 4832 527 2626 2409 5213 4783 5109 4663 4350 640 3639 5683 3562 3021 45 5461 4880 351 
506 24 19 26 20 23 5823 277 3994 2198 2131 3310 2231 5279 2060 5612 5653 5604 5362 4936 287 3615 832 520 3144 1367 3267 2241 893 
507 24 20 26 22 24 4892 1268 2769 5352 5206 1539 4641 594 4470 5416 4860 1365 2942 1321 4032 5831 4140 4727 5525 1508 4785 996 1464 5397 
508 23 22 25 24 23 2960 1000 1025 3277 1925 2328 1033 5743 3156 3960 2971 2504 2309 5867 2227 5356 4313 4022 1185 2547 5875 4149 1255 
509 23 24 25 26 24 4912 3499 1308 3479 225 4924 610 1535 5512 2358 3745 2122 2590 4706 4628 4122 1339 5434 3509 1745 4512 4071 262 2895 
510 25 22 26 25 23 1323 229 1578 3445 5052 1672 3832 4535 4840 4125 4260 4378 5147 4717 2473 4578 5521 2055 1370 4846 5087 1789 2403 
511 25 25 26 26 24 5268 1030 259 4895 320 2376 2550 2233 1865 4929 2658 1561 1416 5637 5985 4772 5488 4540 2258 1125 2936 5450 5331 3165 
