256
256 0 0 0 0 126 126 128 135 58 8984 4776 7975 11025 9791 744 13667 6334 8705 4956 12609 9722 1847 14470 2466 1800 8947 7351 11197 828 9392 14265 9136 13957 8019 1805 9995 6124 4263 7658 12595 9666 3761 3754 14969 7124 11595 199 1614 2372 13434 2020 12692 2874 11644 4055 14547 6969 6375 8245 10390 2848 13429 3169 6704 9189 12187 4669 
257 0 0 0 135 126 126 128 248 59 9863 10538 10469 5503 10877 8354 9906 8020 6835 4099 3713 6465 4971 3750 7535 11634 14575 6884 4390 11337 7034 2468 4854 14981 9857 3535 4684 11479 4409 2119 12802 3764 7365 5043 5479 7989 10396 6181 11 3899 10391 11662 8279 13814 10601 7721 5258 11756 6590 11352 4158 11289 5022 9597 9664 11897 8675 3178 4018 
258 0 0 128 0 126 126 258 143 58 3166 12522 13616 8055 321 13521 14140 2711 13469 2090 8241 730 14308 13652 3258 13557 11738 8824 6988 12553 4619 1394 7361 11343 9244 161 11279 3014 14338 14482 6560 14779 133 1256 12180 685 4439 12864 12409 10386 10596 7530 5678 9833 6220 9305 2362 6537 4319 14546 13333 12994 6433 9056 1844 13874 2847 9026 
259 0 0 128 143 126 126 258 248 59 9153 4698 447 5210 332 13732 1712 6805 3771 7072 5541 8447 4810 552 4570 1819 14416 14947 13973 12777 13986 47 11517 3087 10186 8754 8095 13991 8442 6484 8725 10036 2663 10230 13639 3199 12583 5240 6378 466 13313 1419 4759 9528 237 12534 8073 10384 12808 1337 14290 8601 5898 6876 4575 12065 1235 5978 8399 
260 0 126 0 0 126 253 130 141 58 13013 169 13193 6650 5916 7729 10572 12516 3345 1401 1660 2396 11311 3926 2795 11170 4620 7473 10184 8238 14865 8275 13683 11817 13428 6598 10610 9825 5448 8427 4384 11827 9093 14815 12023 2510 4788 731 7229 13387 8461 13432 7285 4095 13356 7042 716 2546 1641 5855 10240 11989 3513 5787 11422 11929 3029 11274 
261 0 126 0 141 126 253 130 248 59 9300 8977 8414 2715 4241 636 1140 12253 9266 12276 12321 14429 5251 934 287 8409 2106 4523 4858 4262 11331 1030 12478 10213 7951 14542 2192 7884 12584 5113 13881 13485 1205 6206 5155 3328 10925 13522 1167 6603 5465 11786 12297 4933 4840 4787 12832 631 912 13379 13440 2700 14573 270 9731 8936 3093 10919 12531 
262 0 126 130 0 126 253 258 124 58 2892 8821 1242 11127 10466 5435 9636 9393 9575 4188 11892 3461 13789 704 7461 7517 1924 2487 719 14857 6177 12920 1487 967 11905 14329 4070 5409 13053 5590 907 2389 5760 4822 7666 3986 7464 11024 1747 463 6311 12621 5698 11416 1234 14399 11144 92 6512 11902 883 8490 4040 13074 5411 12776 13409 2956 
263 0 126 130 124 126 253 258 248 59 6536 5551 10835 7267 12234 9065 3790 8178 7686 11495 4634 9087 1568 9592 3489 3965 10352 3005 7901 13298 10768 1736 9439 8746 7384 9304 12677 1883 7787 8166 6070 12127 6023 6231 5262 10738 4036 492 14002 2978 13090 7831 1554 3249 4404 8071 7416 5444 2127 4766 5382 8046 10484 12350 1596 3609 7917 3285 13145 
264 126 0 0 0 257 120 127 115 58 5512 7950 13921 6193 8408 4768 688 14980 14540 2925 3060 2246 12879 14754 10803 1222 13204 10881 7810 12156 13517 1414 11022 4381 6176 1147 1609 8109 3852 6460 2292 6606 5559 890 3674 1956 9115 4880 14412 6569 8335 3978 13761 5979 814 9579 3746 9454 5935 1740 3464 1228 94 13576 8877 7203 6257 3024 
265 126 0 0 115 257 120 127 248 59 2194 1108 7400 13663 2861 9778 7073 9462 12929 6467 4560 9322 6204 11492 9105 13637 11054 13048 14984 6367 7733 12097 772 7066 5610 11915 5835 6034 6960 864 2281 10109 693 4943 10695 3344 12773 8949 7036 14552 697 13446 10733 8458 12909 2053 14030 12469 1869 7130 277 3052 12302 721 2096 129 10614 2235 5217 
266 126 0 127 0 257 120 258 115 58 12789 10677 12730 14524 3562 8197 3877 12247 12407 2595 3426 10361 6866 3261 7744 10098 14510 4309 14084 8876 5550 12821 6732 2741 4371 5268 7215 14488 8856 6110 198 9844 11857 11692 1971 2931 2727 14966 10302 11094 8491 11693 3186 4782 547 4432 3608 9563 12810 7863 787 5311 11712 1209 3271 1909 2680 2359 
267 126 0 127 115 257 120 258 248 59 6521 682 13793 2172 362 826 4372 8564 5756 12345 5921 11592 13046 541 13867 13875 264 14240 7231 9801 8793 4916 5496 1682 8261 9771 9594 7147 5410 8767 12044 10879 2057 2278 12246 5516 1553 785 9251 8608 12027 14323 5189 5766 11350 13607 3968 5235 439 10731 10268 5553 5474 4115 11351 14568 3779 6081 5333 
268 126 120 0 0 257 253 122 112 58 923 1117 638 6908 13553 4066 8433 14499 7415 11112 14426 5313 442 6355 2347 12632 8673 12885 14383 2524 2262 14447 10502 6839 3725 3581 7262 9291 12724 2234 8663 3072 13552 5446 5304 2754 6429 9325 11345 3127 13676 12354 6335 14701 5858 1048 2963 10541 11074 11962 6619 2955 5801 7458 10740 6232 7408 8926 
269 126 120 0 112 257 253 122 248 59 14059 475 2618 249 4741 14967 8925 8562 6168 2843 6706 4748 13321 10285 11467 8229 13302 5310 11012 1462 3810 10510 113 6008 6005 14036 14900 12397 9519 3176 1695 9387 5106 7343 9123 8575 13943 3624 11927 11357 4077 11672 6940 5007 6469 13028 827 11030 13114 8557 10542 6801 2750 4085 1099 644 1172 13427 4852 
270 126 120 122 0 257 253 258 113 59 8122 4680 3842 1226 7648 11911 4501 10687 13488 1952 11723 11333 11516 6358 12579 1063 5025 13155 3816 8535 13358 14951 9373 1263 845 14060 5252 7652 9971 303 9498 13038 1129 3143 7888 387 13839 5675 4567 958 4403 8207 9534 5006 4474 12341 3799 11721 1823 10885 6381 10347 7730 7251 1626 7200 11603 12060 14215 
271 126 120 122 113 257 253 258 248 59 280 4510 2929 14553 9929 2802 12844 2102 7625 14127 897 1693 13389 4451 1670 14439 6776 14032 13346 6399 11730 14331 11243 2209 4226 4559 2080 4863 11042 7545 1788 4096 8161 1615 7623 3395 4872 7289 3964 10516 3833 4105 10333 9353 7041 5732 6372 4020 9015 4866 5549 13997 12752 5067 3729 13935 1850 13094 13584 
272 0 0 0 248 128 129 133 368 58 11601 14588 4688 14726 1351 1494 11882 9336 8649 6315 11815 5830 7719 6627 3966 11529 6853 12408 10192 5951 5086 8247 3191 14668 7728 14555 14328 13556 6256 13001 4754 13903 10646 9488 6618 2766 1782 12183 12989 13784 4024 10801 9377 12649 11812 1495 14755 10138 11312 14626 12812 10034 13123 4524 6625 10697 3717 13919 
273 0 0 0 368 128 129 133 512 59 13803 4615 11843 13245 3832 4294 13913 3444 12806 10708 11442 2330 10385 24 656 7525 9892 8815 14126 8477 10915 5096 4893 8831 3724 7255 409 1323 5686 3573 10222 12545 1326 14232 6025 1061 7697 14997 822 12445 8708 8504 9628 843 9587 12152 12940 14409 454 1968 1994 11980 5901 7650 9261 10712 6892 5563 1716 
274 0 0 133 248 128 129 258 367 58 6746 6722 9562 12798 4671 10117 12423 4450 513 1681 13569 13931 3954 11860 12705 4564 8939 11542 2533 5172 7019 2981 8314 10173 11642 1017 5455 13215 13872 10136 3933 1346 6740 9698 8430 8714 7302 8641 7876 14071 12232 2794 1797 12824 12389 6697 8152 4959 4765 7018 9702 5095 4351 13781 3182 3902 7961 12235 
275 0 0 133 367 128 129 258 512 59 1831 3860 4721 4026 13787 3510 11482 7097 58 7755 6310 2153 13305 7641 1082 2019 9772 14159 8811 10749 3071 10628 12996 12898 8378 11501 3699 2976 10101 3252 6616 2418 14173 11996 3302 12569 4922 4544 395 10066 12767 12836 4900 14911 10980 7434 7759 966 13868 4312 10810 9922 673 2318 10060 8174 3084 12927 9988 
276 0 129 0 248 128 253 145 366 58 8937 3076 6226 11423 9986 12937 13848 3371 10023 11844 341 5736 12386 14208 10415 14129 80 9054 9993 1004 7694 9609 8994 11204 12422 3824 3521 5807 9440 3194 14277 3807 3825 13930 4281 9360 6293 9206 11998 1164 2651 12052 6182 2146 5369 6658 6826 5062 7600 3690 3245 12241 2951 9547 13712 5337 5617 6731 
277 0 129 0 366 128 253 145 512 59 1512 13600 13291 7331 6275 7120 10318 11388 8254 14732 10995 13883 4621 2495 3597 1434 14882 9511 9196 5329 8034 2074 3596 10397 3383 14473 2038 509 10042 14657 9809 7949 6532 1540 10216 2630 11259 8462 5478 7131 3536 9938 11652 10080 5693 3100 14068 1941 10254 12557 860 7984 2698 1982 11072 11153 14009 4465 4035 
278 0 129 145 248 128 253 258 389 59 12587 10304 6074 7756 1910 4485 4755 11314 7588 6757 11961 7335 9970 8934 10529 12016 7366 11988 1775 4317 2244 3793 13591 6295 7433 5108 10985 1884 14344 663 13583 3697 2764 1664 12565 1738 3184 10639 508 6387 10893 13279 9674 5373 11834 10846 1134 11823 11366 6895 7432 914 10555 7875 4851 1979 3242 1940 26 
279 0 129 145 389 128 253 258 512 59 5377 1534 6756 14892 2122 5838 10031 7822 8406 5731 6829 6980 2718 6322 220 1703 778 4302 10282 1430 11239 9048 10306 7369 11751 5486 12578 9894 12995 1031 8170 2778 13167 14765 12494 10102 679 13473 7990 5985 1422 5925 4360 4331 7053 8769 14136 2205 3477 14039 2460 10014 13651 6628 9344 8274 1590 13743 9289 
280 128 0 0 248 257 132 135 364 58 14537 1081 2165 5330 10064 292 4220 577 16 360 8024 9711 5206 14474 55 3901 6914 726 14025 12482 2869 1001 12628 10259 11407 204 11273 3834 12340 13766 14527 8476 6434 2150 14532 2876 2799 7969 748 11879 8836 9415 13920 729 9358 11091 2807 12328 1456 8096 10530 10178 10071 3047 5809 1444 13096 895 
281 128 0 0 364 257 132 135 512 59 1657 14445 11329 6810 7447 1457 12428 14108 1739 9859 14978 465 11064 10874 10457 5384 798 11103 1431 14579 3583 7746 8468 6064 1915 7569 5231 12177 3684 13471 14342 8352 8336 647 2566 14346 6362 11924 14190 160 9155 13613 14301 14651 14613 765 5128 1727 11124 13029 13089 7196 12026 7802 5780 12233 6591 2710 13739 
282 128 0 135 248 257 132 258 392 58 12629 6013 7165 7467 8883 14261 7111 7341 592 12952 13386 13091 10195 4216 9799 3270 12361 12619 2511 11236 9447 7039 11143 9874 8439 14327 7751 3545 11341 1907 1834 938 10453 2025 5281 13479 12391 4656 12381 10307 8627 10443 7966 4962 166 3894 960 6804 9604 1231 4476 1558 12759 799 1801 472 794 2544 
283 128 0 135 392 257 132 258 512 59 1420 1268 1490 3858 1969 6882 8179 7735 9176 11235 1600 5489 2982 5754 2436 4205 9691 8016 10782 12617 8759 13735 10843 4563 9909 13493 14876 11324 1928 10986 13774 5520 5865 4235 8049 13710 10579 8470 5213 7673 6230 8347 11669 1912 8777 1341 2772 4352 3306 3638 9460 8026 950 13960 9342 3663 4910 10405 10053 
284 128 132 0 248 257 253 136 374 58 1484 6602 6787 8101 3917 8570 14487 12311 12046 12128 7201 6754 9881 11005 11427 12314 14839 4911 7924 13187 9728 9888 6747 5335 3342 1580 13902 11850 12123 786 12860 1254 8733 9716 1644 8751 7611 14345 243 3766 6021 3140 10454 6595 8270 6680 5544 9491 10943 4238 4254 9148 6141 5998 13750 7690 8522 14374 
285 128 132 0 374 257 253 136 512 59 1020 1404 9792 12624 1710 10936 5469 8798 8326 2860 10235 10325 7087 905 6959 4629 7435 3389 2790 14077 12392 5723 14366 4357 10336 8173 6383 4456 2585 10514 6453 13992 14067 14233 3203 13909 2508 441 14912 462 9242 13095 10540 7380 2657 7224 8650 4946 11620 6597 5357 3653 7026 13489 13239 3714 6962 5864 14143 
286 128 132 136 248 257 253 258 375 59 718 12172 13970 1019 8553 4060 1446 14670 10399 2473 9472 5607 9045 1399 2717 4557 6373 13769 10832 13361 9160 12327 7405 12135 6897 6848 8293 8297 1155 11794 11553 12555 3595 5031 6377 7854 13217 13158 14204 2622 452 14764 3401 8894 13843 14798 758 468 2231 11580 13617 3821 2875 11105 7050 1640 7977 6012 13079 
287 128 132 136 375 257 253 258 512 59 5415 13580 12043 4942 1161 10765 705 9350 84 14335 2145 5485 6749 6621 4719 13833 9355 6552 3632 10147 2543 11002 3188 12108 6266 11522 7878 7430 5955 1297 10998 13031 3914 10439 7740 7477 11713 10964 7428 2691 4300 2094 6954 4471 9000 8631 1796 13614 2758 8054 322 4865 10866 5174 2593 3051 8844 12357 4438 
288 0 0 258 0 124 127 383 119 58 12761 1808 8686 3248 8960 14684 8935 537 5937 30 947 10202 4308 8502 13790 2141 618 7063 10172 106 4584 3045 9471 9548 13990 14024 2329 10612 1138 11552 12878 5614 9541 8585 1755 1863 14079 4164 2271 5371 11615 3783 936 8509 896 8933 817 8210 8480 4291 8119 6846 7983 14924 8185 8280 6047 14760 
289 0 0 258 119 124 127 383 260 59 6888 9774 14618 13020 4704 7689 2499 4860 1856 6965 14673 11507 11412 8012 3769 1160 7773 2996 6600 8989 6371 13962 9436 9994 2938 14515 8848 5493 838 13898 12826 14718 9152 3961 8328 4223 1802 12295 7743 13284 2645 5208 12712 11906 1423 1730 14421 2873 4650 9011 12991 10969 2186 7392 4549 10644 2287 6427 723 
290 0 0 383 0 124 127 512 146 58 2242 3561 65 12450 14677 2667 11049 11858 512 11032 1799 7492 1936 2854 14273 2259 8820 681 6827 9456 14797 5133 9110 10237 5770 11499 5181 2445 3491 736 13770 8717 9004 2136 9783 9704 6729 12760 11272 11951 14763 564 412 6828 8368 10104 13620 275 10546 3755 8897 7644 3197 7794 9998 10575 4948 8356 
291 0 0 383 146 124 127 512 260 59 1125 6130 14645 2267 2662 9326 6596 11870 7663 9182 10296 978 2853 4792 7240 9333 7403 6030 10892 2441 6611 7833 8098 13605 9695 9076 13785 4048 8329 5796 2273 10605 6647 4528 12336 2567 4912 11158 4676 1352 5483 911 73 13733 1757 9100 825 13722 9846 7048 14092 7507 1951 8979 10490 4206 4846 10625 6356 
292 0 127 258 0 124 253 388 116 58 8472 2588 3557 11460 1935 13105 11321 4757 2176 2708 8384 7996 6733 4163 62 12244 3167 5138 3718 2558 8075 12154 3447 9606 14989 14188 8025 3551 3202 3177 8489 1331 641 5340 11626 12596 5868 9850 7675 1810 8331 3559 2671 1987 10330 11372 13482 5500 1026 4430 14356 10949 5123 13162 1879 13916 9912 11591 
293 0 127 258 116 124 253 388 260 59 8747 14282 288 3183 6045 13370 6869 404 10603 4740 3740 3435 1721 11107 988 10433 11832 6325 8807 702 4941 1766 4996 5286 11558 751 5997 12240 4088 7827 13240 2032 5480 3870 7022 2897 849 7419 9527 10051 5318 3200 608 2474 10356 21 4633 6482 8147 6353 4832 10317 8760 2769 5681 10340 6751 498 5109 
294 0 127 388 0 124 253 512 130 58 9335 4981 13738 14751 6868 8272 995 8544 7563 12092 2619 12374 7074 13083 7613 555 4039 6160 13126 8668 4533 12853 6393 5604 13700 8027 5334 1322 14745 857 926 1857 2243 6549 8500 5236 1276 2797 3041 651 2353 3662 12111 11031 1665 12697 6173 6572 11262 14268 2838 6420 2703 1465 8551 2229 8942 11044 
295 0 127 388 130 124 253 512 260 59 2377 14402 1204 571 5765 2484 5704 6297 4091 8610 4267 9465 10153 8503 14089 9088 9366 14940 7793 13231 14014 1551 11667 8996 2697 5899 14847 10651 14985 6645 5068 4310 8059 13188 9382 12669 10534 9808 9293 6926 7923 7914 12099 4307 12888 1806 6973 1397 2112 13391 2125 13220 5048 5511 8944 7945 2169 14291 12577 
296 124 0 258 0 257 132 389 132 58 12968 14871 11169 2069 11958 1318 654 11938 4772 13577 5331 2333 12186 8382 245 14137 12110 8390 5596 3364 182 3441 8099 408 13016 302 9836 7249 12019 12163 12738 1592 4168 12081 10853 2610 2995 5742 5837 14156 13400 12893 10961 3843 4242 8032 7010 10009 3107 13234 830 6188 9647 13757 3698 4894 2068 14993 
297 124 0 258 132 257 132 389 260 59 14543 8676 774 10732 5949 4616 11848 5579 13813 1047 9062 6483 6129 4283 6905 12009 14294 14975 11632 3341 8364 427 13264 10224 13450 1733 8377 4427 9670 8887 14937 5090 3846 1440 5130 5190 10661 14999 6760 5785 10420 1110 12083 6811 9042 10266 2806 6924 12944 3728 6920 13337 12258 2175 2625 11252 12514 11511 11217 
298 124 0 389 0 257 132 512 137 58 1654 4999 2950 14642 12439 12437 5182 8154 11439 11931 14090 4482 10367 2303 2216 1054 872 8255 1550 4109 9708 13758 5119 10116 859 14950 5751 9453 11612 8658 3373 5139 13885 4743 1448 235 10730 5646 7213 6425 5734 9851 13509 5227 7490 1618 7137 8847 12604 6451 7123 298 5010 12460 13402 11415 4179 13452 
299 124 0 389 137 257 132 512 260 59 13528 9 1287 3059 2031 1803 12756 14644 8277 2204 12015 6285 2919 11420 11991 8198 10565 4828 13826 14171 9887 2317 4934 9470 9247 6062 4004 11227 14415 1926 12859 2837 1480 491 10952 12654 14864 14771 6635 2590 14417 6144 8139 14835 6246 12402 10635 11811 13756 2331 8541 4014 11446 2437 3102 6815 9699 12518 12568 
300 124 132 258 0 257 253 376 130 58 8572 10370 14230 114 5019 3066 10863 8395 12007 4686 2980 1507 11801 3239 3439 3361 13545 9966 13950 1518 14177 8677 4606 12282 9399 11436 9103 999 7040 9798 4780 7300 5639 4973 9715 14855 436 11739 424 11380 11785 13810 8873 14066 5168 10022 664 10640 14296 10180 13894 3569 4074 13628 12481 5775 4297 8402 
301 124 132 258 130 257 253 376 260 59 13966 14485 7263 14687 12286 11964 640 3455 2844 13999 3739 13660 10146 14400 7211 4732 3982 10515 3876 7615 5674 9526 8253 11593 417 2221 2896 12203 5660 2805 4057 2449 4778 6312 13271 11886 6341 8785 8056 14887 5615 1587 4347 1454 12385 12835 12914 14683 6259 5332 8866 10535 2921 791 3565 2376 13075 10703 10063 
302 124 132 376 0 257 253 512 134 59 5960 4284 12206 14428 4250 12880 37 5305 10280 8169 8006 13227 9068 2196 10372 12924 8810 7636 2932 8137 4687 12743 9301 2575 7861 9411 10630 922 6580 5052 4601 14216 13549 1386 11008 14034 9957 1891 323 3935 14110 10580 13041 315 9556 14368 14756 1357 4219 5957 6575 6998 11782 10422 9656 13368 1582 5543 7086 
303 124 132 376 134 257 253 512 260 59 9878 175 11364 9717 8372 9629 10218 1690 2453 2290 5224 13147 2624 1186 12906 11947 7784 917 7834 10446 8554 8779 9796 5799 3787 7481 11145 10947 8872 209 478 13186 6785 13130 10090 11949 12119 6258 443 4076 5568 14359 6623 9191 14116 3693 11942 6044 14061 12805 5618 12474 8267 4961 2768 1455 12431 2804 9524 
304 0 0 258 260 131 111 365 389 58 12721 7227 10674 2621 5917 12201 8973 1219 18 13230 3304 5507 7995 14334 6185 4992 481 8421 3827 3305 6613 11521 9745 8739 4608 9677 5876 10113 3232 1381 13144 10434 8770 3170 5884 12613 788 7451 4925 14705 3648 4905 854 7412 5620 12166 1243 610 10311 3555 12215 9222 5102 2183 10861 7518 7000 6095 
305 0 0 258 389 131 111 365 512 59 11814 4346 9750 12559 3023 12283 7576 1786 9254 9685 3576 12666 11963 7997 766 11405 4217 3563 2525 2211 4295 605 9157 9217 1536 2609 5597 7303 5114 3984 11795 10151 4958 9880 3378 14494 3944 10097 5289 8387 5601 8736 12138 4610 11290 5976 8591 13682 14643 7532 583 14750 7967 13882 4480 11250 8405 3215 11513 
306 0 0 365 260 131 111 512 375 58 13390 892 8540 3368 2880 12813 10670 5497 9046 13523 7893 8707 1985 4784 10744 363 4221 2736 3175 2878 5051 14523 13043 14572 4030 14812 7692 8853 1367 3062 9932 4729 9945 12056 13303 7274 9449 9452 13129 14622 6219 11651 351 1041 6374 5556 12191 3356 11222 5045 8013 9272 4867 12919 10836 1658 10561 12136 
307 0 0 365 375 131 111 512 512 59 13369 14746 3490 10562 12214 13533 7210 10229 10119 6758 6506 2026 9621 1253 510 1666 13939 2713 7070 14144 14889 4632 984 9047 1281 14038 12816 14873 5821 7562 12801 7149 1965 11732 6102 1842 14805 10275 9962 449 14054 2709 14906 13831 1653 14118 12946 10084 8018 12055 4588 14105 522 1257 6832 14914 558 5534 910 
308 0 111 258 260 131 253 379 373 58 14279 853 13656 1123 4574 2030 14286 3086 5857 6363 14838 8817 792 8085 5024 3158 9984 9812 1250 5953 4178 6653 6633 7272 14313 9204 12910 10398 8296 10617 1861 1224 14406 10637 2056 4618 8634 674 14692 3511 7266 3879 10419 9605 12902 6861 10649 2813 5581 3155 7992 5569 2823 7571 2116 2498 2728 8149 
309 0 111 258 373 131 253 379 512 59 13664 604 9596 11376 12173 9935 7183 1100 9595 9532 7407 4011 9720 1055 8724 951 5652 6299 13118 11807 7513 6712 6584 4318 3659 11081 5645 3067 14211 840 6540 11475 6928 13073 12547 4169 3859 10407 1238 12358 10048 13077 2636 3855 10504 3049 4642 7981 13256 142 6304 14191 9903 7254 7032 4165 14436 8199 7968 
310 0 111 379 260 131 253 512 378 59 4590 12710 3743 2179 2958 8457 7620 10676 10975 8891 9651 1124 9058 3668 9567 14581 3817 10092 534 6696 1984 13657 13157 8004 6551 7346 2987 1916 13912 13877 11969 5903 3099 12954 6294 7064 3850 10056 2998 8589 5853 10248 14049 863 444 5001 11800 609 3310 13646 8333 12831 10774 11083 7216 8923 1632 1748 637 
311 0 111 379 378 131 253 512 512 59 12208 119 413 3114 5657 11095 14928 5633 3339 2891 2926 5107 542 14201 11875 4458 8400 3297 6808 3881 2002 4595 8681 14970 11784 4631 14093 4328 4611 13959 9489 7799 6077 14699 14476 2676 5911 7568 1416 3945 11465 8086 3747 5611 11375 1932 13395 312 4538 14878 12269 8492 7344 14566 4952 4034 6336 5952 71 
312 131 0 258 260 257 123 377 390 58 3179 2337 12255 3320 9241 3165 2969 12458 9041 4955 14283 14302 12443 9710 9049 13666 12216 2646 10305 174 9590 9782 3719 6736 4204 8758 388 9445 2152 9837 14849 9941 14358 14867 9753 10079 10019 9834 7191 2803 9286 4767 14341 11871 5061 1312 5722 115 8208 11348 8008 9891 7505 4437 7150 5427 11779 10582 
313 131 0 258 390 257 123 377 512 59 2777 11772 11090 12527 358 2166 10798 4572 3365 14946 8021 11406 1089 14427 4392 1477 4967 7410 2149 9311 3061 127 3854 12242 6390 5193 14033 14391 3212 5308 3991 3732 9755 2729 1248 3436 6501 6169 1974 3001 5654 10271 7643 1095 13054 7630 53 5752 9537 3976 2502 7108 11001 7446 9802 14998 11724 13570 13512 
314 131 0 377 260 257 123 512 385 58 2536 7682 13827 2251 1613 9098 6445 14612 14259 3145 12372 12472 1904 8693 13675 7913 11910 11884 309 14787 12655 11715 5098 13802 9530 4506 7198 4790 10930 6986 2600 3442 12896 4534 11562 25 10054 2364 2143 3602 9102 6755 9800 11508 11445 1798 9309 6707 7550 4969 6041 9256 683 8156 6216 13010 13224 12845 
315 131 0 377 385 257 123 512 512 59 8495 10334 13258 6166 12125 13949 14236 6488 1975 2455 6498 1601 5582 12540 7065 9842 9094 4087 8691 4736 11578 6570 13762 13366 8150 9422 13746 431 2722 7468 1067 4737 4947 1218 8105 2254 8916 7307 9824 11178 13644 13504 9643 10412 12693 821 1023 8985 5890 12907 2801 11176 499 4997 9601 5059 8118 13669 6307 
316 131 123 258 260 257 253 393 375 58 5982 7889 8438 3299 6824 14314 12236 2124 2245 13568 6436 141 11543 13928 11224 11078 595 9747 4410 13039 1241 7001 11241 12264 1515 3620 846 3819 5016 8486 4353 5027 1032 8117 2220 1545 8987 5391 10715 9638 3311 11671 776 4571 7885 12209 12002 12560 11649 3878 4433 3818 10467 5338 4321 9502 8626 14124 
317 131 123 258 375 257 253 393 512 59 14666 2986 6213 11675 11123 3677 10413 6189 2305 2099 8317 14185 4477 1945 10699 9754 178 12564 4920 13213 14525 632 8195 3153 6735 2006 11574 1621 13314 623 1765 7626 9679 10859 1295 1947 3856 4118 3056 10811 1789 1791 11683 8804 6727 14444 11223 9600 14044 10993 1463 4380 9446 12034 9022 10769 619 1012 1760 
318 131 123 393 260 257 253 512 376 59 1319 7452 5692 1152 11449 12031 1648 9931 14559 10295 2022 4108 7781 10249 6104 6280 6780 4993 7699 3469 2444 11894 6192 5537 4058 3517 1918 11298 4881 5970 3650 5851 7790 5920 6179 14992 4023 2679 5913 4355 10819 10106 1832 14918 6198 11487 10481 7764 11313 14249 241 9113 5134 10588 7209 11660 8076 4 9845 
319 131 123 393 376 257 253 512 512 59 9070 102 10002 578 5924 13163 10902 3614 6017 9275 9866 6587 13125 5932 7005 8870 12708 1685 13863 6571 2942 8258 5538 4644 646 12869 4191 1139 1373 4460 9316 9582 993 1713 13895 4702 725 6486 14774 10072 12117 3008 8547 8411 12970 252 7258 5575 3291 9818 3989 5079 600 3556 615 5882 9738 9374 162 
320 0 253 0 0 130 375 122 111 58 4795 1271 7051 2665 10926 2093 1829 8546 12248 13855 9118 13441 7573 8089 14091 14176 768 3075 9701 418 1040 3274 10619 2071 4830 6037 1761 12779 8884 14545 502 9576 10242 6035 5963 14744 5504 13067 871 4286 6113 7851 7948 12581 3689 1175 13445 2018 10069 1460 10364 12199 11184 14932 10507 6217 7837 6767 
321 0 253 0 111 130 375 122 256 59 11995 2483 6339 329 2841 5126 12410 7356 6867 4103 8813 1576 1741 12822 6087 1044 4086 1180 3130 12017 7462 2527 7439 866 5531 4607 8843 7788 2577 3009 12284 5154 2367 13307 10058 4664 12380 3639 4625 4517 8417 13133 12106 3497 14181 996 13742 2384 5783 1839 12226 538 8909 6531 7653 8374 1742 7100 9790 
322 0 253 122 0 130 375 247 139 58 14827 5717 12975 7500 5295 9208 14147 13232 8398 1970 10241 11606 5317 7264 9383 7411 7556 12536 6909 3812 7738 12470 2306 9197 9129 13135 700 5385 8039 14504 3057 6088 14973 9956 706 14896 5968 753 2979 574 4897 6022 6238 4073 3893 5431 8079 85 6060 4807 11440 11334 3503 7377 12071 9163 4979 9112 
323 0 253 122 139 130 375 247 256 59 10650 4144 11286 14560 13320 11813 10547 12035 5624 5487 841 13172 8598 9762 4119 14793 5748 9538 7043 7732 11096 10410 3135 5973 6648 11659 3512 13027 1696 12703 2210 11564 14584 2812 1645 9997 9921 2114 10239 12997 14022 51 7236 12833 6744 14784 14146 7933 5428 5840 100 1840 3010 8302 3284 13099 13085 12650 955 
324 0 375 0 0 130 512 111 138 58 5404 13181 1421 13599 12219 10040 11293 9862 4327 891 3326 11106 7459 7681 13917 3123 6819 11889 3125 10003 928 9264 6476 9408 8549 10745 3957 7683 7937 13654 703 13165 9211 5339 983 8262 12347 1185 5342 8961 14703 5394 108 13653 325 9258 4422 13065 3318 8595 13326 1517 2694 9263 5366 1571 3336 11137 
325 0 375 0 138 130 512 111 256 59 9736 11320 9536 9869 7852 8083 10349 5362 8814 14081 1113 5457 6241 10344 2066 1259 6626 12987 12359 6807 10908 3343 11061 9776 9361 3863 5509 8379 2301 4386 12132 11102 7727 14111 13765 3533 8972 7340 2294 3037 6972 8890 6132 11390 3515 4484 7440 3635 518 14539 10533 13498 6447 7642 8647 5794 9334 7718 13422 
326 0 375 111 0 130 512 247 116 58 4208 13890 3695 2282 2059 4924 802 10110 8642 3458 5080 4487 13241 8599 4928 5875 11956 8784 6682 12025 3589 8145 2344 7585 7455 9401 8841 10624 8620 8355 4172 1064 7511 8282 12473 9979 5237 4083 3470 4234 14330 13631 10226 9343 8927 3873 11638 27 12681 1973 4666 8423 6042 5347 8292 3900 2690 12678 
327 0 375 111 116 130 512 247 256 59 10659 2067 6672 12224 3032 6565 5869 13859 11668 4950 165 8135 6656 10734 2060 9281 7449 13192 5721 3290 4156 1957 2350 4007 8357 10108 3323 13335 8667 10046 9814 11471 7187 8959 13925 6686 6222 9505 3969 6148 14336 8129 11469 9500 11401 8773 14042 4399 1573 2852 10739 12079 7315 63 3189 1708 8266 52 11038 
328 130 253 0 0 257 389 121 131 58 434 2740 4847 3465 9442 1052 9925 8510 13952 10324 7778 11140 14396 11512 3996 9340 6944 12261 5376 12088 7259 10207 2276 2939 13171 12288 2207 9044 12818 6114 320 7360 12383 14821 660 14649 8656 12420 4665 584 8726 8240 14982 9260 14640 7357 13069 10656 8365 10030 7927 12858 13852 11589 2612 5861 566 13702 
329 130 253 0 131 257 389 121 256 59 596 6276 11873 5808 4834 14852 13711 11586 12958 13164 780 3509 9395 1304 11617 12659 5125 14377 6841 13408 7047 12886 5700 1340 8160 7167 8237 5 11468 6415 3391 4600 2633 5894 7497 4699 414 14655 7931 3498 12167 11544 12231 11610 12487 10212 7820 3548 7135 3340 1437 14394 7212 7172 4565 1328 4002 139 7348 
330 130 253 121 0 257 389 247 125 58 6910 14623 2820 12707 12947 5269 1347 13261 6432 14149 3579 2049 12876 14954 8628 7685 3995 4983 1705 13218 1249 42 14807 7928 150 12141 906 2322 3088 4960 603 2959 2428 1131 2034 11212 4463 11778 6154 7814 14307 1822 5587 11116 3942 9312 11745 937 7687 5671 13026 8112 46 573 6681 9732 5392 4111 
331 130 253 121 125 257 389 247 256 59 7918 4201 1699 11464 5211 265 11771 10339 1732 14691 6140 7753 5063 6251 11737 10681 4529 5778 1150 5813 2193 4659 10604 5447 9332 8323 6250 5764 14631 4649 14043 121 12294 12153 14292 13430 14528 9936 96 4974 14247 2617 228 14593 12393 9166 7145 12709 13981 4835 4746 3889 14214 2001 2390 8351 920 829 2638 
332 130 389 0 0 257 512 127 130 58 11904 8376 7910 2451 8047 1133 808 11411 3185 9730 7712 9221 1557 594 12618 14678 420 5393 9215 2324 11806 5905 11757 9423 1906 3397 9137 4363 9248 1181 13242 9950 8552 14263 3352 8290 13236 14375 6788 14624 2052 12908 4112 4614 2180 10159 1848 4643 4789 4251 545 14395 5395 5423 11502 7804 7471 3542 
333 130 389 0 130 257 512 127 256 59 2147 7121 2884 11797 2572 2398 14810 7575 2800 14742 7679 13042 11493 5084 11196 2459 13109 14397 10875 5811 8819 11336 8945 3922 2765 6858 2404 811 7795 10082 1606 1199 13515 10602 14080 6885 3885 2464 2358 13341 2429 8294 8341 2513 14848 6837 12453 11428 6849 13754 192 14498 2279 13392 9060 2584 3407 9552 13800 
334 130 389 127 0 257 512 247 140 59 6052 11579 7816 8231 7011 2226 4530 8519 10568 13277 6877 13456 13454 4233 14796 2109 14681 11318 14713 4343 4067 6468 7319 11330 14028 6440 6708 6559 8902 5908 8181 6117 10951 6843 369 3473 9682 1774 6694 1072 10976 8219 14133 5791 3972 12572 6693 6968 1942 5928 13684 8066 9829 13755 4013 206 1245 7838 13698 
335 130 389 127 140 257 512 247 256 59 14704 9900 13071 10127 13267 2004 3119 181 10689 6454 9486 11787 5261 2501 10808 3716 11798 2017 10464 3042 4750 1625 36 11308 4552 12711 10839 5527 13503 4673 6594 3759 11317 1546 13896 8914 13720 12535 1846 6574 9724 9276 13458 14479 2401 1442 11573 7318 14706 86 10462 8063 5517 12890 4811 9963 850 1633 13668 
336 0 253 0 256 128 391 120 374 58 12764 14075 9165 13058 12755 4110 10909 12382 4159 14135 5915 1370 1389 7106 3218 3484 1435 11663 6762 12512 3319 6079 7662 12830 880 2187 5267 1888 4431 5375 14460 11338 8404 4270 486 1115 10316 2512 7617 9238 8533 1294 4239 6170 14408 14256 6507 714 187 13927 10872 1750 1105 227 14875 3896 9759 611 
337 0 253 0 374 128 391 120 512 59 9138 8699 963 10267 6643 8752 11403 3192 13009 1634 3678 9057 569 1212 6983 12982 1783 7292 14615 7279 4098 13102 14927 14318 9375 14278 5609 7038 6651 11627 13635 8775 5472 13968 3748 10121 6201 14163 10704 4176 11238 5442 12020 7926 13773 13444 5964 13015 13323 7218 8854 3390 1564 3004 1864 4521 12211 12706 7591 
338 0 253 120 256 128 391 247 381 58 4703 7844 4712 14495 9914 7657 13275 285 13537 7372 10156 13478 2215 11452 670 11898 13748 6036 6028 8196 5771 3949 10160 2293 5749 6007 7597 4472 1255 9367 7828 238 12980 3154 10938 903 9617 4995 13455 10844 146 3836 8311 3660 793 6402 14021 4387 2181 5846 10660 9787 1162 801 11041 11530 3366 11229 
339 0 253 120 381 128 391 247 512 59 3082 11637 7015 5954 13953 3244 2900 375 11214 533 9232 2785 1372 7964 9497 6313 7312 5943 5539 12883 158 4707 7553 8108 1468 5081 12936 8191 10777 9288 14516 12657 14600 6050 12663 11213 12966 7237 11821 11156 12639 7649 3630 7253 3384 8177 1561 7457 5892 2992 328 3144 8896 1549 12068 4602 276 70 14197 
340 0 391 0 256 128 512 125 417 58 10287 4883 11506 9514 6233 13351 8665 8834 5255 12530 1471 8558 8067 7908 14538 10887 105 3016 11628 10837 299 1624 7139 9290 2266 4325 3703 7770 1432 12904 9885 12087 9907 7703 7907 3172 6935 1314 11458 261 4668 11641 1330 10418 6936 3702 11913 3560 14411 4550 8313 13205 8976 982 2157 10905 8023 4985 
341 0 391 0 417 128 512 125 512 59 1114 11097 12538 6428 12780 9760 7584 1283 8426 11859 10626 14845 1636 13538 8391 14309 9169 6918 952 8350 7677 10870 3657 7798 3774 13182 7541 6303 7911 8716 741 2641 8543 6014 7855 915 2361 6111 3998 8921 14633 213 6343 12335 2463 2055 5627 6845 12202 9858 10210 11900 3642 14362 8453 1756 6701 14587 12799 
342 0 391 125 256 128 512 247 378 59 203 7431 5322 7394 4708 6642 8750 8244 8991 5196 14212 1773 13780 7017 4336 556 14284 8993 14281 4479 10041 12140 13149 7437 7421 14312 13737 2786 6142 3000 11670 5684 14046 4937 14099 4043 10720 9913 8090 9658 383 493 10129 7972 4756 5718 14193 13897 781 10854 7988 430 13219 17 14590 11443 9329 10766 5319 
343 0 391 125 378 128 512 247 512 59 5714 7127 4593 4200 13212 6059 2539 10049 12840 7358 11009 8167 9904 9108 10131 8291 11666 13299 11131 10095 6660 7306 1491 6942 13915 14607 3951 1725 11623 14424 7378 9188 1753 5121 4907 12461 12685 1412 1898 13180 13554 10440 295 6879 12479 10696 14422 216 12222 14597 14960 4350 3430 5450 11033 653 4154 13124 8437 
344 128 253 0 256 257 372 111 394 58 7655 4299 9139 12022 10197 7978 11142 4391 9864 5967 244 14522 9822 14921 13367 191 5433 1851 10442 12271 6661 5691 7758 5452 8789 11132 4127 9317 4904 5292 334 12690 12084 8383 12308 118 12735 14047 2410 7058 14789 14712 14018 13006 5880 2940 7590 12090 7099 3912 2177 56 5759 2918 8635 13510 9559 806 
345 128 253 0 394 257 372 111 512 59 1824 2223 6158 13248 11359 2003 13795 1039 873 10309 10123 7328 4197 2530 5934 14843 5378 10781 9168 7235 12539 6443 8781 1182 8289 12998 6093 1395 6563 6016 4542 7776 10068 13233 11198 13615 9975 3723 2763 9588 14698 2131 4514 8571 5049 14425 6745 5699 3744 2341 5432 2414 4273 13497 1813 2916 399 5981 8808 
346 128 253 111 256 257 372 247 372 58 13005 5993 14844 6883 8284 7741 3396 8188 11172 8630 474 4646 4751 6187 14721 10845 6319 3333 1293 11065 13461 1474 4225 3132 11392 7999 11322 2375 9003 10564 12605 4421 2366 74 10869 6351 8998 8184 9262 724 1196 2746 12376 9630 3201 4045 991 11258 5456 11535 5893 14711 6010 8078 3907 149 9181 2554 
347 128 253 111 372 257 372 247 512 59 12066 11297 12667 3400 10244 516 5878 10743 11292 4603 14661 1214 10620 9916 1398 421 5066 13590 8850 12973 5852 13760 8469 7874 1338 11540 10855 12298 1605 6442 2828 4031 11548 5093 1260 14520 6431 5129 12955 8239 14001 11676 622 3599 10393 14780 6958 7900 10587 5039 13777 3214 14627 12671 6150 12164 12143 10281 10954 
348 128 372 0 256 257 512 132 378 58 6539 9884 7383 6772 10431 12095 8299 5769 9555 10684 6844 9186 7234 13475 13063 12537 6279 2013 7860 13857 5011 14512 9676 4369 12576 12405 13879 1938 5316 5361 9037 7320 8349 8053 8220 10163 5491 1933 5416 7031 10099 13511 2542 7760 9131 7166 2814 11462 12672 2933 9742 13865 13116 6033 13425 12749 9752 10085 
349 128 372 0 378 257 512 132 512 59 10152 5425 711 2706 11296 5798 9122 9546 6934 4541 7090 13000 4653 5387 2591 11255 7155 14738 10437 5164 5630 8809 9162 7879 5522 7228 14551 4806 11138 4065 11177 13845 13731 10185 6405 3549 202 11851 3539 10965 2316 4287 3451 2357 8215 9694 7696 6800 116 10726 14541 8392 12005 8069 10343 13634 10503 12597 1135 
350 128 372 132 256 257 512 247 378 59 9749 12401 8982 1562 236 9581 9077 311 7660 2232 12877 1978 6261 11551 13717 14995 5288 13179 887 13381 3604 14006 13606 14714 1575 5042 13018 11284 10857 7785 3897 7792 14826 3956 10489 9707 5492 6327 3508 2670 1496 14728 2190 12895 3906 5178 7880 12529 10895 14332 13612 12113 13972 9097 6324 3892 5440 10665 8452 
351 128 372 132 378 257 512 247 512 59 12315 14996 14669 3482 10548 3594 1280 6485 7528 9784 13861 8143 5619 7519 2967 12716 11520 1776 10694 12490 4821 3255 6174 12059 12375 6679 13901 10299 8445 1929 14513 1198 12662 10375 2061 1635 5679 11653 13086 8898 9861 10827 3762 13327 10337 8682 8424 14161 7619 14305 12828 6765 7094 3887 3800 9686 7509 12221 1267 
352 0 253 247 0 122 386 384 138 58 4182 13641 9029 13560 7548 9672 2430 12134 10169 11804 12819 3427 6932 403 13772 294 5069 11950 5383 3348 4582 9397 13472 5470 14601 12917 7104 14907 4265 5502 7929 1671 13274 3351 1500 5060 11919 13273 13543 2756 6223 4190 10346 14693 11023 4990 11863 2320 9159 10483 14783 14381 3077 5885 10247 10672 9267 10029 
353 0 253 247 138 122 386 384 250 59 6692 8713 13699 13340 11992 3412 11120 13136 11203 13532 13401 9213 2652 12070 14052 7998 773 5078 10933 5243 11093 10283 4640 9688 1084 505 875 5072 11826 8425 14138 157 6382 11182 3844 6278 8223 9308 1631 4491 6795 3627 9976 738 10770 11704 5417 13304 12815 13317 7055 7607 6778 529 13246 12634 11485 6391 12960 
354 0 253 384 0 122 386 512 129 58 3474 4366 5640 10496 5219 7298 13658 12225 10382 5816 3952 696 5529 5118 7362 6984 3034 11872 13142 2047 5695 6734 13100 11780 8422 11303 677 13630 2792 2917 6907 14019 3775 1145 14055 4278 12633 5418 10717 3649 7206 2284 543 13448 6842 1313 4605 14218 11147 6945 7119 12548 908 10652 11027 2635 7184 4902 
355 0 253 384 129 122 386 512 250 59 11820 6850 7248 6000 5390 10374 13209 7629 5467 8132 12337 2656 11136 10359 3021 10366 12769 13175 3610 12133 14563 972 1686 10751 11957 8906 7925 5753 6061 170 8036 11994 13588 8360 8757 10383 6298 4781 14237 6993 12794 14220 10805 2132 9297 12999 5545 14005 14074 8222 13566 3096 8235 10043 4468 12881 662 6352 7116 
356 0 386 247 0 122 512 385 122 58 3673 10594 205 13101 8842 14768 14749 554 5124 5103 14096 6195 13108 5848 9090 12036 8028 1785 7791 3134 10794 11010 3272 3048 11622 2261 3109 2796 4797 5464 10994 1642 879 217 8692 12207 7706 1499 11063 9173 10139 4591 8722 5763 7354 5713 12384 3658 760 6167 14073 8529 13072 8640 1083 7942 14168 10314 
357 0 386 247 122 122 512 385 250 59 2203 1619 14629 14870 5264 7739 8527 5972 634 12293 9890 11608 777 8756 12057 5298 5572 5832 12475 14442 11967 9831 7595 6995 4306 1729 4025 8829 9391 12 3089 5629 4826 3375 10871 12484 6510 6923 2644 9406 12001 12727 3526 4418 943 12131 9372 12935 13252 3670 3247 867 9349 3767 5296 344 10959 9171 14370 
358 0 386 385 0 122 512 512 115 58 10409 11978 4940 5003 701 3386 6724 1207 1862 3937 2489 2354 9203 6203 2491 998 7570 9052 12517 14949 775 7128 12349 14503 10842 2134 5094 11656 12440 11017 2582 7596 2309 1051 5750 4359 13788 9871 319 5437 13747 10621 5622 7980 9198 13693 8580 1174 7282 10545 1178 196 8721 7162 5696 7494 3350 4345 
359 0 386 385 115 122 512 512 250 59 1954 3462 13397 5284 1467 3098 4037 3941 11852 698 13483 5936 11867 2023 5969 1700 14735 11673 1683 5290 3074 10011 10910 1071 8651 7181 2486 5632 13771 6793 11276 3671 60 5773 4825 8381 11263 6814 5277 7506 14270 7646 13673 2608 3124 6243 14811 5245 9020 11888 1769 11527 14198 7958 14320 10513 10707 3977 1749 
360 122 253 247 0 257 382 379 118 58 544 9946 12627 9187 12938 4779 13565 13609 1734 8001 12230 7268 8342 14727 6851 8763 14272 5314 3872 3781 12726 286 3322 3712 2253 9418 9697 8644 13360 7314 11583 14461 4862 13045 7301 5820 5647 11098 4504 4592 8216 14923 12546 14802 14387 6703 10365 5580 6444 6581 4019 11344 6365 10636 8164 8062 8542 8609 
361 122 253 247 118 257 382 379 250 59 1045 8992 6287 757 13309 10829 3544 10067 12104 3090 3078 8852 2605 7840 3928 448 9075 3026 5359 803 14736 14700 6726 5320 8087 3296 8131 5557 12493 1880 7574 11283 11880 2286 4268 10927 7857 14114 14148 14715 13250 14917 2228 1278 6272 2043 1159 1362 11484 2826 6038 14041 7566 7955 2960 13203 7708 1986 13730 
362 122 253 379 0 257 382 512 103 58 14739 4917 6669 7485 4837 10663 14648 3625 11053 8607 691 4587 2171 10061 14710 9756 3675 3205 4829 7245 4889 13623 1963 9478 9952 8561 10984 10826 11068 13834 3217 1011 335 2399 10742 7295 3433 7887 12768 11082 11429 8110 14234 6416 11225 6379 6301 11285 797 1544 1223 445 10735 2200 3126 1565 4747 13767 
363 122 253 379 103 257 382 512 250 59 11504 8837 7704 7943 10297 12436 6688 13625 8690 5142 4044 8955 815 7028 2550 14776 14098 1607 3736 13891 12160 13412 1728 14227 13467 10989 11519 2775 14010 10377 14641 560 2162 4260 3621 11587 6721 10505 11582 9085 9144 11455 14035 11896 8367 11497 9030 8655 8014 5477 9668 13850 4104 5263 9468 767 8370 4499 4243 
364 122 382 247 0 257 512 364 127 58 11837 4556 14825 1524 7375 2368 1809 11709 10574 14174 3831 14454 10027 9035 4173 14877 13383 531 12967 9542 11383 13286 4232 7291 6592 9855 7869 13097 12210 7288 5826 6987 2810 12181 13610 13832 12006 3007 4064 1033 4786 13168 2493 3946 10544 9577 9634 6622 2682 9603 13937 13201 4289 12098 342 13295 1714 6019 
365 122 382 247 127 257 512 364 250 59 10096 14866 12462 6418 5829 2521 1485 5186 6406 9713 3485 11151 5099 1470 10257 12054 9847 2174 12809 9012 4383 6326 8530 13954 8162 7059 14072 5309 6069 10957 266 10778 9174 1130 99 2571 10450 4478 12256 8187 6971 10005 2678 11168 6685 10894 9911 13035 9341 3971 34 394 12082 10436 13629 11920 12823 5097 5891 
366 122 382 364 0 257 512 512 133 59 13229 2734 11266 10154 2615 14979 5729 12045 6105 4968 5655 6364 1726 7565 4733 13064 12278 13632 7676 7495 7762 10613 5033 14004 2378 215 13403 12762 14364 422 9010 12931 6424 7338 5941 5650 9479 11777 2607 5757 12217 3256 8115 6456 5351 9661 11816 8506 3359 8685 3546 12456 5234 5008 14467 10387 4637 11802 4508 
367 122 382 364 133 257 512 512 250 59 1486 14511 877 5247 1937 5605 3985 5535 8432 9394 3278 7278 6308 13846 2573 13678 9116 1930 7221 6725 14241 10631 2386 8094 581 3181 7347 2201 7420 2773 1711 14489 10606 12465 7850 4583 11614 14717 2142 128 9226 11928 602 13688 13502 13679 12078 8573 5222 10217 2830 4143 13281 6718 11908 9933 8484 8780 13736 
368 0 253 247 250 130 372 382 370 58 546 5874 14165 11523 4678 14349 8797 12574 13280 1825 12368 2283 4714 1784 3276 4341 3421 12047 2538 6494 14598 14154 13540 2732 10145 3506 1684 7819 4466 8435 13726 4170 6072 7270 11701 7089 13438 2311 3795 6821 3213 3633 151 709 5822 13837 2723 10820 12287 4963 4230 4509 12969 8141 11688 3187 4376 12463 
369 0 253 247 370 130 372 382 512 59 12029 6277 4061 4930 1830 14567 13989 11596 14250 7103 8371 5195 14103 11004 3012 11160 10118 4683 12304 5862 1826 4079 945 8645 12178 2724 10761 6847 1016 4539 3851 4313 10531 5074 2467 4531 7707 4195 6248 9483 9517 4818 145 6103 1754 6583 10685 13492 8566 5241 6576 10429 11155 8695 2407 10758 12979 13156 8983 
370 0 253 382 250 130 372 512 363 58 13282 9948 12032 3480 2040 259 4516 10785 7093 1780 8107 6579 13481 267 1717 138 5727 2213 90 2664 10706 14529 11736 13866 2048 2374 11496 5983 7529 4279 4875 8236 2088 5032 10198 14348 4764 9510 1669 13251 7604 8051 1858 11461 6917 6296 2342 179 4406 635 11288 11838 2742 1252 5207 13573 8910 349 
371 0 253 382 363 130 372 512 512 59 6411 11382 7474 357 13082 13057 8393 11410 14299 12421 293 340 10944 7567 8711 4198 6024 1360 7194 1655 2381 13594 14183 9421 3558 4919 7845 7965 9432 8256 3017 6463 3450 1028 11489 13194 12974 11424 8920 12857 11716 4553 4358 9101 9714 5594 13647 2654 10263 5975 837 1925 3737 5441 2693 517 2360 12912 4255 
372 0 372 247 250 130 512 378 369 58 2735 12237 12644 6305 3148 10458 2269 9770 13460 3919 12040 12686 13550 471 2438 10960 4493 3939 4717 11525 5105 7192 3801 2412 3727 6392 9815 13036 6459 9981 2310 9145 5966 10556 3471 14317 494 4213 12846 6894 5348 8765 3808 2123 3237 2954 9849 10026 10353 11819 10899 2649 14078 8043 2089 6803 12146 5834 
373 0 372 247 369 130 512 378 512 59 8697 956 3288 4222 4397 3369 11361 13955 4887 13904 8518 1901 12418 13166 7536 14153 515 12993 1579 13998 796 13200 11700 4016 11015 4056 4323 8963 12432 2140 1679 1262 3891 3479 257 580 6357 2808 5841 11013 1542 2126 12887 7952 14809 9063 10906 8783 3003 8103 5697 3180 11805 10611 1000 6450 4636 9761 10223 
374 0 372 378 250 130 512 512 370 59 14686 2423 14151 2062 10494 3734 11076 782 13555 10004 9641 5971 1527 11555 4126 7422 3136 8900 10523 1447 9482 6157 11488 14959 8871 1539 6963 12567 4324 12369 290 4475 11020 10638 9860 12491 8849 10125 10979 1284 7296 13546 10355 271 3325 13297 8623 1103 6462 2898 3773 7747 13196 8002 4647 1525 3398 14860 7308 
375 0 372 378 370 130 512 512 512 59 8221 13933 11959 14808 2458 1165 13447 8614 11052 4638 2719 12446 4338 2388 9513 11165 9631 8010 14548 5070 1560 4102 3438 10662 8061 12585 5548 72 9164 3848 699 12257 4823 10037 6605 10228 10618 14029 4093 13008 7715 482 3332 12454 5599 13687 886 12353 14392 10623 11869 12451 13436 9611 1505 1183 4272 1993 2285 
376 130 253 247 250 257 398 381 375 58 12189 4497 13539 2275 11342 7921 7309 13830 655 2514 10008 12611 9201 8893 8772 10269 5525 7621 10157 14621 14117 4152 6683 13829 2488 9821 7482 13696 7515 5514 7126 4816 12592 3478 11803 13753 1068 4000 12378 7742 8806 5047 1958 333 5324 10633 425 8899 11576 14169 6153 6026 3796 5738 3867 14769 9278 14628 
377 130 253 247 375 257 398 381 512 59 6332 11368 2597 11828 6235 4796 13311 9270 5784 32 2975 10171 3572 11925 9039 3226 3015 13844 28 1458 12285 2997 222 7359 14549 11976 7691 1232 12825 7903 14403 14012 14051 12566 2178 2202 11113 13345 8639 3738 7271 5724 1037 7640 13971 5528 4609 2526 2507 5608 9553 14680 11809 3568 6020 13110 14393 13255 1126 
378 130 253 381 250 257 398 512 388 58 11549 12343 5256 14293 2999 9521 1220 4839 7054 6039 13103 14654 4304 4612 9735 8731 6863 6900 11234 7754 2666 6073 14897 11864 13410 497 13051 1270 6412 2085 3641 9225 9128 9882 12811 561 10065 5737 9622 6906 7004 7724 12174 809 10860 9135 13963 10883 2984 13092 7531 10942 740 11500 1698 1080 6719 223 
379 130 253 381 388 257 398 512 512 59 14389 2425 7382 6159 8428 4713 3321 10093 7453 8606 6063 12075 800 7220 4012 2552 7170 13889 2373 12763 10137 7242 4691 2042 4125 3266 4799 12640 5445 2568 13513 3472 12198 13671 1559 5220 9407 13847 2033 14491 1603 7390 230 2965 3574 14031 2115 9389 14938 5552 10456 10357 10236 4214 11824 4388 8735 4157 2274 
380 130 398 247 250 257 512 381 380 58 12485 13642 5938 2704 11696 4461 633 13926 5484 14747 715 2911 1599 4365 1013 5023 13659 10187 3629 7353 5823 13906 1227 2771 477 9733 10658 15 3234 11414 14401 10557 2212 10477 13002 7370 10338 5658 13207 8764 13864 12533 1853 11248 12021 8674 6242 8835 12064 4626 1871 831 5897 10862 7883 5578 13150 11687 
381 130 398 247 380 257 512 381 512 59 12984 11993 9249 6473 8863 5777 464 11254 14762 14139 3776 7202 4408 974 5720 12506 5368 14453 1022 14202 11437 12145 4965 13782 7469 10990 14977 7745 256 10276 2037 13257 7750 12691 14630 8679 1955 5694 10966 5407 8812 10380 2752 10132 11161 14455 1983 9612 12626 4573 11833 3434 6522 10010 2104 11599 924 6956 14931 
382 130 398 381 250 257 512 512 380 59 14611 11934 7321 599 13932 11207 10076 13495 5642 14526 13759 14820 3379 1746 7821 1610 12889 12238 10709 6938 7195 11050 316 6695 2355 3932 4240 10950 11917 470 9506 2819 13677 4072 14289 14186 4774 5711 10592 3838 3410 337 14219 1104 12873 11584 1377 4446 9284 13104 6779 14435 5510 5944 13259 11966 8617 8778 10725 
383 130 398 381 380 257 512 512 512 59 3385 13862 9924 9806 12630 5242 9687 5300 3504 10232 5703 8672 3020 9873 8276 9650 7725 8823 3263 944 7890 6227 13611 4378 9853 13619 4005 5055 1149 7848 11192 1176 12194 2225 13398 12933 2505 12814 12985 6761 6009 10424 14822 14697 4247 5945 3993 10752 1132 5519 13899 4237 2626 7645 585 8133 4015 9448 1301 
384 257 0 0 0 377 142 130 116 58 14916 13988 13694 7280 3688 361 1315 2214 2964 11842 3069 747 8568 12834 7 2387 8956 3488 2095 851 2833 8415 6366 14558 1996 8874 1014 326 12842 6 11402 9067 5530 87 4500 11257 11597 12772 8204 14170 942 8613 779 11769 12249 14122 14606 13923 4084 6368 4257 4848 13976 1628 7488 10591 4301 14083 
385 257 0 0 116 377 142 130 252 59 3756 7559 4448 4641 2312 10549 11561 13056 6720 7157 234 10666 10492 10403 10616 8121 9396 11505 4931 5228 8590 13407 8268 3777 5613 4745 6503 6464 11891 88 8666 4802 8120 194 628 12509 11689 7247 1876 11590 10176 7199 9705 9051 5238 7079 13791 13453 314 13153 5041 7920 4966 11270 5002 6221 9064 1385 14761 
386 257 0 130 0 377 142 250 116 58 7057 13838 2548 6065 7193 9233 666 1764 9229 14941 10432 6300 2065 10793 2913 2082 2695 6809 1828 11654 12362 6056 7241 10552 7310 1759 10838 8218 69 5677 1364 13704 9199 8669 4831 1835 2485 2072 1676 2831 14664 9854 188 2798 14767 1523 3835 3452 14814 500 5961 11187 14757 7113 14119 7713 5888 2687 
387 257 0 130 116 377 142 250 252 59 1336 3414 5562 2776 9999 5566 12736 5659 12643 9476 10622 11118 3745 4734 9996 6143 2985 2973 5013 970 4762 4899 9625 10038 8153 13088 2948 12072 13776 10528 839 9646 6615 9277 5950 524 13505 40 6346 5793 1378 14189 3789 5419 13824 1998 6161 10945 11181 12042 8168 8138 7503 378 10897 10303 4042 12124 11211 
388 257 142 0 0 377 256 128 116 58 9928 7067 13140 11302 597 13645 8864 367 7374 5018 13022 5761 8288 2348 9082 11306 1541 14288 7156 338 7624 4903 13388 1350 4354 13019 8565 4175 5886 6333 8922 1298 6555 4022 2751 14076 1620 101 14830 3289 12259 3370 7577 3335 6497 9985 10478 10763 5987 13655 1060 5184 12868 2302 1229 13822 7986 12467 
389 257 142 0 116 377 256 128 252 59 9501 12594 9744 11417 10086 7456 6479 6769 5017 13405 8485 5214 11389 8479 2479 10654 4174 6475 9487 7552 13260 1445 8531 9683 12615 9726 2578 9404 1931 12939 927 9895 12790 11315 8741 1374 2639 913 1689 13751 10527 5673 11174 1637 6449 6878 8363 14665 11946 9175 11281 2903 5459 1202 6414 824 5136 12379 6162 
390 257 142 128 0 377 256 250 122 58 12932 10166 10246 1905 1752 11611 6886 3974 13873 893 9779 3532 2549 1200 6529 884 14719 13535 7523 1617 6492 2250 5422 9973 5396 847 7909 11731 14788 8596 2855 20 5719 9523 12360 11948 4561 10088 7849 10788 5676 12787 14890 2647 9435 6738 14908 3590 1305 5175 6400 9318 5625 11373 10310 3987 8799 1520 
391 257 142 128 122 377 256 250 252 59 11128 13797 9104 11480 13418 9279 9803 5649 3380 3308 9654 13701 12115 5083 2128 10013 6816 4710 10135 7716 3813 1097 12635 4709 1195 14813 3280 14723 1286 13087 11841 6274 14817 5825 44 12058 6730 4462 13417 3064 7768 10479 14384 3915 14094 9788 487 2922 8091 9219 5672 4844 11230 5800 4513 2659 10928 5515 6208 
392 377 0 0 0 512 132 121 126 58 14500 1264 13325 8466 5201 10571 4976 13372 6262 12747 1450 3457 2079 13023 1087 8999 6966 6018 9663 11202 557 8683 4256 3338 1662 11179 5687 8189 7391 6654 2024 186 1065 8555 7114 2471 1503 9934 8493 12371 9539 7414 6131 13160 14297 10573 435 1201 428 10448 4116 5257 4314 5218 10688 10830 6871 6599 
393 377 0 0 126 512 132 121 252 59 1697 9926 13820 8838 11990 13536 11944 6933 253 9901 14340 4322 12229 8861 11029 6292 4288 10438 14881 8687 10194 1024 22 6667 4758 1101 13869 5279 11702 7862 8459 6737 14709 3159 836 6122 7293 695 14497 4139 5567 13278 10645 3634 2345 1428 1793 9177 1838 12851 10934 2611 929 4140 2163 14466 8802 1790 9192 
394 377 0 121 0 512 132 250 130 58 3030 833 10028 4689 12656 2151 9848 13640 12754 3216 7974 3601 4697 6750 5521 11327 3221 13254 4518 9265 12688 12320 4001 969 3466 12364 12120 11750 13907 5449 1581 190 8932 789 6881 735 1096 8755 2263 8662 6609 10 12744 1897 13223 10493 8646 12783 6620 7737 13017 1707 1107 49 6860 14533 10584 10904 
395 377 0 121 130 512 132 250 252 59 12363 14164 9117 11365 7542 12118 14518 12290 8865 4569 13893 2862 13235 12986 14182 14862 13519 3353 14879 1239 11360 2936 4724 2236 11353 14448 5301 11518 11557 125 7522 11885 1302 54 12466 3499 1991 3492 5743 7049 1964 9156 14365 1672 13840 10509 5533 588 6893 11968 2565 7020 4441 9292 305 13080 3530 6396 12013 
396 377 132 0 0 512 256 130 125 58 1948 3329 284 2579 3681 8536 3895 1169 11134 7994 8346 5403 13170 14351 12396 4694 11912 12305 5302 7102 10341 9359 2091 7774 14737 9120 11332 13978 5160 1111 6403 13266 4340 2440 11862 11070 9568 8888 10537 9310 7516 12400 11039 1492 8106 7317 7749 8953 3228 973 4367 8451 2791 8232 3405 5401 10278 6915 
397 377 132 0 125 512 256 130 252 59 11749 4185 14011 12742 4876 9763 11865 2941 10560 14770 1719 14956 14069 136 7424 4661 763 11060 1002 2156 525 13723 2744 8507 4892 8175 2909 81 4423 13975 7406 5150 4486 10690 12086 8625 4356 12435 5526 14614 1563 1981 12323 6370 6515 7311 3116 12263 4720 12870 7846 9040 389 4805 559 9989 4586 12448 5602 
398 377 132 130 0 512 256 250 139 59 9257 6477 8670 8678 7426 13946 3683 5283 2101 8271 11421 13922 122 8924 6774 10181 2864 8171 7393 3279 1779 6286 4041 746 13828 13689 12829 1339 13524 2781 9557 8113 8954 4153 11616 964 3523 1692 4348 10760 5689 4133 3419 9294 7337 10083 5161 8080 5926 6288 3970 10312 3475 152 4566 3665 6151 10683 7371 
399 377 132 130 139 512 256 250 252 59 13508 2492 2603 8917 4305 4700 11776 6546 10208 13942 2598 8060 1976 12144 5661 678 2431 5127 6547 104 10814 2435 3645 11282 11846 9303 10162 6717 4836 3235 6702 10729 3823 5253 13849 2 2788 12103 10783 8449 11474 5115 13228 3440 33 1027 10825 13995 2901 8124 7442 13812 10078 10284 2774 4385 14490 11253 6487 
400 257 0 0 252 385 130 137 374 58 2027 4379 9843 6585 6048 7486 2230 2923 9561 1141 9958 5244 5073 5762 4315 14650 7140 8827 6029 13764 8338 2000 10983 4494 1530 10500 3164 5819 8327 343 7129 2809 7489 6964 11565 6505 13198 14517 4215 6649 2346 12651 14465 12442 11534 9328 5451 587 11633 13202 13490 11433 306 5285 7717 9835 4032 2596 
401 257 0 0 374 385 130 137 512 59 13728 12729 13643 13749 12676 3324 12740 9955 9560 7800 4068 11572 9161 10698 3524 9516 3869 12884 11909 13474 366 2198 865 11847 6624 13695 10323 3916 8482 7363 5546 3923 3043 8180 7806 5162 10191 29 10100 6687 10204 1758 5149 14521 1902 4850 7476 9877 11014 2395 8031 3758 461 5818 14891 13715 10001 12406 12149 
402 257 0 137 252 385 130 250 380 58 6040 9485 13131 7656 13263 4543 14157 12728 8413 13374 10476 2702 7012 9768 5847 601 9867 2993 6854 12561 8889 12316 5250 4898 2481 9298 6448 11874 2218 13415 1612 13120 6092 3815 6812 5386 12928 7463 11575 10279 7902 7493 6759 2835 7368 939 665 410 1439 7953 13128 8895 7413 218 14064 13745 8886 11764 
403 257 0 137 380 385 130 250 512 59 13244 7071 7521 4428 5466 144 1091 14880 7722 9886 12329 11648 10087 2182 10128 14175 8125 4330 7502 8 10890 1946 4909 185 1009 7325 9190 2469 4878 2589 12528 8304 3905 1768 4470 6347 3106 7526 5266 6407 14274 7161 13306 3227 14310 12471 12200 6348 5100 10748 959 12683 4512 1236 12588 783 5494 2465 12195 
404 257 130 0 252 385 256 126 395 58 4052 1327 5542 607 3778 13060 3997 4236 5187 3315 10182 4945 6568 2332 14690 12774 1895 11450 7752 1608 10767 3586 3402 8340 6281 8740 4594 14254 239 8359 13296 5962 6631 12795 1890 9268 14306 3753 13382 12204 8515 12510 12827 11435 7899 5381 4339 7610 5824 921 11149 652 1943 12848 11426 2699 1795 9942 
405 257 130 0 395 385 256 126 512 59 4100 9757 708 7016 3540 6699 7561 6604 9202 1585 7436 13310 12563 304 9193 14020 7484 13332 5863 9990 2882 985 13940 7138 2817 1701 473 8603 9055 12148 11890 1704 5931 5850 11046 8919 9119 4654 12558 10886 12338 1611 279 14048 2371 5682 8816 8065 4726 14824 1903 12332 12771 14893 2447 625 12838 8632 14209 
406 257 130 126 252 385 256 250 344 59 4393 2161 9876 9865 10525 4957 5965 3146 9314 345 5282 2008 10379 5056 11571 7668 4162 5910 248 2369 1392 11635 14725 2442 9655 3415 11059 1913 3538 4395 2767 11425 11883 11045 1887 1900 7659 43 4329 3853 3792 6273 8230 6452 9380 14616 14586 7204 4038 12089 2928 620 8305 8660 6051 10006 3265 7448 13983 
407 257 130 126 344 385 256 250 512 59 11856 12425 10158 4814 12266 2219 8464 5188 11231 11301 6237 10920 12606 5636 3730 7936 11546 12855 11395 9919 11674 1638 13958 8652 13476 6825 2529 9469 7940 2547 10851 13567 6775 11075 9146 1595 13672 1489 1272 3219 14509 12333 14000 6386 2433 13574 9151 3804 9872 1578 12317 11982 1827 3394 9014 8633 1343 2692 97 
408 385 0 0 252 512 127 139 374 58 2974 9246 743 3346 5365 11748 7243 1088 4890 5735 3570 10598 11295 11680 7009 9021 5988 7782 6099 986 1237 2842 1137 12101 10426 11936 14322 3705 10718 7499 12356 11191 10335 1475 13871 283 4131 4148 6668 7632 8587 7919 13211 13823 11058 8928 2424 2130 4114 11845 11560 6700 11088 6530 13601 12165 9001 11538 
409 385 0 0 374 512 127 139 512 59 8885 11247 10373 3437 14570 10460 12746 9589 232 12429 458 4394 9036 9302 6430 4009 6306 1059 12797 1299 4473 3404 11567 12953 7133 10143 4027 563 14620 949 3980 2434 4658 8473 13638 12956 4773 1639 8058 1433 13328 523 6941 4657 7701 5260 282 6520 11914 14766 11362 5089 9573 3666 14596 7551 13169 7409 3331 
410 385 0 139 252 512 127 250 391 58 1771 5345 4122 7397 2592 9464 6049 5200 6678 3507 10864 12737 1368 8858 8064 6929 5191 3091 14569 1156 10358 9240 13987 14269 9923 5197 9610 567 11249 6496 8768 13308 9775 251 12793 11444 11363 6493 13944 7930 7332 10411 13457 12698 1770 2475 274 12218 1691 356 9140 12377 2450 8142 11999 9321 3131 12417 
411 385 0 139 391 512 127 250 512 59 6548 14531 11830 5488 7222 8766 4349 1678 1393 7801 4130 3612 820 9032 173 3013 14729 12331 10937 13183 7896 795 511 13691 3250 4859 8252 12267 10329 661 450 1652 11791 7082 10702 11051 10972 4142 6461 5986 6674 2881 12254 1106 1953 5536 346 4180 9943 13561 10508 4648 1413 10209 6260 13247 9002 6320 7088 
412 385 127 0 252 512 256 123 380 58 1094 3623 13477 8322 9080 10647 1184 5782 2832 12684 13821 13665 6514 2650 13050 11490 3661 9525 14957 11691 10381 50 5246 7847 2256 14056 5254 324 14639 7501 8616 6996 2129 1990 3682 9426 5356 9618 3884 4277 9977 4464 8990 9550 12041 7207 7512 6323 11922 12480 13190 11011 176 7769 14120 862 14324 8619 
413 385 127 0 380 512 256 123 512 59 9974 9937 4652 3731 13938 11026 411 7534 11960 3264 9420 14647 9769 3780 931 3676 12192 14869 4194 2574 6472 10190 5909 12306 13491 5259 878 5354 10570 10378 9072 11129 9424 2270 6771 13377 5374 582 1225 10012 7169 6544 2240 2745 6212 9127 5812 1873 11278 676 12891 10000 7688 13098 3644 6136 3376 8643 9184 
414 385 127 123 252 512 256 250 379 59 3577 8389 10293 5912 5768 10427 14199 3316 8516 14087 10641 5789 11524 6999 8465 3934 12532 14441 12525 3382 6741 2637 8011 8227 4495 14583 14507 5919 3566 4285 6361 8033 12850 11381 8584 9200 7606 10896 14925 10150 12717 6857 10470 4271 13564 3883 9386 7112 8825 9607 13690 5157 77 12673 9230 7214 11418 8041 10414 
415 385 127 123 379 512 256 250 512 59 13111 2036 13836 12526 882 1066 6833 2994 14221 7780 5844 12582 2865 11354 7912 12645 9379 1289 13705 423 4264 4298 11466 5984 11404 6637 6714 13012 13343 1290 5151 11387 9371 6284 8801 5653 8576 4932 5053 1210 14987 4316 11699 9143 3527 14806 1731 734 11066 7239 9006 8463 467 371 1118 13034 8420 13253 3791 
416 257 0 250 0 385 125 370 113 58 2870 9902 3494 2154 3463 12497 400 5216 11371 8310 233 3979 9337 2793 2570 5372 4877 1529 1050 12925 4978 14187 3788 1627 13947 13595 8951 2420 4483 5942 4551 2606 5879 5922 11916 109 132 6768 11166 7612 14536 11419 3505 8790 9637 10916 14101 5336 10319 5065 4613 5643 5927 7480 7599 11208 1 13300 
417 257 0 250 113 385 125 370 251 59 645 5358 14339 9940 2477 9369 4728 3033 527 9150 4954 7985 2382 2443 3875 8410 3757 5725 1179 13285 9443 14172 7008 6080 6178 11215 12862 1718 2520 5323 4171 10608 5895 13514 6309 4333 10722 2408 2173 7178 10756 3654 13375 11983 9417 3742 1837 8696 13214 14508 7075 2669 8791 8805 4113 12008 9013 229 5628 
418 257 0 370 0 385 125 512 105 58 6979 2064 359 2553 8176 5230 9972 455 12753 1889 10289 4138 10680 370 7941 5554 1425 13348 11970 13338 2516 4106 224 1815 9319 12554 11973 10177 3587 13206 6887 7705 3908 4189 14851 7081 9195 7046 6253 9214 7976 6677 11206 7808 5574 901 5959 10691 4212 4527 3882 14158 12498 5634 6612 8700 3083 2660 
419 257 0 370 105 385 125 512 251 59 7364 8285 143 10963 12796 6331 14363 2011 10812 7959 3580 881 7232 13316 13768 3468 2338 200 13592 2924 2504 8727 11619 9917 8868 1537 576 2943 586 12330 1511 12972 5591 14459 526 14671 11114 7651 12977 5923 2628 14097 1127 11057 8706 667 2097 2856 565 8348 3259 10270 1158 4682 1109 4457 10817 9700 13597 
420 257 125 250 0 385 256 382 111 58 11703 12394 7334 5990 3958 2840 7151 1036 1077 11400 10632 7671 9899 13804 13342 4801 9645 7417 6359 2725 8826 3920 8659 11818 5388 4982 6957 2753 14432 11218 4146 6031 8401 1514 12252 11477 4525 981 11636 8980 10345 8513 12943 5873 551 11228 8968 4498 6948 4006 3293 5746 12731 4150 2472 7957 5744 13487 
421 257 125 250 111 385 256 382 251 59 7871 13161 7141 11185 6091 11943 728 13575 377 10174 10982 11377 6214 6916 3150 12168 5145 10867 5028 7286 722 3138 9231 6978 9324 9427 4994 2872 4537 14653 14903 9178 12905 4420 6930 2446 1329 6953 8308 10193 14609 11232 12874 12503 14224 5709 5076 9591 12403 14564 10997 7866 759 13324 8737 3330 2365 4248 10301 
422 257 125 382 0 385 256 512 137 58 4771 13841 11021 3955 535 2581 2905 1417 5621 9503 5436 1151 4589 818 3861 164 14685 3651 13007 5896 2971 12701 10482 10167 3770 8997 13977 7498 9619 10581 14057 7025 8362 7829 6490 948 11265 3910 3095 10912 4777 8358 6394 12062 14449 12344 6925 432 5585 536 7962 5900 11018 9786 11705 12096 11267 1143 
423 257 125 382 137 385 256 512 251 59 12296 5405 1966 2397 9419 10971 4160 6927 11725 13106 7238 496 10962 4411 12511 5996 540 4266 8698 4597 3715 12598 10487 11661 13571 2614 10179 7148 4869 6676 12607 9624 12452 6495 5524 8732 5481 1772 13752 14222 7250 6046 135 1821 591 4742 9598 3022 9613 1939 11413 7061 9709 7153 8441 6197 2780 8375 14920 
424 385 0 250 0 512 137 371 148 58 761 2648 14016 4522 6949 3312 13796 6112 9362 8040 3628 5209 10686 6550 7445 14652 5991 10981 14580 4440 9767 14195 7085 8629 4396 3606 6607 6289 9905 12913 2655 10168 5833 5501 7396 10231 7614 5360 7205 7873 3811 2046 13084 11664 13466 8702 7152 1493 10856 6004 4481 2983 8664 2249 6446 9053 250 14248 
425 385 0 250 148 512 137 371 251 59 3794 11476 3031 10977 8975 4326 59 5274 5040 3147 8521 11658 11743 12272 3849 1427 1193 12636 8136 14585 226 14675 11569 727 13709 9653 11130 8440 451 11092 14952 111 7592 7579 13842 1034 1090 429 3006 3531 11456 909 3028 10929 13714 3238 12109 4622 5523 9819 12228 6527 3692 9896 10841 3392 9402 9183 10858 
426 385 0 371 0 512 137 512 153 58 5399 2623 5558 13819 11585 12412 14905 5307 9870 9320 14605 9111 2135 13516 14898 45 6466 4490 10017 12365 4400 9667 9492 2839 4389 1043 1409 6410 12197 12637 5792 14785 3204 331 300 3065 10901 9376 9721 7132 12788 5612 2990 10363 521 14104 3700 10033 3295 2323 4078 7117 11378 11728 7023 398 12957 7905 
427 385 0 371 153 512 137 512 251 59 7549 1882 9639 2237 11003 12903 11836 12861 1282 10753 613 13587 1354 156 210 6896 13185 11531 2063 12325 14179 2470 4972 3139 260 4503 7766 12205 14562 3784 12155 57 1602 307 7027 10265 7281 14458 9008 5870 11714 6271 671 11986 3564 7355 8224 1807 13603 4675 5198 7273 14196 1170 12867 11588 14477 14994 10834 
428 385 137 250 0 512 256 392 139 58 8818 8273 13716 11109 1007 4134 5044 2363 6419 5576 14382 9216 1355 13880 4663 2111 11164 3571 8249 7811 13914 4624 8396 9384 7136 2966 876 14965 9810 3550 9409 13792 4868 7244 13572 11726 10848 3110 11244 954 9255 7322 7472 171 7483 5468 6269 3018 1424 4426 9237 9868 10107 2748 12299 12048 4914 10815 
429 385 137 250 139 512 256 392 251 59 2953 13081 1584 11796 13347 11861 10807 8444 10569 4604 5088 8903 7533 6789 5143 898 9096 14252 13465 1865 19 14734 14386 1429 12265 7350 5730 6317 5132 13 6015 7836 4123 12696 1300 6638 12871 3303 14635 14858 10452 10775 9017 6395 479 5226 5221 11190 6270 4415 13044 3117 12291 6330 12318 12732 67 10799 13525 
430 385 137 392 0 512 256 512 126 59 9889 5906 8052 1335 987 9593 4293 2005 13729 13033 1999 7540 14801 1261 2716 8111 10589 9031 10401 9074 11110 7608 962 5641 6097 9565 5071 14372 1240 14155 5683 12741 13237 211 1650 9474 6388 1977 5712 8467 14724 8202 10595 14506 9615 3797 9132 13154 8257 10884 8403 9245 4739 2238 212 10771 130 11323 13148 
431 385 137 392 126 512 256 512 251 59 5180 11101 308 8193 10214 4660 7376 7859 1583 11240 3537 11621 381 9239 9005 14217 263 7678 3424 7077 14800 3847 6240 3019 4775 9018 3929 11868 3428 3611 10277 13021 7581 812 1042 11233 3552 13078 5668 193 6106 2413 5958 3036 8822 10175 3206 1317 835 2653 12171 4303 3156 1246 11310 14944 9368 6593 7897 
432 257 0 250 251 385 127 389 386 58 460 2910 9484 11210 11280 5547 5715 9967 14251 7427 7944 504 6067 12962 10362 10657 11971 6384 14617 994 11939 7033 9620 9681 6872 13449 12911 14823 8948 11478 14904 694 5438 2946 4690 992 2168 8242 10245 14258 11111 7159 14443 14853 8042 384 562 9416 13339 616 2749 10615 4097 6360 7723 1190 7290 5171 
433 257 0 250 386 385 127 389 512 59 6951 9496 4519 8618 13394 5223 3613 13177 6186 12492 13378 2084 10447 7504 11043 7803 10736 4763 13484 8307 9504 1438 4568 11472 14885 14775 3409 4949 6205 3643 1833 7797 11154 12319 392 13627 10400 13779 1296 8800 10802 7598 8719 10956 13413 2594 10655 6145 7865 1203 10165 932 5054 11594 2195 7971 6541 11556 13596 
434 257 0 389 251 385 127 512 381 58 10111 12642 11854 6071 3425 5887 10554 4447 8211 2137 2907 7158 10062 14113 11618 11180 9142 3236 9124 3246 2113 9827 12262 4246 14961 12243 12542 201 1816 1881 2620 7217 13697 7252 2272 14239 11878 14502 6199 3449 9033 4374 13581 6118 3782 2456 5014 6116 8070 4526 8295 7557 7842 5229 12326 2155 5453 7877 
435 257 0 389 381 385 127 512 512 59 528 4815 1406 5430 8786 5380 5814 13055 12719 13870 8537 8487 4547 12281 10913 2050 12018 2726 3584 14347 2846 4927 91 8186 14884 9569 11570 10221 14045 11734 13363 9459 3983 14565 1035 6614 8212 168 5843 9084 1396 1513 13706 9712 10629 6057 12063 3841 10141 13621 1934 14804 2054 4667 7466 2356 12552 10754 14404 
436 257 127 250 251 385 256 371 361 58 6950 7554 11933 107 12112 9473 10675 5169 9212 2118 7367 4617 10996 6991 6912 10593 11454 5012 9345 7856 5057 4842 539 8263 5112 2714 10907 1379 2148 7475 11625 2789 12765 8918 4886 13618 12193 13551 8869 14556 2560 9364 12713 4003 13024 9616 11036 10243 8538 9649 4184 8512 9194 13918 11685 6120 11498 686 
437 257 127 250 361 385 256 371 512 59 6502 416 13014 3857 1461 918 12307 14471 2945 5670 5091 11855 7021 1345 14926 14505 4808 8528 5741 14934 3694 8474 12185 9982 1348 3874 278 12964 3768 12161 10924 6982 4705 5202 12158 3820 2893 5370 11216 6027 3501 9019 11047 330 1403 13526 11681 2394 195 11186 3617 4896 4879 1528 6657 13585 3151 11133 5352 
438 257 127 371 251 385 256 512 392 59 10973 12921 9494 9515 13982 989 6543 3162 7091 480 12457 11536 4080 6491 2222 13886 7991 8930 7381 1896 12157 5131 3967 14063 10050 10360 5163 10880 8525 7105 10047 1920 14672 12660 5690 9898 2968 5806 1233 6538 14086 14023 12961 2858 1481 66 8123 11514 3161 12447 2321 11146 12433 14419 6338 7775 10126 12599 7056 
439 257 127 371 392 385 256 512 512 59 2677 5795 11175 14743 1852 589 3647 2476 11768 4344 5153 297 8345 4864 8209 14152 1112 1478 507 3637 11718 5397 7429 6831 6898 6321 3420 10115 11566 925 9205 14962 9586 10105 14636 11099 3399 4124 8429 3044 9635 2422 10471 13318 5476 13805 13929 14226 852 10315 10521 9703 7118 13794 6728 6090 3704 2675 12757 
440 385 0 250 251 512 137 389 407 58 9652 11678 14255 6441 12504 5122 12899 4882 10586 8526 4253 501 8833 9558 1359 3994 12575 12011 12715 12176 2631 11954 3467 9038 14257 76 2021 6976 1216 14840 12926 8946 11719 14225 2851 5907 10634 10955 10486 4540 4207 2604 1923 11773 10142 8661 9412 11188 268 10792 6340 9274 5797 1767 14829 11935 386 13984 
441 385 0 250 407 512 137 389 512 59 14571 7326 7898 7096 12866 9461 6922 12612 2308 140 14945 6078 9405 10833 13191 4051 12725 4275 5946 1366 3640 7638 12807 11432 14184 12875 2336 9413 10473 7895 8337 10806 6435 5603 4794 10940 12586 7693 11765 12413 14676 13934 6481 4368 6109 9980 12352 5379 10149 2403 12515 13112 657 8029 9781 11069 93 10970 14794 
442 385 0 389 251 512 137 512 373 58 391 385 9414 14229 11220 7465 2280 7680 6671 13633 13344 659 6937 11793 12948 9673 12720 10220 3327 12351 1735 8579 14142 382 12590 2007 14128 4923 4049 717 246 940 8448 2845 14407 12990 4196 11245 14357 5688 14688 9259 13062 754 10258 9949 11384 7352 7812 4429 7891 2016 1153 1688 9719 9381 14115 8615 
443 385 0 389 373 512 137 512 512 59 14740 5064 3522 6135 14053 11067 11040 9875 3711 14246 14910 13066 12603 10992 7226 6509 9327 7867 6673 12694 2189 12521 5914 9734 11141 8586 14988 10511 4701 4089 4361 1709 11408 7809 10779 874 1154 8082 407 8343 752 7786 7702 1206 1872 8875 8637 11431 14452 1859 9339 8126 899 13808 14431 12188 10292 5315 8050 
444 385 137 250 251 512 256 385 386 58 4627 137 575 1018 4382 13292 3207 4987 11686 2288 14200 8684 2503 9693 503 6856 10953 4706 2426 10052 11706 1516 13507 1324 11048 6952 10032 5363 6455 13199 12638 11481 4296 4730 1623 1960 7122 12758 3752 13287 2731 14472 4585 3886 8611 6006 953 6763 3760 3133 13608 9583 570 6165 1598 900 1472 8905 
445 385 137 250 386 512 256 385 512 59 14608 14496 9813 14883 1453 612 3652 12268 13598 6752 9856 3578 12679 1659 9823 3626 3988 4977 6813 10070 14304 9228 4749 14206 13494 3802 1411 10678 6784 6558 10550 11260 78 3349 8165 11752 4245 14953 8600 13442 8128 3251 13650 11453 14082 6474 3209 4824 2409 5871 4029 4282 3121 7385 7441 12863 11438 9930 5408 
446 385 137 385 251 512 256 512 374 59 1274 13399 9466 4935 13421 1482 11163 11940 272 2688 3273 13662 11237 11006 11391 9839 10727 83 12976 2078 11581 14915 3079 4677 2217 6043 14463 5443 3118 11470 4203 5212 4953 12775 8748 13593 9520 10824 8915 6100 9078 11825 12658 14610 1538 10526 1358 6911 13501 8511 5710 8155 1651 7030 8386 12050 7443 5856 10828 
447 385 137 385 374 512 256 512 512 59 1056 2681 10643 7395 3115 4752 13431 832 9370 6525 8703 6554 2117 6873 2755 1720 14578 5239 1251 8882 10585 2319 13037 6066 10253 4181 10219 3225 3680 13195 7807 11694 11945 6709 9578 12093 8913 12723 9330 7586 2770 11533 3520 6777 9746 6663 6163 10091 10497 4244 6504 13993 9964 3168 4107 14948 5508 14167 1053 
448 257 256 0 0 380 388 135 119 58 10238 11269 8140 8943 14166 12404 3605 10389 9134 9780 902 9348 10144 3253 1841 4838 1441 7934 7935 11399 3959 12107 4050 2370 12114 68 4183 11640 4147 2009 3163 4944 8287 3448 1479 2531 11349 5593 6830 5571 6207 4435 2674 14405 8157 6083 6264 11775 13380 9463 13269 14106 5087 6921 8248 2432 12279 8577 
449 257 256 0 119 380 388 135 245 59 2689 8048 9794 12390 12959 6234 12324 9910 2247 5009 6791 13365 506 8205 14834 14792 861 7277 6556 756 3403 10488 12591 1046 8077 532 3454 2849 4576 13329 3367 5413 13624 7832 4577 8550 2877 2522 6589 9507 8594 4053 2912 13404 10918 12245 14298 13443 5701 3027 7789 4211 11494 12061 12033 124 4063 1076 9499 
450 257 256 135 0 380 388 254 126 58 5439 11309 9050 4770 807 7265 6283 6526 8830 9748 2962 1737 11655 3865 4598 5420 684 9807 8319 8394 10903 225 1501 8657 3528 5471 14930 9522 9234 12292 13721 11631 12820 8517 804 2138 10322 10018 1950 6662 7029 2563 6011 4645 10206 13499 5999 7305 5995 2035 273 626 11159 393 742 14799 4901 5294 
451 257 256 135 126 380 388 254 245 59 8030 7060 8904 14107 12085 495 10590 10112 3301 9535 2761 9034 23 4218 8792 8312 1191 3516 7176 3309 11650 5037 6228 13531 2051 6398 14846 4511 2580 11665 10868 5077 6855 8217 313 336 354 10203 3222 13727 95 13518 14933 2991 1365 1275 9089 9743 14440 7826 9280 7813 8622 2937 10518 11629 10551 13964 1213 
452 257 388 0 0 380 512 136 103 58 2836 13579 11722 11760 6690 2972 1814 11679 8324 13854 11430 1586 3257 13435 2685 12030 12077 8450 7037 8035 11907 14782 8037 3696 6247 9723 1408 6218 4137 6200 7164 5166 5293 710 8325 291 12500 5328 13268 629 8718 14863 680 14326 12792 762 1885 10679 12468 355 14730 6499 14773 9531 13661 12464 13262 9817 
453 257 388 0 103 380 512 136 245 59 8407 5176 7736 12300 5584 11853 347 9852 2478 9027 4970 1870 14376 12641 3374 7973 3160 6970 12892 13911 5716 4692 6644 13115 14095 14437 4094 4696 11613 11808 14280 7225 6337 11541 6421 9805 1868 11326 8597 5275 4873 8742 14353 12162 7349 692 5075 9816 5842 4224 7154 4092 2227 10506 14015 5758 12477 11509 13122 
454 257 388 136 0 380 512 254 125 58 12094 3582 8728 10273 9282 844 1567 14141 7537 4791 5199 14936 9092 1418 12803 13951 14130 11409 1307 7700 10133 11355 3152 4536 4413 7868 1073 3142 183 484 9718 8532 11981 9495 11876 4711 12571 8857 8929 8190 3862 3416 2107 8369 3483 11708 2576 10653 12930 771 8729 9690 14361 8000 2701 1459 6981 14888 
455 257 388 136 125 380 512 254 245 59 10351 14777 10524 6085 6710 2159 14599 10669 3211 14530 14316 13815 12507 2233 469 11374 3672 112 7329 11866 5702 14646 6068 1866 1466 2208 7386 11193 3277 14276 3950 4364 1877 5203 14369 10480 2686 9992 10800 476 4803 1509 5540 733 3803 8986 9250 7572 485 2888 1922 14418 2537 14707 13811 3355 3814 9356 10388 
456 380 256 0 0 512 377 127 123 58 14333 13070 6128 12695 13648 12322 5092 10693 1356 8332 5598 1189 12175 3785 7616 10394 3839 8201 13283 5429 3749 8671 2439 12049 8246 12010 11639 6630 61 9428 7993 3975 12745 13093 5939 13336 1215 9323 13527 5205 9879 3927 13334 11510 2668 1849 14861 6562 9580 889 12004 1566 12714 11763 10873 5532 6985 11346 
457 380 256 0 123 512 377 127 245 59 7654 2821 11486 8068 7881 3307 5595 12414 12687 14818 8908 4046 8524 327 5327 14554 2627 10444 6125 7894 7538 5665 2779 14935 14162 13462 4334 14253 5648 6055 790 11759 12718 10445 5933 3281 9158 11219 11729 4783 8892 4921 2188 6236 12012 6194 2811 6314 7002 14909 14235 4679 11568 2569 10797 7179 14037 6172 5790 
458 380 256 127 0 512 377 254 121 58 9130 13541 12992 1522 10931 8970 10914 14300 1469 3431 14972 7478 5728 3388 1911 5159 4082 2601 9185 1310 10485 10449 7398 4964 7076 10161 8309 7095 12847 2041 2904 10578 1488 13362 8648 8621 11457 11300 5424 3372 9425 7389 10627 14337 14134 4269 1687 10850 784 14632 3567 8569 4827 3593 11698 7418 7330 6817 
459 380 256 127 121 512 377 254 245 59 14266 14842 7514 14819 376 4276 4761 1038 6437 7524 6862 2300 12983 6773 11291 12781 9477 4651 5680 9968 12399 9737 12949 8855 1860 4849 2417 8860 7593 5828 12501 9095 12965 7185 1498 4161 12367 131 3038 7714 4401 5303 11781 12918 7275 4785 5135 3600 3948 5291 8593 6665 12260 2405 1820 5747 8845 5827 8523 
460 380 377 0 0 512 512 132 112 58 7602 10723 10369 1668 1908 3829 11822 7605 13941 10609 12646 1591 13825 12543 12488 10290 14478 7734 10134 11316 13357 2260 5767 13315 12182 2100 13437 12689 2559 8688 9729 6344 12544 11545 10094 8881 11473 6859 5406 7007 1548 9007 5204 7633 13424 31 6316 13965 11918 5085 2906 13969 14493 1265 14859 11335 11056 14968 
461 380 377 0 112 512 512 132 245 59 8183 5276 2255 1914 14591 14976 6967 10274 8127 9481 12513 13936 2506 1291 5977 8418 6802 3888 2315 7665 9385 10553 14484 13470 5183 10583 1464 5460 7342 4425 13249 5867 5781 2015 639 14205 14836 4578 3313 405 12601 2224 9826 1273 11987 9179 4151 8878 11086 3918 4579 453 4984 397 9236 1383 7487 13276 2952 
462 380 377 132 0 512 512 254 99 59 14886 7182 1057 8859 9671 126 690 11550 254 117 2743 8710 12856 4199 14112 5706 658 4753 2239 8265 7818 5845 4335 6561 11287 1436 3840 4843 10286 1451 5272 14831 7761 1836 9533 13076 8931 2528 5167 11085 2268 2351 13974 5271 6636 6422 82 6641 14971 2164 12303 7578 48 9398 5194 4845 4988 3360 1724 
463 380 377 132 99 512 512 254 245 59 12524 14913 4101 6404 6566 10898 6126 2523 11643 7583 4635 8862 14180 79 11251 1680 14228 6961 12722 14315 14007 4695 242 11697 12169 1069 3111 1015 888 5412 1277 13582 7603 6152 8003 13967 9434 7269 11503 1972 669 7062 9908 10701 5273 12312 7080 4128 13143 12142 1334 13858 7146 2258 5475 997 13562 12190 11483 
464 257 256 0 245 389 385 128 385 58 13030 379 2899 10495 7313 9154 1949 2661 14050 1510 2494 9028 10567 1402 5185 10566 8015 4081 11271 3554 13506 10889 5482 2199 14731 4861 2760 9295 13674 14943 3496 2583 11605 14464 13876 10700 9357 14058 1361 3196 6003 9741 5158 14410 11974 11979 14662 10428 8498 8455 1476 5866 13121 9126 13744 13265 9299 14986 
465 257 256 0 385 389 385 128 512 59 8114 4090 7256 3190 6119 3269 3686 8471 11294 12395 7589 6919 3708 1008 6408 7684 14778 6127 8583 11677 7546 8638 6255 6806 2252 713 894 12843 3105 14213 3543 11835 6533 8782 4167 4075 8749 4819 10728 4515 8548 4906 13740 2406 7336 13184 13221 10840 1643 13563 14414 9543 13463 11007 13464 5631 10103 3911 572 
466 257 256 128 245 389 385 254 363 58 10234 6943 10711 14833 1597 8508 10776 9832 13799 976 6790 353 7839 1391 2295 2343 12275 8612 8446 12981 184 1010 6211 2500 14160 4939 11100 1146 7772 9079 10882 14360 8203 10225 4416 339 968 7667 9331 5616 3691 7186 9633 8969 6974 1702 1116 5050 11055 6519 6137 11491 9431 8967 207 12778 12130 8723 
467 257 256 128 363 389 385 254 512 59 10878 12170 4731 459 10408 9795 12549 870 3195 11071 9777 10227 9467 2857 10074 12102 1855 6691 8100 9429 7783 110 13459 6675 7628 4630 14343 11264 1744 6781 7765 2197 14350 9599 13216 4715 1675 13622 10155 8734 6684 11774 975 11080 8636 12366 9490 1102 13558 6770 3035 14663 5156 10196 5287 9554 4841 6557 1892 
468 257 385 0 245 389 512 125 361 58 4417 548 2326 8260 7404 10059 6500 13396 6123 8712 7853 9107 13602 9121 103 5398 11019 7078 6082 11167 9125 13349 438 3616 8762 4855 10917 2289 3174 1308 9706 2120 3129 8380 672 5026 4054 6946 11367 4129 8074 11000 4342 4693 7316 14667 1508 7379 10512 10532 8225 9564 11268 5344 9315 1187 13670 11226 
469 257 385 0 361 389 512 125 512 59 12505 12388 6990 6342 14469 1919 6864 3701 2335 8130 7580 4332 12817 1025 1875 7177 123 3408 6413 5462 3493 6742 4492 2643 3805 7190 1874 9830 12923 6534 8964 7160 9086 8182 8901 11463 9347 5707 5685 5555 5278 1078 134 9180 11299 13197 14895 9403 11903 14295 1344 2825 7982 11448 5461 9378 3735 11121 12073 
470 257 385 125 245 389 512 254 351 59 13152 8281 12121 6797 6901 5626 12444 14856 7830 3025 13718 8334 9640 8416 14231 11682 14963 12608 2944 1777 3 7345 5872 7637 7387 7388 9883 13243 7084 10668 11104 14040 11657 1230 9220 2816 6480 1483 7052 11965 4132 13139 12623 10577 11016 14223 530 10941 2868 12614 11952 11901 6121 4820 1812 14380 13419 4991 2518 
471 257 385 125 351 389 512 254 512 59 3229 10148 9091 5772 4362 3763 13860 7956 11754 2452 12411 10183 9765 630 9069 14625 13312 12550 7904 8283 3518 11304 489 13210 5165 163 9224 11034 14544 3294 11755 12387 14991 13420 9614 4975 9978 13905 1473 14674 12495 426 14733 10716 5733 6670 10291 11783 6385 9659 5030 1630 1962 2961 980 3953 12126 14716 2480 
472 389 256 0 245 512 383 128 385 58 8045 8761 3981 6899 8744 5325 3963 9665 6215 8605 7872 9410 8796 14481 9354 9959 14354 8962 12373 11441 6870 8720 5426 3786 8434 301 13783 764 1867 9828 11385 7450 9338 5745 5144 2160 14433 14919 5637 11195 4033 4311 10371 13626 12426 8009 13900 8264 12438 3619 10755 2461 9025 4405 9106 1663 1656 4809 
473 389 256 0 385 512 383 128 512 59 2721 12184 12523 6640 4874 3519 1899 8097 8624 6224 5755 167 9644 6782 368 2509 14367 10922 14430 1086 869 5992 7946 3636 7142 11554 2712 13293 6245 6380 2416 9253 7444 10852 1787 13924 2265 933 7125 11117 1120 433 1569 8088 4936 3890 5389 2866 1763 12483 13480 1878 5297 643 8456 13047 13127 13725 1388 
474 389 256 128 245 512 383 254 370 58 13809 7045 11810 7101 5173 6518 9841 4488 2730 11246 231 14576 12519 9509 11396 11347 14501 9965 3097 14942 4891 3103 14929 8965 6799 3622 3534 11997 14207 10233 10294 180 14244 2264 8938 12625 6652 2586 8344 3822 9549 8007 12739 10667 14795 1079 8353 2640 5573 2010 8488 9518 9662 11758 5929 3101 14534 1452 
475 389 256 128 370 512 383 254 512 59 6511 14 10559 1382 2379 2859 12370 12074 3936 14837 5804 7709 4249 5038 9081 8911 12647 10124 9585 8144 3943 4252 3588 9840 12196 9071 11073 6739 13980 6820 6263 10710 14874 2103 12700 12122 1119 13385 1288 6084 4662 7163 352 2970 2658 1390 10543 8481 957 12310 258 2720 5367 5656 8412 14550 5774 13174 6328 
476 389 383 0 245 512 512 124 361 58 6818 13534 4735 4817 3871 1021 12704 4419 12309 13376 5148 14017 14287 8228 13352 10024 14758 10935 2782 5498 11921 8278 3864 755 13724 2557 11532 5232 2555 10847 590 12901 6545 9114 10472 2339 11937 14958 9252 7068 1547 1647 1594 11115 4998 4434 5458 10077 4727 4402 13373 3241 6076 10300 7470 10016 5904 3960 
477 389 383 0 361 512 512 124 512 59 6417 10089 6107 7479 12301 1570 3615 2385 2541 7069 5146 7639 14242 401 11984 2673 2045 11559 13649 12951 3337 2672 5355 3104 10459 6267 10264 5349 2738 12250 8093 823 7916 4769 4229 3262 1194 6573 4259 12600 1070 7083 10714 2098 13238 6567 14438 1854 11600 2170 9141 3931 13330 5280 9893 7932 6796 10395 6823 
478 389 383 124 245 512 512 254 373 59 11977 11604 456 5831 650 14990 7401 5588 13208 5505 8795 14243 5881 8151 4655 10746 2834 2915 6249 7188 5343 12748 4141 12766 12950 1306 14854 1415 7109 5104 6723 5506 9147 488 10331 11526 916 14150 3173 10332 6528 3039 520 1003 14658 12872 3806 3685 5854 11741 9009 7510 1543 11877 14203 5034 14781 7425 7609 
479 389 383 124 373 512 512 254 512 59 8753 1144 7304 2086 10600 11710 14070 4628 14013 6977 13775 10888 2296 12100 9083 848 10354 1426 2935 4674 4599 8654 12664 7134 3081 8578 11789 1332 13270 14285 3223 2076 5463 2871 8321 8704 10199 9273 14759 13884 13331 12038 13301 2185 6146 12865 4507 3679 6608 2908 7695 813 2562 9566 4121 446 8102 13226 4853 
480 257 256 254 0 379 380 381 121 58 6517 6865 5776 9725 1506 12499 350 3092 2927 7635 14696 2077 4192 8104 8907 10201 7938 4455 7460 11397 6376 10809 2191 2158 281 10796 606 13049 13530 8840 8213 8534 6210 9313 2561 2497 8912 6225 9109 1376 7276 9209 13547 10350 14637 1221 13548 7731 7180 6582 5341 2519 10563 5248 14262 720 12024 4723 
481 257 256 254 121 379 380 381 262 59 5565 12791 9680 14752 159 4496 5326 8192 4155 13734 3618 6586 13708 1363 6931 14003 11767 4718 1532 10876 10724 7841 5577 10417 3298 8971 13578 214 1085 3122 4884 3930 1589 6350 3283 10120 598 7864 10642 7520 9441 11152 11119 7115 11277 9172 6058 2383 14062 4375 1604 6184 3363 14753 1157 9438 10081 7817 11451 
482 257 256 381 0 379 380 512 122 58 6713 14065 10298 593 14832 8604 4280 13032 269 2545 8771 12616 13979 10075 9983 10342 2448 3947 12653 8200 5120 13117 14901 12476 9235 11148 6902 3664 2867 12147 5058 1128 13994 10787 9675 9024 6516 14355 1353 5669 7627 6254 10455 9684 5586 14192 98 14603 13818 13414 8701 8443 9642 7674 5947 7748 39 10921 
483 257 256 381 122 379 380 512 262 59 10789 10057 13141 13685 177 14634 3476 8017 9657 14260 14894 9820 3220 8978 6282 12212 12455 6874 8539 8880 8788 5473 1173 10261 1380 1762 5270 10020 12116 8559 5021 7560 2587 935 2894 7710 11747 4452 10055 11194 10762 13159 9023 9475 8022 8057 10978 5708 11062 2277 13134 2496 2328 2012 11695 10759 2402 7299 364 
484 257 380 254 0 379 512 389 132 58 7197 5664 3393 9789 7024 12430 2696 12076 3487 11953 5726 621 7947 14535 4812 1371 9540 5583 2634 6002 4443 14271 6397 3317 12486 3925 3809 7906 5082 255 13173 11171 12151 9061 3909 10791 10958 732 4913 6138 4228 8743 7870 6423 5644 1521 11125 12273 6794 737 1321 2818 3446 10911 4186 8146 14689 13835 
485 257 380 254 132 379 512 389 262 59 10816 5117 6369 8694 12014 8361 7882 8988 12489 2206 12159 8851 12274 5570 8301 13225 7496 5225 6134 6191 11398 11261 707 8514 519 6664 5739 8505 5994 14872 12339 12080 1384 3866 7013 9306 3300 9133 946 5918 842 3068 8214 13680 12699 3443 6903 10831 6354 13371 2895 4681 6202 1804 7098 14475 6171 5638 6798 
486 257 380 389 0 379 512 512 118 58 2108 9838 13222 13040 310 7438 318 8172 4685 10536 11609 14679 14514 1992 579 6155 12580 2602 14462 1311 7168 9766 7835 12541 12551 2599 3358 13178 374 1369 4454 10491 739 11028 6108 5029 13713 13151 13059 5306 13544 3058 3157 12069 12424 4554 10211 5839 13786 14694 7960 7777 6190 8315 5667 14902 9951 2902 
487 257 380 389 118 379 512 512 262 59 3054 14267 3243 4502 11598 2454 10987 2733 14109 1794 9969 2613 1894 10256 13290 12922 12348 4258 12770 6345 2824 7287 10015 7634 5312 13686 3287 3113 2167 7970 1531 5651 2139 14682 9570 12916 5137 14352 2075 5974 14390 4986 8556 6617 2890 10255 2462 3141 12894 8081 14264 3210 11733 10435 10757 2883 11183 2314 14748 
488 379 256 254 0 512 378 379 135 58 12620 11762 11985 7260 11537 5434 7987 8388 6133 13354 14194 4117 7219 3208 13853 2515 6089 1075 10664 13496 1142 5215 10140 14450 8582 7174 13878 12419 4149 6489 14772 10692 3406 3377 9430 8044 12280 9285 3830 4581 10682 7843 10719 6564 221 247 13589 5877 3826 12988 1062 6891 8454 13816 12334 6542 10821 10900 
489 379 256 254 135 512 378 379 262 59 1778 9918 6743 858 10999 457 11386 8846 11305 13956 6096 3275 12227 13322 5035 5177 12841 4562 9283 4639 3460 2133 13996 11173 4716 5179 4120 12139 9043 3050 5805 1325 8574 9016 14456 5836 7698 3765 1168 9218 9444 8366 11563 10804 7006 64 6086 11157 3011 2427 6783 13350 10262 10326 3055 10313 9758 7327 3094 
490 379 256 379 0 512 378 512 139 58 5740 12734 2411 1673 10948 4929 8879 12427 9584 2784 4885 9960 7208 8084 9991 10607 1192 7399 6409 14695 10923 14841 971 11887 9773 5350 6401 3193 4535 6458 4580 8475 1893 11799 11753 11370 4231 3898 9388 11339 8339 8496 8653 5930 4290 10200 10416 4047 12668 10773 14595 965 2081 6156 13559 3108 6094 1781 
491 379 256 379 139 512 378 512 262 59 5889 3721 1005 7246 3040 12593 8774 2482 9987 12251 12398 834 8867 3938 2241 3085 689 5000 10463 4548 549 12502 2334 6513 1988 208 7339 10823 10441 490 1166 7796 5606 11162 6992 5346 13961 9066 4813 10520 14378 4442 1410 3631 13025 941 6553 1723 13801 14720 9545 13406 3999 2762 4722 6139 5902 13289 13411 
492 379 378 254 0 512 512 381 115 58 9669 2014 7527 1217 13948 172 4670 8560 4377 14492 6875 2977 3347 8005 12661 10558 5859 8563 5779 5956 10988 8730 3149 10576 13052 1927 9363 12971 11926 155 75 4980 10189 1792 13817 4436 6524 14026 2934 11394 7223 12105 7423 13604 12570 13272 8745 2783 9287 415 1247 14321 3553 4135 7664 919 4467 6075 
493 379 378 254 115 512 512 381 262 59 1622 4871 2886 14132 6265 7324 5364 675 7044 8974 7323 2949 8689 11319 12520 6438 8286 12648 4274 2556 3772 5883 4760 153 13887 3282 1244 12900 3002 11972 11770 2737 2325 5815 10170 11135 120 2757 961 4373 1405 2683 14803 1519 4187 10974 5110 2815 3112 4193 219 8494 11790 6389 6101 13719 12150 624 14398 
494 379 378 381 0 512 512 512 146 59 13119 11923 10188 289 553 3357 1574 11792 13985 12652 13011 8158 14638 3413 9793 9307 5036 2327 8316 6268 7670 14604 4938 9271 7672 6646 9602 7333 14619 11189 3992 6239 6947 89 6318 5490 14786 9352 189 12239 7661 2490 12003 10991 6834 7294 5499 5666 5635 38 5414 11379 6822 8715 11788 14385 13113 8134 14027 
495 379 378 381 146 512 512 512 262 59 11881 9571 3354 3254 11221 12277 10404 6689 6329 2298 5454 41 1443 4069 2707 7373 9223 13359 9804 4856 9346 12053 3880 4210 12882 9608 14922 1533 6634 6478 9696 6748 14828 12915 14582 11630 13319 11746 4412 3231 10673 10932 3973 668 11742 14561 2304 11690 4062 12220 10425 6955 12675 6032 12270 2073 6852 8303 6183 
496 257 256 254 262 378 382 391 395 58 2028 6705 3990 7587 317 8460 10795 9099 2392 10648 3529 2739 11893 8966 7954 8839 483 3046 6629 3198 7892 7257 6994 1029 12051 2299 642 10272 1163 6939 13468 10451 10747 7143 4261 7757 11932 10671 14483 9493 12441 11079 9296 8243 4520 10519 12137 7173 1349 11201 568 11126 8995 10376 4136 6229 12000 6147 
497 257 256 254 395 378 382 391 512 59 2307 1961 5299 5400 3687 10215 2352 7622 10498 5265 5849 7539 8148 2029 12416 7805 12963 687 12449 12786 7823 10946 12622 13529 11325 3575 14131 11839 6457 1616 1121 1572 5592 7726 14574 6291 9961 12355 14602 14245 12942 5140 380 6786 6764 3240 1342 7508 12610 9927 11647 11256 4166 3845 10849 11717 4870 7547 4915 
498 257 256 391 262 378 382 512 381 58 8159 1706 6766 13692 10790 1122 5495 6975 856 1211 13288 6716 1674 930 8483 1944 10968 10468 7939 3607 14592 13107 2887 1502 5980 10750 5600 1593 885 13068 4424 648 3481 9939 11077 9944 7858 6149 9269 6053 10501 7767 1646 6711 1407 7915 2879 1049 12602 4071 5589 6578 3514 1303 13439 2419 1497 819 
499 257 256 391 381 378 382 512 512 59 3456 6904 14660 9390 402 11340 5141 5803 13636 8318 13945 6098 12852 10813 9167 6209 8206 12804 11602 4059 4555 11539 3921 14446 14085 12800 8832 13910 6523 7979 12733 9512 12289 12941 11358 2380 12839 7922 12129 9365 1285 11547 8958 14850 7454 1817 1074 1136 3828 2070 7558 4398 1845 2087 11684 2920 3171 2534 14319 
500 257 382 254 262 378 512 367 369 58 11087 2044 1092 3709 1279 3268 11899 5561 1997 8957 14816 9210 14451 8738 12313 13146 2957 3646 10321 10818 4833 3837 7230 6997 5817 7564 6889 1058 2415 14791 12562 5004 7233 4028 7763 1629 10320 6426 10939 10021 2632 7092 12785 5402 649 10891 8234 4407 1309 11515 197 3707 2705 4532 1667 7261 4145 13138 
501 257 382 254 369 378 512 367 512 59 14388 10348 4444 8794 2297 9897 365 14868 10517 2340 2400 12782 816 12091 1661 3387 8803 5170 3137 11447 296 3314 8709 12934 3334 10114 9915 12682 2421 11646 14974 8592 6508 2551 1967 154 13433 12346 8602 514 8038 11307 13798 10251 1743 10308 6838 14238 10475 10721 5948 13542 12978 12223 9660 14423 4445 13703 2642 
502 257 382 367 262 378 512 512 382 59 12854 13176 14275 1148 13806 10025 11720 10597 3720 6836 3486 5705 12028 10402 1197 7107 10772 12415 3418 10713 11975 4798 6913 5147 2914 13137 11895 11707 14100 10205 14379 11577 8436 12665 14413 8259 14983 7284 6471 3710 2532 8478 11840 11139 7779 4489 9170 990 8431 9623 4177 8250 11122 3453 14371 9544 12751 2787 5192 
503 257 382 367 382 378 512 512 512 59 3868 14178 769 8233 11941 11200 8269 1649 14210 4895 6659 6535 6252 9551 5111 14589 6349 4453 2349 5321 6470 9400 6054 6175 8520 2517 11727 2457 5233 3445 11356 3598 7886 10327 1677 10328 3798 10073 855 6115 1387 12849 2039 1715 9059 1917 8680 8298 11735 6715 7582 10122 3260 14145 3224 7402 6698 13423 8581 
504 378 256 254 262 512 390 371 408 58 3924 712 5663 4545 11744 10260 4021 11829 10780 5802 12496 7631 9920 8306 5662 7771 1098 7720 6577 14741 13763 14939 2629 617 262 1980 147 9632 11369 9648 14121 10392 14420 3525 2827 13586 3495 7669 8226 9455 6290 2540 14659 6753 6164 3230 8545 4010 13807 614 10786 3655 10822 11199 10130 11209 2889 9529 
505 378 256 254 408 512 390 371 512 59 9689 2850 12897 14373 1333 5518 4888 3656 13908 10784 13681 11328 5940 1292 1555 8787 745 12589 13393 977 868 6890 13416 2947 6601 3903 11645 14125 14519 13003 7144 14577 2110 1843 4926 8419 5020 14656 5249 2058 9785 14557 2564 1552 5860 10465 3286 1093 8385 9243 8588 14486 12945 5564 1375 14708 7171 1177 5989 
506 378 256 371 262 512 390 512 398 58 12037 10368 14008 4370 5116 11459 7601 750 14964 1577 8940 14899 13486 1266 11930 10522 4918 9751 12039 2291 979 2863 8092 13426 8499 12179 11150 3070 1504 2391 10967 3417 10250 9953 12556 11955 11084 3741 3726 10430 6001 1722 11607 14594 396 10461 9692 14702 7283 10865 4738 7003 2105 2885 11037 5513 1886 6302 
507 378 256 371 398 512 390 512 512 59 3120 9480 14434 13061 12674 7963 12702 4459 13451 10421 11393 6439 1588 10164 4202 7110 1811 7647 1694 14325 3603 2535 14468 4744 4793 10539 13384 13004 2989 4292 3422 1818 6632 1995 3591 4469 11761 0 8330 10474 8194 2092 2393 4337 3381 9149 10039 13189 11035 3267 8397 1921 9207 9727 5421 1449 6840 2257 8072 
508 378 390 254 262 512 512 379 391 58 3053 10288 3940 9954 4209 12631 12459 35 437 1171 5353 13892 12508 1258 13500 3411 3429 3423 8320 14955 5810 9437 3292 7711 3585 4558 14102 3500 11831 7824 13353 14457 4449 7544 6588 12670 12067 3733 10764 7175 6639 2747 148 13294 13364 7555 3913 11089 2684 8116 904 4725 9458 9739 6610 4672 2083 13856 
509 378 390 254 391 512 512 379 512 59 1320 7491 3667 3592 12680 1188 6180 8776 13778 2829 3362 9740 12784 4908 13741 5046 1269 4800 7189 11108 3904 13888 7014 9678 12573 8567 3233 4320 7594 1316 4017 4414 4546 12750 9626 8251 5560 1745 2144 9508 12837 1959 3722 13707 372 7297 13520 9797 3547 2616 3751 6666 14311 1400 8981 627 2759 9947 3080 
510 378 390 379 262 512 512 512 398 59 2988 4008 10599 5015 9073 3669 10741 11528 4596 3432 9451 6196 14480 10252 2248 13355 10499 11740 4227 4623 3073 11711 14790 9574 13851 8501 2121 14123 9450 6880 2313 8828 9227 1208 10007 240 390 8373 11242 1526 10406 12342 1989 10737 6244 10044 8300 5152 2184 11205 7543 4804 9572 5005 8163 10035 6792 7618 4505 
511 378 390 379 398 512 512 512 512 59 7825 7035 3063 3502 373 9627 1556 9457 14722 4857 3541 9351 12434 11624 12213 1751 6989 10705 8497 3128 9764 406 1006 11766 8950 5788 3459 805 810 6655 440 2822 3706 1535 14088 9811 11434 4951 13132 348 3962 7815 8952 8941 9433 5623 5101 5786 4989 419 10045 2930 749 14303 11849 11275 10423 550 770 
