256
256 0 0 0 62 52 129 58 10192 4893 7034 11442 6627 14626 3178 8477 9488 12609 7658 11897 9587 13919 11025 12989 8984 11595 9392 1805 6315 4776 1800 6884 13803 5479 4390 14409 2119 10601 12183 4099 12692 3535 14470 7255 8649 7697 6124 9597 6969 2330 3169 5951 13784 4754 14997 10801 9261 2372 3754 6334 11479 4688 5086 1614 12545 4854 
257 0 52 0 62 128 129 59 14588 13667 12445 8279 8815 1394 9136 10708 5043 6892 3717 5258 828 12408 12152 11634 8247 5541 4055 2466 11601 3761 11352 10915 14232 10877 5830 4024 7728 8708 13903 454 11289 10469 10222 4409 13913 7650 11843 5563 7535 1968 13556 744 14755 3966 6835 3899 8245 10034 3750 9995 12806 6618 3764 4956 13616 656 9300 
258 62 0 0 126 52 129 58 11312 843 14328 7525 13001 11644 11980 11197 822 2468 9666 5022 4615 8675 6704 1494 13814 10697 11756 2848 7989 12187 3724 14726 8831 14575 6465 13123 4294 11337 4669 1847 4524 9791 14126 13957 12802 9906 1326 8504 11529 10391 2020 14969 9722 199 6375 1323 14265 6590 12595 11815 3444 4684 10390 5096 12812 10138 
259 62 52 0 126 128 129 59 6025 11662 4971 12940 1495 12649 9336 1994 14981 1061 14668 14555 9628 2874 14547 3191 11812 8020 24 1782 4263 1716 10396 5503 9863 4018 10538 8019 6853 10712 6625 7721 11 409 8947 5686 13434 9857 7124 9322 9189 4158 3832 10646 5901 10385 2766 7975 8705 6256 1351 7365 9664 7351 13429 8354 13245 3573 6181 
260 0 0 129 66 67 258 58 2663 12232 3510 6378 6616 1017 10066 4765 4439 6988 13215 3302 552 12994 9922 1844 7018 8824 12389 12065 8714 8399 11860 5095 2418 4319 10186 6310 2711 12824 13732 9056 11882 10628 12798 11501 1797 13872 4450 4900 6537 12409 6560 1831 7302 13986 8601 6740 8442 4619 12927 14947 13868 2976 4351 730 13931 14140 
261 0 67 129 66 128 258 59 4721 5978 8378 12522 395 8152 12767 11738 10173 12534 10749 13313 2847 5678 10036 7876 9562 5455 7641 10810 13991 13469 7361 5240 332 9702 11996 8241 8447 13557 1712 3258 14911 47 11343 7759 3933 10596 9305 12808 2794 13652 58 10230 7019 5898 6697 8174 5172 14071 9698 1681 8430 11542 10060 12898 3087 10117 4922 
262 66 0 129 126 65 258 58 4544 8939 4575 2533 14338 161 4570 12777 1337 13787 2090 11279 7434 14308 1235 8095 6722 14779 9153 10386 9026 8725 8073 3166 14546 3084 3199 11517 9772 12864 447 7072 12235 2362 7097 14416 13521 6876 513 12836 4026 12583 685 1819 6220 13639 6746 14159 7961 7755 12180 12553 6805 7719 4671 8811 13333 4698 
263 66 65 129 126 128 258 59 13973 11642 3771 11482 13305 4759 3902 12569 3860 8641 6433 13874 1419 2153 4312 2019 9377 14173 7530 1256 12705 8314 10101 321 9528 6484 966 8055 673 5189 3252 237 9988 13781 9833 3014 3071 2318 14290 13569 10384 10980 4810 4959 2981 5210 8754 3954 133 466 10136 1346 14482 9244 3182 1082 12996 3699 5006 
264 0 128 0 65 195 137 58 9266 9892 14129 4858 4035 11311 3824 9054 7984 14208 5855 10572 5369 2795 11998 13683 10254 5478 2495 13432 2698 11786 8414 14277 5693 2651 5113 2546 6275 3245 1004 4766 912 1205 12584 2396 7694 341 9196 9511 10216 12321 10042 11422 6658 4523 8254 10925 4933 11331 1167 4070 631 3345 7042 11929 4095 9986 
265 0 195 0 65 253 137 59 12052 12297 3100 10080 5329 4620 3807 4384 5062 13291 11844 5807 1140 934 8275 10213 11989 12531 3328 9206 12516 731 3513 2715 13600 3596 2038 6598 5617 11072 4465 8937 11817 14815 14542 11204 11153 10415 4787 13379 13193 11274 6826 5736 8462 80 3076 11827 8994 3926 13013 6650 2106 8936 12478 14009 14473 716 14429 
266 65 128 0 126 186 137 58 10184 5465 12422 1660 6731 7600 4840 3597 5787 12557 13712 8926 13881 9825 2630 6206 10397 7884 10919 5916 14657 3536 9093 12386 3371 8977 3029 14068 8746 7473 12677 11388 12276 14732 14882 10610 7729 9440 2510 4281 2146 860 1434 8461 7120 14865 9993 10318 5155 3521 5251 2700 6182 7229 8034 2192 7384 14573 
267 65 186 0 126 253 137 59 8238 9731 12832 7949 8071 9938 9360 13440 8409 270 3383 3690 13387 13883 13930 6293 13848 10240 12241 11170 249 4241 4262 169 1982 1540 12253 9547 11259 5448 1641 1512 4788 4621 1941 11423 287 2951 13356 509 8427 12023 3093 13522 11652 1401 7285 5337 9609 7951 1164 6603 10995 6532 13428 13485 636 7131 1030 
268 0 128 137 62 191 258 58 1924 8166 2487 12423 3005 6295 1430 14002 8178 7416 1747 11834 12587 11127 11988 12016 3609 3184 9344 14329 5551 2205 7831 10466 2764 3793 10352 1884 508 5760 13053 4317 5698 12565 1664 4755 4822 1703 12127 4040 1242 1534 14857 6177 11239 7756 11751 6980 4188 92 9636 5486 5435 8821 13789 1554 14039 9304 
269 0 191 137 62 253 258 59 7331 10846 9894 2122 463 704 7517 6074 4851 10031 9674 12995 26 1487 2718 5411 5382 7053 12776 3477 7461 10282 4360 14399 719 1590 6070 1422 5925 13074 492 1738 3697 11024 7369 220 10484 6829 11366 2978 13409 9809 907 5409 9970 7901 7822 9439 5377 13591 2389 11823 3249 11905 6757 2127 1736 4485 3825 
270 62 128 137 126 191 258 59 7666 9393 6756 14344 6023 1596 4302 10639 1883 10835 6322 9592 12920 10023 10529 13167 12494 5108 12937 13298 4036 1234 1910 13583 6895 2892 10014 9575 11902 1134 7588 13651 7787 9048 1775 2074 7267 14765 11961 12350 5985 663 14892 10555 13743 12621 9087 3489 1568 7464 8934 10738 8170 5731 3242 6512 10306 11314 7366 
271 62 191 137 126 253 258 59 8274 11416 13473 5444 2460 6311 13279 14136 2244 9289 7433 5838 3965 8769 13090 7686 10102 10304 778 10985 5590 2778 967 13145 6231 679 10768 2956 883 5262 3986 1979 1031 4404 914 1940 3790 9065 7990 6536 6628 11892 12578 8490 7875 7335 11144 7917 4634 5373 12234 8406 7432 10893 11495 6387 3285 8046 3461 
272 126 0 0 190 61 130 58 2165 14346 547 9115 8408 7569 2194 7733 1727 1414 3713 6034 3852 1869 4880 13471 4768 1147 3047 13096 693 3464 647 6204 7073 14301 5330 129 14980 2096 11022 2710 13663 7400 1553 7950 1222 765 10695 160 2281 7066 14552 3674 10178 3052 8336 8024 6467 12233 55 8476 7447 5384 9711 814 11879 1081 
273 126 61 0 190 126 130 59 5935 13446 12909 6367 3834 5559 1739 7036 10302 4560 8458 7969 14190 13613 10457 13517 292 14412 3583 2925 13920 11329 5809 9454 12628 10733 11103 729 2246 7130 1657 890 3978 14108 1228 13739 6193 2799 5231 2869 5128 688 10881 1457 12302 13761 14540 10530 14537 5835 8096 5610 12879 11124 8562 2150 12340 6591 2347 
274 190 0 0 257 51 130 58 5206 14613 12177 13576 895 8836 11407 12328 10803 864 1609 577 10614 3684 14651 14527 14025 14474 9579 12482 9105 8335 1915 6362 14978 4943 1740 9415 12097 12026 5217 12469 5979 4381 13029 726 204 8352 772 5512 4220 11351 6606 6460 6569 13921 13766 12156 798 13048 8949 1001 721 7810 7196 8468 14532 1956 
275 190 51 0 257 126 130 59 6064 12929 9462 9778 10109 6960 6176 1431 6257 10259 6810 3344 8109 7203 13089 7802 14984 5780 11273 11915 3901 2235 14754 1108 12428 11492 11091 277 2876 7746 3746 2292 10874 11924 2861 2053 3060 1456 13204 748 360 9859 13637 11054 697 8877 10064 14030 94 12773 3024 11064 6434 6335 3127 5801 11603 2963 14447 
276 126 0 130 193 63 258 58 4910 9604 3261 7966 12617 4235 4309 7147 6081 13046 12247 4372 5311 8049 12345 4916 13960 14240 785 6914 2982 4564 5921 9176 12407 2057 2172 4656 6230 4563 6110 2931 1801 12730 12246 1928 10405 12821 5766 9799 3562 166 8876 682 9844 1971 5281 7341 14261 10986 1420 3270 1909 7215 362 3968 4782 13735 
277 126 63 130 193 126 258 59 5489 465 5268 12810 10731 12789 6521 6804 4371 799 198 8627 10098 2359 2741 8856 8777 4352 12952 14876 10782 5496 13091 2595 8197 12361 3877 9447 12619 8767 264 13386 10579 12759 9594 13793 1490 11857 5756 14510 4115 3426 2727 9155 11236 7751 5865 11669 14579 7165 5550 1907 11324 14524 10879 12341 3638 3894 4476 
278 193 0 130 257 66 258 59 13867 950 5235 5213 5754 2544 8564 7735 5474 13607 9342 6732 9909 2025 1268 10268 12381 6882 2511 9251 11693 13493 9801 14327 1682 1558 2772 13875 14323 1600 8261 5520 4962 787 5333 472 14966 11235 11592 3608 1912 541 12027 12391 5516 6866 1834 7863 1969 14445 10053 10307 8470 1209 10071 9563 11692 2278 7039 
279 193 66 130 257 126 258 59 8026 14084 12629 8491 14568 8759 5410 8793 8016 1231 7231 9771 10677 3271 14488 2680 11143 439 794 7673 8179 5553 3186 4205 10453 11712 10843 11094 10195 826 3663 8883 3779 7467 7744 9874 938 8608 10443 4216 8347 3306 11350 9691 13479 1341 7111 11341 4432 10361 13710 12044 5025 3545 2436 2209 8439 4096 13774 
280 126 126 0 190 174 131 58 1444 11467 9358 2566 14499 11850 7262 12860 4629 3810 8751 12624 475 13676 10541 14143 644 8733 6008 9325 5469 10454 6680 10540 10740 5310 11357 10936 2524 5544 2234 827 2955 6232 2750 8522 786 6839 1484 6355 10285 8270 923 8575 14374 7087 12724 9242 8650 12046 9148 2802 3653 13553 462 9519 5357 442 
281 126 174 0 190 253 131 59 3725 9888 6706 14077 14059 11620 14067 13935 8433 14487 6959 9728 3140 12311 10235 2508 9881 8557 2843 1172 8663 14383 5446 6754 7408 1580 11927 8798 8673 7458 3203 1462 12123 10502 2262 6602 845 1117 12397 13902 12885 113 5007 3624 1254 10325 7924 1404 638 11345 11012 12314 10943 12128 1020 14900 905 6429 243 
282 190 126 0 257 189 131 58 14342 10542 3581 2807 16 9387 14701 4852 13992 5723 3917 7690 13239 14912 13909 3766 7611 10687 6801 4077 12392 13489 5864 4911 13321 10510 1048 5304 9491 8925 10336 12632 13114 14345 7201 14036 3342 14366 6747 14967 1710 7415 13427 6141 3072 3176 3714 9015 2860 5335 6005 2790 6168 3143 4741 11030 6469 5858 
283 190 189 0 257 253 131 59 6787 4066 6962 3389 11962 13095 7343 441 13028 4357 7380 13943 14426 6597 1644 6021 13750 8229 6619 6595 2754 11672 13389 13302 11112 4748 4238 9123 2618 14233 1695 12354 11427 11005 5998 6940 5106 2657 5313 8326 11074 7026 4946 4456 6453 4254 14839 8570 13552 2585 9291 7224 1099 13187 10333 9792 10514 4085 6908 
284 126 126 131 189 183 258 58 3858 897 7730 3729 303 6013 592 960 6776 13970 4403 10147 6954 5415 14331 1796 2875 1129 6226 14127 322 14060 4060 2622 1670 10399 6848 1693 387 11794 6749 13094 6373 7477 7977 11553 84 2145 13997 12135 1952 9160 1226 6377 11580 8122 3595 4474 4680 9373 10998 13839 4866 11723 3395 4501 10866 11002 
285 126 183 131 189 253 258 59 3632 7854 14439 8297 5174 7251 11243 7652 3194 6399 13346 9472 3964 10885 12555 13038 14553 10832 1399 12043 1161 468 5252 8553 9000 9350 3821 2102 4557 10347 5485 14670 1788 5549 13079 7878 8894 12752 4863 3188 4451 13617 4719 14032 10964 14798 4438 758 6372 12060 4331 4942 8844 10439 4105 2543 13580 13488 7648 
286 189 126 131 257 192 258 59 7623 11911 8535 11042 4226 9460 13584 9355 4471 7289 3051 12327 7740 7435 11516 11730 6383 13358 13614 13031 1063 280 6381 452 1155 13155 1626 9716 7050 9534 12844 14951 4872 5675 705 6358 11522 1297 12108 7888 7405 13833 3842 9353 1640 2094 8101 8207 8173 4865 6266 7200 4300 9929 4559 3816 9045 13158 5607 
287 189 192 131 257 253 258 59 2758 5955 1446 2473 3833 7625 2717 14764 8631 12579 10516 2080 5732 4020 9498 6012 13217 14215 10765 7430 11105 6897 6621 2231 2593 11333 3799 14204 14335 7428 4567 4510 5067 1263 11721 12357 7041 718 13361 3914 1615 2691 1823 3401 2929 1019 9971 12172 6552 958 7545 5031 13769 1850 8054 8161 8293 11713 13843 
288 0 0 258 63 61 373 58 13962 4925 4588 1160 3648 4958 936 14718 14622 2499 10202 8933 12801 5208 4584 4860 106 9945 7773 8119 7451 2621 6047 9677 2996 4650 7412 10969 5937 7743 605 11405 5493 12826 12138 13790 9152 12215 5102 12283 5876 3304 10644 9745 9548 8509 3305 14760 3023 7063 3170 9880 4992 6185 12559 4308 6095 14515 
289 0 61 258 63 119 373 59 8012 18 13284 10097 14750 8502 4346 896 14494 7392 4295 12712 13230 854 11906 8973 537 3378 6965 610 5976 1138 7997 1536 1786 4217 8736 3563 947 14334 5614 4291 10861 11963 2329 7967 1381 4549 3783 3555 10434 2271 6846 11290 5620 12721 11513 5507 11615 583 14643 5569 13256 3158 2116 2823 2186 6633 723 
290 63 0 258 127 62 373 58 8935 8185 4610 3576 13882 5597 3984 11795 12201 1863 8210 3045 12878 8686 9774 1802 5114 8480 2609 8421 5371 10836 12991 2211 12761 8989 5917 2141 8739 4905 14618 3215 4608 1243 1219 13990 10674 7576 2183 1423 6427 7303 245 9254 9217 4164 7995 7983 5289 9685 8328 788 5601 9750 11552 9222 6613 7000 
291 63 62 258 127 119 373 59 9541 2287 8591 5884 14705 2938 817 9994 11521 9157 3961 14684 3827 12166 6371 13144 1755 3769 2525 3248 618 8770 14924 11250 7689 3944 14421 12613 11814 481 12666 11412 10172 10151 7227 9011 8280 9471 13682 766 4729 10311 7532 7518 10113 14673 8405 4704 30 8848 10612 13020 3232 8960 4480 3859 13077 4223 14079 
292 0 0 373 65 63 512 58 9436 6130 8356 5133 9846 1653 2878 7070 5045 7893 10296 1257 13770 14523 6102 7562 8707 6219 7210 11507 5796 8897 9962 825 3368 12214 2736 11858 1951 2880 9046 522 892 11651 1985 3175 8820 14889 984 9333 12919 14746 910 1658 14914 10275 13831 4867 9272 12450 7403 3197 14092 4792 449 14054 9449 13939 
293 0 63 373 65 119 512 59 2854 5051 8540 9076 1367 8853 11499 12336 13369 9932 9326 10670 14677 13390 14797 5181 564 6647 8018 4784 1757 11049 13620 13533 7833 4030 6832 2441 9783 681 7492 2273 6596 8979 13785 8368 11732 363 2645 10575 11870 5534 9110 10229 558 3356 14805 12816 1281 4676 4948 1936 12760 2498 4048 637 8717 911 4206 
294 65 0 373 127 52 512 58 10605 9621 14873 978 12055 4846 9047 10490 8098 6600 6827 1965 73 1666 10892 7644 13733 12946 13605 2242 2713 13129 65 7149 3062 5821 8329 5483 10237 11222 6374 6030 1125 12813 11158 3561 14763 10104 11951 1808 351 13043 10546 4632 7274 13523 3491 12136 14273 9456 6356 412 7048 14906 10084 7692 8013 4528 
295 65 52 373 127 119 512 59 10562 14812 2026 13722 2709 6828 9182 5770 1352 510 14118 2567 9004 9452 3755 14144 275 7663 6611 7794 14572 10625 2259 14038 512 5497 1842 1041 3490 11272 9704 9708 1799 13303 2662 11032 736 10561 1253 12191 2267 1730 6729 6506 2853 14105 6758 14645 12056 4221 7507 6808 2987 4912 13912 11465 2445 7240 14049 
296 0 119 258 63 189 383 58 14279 2873 6888 13898 12295 838 11807 3511 5645 5024 13118 3879 3870 8634 3155 9605 5109 7266 3557 641 13240 10317 11321 1250 6325 5997 3551 3447 7968 2588 604 1879 6540 14692 13482 12547 14406 6482 12596 498 13916 3183 288 6363 8891 14191 5953 6045 1331 7827 1100 1810 12244 14282 11832 6299 3559 7183 
297 0 189 258 63 253 383 59 10617 840 4088 3200 6353 2474 751 6712 14989 5857 6584 2897 10649 2769 2813 11558 7407 2708 5581 3435 849 5340 3177 12910 13073 4618 10637 4178 5286 951 11460 7022 3049 1721 9606 9527 4642 3718 4163 4996 7032 11475 12173 8817 8147 10504 7981 12358 8085 8384 3855 8025 13664 9903 1123 5868 4757 11081 1224 
298 63 119 258 127 182 383 58 14211 1856 11376 14024 8585 4832 182 4011 8149 10340 9812 9935 7675 8331 10603 14838 11626 11107 14286 3086 8589 988 8760 9595 2030 792 608 10535 4165 2636 7419 8199 2056 10419 14313 2728 1987 5480 4169 8724 2671 7254 7513 6861 1055 5123 4606 13105 702 9850 10330 14188 3740 2176 12902 6751 9912 4941 
299 63 182 258 127 253 383 59 5318 1238 436 10433 7040 13162 8747 6304 6869 1935 62 13656 6928 9532 4430 5652 11591 14436 674 6733 7571 9720 7272 4318 5500 3167 8075 5138 3202 10048 404 2558 3067 8489 8296 14356 14476 10398 4574 10949 3659 5681 9596 2032 7996 1861 4740 9984 10051 1026 9204 4633 21 1766 8807 142 7992 10356 10407 
300 0 119 383 65 175 512 58 2667 7216 7064 9100 9695 10153 4538 5334 8668 12092 11372 10056 3114 2697 2838 14201 1276 1465 13391 10975 12154 7620 5657 11875 12669 1632 5611 9808 7914 8942 13700 6160 5236 13231 6420 863 12111 2179 13157 2377 7799 3850 1551 5001 3310 14291 3099 6549 2958 1665 4458 13188 14402 14878 3743 9088 4310 12240 
301 0 175 383 65 253 512 59 6336 11969 995 13877 534 10774 6294 2169 7563 11095 2703 7344 413 8333 4595 4590 8086 11375 4981 13646 8944 14093 12831 7074 5765 13126 2112 8400 2484 8996 5511 11083 9567 926 12697 6973 2926 7568 4631 8492 14970 9335 11044 5633 13220 9058 9465 10534 14847 8681 2891 13395 14089 12853 10676 11800 5704 3817 14699 
302 65 119 383 127 179 512 59 2136 9998 2243 8272 4091 4034 13738 14566 2797 71 4267 6868 1124 4284 4307 8544 1416 7793 8923 6173 6297 555 8059 7613 10092 6077 651 11262 12208 10248 3662 10651 4952 6696 12269 5604 1397 4533 119 2353 542 857 11031 2676 3747 8457 6393 14268 3297 5899 312 14581 7945 5911 9366 1204 6926 5048 1806 
303 65 179 383 127 253 512 59 12577 12374 14751 4328 5853 1748 14940 6572 4039 9489 13083 3339 14928 571 3041 444 5903 2125 13370 7923 11667 1322 2229 9293 609 3945 6645 12099 2619 3668 5952 12710 6551 13657 12888 12954 4611 1916 3881 8610 8503 5068 14014 1857 2002 9382 8027 1932 5107 14745 6580 14985 11784 8551 8500 1984 8004 9651 8472 
304 127 0 258 192 53 379 58 11511 14391 11632 6920 9782 7191 8676 9891 9590 10732 12893 14867 1312 5190 14427 5331 14283 830 12110 12019 14849 1248 9062 2069 1110 13337 9837 8008 5130 2333 11871 12514 12968 4283 8364 2149 10009 10079 13400 11772 1318 2777 14543 12944 1067 4955 2646 5742 7108 388 9755 9670 12738 7010 3061 13016 7505 10305 
305 127 53 258 192 127 379 59 6129 14156 11217 1477 302 2729 10271 13813 3728 358 12242 3341 10582 13054 9647 10420 4767 11938 5596 3364 4616 11848 4894 9311 14946 8099 5061 14998 3698 13666 12009 8758 8032 9041 13450 5090 8387 7643 7446 3212 7150 5949 2969 2337 11001 12527 4242 1089 12458 3107 9941 5427 6169 14137 8208 5722 2305 1791 14975 
306 192 0 258 257 65 379 58 12443 3991 6760 6736 4772 2803 654 5193 127 14937 408 2806 11724 4437 3001 9241 3854 9753 13512 14341 6811 11958 10853 12255 4204 2502 10019 10224 14033 12186 10661 9286 10961 14302 2175 3732 14294 8377 8021 9445 2068 53 3165 1047 115 5308 9049 10798 4967 11406 427 12163 6483 9802 1440 1095 3436 10266 
307 192 65 258 257 127 379 59 12258 2166 9537 7410 8382 8887 5579 3320 12081 3976 4572 9834 9710 9836 2995 13264 6501 2625 1733 7630 5654 6390 5752 14993 3846 174 13757 11252 3365 5785 4168 11779 11348 14358 6188 3719 9042 12216 13234 774 2610 4392 14999 5837 14871 6924 1974 13570 3843 11090 13577 2152 3179 11543 8117 9600 4321 1295 11169 
308 127 0 379 187 63 512 58 11439 1448 12472 7213 4109 4534 5556 3102 10119 2143 4737 7682 2303 2031 9309 298 13010 3373 9851 6445 13762 14771 13746 25 9643 10412 2437 5139 11811 8691 13826 8277 8255 6755 7198 14864 9842 2317 5646 6307 1904 5582 12655 9247 10116 9422 6986 10744 9453 1054 8156 11715 5098 12372 8390 2950 2536 499 
309 127 63 379 187 127 512 59 14644 5227 9601 4179 4014 1613 2590 10367 13802 14090 2600 11910 7490 8154 8541 7137 1975 1480 13366 13949 5890 1654 9102 4506 10565 2254 7550 12402 12439 12654 13756 12907 8693 12604 6635 4790 6246 6488 491 9256 5734 13669 9699 12756 14612 12540 12518 4482 11612 14171 12845 10334 13402 5059 4969 12564 12117 8658 646 
310 187 0 379 257 55 512 59 14835 431 3442 10730 9530 6166 8916 8847 11420 11578 9887 821 12568 10054 13758 9800 2801 6451 2722 2455 11562 7249 5119 4736 6425 2331 683 13504 14236 9470 11178 4828 5751 7913 4743 9098 5010 13644 14787 4427 8985 13509 10930 3145 7123 7468 14417 8139 11508 8105 4947 2251 4087 1287 1601 2837 859 13258 2919 
311 187 55 379 257 127 512 59 12896 8150 2216 8495 12693 14950 3059 1803 4934 2364 235 4997 6062 11991 9094 1218 9 12125 13452 1926 309 9824 11176 4004 6216 6144 1798 13675 3441 13224 13885 4999 12437 7307 1618 10635 11445 3602 5182 6285 6041 1023 872 11931 6498 14259 14642 11884 6570 8118 14415 7065 1592 13827 6707 9866 11446 12460 13528 
312 127 127 258 190 187 391 58 12015 4433 13314 11785 14887 424 5982 6189 11436 5168 3856 6653 12282 4780 11801 5019 11739 1760 5332 4477 3299 4074 8987 9399 7626 10515 3876 4778 2805 853 13039 13628 3819 3818 8866 7300 9022 9103 632 1012 6436 2376 8253 8395 4118 2844 10180 14400 619 5338 13950 2124 13271 4353 2099 4347 14185 10715 
313 127 187 258 190 253 391 59 1518 10993 8402 3361 12236 8572 3239 7211 776 11241 11683 14687 2980 8873 37 3455 1621 846 5639 14666 12880 12002 14683 6824 5391 7885 9446 4920 14525 4571 4057 1032 14359 12007 1765 10146 10640 3153 10370 1507 13999 209 14314 2921 8677 10022 4410 10413 1241 4687 8006 13660 4732 12385 11078 2220 12560 8626 7615 
314 190 127 258 257 191 391 58 6727 6905 11223 7889 6213 12083 8317 6341 664 9502 3739 9966 11380 12209 14296 4973 999 11574 14855 14066 5016 11593 6259 11224 114 7263 10863 1515 791 9798 13928 1945 3677 14485 9747 11123 7001 141 3569 12034 14444 13894 9638 10063 2245 9679 3311 2449 11964 5775 2453 10859 4380 5615 11886 8804 2986 1463 
315 190 191 258 257 253 391 59 1545 11671 12481 14177 8056 10811 12203 12835 2221 5027 6735 8785 12914 10422 13568 1587 3565 14044 640 417 5674 595 3439 8438 6312 8195 3066 8486 9526 13810 3878 13213 2006 178 12431 13966 9715 2896 1454 12286 14230 10769 14428 12264 14124 5660 9754 4297 13545 4686 10703 1789 3982 10699 13075 1947 3056 11649 11675 
316 127 127 391 192 195 512 58 1550 2204 600 9275 1891 14110 478 6192 10090 6623 5932 10072 10372 10218 11660 7834 993 2290 4 2998 8779 7790 6280 4961 10467 1582 11364 7784 3291 3614 5537 12206 10630 1357 13368 5970 14918 12474 11449 5618 10249 11782 3650 922 3693 1455 14774 2022 5575 2768 5882 5568 2942 9113 9582 5799 9316 9191 
317 127 195 391 192 253 512 59 4191 10106 12119 12031 9957 4460 9796 12924 323 623 14992 7005 10481 4644 102 14116 11949 9068 8258 11487 5851 4601 1918 5543 1319 252 10819 1139 13549 615 11942 3989 5079 5305 9374 12708 6587 7481 8267 725 917 12869 12906 7346 8554 13227 4993 8137 9070 13959 11145 5957 10280 7209 6780 578 3008 1186 315 
318 192 127 391 257 185 512 59 8411 10952 12859 11415 1373 8198 12970 11227 6815 9656 14368 8169 2196 6017 13125 5913 3787 7086 5538 14559 8076 6104 10580 11008 6198 9556 1152 2679 5960 9818 8870 1690 175 13895 12805 6575 241 10588 6998 9524 11313 3935 7452 8872 14216 6044 13186 12743 11894 10902 9738 3620 8547 5134 4108 14034 5052 14061 9411 
319 192 185 391 257 253 512 59 10446 5692 13147 9931 2932 7861 4355 5224 9845 4076 4881 9878 14756 8810 3469 6571 13863 5920 6486 7636 10002 13163 7258 11947 3556 4219 10295 4702 162 11298 4023 9301 14249 1713 3517 2624 4250 1685 443 13130 2444 2804 7699 6258 9629 9717 4058 1832 5924 7781 7764 8372 6179 1648 13041 10947 2575 1386 6785 
320 0 253 0 66 317 122 58 12382 13015 3192 14091 6217 8909 1839 10619 3218 9165 1115 8417 1761 9790 1750 14278 12779 10872 12410 12830 4286 13635 1044 5783 1564 12248 4517 14875 2483 7788 569 6531 14615 13968 1212 4270 10058 9057 9138 11995 10069 1864 13742 13441 486 3497 3689 14256 3274 6651 10926 1742 5126 1370 11238 14545 12706 6767 
321 0 317 0 66 386 122 59 7292 6762 12211 2367 1271 11663 13058 4521 14135 7573 11403 714 4607 611 4664 13009 7279 2093 10909 6201 2018 7106 2841 1829 1741 3484 8374 2512 227 13444 10121 12764 12755 8854 871 6643 7851 12982 3678 7439 4431 2071 14927 3319 7617 6867 1576 7462 4098 768 14075 7218 2066 13917 9536 5609 13323 1389 4172 
322 66 253 0 129 316 122 58 13773 10267 7837 996 9701 4176 9375 3130 14176 5267 1105 1294 7051 14408 8546 6113 2527 7038 12226 12199 5504 538 7662 11338 7653 12106 14744 5154 1180 5472 1783 2384 9238 5963 5442 6339 13067 11184 8699 9576 187 12020 1460 13307 4239 3896 8884 13445 7100 4795 4103 502 5375 1175 4159 1040 5915 7591 
323 66 316 0 129 386 122 59 7948 4625 12284 5964 12581 14318 6037 11627 1634 10364 6079 10704 4830 3639 2187 13855 12822 11229 1435 8775 12017 13133 7926 8404 2577 6983 7356 3390 8813 329 2665 14460 10507 9118 5531 10242 3004 866 8089 3075 14932 8843 14181 9759 8533 12380 6087 13102 13927 418 10316 963 4086 4110 14163 6035 8752 12512 11137 
324 0 253 122 62 322 247 58 14495 3144 7457 2114 10410 1162 4807 700 5846 12833 8311 13275 14584 7933 11606 13085 2306 533 5748 14516 3384 10156 10777 11659 12536 1696 13172 5624 3630 11821 11334 3836 7372 85 7237 7236 10241 14504 2785 7377 2293 7649 8598 3512 6036 8039 753 14146 3244 100 8079 375 8302 9538 9163 7556 4119 5295 
325 0 322 122 62 386 247 59 9921 51 6402 14793 3010 5892 5973 4979 8191 2210 3503 9997 955 6007 7264 3057 7597 5749 9383 7828 8196 9197 13537 10660 7964 3949 9617 3154 7411 9112 903 11898 6313 12663 10938 12071 11041 5539 6744 7312 7738 12703 13455 12657 3812 1645 9232 793 4707 13859 8599 3189 3660 8177 12079 8292 1372 11452 9497 
326 62 253 122 129 330 247 58 5487 9367 12650 14600 2900 9914 14827 3082 6909 13953 4995 12936 14784 2812 7844 14147 5943 13748 5968 13027 574 13232 7043 2979 14896 4703 5717 9208 11564 9129 4602 841 10160 11096 2215 12997 5317 4712 5954 14973 10547 12035 1561 2181 14022 6028 6050 5428 11813 7253 4472 7732 12068 6060 238 11440 11156 3366 
327 62 330 122 129 386 247 59 6648 1468 13135 158 706 10239 2992 4144 4387 12639 5431 8108 5771 7553 1840 9288 8398 14197 13099 285 13320 12883 1255 801 3135 1970 12470 14560 10844 6238 9956 8896 12966 3893 9762 5840 11286 4073 5385 6088 13478 11530 11214 6022 5619 10650 14021 4897 9787 3284 7500 12975 70 7015 328 12980 7657 10739 1549 
328 0 386 0 65 439 118 58 7727 9862 518 3957 6507 7937 13326 880 9408 1114 13065 1756 3037 2463 2361 6233 6701 3863 6936 11506 9514 5404 108 8921 6918 12538 261 3318 12087 7642 3657 10905 12904 3172 8834 9263 10908 2055 8972 8083 6626 12202 2266 13654 915 9211 4484 1624 8665 9361 11106 5342 7798 8716 9907 9290 9858 891 
329 0 439 0 65 512 118 59 5394 11641 6014 4327 2301 14309 8391 982 3998 1432 14587 6656 5627 11913 11293 10745 3515 928 11900 7340 8814 4422 10344 3703 6935 7908 4550 13165 12780 5255 9264 4325 3125 10870 9885 6241 8023 11320 13599 10626 8067 6111 12335 6447 1113 8961 13538 1185 13498 7855 299 3016 12132 9169 13765 9776 8350 8453 3533 
330 65 386 0 129 442 118 58 2294 6170 7683 1888 3748 7584 3336 8379 14538 11628 3774 5457 3123 14411 8549 10837 7677 6845 7541 12347 10349 8262 4985 4386 1330 3635 3343 10210 10418 5794 9760 12359 7459 13205 5366 11038 14111 1314 6972 2694 7770 7681 14539 12799 5339 5362 6819 8558 13181 1571 952 8647 325 6807 10533 1471 14703 11061 
331 65 442 0 129 512 118 59 7703 13182 703 6132 5509 1636 7852 6428 13351 105 8890 7139 8426 13335 2157 11102 3702 12219 1421 9736 12987 6343 6476 1283 3560 10887 13422 3326 4668 1517 7440 9869 12530 8976 10040 14081 983 7911 165 1259 9258 4399 7718 8313 8543 11390 10110 8595 11889 11097 4883 213 10003 14362 9334 13653 7907 6303 2641 
332 0 386 118 70 435 247 58 11638 146 9281 13631 653 10041 6660 8291 10854 8423 27 10720 12473 6942 5319 430 11623 556 9343 10440 17 7394 3695 6879 2060 1412 7315 7455 7988 1708 1753 9401 3032 9979 7585 4208 2344 12678 5080 10624 2059 13241 14193 10095 8090 1573 2539 8841 203 4593 14607 10734 8667 12224 14597 13554 2852 10131 
333 0 435 118 70 512 247 59 10049 1064 13915 5121 6148 12461 3000 4924 12025 8437 11666 8145 4007 3430 8266 9658 1973 8927 14046 4907 7187 6565 13219 3900 3290 11859 8355 6059 741 13192 3969 1957 11458 14281 1491 6042 14424 11670 11401 5718 5237 1725 8750 5347 10696 10046 4487 3470 13180 4200 4950 6642 13149 14284 8993 781 12840 12479 7378 
334 70 386 118 129 441 247 59 670 5081 276 3458 11637 5869 7511 11213 3323 4708 14960 4928 10129 13925 13737 7017 9913 8773 11009 11443 2067 13212 8784 9904 493 7127 4083 10766 14633 12140 8135 10659 11469 8959 5721 9500 7972 7358 4043 9108 2282 5322 11956 4156 13124 14330 7431 5875 6686 10287 11668 6682 295 3589 6222 5714 9505 4666 14336 
335 70 441 118 129 512 247 59 13299 8167 2350 14042 63 9329 8357 4479 10108 13780 14422 10226 8282 4350 2690 13890 6142 5196 9814 14099 8642 4336 8129 7449 12681 5684 52 3951 802 3873 11131 3642 1898 14312 14212 4154 12685 4234 7437 13897 12222 14845 7306 216 1773 9188 4937 11033 2786 7421 14590 8244 8991 383 6672 8620 5450 11471 4756 
336 129 253 0 201 317 114 58 13795 8237 14522 2341 10212 6563 4197 14655 414 12539 8160 873 8781 1039 4299 7235 5981 12858 8510 7590 4542 12958 5433 6158 1813 4834 584 14425 10123 10197 9864 5759 11512 2003 4699 12487 11142 11468 2530 12735 4127 14852 1052 7758 8469 1182 13952 3009 3912 2916 9588 12308 9317 13164 7655 7172 1340 5292 
337 129 317 0 201 381 114 59 780 14018 806 7058 6443 1304 10068 14843 2410 13408 7328 9340 2276 9139 12084 1851 13367 5967 12022 11140 596 7047 8789 7357 10207 12231 5 56 6276 9559 8656 320 4565 14698 4904 10030 6944 5378 11132 1437 7099 12090 8078 3744 2414 8726 9442 7776 12271 434 8365 11586 5861 11610 11255 7931 7927 8349 10152 
338 201 253 0 257 315 114 58 10855 12886 12420 2763 6415 9395 118 8383 5129 7212 14921 7259 13711 14640 5125 8808 11617 14712 13006 1824 660 139 5049 5039 5452 14047 9168 1395 14394 13233 12167 5808 10309 13171 191 13069 3509 5432 6745 10442 5894 9925 12261 7820 2177 14377 7348 7778 5691 10324 4273 11198 13497 6016 8289 6841 6093 11540 
339 201 315 0 257 381 114 59 2131 2918 3391 6114 12288 11359 5700 5376 4600 10781 3723 7497 4847 7978 2740 9822 2612 5880 11873 12659 14789 5934 2939 13702 9975 4391 12998 5699 11544 1328 2940 2223 13510 3465 8635 4514 7167 14396 8571 12088 244 4665 10656 13615 399 13248 2207 334 6661 12690 14982 2633 566 4541 9044 13511 13845 3340 7031 
340 129 253 114 185 328 247 58 14954 13981 8240 5671 12973 9916 14247 10743 5447 5392 10869 265 13852 6250 5813 14711 11392 8184 8112 14844 11297 10620 46 14780 1398 12947 14149 622 14631 5764 3333 2428 3889 4529 9732 10564 2322 3579 14627 7814 12393 13026 11292 8188 11548 12141 3907 4201 10587 5093 4751 3996 5587 6958 8351 1474 14001 8628 
341 129 328 114 185 381 247 59 4659 13590 7360 2375 12707 3214 4421 11464 2828 2746 7145 1699 14661 6319 2193 1293 9003 42 12298 2617 1822 4045 920 12709 14520 474 5852 11322 7874 14721 5066 14593 6910 421 1338 8239 74 13461 5993 1196 8630 11212 14292 3942 5878 12153 724 11535 1347 7741 5211 7928 7687 12895 1732 6154 14669 7685 11551 
342 185 253 114 257 321 247 59 9630 3088 937 1131 11745 7753 11676 14691 2366 11172 3599 11258 9312 14043 829 10244 6010 13261 4225 6432 2820 10681 12294 12164 8284 12876 3132 4974 10339 2638 516 8323 5778 1214 8850 10393 9181 96 13218 6442 2959 13005 11116 8998 12376 603 12671 4603 2554 9260 7900 12383 12955 10954 9262 6187 11589 1249 14307 
343 185 321 114 257 381 247 59 6150 4649 10604 5063 3498 6883 3400 4646 991 1605 11771 4031 2390 13760 1260 4983 7918 3396 6351 9166 1150 13777 150 5893 14807 9332 11778 2034 14528 3548 12605 12667 12143 6681 13430 5456 7999 10281 12066 4835 10845 3201 11065 9936 4111 4002 6140 2049 6431 2001 14214 149 13606 906 4746 4960 7509 14821 3995 
344 129 381 0 193 447 132 58 13865 5416 12818 7135 2316 14649 121 2013 5316 5425 4112 12749 13720 2459 4643 3922 13879 5811 14397 8809 5769 10875 9137 4806 3542 2451 5491 11428 14512 10431 8819 3549 8392 9730 1933 9752 8047 9162 14742 8552 13109 202 13515 116 6858 13731 11336 594 13754 2706 12672 4363 13116 9742 9186 5395 2464 8294 
345 129 447 0 193 512 132 59 13242 2357 10343 13236 7090 6772 2584 6279 11462 1135 9552 2324 7228 7320 2800 9546 3451 11196 3185 11904 7712 4369 10965 8215 2884 14848 9122 7383 12576 2398 2765 10185 7471 5423 1133 12537 11806 7760 1181 11797 9037 7910 11493 13425 4287 1199 7155 2542 5011 11296 811 14498 7696 11138 10159 10082 12005 5905 13392 
346 193 381 0 257 446 132 58 10163 14738 7166 9694 3397 12453 8290 1848 545 14551 8220 12908 8069 7575 3539 14080 11177 5630 5522 14375 13800 3885 2358 9884 2429 2591 9950 13341 10602 3407 12405 2404 11798 7234 6033 7879 808 6837 4789 2147 9215 9248 7679 4251 11757 6539 8945 10099 4065 13454 1606 6934 5393 13634 10085 711 1557 5361 
347 193 446 0 257 512 132 59 2279 8341 5798 14263 13857 7121 7795 13475 9676 9423 8299 10503 9060 13000 12095 9131 11851 6405 2513 2933 192 5387 12597 6849 9221 5084 11411 10684 11502 14395 13063 2814 14810 14624 10437 6788 7860 5164 13042 3352 1938 6844 1906 9555 6885 2572 6800 14678 420 8376 4614 2052 10726 12618 7804 4653 2180 14541 8053 
348 129 381 132 189 440 247 58 5269 1978 11284 2190 14623 1705 13972 3897 1267 9963 6574 850 36 10808 3887 6454 1198 3482 12490 9829 1625 4530 13071 9861 5440 7094 1280 10489 1846 6468 10689 3956 8445 8143 7528 8982 14704 6559 3892 13684 11579 206 1942 14006 8902 7318 14995 3604 7785 13327 6594 10375 8914 13458 7880 5042 6174 369 
349 129 440 132 189 512 247 59 13456 12401 1442 10665 13861 9486 887 14028 1774 12877 14513 5791 5908 9707 3800 5679 5492 14996 13267 3042 181 7792 236 4821 14133 5928 14706 14728 8181 4811 10464 12711 11317 13086 2401 14479 3508 13277 9900 1496 5517 13755 2109 6327 12890 12535 2061 14161 12572 86 11520 1245 12059 4067 4673 8063 11318 8231 5288 
350 189 381 132 257 453 247 59 573 13717 14332 3594 4463 11737 6251 228 6765 1546 9749 6843 13179 7011 8898 13612 11330 7319 13896 10548 14714 4552 9097 9682 8519 311 4013 12315 6052 9724 2004 1562 5527 8066 10462 10337 9077 1776 9581 6117 1575 12828 7619 7816 1929 1072 10976 12529 3906 10299 6877 6679 10568 14713 6708 13503 2226 9686 10127 
351 189 453 132 257 512 247 59 10951 9276 11573 10827 3716 7838 13698 7660 10895 2670 13901 2017 1635 11308 7519 9784 6440 13381 10857 8452 11653 14826 3473 12375 14681 6485 6324 4750 10839 3972 1633 2967 3762 14796 2232 3255 8682 12662 13668 3759 12221 3119 11787 2501 6693 6261 5261 6968 5178 10694 12716 4343 4233 6694 12113 8424 8219 13018 14305 
352 0 253 247 68 319 381 58 2652 11523 6277 13274 7104 13317 11704 11596 3506 12287 1830 14154 8141 6494 13989 7929 5383 4341 9159 4678 4079 14349 10483 12574 13837 13438 6576 2732 2467 3276 10770 945 13543 9517 13401 5470 10169 13340 9213 12969 1754 9397 14567 10029 11919 13641 1825 6692 1631 14103 9029 12463 10531 9267 14601 875 1684 13532 
353 0 319 247 68 379 381 59 1500 12815 5072 13156 13136 157 3213 4061 11701 6382 12960 6072 11950 3627 10685 14381 4539 6932 10672 3351 4582 5241 4963 5885 4818 2538 529 1084 5078 9483 7103 13304 11826 3633 10820 9976 10247 5822 3348 1826 4714 6391 10145 6795 13273 6103 5069 14138 4466 4170 4640 403 2310 956 1901 9815 2412 13699 10346 
354 68 253 247 128 321 381 58 2960 14250 3421 13726 11485 12304 4376 2311 4990 7548 7089 1784 13472 709 773 11863 2756 145 7055 546 14783 3412 14693 6223 4509 5862 9308 12178 12368 4930 13280 4491 5060 8371 7270 4531 8695 1016 12634 13772 6583 4265 6278 13492 13560 11093 2723 8713 8645 11182 3795 14052 11155 8566 11688 11203 3187 14165 
355 68 321 247 128 379 381 59 4862 4779 10758 11004 12917 12029 4230 5074 8223 12819 4683 4190 14907 11120 4195 6847 5874 13246 1671 8435 3427 7819 2724 14598 5502 3851 7607 294 151 7998 3077 2407 11023 4313 12047 6248 2283 10118 5243 8797 11804 505 738 2320 12134 6821 10761 10429 8983 12979 11160 9688 4093 6778 3471 10556 6392 7192 5417 
356 0 253 381 64 321 512 58 7567 837 14055 5032 11992 2132 5529 3610 5207 10366 5975 9948 696 5441 8422 8711 10359 10785 1360 5118 7298 677 3450 5219 4875 7194 13100 9297 908 1925 14218 4516 10283 11496 7604 267 6061 11027 11736 349 11136 11382 6850 6296 3558 2693 2040 13658 2088 5727 14005 10263 6000 9714 7965 11838 4279 11461 
357 0 321 381 64 379 512 59 11147 12881 8107 12912 10198 7248 7707 340 1858 11780 1252 10043 12225 8393 3649 10751 6579 2917 1028 3474 2635 13588 662 3034 6993 5390 6463 5753 179 12421 259 8222 4902 5816 1145 13082 13282 4605 972 8360 1313 13594 4278 10652 11716 5695 10805 4366 9421 8920 14183 1655 7362 11957 5594 14220 6352 886 14548 
358 64 253 381 128 308 512 58 13057 2047 2360 8256 10706 9510 2213 9468 4198 11288 9101 7845 4553 2374 5640 2792 13175 293 10374 13566 2284 14348 7184 12974 3096 6024 11225 7119 13448 4468 12769 13251 357 517 11872 14019 13142 8132 8906 14074 2742 14237 543 12794 7474 6411 2381 11994 4358 12337 12999 6734 1669 4781 10717 10382 12633 2654 
359 64 308 381 128 379 512 59 11303 8051 5195 6917 14529 4406 4919 3775 5983 2664 13647 8036 7206 635 13194 4917 6984 6301 7093 10383 3480 4255 3737 12133 8910 2048 14299 8757 3021 2342 13573 11489 13481 11424 6842 5545 12857 5467 170 12032 11410 8236 90 4764 7629 11820 7529 13866 9432 12548 13630 10496 13209 138 6298 5599 1447 6907 8235 
360 0 379 247 61 451 383 58 10933 3237 8783 5105 12070 8425 4182 2430 3727 8043 6803 11819 11608 13101 12001 13460 1679 8765 5296 9171 2954 4717 10960 7739 12993 3767 8829 8527 3089 471 1642 14078 11013 634 5697 3801 4826 8103 943 6305 7536 4591 9890 12935 3288 11361 12040 2796 7706 5763 2140 4025 14168 11700 14809 3479 11805 12207 
361 0 451 247 61 512 383 59 12432 8697 1083 4306 4418 14749 760 2126 8623 1579 4493 1000 2261 12644 12727 8756 9391 257 5103 8871 8963 9406 12484 3109 1165 14096 6894 10871 12384 10139 5832 8692 13904 13998 5464 13550 11063 1729 9173 11622 10458 13200 8028 5629 10611 12131 14629 9981 11010 3919 3658 10353 3134 3048 515 10959 6167 13252 4397 
362 61 379 247 128 445 383 58 3808 12146 2735 3844 9672 10899 4222 14073 8842 1619 4016 13072 12293 6510 8529 580 344 10906 9145 9831 1262 10994 6450 5713 8640 5966 12082 6459 4636 12237 3526 13166 11967 7942 1542 6019 3003 8722 10594 11525 6357 6923 867 12846 9372 5124 3180 10794 13036 14153 10223 2123 7791 4887 1785 879 4797 9849 
363 61 445 247 128 512 383 59 3247 12686 3369 13955 2203 12 13108 3891 12887 4213 3272 217 7952 2808 14866 12057 494 5834 9063 8518 205 10314 3670 14870 4338 10026 5264 3939 5298 11015 14442 12418 6195 3946 6995 2438 2644 5572 9349 14317 7354 5848 5972 796 12054 14959 777 6418 9761 2649 14768 4056 4323 554 5841 2089 7595 9090 3375 
364 0 379 383 70 446 512 58 3773 3734 3952 1686 12567 6724 5750 1071 3673 10707 11165 14811 5696 2134 4102 782 196 4126 10979 10355 7958 2023 12491 1051 8002 3941 3124 1769 13788 2582 6462 9860 12257 6814 2608 6157 1683 10638 2423 14860 5003 7282 5548 1284 7181 5094 11852 1174 11017 14503 5437 11488 10494 7162 2489 13297 1749 2388 
365 0 446 383 70 512 512 59 5290 11020 7980 2486 12517 12353 4825 8651 7596 12475 1993 5936 4345 5773 7422 11527 1207 10011 9641 11076 2898 4359 3462 1700 13747 10621 14198 9513 5245 7646 4638 12446 10545 3325 2491 10842 5277 2458 5622 4272 7308 13196 11673 5284 13555 12585 319 1103 10618 3977 13933 3438 10125 14370 1499 13483 7715 5971 4940 
366 70 379 383 128 438 512 59 5418 14029 2656 7925 6945 14563 14392 7116 11052 10513 9203 9631 1539 9198 4037 7296 8381 13397 12369 13771 3398 8580 3350 6963 11263 1954 14808 6605 998 14949 1178 8849 10004 12454 482 10228 12440 60 6243 6203 1183 9020 14270 3136 1560 7128 2285 13673 4823 4324 11869 2062 10523 1527 14686 6105 5969 8061 6793 
367 70 438 383 128 512 512 59 1862 7494 13693 3848 3098 775 11959 10037 13008 11978 1467 14735 72 12349 8900 14151 2354 4647 1525 10910 701 3937 11888 9871 11555 13687 14320 7570 698 9052 10409 3074 3386 290 9611 3671 5632 13447 11867 8614 7747 4475 10623 12451 12036 13546 9164 8221 13436 3332 8721 8010 5070 7506 9482 11656 271 2309 11276 
368 128 253 247 192 328 379 58 14393 5359 14148 803 14727 5647 10171 2178 5528 1045 8772 12230 1734 448 14041 11484 3226 13829 11976 5580 13045 11828 14403 655 7359 10365 7271 7903 11925 1232 1278 14117 9697 5324 14628 7301 14680 757 6703 333 12546 4504 3012 12493 14923 2507 2043 14736 10927 3544 3928 8899 3867 6020 7857 10067 5738 5784 
369 128 328 247 192 389 379 59 6235 10633 3796 6851 11283 7955 4000 2826 12285 3568 8763 13110 10829 13540 2286 8639 3433 7482 2228 4019 3078 13250 8062 2253 1458 4592 4609 9278 4816 3478 12592 12104 1037 13730 8216 13203 13696 12611 9187 12938 14621 4268 14272 1880 1068 11809 13565 11583 1986 8806 7574 11342 6332 7640 5525 4478 13345 6683 7742 
370 192 253 247 257 330 379 58 7691 6287 6026 11113 3738 9075 11803 14114 8342 14461 14700 9946 12378 7921 286 5314 8644 2202 14769 3015 11098 14802 14715 10636 6365 14917 425 2597 9270 7515 7621 4152 3872 7314 9201 3090 14169 8164 9418 12627 7566 12825 11519 3296 14051 7840 6038 6153 5724 2514 3322 4497 13539 14387 5320 2997 9039 5557 
371 192 330 247 257 389 379 59 11576 13609 12726 5820 2605 8131 8542 11344 5047 2975 6726 3712 12566 8609 28 8852 13255 10269 5608 11368 544 8893 14549 32 4796 12189 10157 1958 8001 14012 6272 8087 7708 2275 6444 11880 1159 13360 13830 1362 8992 13844 3781 13309 6581 3026 13753 7869 10257 7268 5650 2174 4064 3572 5514 34 5826 7375 13971 
372 128 253 379 191 325 512 58 2965 6900 223 8837 1080 11429 14031 6412 2425 11082 2274 13767 11896 9030 8561 1223 10137 4691 9144 8731 11053 7754 1011 1717 4243 4044 11824 3625 14389 8110 10735 13092 14739 3736 7028 4713 2085 13412 4747 4388 8955 10505 10942 2552 3205 2033 9622 11549 13847 9668 445 14035 12768 7245 6863 10984 1126 5263 
373 128 325 379 191 389 512 59 7485 5256 10989 1565 1544 11497 12075 4125 1780 10742 2171 1220 10944 4829 767 13963 4799 10297 3017 4157 8014 9735 12763 8655 740 13467 6063 10061 4837 9756 5477 4214 6073 3266 3472 11500 13850 3621 7390 7704 561 4889 14897 2162 11234 2550 2042 3675 5142 6416 5737 815 2999 6379 13051 497 7054 128 7565 
374 191 253 379 257 324 512 59 4104 10860 13410 9882 13889 2399 4012 14098 1963 1559 2115 4304 9085 8370 10883 2200 10377 6688 8367 6159 7531 6906 14648 4612 797 1603 13891 1728 10236 8606 12198 11864 6039 3574 3641 12811 7242 11068 13513 3321 1607 2488 2984 14641 11285 4839 14234 4587 14776 9521 7382 2666 7887 11587 14710 9128 7943 560 6669 
375 191 324 379 257 389 512 59 1270 3126 5552 12640 2568 14491 4499 12174 7295 13625 3217 9389 8428 12436 9135 5445 7004 7170 9952 14010 11504 6721 10826 5220 800 335 1698 11582 4260 12343 14938 13834 9478 13623 8607 7724 9553 10357 8690 12160 2775 6719 691 14227 8735 10093 10663 10456 11455 13103 7220 230 9407 14293 14467 14654 8506 2573 7453 
376 128 389 247 198 446 378 58 14072 3148 7309 2526 1714 5829 1485 6592 3971 222 10544 5823 531 3434 3485 12823 8764 4573 5938 4232 5720 5407 5097 7202 12984 9770 2037 9847 7347 9634 13286 10894 6685 10557 4786 13937 5578 11383 13926 10027 12691 1013 464 11687 5897 13642 2368 10966 3776 13097 10276 9174 14931 10658 6956 2752 2521 12064 
377 128 446 247 198 512 378 59 13864 974 2911 1033 10005 13832 5368 2678 477 8187 2269 11920 8094 5658 6242 9035 12021 99 5348 13168 15 14977 8812 10450 266 1871 2104 8162 6364 7288 2571 11696 1470 12210 13002 10010 14825 5309 12533 13906 14454 9249 11599 9012 14453 6326 10574 9911 394 10096 342 8674 5891 6725 6069 4365 924 11414 4173 
378 198 389 247 257 454 378 58 10008 6622 13311 9821 4289 9542 7126 7291 8530 11151 14174 9577 11833 12006 6971 2212 4965 11709 8835 7370 5777 12256 12485 13383 9341 12462 14877 2493 1853 7059 12506 1022 1227 9612 13207 10957 13846 1809 1983 4556 13150 14139 2810 14630 10187 6406 2682 2771 13954 12145 4383 13659 10778 12809 1955 4626 10338 2704 
379 198 454 247 257 512 378 59 9713 10862 8679 5186 12181 4461 10436 7469 6473 8863 3831 4408 7745 7353 12045 10477 12098 13201 12967 3629 13035 3359 11837 13629 14202 5694 715 10990 1130 13257 5484 11161 831 9855 9733 11993 14401 7750 5023 256 7883 3007 13782 5099 14455 14762 12626 13610 14747 10380 13295 11254 11248 11168 10132 9603 6987 6522 1524 
380 128 389 378 192 451 512 58 809 2373 9661 10065 14489 2378 9225 10606 1937 3385 13403 10217 5535 8573 5234 3985 3020 10154 8823 599 9226 8617 3546 5711 5642 9873 2626 337 8780 4247 12762 2225 5945 8432 4015 1176 5222 11802 13677 11584 5941 2830 1377 10631 10424 13932 5655 12456 6009 3181 7495 10725 11966 8778 14697 4583 9650 3234 
381 128 451 378 192 512 512 59 3379 3838 1599 4072 7890 2355 470 14219 7420 1301 4237 215 4508 1930 1505 14717 7821 11266 14289 316 4005 13759 2734 13281 10592 2719 877 13229 10662 5008 10752 9806 13502 7321 5510 11437 14611 6308 11207 6938 10076 7848 4446 13679 4240 1610 7725 1132 13632 13688 9010 13064 11050 5300 8484 4378 13259 13398 699 
382 192 389 378 257 444 512 59 5757 581 5247 2615 3256 13671 12465 6695 4733 3932 13611 10387 10232 12194 5605 1486 12238 12931 9933 13619 14435 5055 6456 13678 8133 2142 3504 14186 14526 1726 2607 4968 13104 585 422 12078 6718 12278 9448 10709 14004 14979 12630 2386 4143 4637 2505 14511 11192 12889 6779 14820 5033 11908 7762 9284 5242 6761 14241 
383 192 444 378 257 512 512 59 11614 14822 3263 9394 3410 633 8276 12217 3278 11816 10613 5519 1711 8115 13495 4774 2201 13736 5703 11917 7195 12873 7221 14364 9687 10950 12814 9924 12985 1149 2819 11928 6227 12933 5729 11777 9116 8672 9506 9479 11934 7338 3993 5351 7850 13899 1746 602 6424 9853 7676 2773 8685 13862 1104 5944 7645 944 7278 
384 257 0 0 323 76 136 58 8956 13923 9067 6503 12676 10204 10500 6964 6649 13643 13749 1385 13715 1902 13474 2596 7489 14521 6368 2923 13056 5002 88 6221 11505 8031 13453 7247 4850 14891 7363 2395 14606 13153 7140 11402 5162 5244 13407 5546 11433 9835 4641 10591 5818 2387 8590 13695 9064 5285 3164 3688 11565 343 9877 13202 8568 306 
385 257 76 0 323 136 136 59 7920 4084 11014 2346 7488 12884 14650 11842 6585 851 5451 12729 7199 6366 13728 9958 2198 14122 4301 14517 9051 12842 7806 628 11654 6048 1628 6720 5530 10492 9161 11561 11689 8204 6687 9396 8874 9328 7079 8327 13976 8120 8415 9843 779 4966 6 8827 1758 11270 587 7129 13490 1530 12406 12827 7559 11257 4339 
386 323 0 0 381 64 136 58 12740 3916 3324 4931 10100 13764 4494 4745 7800 11633 12772 747 3777 6464 7280 9955 9561 11534 10666 10403 461 4068 10698 14465 8613 5149 11590 10176 14170 8180 2027 4500 10945 9560 10549 13694 13988 2809 14466 9516 1141 1996 14761 12149 4848 10001 5762 87 12651 366 5819 4379 2230 7486 3869 11572 6029 8482 
387 323 64 0 381 136 136 59 3488 13791 4315 3524 11847 5228 3923 4032 12509 11769 2964 3043 326 29 10191 2312 2000 5073 11597 5613 314 9705 234 361 4257 4215 10323 14916 12834 4802 12442 13198 7476 942 7157 5238 8218 500 1315 5041 8121 3758 7717 8338 6624 11891 7 12249 1014 3756 2833 3069 865 14254 6273 7752 2095 2214 14558 
388 257 0 136 324 70 250 58 2913 4543 12928 9190 5888 9999 2831 12471 14880 13824 9996 5419 7057 8889 14767 1236 6040 6065 11118 10890 10528 12316 5847 1523 5100 7413 5266 9646 2798 2948 1676 10476 9886 12643 959 5961 4428 9277 13120 6161 144 7656 13704 14175 378 5793 7012 8669 14274 2082 1378 1998 8153 7526 12200 5013 5562 7193 
389 257 70 136 324 136 250 59 69 1835 11764 8413 11648 7071 9854 5950 7113 1336 6056 14310 6092 10432 9199 10087 12588 13088 2548 6854 1439 9768 13131 1759 14157 5386 13776 839 6759 2973 185 4899 3227 9867 8895 2065 8138 11181 4762 10897 601 14064 7953 1091 8 783 13244 970 939 218 9233 11425 3106 4734 10038 2547 10622 3452 13958 
390 324 0 136 381 74 250 58 12561 12124 1828 13505 3835 4042 6812 7463 12329 5566 6407 4831 2702 12728 10303 6300 5250 6346 2835 10552 12736 2182 14664 11187 10793 7368 6448 14189 4512 7521 2776 4878 1764 2481 5494 3745 4330 5677 14757 3030 6347 8125 2985 10128 13838 12042 1364 9625 13263 7902 188 12195 6615 7722 12072 7241 10748 4898 
391 324 74 136 381 136 250 59 14119 3789 5466 3414 2218 8304 14814 12363 4909 7493 1768 1612 13128 7161 8168 7310 2695 40 12528 2687 12683 7325 9476 2485 524 10279 410 13745 3905 665 3815 9485 11211 5659 1946 13306 12362 7713 7502 666 9298 8886 11874 2589 2469 1009 11575 6143 2072 2465 13374 14941 4470 6505 4393 11075 2369 10838 9229 
392 257 136 0 322 196 127 58 11426 12795 8666 14690 194 11149 10616 5886 11046 1541 4175 7016 8864 11315 1350 1890 13382 5850 7436 1701 5682 8565 7561 239 12338 13310 1931 4022 6568 6281 12510 6878 5931 12148 12868 708 13296 1202 597 1895 985 11946 11389 13655 3753 13405 9487 1704 14209 5673 1637 8363 9268 5184 12594 9985 8359 2578 
393 257 196 0 322 256 127 59 3335 5761 12558 8816 1060 14665 10086 3402 14288 3370 6475 338 13332 279 9193 7156 9726 12838 12467 6699 11890 913 2371 7610 8340 921 11302 6555 824 8515 1327 6162 13751 7624 7456 13140 13022 4726 625 5824 2817 8919 1374 10478 2348 8485 5187 4236 13388 9202 9055 3586 1943 2699 13019 1795 14830 5459 7552 
394 322 136 0 381 191 127 58 6631 3315 5381 8268 14083 1876 4448 12332 7986 3997 13645 7424 473 7577 8603 4945 1611 10527 7138 8065 14824 8531 12939 12563 6333 14306 11174 4174 10763 12379 4100 9119 6449 6497 5214 12771 4594 12259 2332 4654 2903 14893 9082 6479 6604 9175 3289 2447 10654 1620 9928 8479 10886 1445 8632 367 6769 8953 
395 322 191 0 381 256 127 59 9683 9942 11281 13940 2882 12615 652 3778 4052 2479 101 1903 8740 1608 12774 1229 14048 5542 5863 7899 4354 1689 9404 13822 5017 1298 8922 1719 2302 5987 8288 12790 8741 9501 1585 10182 9895 7374 5136 12848 5018 2751 14020 7484 13060 14076 13260 607 11417 9990 5962 4903 9744 11306 11435 6414 304 7067 12204 
396 257 136 127 315 200 250 58 2008 7503 2161 6809 5965 3308 10851 8633 14094 2855 13418 14788 13087 2442 3974 7659 6775 13983 5083 9435 13417 5672 6738 44 10928 4844 12606 4710 1595 3915 248 14509 9788 4395 487 2250 11856 2219 1097 9865 2529 9654 9779 9919 13797 6825 9380 5282 14725 5800 6529 4561 7940 7523 6237 14000 5515 8596 
397 257 200 127 315 256 250 59 3219 9876 10310 5910 14813 11731 12635 12089 1286 11571 5636 1638 884 3590 14890 13535 7668 1272 12932 8230 8464 7936 10013 9219 893 12855 11230 10006 13567 14384 11045 5625 2928 12425 1827 13476 2692 12360 11674 1752 5396 1520 20 1913 11128 927 10246 11059 4038 8091 11841 9469 1578 5649 3538 12787 11982 14908 1900 
398 315 136 127 381 198 250 59 9872 6386 4814 11546 1617 3146 10479 7849 847 5676 9318 6492 1887 9655 4162 4462 10788 7909 8652 1343 7204 6274 11373 4957 1305 10920 3730 11231 8799 2659 7716 3804 3394 3380 1392 4513 5719 9151 3987 11883 1905 6208 5188 964 12266 6452 1489 5422 2128 14723 7768 9523 4133 9014 6400 13701 11611 12058 9146 
399 315 198 127 381 256 250 59 3415 11948 345 12317 13672 4329 11301 3280 8305 6816 5175 6051 10088 12829 9803 10166 620 10158 10525 7448 13574 10379 8660 8080 9314 1195 14616 12115 6546 2549 6730 1200 2767 10683 3792 43 13873 3853 6886 2639 3532 4709 2433 3064 14817 10135 2922 14719 2647 97 14586 11480 3813 9973 11395 5056 9279 5825 9104 
400 381 0 0 439 69 130 58 3457 557 8459 1088 14297 2434 10934 11845 8683 13169 1201 11944 4890 8493 5735 282 5218 3980 6871 11560 7782 6700 836 9177 6430 12797 5201 11362 9663 186 4114 13871 4314 4148 2345 6131 4131 7974 9573 14340 6306 2130 13325 11909 2079 3666 8473 2024 7701 4657 8189 11680 10718 929 3338 6099 458 4116 
401 381 69 0 439 129 130 59 10438 6941 8838 10573 6933 8885 1264 13023 3634 1433 13869 14570 10426 6668 11990 253 13278 12851 5988 2974 11936 6599 9901 14620 14766 7919 7009 4027 7862 13328 7243 5279 11327 7632 8999 9934 8928 10983 14500 4139 2424 12165 4658 1503 435 9589 6966 1299 6018 7293 6292 4976 4288 9001 2163 7409 13211 5374 12747 
402 439 0 0 512 58 130 58 1101 11557 283 3404 1793 9021 8587 4140 10460 22 12356 6262 14881 1237 7414 1475 4473 4773 10645 986 12956 11748 3159 8466 428 3705 7114 10143 11179 4256 13823 1662 11058 11247 10373 11914 4009 11702 1450 695 5089 743 6667 10830 523 12953 14596 6520 13372 11088 11029 3437 8802 4758 6737 1639 11538 5260 
403 439 58 0 512 129 130 59 949 1428 5567 11567 1024 10598 11202 3331 3570 6122 12746 1790 3346 7391 11295 9539 9302 2611 1065 7133 1059 9926 10493 14497 6654 10688 10571 7551 8058 5257 9192 13601 13160 4394 8555 1697 13638 12229 5365 1107 5687 6893 3530 11191 12429 8687 9246 10448 14322 563 13536 2471 13820 7499 1838 6530 14709 4322 12371 
404 381 0 130 442 61 250 58 5301 3131 1137 11363 6620 2842 3353 3499 11444 1897 5197 8662 6493 251 1413 4180 2592 2993 8646 12377 305 8064 274 6548 9265 3216 13519 12101 789 6348 190 5521 13308 4122 13893 4349 9321 11353 232 1707 11365 9240 9140 735 12320 5200 12218 1672 8755 8766 1096 13987 2565 5449 1393 6320 6678 13080 
405 381 61 130 442 129 250 59 2263 14182 12417 1964 7737 14164 11518 7222 2881 4142 9848 8858 10904 14269 12120 511 3507 10509 9464 8865 2151 9032 2862 49 12688 1953 13561 6396 6496 588 5986 10584 10209 1106 10508 14448 7930 13640 10028 1771 3466 13415 969 795 11750 11885 12290 1156 4518 11830 5533 4859 3250 6049 3221 12744 13235 8576 10411 
406 442 0 130 512 60 250 59 6609 13247 833 7896 5191 13457 567 2450 13907 5345 4689 12783 1368 14365 1652 54 6260 13254 14879 9775 8932 6461 12793 13223 4001 661 10329 14518 10358 12267 14862 7088 11791 8252 12331 12254 14569 9292 12698 13017 2236 7542 5743 9036 2475 1691 8768 13840 3013 9117 7082 11968 450 356 14531 5536 1581 7332 3091 
407 442 60 130 512 129 250 59 12737 12754 820 14533 10702 14729 11360 6860 13183 4130 12466 9156 1302 4648 1678 9923 11249 2936 1239 12118 7049 10972 173 13691 6674 346 1770 6881 6750 9002 3612 4724 4569 4441 6929 11999 12013 8142 10335 11051 7397 12364 7020 3601 10864 125 10937 9610 7801 12656 12986 13944 3492 5488 9943 7522 10 1991 4697 
408 381 129 0 449 202 124 58 1087 8861 10190 3644 878 10194 13266 2270 9040 9769 9550 10341 3376 7512 1492 8346 9080 9763 4185 12306 9974 11749 12263 11070 13975 50 9618 411 10767 81 12396 4694 4277 6472 2791 12305 12192 1990 9937 5354 7847 6370 7317 11278 14614 5909 4876 12323 8990 4423 9568 284 10690 2745 8888 7102 4586 5401 
409 381 202 0 449 256 124 59 2440 6515 8643 13978 11011 6544 2091 9184 9989 9310 11862 3228 389 14324 2574 11450 3405 4652 3329 3540 2744 10000 582 9420 9525 324 11865 862 8507 14639 13938 4892 10647 12448 6212 10278 2256 13477 6915 11039 12086 14120 9072 8232 5984 13190 7534 2650 10378 14647 9757 4805 1184 14956 11129 7749 6514 1111 9127 
410 449 129 0 512 184 124 58 3884 5160 8322 2832 10570 1873 11026 12684 4367 8106 1948 7169 11691 9120 8536 3681 7406 6771 12435 4661 13098 6136 4340 3780 8619 763 12041 3116 3623 1225 13050 1981 13665 5602 9977 1002 2240 11134 3676 3731 10560 13170 2909 13491 14737 5403 11490 14011 10537 12400 4356 13821 13723 5150 2129 10012 5254 13377 
411 449 184 0 512 256 124 59 10381 1563 9426 4464 8451 11922 2941 559 7774 6996 136 5526 5246 3661 14770 7207 7239 5259 4720 11332 14869 973 11912 6323 7846 11060 676 12891 5782 7769 7501 12480 14056 4194 5356 7688 14957 3895 8616 8625 7516 176 3264 3682 12870 1094 9359 11960 2156 5812 1169 12742 9424 2579 525 14351 7994 931 7311 
412 381 129 124 451 198 250 58 6284 9379 5653 10208 10825 8041 6403 11066 6547 3475 678 8113 11418 6857 7912 11524 11466 13524 12850 152 4264 12333 2864 11253 3823 33 3934 7393 8171 8516 13564 4348 8011 9607 13253 734 6717 423 8465 7337 13034 4271 13942 14925 8917 5157 8227 7214 10814 13689 5919 1779 11635 8060 1339 3566 10729 3791 
413 381 198 124 451 256 250 59 4700 12144 11354 6361 4486 2431 4285 4041 8825 3523 8271 10427 11282 10414 1027 1976 3440 8124 5115 11776 5151 6774 13995 3645 2901 9257 8801 2865 10783 12673 3577 14583 2774 104 4305 14507 4495 122 7780 2 1066 9143 3419 5127 5789 11404 1210 3265 13849 746 3235 10078 11421 2598 467 7426 8584 4316 2435 
414 451 129 124 512 189 250 59 3382 14806 13508 9006 11846 13012 11474 5912 13690 8389 3527 10641 1692 77 2788 13836 7112 5053 12525 11616 14087 3683 10150 4298 8449 9303 6741 5161 11381 5689 7442 9557 13828 12645 7371 10896 8033 6286 8463 5926 6487 13111 5253 3316 12526 1118 12103 2101 6151 5302 14199 13228 8924 5283 2492 9230 11387 10293 6702 
415 451 189 124 512 256 250 59 4385 2036 10470 1289 6288 6999 882 5768 9386 2781 10083 10760 8670 8420 4836 4932 13946 14441 9371 7606 6833 13343 13922 10284 2637 2603 8175 14221 13812 12717 13705 6477 3279 1731 10162 14987 6714 2994 8954 12582 5844 11699 10312 3970 5661 10181 9200 1290 6637 371 14490 3665 3883 12532 4153 8678 14069 9294 4566 
416 257 0 250 319 57 379 58 3742 10722 1837 2154 5628 6768 11419 10736 3757 645 6145 13484 6178 9013 4333 5879 8948 504 11939 3788 7797 6872 1050 5547 7008 2946 132 1529 5216 12497 4978 5725 3083 8951 2870 13627 3468 1833 1127 8307 229 3643 4568 7290 3654 7612 13449 7427 12962 4613 13177 14339 2594 1815 1627 10165 1438 9681 
417 257 57 250 319 126 379 59 3613 6067 5438 5895 5223 5336 10245 6360 9484 9150 2382 2520 8790 14885 7159 14172 8410 14508 7480 10916 10756 13214 1179 7985 10615 4113 12977 11208 3409 13779 392 8791 10447 616 5922 7944 13394 460 5942 4763 14823 12862 4954 13514 9496 6205 13339 400 9967 527 3494 10655 9700 5065 1718 9902 2420 4483 4551 
418 319 0 250 385 58 379 58 2910 9940 2443 6080 6384 9417 11371 9416 11166 5643 384 5715 14187 11154 7705 11210 8310 7178 13285 4728 10319 694 9637 6186 2195 7598 3033 11916 9443 13596 14536 13300 8618 2173 14775 8805 4690 562 2408 3882 6309 4877 7803 7971 13375 7723 2168 8242 8706 1296 12008 5323 10802 14443 11472 10657 11971 8696 
419 319 58 250 385 126 379 59 992 12319 4519 9402 9620 5054 2793 13595 9369 2669 9337 109 3505 7599 932 7033 11594 3979 14617 8042 11983 14158 13947 5358 1889 13378 7075 5959 10362 4949 3463 2606 14101 2084 9504 5927 5372 1 7865 2749 3875 2570 11280 233 14853 5171 4171 1203 1190 14904 2477 7504 11111 10608 11215 8719 12492 6541 12925 
420 257 0 379 316 63 512 58 6253 7941 14097 11619 11057 370 5453 6614 2338 8800 12018 10629 14565 7217 526 10177 10062 2456 881 10812 14045 4667 6951 4097 9827 2064 11478 10691 8348 224 8176 13592 5014 7808 10680 5230 4212 3259 6887 6118 12911 586 2011 1406 5887 13206 14347 5843 143 9084 4682 13363 9033 4815 5591 4138 9214 12542 
421 257 63 379 316 126 512 59 13706 3246 3841 168 1158 5430 9124 12552 4189 11570 7466 8212 12796 6199 9972 8295 13055 4927 13870 8537 1881 7364 14671 3584 6057 6612 3782 576 10554 2924 13316 10754 10963 14884 7651 3908 4457 4447 11043 11618 11206 4246 91 12326 8186 14258 359 901 10956 12330 12753 7976 11878 3580 9142 13581 1109 6046 14113 
422 316 0 379 385 63 512 58 8700 11734 10221 9712 6116 2856 201 2943 2726 2553 8211 14363 12554 455 1035 8070 5634 7959 200 1513 13338 12243 11854 2907 7842 2272 5574 7158 8487 7081 2050 565 2097 528 9319 11114 2504 7232 4547 1425 4527 10289 6677 4106 8285 667 12262 12642 4526 11180 2155 8727 14404 1396 12498 10913 7877 5814 
423 316 63 379 385 126 512 59 1934 14502 1537 13621 3425 9917 6331 12719 3236 13697 8868 1816 2628 10141 14851 14239 7252 11973 2620 2516 2356 2846 2054 2660 12972 1511 2137 994 14804 10111 9569 7557 13768 3983 7046 11970 2113 5380 12063 10817 9459 13413 9195 5554 5923 6979 10400 13597 14459 6071 8786 12281 5229 3587 14961 4374 13348 3449 10270 
424 257 126 250 324 190 374 58 6978 8659 11556 12307 6930 7475 6916 4982 6214 10996 14926 8968 8918 7671 195 11477 4801 11681 7866 722 3617 4003 1348 551 11377 10982 10193 8308 13342 2560 10997 5169 11185 7417 4248 12168 4525 9231 5202 14934 6950 7871 11685 9324 7856 3150 8401 11228 278 5388 6359 13918 6957 12503 2893 11216 4617 4705 
425 257 190 250 324 256 374 59 6031 8980 7286 7957 8528 12731 9194 5012 4994 4808 10675 1461 10174 9591 12112 14653 11943 9364 13014 2872 13618 3768 11625 8538 9649 10345 377 3293 14432 8512 1528 10243 9427 107 5709 11186 3857 2422 12874 2753 13324 12943 9345 8869 14609 12185 10632 416 1379 6091 6657 9212 4498 13585 2365 12158 11232 14556 5076 
426 324 126 250 385 193 374 58 14251 5741 11498 9616 4879 5670 3501 2725 8737 5028 11036 13551 4146 8263 8474 13161 10924 2714 1514 6982 3330 5145 13024 11818 14224 11133 6912 11703 14564 13487 2789 12252 12905 6953 10593 6027 686 3874 11855 3138 2677 1329 4184 4842 4896 4886 1077 12964 1403 7334 9982 14505 5873 9473 5744 2472 11636 4537 
427 324 193 250 385 256 374 59 2945 3920 12394 7141 330 981 3820 14903 918 11047 10907 4150 8513 6120 12403 539 7151 4006 7021 13575 5370 12193 5112 9019 9899 5746 1345 3694 759 9645 5091 10301 13804 12161 6991 7554 14471 5990 9178 12765 5352 2118 11454 12713 10867 6502 2394 11218 1036 3151 13526 2840 7367 8826 4420 3958 2148 5057 11933 
428 257 126 374 315 192 512 58 6898 135 5795 8429 14920 11018 14086 2971 480 7153 66 948 10880 3955 9586 14419 12757 12701 11718 6925 6090 3637 12344 9703 10315 432 5397 5153 5131 12157 8732 14063 7775 3095 8441 6543 6495 1966 10482 13794 8698 3770 7991 5896 3861 2968 7962 12452 8930 3420 14023 5481 852 13007 11400 2905 3651 496 
429 257 192 374 315 256 512 59 13982 7105 4589 5524 7056 10360 2222 4080 5806 297 11725 13886 10973 11705 6927 536 10487 11267 4777 10581 4411 3044 14057 9494 11514 7118 925 1920 6538 10471 728 9515 2397 1478 9635 13571 9419 1233 4742 535 14152 5163 5585 3022 14685 12598 5690 11661 540 6728 9898 7829 164 10047 10912 3647 11413 9503 4864 
430 315 126 374 385 197 512 59 4771 4160 12433 5900 13318 1417 11021 5436 12296 7025 507 8362 12062 9598 9624 8345 13929 7429 12096 1852 1939 13841 4344 4869 5405 3910 14449 9709 8375 12447 6948 1112 7498 11265 3161 2321 14226 5621 6338 7381 6490 1143 2858 1821 11099 1896 12660 6197 3704 12921 2476 589 6831 10167 12599 8997 10105 2581 1151 
431 315 197 374 385 256 512 59 6321 10962 4124 9613 13752 12607 14743 5996 12961 8209 8525 3715 4597 14962 12457 10971 11768 3967 7091 2716 10115 818 2446 6394 13106 14672 989 14636 10126 11536 14222 9619 10050 591 2780 7238 8123 11566 7250 12511 10521 11146 3399 9205 1772 13977 11175 2675 6491 3162 6676 7061 5476 9786 4266 7148 2614 1481 8358 
432 385 0 250 442 73 378 58 501 12515 8136 9053 11456 14225 7445 7096 9362 386 9980 2648 3031 3692 10841 10634 9905 13984 12413 1366 4675 8440 3811 11664 7592 1923 7579 8664 6340 10231 3531 6446 1043 12899 4275 11719 76 3994 11678 11130 10686 909 12176 8702 6949 268 8040 657 9767 14016 6896 9413 7873 5603 13842 8833 250 7326 
433 385 73 250 442 137 378 59 9652 9405 10929 2046 6435 7152 13714 8337 13191 4794 12504 10981 1193 5040 12228 5379 9558 12715 226 5501 12807 4051 14255 7085 3028 5991 3392 13466 11954 6289 10586 10955 14585 3640 3312 10856 10806 7614 1034 8946 1216 10486 10858 5209 1493 10970 11432 3849 4490 11092 14829 4326 12875 3006 4368 1359 4207 6481 4622 
434 442 0 250 512 79 378 58 3606 5946 9896 12913 140 4396 4540 8629 2336 1427 11765 14104 12109 10142 3794 93 5122 12926 727 8029 10977 12612 7905 14675 2851 7396 7898 11773 7205 13084 2983 3700 2308 12011 59 6550 14257 6078 10168 451 2655 1090 10473 14945 9653 4481 9461 6004 9183 11188 14794 8526 12636 429 13112 2403 5523 13709 
435 442 79 250 512 137 378 59 4440 14248 12586 11658 14652 14952 4522 3628 12575 6441 4253 761 14840 5612 10833 12352 14458 5274 13796 6112 7638 9781 6976 7693 9492 5797 9274 3467 8521 5360 14676 9819 8975 11935 5907 11476 14580 11743 10792 7895 13934 2021 6109 4882 6607 9038 12866 11569 3238 111 3147 6527 12903 14195 2604 12272 2249 5833 13608 
436 385 0 378 447 64 512 58 13344 5688 2990 14407 14053 14477 4089 4503 4972 12861 12412 14910 2323 9870 11245 4078 12590 4429 10940 11431 3295 12521 12867 2063 613 14994 3564 3139 14785 4361 10265 1735 9320 14431 2016 12957 11793 754 899 9719 12694 6466 9339 12155 8343 13603 2631 5558 752 12365 11069 11067 11040 10292 11585 9327 14179 8661 
437 385 64 378 447 137 512 59 2007 4049 6673 6922 8448 13819 9949 6671 13062 10033 4196 7812 210 7549 4923 14605 9673 14452 7867 874 1709 10511 398 3711 1206 1354 10220 385 5315 1170 5914 10901 8082 4701 10149 2280 11408 14246 10258 12188 9111 12990 8637 14988 260 5307 4400 156 1282 6135 11836 9734 7027 9639 10179 2839 7809 45 10992 
438 447 0 378 512 68 512 59 7786 4389 1872 11220 9259 10363 14740 307 1154 1688 1767 14905 9721 1409 5870 5064 3522 1153 13066 7023 11986 8050 14115 7226 12725 12948 11003 3327 10779 2623 7702 10017 11384 246 12351 2845 5792 7281 11714 9414 12603 5399 521 3784 9381 7273 13516 3065 9667 11141 7352 12197 7465 8126 1859 5198 6271 12637 12788 
439 447 68 378 512 137 512 59 12325 7766 382 8586 14142 1882 14688 11378 940 14571 14562 9412 10834 3204 7117 671 6509 9376 300 2135 8579 14357 6937 13633 13587 391 14898 9875 6410 717 11728 14128 12720 407 9008 2237 10753 14229 12205 14184 8224 13185 7132 331 7891 13808 11531 1602 14196 8875 7680 659 1807 7355 8615 11588 57 2189 2470 
440 385 137 250 452 203 389 58 9237 1659 14858 7122 6752 1018 5143 11453 13598 13650 3752 171 2503 7441 13347 11726 11048 4824 4977 12638 6763 10775 3018 6395 5468 14472 575 1300 898 1424 13199 6789 14883 5221 13292 11244 10799 11109 4282 14496 1598 12291 6474 5044 10052 8249 1453 612 14082 6165 4914 13442 7472 4987 10953 10569 1429 4123 
441 385 203 250 452 256 389 59 9370 1584 9216 12299 2111 11164 13494 3571 11686 5730 9255 8684 3133 9583 2953 4604 6419 12268 13880 11260 3578 3550 1516 13507 1324 900 6330 5871 13044 9384 10848 6952 13465 5226 2966 7385 3117 9930 13792 4868 8903 3349 10807 6638 6006 10452 4706 6270 4415 14304 12696 6317 14386 7483 6813 4382 2731 4624 14965 
442 452 137 250 512 203 389 58 3760 9823 6015 11533 3207 6856 11481 78 11752 4730 12758 14200 12318 4585 14252 14953 9810 2288 8600 11796 13399 2426 13716 11706 3886 3802 3209 10550 14382 12871 503 5408 14635 3121 1007 5132 137 1472 13287 10678 9096 6269 10070 3988 9868 7136 5088 9409 8611 11438 6455 10032 9856 5576 953 9813 13081 12679 
443 452 203 250 512 256 389 59 4749 2409 14734 12863 13525 5363 11861 19 13 7322 2363 7811 10107 9228 954 13914 6558 14206 1865 10815 4296 1056 479 876 10585 2748 3626 12048 8396 8128 7836 4134 570 8444 8818 13572 13421 8165 4663 1960 12265 4426 14608 4245 1623 7350 9017 4029 12732 7244 4627 1411 9693 8905 3652 3251 67 7533 6784 
444 385 137 389 445 195 512 58 12723 4953 8882 14506 14578 7030 11470 6709 9964 6240 10643 1317 11868 7859 13431 2681 10277 5641 1538 13154 3520 9018 8822 10175 11240 13148 6066 8052 5710 10497 8386 5906 3797 2117 212 14610 12741 11694 2770 14915 5212 272 11323 1999 4181 5668 962 11163 11940 9746 1977 14800 3611 6525 14948 11825 9474 7807 
445 385 195 389 445 256 512 59 2755 1246 1358 3552 9031 1042 13021 12093 8202 5683 13195 308 11391 5856 13805 11233 3428 1651 11110 1583 3929 10589 12775 9520 13593 3036 3079 11190 11101 14463 6911 4660 10214 1261 1650 1335 4244 13993 83 14801 8915 8913 8193 4203 9074 832 2078 13662 10091 211 1240 6873 7540 10824 6777 3118 7608 13078 9330 
446 445 137 389 512 201 512 59 5443 9239 987 9245 8257 7376 263 6106 3019 3156 1053 5180 3115 6163 9578 4293 12658 7395 4775 10253 4935 8467 14155 4739 193 2688 381 7581 9839 7678 11945 11310 8111 835 2238 9466 8511 8155 1720 14372 9889 3424 6554 14944 8703 8748 14217 1251 812 14167 3680 10401 8273 130 12050 1274 9132 4752 2217 
447 445 201 389 512 256 512 59 7897 4107 10219 6388 9565 14724 13037 2413 11006 3110 13729 7077 5712 11621 11581 12976 3537 12171 9368 9078 5958 9615 6504 10595 6043 5071 5239 6097 3303 4303 13501 7443 6100 13033 11237 9593 10771 2319 10828 10526 1482 6663 7586 1355 5508 13237 6593 3206 3168 2005 3225 4677 3847 10727 3273 10884 8403 2653 9005 
448 257 256 0 317 321 131 58 14792 1361 2370 6408 3196 10389 6127 14731 14106 9295 13563 572 5866 9780 3554 14464 10889 4183 1008 8077 9299 4063 12279 10567 12390 8782 14405 14778 12061 379 2522 11775 8015 10700 2406 12404 1402 7277 8498 13464 13876 3163 10103 13184 11835 3448 11007 9910 4167 11605 9499 10566 14410 902 6234 11399 13744 1949 
449 257 321 0 317 387 131 59 13365 11294 6556 7934 1076 3543 3911 5087 13121 6083 3454 3403 3027 4090 10840 9741 3686 14986 8455 1046 6919 4053 4906 2912 2583 6921 1643 6533 8205 10918 11494 4819 4211 9543 124 861 6003 2432 12114 6207 13624 13221 2199 8583 8638 7256 13740 10144 7789 4435 4838 4515 2247 3253 2531 5685 6864 11019 9347 
450 317 256 0 384 320 131 58 2661 7684 6806 10428 14058 14943 6830 8749 2899 756 2009 8248 13030 13443 14166 2689 4861 1441 6791 2494 12324 9507 8550 8140 894 8114 12245 3105 2674 13265 5009 8287 13463 13506 10238 8471 1476 6255 8577 2849 9028 3496 8048 7935 11640 9879 5665 1841 10488 4576 14213 12687 7313 3269 5185 1391 2877 12033 
451 317 320 0 384 387 131 59 5482 532 13404 6264 11677 9134 12395 2252 11271 5429 506 11974 3959 13380 8157 10495 9357 10728 5158 4577 9154 2811 4147 13269 7336 11979 3708 7589 11349 12107 3605 4050 4075 8594 8943 2760 9463 7546 6119 5413 5593 68 13329 3190 1510 8548 12591 14834 14662 9794 9126 14050 4944 11269 9348 4081 14298 7602 6589 
452 257 256 131 326 318 254 58 6662 13622 12366 4770 2197 975 1855 313 11629 9490 339 1213 2500 9522 95 6781 13799 9280 4511 12170 6211 11100 6283 7265 14663 10882 8622 11491 9777 8030 12959 807 8517 6691 14343 9535 12820 7029 9554 10590 9431 14350 976 1275 14440 4715 13518 10206 393 2295 9743 10203 1675 10518 626 9807 2563 6398 
453 257 318 131 326 387 254 59 6526 8636 3691 8904 8100 1950 495 7813 3367 1744 11264 3035 1146 12102 6974 8792 6557 6943 9599 1191 11665 354 5037 13459 1365 10234 1116 6855 5439 11071 14933 7667 9832 10551 13721 6137 2962 10408 9089 207 11631 3516 6519 6770 4939 10155 8217 7628 23 2343 2857 4645 2580 8734 1892 8969 6675 10776 10227 
454 326 256 131 384 324 254 58 4218 11055 7076 7060 11650 2138 1010 14160 7305 12778 1501 6228 5156 684 11080 8394 3195 804 8723 14846 9633 13558 14833 14107 10868 4630 13216 8319 10322 10018 5420 336 3301 4598 2051 4901 225 2035 459 9467 8312 7176 12275 5294 11655 7839 5999 1479 9034 10711 8612 8657 2761 9748 5287 12292 14799 110 
455 326 324 131 384 387 254 59 4731 6790 4416 14930 1702 9050 12130 870 10225 10878 12085 8508 7783 10196 14360 5995 1597 11159 5471 4841 5050 12981 11309 13499 1737 2937 6684 5077 5616 8830 6011 7772 13964 12549 7765 13531 7186 8446 3222 10903 9795 1310 7826 2991 3309 184 10074 9079 3528 353 9429 968 273 1102 8203 8003 8967 3518 13905 
456 257 387 0 315 454 132 58 5701 12411 2227 3374 10512 762 12468 11121 2326 7853 8074 9816 13661 5758 13602 14280 9805 13911 11760 1508 5328 9706 3174 10506 5275 1885 5344 9817 3805 11167 8037 14667 6247 5075 14015 4417 8901 6534 11657 5626 13579 3735 6218 1408 13197 14095 2643 13670 7316 11722 14895 11000 9378 4692 9086 438 7164 11509 
457 257 454 0 315 512 132 59 7037 1870 10532 1874 4092 4224 4855 12464 4094 12030 5707 5461 7225 12388 6990 9027 7982 14376 9315 291 6421 11541 1586 355 12477 7190 548 11613 4696 7078 8718 5278 7379 12073 5398 9125 1344 13122 2836 12923 8182 6413 10059 9531 11430 9403 8324 5716 7404 7349 12162 8130 11367 8712 1078 6946 1814 6690 4492 
458 315 387 0 384 441 132 58 3701 7832 5571 3160 9121 6970 4873 11268 6123 1483 13435 4332 5462 14782 6742 4970 13268 4137 5026 1868 8260 5842 1875 9830 1548 5176 2335 2972 7736 672 12300 8450 12641 11448 7177 6644 13262 1962 14469 7160 11903 11226 12505 2478 7973 8325 1919 8225 7154 14295 2120 7580 6082 8407 12513 134 2825 3257 
459 315 441 0 384 512 132 59 9852 5584 14730 4342 8035 8380 4054 3294 10917 5555 11326 6499 9180 5293 1308 680 11679 14863 11808 6342 14326 2289 1187 123 2685 4129 692 12892 710 13349 11299 1025 13854 3493 3616 9723 4693 6500 12817 6337 8597 11853 5166 12792 347 13115 8964 3696 8742 9564 13396 11907 12500 14437 3129 103 8762 10679 11463 
460 257 387 132 323 455 254 58 3865 13727 6068 9224 5733 7637 6200 2208 4364 14130 2480 2233 3862 12614 14231 3025 10669 7537 4536 7345 9718 1473 14646 14991 9282 3950 10653 8857 8369 12930 2816 11755 1509 2518 3211 10351 11682 10183 14707 11876 6480 9659 11016 7830 12495 8416 8729 7572 13420 9069 14936 4132 6797 13243 629 2961 14369 2944 
461 257 455 132 323 512 254 59 10291 12126 2576 9992 4791 3416 11104 14599 3152 426 7084 1877 10941 14963 9091 14856 12507 11374 11981 14530 3142 2701 11866 771 8334 13312 8532 7388 183 10716 1230 6670 5540 163 10273 5872 9250 489 13210 5772 2686 4711 9220 12444 2888 1073 7904 4803 13152 3483 10388 6710 13811 9978 7386 484 11783 3803 14674 
462 323 387 132 384 454 254 59 742 5030 9234 10112 8281 14733 3953 14040 14316 11708 1922 5199 1630 5203 10524 733 11409 12550 3 3814 14777 11754 14888 1307 9883 2868 14716 2107 13139 2452 3582 14223 980 11483 3672 11901 14418 4362 14141 6981 7956 9495 10148 2537 1866 7329 10480 8929 11304 14773 13860 3355 4820 11952 14544 4975 469 12077 5165 
463 323 454 132 384 512 254 59 9614 3229 112 10133 14625 630 11034 7700 13815 9356 7868 5702 530 476 14380 8283 8728 10668 10577 7387 485 9092 9765 1418 1466 8190 12387 13951 4413 1459 1567 14276 3763 11355 3277 7052 844 9533 9690 6385 14361 11965 12094 2159 12121 6121 1812 6085 9640 12623 14353 10800 8986 13718 12571 8000 1777 11193 12803 
464 384 256 0 447 305 126 58 8068 5631 8246 10873 7894 12483 4874 9323 8201 7444 14235 13093 13480 6125 9354 12012 14333 12322 8892 9338 8761 14554 12745 1763 14861 2721 2821 7993 6215 9410 643 12175 933 14253 7002 4783 5595 5637 8605 8624 11763 2569 3981 2509 12414 6128 10922 14354 1086 6630 6782 14481 13725 1787 13127 8097 7872 12049 
465 384 305 0 447 381 126 59 12718 2668 3749 2627 7654 13626 1867 13674 10371 13648 3890 713 6870 7881 3839 8088 8009 368 889 7125 5648 12843 5426 1566 11486 1215 6224 869 14367 6172 8908 7538 1189 1899 12438 4936 14430 2160 8434 2188 11346 7179 11729 3963 5205 9106 9025 6899 3281 9665 14414 4046 5992 13924 2265 8720 1569 9580 14968 
466 447 256 0 512 321 126 58 5092 10693 9644 11554 11639 327 14935 3785 10755 5598 5532 12714 1120 2416 14037 3307 14919 12695 11195 9959 11219 11759 13283 13293 2779 12523 8671 8332 4334 14909 5297 14818 11510 3636 9828 3927 3519 13336 5327 13047 6055 6562 8045 13462 7616 5755 790 433 12004 6640 10394 1388 6314 2866 1656 8264 9158 8796 
467 447 321 0 512 381 126 59 13900 14162 11568 3975 167 6985 4405 764 12426 5790 11441 6236 11117 12010 2439 6194 9253 13070 8744 7450 10797 2461 5933 2712 8456 13783 3786 4033 5325 9428 8524 5389 61 13527 3619 1849 4311 13334 11385 7142 10445 1356 4809 10852 10444 5745 4921 12184 4679 8962 7946 13941 4984 1914 397 13276 14478 14433 1663 
468 384 256 126 446 315 254 58 9968 10914 10161 12700 8309 1288 7398 5303 6817 8593 7185 8488 8353 8481 12310 3588 7101 8344 14337 14632 8970 11457 12949 4249 9840 4276 3822 2720 9185 8845 11774 5135 6380 4785 14550 2586 3388 2417 2300 14972 10485 10294 1498 11997 4082 13980 1820 4269 10543 12965 14819 8860 14244 6518 1038 12847 14837 3936 
469 384 315 126 446 381 254 59 8569 12983 7275 258 14874 5173 5291 5144 8007 10850 8911 9841 3097 9331 14534 1687 9585 14795 5774 13174 6773 10627 3567 2264 6084 3038 9095 3431 12260 1382 14576 12739 14300 3103 5804 5827 352 2010 5424 9965 8412 5159 2103 4651 1119 5728 10233 2041 4964 12399 3101 14842 7330 5929 9549 6652 180 2379 5475 
470 446 256 126 512 325 254 59 1469 12074 9509 9425 11698 9518 9477 14501 2405 6511 1488 7524 12918 11291 2970 4761 1452 131 9071 5747 14134 6739 5939 10931 7714 12781 1860 11300 376 14266 1522 4488 10710 3600 231 8523 6820 9081 7478 12992 11246 11073 8621 784 10124 11347 3943 7389 7095 8965 2640 8938 3948 12501 3534 11781 5828 13362 12122 
471 446 325 126 512 381 254 59 7418 7514 14207 13541 12370 13385 1911 10667 3372 14942 5680 6328 8648 4849 13809 5573 7045 14 10559 6862 5367 9130 5038 1079 9662 4891 10578 11758 14929 5656 4827 6799 12373 9737 2904 8855 2658 6665 12196 4161 2859 10449 7593 12647 6263 4662 2730 4252 11810 6437 7709 12519 3593 4401 12367 2601 8144 1390 13562 
472 384 381 0 445 450 130 58 1878 12646 2673 2170 4419 13649 1668 13437 13424 14493 4425 10264 2339 7734 11984 7487 10935 8881 6076 11086 4578 3241 12543 8093 2559 14859 6267 5085 6573 6977 14287 2562 12600 5183 9252 1908 4817 10459 10016 7916 3918 401 11115 7633 10609 10300 6107 4259 10290 10274 2385 11532 2045 1265 2506 3871 4229 9729 
473 384 450 0 445 512 130 59 12951 5204 5232 6316 10077 3262 1021 10134 13470 12301 8878 9107 31 5146 2782 5458 8183 1854 13330 6567 13238 2555 13969 14976 6859 11056 8278 10354 590 13373 7069 13825 5355 12901 9007 10847 5781 639 2906 12250 7605 4579 11559 5867 14591 3408 5349 2315 8418 405 755 6901 2098 3829 4998 2557 6818 12601 10723 
474 445 381 0 512 444 130 58 11335 301 6245 9083 10583 11987 4151 10094 13724 10472 3864 14958 8127 11316 9481 1194 11822 13965 5498 2015 6802 14017 10553 6823 10024 3960 6417 11473 5767 2541 6344 10395 3931 9385 4735 10600 7342 9141 1647 2224 9893 8578 1273 9114 7479 11937 10089 1291 4434 13249 6796 7510 5460 1383 7068 11921 6967 1070 
475 445 444 0 512 512 130 59 7007 14242 823 3337 1464 9179 7639 3615 14484 2260 1570 5406 7083 14205 4628 14836 12309 11600 7665 4769 453 11918 10714 13534 2255 9236 8688 7470 6545 13376 13352 13315 12704 11545 3313 3888 4402 3104 1547 1594 2100 5148 12488 14758 14438 2672 5904 12544 4727 2952 2738 12182 10369 5280 7932 9826 8228 12689 13936 
476 384 381 130 441 448 254 58 11396 957 7761 14007 6146 1332 5034 14112 2258 12664 9671 14180 11604 6528 7401 2296 13270 10199 1144 12865 12312 13884 13076 13582 7134 14886 690 10286 5463 2528 3223 2076 8654 12100 14990 3840 14781 4991 6961 7146 11085 5977 1451 669 5845 5271 12748 4674 6723 997 5412 5343 2086 456 12038 12142 7583 888 
477 384 448 130 441 512 254 59 1436 13775 8704 9398 848 117 4121 6249 11977 4988 12722 6641 82 4335 10746 254 126 9147 6608 3081 8753 7818 658 1836 14831 6126 11287 11503 3360 7182 7609 9908 13331 8265 4199 14150 5194 2185 14759 2164 14285 13419 2908 13967 12608 1057 5276 4599 7603 48 4853 1972 4695 1426 14203 2268 13858 7425 13226 
478 441 381 130 512 444 254 59 6561 12625 7163 7578 3622 3173 4655 7304 5706 9434 1069 12950 2871 11251 13143 12856 12169 6152 11789 7062 8321 4141 10898 11710 5167 11877 1015 8859 11741 13301 1724 5273 8151 5881 1591 1277 2351 4507 650 14070 488 8931 8710 4843 12766 13974 2915 8102 11526 520 4635 9273 7109 446 13208 1543 3685 10331 3111 
479 441 444 130 512 512 254 59 813 14315 2935 9566 1003 1680 13357 3806 5506 8795 10332 1334 14971 14013 7080 12303 5104 4128 2239 12872 1415 14228 9009 5272 6636 11550 916 4845 4753 2834 2743 11697 7695 10888 1306 14243 4101 11643 3679 7188 79 5831 6422 6404 242 14854 6566 10701 14913 3039 5505 5588 14658 2523 12190 5854 7269 8862 12524 
480 257 256 254 311 317 386 58 4192 2927 14245 13049 13578 10849 7635 6210 10519 7547 6582 10946 10498 7805 4136 10671 6629 4915 1029 8104 13529 7954 1342 5140 12137 1221 4166 9927 3664 2077 7587 4723 317 11256 10417 7180 6229 12449 2392 2307 6705 8148 5326 5400 11839 6939 1085 7508 3529 10376 12416 12610 9680 4520 11152 4261 6147 6184 
481 257 317 254 311 382 386 59 10809 12791 568 9493 2299 4718 6457 13547 6376 5592 8912 6350 1157 11647 10795 2383 6931 5776 5265 13468 10796 11717 1506 12622 2191 6786 8534 350 9675 12355 2029 9725 14574 5299 9961 8966 7817 2561 7823 8840 12786 4375 1532 8839 3092 1376 13734 10201 6058 11079 9313 9172 9209 7731 12051 8460 6865 1363 10272 
482 311 256 254 379 312 386 58 11397 4884 6225 3298 14752 7143 2497 2402 598 159 7864 10120 14637 5341 606 3845 5565 2739 7892 1163 3046 720 7841 7520 12000 7115 9109 4870 6994 11119 7276 10642 14062 1589 11451 11767 13530 14483 3687 12963 8213 7560 642 3990 3930 3122 3618 14696 10724 380 7757 8995 13548 9441 12499 11325 3283 11126 
483 311 312 254 379 382 386 59 9296 8971 10451 7710 12024 10648 9099 7622 6517 11932 4455 9438 7173 3363 14753 6764 2028 8243 281 1604 5577 7726 11201 13708 14262 8192 3198 4155 483 10876 1616 10563 5248 10350 2519 2352 6291 1572 8907 214 11277 3575 7938 10081 11893 7539 4496 3240 14003 10747 7460 12942 1121 2158 6586 4443 1349 13835 14131 
484 257 256 386 317 328 512 58 98 5600 14446 7858 6578 14319 11358 6098 10790 4398 13994 935 10968 648 3828 7922 10813 9642 10978 1074 8771 3456 2887 6975 10055 12116 13134 885 8880 12616 12733 1497 8559 13439 13159 14894 4071 1706 3514 11695 1122 2087 14592 11547 1646 6053 1762 4424 2448 8200 13107 13141 6766 8022 5708 11077 2879 819 
485 257 328 386 317 382 512 59 2070 14192 687 1128 7558 14085 12852 6716 5803 11062 5947 5589 12455 1285 14832 11194 10215 1845 7939 7915 13945 13910 11747 8318 4280 10455 9475 9939 7748 4452 2380 6209 1407 5849 6711 10020 5586 12653 10921 13636 12941 10750 10075 9684 13692 13068 13288 856 11340 13818 8057 2545 1944 6523 10261 2419 269 9838 9167 
486 317 256 386 379 315 512 58 9023 7257 12602 364 3220 1593 10759 3607 6904 402 11148 2277 1049 9983 8206 7627 3947 177 9657 12839 11684 3476 10057 4555 5669 8443 9024 10342 7454 5270 6713 14660 12289 3481 3921 14901 9512 8788 11602 8159 12147 2894 5058 1173 13117 5980 14602 2496 10298 930 5473 8483 5141 4059 13979 8958 6149 12476 
487 317 315 386 379 382 512 59 10468 14260 8539 2012 12212 8604 1211 1136 12441 2328 9365 2920 14634 7979 11539 9235 12804 10501 7674 9820 2867 10789 8701 14355 2587 2534 6874 6282 7767 10787 7299 9390 14850 10762 9269 1817 8832 1380 5021 5120 1353 1502 13032 1674 1961 6254 6516 6902 13685 14603 8017 3171 8978 39 14065 593 9944 12800 1303 
488 257 382 254 316 442 377 58 5225 13173 5170 12699 11899 3837 9897 14689 14475 6889 9133 12080 5739 6794 5583 6426 10939 4444 3710 2705 8709 10348 6997 7564 12151 10791 8505 3446 9660 3387 12028 1967 1092 12562 3393 1371 3909 5570 10251 732 8361 6397 10021 2632 7763 1279 2642 1649 6171 6470 2696 3314 1309 7233 6798 4145 6664 3300 
489 257 442 254 316 512 377 59 2818 2206 2634 8234 12682 8038 7230 12346 7098 6369 7882 4833 10308 154 255 9306 3487 10831 4913 10321 1629 11398 12159 3709 13138 6202 12313 7197 4445 8738 12223 621 7947 6354 10721 2400 13680 9789 12486 14423 2415 8803 6002 3707 5561 3137 12076 1804 12782 13225 2957 7092 10958 5638 14868 3866 9623 4186 12785 
490 316 382 254 379 442 377 58 1743 7024 197 1667 6838 10816 1321 8301 3646 13703 2340 4028 13798 11171 1384 12978 10517 14872 14371 4681 7496 14535 5233 9061 14271 1521 3334 11720 11307 10073 7013 11261 2551 8794 2297 11953 14816 3925 12091 10320 9540 2421 11125 3443 11646 11515 4812 6134 11447 5082 3068 649 707 12273 14791 7261 8146 816 
491 316 442 254 379 512 377 59 11087 737 4228 7870 10475 3268 13433 5644 6423 14451 5817 5004 9210 14238 2532 12430 5948 365 8214 8592 6903 8514 1058 10818 842 10891 13146 8602 13542 10911 5664 2044 14388 10114 4532 9915 6138 8988 8957 514 5726 6508 1661 7906 519 8694 2895 5402 4407 12339 5994 946 296 8743 14974 13371 5117 1997 12934 
492 257 382 377 321 444 512 58 9969 5495 12129 10597 8259 2457 5839 6252 10987 12580 14694 8556 1794 855 14589 13040 10713 3260 12849 7634 2108 6155 6190 579 10757 2454 14379 6345 11200 3141 2039 9570 12415 3868 2890 2602 6054 1992 3210 2824 11028 14462 1894 2914 11577 12274 9951 11139 5029 5705 10122 3453 2883 14109 3317 6698 10327 4986 
493 257 444 377 321 512 512 59 3243 14100 5192 13713 7287 6115 6715 1531 2075 5667 14178 12348 2613 9766 7107 2733 12551 11941 11598 6617 13178 1387 5312 10491 7438 2599 7970 14145 12069 5918 4258 14682 14902 3798 3598 10772 5974 4177 12424 3224 4554 5321 11733 6349 4454 3445 12922 13151 13176 12014 318 13222 10402 3113 10536 11895 2349 8298 13059 
494 321 382 377 379 445 512 59 2314 6535 13544 14267 11609 1311 8520 8269 12665 10255 10328 310 12770 11707 12541 7582 8680 11356 2517 7402 8431 3418 4489 12854 11183 3809 14679 9059 4685 10015 7168 8478 3720 11122 13290 12751 11735 13423 3358 11975 7779 4453 13806 6108 3157 2139 13137 6913 1148 7886 9544 990 10205 9170 3287 12894 390 8315 11840 
495 321 445 377 379 512 512 59 6659 14514 6175 14275 2787 1197 2902 8250 2167 8172 3054 13786 13686 6471 5651 739 5111 14264 14748 10435 10256 8081 1369 1677 14210 14390 8851 14413 12489 7835 2462 7960 11727 1917 5147 4895 5137 8233 8436 14352 9400 7777 5306 10211 769 7284 3486 9551 4502 1715 6836 6191 12916 8581 3058 374 10025 14983 4798 
496 379 256 254 445 322 379 58 13996 12841 9283 14121 10786 11173 14656 5989 5215 7171 6577 858 11829 4716 2564 6290 8385 6890 12280 3655 8582 7260 3050 5662 10999 5802 14125 9918 13878 14772 5249 4888 12139 11537 2629 14194 9785 10804 9430 3406 3765 10313 1778 11762 11209 457 4149 10465 13354 7771 9648 1375 8366 9758 13322 10821 8545 1093 
497 379 322 254 445 384 379 59 6743 12945 9285 12334 4562 8044 7720 10140 10326 13908 1062 12897 5940 1177 6489 2427 3826 13956 7219 3460 3055 14557 14450 12037 13189 8787 6783 9218 10260 1552 3377 9016 13816 2827 221 6096 13393 12589 10392 14659 6564 9243 13586 8846 1168 2058 13350 12496 2889 247 3525 11645 1333 13681 13003 11386 4545 6089 5860 
498 445 256 254 512 321 379 58 5877 4639 11563 10262 7144 11199 10682 1843 12620 7698 12988 9920 8454 11157 10664 6164 10822 4021 147 6891 6542 10692 10900 2133 5564 5035 14373 11744 13496 6133 868 64 11328 9444 6086 3208 14741 8419 14519 5805 7006 7327 14577 13416 14420 3830 10130 8499 13807 2515 10719 1292 9689 7843 3286 262 3094 11369 
499 445 321 254 512 384 379 59 8588 8388 9632 8226 11985 13763 7174 5663 6753 3924 1098 617 5177 14939 10780 1722 3275 1555 4010 13853 4581 745 14486 2110 4117 2947 4120 1980 13589 614 2540 8574 7631 10474 12227 14456 3903 11305 7669 3495 712 5836 12419 7987 9043 8306 10784 5179 1325 5020 5434 3011 1075 1142 14708 9529 9455 5518 3656 
500 379 256 379 446 319 512 58 4929 3108 5930 5889 3085 3193 9751 1266 549 14325 1410 7003 3741 4722 4813 10039 13025 6094 1005 5116 5606 8084 12427 3721 10948 12668 1673 4202 5513 2784 6439 2105 3631 4580 4337 7601 5350 6302 14702 10368 11339 2482 5421 8475 13414 4469 941 2334 10430 6401 13451 13961 2885 6409 12734 4231 11607 6840 
501 379 319 379 446 384 512 59 13411 11035 9066 4793 9987 10823 3120 6139 11393 10463 7208 10773 4292 3070 2863 9545 1694 9773 14594 4535 971 8330 13061 13486 4459 396 11370 1886 10441 9953 7399 8194 12556 14378 12179 12502 4442 11150 2391 6156 7339 1781 4738 11799 8496 14899 8653 14964 10164 1723 11887 13289 7647 6513 9388 11761 6329 14434 9793 
502 446 256 379 512 316 512 59 10200 8867 4370 1588 3603 4548 1166 6992 6001 0 7110 9207 4290 1893 11459 14841 3381 11753 979 3267 3938 4047 11084 834 7963 10522 9692 8339 6632 11930 1921 13406 13801 14720 11037 12398 8774 14595 10461 9149 10865 8879 7246 1577 1995 6553 3999 7796 5902 1192 2257 11955 14695 2411 12251 1811 2762 10250 4918 
503 446 316 379 512 384 512 59 13384 10967 1818 7283 208 13426 2291 8072 10421 10416 2989 689 8397 5000 10607 3591 12702 9991 3422 2081 3040 14468 4744 2092 965 13559 2393 6458 10539 10520 9960 3417 750 1449 8940 8092 12674 9480 1504 3898 10923 12039 490 5740 9584 12593 13004 1988 3726 2241 4885 11162 5346 9727 11690 11788 5414 14619 14008 
504 379 384 254 441 437 378 58 5779 2850 3772 4980 4926 1927 13707 1745 13520 153 3002 624 8005 5815 13272 6524 120 12971 9797 10288 6875 12750 9458 12150 2684 4467 4209 4414 4908 6075 1320 3585 9947 4871 9669 4800 11089 12067 8689 2556 7491 4377 13948 3904 12784 8320 4672 12459 437 8730 11319 2325 2747 8981 2829 7594 13778 8776 
505 379 437 254 441 512 378 59 12661 7014 1269 7044 13887 12508 961 3429 6438 2934 3940 13294 6639 1188 6101 9437 1171 8251 12105 8286 9954 7423 3722 1519 3751 8494 8567 6180 1405 8116 5353 4546 3149 5364 3292 155 148 1258 9740 6666 627 11972 13888 3233 11135 1247 13500 7175 415 3347 14026 10764 5859 5046 11108 12837 12520 4135 10974 
506 441 384 254 512 452 378 58 3230 6601 977 7223 5956 1217 10988 12648 9739 7324 7711 219 9678 2616 904 4760 9508 2144 5883 2783 8560 3667 8974 14132 11790 8563 4670 11770 6588 3053 14102 1792 4274 14311 1959 5560 4449 2737 3080 14321 1244 7664 12670 14492 10558 4187 2759 13353 13719 3913 2949 12900 3592 14803 7544 919 2083 9626 
507 441 452 254 512 512 378 59 9363 172 10170 2683 13892 3547 2977 5810 3282 35 7189 12631 13364 2757 10189 4558 3362 2014 4320 1316 7824 7297 10576 11926 6389 12680 4193 3423 3500 9287 12573 6610 7323 13052 11831 14457 3411 3733 13856 13817 2886 4436 1622 4017 8745 14398 675 3112 1400 2815 11394 75 372 5110 13604 13741 4373 6265 7555 
508 379 384 378 442 456 512 58 6478 13359 12220 2535 6834 3413 4505 2822 749 7294 2490 11740 9571 6196 9223 5788 12270 1989 14604 6955 6689 8941 6268 2327 12342 5015 8303 348 3992 4069 373 10499 406 1533 10007 3354 3128 2073 8300 11792 12915 7527 12277 9451 10035 3063 12434 12053 10599 3962 11221 9574 6655 14027 14088 4989 89 6244 
509 379 456 378 442 512 512 59 10741 8373 14638 7543 11849 5499 3502 7661 8316 1006 7672 3669 7815 13113 2248 6318 10406 38 5454 11630 12239 5490 6792 4725 1443 12570 13319 8158 9073 14123 6947 5101 440 240 13985 8828 5036 3541 11881 10705 8501 6748 6989 7825 8950 12675 10188 2930 2988 6646 12652 3706 14955 9764 13132 3459 4857 189 2184 
510 442 384 378 512 441 512 59 289 14385 3254 553 6634 6032 10425 14786 2707 9271 805 9352 1556 1526 10044 668 4412 14561 3973 11205 6239 11242 5005 11189 10737 14582 10932 419 4856 8715 11528 7373 2313 4062 6822 9572 11766 7670 3553 810 9457 5666 2304 11434 4210 3880 14790 11742 3357 8952 2298 8134 770 4623 10045 2121 9351 14922 9608 
511 442 441 378 512 512 512 59 13355 3073 3432 5152 10252 4596 5635 8497 9307 11624 7333 5623 4804 14303 9696 8163 3231 4938 1751 10991 9450 11923 550 10404 9602 4951 10423 11379 6880 9346 12213 9804 12882 13851 4008 12003 14480 14722 11275 5786 6183 1208 4227 6852 1574 7618 41 9627 13119 9227 11711 9433 11746 14828 13011 1535 9811 10673 7035 
