256
256 0 0 0 0 0 0 117 132 258 248 244 253 58 11644 14338 161 9666 8675 11595 8824 8073 8399 10601 11517 4319 10186 9056 9791 12864 9597 7072 9722 13521 6876 14265 2372 12409 4854 685 8442 8279 4619 12553 14981 5978 13874 3761 7721 11 7361 9528 9857 13557 3258 1712 4158 7535 47 9305 10596 13652 8705 5210 8245 7365 9664 13429 9266 9393 4858 6023 
257 0 132 0 0 0 0 117 253 258 248 244 253 59 1596 11311 1883 8178 7416 9592 5855 2795 1234 10919 5916 912 7267 5698 7729 4040 14865 9087 10925 1167 7464 7384 8238 9636 5435 1554 9304 463 704 13440 11929 11416 5444 4095 8409 7517 13387 3965 4620 12776 7686 12253 1140 1641 8275 12531 3513 907 5409 7901 11817 7917 3249 3926 13485 13428 11495 8046 716 
258 117 0 0 0 0 0 257 128 258 248 244 253 58 3261 13576 4570 8564 13046 12777 4372 1609 10614 5022 785 1147 5921 4943 2057 693 14980 2096 11022 12097 447 11351 5766 10695 3562 11592 721 682 1819 12929 9778 1209 14568 10731 4371 9771 14754 1419 2925 4018 826 7130 7744 8608 13637 5189 11054 11857 2727 12773 14540 8754 14524 10879 11603 7623 3581 10542 
259 117 128 0 0 0 0 257 253 258 248 244 253 59 3729 303 13584 6776 14701 4403 4852 14331 13676 14127 6381 14060 6801 6206 5310 9534 827 1048 5304 2955 6232 8925 2750 13997 1952 7888 9353 14967 3072 6706 6168 9929 11243 13038 3833 13943 14553 6619 13389 13302 7458 6940 11333 1788 845 4510 5067 12397 1263 12885 958 12060 11144 9291 11012 1850 4085 14900 7648 
260 0 0 0 0 0 253 127 119 258 248 244 512 58 4575 7034 12609 7658 11897 11279 552 14308 9392 1805 2848 4776 12065 12187 14546 2119 6465 4099 12692 11337 4669 13732 13957 9906 2362 10391 2020 199 6375 3754 6560 6334 1971 1614 8601 13639 12180 6805 13333 13973 12522 5541 4055 9863 13469 8947 13434 7124 6484 9189 8055 744 12808 14290 6835 9995 466 4956 
261 0 119 0 0 0 253 127 253 258 248 244 512 59 13616 6181 1924 7666 1660 13298 4036 5551 8926 7884 10352 2546 7473 5760 1205 12584 2510 8461 12127 12621 4523 2700 92 4188 4933 7229 4070 8821 7042 12832 6512 6311 5382 10240 11170 719 13145 6070 2956 883 11989 2715 1117 287 3790 12023 1401 13379 7285 11274 7951 4634 11905 2127 13013 1736 1030 3461 14429 
262 127 0 0 0 0 253 257 134 258 248 244 512 58 5235 8408 9115 864 1414 5311 1869 14240 3852 12407 9801 2172 12469 6110 13663 1553 1222 5333 6569 13921 2281 14552 12156 541 10109 5935 13446 4782 6367 5559 14084 8109 10302 5410 6521 8458 8793 14984 13517 2359 10677 8856 2680 439 10733 8197 3877 3779 1228 6193 11350 13793 5756 14510 94 5025 7730 14499 
263 127 134 0 0 0 253 257 253 258 248 244 512 59 3810 10541 9325 10687 10740 13155 1693 1626 12844 14951 4872 13094 5675 12632 10285 14036 923 12724 4474 13839 7415 3176 9015 11723 3395 14059 4741 11030 14439 8433 7652 5858 4066 3964 13028 5446 10516 11927 4020 9498 14215 2754 9123 1462 10502 2262 5549 5106 5313 12752 11074 4451 11721 3624 1823 11345 8161 10333 4105 
264 0 0 0 0 244 0 133 123 258 248 512 260 58 2663 11197 2090 3713 6988 12994 1844 1235 14779 10386 1800 6884 7989 8725 4390 7073 3166 14575 3199 2711 12802 3169 14969 6537 6590 10390 9844 13986 6220 13667 1394 12909 14947 14140 2874 4759 8020 4263 5678 10396 11352 5503 10538 10036 1256 5496 13991 5240 2246 8447 11289 237 10384 5898 3750 3764 7351 8354 
265 0 123 0 0 244 0 133 253 258 248 512 260 59 9300 3087 2487 3005 1747 11127 5787 3609 10572 9825 13881 13683 13432 9093 9575 11902 8414 5113 4766 13053 2396 4822 1242 14857 6177 5251 14573 10738 13789 12297 7408 13090 4262 8673 5590 6231 934 5448 13074 11024 3328 10484 12516 2978 4404 6598 13356 9065 8427 8490 13522 13193 638 6603 11827 6650 12478 2106 8936 
266 133 0 0 0 244 0 257 110 258 248 512 260 58 13867 4309 7147 10803 12247 6732 12345 9251 3464 5217 5979 13875 7400 2931 7950 12246 787 12821 5512 6606 7066 13048 8949 3674 7810 12027 6866 5516 7863 9462 1909 6960 814 3968 3344 12789 7203 4560 10098 11915 2235 2741 3271 11492 14412 277 2292 5553 2053 2595 3060 13204 890 3978 264 4115 14030 3024 
267 133 110 0 0 244 0 257 253 258 248 512 260 59 10881 688 5550 10361 12879 5610 12341 2209 3127 5801 2347 14447 11911 897 11467 4226 9387 7289 7262 11730 13358 644 1063 4077 2524 13321 10510 6355 4680 9519 442 13427 3725 4866 6005 4501 3143 13935 3816 6399 13346 7343 2843 1172 7625 8663 8229 2080 1695 2618 2102 12354 7041 113 1615 6372 7545 1099 6429 
268 0 0 0 0 244 260 125 122 258 248 512 512 58 6378 3178 1337 2468 4439 11025 6704 8984 8095 13814 11756 9153 9026 5479 3535 14470 1847 6124 6969 14416 12595 11479 4684 12583 11662 4971 9136 5043 730 4698 5258 3771 14547 828 11634 11738 12534 13313 2847 6433 2466 8019 7530 10877 321 332 8241 10469 4409 11343 3014 10230 4810 7975 3899 133 14482 9244 
269 0 122 0 0 244 260 125 253 258 248 512 512 59 8166 10184 5465 14002 10835 4840 12920 14329 7831 10466 11786 2892 8977 3029 8746 7787 12677 12276 10610 12350 12321 11422 5155 3489 11331 2192 1568 631 3345 9731 8071 270 1487 5411 4384 7461 4241 169 14399 967 10768 10213 492 5262 4788 3986 731 13409 6536 11892 14542 14815 4787 9439 3093 2389 12234 636 3285 
270 125 0 0 0 244 260 257 108 258 248 512 512 59 547 6081 5474 2194 13607 7733 4916 6034 10268 4880 4768 9579 9105 8335 11693 1682 6204 1740 129 4381 14323 12730 8261 772 6460 14966 3608 8876 3052 1956 6467 7215 362 6176 9563 11692 6257 5268 2278 12810 8491 7036 198 7231 1108 14488 3746 2861 9454 3186 11712 11094 8767 9322 9594 697 9833 8877 3426 
271 125 108 0 0 244 260 257 253 258 248 512 512 59 12302 13761 4432 5835 12044 8562 6335 4096 2963 5006 11042 8535 11516 475 1129 6008 280 1670 11357 387 2234 6358 6839 13114 1226 3842 8575 8122 2802 9373 13553 8207 7200 6469 4559 7251 11962 10885 8557 14426 14383 12579 5732 249 11672 5252 11112 4748 10347 3799 4863 4567 14032 5007 2929 9971 13552 6908 13488 
272 0 0 0 248 0 0 116 131 258 512 261 261 58 3510 843 7525 2533 6627 13919 7018 14409 2418 8649 2330 10628 13872 4450 1323 3444 7302 6025 12445 12927 14668 6892 4721 12152 11482 12767 24 10173 2019 14173 14232 7876 5455 9562 7641 10101 4024 409 13913 7650 14911 1968 14755 58 4959 2981 5172 10034 12806 14071 1681 11542 656 4922 12423 12422 14344 1430 
273 0 131 0 248 0 0 116 253 258 512 261 261 59 3597 12587 5369 10023 12557 13167 13712 1910 2764 2698 6895 14277 1884 3245 2074 1775 14732 14882 11961 2146 860 663 1703 13743 8254 8934 8170 9894 2122 9360 2460 3383 12995 13279 2718 9289 5329 13291 11844 10985 1590 679 1512 5925 11366 1979 3596 2038 2951 11652 9609 6826 5736 3076 6757 7131 4485 14473 3825 
274 116 0 0 248 0 0 257 142 258 512 261 261 58 14328 12177 11407 7735 8049 1268 13471 14651 6914 2982 3047 9176 13493 6230 204 1801 160 9799 5281 8336 1969 5384 6810 1739 5780 8641 10453 10843 10195 3663 938 3306 9859 360 12759 5128 2869 7751 5865 13479 14579 7165 3545 2150 3573 12340 4476 14342 2566 9355 13970 12860 7435 13239 7690 1796 2875 13909 
275 116 142 0 248 0 0 257 253 258 512 261 261 59 13614 13031 5469 10454 6848 1134 705 7477 8522 11553 11388 1484 1297 2145 8270 13833 6747 3595 1640 9148 1710 2094 9993 2790 2860 7854 6959 9728 6787 12311 2758 9472 6962 3389 12555 14764 2717 10832 2244 7433 1644 6021 13750 1399 6012 8553 4238 2593 7026 6453 4438 4942 7224 5031 10943 8054 13843 9792 905 
276 0 0 0 248 0 261 136 141 258 512 261 512 58 12232 6616 822 10066 8477 4765 9922 4564 6722 10697 12389 8831 5095 4294 7255 12824 9772 1326 12235 1797 10801 10138 8815 7719 4671 2976 3717 14555 13305 3191 3860 10915 8314 12705 6625 9702 454 5563 3933 9988 5901 1490 3071 10385 7019 2766 8174 6697 10136 1346 3182 1082 12898 3699 7984 4629 9344 10529 
277 0 141 0 248 0 261 136 253 258 512 261 512 59 5108 12937 8733 2205 11998 2495 3793 14657 10014 3371 1004 4317 12135 1664 10555 1534 10042 10866 6182 8034 14487 5731 3242 11314 7366 7331 8274 13473 9674 10031 3690 14136 10080 13883 3807 13848 8769 3477 10102 10304 4360 3203 1540 9547 11259 1422 11423 1940 11072 4465 12578 11204 13591 10325 1404 5373 10439 10995 10893 
278 136 0 0 248 0 261 257 129 258 512 261 512 59 5206 5213 895 12328 9342 2025 6882 2511 12482 14978 14301 4656 1558 765 472 13766 166 8468 8024 1834 7341 10986 10307 10259 7039 3834 13089 7802 1231 292 13920 11329 2876 12952 10782 14876 794 8179 11924 13091 1456 11103 9447 1657 7467 9874 10443 8347 13739 10579 9691 9155 1341 11669 6434 1907 11324 13710 2807 
279 136 129 0 248 0 261 257 253 258 512 261 512 59 6954 12327 7740 14912 3766 10399 4060 6680 12392 11794 13489 10936 5864 5544 4911 6373 7201 3342 9160 7087 8650 10998 5357 8101 6141 4300 1446 4357 7380 8631 6597 6754 12043 1161 13217 7430 11105 9000 6897 3821 6621 2231 11005 6602 8894 8326 13617 12357 13902 718 4254 7924 8844 13769 12128 8293 13187 2543 243 
280 0 0 0 248 261 0 136 130 258 512 512 247 58 4893 14626 13787 1727 13215 13960 3302 4615 13803 3724 11860 3084 12183 6310 4524 7697 14126 11882 8504 7097 5951 13784 12836 513 1831 4688 5086 5096 6740 14588 12940 6746 11879 7755 8811 465 4351 10708 13868 13931 8378 8247 12569 1782 8777 6853 10810 10222 7759 13556 2318 6256 1351 6618 9698 8430 10117 6295 
281 0 130 0 248 261 0 136 253 258 512 512 247 59 6756 6013 6731 10639 9054 6322 11988 3184 10254 5478 10397 5693 7588 2651 14068 508 7694 14765 4281 14892 9196 9511 10216 6980 7756 11002 10306 10846 12052 4851 6074 26 5838 10282 778 5807 4557 3697 7369 4621 13600 1031 914 9970 6628 509 8937 7875 11153 14798 1254 4331 8462 11823 80 7432 8994 6532 14009 
282 136 0 0 248 261 0 257 95 258 512 512 247 58 2165 4910 9604 7966 5754 2544 8836 7569 9909 577 12381 3684 14527 13096 1915 6362 14327 647 5330 9415 4563 2772 726 8352 1928 5520 11235 798 1001 1912 10178 12391 14261 12233 10053 8470 10071 1431 13735 8026 12629 8759 6804 7969 11273 10457 12428 3583 4352 11143 5809 7746 7673 12628 10874 4205 12361 8883 
283 136 95 0 248 261 0 257 253 258 512 512 247 59 12619 11236 1457 7111 10530 8096 2436 6591 13774 10147 3051 5723 3917 2622 1155 10540 7050 9491 7977 14345 14366 7405 14374 11580 6377 9242 12046 3653 462 8173 3714 9888 6266 8297 3140 2508 441 2473 468 12123 5998 5485 14335 3188 4719 4946 13361 3914 4456 2691 10964 3401 1019 12172 8570 2585 1020 11713 10514 
284 0 0 0 248 261 247 114 106 258 512 512 512 58 11312 10192 4544 8939 13001 11980 1017 11442 9488 9587 7434 12989 1494 6315 8714 14726 13123 12798 11501 4754 14997 9261 4900 11815 4026 12812 12545 12649 1495 14159 7961 9336 1061 11642 9628 12408 11812 395 8152 10749 1716 2153 4312 11601 9377 5830 10712 5686 7728 11996 8708 13903 966 11843 3832 673 3252 10646 
285 0 106 0 248 261 247 114 253 258 512 512 512 59 3966 2794 10980 3954 13245 10060 14129 9892 4035 7600 3824 14208 11834 12016 12494 2630 13583 12386 6275 13651 341 12565 9440 5985 4755 1434 6658 10318 3521 11239 11751 5486 7949 14039 9938 9986 3100 7053 13930 6293 12241 5062 1982 2778 1738 220 6829 9206 1941 9809 5617 7822 10415 7335 5337 5377 1164 8406 6387 
286 114 0 0 248 261 247 257 131 258 512 512 512 59 950 14346 14613 12617 4235 14025 14474 12026 13029 2710 1600 4962 10405 4220 11529 7196 14532 6064 14445 8476 55 1420 7447 3270 9711 1081 1994 5489 799 14190 3902 13613 8627 8016 3901 11091 729 14108 4216 13386 748 13781 10064 2799 13569 5231 11064 11341 14537 11124 3638 3894 8439 12996 3858 1444 960 592 9358 
287 114 131 0 248 261 247 257 253 258 512 512 512 59 16 4302 9460 4471 11850 13992 5415 12624 8751 6383 14143 6226 7611 322 452 9716 3536 6749 9048 10336 786 84 11522 12108 7120 4865 5335 14077 14067 11620 3632 5174 3194 13158 9045 5607 10235 5955 13095 9881 1580 6595 8798 10765 9350 14233 11427 14670 13079 14204 7878 7428 2657 7990 14839 758 6552 12314 13580 
288 0 0 258 0 0 0 118 119 512 260 249 260 58 6130 8356 8210 3045 6827 73 8480 2242 106 65 5371 11507 11858 13790 1125 11158 13990 1423 6427 14273 7048 4528 6828 9541 5770 2567 3755 896 14684 7663 6371 618 5181 1757 11049 12712 2259 512 6965 9783 11272 947 2273 10172 6596 8979 5614 11032 10575 9110 2267 2329 1730 4549 6729 2853 7507 4206 
289 0 119 258 0 0 0 118 253 512 260 249 260 59 2136 2243 2797 3870 8668 2838 1276 4307 11321 12154 555 8059 6325 651 5997 11262 8760 5236 3662 2377 5604 1987 11031 857 13188 5123 13105 9088 14188 3740 7945 2176 4941 7563 2703 4039 2474 2897 4981 6645 12099 7074 3435 13126 3177 8075 1857 1721 9382 9335 10534 14745 14985 8500 7996 12853 5704 4757 5868 
290 118 0 258 0 0 0 257 136 512 260 249 260 58 6920 11511 14835 14937 2303 12110 14771 6451 12991 7249 2437 8989 5130 14864 12514 9470 4283 5751 3561 12186 10546 1318 4427 9247 8377 8139 13016 1287 6129 9453 3728 3341 4179 12258 4934 9647 6062 5579 8541 12009 10565 8032 3846 6635 6246 8960 13234 11931 12518 14171 13402 14975 12015 11169 11785 6341 1891 9966 
291 118 136 258 0 0 0 257 253 512 260 249 260 59 2196 7086 11380 4973 10372 14855 2290 114 4961 12805 6575 11364 6393 13368 13186 2844 13950 11964 3693 1455 5052 436 2768 13147 7040 1518 8402 4076 12481 9957 9796 12924 323 2980 4219 9068 12880 3565 5543 640 6312 11942 12431 10146 7481 9715 2896 12286 14428 14230 10947 4297 13545 10280 1386 4633 21 315 6785 
292 0 0 258 0 0 260 132 125 512 260 249 512 58 13962 978 8676 4846 14718 10490 4584 5208 13770 7773 6047 4650 2996 12761 2069 8329 8897 5796 7743 2141 12826 1808 9548 8328 7403 11552 14515 2287 1352 2854 9076 9004 14797 6611 3248 13620 7137 1138 681 9708 1799 9011 8280 2662 4291 736 11870 5734 13020 10612 14645 4912 2445 7240 911 14024 8585 9695 
293 0 125 258 0 0 260 132 253 512 260 249 512 59 838 4832 5334 7675 8331 2697 1465 12669 7914 7613 13700 988 6160 13231 608 1879 1665 6549 6482 2353 4606 9850 10330 12240 995 1331 7827 1806 1810 9912 5318 14751 10433 6869 6572 3200 6353 751 2769 9293 6733 11558 849 12888 5511 5286 5305 926 404 2558 8503 14014 9606 4996 13220 9465 10949 8147 8551 
294 132 0 258 0 0 260 257 135 512 260 249 512 58 1448 7213 12893 4109 8847 11420 408 5331 12019 6425 11811 8277 11958 10853 2317 10661 5646 12944 14417 7123 2068 11217 13813 427 8390 12163 3059 235 2590 12081 5596 3364 7490 4894 1926 2995 1733 3441 13885 14993 12437 13450 5090 10635 4168 5785 4242 9699 2610 14642 14871 14137 13577 8658 8198 14887 424 14110 
295 132 135 258 0 0 260 257 253 512 260 249 512 59 11436 8169 478 11739 7834 6259 9556 4778 5960 7263 13628 1690 7300 9798 2376 14216 8395 12743 13894 14034 5775 2453 2932 5568 3361 5224 8572 9878 14756 8056 12119 12203 2221 37 3455 9301 14683 2624 4250 13130 2804 3439 3066 13810 9717 12007 1454 12906 13041 1507 209 2921 8677 11145 5957 10703 4732 13075 7615 
296 0 0 258 0 249 0 115 135 512 260 512 247 58 8935 1160 5133 936 1863 8686 2499 13733 7644 13605 4860 8119 5937 10237 825 5493 9152 14763 14618 3491 8820 8509 9333 7063 4164 12450 3197 13722 9182 2938 817 13284 11499 8502 3961 275 7392 1755 3769 564 14924 7689 7833 537 14421 2441 7492 8368 4676 1936 12760 11615 4048 2186 2667 13898 4091 12092 
297 0 135 258 0 249 0 115 253 512 260 512 247 59 10603 3557 641 11107 13240 7793 6173 9808 3551 3447 6420 10651 13482 1397 12596 5480 498 288 3183 14268 4310 702 9366 6751 12577 14282 2169 11832 8747 1935 62 13083 571 13370 2229 8944 2619 3167 5765 5340 8996 3202 12697 6973 8610 9527 11044 3718 4163 14847 5681 2032 4740 10051 1026 8025 14089 1766 8807 
298 115 0 258 0 249 0 257 111 512 260 512 247 58 11632 10730 4772 9887 5190 10892 12568 13758 830 9851 3373 9062 5119 2331 5139 13826 12968 10224 8364 14294 13509 9670 859 302 2216 2950 6483 14644 1440 14950 5227 4014 1803 10420 8382 8887 11991 10625 4616 1480 11848 4004 8099 1654 4999 12402 13756 12654 11252 1618 13757 5182 8848 4704 9042 774 12756 5837 
299 115 111 258 0 249 0 257 253 512 260 512 247 59 3107 11612 1592 13528 9998 10952 11415 182 1550 12083 11227 6815 4267 3787 11626 14296 999 10218 6297 11593 8779 10515 10535 4533 1582 1357 5618 12474 10063 10180 2449 14061 9411 10446 4347 7861 13162 5615 3239 5799 9191 7636 12835 8785 10422 11949 5674 13549 4057 9629 9526 13966 917 6580 2575 13227 8006 4687 12385 
300 0 0 258 0 249 247 141 124 512 260 512 512 58 10605 9436 8185 12878 8098 6600 9846 9774 1802 8933 10202 10296 3102 10969 1110 5483 6030 1951 10104 11951 10644 13400 245 9456 6356 412 14760 7983 14092 4792 4308 8012 9994 12336 9326 14677 6647 7794 11906 9704 11412 13785 9471 2645 14673 3783 6846 2271 30 4948 4223 14079 8717 723 2873 6888 1856 9100 
301 0 124 258 0 249 247 141 253 512 260 512 512 59 12295 2204 10153 8272 10340 13738 11372 6868 6623 5109 4284 13391 8544 10317 8942 2588 7419 12111 1551 14291 13916 9103 2671 10630 14402 5899 6045 6926 1204 5048 12244 12374 3559 14940 4088 3041 14989 2125 7923 4430 11591 1322 11667 2708 5500 2112 2484 5138 7022 11460 8489 5068 14356 8027 8384 10022 13660 10356 8472 
302 141 0 258 0 249 247 257 136 512 260 512 512 59 11439 6760 10732 654 2806 298 2031 13337 6811 8255 2333 4828 4743 5010 10961 10009 14543 2175 5742 10116 12738 7010 1047 2837 14156 1054 2919 10266 10367 11938 14090 9 8154 13452 9836 13264 6144 3698 2625 12439 12604 491 6285 5949 6188 872 14999 6924 14415 4482 3843 11446 12460 12859 6905 9656 664 3739 14368 
303 141 136 258 0 249 247 257 253 512 260 512 512 59 5168 10090 12282 4780 11801 5019 5332 4074 14066 11008 10580 9399 3876 2805 10863 175 8866 791 7784 12206 14485 6998 9524 3935 8253 8872 6044 3569 11782 14400 922 13271 11886 7211 8810 14177 14687 11947 8873 14116 5639 12914 4601 1587 417 443 6258 14359 8267 10640 8372 10370 13999 8554 5660 8137 4686 1186 3982 
304 0 0 258 260 0 0 149 113 512 512 265 264 58 5556 5045 12801 2713 9945 7210 9962 12813 522 13043 11772 10674 13523 4955 1658 7692 13831 9685 4867 9272 5601 12559 6095 7000 5884 14705 11521 8853 12166 9932 2600 11910 4784 4030 6832 3378 1786 1041 11814 4217 12666 766 10311 8387 6488 7967 12191 1381 10434 3555 558 3232 1281 14643 5569 3859 13077 3158 
305 0 113 258 260 0 0 149 253 512 512 265 264 59 2116 2498 637 14049 6633 14279 11376 4011 5645 9812 4034 9935 8634 5932 10072 1124 1416 5657 1632 10092 3299 792 853 6540 3850 8199 10419 119 542 4169 6363 8457 8891 5953 5911 1100 10774 1748 11095 4590 6712 7005 13646 2813 3668 4318 5581 10637 8400 7568 4631 5107 1984 9903 11800 7992 1123 1224 10407 
306 149 0 258 260 0 0 257 123 512 512 265 264 58 14391 6166 4534 11578 127 4437 13010 9309 3001 3854 11562 6755 13504 4204 7198 2502 10019 14033 13644 2777 8985 14302 1067 53 6986 2251 3061 3165 9049 5308 9802 3436 2364 13802 4572 1975 9834 12125 5890 4506 7630 5654 6390 174 3365 11445 11779 7643 11348 3719 12216 8118 5427 13570 13827 11090 5722 4969 
307 149 123 258 260 0 0 257 253 512 512 265 264 59 9600 11223 6017 5913 1760 6198 1152 13928 1012 7452 9638 2245 5134 619 3311 14774 5692 10859 9845 1545 1463 9316 10106 6486 4460 623 10811 14992 3556 4702 1621 14666 14249 11487 5851 1918 7885 5391 14044 4920 1319 2444 1139 5924 1765 7764 7781 10769 1648 14314 4410 6780 10413 1789 1241 3008 11078 3056 11675 
308 0 0 258 260 0 264 122 98 512 512 265 512 58 4610 3576 4588 11795 3984 9047 2878 5114 7893 14523 13129 6102 3062 8707 2621 10836 6219 9677 2211 5821 6374 11405 12138 12215 12283 5876 351 7274 12136 7303 3305 3023 14906 12919 14914 5289 788 6613 13939 18 510 8540 14750 2525 13390 4295 13230 13533 8973 610 3490 10151 13303 14334 11732 10861 5534 1253 
309 0 98 258 260 0 264 122 253 512 512 265 512 59 11963 11290 3356 6506 12721 5507 2987 13912 11465 2823 14211 11807 5024 4538 3879 9605 3114 10975 3086 7968 4952 6696 14313 8724 7513 4458 7254 2676 1055 14878 3743 12902 6294 5853 6304 10617 413 13656 5857 5652 14436 609 14093 7407 13073 4178 3067 3049 8296 8492 14476 11475 10504 8817 11784 12358 10676 13664 3855 
310 122 0 258 260 0 264 257 124 512 512 265 512 59 3991 12472 1312 14867 2803 2143 4737 2801 6445 13762 9241 25 9753 14341 8691 8008 683 11871 11178 9098 9286 14787 5582 10930 11508 4087 7505 13258 14812 10798 12896 8150 12372 2536 8495 12693 13054 4767 309 11176 14946 14998 13666 2254 7532 8693 7446 2969 12527 14612 6570 7065 10334 2152 5059 12564 2305 8117 9866 
311 122 124 258 260 0 264 257 253 512 512 265 512 59 1295 4321 646 8411 13314 8149 9275 9502 3856 11660 2679 13039 9818 6280 13895 3291 1945 632 6436 9747 10249 11894 12034 3620 9679 2099 4328 10715 4355 10993 9113 11671 3339 12031 13163 7258 10295 11298 102 13568 6824 14525 13657 595 8438 615 3989 1916 5079 8486 1832 178 6179 10398 8004 7209 10699 2220 12560 
312 0 0 258 260 265 0 116 114 512 512 512 243 58 9621 14873 12055 5597 4958 12201 14622 1653 7070 2609 8421 7562 605 11222 2736 5102 2880 4608 1219 7576 9745 11651 1985 3175 14889 9217 984 910 10275 8013 9750 6185 9222 14054 5051 9157 9452 13369 854 5497 5976 12613 7997 1536 8736 7227 13682 10561 10113 8405 14105 5620 12816 12056 11513 583 4480 6808 
313 0 114 258 260 265 0 116 253 512 512 512 243 59 7064 3511 14566 71 7266 14201 7620 11875 5611 12208 10248 604 2179 14692 13157 7799 12547 12269 2056 5001 3310 2728 6861 3297 312 6336 11969 13877 1238 6299 7183 840 8333 14928 444 6928 9532 10649 7272 6551 12910 4618 4611 11083 9567 10048 951 2926 14970 4642 7032 4574 12173 1861 9984 9204 9651 3817 11081 
314 116 0 258 260 265 0 257 124 512 512 512 243 58 12443 9891 6736 9590 5193 1965 821 11724 14283 10119 9800 2722 2455 13746 4736 9842 12655 3732 2646 3145 7468 8021 388 9755 7995 9445 10305 1601 11406 4967 2709 10271 2729 1477 358 12242 1095 2166 7410 1613 14038 9710 1798 13675 6501 13224 5752 8758 7550 4790 9256 14358 11001 12540 1974 12845 12117 1791 
315 116 124 258 260 265 0 257 253 512 512 512 243 59 6727 4433 1373 6192 13125 12209 5538 6653 14559 8076 6104 11574 993 9595 7626 2998 4165 8870 3819 1515 10467 241 3677 5970 7001 9738 4118 141 14581 3650 8547 4108 2124 2022 4353 14185 9931 9582 776 9489 5920 11241 6735 4023 1713 8258 4571 10819 3878 2006 12708 725 12869 3153 1932 14124 13959 578 142 
316 0 0 258 260 265 243 145 102 512 512 512 512 58 4925 9782 13882 3648 1666 12946 1257 7451 7149 7412 5917 12214 3368 8739 4905 3215 3304 1243 6307 9046 2183 4632 892 9254 14746 10084 3170 10744 10562 9880 2026 4992 449 9449 499 8591 9601 14118 10097 1367 14144 14494 4346 3827 13144 10670 8018 8770 11250 14572 3944 1842 481 3563 363 4729 7518 10229 
317 0 102 258 260 265 243 145 253 512 512 512 512 59 14805 6758 4221 9941 13256 7216 13118 600 6189 3155 10056 14838 8923 14286 1250 6077 8589 2030 2636 863 3818 14406 3099 2958 3747 14191 11449 534 5575 5882 7344 4595 5903 11683 8086 6584 11375 674 3945 7571 9720 12831 5952 12710 12954 3881 2002 5633 9058 7346 3659 8681 4993 9596 7981 2891 8085 13395 14699 
318 145 0 258 260 265 243 257 116 512 512 512 512 59 431 3442 9530 7191 8916 14427 10054 7682 14849 1248 9643 10412 13512 9837 12255 14236 7913 2149 10079 1904 7108 9422 4947 8105 115 11715 8156 5098 10582 9537 4997 3320 3976 9094 1218 13366 13949 9311 9824 6216 5061 9102 9041 7307 12907 3602 3212 7150 6041 2337 1023 1089 13669 12458 14259 4392 6498 11884 6169 
319 145 116 258 260 265 243 257 253 512 512 512 512 59 8208 6707 3179 11543 7889 6213 12970 8317 5982 4477 8987 5016 11224 4 7790 9022 10588 3614 5537 11313 11123 14918 10902 14444 5338 12236 4380 2942 2986 8804 4881 3469 13863 6571 4191 10002 5027 162 846 10481 4644 12002 3517 9446 1685 252 7699 8195 9374 1032 13213 4058 6587 12264 9070 9754 1947 11649 8626 
320 0 253 0 0 0 0 137 373 247 256 250 242 58 5487 996 12650 1839 14584 6909 12410 11606 12199 14147 538 12106 2384 574 5624 7043 11334 11564 13742 9129 3889 13445 3497 3689 502 3512 753 1040 5126 8079 14022 6767 4119 9921 12581 12707 1304 6648 2093 1829 3057 9197 12470 9118 5531 7411 14560 6238 866 14292 9762 11286 5385 12703 6022 768 418 4086 
321 0 373 0 0 0 0 137 512 247 256 250 242 59 4897 3189 2294 9862 7683 9281 4928 13065 13925 5457 9343 108 3695 10349 12347 3318 8262 7455 5794 10659 10689 3032 2344 2282 4156 2694 5875 1573 8841 6686 4484 11668 6819 13181 9505 6807 4666 14042 2350 8266 10745 4422 3290 10344 13165 5928 6042 9869 6241 9900 1133 983 14081 8961 7910 8595 12132 9776 13653 
322 137 253 0 0 0 0 257 375 247 256 250 242 58 12420 11745 14691 9395 8160 7212 13711 14043 13852 660 6250 13261 2820 10681 14394 12294 5808 13171 14149 3509 10339 4529 96 13218 2959 4201 12383 11589 12288 4600 10604 3498 4847 8628 11771 2390 11464 2740 9166 11140 6276 11778 6910 2034 10030 1437 11212 13430 6681 9936 2049 434 11586 2633 5861 566 14821 3995 
323 137 375 0 0 0 0 257 512 247 256 250 242 59 7928 7687 6154 5269 7135 9963 12453 3397 3922 7011 12908 13896 14375 9682 3885 11428 8519 9950 1942 808 4789 6594 8914 6858 13454 13242 5395 2464 10568 9486 13503 13236 1774 7838 3042 11904 6849 14395 11502 3473 14479 14624 13277 1633 6788 5423 13668 3759 11797 2501 2572 5261 86 1245 2052 2180 6694 8219 13392 
324 0 253 0 0 0 242 124 373 247 256 250 512 58 14091 6217 12833 8417 14827 9790 12779 4286 1044 12248 7788 12536 1696 13172 13067 2979 1460 85 10069 11096 7377 4795 4103 3274 8598 1175 10547 8039 8302 1271 7732 11440 6037 13135 4979 10239 2018 3503 4144 4830 9997 3639 13855 12822 5431 13133 12017 8398 13099 329 7851 2071 9112 3075 12071 5840 3812 1645 
325 0 373 0 0 0 242 124 512 247 256 250 512 59 6035 8599 13917 11137 10739 11638 518 7511 13326 13631 8379 8423 3123 27 8773 8784 7642 11469 9401 5366 5721 14111 4208 6972 5080 11956 10734 1571 2852 9361 6222 11106 10533 14336 6148 11061 4327 5509 703 4007 13890 8282 8927 6565 7340 9736 8129 13192 3969 52 802 13422 11401 11320 1113 5347 1185 6672 3533 
326 124 253 0 0 0 242 257 375 247 256 250 512 58 937 1131 14655 14247 414 5447 7259 5392 2812 12958 5154 139 6432 8112 12487 4974 11468 14631 5764 2428 8323 9925 7814 12393 11116 603 12141 6841 13164 14307 5587 4649 7360 7145 7918 2193 12659 11873 13702 12709 596 7357 12231 14593 11544 14528 6944 12088 10656 9442 4002 6140 6087 8365 10650 4960 11610 5211 
327 124 375 0 0 0 242 257 512 247 256 250 512 59 7685 12818 1705 14649 6251 545 5811 14080 6454 2067 4083 3542 2451 8819 4013 6052 10602 3407 13684 11798 206 8902 7318 2147 9215 7679 4251 13458 8945 11336 369 10976 1442 6877 7121 6708 9423 2226 11573 13698 13267 2017 11308 14706 10839 4750 11806 3352 11787 7718 12890 6693 14678 420 4067 4233 10003 14498 5905 
328 0 253 0 0 250 0 127 390 247 256 512 224 58 7837 2114 10410 8909 14176 10619 8546 14784 2306 5748 4517 5968 11659 1180 14896 13307 11995 9208 841 7236 10241 5317 12997 12035 1742 14146 5428 2367 4625 9163 7556 5295 51 4607 3010 706 955 2841 8374 2577 1840 9383 871 8813 13320 1970 9956 14932 14181 6867 1576 6744 7500 12975 9536 12079 4172 3458 
329 0 390 0 0 250 0 127 512 247 256 512 224 59 7937 3336 9408 3037 5404 2060 8135 8959 11038 9500 9979 10908 8972 8083 10624 6626 14330 7681 14539 9211 5362 5339 12224 8647 5342 325 891 12025 4924 8145 8357 7852 10108 10226 11293 3515 13335 928 7187 9814 1421 12987 8355 6476 12681 7449 3326 7440 10040 5237 13599 165 3470 10046 4487 13498 10110 9334 11471 
330 127 253 0 0 250 0 257 393 247 256 512 224 58 8237 13981 6415 14640 9312 5125 12858 8510 584 4699 13069 2638 5894 12261 9732 14377 3579 10324 13952 3009 9260 1340 3996 5700 5376 4659 1699 9340 10364 42 2617 1150 920 2939 7047 1328 5 8656 4565 3548 7167 14396 4665 4835 8726 1347 4746 9044 7931 7927 1732 14623 4463 1546 1848 2459 13720 4112 
331 127 393 0 0 250 0 257 512 247 256 512 224 59 36 10808 11330 14397 7575 7319 4552 9137 1625 4530 13071 2358 2429 1846 6468 14704 9724 11579 6837 14742 9248 6117 13109 13515 13456 5393 4363 8341 2279 8294 14713 7795 9276 2513 5908 2800 181 11196 5084 14133 6440 14848 4811 12711 11317 2401 7471 14796 5517 1181 2109 1906 11493 6885 11390 6968 8376 8063 11318 
332 0 253 0 0 250 224 132 368 247 256 512 512 58 9701 4807 3130 700 7051 1761 7933 6113 2527 12226 13085 5504 5783 7653 14744 2483 6531 5963 13027 6339 13232 10058 11184 9576 5717 13441 8884 7100 14504 14973 10926 100 14545 9538 7948 11813 7573 8351 14793 12284 6060 5973 4664 2210 1741 7264 7356 3135 2665 10507 7439 10242 3893 8089 8843 4073 12380 7462 
333 0 368 0 0 250 224 132 512 247 256 512 512 59 6088 7738 3284 2066 13859 8292 7727 3957 5869 3323 8549 12473 3863 4386 3635 7315 3343 12359 7459 1708 9263 7585 12678 2059 13241 13654 6682 8667 3589 1064 5394 14703 63 2301 6132 6656 2690 1973 9552 8890 8814 3900 8642 11102 12219 1957 3873 9264 3125 1517 4234 6447 1259 9258 4399 4950 11889 13765 8620 
334 132 253 0 0 250 224 257 393 247 256 512 512 59 3088 14954 12886 8240 10212 5671 7753 829 11617 265 5813 4834 12167 11512 46 12876 12947 5778 7820 14852 1052 2322 7778 7348 13026 7172 780 3391 6114 1249 5063 7497 13408 4983 2276 2612 1822 150 10207 14807 3465 320 9332 2207 3942 12153 4111 2001 14982 14214 906 3340 573 11737 228 121 8290 6574 4643 
335 132 393 0 0 250 224 257 512 247 256 512 512 59 6843 850 10875 9829 13800 9730 13341 6559 2404 2004 8047 8066 5527 10462 8552 7816 11757 1072 1606 594 13754 1557 14263 10127 14028 10951 9060 2584 5791 2324 192 3716 3185 9221 11411 7712 2884 8181 10464 14810 14681 2398 2765 3972 13042 13755 3119 12535 12572 4614 4343 1199 12618 7804 811 4673 8231 10082 10159 
336 0 253 0 256 0 0 134 393 247 512 258 262 58 7457 3192 9375 1105 1294 9165 14408 8311 9914 7038 7844 533 5943 1564 3384 14711 14615 9138 2785 14627 4712 14256 2293 6762 5892 14318 7279 6201 7106 2992 10704 12639 8404 12764 3390 6643 14927 11898 8896 12271 11530 10316 9787 4110 793 9232 12512 3660 1389 146 1888 5081 11637 3748 880 14960 4708 10041 
337 0 393 0 256 0 0 134 512 247 512 258 262 59 1114 14411 9913 10837 430 6701 6936 9514 10440 6918 17 6879 12140 10210 10905 4043 9752 10095 8558 5714 12461 7703 8167 8437 3430 1432 9658 6428 4350 105 4907 14046 9546 11859 6935 1283 236 3951 14281 1898 8976 4154 8067 7911 10626 10696 216 13180 11033 2786 3016 14284 8993 12840 8991 213 383 12479 6303 
338 134 253 0 256 0 0 257 368 247 512 258 262 58 2366 873 14921 4299 3599 7235 10869 4225 5039 11392 14047 6158 8184 14844 1395 14425 10123 9864 10309 11297 1398 5432 6745 2530 10442 4127 8469 8850 3912 2916 9588 13005 11548 8289 12671 3907 10587 12955 4751 14018 6883 991 1605 2410 4421 6319 9975 4391 56 8635 5993 1196 5378 399 12066 11065 3201 7776 
339 134 368 0 256 0 0 257 512 247 512 258 262 59 6431 13511 7509 13845 12895 13865 13717 14332 3897 6765 2013 8898 3539 11177 5769 1198 311 7094 10489 14512 3549 8143 7234 10337 13327 12828 7619 116 4065 13634 9742 3906 5798 13475 10343 9686 6772 11462 1135 6405 3800 5679 5492 7320 3451 5387 7792 13901 14728 9122 3508 12537 3762 6800 5178 12059 12716 5011 8053 
340 0 253 0 256 0 262 125 397 247 512 258 512 58 12382 13015 3218 5846 2900 13275 1750 12830 7662 10156 10777 13968 7372 486 10160 5375 5915 1561 7591 11238 1370 4521 714 8191 1634 4387 6079 2187 11229 8775 227 13444 7926 5771 7597 6983 8854 801 1255 12982 10844 12966 12663 10938 11041 13455 14075 1372 670 6170 276 7584 6507 653 3774 8291 13737 7017 
341 0 397 0 256 0 262 125 512 247 512 258 512 59 10720 6233 6942 13212 11623 493 7127 12538 1412 12087 1330 12904 8834 7358 8090 12799 1624 295 8665 14597 7798 11641 1471 5121 3000 11666 9329 1636 4479 14422 14587 5627 11913 13351 5196 8426 13219 14099 3703 4550 741 1491 11670 14312 12530 5718 6111 12335 12222 8750 7306 9188 8313 7855 7421 299 14590 11097 7378 
342 125 253 0 256 0 262 257 362 247 512 258 512 59 14522 2341 2763 11676 6563 8383 8781 11172 8808 5981 13006 10197 5759 10620 14780 622 516 3896 10564 9181 10393 5691 8998 11540 6187 11359 6958 10781 806 3400 10068 14843 4031 2828 1260 9003 6351 12084 1851 14789 5934 14520 5967 12998 5852 11322 5066 2940 2223 13510 421 1338 4514 8239 8630 244 3004 5456 13248 
343 125 362 0 256 0 262 257 512 247 512 258 512 59 8078 11535 149 13606 8349 10163 2316 13972 9749 13879 13612 8069 14714 5522 12490 1280 2591 10431 8445 8982 6033 14995 1776 5042 13731 6934 2706 711 12529 10299 13857 8299 14513 11851 6279 7228 7660 4369 10965 10684 8215 7519 13063 13381 8452 13086 14826 12576 10185 2232 8682 6844 14161 10694 2542 11296 13018 5288 14541 
344 0 253 0 256 258 0 136 375 247 512 512 248 58 3144 4176 3082 13953 14278 10872 13635 11338 14516 14875 1813 1783 9238 1212 8699 12020 4239 3836 4703 1864 5954 7649 6036 6651 4159 3244 7292 6050 11663 611 5964 13009 3366 1468 11627 10909 1435 5749 9288 14197 7828 13537 14460 3949 13461 3678 3154 4431 6313 3319 13478 7312 4098 12657 963 5619 14163 7218 
345 0 375 0 256 258 0 136 512 247 512 512 248 59 7015 12980 5609 8177 2190 14538 6660 11628 1756 2463 11009 2361 11443 5319 6845 556 10766 7394 3657 10418 13205 1314 9108 2055 5322 12202 915 7431 952 8716 9858 9290 6014 14309 982 13780 6142 7139 4336 3560 5684 11458 3642 14424 4325 4668 10870 9885 7437 9037 4200 8543 13149 11520 4883 9169 8453 2641 4756 
346 136 253 0 256 258 0 257 379 247 512 512 248 58 13795 9630 10855 12973 10743 5129 11258 6010 10244 1824 4542 5049 5452 9168 2003 12164 11142 3333 12735 2177 1182 6442 12376 2554 6093 7655 2131 5292 7900 9262 1474 14001 6443 2375 9822 2746 13760 12298 5880 13777 12022 474 8789 5699 9559 14698 12605 12667 11132 12090 7099 7999 10281 10845 334 724 7741 10152 
347 136 379 0 256 258 0 257 512 247 512 512 248 59 14669 7031 1978 7166 3594 9694 1267 5316 5425 14551 8220 10548 5630 4806 9884 3956 7528 8392 12405 3892 1933 1562 14006 9581 1575 10375 202 1929 6539 7880 10099 6174 10085 12401 6679 10665 887 13000 12095 9131 2933 10827 2670 12597 1635 9784 7383 12375 5164 3255 12662 7760 6327 13425 4287 4653 8424 12113 14305 
348 0 253 0 256 258 248 114 378 247 512 512 512 58 13773 14495 9367 1162 14600 5267 1115 4995 12936 5472 569 5442 4270 9057 11821 3630 187 7237 4602 2215 2181 12706 375 6028 13058 12211 11403 14135 4472 6402 12068 238 158 6007 3484 2512 8108 10121 7553 12755 285 8196 12883 7964 10660 9617 903 7617 5539 9759 8533 13102 11214 14021 8752 4707 70 328 
349 0 378 0 256 258 248 114 512 247 512 512 512 59 7657 13323 11452 1549 9497 10129 10854 7677 9904 11506 7541 8921 14633 261 4985 7988 9760 3172 1753 7972 7770 14193 13124 2266 2539 10287 203 4593 14607 13554 10131 9907 10049 13915 13182 8391 3998 11900 2157 6343 6059 7908 12780 10887 5255 8023 14212 13897 1725 14845 13538 4937 1773 6642 8244 781 14362 8350 5450 
350 114 253 0 256 258 248 257 374 247 512 512 512 59 10267 9916 4197 12539 118 1039 14712 13748 7590 5433 13233 8284 191 3132 1214 7758 4273 11292 11198 8188 13497 12308 6016 9317 4603 2918 5093 10954 7253 6150 3723 7058 11156 13590 4646 3214 7978 7328 14661 1293 3396 9139 4045 13367 14721 7874 5893 74 4904 8571 12143 13615 5878 2414 3744 12690 6661 13927 4541 
351 114 374 0 256 258 248 257 512 247 512 512 512 59 11255 11551 11284 5416 14738 11213 12749 13179 3887 8809 3482 9097 5440 9861 5491 12315 7879 9162 9077 7785 3604 12672 13116 13299 5361 9186 13861 2357 9676 12877 7090 10503 9707 14996 3702 10895 4821 2814 11131 10857 11653 6485 10437 6324 7860 1496 2967 12685 1938 12221 9555 2061 6261 10726 7155 7696 7907 11138 12005 
352 0 253 247 0 0 0 128 374 512 250 248 244 58 14055 2047 7104 4990 2792 7055 10359 14783 9159 677 3412 14693 11225 12769 9297 13543 10770 13401 14218 5060 543 14237 10029 13560 11303 9267 875 6382 4862 7248 3627 4779 7206 12225 10751 10672 3351 4582 2917 3474 11120 5885 529 1084 3021 5078 8222 5502 5545 5816 3348 4605 1313 11820 2320 5695 10805 6298 
353 0 374 247 0 0 0 128 512 512 250 248 244 59 5417 6945 1686 3673 8529 6510 13101 9831 10994 5713 13397 13771 5696 1954 7958 1051 3526 12440 13788 6203 9020 2608 4591 10794 7181 14503 11017 2796 7162 1862 4797 3098 13108 760 14735 4345 12349 12727 205 1700 10621 5298 10409 5832 3946 2491 5464 5277 11867 2644 11622 5572 11673 7354 5284 3977 14768 14370 2309 
354 128 253 247 0 0 0 257 378 512 250 248 244 58 803 8837 14148 5647 14098 11082 13767 9075 9946 6688 5580 14648 797 4243 1011 4747 8955 10505 3872 3205 7314 14923 8164 14710 445 3928 12768 5263 10984 1544 5820 7295 12436 2171 3712 6721 14010 8014 13467 4019 10061 13250 4837 9756 8062 13623 3621 8216 4889 9187 11880 1986 3675 5142 691 13360 8992 13309 
355 128 378 247 0 0 0 257 512 512 250 248 244 59 11455 6379 7869 7565 581 14489 1485 7291 3971 4733 10606 14174 12006 3485 10217 12931 4232 6456 13678 9341 2142 12462 14877 1726 9634 2493 4968 13286 10894 4786 13937 12278 10957 10027 2810 3181 13832 11920 5186 10436 11816 10613 1711 8115 3359 11837 10450 13629 1470 9479 9012 3007 5099 9010 13610 2773 5891 11168 8484 
356 0 253 247 0 0 244 134 399 512 250 248 512 58 7548 13317 11704 7929 5383 7184 3096 13448 13100 908 10169 13142 8906 3736 12634 6278 13641 11093 11136 6692 12633 8713 11182 14052 1500 13136 5072 11147 1565 4917 6301 13588 1671 12133 8757 6842 5243 10652 738 6795 5069 11957 9688 8235 5418 10933 2656 12070 7925 4182 7116 6724 5750 344 5296 9171 2134 196 
357 0 399 247 0 0 244 134 512 512 250 248 512 59 8580 11263 14949 1178 3124 2582 6243 60 1642 7128 13673 943 11383 9372 5222 7282 12935 11802 6105 1785 2489 5763 4025 13693 12517 2486 4306 8651 217 12475 1467 5773 14866 1207 3670 14870 13747 14320 9406 698 5245 12384 6195 14442 8692 5309 1729 5629 14629 319 12054 777 13688 554 1499 6725 6167 9090 3375 
358 134 253 247 0 0 244 257 376 512 250 248 512 58 5359 11429 14727 2399 9030 1963 1223 9144 8342 11053 8644 13891 1728 10365 3625 8110 6365 14917 9697 7301 757 11285 4504 14234 14776 7566 9418 2043 14736 11519 10927 6038 14035 6669 10067 4499 12726 2605 10742 8542 8763 6726 10829 3433 2228 11582 3078 2253 13834 544 9478 12104 13203 12160 7704 7708 14227 6416 
359 134 376 247 0 0 244 257 512 512 250 248 512 59 10663 3026 10257 2174 8506 7375 6622 9661 8530 12465 531 5605 1486 11709 12256 7347 7059 422 1809 14004 14511 5941 5033 5655 7495 10778 4583 215 12217 9035 4508 3278 3831 11266 99 12045 12967 13035 8162 14364 13281 6364 12210 1130 9855 9116 14454 7338 5351 9911 10574 394 6424 13064 13295 9603 1524 4173 7278 
360 0 253 247 0 248 0 115 385 512 250 512 260 58 2652 11992 2132 5529 696 5640 8422 7298 10483 6223 5219 4468 14019 4491 5470 9213 13340 10283 8132 9397 11027 6734 11919 4265 10717 10382 9029 12815 14381 12917 10043 3649 3034 5390 13246 10383 11826 13304 7607 1145 294 9976 10247 972 11804 505 6391 7629 4366 14138 7362 4640 403 6778 6907 14563 8425 2430 
361 0 385 247 0 248 0 115 512 512 250 512 260 59 9672 1071 14073 10513 11608 9198 12001 14811 7739 998 2023 3089 3941 1769 11967 7942 8722 14270 634 867 6923 4826 5003 5124 5094 5437 7791 6793 879 1749 5290 12 7980 4418 14749 11978 7596 5936 11527 12057 8756 5103 10011 9871 12484 3109 9052 10139 3074 3386 10842 5848 12036 3048 8721 10959 7595 13483 11276 
362 115 253 247 0 248 0 257 389 512 250 512 260 58 4104 9468 11484 13175 10377 286 14802 4044 14074 10636 14739 1278 13412 14641 12546 3090 12493 12627 11587 7840 9668 7943 560 7857 10989 14387 5320 6851 13609 3217 8131 11283 7955 4829 11344 10297 9952 335 8609 8655 4592 8607 6272 12938 4268 14272 8087 2775 1159 2162 11583 2550 7574 1362 4478 14467 8842 9203 
363 115 389 247 0 248 0 257 512 512 250 512 260 59 14072 5757 4289 9542 2615 6592 1937 6971 8573 5234 5097 13383 10154 9847 6019 2607 10594 8780 6718 12762 8432 4143 4637 2368 11908 7762 13954 9174 4383 12456 2521 12809 1033 10005 2203 2678 7420 8094 12181 3272 13736 2201 13201 266 7221 877 7288 2571 5008 13502 6308 11777 13679 6326 10096 6418 7676 8685 6069 
364 0 253 247 0 248 260 110 375 512 250 512 512 58 13274 3610 10366 13472 11863 773 2756 13566 10374 5118 2284 7119 9308 11872 12794 6061 11994 12999 13772 4781 6850 1631 13658 14601 14005 6000 11203 13532 157 12881 12960 11950 8036 11780 8223 12819 6932 4190 14907 6984 2635 662 6993 5753 3427 4902 3077 7998 5467 170 8360 4278 12134 13273 12548 10496 14220 6352 
365 0 375 247 0 248 260 110 512 512 250 512 512 59 10346 13699 3952 10707 13072 12293 8640 3350 8829 3767 8527 6814 1683 9890 11852 5969 1174 7706 7494 14168 3247 775 12207 1083 4825 2261 9391 2354 10910 701 3937 4359 10314 3462 11888 14198 5264 7570 7646 14096 10871 10545 6995 3671 5622 11063 5632 9173 9349 8028 5972 12131 11010 3658 3134 7506 11656 13252 4940 
366 110 253 247 0 248 260 257 379 512 250 512 512 59 2960 11485 6287 1045 11896 12230 8561 14041 14114 1734 448 9085 8370 14461 2200 14700 5314 8367 11098 13045 14715 10735 7028 12337 11068 1607 6703 4587 7887 3296 3544 3322 7245 7485 3126 3775 11497 5557 13625 2826 767 11504 10826 2286 8852 4260 11023 5477 13850 8001 8690 13730 13630 1880 13209 6444 13565 3781 815 
367 110 379 247 0 248 260 257 512 512 250 512 512 59 6581 7268 5650 4064 3844 34 128 1619 2573 5826 1714 5247 2378 5829 3256 4037 8381 10544 11151 9577 12082 12823 10387 13403 9933 5535 3985 9226 3546 6685 12078 13846 4556 14979 2386 6406 2830 2682 13097 10631 14241 11614 9713 9394 8187 14717 1930 13168 12098 2734 13229 11928 14825 5729 13632 7850 602 342 6987 
368 0 253 247 250 0 0 128 374 512 512 263 223 58 2360 9948 10785 145 14349 12974 3450 6576 12178 4930 13280 945 12969 1925 1754 267 2381 4358 1669 6583 349 1825 2654 12463 8051 2088 5727 1684 6917 14165 3187 4061 11701 10198 6072 5983 2664 13647 4683 8435 2724 2048 12421 13573 13481 7103 5822 2407 4714 12032 12047 2283 10118 11716 10761 9432 4466 4093 
369 0 374 247 250 0 0 128 512 512 512 263 223 59 1447 1901 2310 7192 886 2735 2954 4717 10960 782 14808 10979 10004 1542 14078 3003 6357 5697 3801 6157 12846 10638 11869 3180 4324 2062 5548 1284 14153 10223 12040 11488 12686 10037 12353 12887 2126 4493 72 5834 8871 1525 10662 3939 1165 4638 11015 2458 4272 12585 14959 9981 10618 13933 8221 10125 2649 5070 271 
370 128 253 247 250 0 0 257 410 512 512 263 223 58 6900 223 13889 10171 11113 10137 2115 4304 7921 6906 3015 11828 14403 11824 14389 12198 11864 7903 7515 4713 9201 9622 11549 9128 14051 5552 13539 10944 12566 12763 8639 6063 13255 6073 4214 14938 11368 3472 4816 7724 10157 10357 12611 14897 11234 6332 13753 9407 7054 9821 13671 13611 3385 12194 5720 5407 12485 5055 
371 128 410 247 250 0 0 257 512 512 512 263 223 59 1853 13104 337 9612 4247 9448 1983 13150 1176 10187 2505 11687 11192 2771 9284 12145 6009 5242 10725 11966 13864 1955 8778 2911 10338 3838 3379 5368 3410 2269 2355 1505 8863 14289 15 316 5348 5703 1871 12873 11696 9687 9806 5510 715 14611 13002 5484 4446 9249 14401 11934 14453 14747 5944 10132 13259 924 11414 
372 0 253 247 250 0 223 132 366 512 512 263 512 58 7567 837 14250 8256 5032 5207 7089 3506 5975 2374 1830 13989 4341 14348 5862 12574 7194 13438 9517 357 11496 7474 4531 5324 2723 2033 2693 10531 11155 11688 10263 9714 11461 4406 1858 4230 635 1780 4539 6579 4818 2538 3017 8910 14299 179 2342 11489 14598 3851 151 12857 1826 11410 6248 4764 13866 6103 
373 0 366 247 250 0 223 132 512 512 512 263 512 59 9421 8920 14183 8983 5594 14548 6392 10556 3808 3237 8783 3734 10899 12567 6803 580 1679 9145 13460 8765 6450 6459 6605 12237 471 13166 482 2285 8103 10523 3288 2123 8061 10424 4887 13297 11700 2388 3848 8697 1993 14151 8518 9063 2719 4338 3325 290 13550 8614 10611 796 13555 9164 3438 5841 8010 7715 9482 
374 132 253 247 250 0 223 257 392 512 512 263 512 59 14393 10860 9882 6412 6026 3738 10883 12378 11976 2202 14769 7531 1603 655 7271 2597 11925 1232 3641 12811 3321 2552 10942 9521 2666 13847 8899 2514 6153 4497 6020 10633 11576 5445 3568 5047 7004 13963 7170 4157 1458 10269 14549 12189 12592 1037 14012 561 14621 11342 5737 10456 13051 5514 6683 13345 497 7453 2526 
375 132 392 247 250 0 223 257 512 512 512 263 512 59 9225 11833 3434 5938 7370 5777 14186 8617 3504 2037 12506 1022 9873 5642 2626 5578 14139 2225 12630 12691 13642 3776 14820 10966 10658 14822 10862 633 14219 7469 4408 12021 7353 8812 3629 13759 5694 10950 12814 13257 6938 831 6227 10010 7848 9733 9506 8672 1132 13899 1746 14455 12626 14762 11248 8674 5300 1104 4378 
376 0 253 247 250 263 0 131 363 512 512 512 248 58 3421 13726 6277 12304 2311 9510 9101 11596 12287 5441 8711 1360 4678 4079 4875 13837 2467 1717 4516 2742 8371 7270 1016 11736 13492 11382 8645 3558 3795 2040 5195 8566 7965 11838 4919 11004 10685 12029 340 13194 8393 5074 4963 3480 5874 6463 4255 7819 13540 259 3633 11424 13082 4313 13594 8797 90 7529 
377 0 363 247 250 263 0 131 512 512 512 512 248 59 6821 10429 4170 138 5599 956 9815 14029 5105 4222 3727 8043 1539 4016 3148 10906 1262 12369 4102 4126 8764 12993 9770 6462 1183 12257 11013 3136 11525 2423 4823 14860 7536 6305 13036 10494 2140 9849 11959 4213 1579 8900 257 11076 8963 10026 12418 13998 9611 2438 13447 13196 4475 1103 3919 10353 4056 515 699 
378 131 253 247 250 263 0 257 403 512 512 512 248 58 7691 1080 13410 2178 4012 2274 8772 1559 6159 7754 10236 7359 4388 13513 14680 2488 333 4152 7382 3867 6863 1126 12640 5738 5784 14491 3796 9039 12075 9389 9135 1220 2975 13110 4799 7482 740 3266 9278 8893 7390 13696 6719 11809 2042 13844 8735 10093 2999 7640 13103 5525 3572 230 809 7126 6695 4573 
379 131 403 247 250 263 0 257 512 512 512 512 248 59 2212 13619 7202 8133 599 8823 12984 585 10709 4015 14630 464 13677 11584 1377 10276 14931 6956 2752 3263 13659 14697 974 4626 1599 2704 7890 4072 4237 1301 6242 5658 4461 6473 10477 14977 13495 4774 11917 7195 10592 7321 11437 11207 11161 2819 11993 11599 7750 5023 1610 7725 256 7883 3993 13782 10380 11050 6522 
380 0 253 247 250 263 248 128 387 512 512 512 512 58 13057 11523 10706 4376 2213 7845 11288 4198 4553 1784 709 14154 8141 6494 293 546 6024 4509 2732 12368 3276 13251 517 7604 6411 14567 8695 14103 6296 14529 4279 13156 3213 8107 12912 10758 7707 1252 1028 5241 4195 7093 6847 3737 9483 10820 13282 8236 10145 1655 12979 11160 2412 3471 3773 12146 14392 11052 
381 0 387 247 250 263 248 128 512 512 512 512 512 59 11165 11819 9631 7296 3398 5966 6963 10355 12491 4636 8002 8849 12454 10228 9860 1560 11361 1527 14686 14809 3479 3369 11805 13955 11020 13008 12432 3891 8623 2808 7952 1000 7422 494 12644 9641 4647 2898 13687 11555 9513 6894 12446 13904 7308 10458 7747 13200 14317 12451 10623 13546 13436 9761 3332 4323 2089 5971 4397 
382 128 253 247 250 263 248 257 388 512 512 512 512 59 2965 14031 2425 5528 11803 4691 3226 13829 8731 4612 8606 6039 425 13092 9270 3574 14117 2085 14628 7621 7242 2984 4839 3012 14169 12825 2507 5724 1270 5256 2568 2997 6235 12174 4125 8428 4000 12285 5220 800 1698 9735 28 4609 12343 5608 11500 32 4796 3478 1958 9553 1068 2275 8806 13830 7220 14293 14654 
383 128 388 247 250 263 248 257 512 512 512 512 512 59 7742 13971 7309 10008 10065 2373 13311 222 3932 5823 10232 4965 12238 8835 3020 14435 14526 5711 1227 10557 13207 5945 13926 1013 5897 12889 6779 13932 6761 12064 9650 3234 477 8276 8679 470 7821 7745 5519 4005 2104 14202 10752 9924 10990 12985 1149 12933 10076 12533 13906 4240 11254 9853 13862 4365 7645 13398 944 
384 257 0 0 0 0 0 379 128 250 252 235 250 58 3835 2831 747 3777 7280 9996 5419 10666 6065 6346 10552 10793 13453 1764 14757 11402 4848 13407 6161 2387 13704 8669 8590 2082 3688 188 5013 14814 2964 11842 5950 7113 2695 7310 2687 13088 2548 9476 1759 14916 12834 2065 8138 6720 4802 11561 11211 8204 942 7079 13976 666 8120 5238 11270 6143 14941 3756 
385 257 128 0 0 0 0 379 256 250 252 235 250 59 9233 10838 3452 8666 7503 1876 10616 13645 10479 9318 13087 12939 7909 6333 9435 10763 12379 10928 4710 5214 12259 6479 8479 13655 13797 1637 12594 5800 4561 9985 12615 7523 11611 8596 14665 1229 6475 12829 7156 2302 3590 14890 9501 6162 7624 2549 12360 13873 1520 20 14076 8091 3532 13260 14719 11480 13019 11306 9279 
386 379 0 0 0 0 0 512 122 250 252 235 250 58 1101 11557 557 8459 6620 14297 1793 833 10934 3353 305 9265 8466 789 8932 5521 11179 11702 695 735 14466 9292 7542 11029 4758 6737 1581 11202 14182 1964 929 7737 12466 10438 11518 10573 6122 10509 2936 9539 2611 1065 14497 588 10688 13640 9192 1697 13160 11750 9934 4139 12290 1107 8687 5533 1838 2163 
387 379 122 0 0 0 0 512 256 250 252 235 250 59 12371 7522 1087 10194 9040 1692 2788 3475 1948 3683 9120 8113 10341 1492 4185 2864 33 10560 13170 2909 4694 14737 4348 10537 12400 6717 7337 5302 8924 2492 10814 4385 6288 8060 284 7774 10760 3523 2091 3228 13946 3405 11060 13812 8175 6477 9257 4892 10683 3895 6915 11039 5661 12870 746 13849 10078 1169 7311 
388 257 0 0 0 0 250 370 143 250 252 235 512 58 8956 9067 12124 1828 4745 5888 4042 9999 4831 13824 1385 10303 12736 11590 11187 1523 10549 2798 13694 2948 1676 14606 13153 5961 3745 14761 87 4641 2985 1998 9064 3488 13791 8568 7488 326 1336 5613 12842 4257 2485 4899 628 5659 11689 11181 7157 4762 8218 1315 6 5041 12249 1014 2833 9229 4448 7986 
389 257 143 0 0 0 250 370 256 250 252 235 512 59 1541 8864 1350 2855 13418 11174 8565 4174 11373 6738 4022 8799 6878 12868 5719 487 6208 9175 11946 11389 9654 2128 6769 7768 9523 9683 13701 5515 1060 3370 5175 14813 338 12635 1286 12790 8288 8741 1195 11302 824 12932 13751 7374 5136 14384 5625 7456 2751 5396 11128 10478 14817 10135 2647 4903 3813 12787 9104 
390 370 0 0 0 0 250 512 132 250 252 235 512 58 3457 4140 8683 6262 1897 8662 10645 6871 4689 54 13254 3216 13519 186 4256 13223 4314 4001 6131 11365 14862 1450 6667 13325 13840 9117 5567 11360 4116 6933 1264 9156 12120 1302 1790 11990 12363 13278 1239 7049 12688 10584 6750 3466 969 4441 5257 12229 5687 6893 12362 3601 2471 7293 3221 3492 8861 13266 
391 370 132 0 0 0 250 512 256 250 252 235 512 59 2095 11616 3681 678 12435 4340 5161 763 5602 13828 11134 3823 11253 6497 2659 4356 964 6151 7317 5283 6702 1563 10690 559 7102 5526 14770 4354 389 3329 4720 1027 1298 973 13922 10284 8080 6546 3645 12448 10162 10312 4305 2 5127 8232 2598 3235 12742 4805 7426 9744 3665 2579 14351 525 4153 1111 14069 
392 257 0 0 0 235 0 383 147 250 252 512 274 58 13923 4931 6503 12772 5566 6464 8646 6300 14767 8613 13056 88 14170 11505 9646 12320 10591 378 12042 8189 1378 6615 12072 5228 69 7241 1835 14119 12509 3414 9854 7199 6366 8168 6056 40 10432 9199 314 234 839 524 5279 11327 8874 8415 779 4966 500 8121 10038 14558 8268 14083 6809 3308 7849 10527 
393 257 147 0 0 235 0 383 256 250 252 512 274 59 847 5676 6492 8531 10788 13417 1931 4844 7716 3380 3987 1905 1097 9779 1620 9928 5422 13405 9487 5673 14723 8363 8953 12058 5761 2479 101 10086 3280 6816 10310 10088 13822 10166 5017 884 913 12467 13535 10013 9219 11230 1200 5018 13140 13022 1752 1374 2348 8485 11841 4709 2922 5649 9973 14830 5459 6414 5825 
394 383 0 0 0 235 0 512 136 250 252 512 274 58 22 14881 1201 13907 8493 12783 836 14365 190 428 7114 13893 9663 1662 1707 7974 1672 8755 1096 2079 8802 2565 2024 1428 2263 12754 3338 6860 13869 3634 13023 253 12118 12851 8865 9926 10493 6599 6654 14448 4724 8555 14500 12364 7020 435 13820 4288 12656 12986 4322 12744 12747 4697 11846 11474 10208 10825 
395 383 136 0 0 235 0 512 256 250 252 512 274 59 6547 8106 4661 8449 9763 12263 11070 5689 9557 1002 7442 13975 8171 81 5926 5403 2791 5253 13723 12103 5150 12305 2101 6370 8917 4876 12323 4423 8451 10729 2941 2781 4486 5401 2431 4586 6515 13978 11282 11912 7846 8124 11865 13995 8507 2901 10783 2774 12086 122 7516 3970 3419 10181 9359 14490 7994 14956 9294 
396 257 0 0 0 235 274 374 135 250 252 512 512 58 2913 13505 7057 10403 6368 14664 11118 5002 10176 10528 6221 4500 14189 10945 2776 7247 13988 12643 5677 9277 1996 5793 13838 1364 8153 9625 5562 7193 3789 11769 4084 7920 851 2312 14122 4301 11597 9705 13776 9051 361 2973 11654 1628 5530 10492 9396 7713 10897 2072 970 11891 7 3069 4734 10622 7559 2214 
397 257 135 0 0 235 274 374 256 250 252 512 512 59 11257 194 1617 5886 7577 4175 11315 14094 14788 4462 3974 5083 5672 6274 44 1305 3915 6449 9788 4513 1202 2250 2903 9082 597 3289 10654 1445 367 5184 11281 6529 6400 2578 3335 11948 14288 1689 9803 11731 9404 9726 8922 5987 6555 12115 9895 6730 893 6886 2639 927 10246 13388 3064 11417 14908 7067 7552 
398 374 0 0 0 235 274 512 132 250 252 512 512 59 5301 6609 3499 11944 7414 5218 9177 3159 5201 14879 11353 2345 14518 3030 10830 13017 2236 14340 13372 5743 5449 11968 1024 13080 14533 14164 8838 9848 10904 7391 2151 2862 49 6396 9901 6881 10028 10571 4569 7862 12013 8999 11885 3530 1503 4518 10448 6966 125 13536 6018 6292 4976 14709 13235 10 1991 13508 5160 
399 374 132 0 0 235 274 512 256 250 252 512 512 59 6403 4367 7406 7424 8536 8346 13524 9303 11749 3116 152 1981 7393 7371 12396 6286 6487 14011 13942 13228 14614 13689 1779 9568 4133 1339 4700 12144 8888 136 2440 4041 10083 8670 9989 9310 8271 11862 4836 2744 11332 1976 3440 1719 2603 5115 11776 6774 3279 10278 8954 104 8625 2156 11421 8678 7749 2435 4566 
400 257 0 0 252 0 0 379 130 250 512 261 263 58 12471 9561 461 13474 1902 4068 6040 2835 10890 5847 8180 4512 8031 7413 4850 4878 14891 4428 13120 10001 5546 12651 5818 7656 14175 7486 12200 343 11847 13202 9877 4032 5466 14650 12729 1612 13728 6092 14310 2000 2198 9768 13131 9867 12442 3905 665 6687 9843 8886 7953 1091 11575 783 587 7129 6624 865 
401 257 130 0 252 0 0 379 256 250 512 261 263 59 4393 11075 2008 11149 11046 3997 5965 7138 7016 1890 9655 13382 14306 5850 13983 12338 13310 4957 12510 3730 6568 11231 3804 708 13296 2332 1895 12266 3753 6825 9942 9014 7940 9146 3415 1903 1608 345 8740 12558 4329 13332 279 12089 9193 5636 921 1272 8515 12855 11045 625 3853 1913 9055 9469 304 5056 1900 
402 379 0 0 252 0 0 512 120 250 512 261 263 58 3131 13247 9021 10460 11444 5191 13169 13457 1475 5345 1413 4180 2592 986 11748 274 6430 12797 12101 6348 3705 4122 6461 13823 4148 11058 10329 11791 6306 11909 7082 5536 12417 13183 511 9923 6668 9032 173 6674 1953 7133 1106 10209 4027 7632 8142 4394 10335 11051 5365 1156 12165 4658 12429 10864 563 6530 
403 379 120 0 252 0 0 512 256 250 512 261 263 59 13211 13944 9943 10190 878 3382 13012 8389 13690 10641 12684 4298 8619 12850 12645 3731 10896 8033 4277 12526 7847 5254 14199 11387 5909 10381 7214 5919 8990 3566 2745 8825 3661 4932 14324 11450 9525 13705 5782 10182 7769 14056 1731 3577 14583 11699 7780 14120 8616 1066 9143 5789 11404 7534 371 9757 6514 4316 9127 
404 257 0 0 252 0 263 388 136 250 512 261 512 58 7800 9190 6812 12329 7463 6649 9955 3980 2702 7782 8889 5250 10698 7521 5266 10476 959 1141 12149 5762 8125 366 2230 1393 7012 5285 3164 11764 8413 11648 7071 2346 12884 6585 5451 1768 7493 7161 12683 10279 13745 13198 7476 13306 1946 9328 601 14064 11874 1758 13244 7717 2465 218 4470 12827 6273 13958 
405 257 136 0 252 0 263 388 256 250 512 261 512 59 6386 11426 5381 14690 4945 8633 4162 12563 6775 5682 4264 1343 7561 1595 10920 14509 3394 4594 1392 12148 9151 2219 11856 985 2529 10886 8632 14209 9380 652 3778 3219 8816 4285 9876 13672 11301 8305 5910 11571 620 7610 2371 7448 9314 1585 8230 12848 10006 13476 11674 7484 4726 13060 5824 4038 5187 3265 1943 
406 388 0 0 252 0 263 512 135 250 512 261 512 59 1088 2842 2434 8587 2450 4473 4890 5735 282 4773 1368 8064 12793 11362 4114 4009 9240 5089 9573 12254 12698 14596 6520 9036 2475 1691 8768 450 7701 11538 3331 820 14729 6099 4142 8885 4648 12746 1678 11249 9464 11295 1770 1059 11936 5986 10508 9002 1771 13601 13328 11191 9589 7499 8576 14806 2270 9379 11026 
407 388 135 0 252 0 263 512 256 250 512 261 512 59 9769 77 13836 7169 14087 13098 6136 3780 12041 13050 11381 9977 50 411 9607 8011 13253 3316 423 10012 5354 13034 13377 5157 9426 4464 10470 1289 9386 8643 5246 8420 7207 14441 4652 10414 13343 2637 9420 5151 13938 2865 2994 6714 13477 14507 3682 1094 11960 5812 10378 467 14647 1290 6637 3883 12532 8584 11129 
408 257 0 0 252 261 0 391 126 250 512 512 231 58 12561 10100 4494 12676 10204 10500 14880 13715 1236 7489 2182 7368 6448 7363 9886 2809 5494 4330 9516 7140 8766 5162 3666 11433 6320 14274 8482 7902 12195 3524 4898 10748 2218 10426 4909 13128 10191 9958 12528 12588 13415 185 3227 410 10323 7243 8895 10983 3815 9161 8327 7502 2589 6049 3758 939 13374 1530 
409 257 126 0 252 261 0 391 256 250 512 512 231 59 12406 14254 4339 12795 12332 8603 10851 8652 7436 1701 7204 4100 8516 12606 10767 3934 9119 6281 12771 9865 12192 6452 14925 5282 13940 14725 4052 3791 12774 14048 5863 7899 3402 6699 10525 10158 13574 8660 14616 8340 7936 13567 2928 12425 3792 14020 8919 2817 4236 2433 3586 9202 607 2699 9990 14586 1795 3538 11395 
410 391 0 0 252 261 0 512 106 250 512 512 231 58 11363 7896 12356 1237 251 11560 1652 6260 10143 4349 11247 10358 11914 12267 9140 8252 743 14569 5200 12218 12953 523 2130 3437 11088 8473 356 1639 14531 4657 7332 3091 10598 6678 12737 11680 3570 458 4130 6941 2881 3346 10972 5988 13691 9302 346 2974 13561 14620 14766 8058 6929 11999 7009 795 8928 7397 
411 391 106 0 252 261 0 512 256 250 512 512 231 59 1299 7801 7409 5488 10411 3884 3644 5653 1873 5912 11066 7112 5053 12525 3376 7512 6857 9080 10150 11466 12306 6741 3623 13491 734 13821 9937 8227 10293 2036 11922 882 11354 6361 6996 11011 9184 10427 7239 5259 14869 6833 10000 582 12891 676 12480 4194 10647 6212 12582 2256 7688 4495 9072 13190 2650 9200 931 
412 257 0 0 252 261 231 369 119 250 512 512 512 58 12740 3324 4543 13764 12928 11633 6964 6407 13749 13643 11534 12728 2596 14465 5149 14521 2923 12316 2027 5100 9560 2395 2481 6347 5244 9835 144 5819 4379 10128 13695 11572 3869 6029 13263 7526 11565 7722 4315 3923 306 11014 3043 29 10087 5073 14517 7325 6854 14157 1439 5386 6759 7806 6048 9485 9298 8827 
413 257 119 0 252 261 231 369 256 250 512 512 512 59 8 1009 2469 8338 13490 6505 11425 3106 7752 2547 6631 3315 9872 4814 2161 3146 473 1611 8065 14824 2442 7659 239 248 5931 4395 4654 14893 5188 6604 2447 1489 9919 1704 9268 2882 8359 6237 14000 5542 12317 6051 12838 1638 11890 10379 7668 1327 8464 2767 43 2692 1827 11059 5962 97 1578 11982 12204 
414 369 0 0 252 261 231 512 133 250 512 512 512 59 1137 3916 283 3404 11845 5197 567 6493 12377 2993 12956 6700 6548 9775 13308 13871 9321 661 232 10373 7088 4131 12331 13987 3013 5260 949 11567 10702 10718 7222 8858 1433 14269 14570 8304 3507 6496 7930 3612 7551 7919 4215 13638 2424 11830 9246 10937 9610 14322 4859 3250 9001 5374 6284 2369 9006 8322 2832 
415 369 133 0 252 261 231 512 256 250 512 512 512 59 10570 8041 3527 9550 11546 11691 6771 11418 7912 11524 1887 9974 1225 12333 13665 2240 3676 9618 13564 8463 6472 11490 13111 11883 1118 8465 1990 2129 4271 11278 9230 11635 6999 5768 6544 2574 9371 3540 7606 6323 324 14221 862 12717 7501 14639 8801 14987 12673 5844 5356 14957 176 3264 5984 1210 9424 1184 11435 
416 257 0 250 0 0 0 377 123 512 251 249 251 58 10722 14097 9013 6178 10319 5634 10177 881 3788 11916 13338 1050 10812 1529 7081 10691 565 8176 13592 2504 13375 229 3654 6677 12008 4106 13206 1815 5591 12498 9214 9337 1537 109 2520 7599 14172 3979 12796 2628 13947 13214 2660 12972 11208 2606 3463 5927 10817 12862 400 14459 10608 3587 5065 3580 13348 4551 
417 257 123 250 0 0 0 377 256 512 251 249 251 59 12925 6930 4982 2971 8968 7671 1417 11477 4801 5145 9624 9598 10193 10997 13841 6953 7417 4869 3910 14449 4525 8441 1077 7498 11265 9324 6490 5388 5481 13007 12607 10174 11705 9591 3715 14653 11943 13106 5746 9619 9427 7238 2397 4742 5990 535 12874 1772 13977 3022 12943 10867 7061 9786 4266 1036 7829 2840 10912 
418 377 0 250 0 0 0 512 134 512 251 249 251 58 8136 7445 12412 14905 3794 4078 11664 3295 3139 7905 7579 10231 7396 2623 2983 3700 7281 11714 6466 12365 9767 451 6896 9402 14179 12637 12788 7766 250 10834 671 9376 10929 300 4440 13709 2046 11658 14952 210 5040 12228 398 226 6289 14585 14898 11728 11743 8224 13185 260 5307 3147 12903 14195 11588 2725 
419 377 134 250 0 0 0 512 256 512 251 249 251 59 12272 13161 5143 3019 5436 5180 6240 11868 13347 5641 11796 11240 193 8052 12871 5468 5906 14635 898 14372 9096 14800 9132 9565 4123 3552 1042 3110 8202 3571 5712 13 3537 3428 954 4604 10815 5958 5071 6097 4303 2748 8396 4134 4660 12511 9593 13792 4663 1335 10807 10452 9074 13237 3206 7148 9005 7533 14965 
420 257 0 250 0 0 251 392 122 512 251 249 512 58 6080 11619 2943 645 2338 14187 7705 4728 526 3033 13300 2064 5216 3882 4978 3083 4877 3468 5230 11114 3259 8706 586 4527 8285 10686 1627 8727 4138 5895 5336 2382 9917 6331 8410 14508 10916 11983 10756 1179 7985 6612 1511 576 14101 10963 5372 5942 3908 9195 4954 4171 13514 2477 901 527 7976 1718 
421 257 122 250 0 0 251 392 256 512 251 249 512 59 8659 135 11018 6214 7866 11377 12096 1939 13487 12252 12168 5405 3138 6495 1966 8401 3861 11323 11228 1143 12452 1821 2472 2905 11400 6031 4537 7957 12394 7141 5524 12731 14903 4994 5996 6927 4150 10971 4777 2716 818 4411 13575 9899 377 3293 14432 759 10848 14685 540 12696 11218 4498 2365 2614 11413 8358 3958 
422 392 0 250 0 0 251 512 136 512 251 249 512 58 4389 2990 3606 12913 4503 307 3031 12861 9905 12109 4675 727 11986 12867 14994 3564 8664 7205 1043 5792 11130 5399 59 6949 8040 7273 14016 3065 1090 7873 12325 6004 11378 14562 429 10033 14605 10981 5274 5991 5360 3312 10856 8975 6410 10858 5209 10753 1493 12205 331 14196 3006 3238 111 6527 9639 2470 
423 392 136 250 0 0 251 512 256 512 251 249 512 59 9239 987 9237 8257 263 3156 4775 11726 8467 7581 6395 3018 7678 212 1300 6789 5221 1999 11244 10799 962 7136 5044 3611 9474 812 4914 14724 6388 1584 14734 13525 11861 19 10107 7811 13914 12171 11110 1583 9615 3550 12048 13044 9384 10214 2966 10771 13572 8903 7350 4426 7244 6638 6593 4415 2005 3847 13078 
424 257 0 250 0 249 0 390 136 512 251 512 250 58 3742 6253 1837 2443 370 11166 14363 5643 7178 455 9637 5879 10841 7959 200 9443 14536 5574 2173 7008 8805 12497 224 1127 6446 7612 4613 13595 2793 9369 9150 3505 8790 4189 8868 2516 14671 1889 5358 4113 7075 5922 1170 1034 2570 359 13597 11215 12330 9700 4483 9902 2420 10270 1109 6978 10179 8737 
425 257 136 250 0 249 0 390 256 512 251 512 250 59 4146 11021 7153 722 1514 948 3955 3330 12701 1317 551 6925 12344 14564 11703 8308 13342 12905 8732 9231 1329 10482 3770 8698 3150 7962 6359 6957 12503 5744 11636 3651 8997 2581 4589 981 9613 13752 11725 12403 11267 6394 14057 13880 10345 2780 591 9645 13804 728 9419 13571 9178 5585 13324 11661 211 164 9503 
426 390 0 250 0 249 0 512 137 512 251 512 250 58 9053 9896 9362 1427 14104 5870 7023 3811 7592 10977 613 14675 14785 11003 3531 13084 12957 521 12155 6550 909 10168 13516 5198 13842 9183 13819 2135 5523 14248 14652 4522 3628 7152 7549 1193 14458 5501 3392 6112 1354 13466 9819 7614 14580 9008 2237 3849 4490 7132 11531 4400 156 11836 57 2249 45 4622 
427 390 137 250 0 249 0 512 256 512 251 512 250 59 14858 14506 9245 6106 12318 7859 10277 4293 13154 8822 9018 13716 13148 14382 381 12741 835 2238 1007 5668 11109 5088 14944 9409 14217 10401 7472 10569 1246 1429 9216 12299 13729 13021 2111 5683 11164 308 11621 11233 9368 1865 6419 10595 3036 11101 3303 7836 13033 8444 8818 1650 4868 6317 14386 7483 7540 67 8403 
428 257 0 250 0 249 250 375 109 512 251 512 512 58 8700 7941 9940 2154 5628 2856 6768 11057 9417 11419 2553 11371 3757 12554 8310 13285 4333 132 8348 2408 5725 8951 6309 2870 2097 9319 7808 10680 7232 6887 4212 2011 1425 10289 143 667 4682 14339 8696 2669 1158 7480 9972 14158 11973 7364 12977 5959 8791 13316 2924 11970 7651 1 4457 3875 11206 5554 
429 257 109 250 0 249 250 375 256 512 251 512 512 59 233 5923 6979 3494 12753 6046 14920 4160 6916 5900 12296 7025 11818 8362 14224 12062 10982 432 11185 4248 3095 9709 8375 7871 6948 5896 7334 6197 5873 10167 496 7286 8980 3920 1151 10962 4597 536 8513 10487 10581 2872 7151 4006 2446 14222 10301 7250 5709 2753 10632 14609 12598 6676 6091 8826 4420 11232 5076 
430 375 0 250 0 249 250 512 134 512 251 512 512 59 11456 14477 10363 4972 4396 2648 8629 3692 2323 9870 1409 9721 8440 2063 10265 9320 10017 5323 8702 13603 3784 5558 2655 9667 12197 11585 6271 9653 4481 1882 3204 7117 12636 14851 13714 761 5612 13796 13587 7085 3028 13768 7046 9492 8521 10901 11476 9111 11092 6607 4326 1602 1282 11569 4771 1807 7355 7027 2839 
431 375 134 250 0 249 250 512 256 512 251 512 512 59 5028 5833 7376 6015 14252 171 9810 10175 4739 14155 10775 3797 8111 11310 1424 5621 5132 3424 9889 6269 9868 12291 8249 1977 5576 8273 130 13081 7897 2413 9031 7077 5730 9255 7322 2363 2953 3929 10589 479 876 11190 6330 13465 5226 3117 1261 12265 14801 9017 8193 12732 1355 6270 1240 10884 7608 2653 4624 
432 257 0 250 251 0 0 393 139 512 512 250 261 58 14407 201 9416 14565 7217 1035 694 10062 2907 8618 2946 4097 4690 3643 7290 8242 1406 5887 12962 76 13449 13177 14443 12642 11472 2631 752 1438 5223 5054 6360 8212 2356 2846 2054 10615 3584 5379 14804 13779 3409 392 10554 4949 10586 2084 2113 460 14823 11280 6205 10956 8786 6541 13581 10996 8918 195 
433 257 139 250 251 0 0 393 256 512 512 250 261 59 8263 2714 3617 66 4003 14419 11718 507 13929 6912 2789 4344 6027 10593 12157 3874 6543 2321 14226 6338 14505 3704 14023 14082 2945 7056 3820 14743 8525 12112 10907 6120 13014 5856 3768 14672 12193 8538 11625 9649 6538 8123 6991 107 3399 11146 9205 14152 5163 6491 12713 4706 13662 9212 6728 9898 13585 14556 4864 
434 393 0 250 251 0 0 512 130 512 512 250 261 58 501 14740 386 140 4540 2336 14910 11765 13984 5064 93 5122 14115 7226 12948 6340 3327 2845 12694 2308 9414 14257 11040 9413 11141 7352 14945 4049 5603 382 14142 9461 14571 8526 6509 6671 7812 12575 14452 12504 1709 12352 9558 13633 4051 1206 7638 7693 5797 385 9875 10792 7895 4882 12990 7891 14829 7680 
435 393 130 250 251 0 0 512 256 512 512 250 261 59 4368 8875 659 4207 9734 6481 8882 1659 3207 6856 11470 11453 1053 3752 12758 3115 6163 9578 2681 7441 11048 4824 4935 2426 13399 3886 6763 10550 9466 5212 8155 13199 13292 10070 14496 11438 6525 13442 12050 4107 4749 9370 11581 8684 14206 11260 7443 5871 83 13993 8915 4245 4029 6006 8905 3652 3251 2731 6784 
436 257 0 250 251 0 261 375 113 512 512 250 512 58 11734 2910 6384 10736 6614 5453 10629 12018 6145 6186 8948 2456 7598 6872 7842 2272 14775 7158 562 11478 5014 1833 6118 12911 1296 13363 4526 10657 4815 992 14404 3613 4519 6067 10913 13706 10245 9484 13621 9124 3425 12719 7466 7033 11594 8042 8295 14239 8537 6057 10362 3983 13394 5171 8186 1203 13339 1190 
437 257 113 250 251 0 261 375 256 512 512 250 512 59 10400 9967 6071 11111 11878 9142 9616 8429 4879 11036 11681 480 8474 6982 1348 13024 3637 1852 5169 686 2677 4842 13794 7856 1403 9982 13918 6831 852 10105 10360 4080 12961 1461 3967 13618 10115 989 3044 5112 9019 10126 9494 10243 1920 10471 12161 9515 9635 1478 2675 11454 5690 416 6657 1481 3647 10047 2148 
438 375 0 250 251 0 261 512 151 512 512 250 512 59 5688 11220 5946 14225 4089 1688 1767 11245 12521 12612 4361 14431 2016 11719 11793 11384 3994 754 11678 12603 12011 268 9381 8126 1859 7465 9327 8661 9620 8586 8448 9412 9652 2403 2620 12586 8337 4794 874 6937 3711 3467 5914 9459 4701 8946 10149 13934 10258 10970 8637 2604 9823 7030 4730 13650 14200 4585 14953 
439 375 151 250 251 0 261 512 256 512 512 250 512 59 2503 7395 12658 12638 14610 575 5408 14915 1720 14883 4181 3988 4282 10052 1453 11940 8611 6455 6165 10032 7807 3680 4987 10953 1274 2217 12679 13037 11006 12093 13494 11686 13195 7021 1651 9583 3133 3578 900 10050 8128 6100 6911 9930 7385 13421 1960 10526 1482 4244 6663 2118 1411 4203 14304 4677 3273 6813 10824 
440 257 0 250 251 250 0 378 127 512 512 512 263 58 10221 9712 6116 2726 8211 384 5715 504 8070 2195 11854 2050 528 7971 4568 2168 7427 5843 14347 2594 11180 9681 12542 7877 3246 14885 7159 932 3236 13697 6199 10141 13055 4927 13870 994 3782 10111 7557 616 10447 7944 5380 7865 4447 13413 11618 14853 91 9496 14904 7504 8719 14961 3449 4374 14251 11556 
441 257 127 250 251 250 0 378 256 512 512 512 263 59 6898 12307 7475 11498 14086 14926 12757 8345 6090 7429 5397 5131 5153 11855 14063 5202 11685 12447 4886 3161 7991 2968 278 7381 8930 12660 2893 9473 4617 2476 589 4705 12599 13982 4124 5012 4808 297 918 10675 11768 7091 539 14636 8512 3694 1345 925 11566 1233 12765 11175 9345 6502 5476 1379 3151 7367 12158 
442 378 0 250 251 250 0 512 140 512 512 512 263 58 7786 13344 1872 7096 11210 12413 1366 10940 11431 12926 1153 8050 2851 12725 11773 10779 12899 4275 9719 8833 14688 11188 7326 9949 13062 7867 10511 10833 12807 14255 6976 11954 9274 391 5315 3640 14676 11935 8082 1216 10486 2280 14246 6109 11432 5229 9038 12875 6135 1359 3501 2189 3760 12723 4953 13551 11533 7122 
443 378 140 250 251 250 0 512 256 512 512 512 263 59 11481 1018 13598 10643 4977 6066 2688 3209 10497 9839 2117 11945 4184 14472 11694 2770 3121 8511 272 13287 2858 6554 10678 6474 12921 8748 11825 14948 9856 953 2755 9813 10219 1358 12863 5363 11391 13805 12775 13593 4296 6504 12268 6043 5239 10585 13501 6952 570 10828 1623 3349 4627 832 10727 3225 6777 3118 9330 
444 257 0 250 251 250 263 389 121 512 512 512 512 58 8800 11154 13484 11939 7797 1513 12243 13596 14045 5547 4667 6951 9827 8487 13627 7803 8307 7723 4547 10802 9084 12262 9033 11971 10165 2155 12319 1396 5814 5438 1934 3841 14502 168 5430 12552 11570 14617 1816 7252 1881 9673 2137 13378 9569 10754 9504 14884 12063 2749 4763 11043 4246 12326 14258 12281 10655 12492 
445 257 121 250 251 250 263 389 256 512 512 512 512 59 14113 5741 5795 5670 12433 13318 10924 10880 9586 11133 2560 9703 10315 7775 14934 6950 4896 1112 12964 11099 1896 3420 11216 11163 7105 8528 330 6321 9194 5806 2222 13886 8209 10973 11047 14962 12457 9364 5370 11536 11514 1528 7118 5091 10521 7554 14471 11186 3857 2422 5352 8869 12185 3162 2078 2394 13526 5057 11933 
446 389 0 250 251 250 263 512 119 512 512 512 512 59 12515 9259 14053 1154 9980 10634 10142 12590 4429 3522 13066 1923 8029 7898 1735 7702 12351 246 899 9339 12176 8343 6078 657 11069 11067 10292 10473 2007 6673 6922 940 14794 13112 9405 8579 14357 4196 6435 13191 4923 6441 4253 14840 12715 9781 10220 10955 10806 5907 717 14128 12720 407 11408 2021 14229 12188 14184 
447 389 119 250 251 250 263 512 256 512 512 512 512 59 14988 13808 12866 8615 7809 13608 10992 5443 14578 6752 78 9964 6709 11752 13431 8600 2288 1538 10253 3520 11706 3802 5710 503 8386 137 1472 1598 8703 612 9746 1251 14167 4752 2409 12976 9228 6558 9078 9520 1056 3079 1324 1516 13507 3626 14463 11237 2319 8165 7586 8913 14608 5508 9693 3168 10091 6873 4382 
448 257 256 0 0 0 0 374 370 254 245 247 248 58 14792 4218 6830 14166 11629 2689 1213 9507 8550 95 4183 9280 1501 12061 684 5009 804 14107 8517 5420 9535 3163 4598 12820 2035 1275 13518 393 9499 10203 10518 8657 13404 3367 14930 9050 506 3027 13380 5471 354 1046 5037 1365 11309 4577 4053 14933 2912 3605 6921 9463 5593 3516 13329 12114 7826 2991 
449 257 370 0 0 0 0 374 512 254 245 247 248 59 7789 4645 4838 4944 3865 7832 2227 6970 14782 5758 733 5203 14280 9718 9282 5275 1307 8857 9817 8369 1509 3211 2107 10351 14015 8325 5584 7329 14730 3355 12077 112 2576 4224 4791 5293 14863 14326 12507 2685 1586 12477 11613 13854 8190 9723 1567 5540 9250 10273 3277 5166 12792 9531 8324 14437 484 1814 12803 
450 374 256 0 0 0 0 512 383 254 245 247 248 58 10914 9425 8309 327 2405 11650 13443 6125 14333 4276 14134 14861 2821 7993 12175 7714 11759 2417 7002 2300 2779 1860 4334 11300 14266 6630 8523 13336 5327 13462 12718 7616 790 12687 7095 3948 12033 5828 3839 14162 10850 6985 5790 6236 4849 9130 12260 2811 61 2904 4651 13334 2041 4984 2601 8003 7761 14007 
451 374 383 0 0 0 0 512 512 254 245 247 248 59 10094 7602 5706 13424 9481 12856 1015 11473 5767 9385 14886 2351 2528 7342 3840 1291 669 5845 10609 12513 5460 1383 1866 7007 7583 1464 6316 13357 13470 2260 1334 126 14971 254 7080 7818 14205 7868 8183 11287 3360 8265 11550 14976 2255 4845 11697 2164 5276 639 2906 2100 242 6566 14913 405 7269 10369 8862 
452 257 256 0 0 0 248 376 367 254 245 247 512 58 6662 4770 8248 9780 9522 6791 12324 4063 4511 2674 8394 2522 10238 8622 7277 12959 10322 8319 8048 7935 11640 3448 225 10590 14440 8312 4576 1479 6234 9748 6264 12292 6556 1950 8904 495 6083 12085 8792 3454 3403 3959 8157 11665 5077 13269 8830 6011 12107 4050 8594 8943 10918 2962 4211 124 861 68 
453 257 367 0 0 0 248 376 512 254 245 247 512 59 2432 6207 3309 23 14298 13727 3160 13435 2233 3862 13268 4137 13661 10524 13911 5328 14646 10653 10506 12300 1885 12641 3582 8407 9852 8035 14369 11509 629 6499 1870 9992 12464 680 3152 13815 476 291 6421 11541 485 11866 8718 8532 1459 14276 11355 844 13122 2836 11853 14361 347 2888 6085 8742 10388 6710 6690 
454 376 256 0 0 0 248 512 367 254 245 247 512 58 10161 8201 9477 6817 8593 7076 3785 1488 7524 14337 8970 12322 11457 4761 3307 14554 9185 12695 5939 12745 3388 11219 11763 8332 6128 14909 3600 9879 4269 6055 12965 8621 2627 12004 13648 12501 7275 7881 7418 11568 11486 6194 10797 6862 1189 5827 2188 5424 11346 13527 5159 5205 4161 1356 10449 3281 7593 4964 
455 376 367 0 0 0 248 512 512 254 245 247 512 59 14842 4921 273 14968 13276 6561 14112 1668 11251 4425 7487 6802 2015 10898 13076 6344 1724 1548 690 14859 8931 7146 2478 5977 13974 1451 11483 10290 10274 2506 888 9729 117 9179 6641 14484 8878 5406 14836 4128 7665 453 13969 9236 5194 4753 9092 13825 13967 3313 4101 11643 9533 4579 6404 13858 2268 11907 12601 
456 257 256 0 0 247 0 394 390 254 245 512 256 58 14106 2138 13093 8077 12390 6228 12245 8287 14846 8030 10868 8577 10018 3301 4901 9910 10206 1038 9034 5999 9743 9807 11399 2761 532 13365 14799 7934 9134 7813 5087 5429 1191 6172 7538 11159 3431 1737 4147 5439 13964 13721 8205 11494 9089 5413 1310 12591 14834 10144 3253 2531 9348 6589 9234 742 6068 3374 
457 257 390 0 0 247 0 394 512 254 245 512 256 59 6200 2208 12468 4364 11708 4970 1922 10669 7537 3814 5176 3950 14777 2972 8450 8037 6644 13262 5075 7973 3672 14418 7154 13579 9495 1408 14095 11722 14773 4692 10133 4092 3416 4094 7700 1836 9356 11374 8728 2701 355 12892 771 1418 1466 4413 6337 12094 2159 3696 1073 4803 10800 3483 5716 12162 8000 11193 3803 
458 394 256 0 0 247 0 512 380 254 245 512 256 58 1469 8068 11698 9323 7398 5303 14235 14935 5598 12714 12012 8892 12918 5747 10931 13283 4783 8671 10485 12414 1522 4082 14818 3927 14819 3749 8860 12847 10394 7389 6314 11781 5291 1566 1911 1215 1687 5680 13070 8908 10627 3567 5933 10578 8524 4827 10445 5728 12399 6437 7330 10444 4679 4401 12367 5475 397 14478 
459 394 380 0 0 247 0 512 512 254 245 512 256 59 12646 10583 11987 4151 1069 9671 11316 8127 11822 7734 12169 7062 5167 11086 1591 5085 2224 1908 1273 3918 4635 7633 13249 3111 1265 14315 12142 1436 5204 1680 4988 12722 14831 12303 6126 5272 11918 14228 11056 8688 2743 13315 11545 9007 3888 1057 5781 79 14591 5867 48 10701 1972 8418 2952 9826 3829 12689 12524 
460 257 256 0 0 247 256 383 395 254 245 512 512 58 2370 10389 756 2009 7060 313 1441 8140 7305 12279 14405 6283 7265 11775 12404 807 2849 336 7029 2051 5665 1841 10488 7176 5294 11655 902 626 2563 6398 2877 6526 1076 5995 13499 2937 6855 11349 10551 13531 3222 10903 11631 13624 8217 3528 9794 2580 4435 2247 11269 10112 5701 5571 14316 762 4873 14130 
461 257 395 0 0 247 256 383 512 254 245 512 512 59 9816 5199 4536 1868 9805 11409 11760 5842 7736 14888 12930 6247 14707 11876 14141 6981 6218 2537 3257 10480 8729 8929 7572 14936 469 7164 7037 11326 14599 11679 12030 11808 1877 7225 5702 9027 14376 14530 11981 692 3142 710 4696 183 13951 9690 8597 4711 2686 13115 11430 14353 8986 12571 13811 7349 12500 7386 10679 
462 383 256 0 0 247 256 512 374 254 245 512 512 59 9968 5092 10693 10873 7894 8246 7185 11639 5532 14632 12949 11291 14037 131 8845 5135 4785 14253 5595 14972 12781 1498 2569 376 11510 1820 6562 12049 7478 2668 12992 7654 784 8569 9158 12983 13362 889 7514 3975 5648 13541 3372 8648 12010 2439 6773 3038 9095 14300 9428 7179 11729 9737 1849 8855 6665 4046 9580 
463 383 374 0 0 247 256 512 512 254 245 512 512 59 3593 13941 1914 13562 11335 7578 13437 2258 9434 14180 14493 13143 6152 13965 12312 10553 8881 8859 4578 5273 13582 10286 12543 1277 2559 5183 8710 4843 6961 11085 5271 997 5412 6967 9398 10134 82 4335 31 658 11503 2239 7182 9908 6636 6859 4199 7605 7603 6422 12488 2315 4695 12544 2523 12190 12182 13936 10723 
464 257 256 0 245 0 0 401 379 254 512 253 257 58 3196 14943 14058 8749 13622 12366 9295 3554 339 1008 5156 11100 13463 3195 9633 8015 8624 1476 9777 9028 13127 14350 9431 12275 4167 14213 10711 1949 5287 11294 3691 8100 10225 1146 6557 4090 10495 6919 7336 7772 7589 7667 11979 3708 7765 6137 8446 4819 6003 3101 10155 5929 7628 6652 9126 968 1102 1892 
465 257 379 0 245 0 0 401 512 254 512 253 257 59 4081 14040 9121 6123 10264 6742 1630 5026 1875 11754 9883 2562 11167 14716 7177 2518 1962 4991 11903 11901 14295 6723 9659 134 2643 7316 14895 13420 3871 9069 11952 3294 2961 10917 10532 1874 9180 5707 2289 12388 8283 548 8334 13312 13419 7388 5278 6500 9125 4693 5398 5872 7052 8964 12121 7404 9978 3129 4492 
466 401 256 0 245 0 0 512 384 254 512 253 257 58 9509 11554 9518 8481 3588 7101 10755 13480 1120 9840 4249 2970 3822 1763 9410 10922 14354 14481 9828 6820 8097 11246 10124 11347 6640 1388 1656 8796 14874 13900 8009 14207 764 14942 14795 5774 8744 6084 2461 14576 12438 2712 4891 4033 5656 12373 4311 9025 12647 10852 9549 13924 12184 2379 11396 1663 6245 9083 
467 401 384 0 245 0 0 512 512 254 512 253 257 59 7304 13724 12664 2296 12865 13884 10024 11741 6076 13301 2541 10395 5881 4735 5463 6573 6977 14287 488 12100 9893 9252 14781 8578 10459 2915 11526 6796 456 11921 1070 4229 7639 14013 6608 7083 5104 1415 11600 13331 9009 10354 7470 13376 13373 13352 5355 2908 3679 5831 4853 14758 5148 3039 5505 14203 7425 4727 5280 
468 257 256 0 245 0 257 380 392 254 512 253 512 58 10428 14731 13563 572 2500 10567 13799 8782 12170 3105 11080 14663 13506 1402 13216 13876 13464 13184 11835 11007 9554 10566 3269 7313 5482 3911 110 11677 3543 13121 1744 12130 870 6943 11974 4841 12981 10234 5158 9832 2583 6533 2760 7186 9795 6519 4939 184 2857 8203 8967 5685 13905 3518 14733 3953 9224 7637 
469 257 392 0 245 0 257 380 512 254 512 253 512 59 11268 2480 5462 7345 13602 3174 3 672 2868 2816 13139 14469 10183 4417 1919 6480 8225 7580 7956 13197 13670 8380 14544 4975 4054 5165 9614 12126 11034 7084 6342 530 14856 6990 14380 9315 7190 13349 7078 10716 12387 3616 6670 1344 489 5772 12923 9220 1812 12623 13152 9403 13718 13396 1078 103 11783 8762 1777 
470 380 256 0 245 0 257 512 400 254 512 253 512 59 1288 11055 8488 14501 6511 1452 9959 13293 12523 8605 3981 1086 10710 6782 5297 1787 13725 3636 3519 7872 14244 8264 713 3534 8007 368 7125 14534 12426 10667 6224 6328 5573 10559 5050 1382 13783 2160 3619 2658 12196 6899 4809 6263 12519 8962 8144 1390 7163 6146 1332 2170 4655 10472 2339 10199 11984 5498 6823 
471 380 400 0 245 0 257 512 512 254 512 253 512 59 11710 10935 6417 3241 8151 7134 3223 4507 650 8654 14990 11226 14223 10016 4674 10300 13208 2086 12038 2045 11532 10331 14242 9566 13775 5232 4121 3806 3615 11977 12301 5506 8795 1570 10746 9147 3081 4628 12872 1854 6567 2555 10714 916 2185 14285 12704 10847 12250 1594 3408 2672 5904 5588 14658 6901 2738 7932 8228 
472 257 256 0 245 253 0 395 374 254 512 512 245 58 1361 7684 5631 6806 6127 8353 2197 9490 14464 2494 14160 11774 6211 8114 379 10882 10700 2406 8471 6255 6691 14343 10103 9467 11605 3936 13674 1391 258 6790 4416 12395 11271 9331 10878 12102 6974 10196 9599 7783 1597 3686 6684 9154 11071 5616 4075 8412 1643 12549 10408 6770 14414 13221 10074 1510 8583 8638 
473 257 374 0 245 253 0 395 512 254 512 512 245 59 8734 9429 4515 10227 9347 8281 11121 4332 2326 7853 14231 12550 9706 14991 6267 2452 11682 12505 8901 980 5626 10148 11016 2825 2385 11000 8416 4342 13860 9086 13243 2944 3229 10291 14625 9107 5461 14963 9091 7982 10577 7387 11299 3493 1230 7379 3763 163 12817 13210 11559 6385 12444 6121 7904 8712 6946 14674 6818 
474 395 256 0 245 253 0 512 367 254 512 512 245 58 12074 4874 8344 9354 8761 9071 6739 643 6215 14550 933 5637 2509 11997 4488 13980 9081 8045 5755 11073 13626 1867 14837 8938 3890 6870 5173 12122 3097 5426 4405 11441 9585 869 13809 14 7045 2264 5367 5038 1079 1899 9662 4936 5804 2010 11758 14430 14929 8434 5389 6799 2103 11385 7142 9106 10233 4662 
475 395 367 0 245 253 0 512 512 254 512 512 245 59 4252 9665 2265 5992 5745 14433 301 12625 957 2673 4419 13649 3864 2871 14958 11604 1194 13270 14017 11877 3931 8093 9141 1647 14070 2076 4817 9114 7479 11937 7916 11115 401 520 7109 7510 6107 4259 5343 1543 813 823 2935 8704 5146 2782 5458 7609 13238 4769 14150 6545 1306 14243 12901 1547 7188 1426 2098 
476 257 256 0 245 253 245 372 376 254 512 512 512 58 2661 6408 2899 13030 975 1855 5866 4861 10889 6781 9299 14778 8723 13558 14833 11491 4630 8498 3496 976 459 4715 2295 7839 14410 1675 8612 5185 13744 8636 4731 1702 2252 11264 3035 8508 9741 10840 14986 8455 9357 13459 10728 1116 4906 7546 9543 6119 207 3190 2199 9079 2343 7256 13740 353 8548 14662 
477 257 376 0 245 253 245 372 512 254 512 512 512 59 8969 6675 10776 6864 11019 3701 5030 12411 10512 5733 1483 12614 8074 3025 8260 1508 9830 1473 2335 5344 3805 11755 14667 7160 11657 6534 4362 2120 6082 3735 7830 12495 9378 11304 6797 4132 4820 438 5555 4855 1308 11104 426 10941 1187 123 4129 10668 1025 12073 11965 6413 8182 10059 9640 9564 8130 11367 11463 
478 372 256 0 245 253 245 512 377 254 512 512 512 59 12700 9644 12483 7444 12310 2416 1010 2720 14919 9338 12778 894 11195 2721 6380 2586 13265 10294 231 13047 10543 6518 433 3943 2866 2640 8965 10371 8088 5144 8911 9841 12843 167 12370 13385 11117 14367 14360 9253 13174 7450 12739 3103 8456 352 3786 5325 9965 3963 1119 2859 2730 11810 7709 8720 1569 7946 180 
479 372 377 0 245 253 245 512 512 254 512 512 512 59 14050 1878 3622 5034 3173 12950 7401 6528 1144 11789 8321 4141 3960 10600 11448 12600 12766 10089 8102 4434 12748 9273 446 7068 3685 3337 12951 1003 848 1021 3262 10077 6249 630 10332 8753 12309 13330 13534 8278 2834 590 14759 7695 10888 9765 7069 12608 4402 3104 4599 14854 5349 14438 5854 755 13226 4998 2557 
480 257 256 254 0 0 0 375 376 512 262 248 263 58 11397 7635 6582 2277 159 7627 9657 10120 13994 935 606 8443 5565 9024 5270 8771 1221 10642 10055 11451 13134 12616 8213 1173 7180 7560 5326 11695 1085 8971 8200 5708 1128 6931 14753 1604 11747 10455 9675 9475 7748 9725 8192 2561 8840 2519 1532 5586 7938 9313 10081 9172 9209 6254 6902 6516 13685 2545 
481 257 376 254 0 0 0 375 512 512 262 248 263 59 8978 39 1363 13835 5839 10987 10255 12580 310 8556 12770 1384 13040 4681 14535 9061 1521 7013 13290 3141 5570 8361 6397 707 5029 2883 3287 12894 3243 13713 4228 5644 7098 2902 5667 2167 6423 12348 12551 5651 6617 1369 14390 7835 13680 12486 7960 4554 11733 12076 1804 5306 10211 12014 2895 4502 12339 946 374 
482 375 256 254 0 0 0 512 393 512 262 248 263 58 5877 12841 9283 5889 4722 4290 11753 3938 5606 4047 12668 10900 8339 4580 5350 6086 3765 14595 1778 7006 457 13354 6553 10719 6401 12734 14695 4562 12334 10607 10326 10463 3826 3275 3055 14450 965 9773 4120 10520 10441 14456 13816 10923 4442 490 5740 1325 13032 6329 9793 3772 553 3254 1927 12220 6634 9271 
483 375 393 254 0 0 0 512 512 512 262 248 263 59 2707 8005 120 10988 12648 668 6875 3973 14561 6239 4467 4760 14604 10932 6955 4871 8974 6822 14132 7670 3553 5666 3880 2073 8730 11792 2737 1244 7664 14321 10558 8134 13719 14922 9608 7044 2934 14027 2683 4938 6101 7661 8286 1519 10404 38 5454 9602 11379 9346 9804 5364 155 6183 11881 1622 3112 11394 13119 
484 257 256 254 0 0 263 383 375 512 262 248 512 58 4884 13578 6210 10759 14752 11148 9983 3476 10057 10978 720 7520 7115 7276 3664 13530 8880 2894 5058 3122 3618 14894 10298 1762 14260 6184 10809 2012 12791 4718 1157 4455 9235 5776 11062 7674 9820 8701 2191 350 14262 6282 7817 4452 10876 5248 10762 5021 4375 3092 10020 5120 214 12653 6058 4496 13818 14603 
485 257 375 254 0 0 263 383 512 512 262 248 512 59 8017 593 10261 269 7024 13544 1311 11609 14694 8301 6524 9133 14872 6794 7634 14271 6190 2454 3358 9540 732 11125 2824 11028 4812 6134 5082 14109 6798 3300 737 2206 2634 7287 255 2613 6202 11598 14264 13178 8514 7197 7947 8851 12489 5664 5974 5137 12424 6002 5726 7906 12922 13225 8694 318 3113 3866 10974 
486 383 256 254 0 0 263 512 369 512 262 248 512 58 10200 3108 5930 3085 3193 10682 4548 7698 1166 858 12280 4813 7260 1893 9918 1005 12427 834 11537 10948 3631 13496 10804 3208 3406 5805 8475 3830 3999 5902 1192 12251 2762 208 9758 13411 13322 10416 8388 9285 10823 5000 9991 6489 5177 7219 13853 4581 6783 13589 9960 9016 7399 5836 9043 11799 1168 3011 
487 383 369 254 0 0 263 512 512 512 262 248 512 59 1723 247 1142 11887 13289 2241 11162 11386 11690 14619 14385 14786 10425 5956 7294 153 13272 5815 4412 9223 219 12270 6075 9669 8689 7373 4377 3992 4062 13948 8563 2304 11742 4274 11319 2325 12915 14492 2298 7527 12277 2949 12053 6438 3282 11923 7423 6389 11926 12239 7323 8158 11972 13817 11135 6748 2815 41 6646 
488 257 256 254 0 248 0 388 386 512 262 512 251 58 98 4192 364 3220 2927 6225 549 177 14637 5669 8104 10342 7841 6713 14062 11767 14901 8788 12147 4723 8559 2496 10724 13548 5473 9441 2334 12499 3283 2448 12476 13547 8912 6350 14192 2383 10796 281 5947 14832 10789 14355 6874 1380 10201 1376 10921 1353 7460 8057 6865 2158 14065 6586 2314 5225 14267 13173 
489 257 386 254 0 248 0 388 512 512 262 512 251 59 14475 7496 5583 11183 3809 10757 579 6268 7168 11953 10015 6345 9570 1371 1992 6171 6108 3157 2696 9951 2139 12273 3317 8146 4986 8315 14514 7870 6369 7882 3487 11398 8172 13786 3054 12430 14748 5312 8214 8081 6903 7438 5918 9789 2462 14902 6138 7777 4454 12675 13151 10958 8743 6191 12916 10536 12520 13371 13059 
490 388 256 254 0 248 0 512 377 512 262 512 251 58 13996 8867 11173 12988 4716 8454 11157 8582 6094 6891 13878 14772 8084 3721 2133 12139 14194 1673 5035 13801 64 9444 12398 11339 2482 8774 11762 7327 7246 6409 3094 10821 689 11985 8044 7174 1062 6139 2427 9545 4117 9218 971 11370 12419 7987 6156 5179 12593 1781 6564 8846 8653 5434 1988 4885 9388 6513 
491 388 377 254 0 248 0 512 512 512 262 512 251 59 5414 289 6032 3413 7223 3002 1217 9571 11189 14582 6689 2783 8303 8560 11790 4069 1533 14803 13887 961 9307 9363 172 89 10170 9696 2977 14638 3231 10991 10189 2757 7672 2014 12105 13113 10576 11630 1405 4193 13319 12882 13052 6947 3149 2886 4436 1574 75 13604 5110 10188 415 14026 12652 11746 5859 14828 189 
492 257 256 254 0 248 251 365 390 512 262 512 512 58 9023 13049 3298 2497 2402 598 7864 3947 5341 9642 9109 11119 1589 12116 2077 10417 13117 3930 13159 14696 9680 11152 13979 7710 8539 6517 8604 13141 8022 6376 2328 14634 3363 1506 5577 12455 2867 11194 8534 4280 2587 13708 10787 7299 10563 10350 13734 8907 11277 10075 9684 14003 7731 4443 9969 9838 12699 10816 
493 257 390 254 0 248 251 365 512 512 262 512 512 59 1321 1794 11171 14689 12080 5739 2108 6155 11261 14679 10791 12151 4685 8505 3446 3925 3393 2890 3909 2602 3443 3210 14462 1894 3068 12274 6664 2818 1531 2075 9306 10831 4913 12159 13686 9766 2733 739 10435 10256 10491 2599 621 7970 12069 6354 842 10911 4258 14682 8988 14352 519 13222 5638 5994 3058 4186 5117 
494 365 256 254 0 248 251 512 364 512 262 512 512 59 4639 4929 11563 10262 5215 12620 6992 1410 10664 3050 13025 10999 14841 6542 10692 2784 13406 14720 6133 9430 10313 8879 4149 941 13414 2515 7796 13961 4231 7843 2411 8366 12024 12212 9066 6743 9987 10140 9438 2081 7208 3040 10773 13956 3460 13559 4535 6458 3377 8574 12227 11305 4155 6096 221 14378 3898 12502 9584 
495 365 364 254 0 248 251 512 512 512 262 512 512 59 7339 13350 8496 1075 5346 6089 11788 6478 5779 13359 4980 6834 624 9352 2490 12541 12971 7324 12150 5883 2327 4856 2556 8715 4670 11770 1792 4210 3354 3357 4187 12661 12900 919 5635 11221 7333 5499 8316 6318 8494 5490 9287 1443 12570 12003 13985 6852 5036 1247 8745 14398 675 3347 4373 6265 13011 4135 10673 
496 257 256 254 262 0 0 385 388 512 512 252 251 58 7257 14446 7858 5989 14319 6578 6904 10946 4398 10790 4136 4555 7922 7954 317 6229 6705 8148 11839 6939 7508 380 12416 12610 4059 11547 6149 6147 7622 9099 6457 9365 2920 14085 6764 5803 1285 12622 7726 8318 12355 2534 14574 9953 9390 1817 3575 11893 1674 13068 8460 1944 10272 12129 1743 197 8520 8269 
497 257 388 254 262 0 0 385 512 512 512 252 251 59 11899 3837 13798 11707 14589 11356 7402 12849 4489 3710 2705 6997 7564 8794 14816 12091 3387 11735 13423 6054 4453 1649 13806 2914 649 1309 10122 1148 10035 6698 7886 14791 9544 816 5192 8234 8038 6715 12346 7230 4833 8250 3940 5111 8251 14210 6792 9073 13146 8602 9915 14423 9400 6508 3445 13176 2957 2349 14974 
498 385 256 254 262 0 0 512 380 512 512 252 251 58 7144 7171 14325 8385 3655 10039 6164 4021 5116 7963 10522 1921 6632 4202 6439 868 14577 10865 4469 9648 1811 10250 11035 13426 8588 9632 5663 3591 13908 3924 617 3120 11393 1177 14939 10780 745 2110 2393 10260 2947 1552 13486 1886 12674 8092 3495 11150 8306 14659 9243 2058 12496 7647 1333 9529 9455 5518 
499 385 380 254 262 0 0 512 512 512 512 252 251 59 14434 14008 977 13520 1556 10288 9678 5005 4414 10737 2144 8941 12342 419 7491 348 8320 14102 9457 10499 437 2829 4623 7014 9351 13355 12508 4596 5152 3429 11624 14303 13892 8373 11849 1751 13364 1006 3669 2248 4320 3751 8567 12680 8116 11831 11275 14722 148 9740 13500 7618 8950 2988 13741 10764 3459 4857 2184 
500 257 256 254 262 0 251 381 383 512 512 252 512 58 1593 10849 10519 3607 7143 6098 7805 6629 3456 1342 2887 9927 6994 3921 885 3687 12733 642 12449 11209 1706 930 7757 8995 3529 5141 8483 10376 6053 4424 9493 13107 10648 2299 11932 10795 11647 11539 6716 14557 1694 1845 2380 483 1407 8832 8839 12589 1502 7539 3240 12051 1121 12942 6523 9944 12800 10597 
501 257 383 254 262 0 251 381 512 512 512 252 512 59 6535 2457 12665 13703 3646 855 4028 6889 8680 10517 2517 10939 5233 6426 11720 9059 3720 9660 11200 12415 3868 2632 7763 1279 2642 6470 3314 5705 4145 10327 10205 9170 390 14100 12682 14275 2787 10308 13294 13138 2532 365 4445 1677 8738 13542 14388 4532 10114 3598 5147 4177 6349 12782 14868 296 10025 1997 12934 
502 381 256 254 262 0 251 512 368 512 512 252 512 59 4370 10786 14656 3603 9751 9920 11829 7110 9207 5662 11459 5802 14125 979 147 3267 5249 11084 4888 9692 11930 4337 5421 13416 10465 8499 10130 1995 10430 13807 2257 2885 1375 11607 13384 8072 8545 1093 2989 8226 6753 3422 14468 1722 2863 12037 14486 14594 10539 1980 614 396 1449 712 9480 12179 2391 13586 13004 
503 381 368 254 262 0 251 512 512 512 512 252 512 59 14964 5020 3726 4545 11761 6601 2850 4926 6196 9797 5788 2684 4209 2616 11242 1989 3585 11089 5015 11528 9572 3904 14790 1959 3073 10252 2083 5623 14088 4989 3547 6244 6639 5810 7189 7543 3502 1171 550 1316 10406 4725 12573 3292 13851 14480 240 440 3411 5786 3733 3233 8501 6989 7825 9433 5046 14955 12837 
504 257 256 254 262 252 0 373 366 512 512 512 256 58 12602 8206 1049 10498 12839 11684 10968 648 4915 1029 2739 13529 3046 1163 4870 3481 11602 14483 1497 12963 3990 2392 14602 13439 4071 3514 1122 14592 2087 1646 10451 10468 1136 5592 1211 11077 2070 5265 12852 12804 11717 10215 7915 13910 6786 11201 9939 5299 7767 1616 14850 9269 12786 5849 6711 1572 13636 12941 
505 257 366 254 262 252 0 373 512 512 512 512 256 59 11079 1961 14131 8259 6838 1667 6252 2340 9897 14371 10713 3418 8431 4444 8709 10348 12751 2039 10251 2421 7779 11515 11447 11139 990 11840 6175 6115 1197 154 14178 10321 5004 14238 11941 1387 12313 1058 10818 14413 10891 10721 2400 3798 1917 3224 8803 3707 8233 3137 8957 7284 1715 4407 5402 8298 9623 14983 12785 
506 373 256 254 262 252 0 512 371 512 512 512 256 58 14121 1588 11199 6001 2564 0 6290 6890 3741 7003 2629 14373 9512 11328 11037 6302 14702 10368 8419 14519 10461 11955 9689 1818 262 7283 6840 10421 12945 13763 12702 7173 12897 5940 3070 1555 2092 4010 8787 8330 13061 4459 2540 750 10474 3903 8940 2827 7669 13393 1504 12039 10392 10784 14899 2889 14708 3525 
507 373 371 254 262 252 0 512 512 512 512 512 256 59 13003 9727 3230 2535 1745 4505 749 805 1526 7711 11205 9508 12067 2297 10320 3053 810 373 11434 12459 3128 8300 8952 12670 13778 770 3063 2121 1269 12434 3432 8497 9626 4804 8163 10741 4558 9954 7824 6180 3423 6880 5353 4546 14123 4008 8828 4227 13888 4017 1400 372 9627 2930 8581 7555 9811 9764 7035 
508 257 256 254 262 252 256 371 376 512 512 512 512 58 5600 11358 14245 7547 402 10671 3845 3828 10813 7892 1074 7454 5140 12000 12137 6975 4166 14660 12289 8159 7587 11256 2307 5400 4520 11126 9296 8958 4261 568 6766 12441 2879 819 7979 687 7558 2028 13468 8243 10501 5589 7939 13945 2029 9961 8966 7823 6209 2352 6291 10750 13692 13288 856 10747 11340 3171 
509 257 376 254 262 252 256 371 512 512 512 512 512 59 2419 1349 1303 5495 9167 5170 12978 3260 12854 3334 11307 10073 2551 14379 8478 12028 11122 1092 1967 12562 11975 10021 11646 11577 13137 3453 6913 7233 7261 11087 3268 13433 10475 5817 1629 14451 3709 9210 7107 5948 8592 12223 14145 2044 10772 11727 2415 4895 5321 8436 514 5561 769 3486 9551 7092 10402 11895 4798 
510 371 256 254 262 252 256 512 414 512 512 512 512 59 6577 1843 1266 3381 10822 5564 5513 9785 2105 11744 7601 5980 14741 9149 14420 1577 11325 7771 1292 13451 3286 10967 4918 2291 11369 8397 4793 7720 1098 4292 4744 13189 3417 7631 3198 8194 12556 4738 10164 11645 13681 5860 3656 10328 13707 2822 11740 7582 10044 9739 12750 9458 904 4908 1320 9947 4800 3667 2313 
511 371 414 254 262 252 256 512 512 512 512 512 512 59 11766 12784 6588 4672 406 10007 14311 5560 4449 3080 8981 2747 7594 9451 8776 2759 13353 10045 3913 3592 7544 6659 10599 3962 9574 6655 35 1188 12631 9437 6471 9450 3362 7815 3722 7297 4951 3500 10423 6610 12213 5101 14457 1208 1258 6666 13856 627 3541 10705 1661 7175 9227 11711 6836 3706 11108 1535 13132 
