64
64 0 0 0 132 129 153 62 843 3573 3444 3191 3713 656 2869 3169 1323 2799 1061 3754 454 409 3832 1614 1805 2468 1782 828 1494 11 1326 1800 3750 3535 2246 1495 3899 3724 1351 2330 2020 3178 2848 3052 2874 744 2766 822 1847 3717 1968 2372 3764 2119 3966 1716 199 2925 1739 3761 2466 1994 1394 24 1844 58 1797 1256 552 685 
65 0 0 153 132 129 261 63 1819 1082 2362 1346 2981 447 2711 1831 730 237 1681 1017 1712 3199 3084 3302 161 3166 966 47 1235 3252 3954 2794 3258 2847 2090 3014 3902 1419 2976 332 2019 513 3699 1337 2487 2153 2663 133 321 1971 3510 3933 1924 3071 2533 395 3261 3771 1490 673 466 3860 3087 2418 3182 2318 3005 245 1856 106 3555 
66 0 129 0 132 247 141 62 1117 341 3690 3029 1982 912 3345 3536 2795 731 2495 3076 270 2951 1512 3926 3513 1205 1641 3245 2038 3371 934 3093 3203 631 3807 2651 2715 860 1434 1941 2698 3596 1004 1164 1660 2630 169 1484 1140 3824 3100 509 3383 2396 80 2510 2700 1167 249 2192 2146 3328 287 1401 2546 3521 1540 3597 387 3194 
67 0 129 141 132 247 261 63 1775 2074 2892 914 1940 1738 2778 967 2389 2978 3965 907 492 3242 2244 2205 2460 1031 26 1590 3793 1242 679 1884 92 508 1422 1596 719 1883 1487 2122 2764 3609 3477 3790 3489 2718 1234 1747 2127 1979 704 1568 1664 463 1430 3249 3184 1554 220 1703 663 3986 2875 1129 778 1134 883 2956 3697 1910 1534 
68 132 0 0 259 117 123 62 2235 895 2194 2198 688 1727 2281 798 1001 3674 851 2292 1081 3024 94 204 864 577 2165 3684 2861 693 2876 1457 647 160 360 1740 765 3583 721 1956 3344 726 1915 3746 729 2053 697 1147 1609 277 3464 1228 772 3978 3852 1657 748 2096 3047 1222 3834 55 1456 890 3060 1414 3901 292 1108 129 
69 132 0 123 259 117 261 63 814 1869 1902 1553 2710 547 1431 465 3608 2359 826 3306 1912 3426 1801 541 3186 2057 2595 2172 1209 472 1834 2278 3270 682 1600 1909 3663 2982 1682 362 785 2025 1420 2680 1928 2741 938 1231 787 166 2511 1969 3968 198 2544 2727 3271 950 2931 264 3562 1907 1558 1268 2772 794 439 799 3779 1341 3877 
70 132 117 0 259 247 141 62 475 1048 3810 1444 2790 2150 3581 644 2750 923 2860 2566 2508 827 786 3917 3725 462 1462 442 3072 2963 3176 441 2754 638 2618 2234 3624 3140 2262 1020 2843 2657 2807 2585 2347 1695 3653 1644 1254 3766 1580 1710 113 1172 2955 3127 3342 2524 1099 1404 3714 3143 2802 16 3389 845 3799 3395 1850 1155 
71 132 117 141 259 247 261 63 1693 468 3401 3638 2929 2436 1446 2145 3833 1670 3545 3858 3632 1019 3964 1226 280 3842 2209 3188 1952 1063 1263 2080 1823 2250 1640 960 2231 3894 2717 84 758 2094 322 1788 718 452 1615 3816 303 2593 1626 1161 3729 2691 3914 2102 1399 3595 897 1796 2758 3821 705 3051 1297 2473 2622 958 592 424 3299 
72 0 0 261 122 119 376 62 618 1423 2996 3158 2186 3961 2823 1219 1802 3045 3248 1536 537 1243 2141 1138 3170 481 30 2525 1786 3783 3576 605 3305 3827 583 3648 2329 3984 3215 2499 3232 3859 610 947 2621 3378 854 2287 936 896 2609 788 1381 3563 1755 3023 2211 2116 3304 1160 1863 817 723 2271 766 18 2938 2498 3769 3490 
73 0 0 376 122 119 512 63 3062 1257 2645 1808 1730 2441 564 1653 911 1367 2242 1951 1936 512 522 3175 1041 2736 2987 3356 736 3755 2713 1985 510 910 2259 3368 65 2854 275 1253 2567 1658 2445 1281 984 351 1965 1125 2880 978 1757 412 825 449 3491 2878 637 1666 363 73 1352 2662 2273 681 2267 2853 558 1799 3197 2026 892 
74 0 119 261 122 247 369 62 3718 1250 2873 62 1987 3551 604 2030 2897 641 3559 3183 988 3049 3855 849 1100 608 2032 1810 3177 2588 1238 3202 1935 1879 3870 2056 3659 951 3167 2176 3740 751 2558 2813 3155 288 1861 3086 3435 2474 3447 498 2636 2708 3067 2728 3879 1331 1721 2769 3200 702 3511 840 792 674 404 3557 1055 1026 
75 0 119 369 122 247 512 63 2671 838 651 3297 3743 2958 571 2243 3850 2377 3881 3662 2229 1748 3114 1632 2926 995 1276 1984 3945 926 413 1551 2179 1857 609 1124 1416 3747 2619 2002 2697 534 3310 857 1806 444 555 2667 2891 2676 1465 2136 2797 71 2169 2484 1397 3099 542 2112 1665 3668 2353 2838 1322 2125 3041 2703 119 863 312 
76 122 0 261 259 124 373 62 2305 2337 358 3944 2149 2646 2995 302 830 3364 1477 3165 3107 3320 427 1248 127 2502 1733 3719 3001 3341 1089 3179 3698 774 408 1974 1440 3212 2610 115 2803 2183 53 2152 174 654 2969 1791 3365 1047 2166 388 2806 3436 1312 3854 3976 1110 3061 2069 3846 2068 1095 2333 3728 3991 2777 3843 2729 2175 
77 122 0 373 259 124 512 63 2625 3732 1318 1067 1592 3441 683 3561 1613 1618 3059 2317 2590 1926 2251 1975 1842 25 3145 370 298 309 2919 1218 2031 491 2837 2709 2364 9 821 1023 2600 1054 3602 143 2455 2722 859 2216 1803 2536 235 1601 3373 1287 1480 2143 1798 3442 2303 499 1904 2331 1654 2950 2801 431 2437 2254 3102 1448 872 
78 122 124 261 259 247 389 62 853 3455 3819 1295 1760 3856 436 182 1945 1012 1454 141 999 1507 3439 846 2896 3361 2245 3311 664 3153 3569 114 1518 178 3565 2221 3739 2980 3818 791 3066 2006 3876 1463 619 1032 776 2376 3878 2844 2449 640 2921 632 1587 2805 417 2124 3239 595 2099 2986 1765 37 209 1545 3677 1233 1621 2453 
79 122 124 389 259 247 512 63 1515 241 3620 623 600 1319 2998 2575 1204 3556 3935 175 1713 2932 4 917 323 2624 2022 3989 3291 922 162 3614 2204 3693 1891 1373 1685 578 1648 1918 3517 3650 1139 1832 1386 252 3339 615 1550 2679 3787 443 2942 1357 102 2196 3469 725 993 2444 2290 2804 1152 1455 1932 1690 478 1916 2768 646 1582 
80 0 247 0 127 373 109 62 1435 538 1040 1044 227 1115 963 1750 1783 1634 2577 418 866 3484 569 3075 187 2527 1741 1294 2384 3497 2093 3218 716 486 714 636 3678 1864 2841 1564 3390 3130 1175 1180 1761 3896 1460 2071 1212 1742 3639 3004 1829 3319 1105 3192 996 1271 502 611 2367 1370 768 2187 871 2512 1030 2665 2483 3274 
81 0 247 109 127 373 252 63 1576 1839 2018 329 903 3689 3893 2106 3512 533 1468 375 238 3825 706 3082 1736 3285 2215 158 2979 841 1162 2785 3384 3144 753 3630 3461 1696 955 3503 3366 3949 700 3135 3836 3154 1645 2114 2992 51 100 3244 1561 1840 2293 2210 85 801 574 1255 2306 3010 3057 2900 3284 2181 3812 285 1970 151 1784 
82 0 373 0 127 512 111 62 1471 108 1756 3533 3037 3336 518 1421 2157 261 1636 3635 3774 3657 1113 3343 1389 3326 2301 2066 3998 3172 3123 2266 880 982 3702 213 3515 1283 1114 1624 891 2294 3318 3957 3560 1517 983 3016 3863 1185 3703 1571 105 928 1330 1314 2361 2463 3748 915 325 2055 2694 952 703 3125 1432 1888 299 1259 
83 0 373 111 127 512 252 63 165 3900 741 2852 3642 3000 3430 3873 1725 1898 295 70 1957 2344 27 781 2539 3951 2282 3323 1549 556 653 2350 383 1973 3032 1372 3458 3660 328 3189 3589 1573 2690 493 793 17 1064 3695 802 2059 1491 1412 2060 2786 203 63 1773 430 670 1753 216 276 3290 52 3470 1708 146 3969 3767 777 205 
84 127 247 0 259 375 124 62 2131 1328 244 2276 2530 1824 905 243 660 1813 320 2003 596 414 434 2633 1182 2940 2918 3009 2223 780 3391 2177 806 1395 2939 873 584 3465 399 2410 118 334 2612 566 3509 3912 1851 2414 2763 2341 191 2740 2916 1437 1304 2207 1340 3723 56 139 1039 3744 5 1052 3498 3548 3996 991 622 2554 
85 127 247 124 259 375 252 63 1150 1347 3132 2049 603 3599 74 2812 3088 1398 3579 2428 1605 3396 42 2638 2820 1131 2322 2959 2375 3214 149 1249 2193 906 2366 265 1699 421 516 3400 1338 829 3889 920 3333 2034 1293 2828 1474 3995 150 724 1196 3942 937 1214 46 2746 1822 2617 3907 2543 1260 2390 2001 3201 96 495 474 3796 2043 
86 127 375 0 259 512 142 62 2884 1181 2404 3549 3539 2706 2316 2357 808 3340 192 2358 2013 3397 1199 3185 2324 3407 545 3542 2429 2398 811 2800 202 2279 116 2765 2513 1133 2591 2464 2052 1557 2459 3451 2572 2180 1906 2451 2584 711 1938 3885 2933 3352 3922 1885 1848 2641 1135 420 1933 2147 594 1606 121 2542 2814 1929 3800 311 
87 127 375 142 259 512 252 63 1546 2017 86 3508 2670 2061 1633 1073 1635 2967 2226 3956 1267 850 1575 236 3119 1774 1072 3892 1625 2190 1198 1562 2232 3759 2109 1442 1732 3473 1846 2401 3255 228 1705 36 3604 3482 3042 181 3762 369 206 1280 1942 573 1978 3594 2004 887 3950 1496 3716 2501 3887 2067 3897 3906 1776 3972 1245 2678 3803 
88 0 247 252 126 385 384 62 529 2467 1084 3348 2732 1123 2310 1754 3213 738 2652 1224 2311 875 2407 2724 3627 3844 1830 3506 3427 505 2735 3808 2756 3471 2412 294 709 3276 157 2538 956 2283 3851 2960 3077 2320 945 3633 1631 546 3412 3237 773 3795 1016 1825 1671 1826 21 1766 3351 403 142 3421 145 1500 1684 1901 3187 267 
89 0 247 384 126 385 512 63 662 1313 138 1447 2047 2654 3034 696 3773 2342 349 2664 179 3734 2656 3474 2635 3558 908 170 2360 837 3610 3775 3817 3649 2917 340 1252 1655 1360 293 3021 972 1028 635 90 2048 2742 3737 2132 543 2374 1145 2213 2040 1669 1925 2284 3450 517 259 2693 3096 2381 357 677 886 2792 1858 2088 3952 3480 
90 0 385 252 126 512 385 62 554 2796 217 1579 3891 2430 879 3003 1679 3479 3727 1000 2140 1619 3134 3089 3919 2126 3658 2089 3375 580 2644 3288 2261 2438 1785 3369 3048 796 634 2808 943 2123 3526 3109 344 3247 1642 3272 1542 3939 760 257 3670 2203 867 12 494 2649 471 3180 3801 515 1262 1729 2954 1165 1083 1499 3438 3673 
91 0 385 385 126 512 512 63 72 2582 1527 2608 3098 2491 3350 2898 3074 3462 3398 1174 1700 782 1467 1051 319 3332 1993 2134 1207 3325 290 271 1103 998 482 3937 2023 1749 2423 1683 2309 1686 60 1178 2489 1862 1769 1284 3124 1539 3848 3977 2354 698 2458 3136 1954 1560 1071 3671 2285 196 1183 3386 3941 2062 701 1525 2486 775 2388 
92 126 247 252 259 379 381 62 2723 2178 3226 1734 1458 3738 2597 1045 1159 3982 3015 3056 2220 1986 803 1362 3296 2997 3928 2514 286 333 2507 3090 448 1037 1068 3568 3012 3544 544 1241 425 757 1880 3872 1958 2275 2826 1029 3078 1278 2605 3712 2202 2253 1947 28 3322 3867 1789 32 3478 2228 2975 655 3781 1232 2286 3433 2488 1126 
93 126 247 381 259 379 512 63 2383 2775 335 1011 1698 2162 3217 560 2552 2999 856 1186 561 1717 2550 797 3574 2033 1544 1565 164 2200 2171 1603 3321 1080 3736 3266 3625 2568 1223 2042 2085 3621 1963 315 3126 3017 2425 1270 1728 3675 767 3008 3641 740 1780 1285 2399 800 3472 2984 445 2115 3205 1220 2666 1607 2274 2965 1559 691 223 
94 126 379 252 259 512 381 62 2174 1033 1983 99 1524 266 1809 3971 3026 1485 2368 15 715 3148 2810 1714 3007 2752 342 3831 3485 394 831 34 3434 2493 464 2771 1804 2212 531 2682 3629 1227 2526 2037 924 2521 1022 2269 222 1853 2571 1470 256 3946 3572 2104 1130 1955 2911 2704 477 2206 1013 3776 3359 1871 974 633 3234 1599 
95 126 379 381 259 512 512 63 599 230 2719 3385 3278 2773 3181 1301 581 215 3256 3838 2819 2573 3985 1486 1930 3504 2355 585 2607 2201 316 1711 2386 2142 1104 1746 877 2373 1176 809 1132 3410 1937 1505 3993 602 2225 470 3263 2626 1610 3020 3932 1377 2734 2615 2914 337 815 128 3379 3546 1726 422 2505 1149 699 2378 2830 944 497 
96 259 0 0 379 142 151 62 1315 1530 3923 2312 1141 3524 194 2387 3043 234 1385 628 942 343 1996 29 361 1014 1876 306 1628 2923 2230 865 3069 2596 87 3315 88 3688 314 2346 2395 2214 3324 3164 747 2095 2000 3756 3488 3777 3916 6 1758 779 2964 2027 7 2833 326 3869 461 500 2809 587 2776 1835 2695 40 2481 144 
97 259 0 151 379 142 246 63 3452 2913 3815 2798 3745 1236 1759 1768 1828 3835 2973 3030 185 839 2065 2548 2985 2835 524 2008 1439 2182 665 2161 2218 3414 410 2469 1764 3789 1946 1523 970 2948 939 2082 69 8 3106 1612 959 1009 2589 1364 378 1091 1998 2702 188 783 3905 1336 2687 3227 601 218 2072 2369 666 2547 1378 2465 1676 
98 259 142 0 379 256 127 62 2882 338 913 1298 1541 3586 2447 3335 1202 2751 1585 1229 1701 607 1704 625 1943 2699 1795 1374 824 3402 367 1890 985 239 597 2348 1895 101 2817 921 473 1350 1689 1637 1445 2578 1620 1931 652 708 1327 3778 3997 304 2903 3370 2661 1060 3289 2332 1903 2371 279 3753 1611 2302 1608 2479 1719 2639 
99 259 142 127 379 256 246 63 927 1097 2647 1392 964 1343 1617 1913 3146 2692 3415 3394 1200 1489 3538 1827 3280 1286 3532 2442 2433 2549 2928 3590 43 1305 2128 1752 1595 2529 2855 3064 884 3987 3219 1900 3792 20 3380 1638 3308 2659 487 1905 847 44 3730 3974 248 1195 3915 2219 1578 1272 97 620 2922 3813 3804 1887 3853 893 345 
100 379 0 0 512 122 123 62 2974 1065 2163 2424 1237 1264 1697 3331 3980 557 3346 1838 366 428 695 1299 1662 3758 458 2611 1503 1059 435 523 1024 3159 1475 3705 2471 22 1201 2345 3666 283 3570 743 2130 563 1790 1101 986 1639 3634 1428 1088 2079 253 3338 836 929 282 2434 186 3457 1450 3437 2024 1433 1793 3404 949 1107 
101 379 0 123 512 122 246 63 1672 3530 1707 3601 2842 1137 232 125 1678 2263 305 833 661 3091 356 3216 2936 511 795 1953 789 2881 1964 3507 173 1771 588 2592 1106 3353 450 1691 54 1368 190 735 567 2450 1302 820 3499 1652 2993 1096 251 49 274 3250 3013 1156 3131 1413 2862 2236 969 1770 1897 1581 2565 2151 346 2475 1393 
102 379 122 0 512 256 123 62 3731 878 176 3116 1087 3376 2156 1990 525 763 2941 2791 3228 1002 2744 3676 1225 2440 1094 676 2832 2240 2256 284 2129 1111 3623 973 3644 2574 931 324 2091 389 3329 2579 3780 136 2270 2909 1169 81 559 3682 1563 3264 411 1981 2745 582 50 1873 3661 1948 3540 2650 3681 862 1184 3405 3895 3884 
103 379 122 123 512 256 246 63 1492 3382 2994 3970 1692 3265 1731 3440 467 423 371 3475 1066 10 882 1027 2864 1779 3665 3316 2598 3566 3934 152 2901 2101 3823 3645 3235 3527 3279 678 1210 77 2603 122 2036 2788 3577 3492 746 3791 2431 3883 2 2435 2865 1339 2774 1976 2781 734 3419 1290 104 33 3523 2637 1991 1118 3683 2492 1289 
104 259 0 246 385 115 374 62 2831 2485 2408 233 2870 2443 1438 392 2594 460 3875 2669 1833 1 2382 2477 3757 616 2946 2606 3643 3033 3409 109 3788 2084 2173 694 1050 229 132 645 2154 400 1837 1627 2910 504 2793 992 3654 2195 3979 384 1529 1179 562 2168 2570 3742 3613 1203 1190 2749 3505 3463 3468 2520 3882 3083 1127 1815 
105 259 0 374 385 115 512 63 932 1296 1889 2631 565 994 2846 528 526 2272 2456 2113 2064 1537 2856 2660 359 3236 1816 2943 2155 2553 586 1425 1934 1511 1513 3908 1035 2924 3259 1396 881 3782 168 2726 200 2628 3425 2054 2356 2011 3584 224 3983 2907 3246 576 2097 1406 455 667 2137 2050 2504 1881 2338 2516 201 2620 1158 3841 91 
106 259 115 246 385 256 378 62 1520 2767 2753 2365 1348 1345 3920 1403 2472 3501 722 1329 2420 551 3151 2118 416 2714 1036 3150 2789 3874 1077 3857 2725 686 195 2148 1514 1528 3694 1718 539 3820 330 2893 1461 3768 377 3330 981 3958 918 2394 3494 107 759 2840 527 1379 2945 3617 2560 278 3138 2872 3293 2422 2677 2675 1896 2446 
107 259 115 378 385 256 512 63 728 901 3955 1821 2971 2858 2780 1109 432 496 2968 1112 1481 3580 3420 1143 2397 480 589 1151 2581 3861 948 3967 2905 297 3647 540 66 3587 1417 535 3637 3449 536 3161 3910 135 3715 1966 591 925 3044 989 3022 2222 818 507 1772 2476 2321 3770 2614 3399 3651 3095 3162 852 1852 1939 1478 1920 3704 
108 385 0 246 512 141 378 62 1239 3221 3612 3466 657 3994 2648 268 59 3849 3147 1090 1366 3006 3207 1359 76 1659 3692 1034 3628 3028 3760 3312 1193 2249 3640 2655 909 93 1493 2021 386 250 3467 3606 1923 3031 1216 111 727 2046 451 226 3811 501 2336 429 1427 3531 2403 761 2983 2604 3794 3392 140 2308 3238 3700 2851 1043 
109 385 0 378 512 141 512 63 300 3784 2990 1767 331 1602 2623 307 2470 45 3327 2135 2016 940 754 2280 717 2237 1409 521 659 899 2323 3564 1735 1872 1354 2007 1206 1882 246 1282 210 613 1859 2063 3065 1709 382 385 3139 1153 260 3295 57 752 3204 398 1807 671 3522 1170 156 1154 391 987 2189 1688 2839 2845 407 874 3711 
110 385 141 246 512 256 393 62 954 1018 3988 3578 1424 2953 900 1472 898 1598 2966 3349 1453 2426 13 19 2748 1516 2731 1300 3626 503 2503 2288 2111 479 1007 1429 67 3802 575 3571 1411 1623 1324 876 3886 3133 570 1960 1865 612 137 2409 3117 3018 3752 78 3550 3121 3209 953 1584 3652 171 3251 2363 1056 3303 3110 1355 1977 
111 385 141 393 512 256 512 63 3225 1650 2078 3206 3847 3428 83 2413 1358 3929 835 3680 193 1261 3168 1999 2117 1538 2319 1651 2681 1720 211 1042 3118 3019 3424 308 1246 3520 3797 3079 2770 130 2005 3611 3273 381 3036 263 2688 2716 212 2755 1583 2238 3115 1053 1317 832 1482 3537 3552 3156 962 1240 2217 272 812 1274 2653 1251 1335 
112 259 256 0 386 379 138 62 3269 3543 2583 2689 532 2188 1949 506 379 3454 3190 2199 3403 1441 3708 1476 2760 3554 3959 2849 2252 2522 1361 2811 756 2009 3163 1046 2912 572 1402 2406 861 2899 3686 894 3911 902 2432 124 1643 1510 3496 2877 1841 3196 2674 3027 3448 2494 3105 1008 3605 1076 68 1391 2370 1479 1116 339 3367 2991 
113 259 256 138 386 379 262 63 3309 1038 273 626 110 975 1310 1102 968 1675 2962 3528 184 684 3195 3035 23 95 1010 870 3691 3222 2761 2138 354 1146 1213 2051 804 459 976 2197 1597 1191 1855 207 2035 2500 1275 2580 2937 225 353 1744 1702 393 2563 1737 3516 3301 1365 313 336 2857 807 2343 2295 1950 1501 2497 3046 1616 3298 
114 259 379 0 386 512 139 62 692 134 438 2326 1875 3257 3805 1868 3174 1919 3616 123 1586 680 3493 2972 3160 103 710 3129 3696 355 1025 2685 1344 2825 3253 1308 762 2836 2335 3701 347 2227 1814 672 548 1874 2478 1548 3735 2247 2289 1408 2643 1508 1870 1187 291 2531 1078 2120 1962 1483 3374 3294 629 3025 469 3953 1567 484 
115 259 379 139 386 512 262 63 2452 1812 3211 1418 2961 3 980 2944 112 1230 2576 2233 1922 1877 3416 3763 733 1473 2159 3814 3355 3229 1466 3865 2518 3483 163 771 3672 2868 844 3862 2888 2208 3142 742 1307 2537 2107 1459 426 476 1630 2701 1777 3518 690 630 3277 183 485 2816 1892 530 3582 489 2686 1509 2480 3152 1866 842 2297 
116 386 256 0 512 387 133 62 2668 3981 368 1189 2866 2569 1356 1867 3281 433 2461 869 1388 1569 3890 790 1566 2721 3749 3785 1656 2509 764 2170 397 713 301 643 889 3619 2673 2712 1120 1914 167 1763 1849 3636 2265 3519 1878 2779 2439 3975 2627 933 3307 2821 61 3839 2416 3963 1787 1663 327 1215 1899 3927 3786 1086 2160 1687 
117 386 256 133 512 387 262 63 3097 2379 3038 2859 3936 957 3588 2264 180 231 3948 3101 1469 3593 1288 2720 2658 1382 1911 1332 784 2405 1079 2730 2586 3600 2970 2640 1119 131 1390 2103 1452 1522 3567 258 3431 2417 1488 2041 376 1498 1820 2010 1860 3173 3372 2904 2601 3943 14 3822 3103 3622 3388 2300 3534 352 2133 1075 2058 3924 2540 
118 386 387 0 512 512 137 62 2952 1647 3888 453 1021 3262 3871 2100 3241 1854 1908 2385 3931 405 823 1273 2315 2672 401 3104 2015 1464 2224 1194 2339 1383 3337 31 2782 1570 3960 2738 2260 2098 639 2541 2555 2255 2045 3864 590 1070 1594 1668 3918 2506 2559 3313 3615 1547 2557 755 3408 1265 1291 2562 2906 3829 1591 650 916 2743 
119 386 387 137 512 512 262 63 1003 2871 1724 2351 848 3840 456 1451 2523 3360 2935 2076 117 1836 1334 2915 1069 3806 3081 2086 2296 1972 3039 813 2834 1015 1436 242 1144 3223 2258 2239 1543 2268 48 2528 1426 1057 2164 1680 446 997 1306 1415 658 2185 79 82 3679 3111 3685 1277 888 254 126 488 669 520 2908 219 3053 627 2757 
120 259 256 262 385 386 397 62 3363 2077 2307 3618 1743 1376 3845 350 720 2299 1085 1349 159 1163 1572 214 2352 3283 2739 2158 2561 317 642 1532 606 1157 2191 3377 3198 3990 3575 281 3826 2028 3687 3092 2029 1506 1363 3529 1221 1604 1589 1121 380 2392 2927 3240 1342 3122 3930 598 483 2519 3664 2402 568 687 935 1961 2920 1074 
121 259 256 397 385 386 512 63 2587 2894 930 2328 3514 593 39 2448 1128 364 2457 3607 2534 1502 2867 1762 3456 1049 177 2887 1407 269 1211 885 1674 1380 2277 1817 819 2496 1136 549 648 1497 1353 1593 2012 1944 98 402 3481 2070 3476 1122 3171 3070 2545 2314 2879 1311 1694 3921 3947 1303 2380 3220 2419 1646 2087 1706 1173 1845 3828 
122 259 386 262 385 512 373 62 2551 3909 3709 1384 3300 2415 3646 3443 255 3487 2957 3334 2642 2895 365 707 3314 816 1967 1309 2400 732 154 2340 737 1997 1058 3393 197 1629 1371 3137 1661 2818 3446 1279 3707 2696 2632 3268 2044 649 3837 3940 2421 514 296 3068 155 1667 1258 1092 3387 621 2705 946 519 3866 3925 2634 1521 1321 
123 259 386 373 385 512 512 63 1649 2532 3710 3809 3317 3418 2490 1148 2599 769 3445 1917 3054 390 2462 3287 855 3453 3210 2613 1369 3720 2602 2349 3358 3113 3157 1387 2890 2733 3141 318 2039 1531 1992 2902 990 310 1197 3798 579 2108 2517 3260 3243 2787 374 739 1715 2824 1794 3224 2883 2454 1677 2075 3868 3598 2167 3486 1894 2139 3058 
124 385 256 262 512 390 390 62 868 3011 1062 1292 1333 3765 147 262 3903 2110 2629 2850 3830 1177 1325 2827 64 1555 2947 1980 3094 1778 3655 1552 247 3460 617 3525 3208 712 745 221 3230 457 1093 614 858 3656 3050 1098 3286 3772 3055 2564 3275 1843 1927 2427 2889 1375 3406 3495 1168 1722 2515 1142 1166 2535 965 3741 1781 1410 
125 385 256 390 512 390 512 63 1893 3721 3726 1723 2241 1818 2334 3381 208 834 750 2092 3603 490 979 941 2257 3108 1673 1886 289 1504 1005 3591 2885 3422 3085 2989 2784 2411 3193 1988 3267 553 3999 689 971 1577 3040 1921 2105 2393 3631 3938 1995 1192 1266 3898 3254 1449 3417 396 2482 0 2762 2391 1811 2863 2081 3413 2291 1588 3120 
126 385 390 262 512 512 365 62 675 2684 3722 2616 1320 120 3500 3733 2977 3080 1188 2144 624 1959 75 2783 3547 3423 2759 3751 3913 1519 1622 2737 2683 2083 148 2014 2934 3429 172 3411 2815 3592 3233 1269 3112 2556 1247 1745 1316 1400 1171 3347 904 3904 3667 1405 415 3149 1792 2949 3002 3292 1244 2829 3282 2325 3585 2747 977 35 
127 385 390 365 512 512 512 63 153 961 372 437 2886 1217 919 3362 3553 1989 2298 1556 2248 1535 3432 3063 89 3502 3354 1574 2073 1006 1526 2327 240 1443 3669 2121 440 2313 189 3357 749 668 2822 2988 2184 3231 348 550 3973 373 1751 1533 38 2707 3962 3459 3992 3073 3706 1208 810 805 2930 3128 419 3880 406 41 770 2304 3541 
