64
64 0 0 3 3 31 557 1093 1984 1187 137 1132 758 1782 775 1717 1595 180 741 751 1274 1259 1558 548 1128 620 1581 817 1218 1512 1821 856 15 13 323 1942 1288 
65 0 3 3 6 31 1971 1651 67 1516 1839 1313 458 909 140 716 733 1395 600 78 1903 494 152 1881 646 1945 1719 1053 1523 997 1420 750 1418 465 60 1415 109 
66 3 0 6 2 31 397 18 1465 1767 1815 660 72 791 1148 1980 1582 1774 1466 801 468 673 689 541 336 1895 1178 1948 380 1706 598 1946 1153 371 1031 1818 81 
67 3 2 6 6 32 961 1277 1691 691 1536 1904 730 829 1445 1502 1631 682 97 1730 709 1848 1459 762 731 427 103 19 1229 1057 697 70 428 1326 1096 1861 788 74 
68 0 6 2 9 31 298 392 151 1907 1590 33 278 895 25 1349 767 1055 563 179 865 819 1371 1790 952 722 1557 787 1437 1921 1645 50 1826 831 1158 1262 1183 
69 0 9 2 13 31 1727 760 1525 1142 1534 1034 539 1264 1712 926 1305 434 1310 508 1566 849 1560 91 744 752 139 921 1024 446 1680 633 1831 1580 92 372 200 
70 2 6 6 9 31 1275 959 1107 1070 1448 990 182 1599 960 88 800 912 1704 1314 104 763 1807 1332 65 307 338 1278 599 1360 1110 1897 495 1029 559 1843 189 
71 2 9 6 13 32 1785 1919 178 1238 1450 1747 1108 265 1322 1373 1069 718 402 951 1441 1641 114 1013 348 647 441 1650 379 1793 1216 1556 534 667 601 110 130 991 
72 6 0 9 3 31 414 429 874 95 481 165 1494 1887 1400 28 224 1199 1743 1331 63 1115 1390 1776 1693 627 1882 1169 1866 587 1192 507 1345 1990 382 784 1205 
73 6 3 9 7 31 1087 1702 1196 1683 857 863 995 202 1335 589 418 473 870 1396 1906 1336 1920 1433 488 1966 593 1854 173 1668 16 1452 1844 154 1475 1168 1292 
74 9 0 12 3 31 405 577 256 1796 573 47 1742 1665 100 1209 1568 1509 184 3 472 1813 532 1151 1935 222 242 376 864 187 1794 322 388 1497 748 111 1912 
75 9 3 12 7 32 146 1696 696 1496 263 1688 1258 1342 852 664 966 82 1526 1085 1211 245 369 1134 505 1334 1671 1410 1816 771 524 1256 1189 581 280 766 1656 1622 
76 6 7 9 10 31 296 306 1853 1480 1311 847 1987 1521 1261 1145 1200 1764 712 567 26 221 471 1484 1027 1198 1878 1352 555 939 1043 1612 303 710 239 1254 1828 
77 6 10 9 13 31 1555 789 199 565 1054 1344 424 252 562 878 1780 1376 122 302 1751 260 695 238 653 101 669 254 798 713 1653 896 170 583 1350 435 621 
78 9 7 12 10 31 1569 918 316 588 629 1103 1871 1898 641 1792 698 561 1443 1709 423 721 1806 1242 347 1913 903 1681 1753 1302 955 680 1570 300 854 498 826 
79 9 10 12 13 32 1720 989 674 732 1412 149 1300 132 1296 753 1369 1820 1770 1519 1628 80 570 1363 1905 1655 954 971 452 1624 1143 934 1411 1058 1425 1081 875 887 
80 0 13 3 17 31 723 553 1763 976 1847 326 658 931 1830 1962 1317 1355 1811 246 1757 503 881 984 411 693 57 1637 813 1863 822 24 204 617 1429 1098 8 
81 0 17 3 19 31 914 96 724 1009 1073 1325 1690 206 355 1545 994 1983 1623 1327 1963 1060 1504 123 236 850 349 1213 708 1947 389 1664 648 456 1994 466 249 
82 3 13 6 16 31 950 1571 1279 1804 1265 148 312 1932 143 1814 136 1540 531 1442 1872 358 1859 1157 1391 39 1586 230 1638 1193 1669 797 218 1 1186 1298 432 
83 3 16 6 19 32 294 1165 1383 969 1687 1276 188 1517 1915 156 1596 1988 0 1402 1725 353 655 542 556 705 947 1501 461 1303 337 1281 99 1307 1541 1401 675 157 
84 0 19 3 23 31 1092 530 1808 1841 1626 1220 1781 14 502 210 455 536 71 1476 56 1838 715 127 291 982 869 410 1532 41 1689 1227 1663 1666 1923 1740 381 
85 0 23 3 26 31 521 1505 1648 1837 727 119 1083 1956 1842 1237 485 1825 1149 261 683 370 274 374 212 1951 1886 1112 1694 227 1091 1117 42 1636 1456 1894 1455 
86 3 19 6 22 31 1014 515 105 1910 1111 1194 44 1819 440 932 1846 243 1613 1537 76 107 992 1440 1319 905 73 1404 902 1381 333 938 1485 941 1760 68 635 
87 3 22 6 26 32 1602 421 970 1249 920 1777 128 1999 1675 1685 331 36 546 1047 1938 650 448 120 2 917 783 244 1840 1202 343 1406 1533 933 1338 235 1629 1605 
88 6 13 9 15 31 1436 824 1800 684 194 795 1934 486 586 1208 533 283 1140 1551 846 366 315 1197 1068 726 1285 1711 1188 1575 1603 12 526 922 1930 1941 1341 
89 6 15 9 19 31 102 285 719 522 891 1282 1286 962 1078 417 1426 1251 237 1018 1869 21 591 742 1253 983 228 1761 537 1398 1487 1056 626 1779 772 890 1855 
90 9 13 12 16 31 808 1864 1472 566 1146 1368 1212 977 1138 572 1124 1457 906 1162 1207 390 1204 794 1989 396 1005 907 1329 1567 743 1652 916 223 1139 868 1676 
91 9 16 12 19 32 112 1427 10 1754 1607 585 332 777 493 690 988 1524 714 836 1074 1023 1063 1635 838 232 940 1766 645 309 656 1041 1563 711 1362 670 1061 687 
92 6 19 9 23 31 163 124 198 1718 30 554 271 841 1954 147 1801 38 1351 662 1150 1461 1931 1273 1588 1735 1731 1290 1493 436 1347 1657 815 686 1784 953 1392 
93 6 23 9 26 31 859 979 1294 1514 1870 1067 342 665 1985 551 1677 377 415 1478 843 1293 185 186 1798 1232 523 1601 1122 509 1424 1201 1845 809 792 1011 638 
94 9 19 12 22 31 1170 807 1454 1180 409 747 1382 1961 1312 422 1579 138 1678 1479 1097 1833 1543 1223 1287 1888 1708 924 1127 35 1633 267 1927 394 257 944 1163 
95 9 22 12 26 32 268 181 1997 1291 55 725 858 144 240 279 195 1444 827 1644 1458 1619 754 1284 618 1399 79 1710 258 1741 579 340 299 219 1131 1215 668 1230 
96 12 0 15 3 31 735 203 1309 1511 1902 1318 483 825 62 1562 460 1899 595 558 661 897 596 1553 385 1577 442 373 1490 1964 7 1095 477 51 880 125 1038 
97 12 3 15 6 31 1203 375 877 899 1715 736 1527 1759 1225 1431 269 1615 1002 359 1244 328 404 419 1531 453 1967 1896 1164 162 927 886 1358 679 1724 275 1050 
98 15 0 19 4 31 1673 654 272 652 1076 1697 361 1728 1356 1462 946 609 1328 1001 1036 1304 197 142 1900 1805 1604 606 475 1771 1272 1564 1901 1576 704 205 1222 
99 15 4 19 6 32 1617 884 1206 672 510 1102 1028 1552 1982 407 659 866 1765 1762 305 535 480 1522 1958 1260 855 823 904 1978 574 393 518 965 49 1750 1659 1257 
100 12 6 15 9 31 785 1210 1408 420 761 1374 1243 1548 1822 445 872 1721 580 1059 642 1682 968 993 1975 1090 314 1700 1473 945 234 145 882 1991 625 1221 1594 
101 12 9 15 12 31 873 972 153 1950 1893 1071 765 973 437 1538 1075 400 94 538 1089 1993 1016 1066 1181 1006 1247 141 1703 330 1051 1852 159 1394 1858 34 975 
102 15 6 19 9 31 193 848 814 490 1639 365 1891 1217 1559 1167 1421 1879 616 1960 1271 1799 1592 318 611 121 174 1726 1500 1252 517 790 1933 1529 1643 1832 334 
103 15 9 19 12 32 550 578 1173 356 1621 412 1986 251 770 317 1477 631 1952 937 729 401 282 1430 364 1528 1250 1100 255 1972 1191 692 1924 64 1695 1407 1503 1851 
104 19 0 22 2 31 1175 288 1434 774 383 1177 974 663 1109 1414 1387 681 1746 911 5 830 821 1892 651 999 514 1270 612 1824 150 584 378 253 66 1674 1488 
105 19 2 22 5 31 1926 1585 4 172 40 1732 1174 492 700 292 450 1423 781 1337 479 1283 398 1280 84 575 699 755 728 1572 192 1908 1589 607 1943 1403 1953 
106 22 0 26 2 31 1171 459 958 930 387 474 630 1877 1361 981 32 883 1979 1062 1315 644 113 1573 497 1850 1918 31 516 1190 1600 59 1226 1266 1228 1451 1957 
107 22 2 26 5 32 1981 449 281 367 1890 1246 1492 1587 987 1417 622 1156 357 1909 628 649 1372 816 1549 1684 1045 613 1354 1614 1998 290 1072 1860 482 341 416 1040 
108 19 5 23 9 31 11 643 861 528 773 1397 1812 487 1929 1219 27 1007 1616 213 46 1176 1809 1077 834 1992 1810 1182 928 1736 395 1791 1048 1970 164 1019 1649 
109 19 9 23 12 31 1917 1384 564 1714 1359 1739 1126 1550 676 451 1520 454 327 837 839 1608 69 1330 749 513 166 311 540 1914 1510 325 214 247 759 295 9 
110 23 5 26 8 31 1515 900 1012 1346 804 90 1876 862 1609 799 1080 1161 1064 1786 83 1707 1660 876 425 87 769 913 964 1937 1135 915 1039 892 512 1439 413 
111 23 8 26 12 32 519 1172 885 590 1379 1389 1722 1875 1849 569 942 6 469 1737 1152 511 1733 1032 796 329 632 169 85 1460 818 1422 1506 286 1235 1640 190 1584 
112 12 12 15 16 31 321 20 1797 386 701 1155 998 231 1686 603 443 1179 840 1744 1486 1435 1823 1959 1343 985 1769 1916 384 1239 1104 608 1949 778 1817 1803 1873 
113 12 16 15 19 31 1610 1088 707 1241 1928 1518 1768 1856 438 1829 756 935 1489 301 1995 58 1713 241 1547 1470 220 1432 1469 1618 889 745 17 1654 1705 1385 93 
114 15 12 19 15 31 929 1428 671 1911 439 457 1748 1679 1377 1778 739 1010 1749 1835 1388 496 901 118 1166 1099 1409 910 1447 1046 131 1658 444 963 853 1955 276 
115 15 15 19 19 32 894 363 1021 1413 1862 1297 77 313 1634 196 368 923 734 1699 803 1597 177 529 986 1299 636 308 98 408 1106 1015 842 1885 860 345 624 1598 
116 12 19 16 23 31 1137 1026 1105 980 1642 399 1546 1446 1037 1386 1787 1130 1144 1868 717 666 1973 1857 467 86 898 1773 1101 1159 1233 1357 1008 1160 1968 1017 1723 
117 12 23 16 26 31 867 1834 1977 1661 1884 1214 1632 1003 133 828 1375 1940 447 1353 1662 293 1380 1234 908 478 117 764 1114 782 1042 403 1121 75 1289 1378 549 
118 16 19 19 22 31 215 552 1136 956 1544 604 1482 545 1240 1333 1116 936 888 1084 160 637 175 948 1120 1438 1630 354 499 1591 1231 1245 576 1755 740 362 264 
119 16 22 19 26 32 344 1147 29 248 209 476 504 270 1836 1647 582 115 217 844 571 1263 805 134 1996 1320 1499 925 406 106 1324 802 1667 1783 319 346 1020 703 
120 19 12 22 15 31 720 1079 1119 605 430 1468 339 706 702 1788 116 426 737 1772 1133 191 1670 284 657 1593 52 1874 812 1049 688 1692 1467 89 597 161 1065 
121 19 15 22 18 31 1625 694 1530 1035 1883 851 216 1094 1867 1453 776 1195 1936 634 615 1802 1419 1969 506 463 1471 208 1123 310 1974 207 135 786 211 1306 1113 
122 22 12 26 15 31 757 484 1340 226 1267 54 623 1301 768 433 525 1542 614 250 845 158 1154 1405 1491 470 1184 501 350 1498 1698 957 1729 1022 1574 1627 1944 
123 22 15 26 18 32 1889 233 129 352 273 544 335 810 464 201 1495 168 1565 1224 833 176 1129 780 1316 1976 1004 1775 568 1734 1701 1583 53 266 779 793 167 304 
124 19 18 22 23 31 1752 619 431 978 639 746 1474 1965 943 1364 183 1795 1513 43 602 678 1236 1758 360 1922 1118 171 1483 1348 491 1606 1620 48 462 1463 126 
125 19 23 22 26 31 1082 37 738 1507 1756 1044 1366 871 560 1611 1086 1939 835 61 592 820 391 685 23 811 1554 297 489 1716 806 1269 949 324 879 919 155 
126 22 18 26 21 31 1481 1738 1052 1646 289 1880 277 22 967 500 1393 108 543 1295 1449 594 677 1365 832 893 520 1539 1367 1268 287 1827 1248 996 527 1508 1321 
127 22 21 26 26 32 640 547 45 351 1141 1672 1578 229 1464 1323 1033 1000 1025 1925 225 1255 610 1308 1185 320 259 1370 1865 1030 1789 1535 1125 262 1561 1416 1745 1339 
