2048
2048 0 0 4 19 4 6627 4765 9392 6988 
2049 4 0 13 19 5 8824 9922 6378 5208 4860 
2050 0 19 5 31 5 2119 5095 2621 5493 1800 
2051 5 19 13 31 5 4776 7412 5479 7451 9945 
2052 13 0 20 17 5 9587 9846 8933 4584 8356 
2053 20 0 29 17 5 7070 1844 8477 1160 2499 
2054 13 17 21 31 5 6047 2996 8119 4390 6219 
2055 21 17 29 31 5 4319 8714 106 7773 8707 
2056 0 31 6 46 4 8649 522 1985 4754 
2057 6 31 17 46 5 4450 9046 8820 2736 2711 
2058 0 46 5 64 5 7403 4854 1658 8442 910 
2059 5 46 17 64 5 6740 9880 8815 4992 449 
2060 17 31 20 43 5 1797 6124 5951 9056 7697 
2061 20 31 29 43 5 6969 3368 3175 2880 9152 
2062 17 43 22 64 5 4619 984 4688 1614 1831 
2063 22 43 29 64 5 8509 9261 6095 7063 2372 
2064 29 0 36 14 4 1017 4925 3178 3510 
2065 36 0 45 14 5 552 4439 1653 3302 5045 
2066 29 14 34 28 5 1805 8897 6884 2418 6315 
2067 34 14 45 28 5 9962 7562 7210 5937 4650 
2068 45 0 50 7 5 7034 4893 6616 2663 6130 
2069 50 0 63 7 5 4588 3648 9436 4958 5133 
2070 45 7 51 28 5 936 7658 9677 8984 2878 
2071 51 7 63 28 5 5796 7893 7018 9488 6102 
2072 29 28 42 42 4 3304 6310 825 605 
2073 42 28 49 42 5 7743 4099 9745 3535 9597 
2074 29 42 39 64 5 9136 3023 3170 3305 1394 
2075 39 42 49 64 5 4867 4900 3754 6185 6560 
2076 49 28 53 47 5 9333 7255 6537 3169 892 
2077 53 28 63 47 5 5876 2330 9548 5102 1951 
2078 49 47 58 64 5 9449 7302 4308 8279 9272 
2079 58 47 63 64 5 5086 8601 6334 4792 3197 
2080 0 64 5 79 4 5258 2847 5678 5541 
2081 5 64 12 79 5 5051 9326 18 9076 8973 
2082 0 79 3 90 5 2273 3378 2466 3761 947 
2083 3 79 12 90 5 1536 3563 7641 6832 1786 
2084 12 64 25 75 5 7392 8378 8152 4346 8012 
2085 25 64 34 75 5 2854 3717 564 8540 4351 
2086 12 75 29 90 5 8979 6647 4784 537 7833 
2087 29 75 34 90 5 5976 681 1138 9562 9783 
2088 0 90 5 108 4 3258 454 1936 3966 
2089 5 90 11 108 5 3356 7728 9110 1281 4676 
2090 0 108 2 125 5 7064 3158 3899 8717 3750 
2091 2 108 11 125 5 6888 8245 5569 9100 656 
2092 11 90 23 105 5 5534 3555 8447 7361 1712 
2093 23 90 34 105 5 363 5563 4291 1968 7535 
2094 11 105 19 125 5 2186 9698 5507 3764 6697 
2095 19 105 34 125 5 637 3933 7759 9305 4956 
2096 34 64 39 75 4 896 1367 395 9932 
2097 39 64 43 75 5 828 2976 8018 8247 8853 
2098 34 75 38 95 5 4217 6965 610 2441 4030 
2099 38 75 43 95 5 5240 7876 5830 4024 4055 
2100 43 64 49 76 5 5181 5043 6892 730 1757 
2101 49 64 63 76 5 8502 4295 4721 5978 3248 
2102 43 76 53 95 5 7492 7997 5614 8368 854 
2103 53 76 63 95 5 9702 8736 6596 332 409 
2104 34 95 42 109 4 583 2271 8708 4409 
2105 42 95 49 109 5 558 3783 2329 744 4549 
2106 34 109 43 125 5 1681 7019 9995 6618 2116 
2107 43 109 49 125 5 5898 2873 4048 8430 58 
2108 49 95 54 110 5 2645 7650 1381 2794 47 
2109 54 95 63 110 5 6835 6846 7967 5901 5620 
2110 49 110 54 125 5 7216 2667 6633 2823 911 
2111 54 110 63 125 5 4206 723 5172 8174 1856 
2112 63 0 68 18 4 1257 4615 8935 1337 
2113 68 0 75 18 5 4846 8686 4610 8939 2533 
2114 63 18 68 32 5 8399 5371 3199 3166 9153 
2115 68 18 75 32 5 3084 6465 5821 2848 8095 
2116 75 0 83 14 5 4575 2468 3576 7434 9774 
2117 83 0 95 14 5 6827 5597 1863 5114 843 
2118 75 14 88 32 5 1125 8329 2713 5917 2211 
2119 88 14 95 32 5 2141 9026 6374 1235 8421 
2120 63 32 69 43 4 7097 199 1243 1219 
2121 69 32 82 43 5 1808 6030 9722 8504 6375 
2122 63 43 74 61 5 4971 1323 7048 8013 513 
2123 74 43 82 61 5 4684 4164 5289 7303 2026 
2124 82 32 86 46 5 2020 7072 8739 3491 6427 
2125 86 32 95 46 5 9217 351 1326 1423 4669 
2126 82 46 90 61 5 9222 685 7983 9750 4026 
2127 90 46 95 61 5 6828 9336 6613 9182 9685 
2128 95 0 102 15 4 4544 3045 161 8675 
2129 102 0 109 15 5 2090 1666 9666 1802 9621 
2130 95 15 105 27 5 3062 8725 2609 7149 2242 
2131 105 15 109 27 5 5483 8073 8480 65 1494 
2132 109 0 115 11 5 8210 7525 822 6600 9047 
2133 115 0 126 11 5 978 8185 3984 8098 4570 
2134 109 11 117 27 5 73 7644 6704 6722 1965 
2135 117 11 126 27 5 7989 3724 5022 8831 3713 
2136 95 27 106 48 4 4524 3215 9791 6590 
2137 106 27 113 48 5 4905 4608 9772 7274 9254 
2138 95 48 109 61 5 6025 6220 1495 4528 7692 
2139 109 48 113 61 5 5096 7755 7961 5601 788 
2140 113 27 120 42 5 6876 7576 9906 447 2362 
2141 120 27 126 42 5 3561 8989 4632 2183 1847 
2142 113 42 120 61 5 8328 9456 3444 1819 1994 
2143 120 42 126 61 5 6746 412 6356 245 7995 
2144 63 61 69 74 4 4671 9004 3769 3961 
2145 69 61 80 74 5 3827 8591 4698 3771 9541 
2146 63 74 73 92 5 5455 7721 6853 1041 8314 
2147 73 74 80 92 5 3860 7530 2662 4263 2525 
2148 80 61 86 73 5 1061 2567 7719 1755 9628 
2149 86 61 91 73 5 6805 5770 3755 7663 2874 
2150 80 73 85 92 5 7227 512 8280 2259 481 
2151 85 73 91 92 5 7794 8770 1799 5503 1716 
2152 63 92 69 108 4 4948 8241 7518 3014 
2153 69 92 76 108 5 9189 8947 736 8405 673 
2154 63 108 66 125 5 2498 4480 6256 2445 9664 
2155 66 108 76 125 5 2318 7507 6808 7351 3182 
2156 76 92 82 106 5 6484 3832 237 6506 766 
2157 82 92 91 106 5 9988 9471 9528 9857 8055 
2158 76 106 80 125 5 4912 1346 4810 4223 3071 
2159 80 106 91 125 5 5210 8705 2136 466 9244 
2160 91 61 98 74 4 2287 5884 1352 6611 
2161 98 61 106 74 5 6371 817 2938 8811 4759 
2162 91 74 101 89 5 4312 9377 9863 2153 5497 
2163 101 74 106 89 5 3490 7689 6433 24 1782 
2164 106 61 114 75 5 7000 275 9452 618 3191 
2165 114 61 126 75 5 9157 9994 3902 510 8020 
2166 106 75 120 89 5 9011 2019 1256 9704 4018 
2167 120 75 126 89 5 1419 8641 8019 9708 1842 
2168 91 89 100 105 5 3232 2853 11 3252 321 
2169 100 89 109 105 5 2267 6729 4158 7124 966 
2170 91 105 100 125 5 1351 7365 6758 4221 2766 
2171 100 105 109 125 5 2981 7240 3954 4959 1082 
2172 109 89 118 102 5 1253 5686 6625 4704 1730 
2173 118 89 126 102 5 8848 4729 30 7532 9322 
2174 109 102 116 125 5 8585 2987 133 7975 3859 
2175 116 102 126 125 5 3573 8354 8754 8960 5189 
2176 0 125 3 141 4 7266 4922 5334 5369 
2177 3 125 18 141 5 2838 1747 4858 9892 5024 
2178 0 141 14 154 5 2698 604 5478 3793 2588 
2179 14 141 18 154 5 641 6325 7914 7831 1276 
2180 18 125 27 136 5 8634 3870 8178 5855 7984 
2181 27 125 33 136 5 3005 1430 1924 9054 4035 
2182 18 136 26 154 5 5611 7620 863 3557 2495 
2183 26 136 33 154 5 8942 9605 5236 2795 6420 
2184 0 154 5 173 4 3743 4458 7694 3245 
2185 5 154 17 173 5 5693 9196 5113 2958 7799 
2186 0 173 6 188 5 6045 5953 6299 6658 8821 
2187 6 173 17 188 5 3345 6294 1242 9511 4523 
2188 17 154 27 169 5 6363 341 6549 1004 2179 
2189 27 154 33 169 5 6482 5698 3099 2377 6540 
2190 17 169 21 188 5 8254 9636 4188 1331 6980 
2191 21 169 33 188 5 4310 7827 4755 4040 92 
2192 33 125 41 139 4 3511 6295 3184 8166 
2193 41 125 49 139 5 9300 3087 7416 9266 9695 
2194 33 139 44 157 5 8414 5109 3609 9344 1884 
2195 44 139 49 157 5 7968 5551 1879 9808 2764 
2196 49 125 56 140 5 838 5645 8668 2487 3114 
2197 56 125 65 140 5 4538 3824 3155 3879 2697 
2198 49 140 60 157 5 2205 3447 3551 1632 1250 
2199 60 140 65 157 5 1465 5997 2651 5657 6160 
2200 33 157 38 167 4 6275 2546 2396 1551 
2201 38 157 47 167 5 4766 5760 3850 3310 288 
2202 33 167 43 188 5 6336 7042 8891 2169 1167 
2203 43 167 47 188 5 7756 6177 4933 1810 1534 
2204 47 157 58 172 5 1665 4822 4317 912 3183 
2205 58 157 65 172 5 1205 1664 498 508 8199 
2206 47 172 52 188 5 1100 1703 5486 4070 7563 
2207 52 172 65 188 5 534 9088 995 5435 631 
2208 0 188 3 199 4 4590 3100 2122 4095 
2209 3 188 10 199 5 751 6074 9894 9986 7331 
2210 0 199 5 217 5 7053 2718 7407 3807 4981 
2211 5 199 10 217 5 1590 5765 2813 719 5382 
2212 10 188 15 205 5 4851 7344 6584 9674 7517 
2213 15 188 33 205 5 6353 2474 2769 4088 6712 
2214 10 205 18 217 5 3477 849 7461 3177 5925 
2215 18 205 33 217 5 5807 5062 2708 7074 6070 
2216 0 217 7 230 4 3513 907 492 7369 
2217 7 217 13 230 5 8492 3596 7568 2038 5511 
2218 0 230 5 249 5 2127 7981 7901 8817 6757 
2219 5 230 13 249 5 4465 5617 8025 8384 3249 
2220 13 217 24 233 5 2715 5409 3049 6973 7022 
2221 24 217 33 233 5 4178 926 4642 2484 2978 
2222 13 233 22 249 5 5736 3718 80 9058 2891 
2223 22 233 33 249 5 4996 8937 6650 6826 4163 
2224 33 188 40 202 4 704 463 7183 5329 
2225 40 188 46 202 5 3200 26 8086 4595 1554 
2226 33 202 38 220 5 8996 3435 8275 4618 1422 
2227 38 202 46 220 5 2112 8944 5581 8400 1738 
2228 46 188 61 202 5 8333 840 3559 413 5857 
2229 61 188 65 202 5 9304 1487 2897 2703 2460 
2230 46 202 54 220 5 4620 3697 5411 4360 5340 
2231 54 202 65 220 5 4384 1140 934 3167 7272 
2232 33 220 46 230 4 5286 731 220 3328 
2233 46 220 50 230 5 2926 1721 9206 9567 9970 
2234 33 230 38 249 5 3076 2389 9465 8994 9439 
2235 38 230 50 249 5 8462 9903 4787 8085 8681 
2236 50 220 59 232 5 6829 9606 9809 9527 6598 
2237 59 220 65 232 5 4631 9335 951 3202 287 
2238 50 232 56 249 5 5704 7032 5633 5377 8936 
2239 56 232 65 249 5 7822 3855 3926 8147 9204 
2240 65 125 69 145 4 4840 6322 4091 4036 
2241 69 125 81 145 5 5108 8544 1124 4307 71 
2242 65 145 76 158 5 9575 5916 1910 7473 792 
2243 76 145 81 158 5 2030 7613 3662 7588 8059 
2244 81 125 82 146 5 8272 4832 6181 8331 9825 
2245 82 125 96 146 5 7666 6023 7600 9935 9592 
2246 81 146 93 158 5 8746 2636 988 3371 2630 
2247 93 146 96 158 5 6696 6895 8977 8760 3086 
2248 65 158 67 168 4 6861 5001 2074 5480 
2249 67 158 77 168 5 2353 119 7513 7787 2676 
2250 65 168 70 185 5 5251 860 3740 7464 9850 
2251 70 168 77 185 5 5985 3297 1568 8457 6751 
2252 77 158 83 175 5 4281 2146 5899 312 5604 
2253 83 158 96 175 5 1987 1775 8461 2671 1434 
2254 77 175 83 185 5 5911 3521 8034 1238 9366 
2255 83 175 96 185 5 4941 2700 2176 1806 9087 
2256 96 125 99 134 4 2243 9812 5465 6756 
2257 99 125 111 134 5 1883 1596 1660 2797 4011 
2258 96 134 102 154 5 7793 1234 7675 7419 555 
2259 102 134 111 154 5 3597 8923 2892 651 6868 
2260 111 125 119 143 5 4302 1416 9393 9998 4034 
2261 119 125 126 143 5 3699 4267 6731 5787 8149 
2262 111 143 115 154 5 6173 6077 608 3536 7884 
2263 115 143 126 154 5 6297 6206 8589 8926 6008 
2264 96 154 106 168 4 4169 7267 4952 7254 
2265 106 154 114 168 5 857 542 3029 9440 2056 
2266 96 168 107 185 5 5318 663 2192 7229 1055 
2267 107 168 114 185 5 5155 9912 5123 702 7945 
2268 114 154 119 168 5 1397 9093 7729 2728 4533 
2269 119 154 126 168 5 3747 8724 4165 1134 9048 
2270 114 168 119 185 5 6926 2510 6182 7120 9993 
2271 119 168 126 185 5 6393 5048 1204 4606 3489 
2272 65 185 68 196 4 3242 62 6311 4039 
2273 68 185 80 196 5 5444 270 7366 9938 8747 
2274 65 196 72 221 5 6231 2619 5138 4262 1540 
2275 72 196 80 221 5 4788 4241 5838 5590 967 
2276 80 185 86 208 5 571 2229 5731 8071 7923 
2277 86 185 93 208 5 1322 9360 7949 8409 6869 
2278 80 208 85 221 5 6733 5448 5952 2778 4318 
2279 85 208 93 221 5 3668 609 9547 1641 9720 
2280 65 221 75 232 4 8610 1979 3986 9065 
2281 75 221 81 232 5 5262 3067 5068 1940 3881 
2282 65 232 70 249 5 4740 8490 4634 1861 1164 
2283 70 232 81 249 5 9596 6628 7285 5337 5681 
2284 81 221 88 237 5 914 5107 1031 404 8027 
2285 88 221 93 237 5 9382 2951 1857 8503 4404 
2286 81 237 86 249 5 8500 9984 1984 7432 7996 
2287 86 237 93 249 5 9609 8807 7917 5373 2032 
2288 93 185 104 200 4 7384 9289 444 8170 
2289 104 185 111 200 5 3383 1935 8274 5853 6572 
2290 93 200 102 210 5 7686 674 3965 9293 169 
2291 102 200 111 210 5 5652 6293 8769 6928 4430 
2292 111 185 118 195 5 8934 6512 8238 1748 6304 
2293 118 185 126 195 5 9731 7040 3339 9489 436 
2294 111 195 118 210 5 9532 6645 5903 778 3690 
2295 118 195 126 210 5 3041 3945 2125 2244 7433 
2296 93 210 103 229 5 4611 8075 1941 1512 6551 
2297 103 210 109 229 5 8296 679 1982 8489 3790 
2298 93 229 102 249 5 6536 8406 6532 7951 1401 
2299 102 229 109 249 5 6603 7875 3659 7335 9651 
2300 109 210 117 233 5 2956 8427 509 4621 5500 
2301 117 210 126 233 5 7990 2002 2558 883 1916 
2302 109 233 121 249 5 1766 1026 4574 3093 21 
2303 121 233 126 249 5 8551 4633 1932 8004 6580 
2304 126 0 132 11 4 8676 8049 3261 9782 
2305 132 0 139 11 5 4235 1727 7213 1414 8408 
2306 126 11 134 25 5 2069 4564 7073 5556 6034 
2307 134 11 139 25 5 5190 2057 647 2143 3047 
2308 139 0 149 9 5 547 7569 2165 4372 2194 
2309 149 0 157 9 5 7733 6081 4309 4109 6920 
2310 139 9 144 25 5 3102 5331 9062 4880 5311 
2311 144 9 157 25 5 6445 2031 25 5921 9176 
2312 126 25 136 35 4 4294 2172 1553 7950 
2313 136 25 142 35 5 2710 4656 1110 2333 129 
2314 126 35 134 56 5 1971 2709 9844 3052 6307 
2315 134 35 142 56 5 8364 160 5582 5766 1318 
2316 142 25 148 41 5 1928 7400 6230 1801 2149 
2317 148 25 157 41 5 3464 765 9643 8691 2777 
2318 142 41 147 56 5 1054 682 3674 9422 7341 
2319 147 41 157 56 5 4955 302 5742 8156 3562 
2320 157 0 163 16 4 1448 1312 3852 9891 
2321 163 0 175 16 5 1869 4768 7147 7966 9590 
2322 157 16 165 29 5 5130 9309 5330 2303 2982 
2323 165 16 175 29 5 830 6204 6914 5139 1147 
2324 175 0 178 20 5 7682 3373 4534 4916 298 
2325 178 0 190 20 5 7191 4737 821 4910 9115 
2326 175 20 183 29 5 2437 9851 2096 4563 9837 
2327 183 20 190 29 5 8277 693 8008 1248 9800 
2328 157 29 165 42 4 5646 9842 6110 2281 
2329 165 29 176 42 5 4283 8255 9247 6755 2931 
2330 157 42 165 56 5 7010 8336 9670 3061 6129 
2331 165 42 176 56 5 9755 6986 388 55 8024 
2332 176 29 185 46 5 1222 7108 7066 1904 7198 
2333 185 29 190 46 5 2317 1067 2646 166 8985 
2334 176 46 182 56 5 9453 1420 6467 8476 8876 
2335 182 46 190 56 5 7505 5098 5281 7123 2837 
2336 126 56 138 65 4 1081 499 465 5227 
2337 138 56 147 65 5 6367 2536 2950 5268 3968 
2338 126 65 132 87 5 3944 2925 1739 7137 4179 
2339 132 65 147 87 5 8777 799 9601 2590 1654 
2340 147 56 152 68 5 9711 5489 814 1909 4782 
2341 152 56 160 68 5 3270 362 5935 9647 3728 
2342 147 68 151 87 5 4014 2600 5890 2741 5809 
2343 151 68 160 87 5 7969 8627 4894 4371 292 
2344 126 87 130 98 4 8387 8767 5496 2246 
2345 130 87 141 98 5 7550 8032 5090 729 2595 
2346 126 98 132 126 5 9833 5734 2799 1490 2869 
2347 132 98 141 126 5 3107 8562 5835 6488 5059 
2348 141 87 146 110 5 3978 890 9699 2727 4790 
2349 146 87 160 110 5 7150 5231 3426 7643 9041 
2350 141 110 153 126 5 5550 2347 9941 2150 646 
2351 153 110 160 126 5 4969 688 5427 8208 2305 
2352 160 56 168 71 4 1477 1613 6521 5384 
2353 168 56 178 71 5 4767 4560 7036 6804 8390 
2354 160 71 167 92 5 3583 9102 9311 1480 198 
2355 167 71 178 92 5 8154 4616 2359 8758 8197 
2356 178 56 184 78 5 5596 3834 2729 8856 5559 
2357 184 56 190 78 5 3341 7447 358 3364 8458 
2358 178 78 182 92 5 4506 7490 1975 3877 5061 
2359 182 78 190 92 5 8541 9454 8099 3698 4352 
2360 160 92 164 107 4 2254 2969 2337 1228 
2361 164 92 171 107 5 5756 491 9447 9256 1657 
2362 160 107 165 126 5 9155 7165 5865 4476 3638 
2363 165 107 171 126 5 1791 5722 6169 4242 6591 
2364 171 92 179 104 5 8693 6635 3212 9594 6193 
2365 179 92 190 104 5 5949 7130 6246 264 7446 
2366 171 104 177 126 5 4115 4482 3894 5610 1089 
2367 177 104 190 126 5 1907 1457 7751 8096 5128 
2368 190 0 196 13 4 9604 950 9342 5213 
2369 196 0 201 13 5 577 5193 5206 654 9909 
2370 190 13 198 29 5 785 3854 9241 2511 4943 
2371 198 13 201 29 5 2455 1740 6362 5979 1915 
2372 201 0 210 14 5 6166 1268 1609 6732 2803 
2373 210 0 221 14 5 6736 408 4772 5474 5754 
2374 201 14 211 29 5 8335 9251 9753 4437 1682 
2375 211 14 221 29 5 3684 4736 6425 3001 9105 
2376 190 29 199 43 4 683 9799 772 2175 
2377 199 29 204 43 5 4427 4743 4204 5512 204 
2378 190 43 195 63 5 7215 2919 2216 4087 9445 
2379 195 43 204 63 5 6866 6960 8021 3732 2068 
2380 204 29 216 50 5 721 7913 6606 8377 3608 
2381 216 29 221 50 5 798 6569 4947 2251 7196 
2382 204 50 213 63 5 1956 7863 1287 9049 8495 
2383 213 50 221 63 5 1601 6064 427 9778 6483 
2384 221 0 229 10 4 3991 3442 8836 864 
2385 229 0 242 10 5 8564 431 6760 7735 2544 
2386 221 10 232 34 5 8352 4828 2331 6811 6882 
2387 232 10 242 34 5 2772 9579 2502 9801 5119 
2388 242 0 249 20 5 2801 2806 2025 9887 9530 
2389 249 0 258 20 5 8916 5235 127 8847 895 
2390 242 20 251 34 5 4381 726 2722 7249 6451 
2391 251 20 258 34 5 9415 1558 5751 9470 5217 
2392 221 34 233 45 4 4962 787 3145 5333 
2393 233 34 238 45 5 5010 5520 6460 9098 4220 
2394 221 45 230 63 5 1001 541 1969 1209 115 
2395 230 45 238 63 5 3165 8105 7468 1834 8468 
2396 238 34 248 51 5 7810 472 9286 8261 1600 
2397 248 34 258 51 5 8139 1912 53 5516 8949 
2398 238 51 245 63 5 6176 859 5308 4967 9462 
2399 245 51 258 63 5 1047 9563 8470 6257 8150 
2400 190 63 202 69 4 1803 9537 1431 235 
2401 202 63 208 69 5 7410 2364 2166 6810 9802 
2402 190 69 199 91 5 2235 2876 2995 3060 9834 
2403 199 69 208 91 5 8109 9710 3271 5579 8179 
2404 208 63 217 78 5 1231 1095 3320 1108 1440 
2405 217 63 227 78 5 3976 9094 7802 4572 4997 
2406 208 78 217 91 5 4205 9836 9824 3186 794 
2407 217 78 227 91 5 309 277 3441 2292 439 
2408 190 91 205 107 4 3719 7744 1456 4999 
2409 205 91 209 107 5 697 8347 7307 8877 3779 
2410 190 107 203 126 5 6188 6498 5801 872 8117 
2411 203 107 209 126 5 6707 5025 3843 3545 3024 
2412 209 91 218 110 5 4168 6390 360 8608 9042 
2413 218 91 227 110 5 3846 9874 6041 5785 2610 
2414 209 110 220 126 5 1592 4096 9600 7111 8439 
2415 220 110 227 126 5 4392 6924 6570 3127 2152 
2416 227 63 229 72 4 8793 2278 4934 3344 
2417 229 63 236 72 5 8491 7039 7203 5780 8026 
2418 227 72 232 88 5 3746 7746 3901 6144 1218 
2419 232 72 236 88 5 8016 6062 7673 8887 9771 
2420 236 63 251 82 5 5410 9 3059 3436 2680 
2421 251 63 258 82 5 7231 8382 8759 9214 851 
2422 236 82 246 88 5 2861 1798 6216 4004 1926 
2423 246 82 258 88 5 5553 7985 2053 5950 6057 
2424 227 88 233 107 5 3663 1618 3602 9859 826 
2425 233 88 241 107 5 1023 938 174 3306 8883 
2426 227 107 233 126 5 2209 2436 94 6434 5837 
2427 233 107 241 126 5 9866 6335 1295 3179 7065 
2428 241 88 250 99 5 5752 5654 7630 3365 6501 
2429 250 88 258 99 5 1733 5182 7467 2625 4301 
2430 241 99 244 126 5 4432 4321 6285 9691 774 
2431 244 99 258 126 5 1341 8118 4216 748 1974 
2432 126 126 130 138 4 182 5006 6776 6013 
2433 130 126 137 138 5 9275 2204 897 6623 5932 
2434 126 138 130 150 5 4284 9595 6226 6653 2875 
2435 130 138 137 150 5 4629 5469 1129 8733 3299 
2436 137 126 141 135 5 600 424 4433 6189 2566 
2437 141 126 159 135 5 7730 592 9358 5982 8658 
2438 137 135 151 150 5 5019 478 2622 993 9325 
2439 151 135 159 150 5 3810 1760 1670 6192 1796 
2440 126 150 132 160 4 853 387 2998 7626 
2441 132 150 144 160 5 3819 3818 2750 2955 4778 
2442 126 160 134 182 5 5618 1484 8575 9103 1357 
2443 134 160 144 182 5 6706 1455 3291 6839 3725 
2444 144 150 155 171 5 2234 7300 2145 2805 9399 
2445 155 150 159 171 5 8253 827 9022 9373 2376 
2446 144 171 150 182 5 462 9888 3395 2844 9519 
2447 150 171 159 182 5 8395 922 4866 4680 4501 
2448 159 126 166 142 4 4403 3856 1550 475 
2449 166 126 175 142 5 5168 5415 303 3858 8751 
2450 159 142 167 159 5 6680 3876 644 1693 4060 
2451 167 142 175 159 5 322 8779 7790 6373 2290 
2452 175 126 188 147 5 5332 6954 7262 3729 1891 
2453 188 126 191 147 5 1444 4780 960 4477 7834 
2454 175 147 184 159 5 4 4961 2524 5310 4074 
2455 184 147 191 159 5 5544 8987 6848 6749 7263 
2456 159 159 166 168 4 8270 8522 6377 7477 
2457 166 159 175 168 5 8866 7087 786 84 923 
2458 159 168 165 182 5 4474 4118 3595 3650 442 
2459 165 168 175 182 5 5970 5338 3693 619 2802 
2460 175 159 186 167 5 1226 632 6355 7977 6232 
2461 186 159 191 167 5 1952 9160 3614 1297 7784 
2462 175 167 185 182 5 5357 6436 9242 8650 8122 
2463 185 167 191 182 5 3653 9148 5537 1012 1710 
2464 126 182 135 197 4 4328 3194 9957 8433 
2465 135 182 142 197 5 7251 9881 5174 5575 3140 
2466 126 197 137 211 5 249 7571 7408 8673 1580 
2467 137 197 142 211 5 8258 5252 7005 8663 468 
2468 142 182 145 192 5 9582 3632 9472 5882 8402 
2469 145 182 158 192 5 4353 4347 1518 3361 6959 
2470 142 192 149 211 5 6754 102 323 776 1172 
2471 149 192 158 211 5 5799 8557 4460 9796 37 
2472 126 211 132 232 4 1117 3203 5549 5305 
2473 132 211 145 232 5 917 4557 5543 1462 2262 
2474 126 232 133 249 5 5007 4331 7346 1507 638 
2475 133 232 145 249 5 1254 1404 4993 4732 8844 
2476 145 211 152 227 5 4863 5485 5851 252 3188 
2477 152 211 158 227 5 5079 6602 3821 4451 4601 
2478 145 227 152 249 5 8677 8554 3624 6587 3153 
2479 152 227 158 249 5 2921 1241 578 7209 7481 
2480 158 182 166 195 4 9316 2508 7854 8297 
2481 166 182 175 195 5 2022 3239 3964 2099 7652 
2482 158 195 170 212 5 9350 4644 2843 9000 4191 
2483 170 195 175 212 5 1399 1161 3455 8553 846 
2484 175 182 186 199 5 623 9113 2124 7211 2942 
2485 186 182 191 199 5 2768 9191 6399 8572 9728 
2486 175 199 182 212 5 8873 5446 8798 2980 5639 
2487 182 199 191 212 5 9068 1918 7458 2080 1621 
2488 158 212 168 222 4 7885 2102 3989 4571 
2489 168 212 175 222 5 615 5391 4920 9446 1788 
2490 158 222 162 249 5 6780 725 1186 8006 9070 
2491 162 222 175 249 5 8894 4719 5957 4687 113 
2492 175 212 184 230 5 9374 1139 4057 8267 6824 
2493 184 212 191 230 5 7878 1032 1319 1765 845 
2494 175 230 180 249 5 4438 4942 4410 7924 209 
2495 180 230 191 249 5 1020 6372 8137 758 3008 
2496 191 126 198 138 4 9502 3917 8317 8198 
2497 198 126 206 138 5 6815 7889 4226 2963 5723 
2498 191 138 198 163 5 6280 1582 7690 7435 452 
2499 198 138 206 163 5 705 7050 7611 3766 5913 
2500 206 126 211 144 5 6905 9656 999 8535 7289 
2501 211 126 227 144 5 2196 8411 9355 2807 664 
2502 206 144 222 163 5 1690 280 1048 8870 1155 
2503 222 144 227 163 5 1152 4077 9556 9491 1626 
2504 191 163 195 176 4 9638 241 3842 7201 
2505 195 163 208 176 5 6575 9798 9747 6998 3677 
2506 191 176 194 189 5 5568 2932 8207 4559 7200 
2507 194 176 208 189 5 8547 2860 2094 3311 6469 
2508 208 163 214 176 5 7405 7888 3569 3620 9353 
2509 214 163 227 176 5 791 7452 141 7415 9524 
2510 208 176 217 189 5 3816 8101 3143 9411 2449 
2511 217 176 227 189 5 5775 4865 9929 4108 3072 
2512 227 126 230 136 4 6213 8169 4852 4471 
2513 230 126 240 136 5 3739 16 6727 7623 9966 
2514 227 136 232 155 5 7086 5864 4973 5016 6801 
2515 232 136 240 155 5 3787 6198 8076 7740 1063 
2516 240 126 243 145 5 9387 3581 9460 5538 3051 
2517 243 126 258 145 5 6017 6381 1373 6383 6341 
2518 240 145 249 155 5 9534 114 4872 9716 6259 
2519 249 145 258 155 5 6104 2679 4911 5960 7016 
2520 227 155 229 174 4 9818 8925 5675 1640 
2521 229 155 238 174 5 1515 6358 5304 7001 175 
2522 227 174 231 189 5 6168 5692 5052 3714 4300 
2523 231 174 238 189 5 6266 9015 4355 9738 6141 
2524 238 155 251 178 5 3176 6747 3935 1945 3342 
2525 251 155 258 178 5 8173 8872 6044 5134 5850 
2526 238 178 252 189 5 4741 6005 9931 2790 9679 
2527 252 178 258 189 5 2453 5335 2245 7861 4380 
2528 191 189 194 197 4 9845 6486 5224 5858 
2529 194 189 206 197 5 1545 441 5955 5615 6962 
2530 191 197 200 216 5 3565 1685 4219 640 4748 
2531 200 197 206 216 5 9123 3517 1713 6619 2754 
2532 206 189 217 203 5 9045 8229 7625 6597 5920 
2533 217 189 222 203 5 7636 3833 4066 7380 4357 
2534 206 203 216 216 5 4238 2618 2624 4702 7430 
2535 216 203 222 216 5 1695 4250 8785 9301 5027 
2536 191 216 200 231 4 9629 2657 8372 3066 
2537 200 216 206 231 5 4058 2006 8195 7026 1832 
2538 191 231 201 249 5 7224 718 6179 3914 4254 
2539 201 231 206 249 5 7545 2929 1648 1019 958 
2540 206 216 212 228 5 8486 5674 7428 2593 2231 
2541 212 216 222 228 5 9526 6940 4510 5106 595 
2542 206 228 211 249 5 7041 7781 1823 5067 1263 
2543 211 228 222 249 5 7764 4946 3401 5660 6552 
2544 222 189 227 200 4 9878 6571 8631 1463 
2545 227 189 237 200 5 3469 2717 8810 2986 7343 
2546 222 200 228 216 5 162 6897 1587 443 6021 
2547 228 200 237 216 5 7258 417 6621 9498 6595 
2548 237 189 249 195 5 8804 6787 8056 5607 3389 
2549 249 189 258 195 5 4076 2758 4881 6529 7957 
2550 237 195 241 216 5 1644 2473 3556 1446 2221 
2551 241 195 258 216 5 4020 5732 4023 6735 6012 
2552 222 216 230 234 5 178 2444 1615 5313 3878 
2553 230 216 236 234 5 7699 5924 9715 1454 8438 
2554 222 234 230 249 5 6453 1099 2691 4686 1789 
2555 230 234 236 249 5 2575 2585 8570 1386 5031 
2556 236 216 242 232 5 3799 5998 2896 9717 6258 
2557 242 216 258 232 5 6312 8326 2804 3439 4567 
2558 236 232 246 249 5 8161 8054 9971 8293 9291 
2559 246 232 258 249 5 4297 9754 4456 1850 1233 
2560 0 249 7 270 4 837 8141 1115 8311 
2561 7 249 15 270 5 2132 4485 2106 7567 3825 
2562 0 270 7 285 5 9159 9790 677 5383 7933 
2563 7 270 15 285 5 1564 8422 5118 3384 4875 
2564 15 249 24 270 5 5441 8417 1736 1123 7104 
2565 24 249 29 270 5 716 2114 9948 3218 696 
2566 15 270 19 285 5 5783 1696 7929 6494 5219 
2567 19 270 29 285 5 7298 4678 1360 5748 2306 
2568 0 285 8 308 4 5470 267 6296 1212 
2569 8 285 12 308 5 1925 1631 908 6531 85 
2570 0 308 3 321 5 375 753 7965 8039 9714 
2571 3 308 12 321 5 2293 6651 5126 875 9163 
2572 12 285 24 310 5 8598 7377 5624 6850 7649 
2573 24 285 29 310 5 7372 9213 3512 9397 9029 
2574 12 310 23 321 5 5727 9538 2693 6000 7292 
2575 23 310 29 321 5 1742 8302 2088 3274 5072 
2576 29 249 38 266 4 5529 5846 4757 5868 
2577 38 249 46 266 5 9165 3192 1224 7457 2652 
2578 29 266 37 285 5 533 2483 8711 7788 1761 
2579 37 266 46 285 5 4517 5975 1830 3450 4286 
2580 46 249 56 264 5 3144 6277 700 3610 1162 
2581 56 249 62 264 5 8909 4807 3817 5207 5032 
2582 46 264 56 285 5 3506 569 1750 1044 6576 
2583 56 264 62 285 5 1839 2732 4341 7194 3082 
2584 29 285 39 307 4 9057 349 2785 3497 
2585 39 285 46 307 5 6061 486 3630 3276 1825 
2586 29 307 37 321 5 2040 1271 1370 2367 100 
2587 37 307 46 321 5 9267 7556 1500 3244 8079 
2588 46 285 55 301 5 4270 7237 7604 945 3836 
2589 55 285 62 301 5 1754 4516 9517 9297 9138 
2590 46 301 52 321 5 7236 4521 4119 6036 3558 
2591 52 301 62 321 5 1684 4279 6762 6767 3689 
2592 0 321 4 333 4 3010 9921 3627 6072 
2593 4 321 15 333 5 1858 7707 6201 340 2093 
2594 0 333 11 349 5 1829 1028 7264 179 1741 
2595 11 333 15 349 5 662 2917 5885 259 6007 
2596 15 321 19 340 5 3503 4061 955 51 9997 
2597 19 321 32 340 5 5892 3213 4979 5973 4963 
2598 15 340 22 349 5 8374 4818 8222 5390 3057 
2599 22 340 32 349 5 1084 6463 3034 7828 3484 
2600 0 349 4 358 4 1145 4902 7851 3154 
2601 4 349 14 358 5 9617 6643 2071 5816 3348 
2602 0 358 7 382 5 3812 7218 6867 1655 6391 
2603 7 358 14 382 5 793 7462 2066 768 3237 
2604 14 349 26 369 5 8360 7617 5822 3949 972 
2605 26 349 32 369 5 7439 4714 6744 9976 9483 
2606 14 369 25 382 5 3773 8599 8783 9232 4640 
2607 25 369 32 382 5 2412 1645 7362 8177 3189 
2608 32 321 34 336 4 6382 4607 4664 6402 
2609 34 321 45 336 5 4582 8191 7573 2210 5295 
2610 32 336 39 350 5 8854 3474 871 2512 5241 
2611 39 336 45 350 5 5749 9383 7597 2635 6993 
2612 45 321 49 333 5 8107 7279 8393 157 1252 
2613 49 321 62 333 5 7248 714 4539 2018 611 
2614 45 333 50 350 5 3649 2538 7106 8196 9197 
2615 50 333 62 350 5 529 227 6932 801 5753 
2616 32 350 42 360 4 3319 7964 4605 7411 
2617 42 350 48 360 5 1826 4431 3678 1313 9112 
2618 32 360 41 382 5 4278 4466 9536 5609 1901 
2619 41 360 48 382 5 5105 886 8920 4707 5539 
2620 48 350 59 367 5 6795 5069 7103 6313 903 
2621 59 350 62 367 5 9421 3633 6103 4366 5695 
2622 48 367 52 382 5 403 9815 5594 7738 7312 
2623 52 367 62 382 5 4098 3660 7015 2310 956 
2624 62 249 68 265 4 6217 7837 4198 3130 
2625 68 249 79 265 5 9367 8046 9375 3285 2213 
2626 62 265 70 282 5 4995 4079 2284 1105 6024 
2627 70 265 79 282 5 4553 5943 4509 7119 5504 
2628 79 249 84 268 5 7051 8472 6387 7992 2360 
2629 84 249 94 268 5 5267 9701 2311 7548 9914 
2630 79 268 85 282 5 2756 2374 5968 293 773 
2631 85 268 94 282 5 3096 546 7055 7038 7653 
2632 62 282 67 298 4 574 2467 1864 6411 
2633 67 282 75 298 5 5472 9308 9576 2742 8699 
2634 62 298 68 321 5 9208 6692 502 4712 2381 
2635 68 298 75 321 5 841 8695 6917 2181 8566 
2636 75 282 83 304 5 1016 6339 8132 4531 4265 
2637 83 282 94 304 5 8884 4491 5442 1460 2979 
2638 75 304 83 321 5 5375 4781 6028 6278 2215 
2639 83 304 94 321 5 5195 8645 5954 8051 4103 
2640 94 249 103 270 4 9510 636 5640 8256 
2641 103 249 114 270 5 7845 7089 4990 2900 3461 
2642 94 270 104 285 5 7844 6223 4468 2384 7184 
2643 104 270 114 285 5 6909 1180 2792 5862 538 
2644 114 249 119 265 5 996 7131 9101 1030 142 
2645 119 249 127 265 5 4176 2047 3421 2960 4376 
2646 114 265 120 285 5 3412 6113 8546 1294 7662 
2647 120 265 127 285 5 145 9468 2527 709 1784 
2648 94 285 101 301 4 4930 5717 543 7043 
2649 101 285 108 301 5 187 4602 8906 4358 7270 
2650 94 301 104 321 5 1669 6583 1040 7100 3795 
2651 104 301 108 321 5 1561 4795 5915 7591 4159 
2652 108 285 118 299 5 7474 5060 4703 5963 8371 
2653 118 285 127 299 5 9238 9129 357 1783 517 
2654 108 299 116 321 5 2654 8713 6734 7253 6050 
2655 116 299 127 321 5 1175 4625 3896 2723 3187 
2656 62 321 69 337 4 6579 4472 3351 4830 
2657 69 321 77 337 5 4190 6648 6984 4919 4144 
2658 62 337 67 351 5 2841 4255 5078 7356 8813 
2659 67 337 77 351 5 1255 2048 6847 329 2724 
2660 77 321 84 340 5 7206 8036 4387 238 7093 
2661 84 321 92 340 5 3366 2664 4683 158 2992 
2662 77 340 87 351 5 2342 1435 6983 5771 8910 
2663 87 340 92 351 5 7553 9288 8757 5874 6842 
2664 62 351 71 367 4 1576 4073 738 7629 
2665 71 351 78 367 5 8843 3075 5467 4764 170 
2666 62 367 69 382 5 6352 2735 4170 8533 3284 
2667 69 367 78 382 5 138 3471 4110 7925 328 
2668 78 351 82 373 5 4897 5545 7998 6248 505 
2669 82 351 92 373 5 5243 3077 90 4086 1970 
2670 78 373 84 382 5 8235 7657 5418 5417 3808 
2671 84 373 92 382 5 5599 70 6298 6035 2656 
2672 92 321 97 341 4 6037 5431 6060 8223 
2673 97 321 110 341 5 7732 4406 5074 1468 8108 
2674 92 341 106 351 5 3021 8404 1671 3427 3851 
2675 106 341 110 351 5 1840 8398 5502 7926 7819 
2676 110 321 118 337 5 5964 1634 706 4230 635 
2677 118 321 127 337 5 6079 3775 4862 4779 4917 
2678 110 337 117 351 5 8775 3390 285 3639 8435 
2679 117 337 127 351 5 2187 3737 3480 3135 4195 
2680 92 351 100 368 5 2320 8797 4313 2283 5385 
2681 100 351 111 368 5 8089 294 6238 866 7607 
2682 92 368 98 382 5 9688 6088 6778 7192 8983 
2683 98 368 111 382 5 8752 6945 1447 418 6022 
2684 111 351 120 360 5 2407 151 5531 2665 9956 
2685 120 351 127 360 5 9118 3893 8236 8896 3004 
2686 111 360 120 382 5 9759 6907 7529 9432 6392 
2687 120 360 127 382 5 9787 7500 963 5840 4093 
2688 0 382 14 402 4 9171 9281 5296 5750 
2689 14 382 20 402 5 2463 7739 7727 1389 2361 
2690 0 402 12 412 5 3695 17 9343 1708 6879 
2691 12 402 20 412 5 7455 261 3767 7642 3318 
2692 20 382 24 399 5 2134 1071 880 1679 2954 
2693 24 382 34 399 5 1686 4182 8043 5696 9862 
2694 20 399 25 412 5 6918 6936 3863 7958 556 
2695 25 399 34 412 5 3089 6942 7315 1051 7988 
2696 0 412 5 423 4 634 5080 5697 9401 
2697 5 412 15 423 5 6626 3941 1642 2344 2055 
2698 0 423 7 439 5 2539 943 7162 1573 4591 
2699 7 423 15 439 5 7536 5437 5094 5003 7181 
2700 15 412 20 427 5 2423 8972 6814 3032 4826 
2701 20 412 34 427 5 471 9860 8083 1683 8834 
2702 15 427 25 439 5 8716 5548 5342 4593 9211 
2703 25 427 34 439 5 203 8103 1174 8667 1284 
2704 34 382 35 393 4 9408 6507 7937 518 
2705 35 382 47 393 5 1114 1372 3673 6660 3734 
2706 34 393 42 405 5 196 27 4102 8423 782 
2707 42 393 47 405 5 5404 6701 9514 108 4717 
2708 47 382 54 388 5 8425 9497 3727 6724 3957 
2709 54 382 65 388 5 8292 2430 4172 3952 146 
2710 47 388 55 405 5 6803 430 6233 653 1756 
2711 55 388 65 405 5 8765 3037 8529 6510 5319 
2712 34 405 43 426 4 2608 2023 1753 3801 
2713 43 405 52 426 5 2266 915 7585 8829 1769 
2714 34 426 47 439 5 8665 9361 9858 2852 6305 
2715 47 426 52 439 5 1624 8841 7798 9907 9890 
2716 52 405 61 416 5 8921 7394 1412 3172 8527 
2717 61 405 65 416 5 8002 3657 3124 2582 9263 
2718 52 416 60 439 5 3288 6157 7282 2796 2059 
2719 60 416 65 439 5 4484 7706 4208 7791 2123 
2720 0 439 4 460 4 1083 760 4418 3515 
2721 4 439 13 460 5 8697 7596 5627 5121 8927 
2722 0 460 8 476 5 1957 257 3900 8963 9391 
2723 8 460 13 476 5 6565 6059 3703 3462 1579 
2724 13 439 19 454 5 4327 2301 2388 1432 5763 
2725 19 439 32 454 5 8266 8145 1064 9290 1749 
2726 13 454 21 476 5 4359 1973 4422 928 1207 
2727 21 454 32 476 5 7422 7340 4493 3290 4907 
2728 0 476 3 489 4 9173 5245 8692 9885 
2729 3 476 16 489 5 9406 6894 2458 7646 5622 
2730 0 489 9 512 5 3977 3134 515 4940 1103 
2731 9 489 16 512 5 7855 8750 781 8993 319 
2732 16 476 23 492 5 6447 8067 8028 7308 1725 
2733 23 476 32 492 5 3470 3109 5832 5718 8023 
2734 16 492 28 512 5 3658 3533 5971 9776 8350 
2735 28 492 32 512 5 4950 7378 3048 6642 1185 
2736 32 439 41 454 4 3998 7980 3000 2486 
2737 41 439 48 454 5 8391 3430 891 5394 4025 
2738 32 454 39 472 5 8623 8355 2261 2898 4345 
2739 39 454 48 472 5 8871 8651 2126 5936 6935 
2740 48 439 56 457 5 3479 2140 6656 8437 4825 
2741 56 439 65 457 5 6148 4306 4924 982 6014 
2742 48 457 56 472 5 741 5103 5773 8814 7908 
2743 56 457 65 472 5 8756 4550 1000 9063 1993 
2744 32 472 41 487 4 4325 5277 9513 6042 
2745 41 472 45 487 5 1165 5464 5237 4638 1491 
2746 32 487 39 512 5 6111 9981 299 5284 3016 
2747 39 487 45 512 5 5629 8961 4487 6167 3919 
2748 45 472 56 488 5 9264 3969 1729 2491 3125 
2749 56 472 65 488 5 6241 3325 5255 1700 4272 
2750 45 488 58 512 5 3438 5347 4200 1113 1499 
2751 58 488 65 512 5 9169 4397 2649 8453 1259 
2752 65 382 77 399 4 8291 7116 1539 4222 
2753 77 382 83 399 5 4708 9145 4928 276 3398 
2754 65 399 71 415 5 4126 5794 2060 7127 998 
2755 71 399 83 415 5 8580 7677 6605 8959 6963 
2756 83 382 90 400 5 3748 8379 1262 7584 9198 
2757 90 382 98 400 5 6170 5966 3774 8773 9672 
2758 83 400 93 415 5 3635 7459 3343 6845 8849 
2759 93 400 98 415 5 1330 3350 60 9904 4636 
2760 65 415 71 420 4 6462 9979 5366 3003 
2761 71 415 79 420 5 7972 2282 5721 1183 1542 
2762 65 420 75 445 5 2489 8090 7681 6807 6819 
2763 75 420 79 445 5 3136 325 9372 1785 8558 
2764 79 415 86 432 5 5124 7942 4156 1314 5875 
2765 86 415 98 432 5 6357 6203 1527 9108 6686 
2766 79 432 86 445 5 295 4666 5969 3589 879 
2767 86 432 98 445 5 6682 1862 1571 4887 9849 
2768 98 382 104 396 4 1549 344 7296 7511 
2769 104 382 110 396 5 9831 5869 4016 670 2294 
2770 98 396 105 409 5 8549 4985 7541 9913 493 
2771 105 396 110 409 5 8784 4386 8262 8640 5713 
2772 110 382 118 391 5 3844 1619 9203 580 1888 
2773 118 382 127 391 5 8842 9631 7683 5081 3458 
2774 110 391 117 409 5 6450 8381 1954 7017 6459 
2775 117 391 127 409 5 4037 3123 4083 3336 3323 
2776 98 409 106 423 4 8722 2694 3526 6243 
2777 106 409 111 423 5 5322 9500 7358 4043 482 
2778 98 423 106 445 5 9505 3180 2062 7494 7128 
2779 106 423 111 445 5 6923 7431 7770 6222 2285 
2780 111 409 118 430 5 867 9760 8135 9020 6972 
2781 118 409 127 430 5 1178 4823 5339 1560 6019 
2782 111 430 118 445 5 6793 7703 4797 4324 5714 
2783 118 430 127 445 5 8647 1471 952 6105 5362 
2784 65 445 70 463 4 7187 9658 4007 5290 
2785 70 445 80 463 5 3848 7139 9814 2157 2690 
2786 65 463 76 478 5 9641 3670 494 7449 3642 
2787 76 463 80 478 5 3937 1283 1421 8518 6476 
2788 80 445 87 461 5 3247 775 3098 12 6428 
2789 87 445 97 461 5 8426 8282 7852 217 1467 
2790 80 461 90 478 5 52 8642 8129 5298 5684 
2791 90 461 97 478 5 9871 8900 7570 3326 205 
2792 65 478 76 501 4 8614 7421 7306 9052 
2793 76 478 79 501 5 4234 5848 216 6995 3332 
2794 65 501 74 512 5 9090 7715 8721 6672 2089 
2795 74 501 79 512 5 5450 4883 213 6303 271 
2796 79 478 85 495 5 8313 290 9869 5572 4475 
2797 85 478 97 495 5 7437 5972 2644 5632 1517 
2798 79 495 88 512 5 777 5070 9761 8244 4056 
2799 88 495 97 512 5 2309 2786 8991 7506 8221 
2800 97 445 100 458 4 2350 3369 4479 703 
2801 100 445 110 458 5 4213 9329 3891 8357 4350 
2802 97 458 102 477 5 4338 5264 5196 4336 2354 
2803 102 458 110 477 5 3951 6343 802 7952 701 
2804 110 445 117 460 5 105 6142 8890 2203 5509 
2805 117 445 127 460 5 1636 3272 63 6132 8167 
2806 110 460 116 477 5 72 4647 5834 3939 9736 
2807 116 460 127 477 5 1525 3873 3702 2808 3560 
2808 97 477 102 492 5 7440 9349 1898 698 3671 
2809 102 477 112 492 5 3074 7747 9258 7354 165 
2810 97 492 104 512 5 8543 9164 796 554 8595 
2811 104 492 112 512 5 5841 1773 383 7595 8620 
2812 112 477 115 493 5 4668 4937 4399 3386 6195 
2813 115 477 127 493 5 2438 8976 7911 983 9611 
2814 112 493 122 512 5 7907 3375 4323 9188 4756 
2815 122 493 127 512 5 9482 8010 6418 7718 9334 
2816 127 249 133 271 4 5487 4105 6563 1045 
2817 133 249 141 271 5 5392 2543 2425 6429 1039 
2818 127 271 135 291 5 2812 5154 1717 8112 1011 
2819 135 271 141 291 5 1813 46 7235 4299 4834 
2820 141 249 147 259 5 1080 5671 6900 905 7615 
2821 147 249 158 259 5 803 5359 223 315 8237 
2822 141 259 148 291 5 6158 2178 5447 873 5759 
2823 148 259 158 291 5 5813 655 584 6250 9916 
2824 127 291 132 305 4 4239 3889 5324 1232 
2825 132 291 140 305 5 3736 3579 5764 2085 2530 
2826 127 305 130 326 5 5317 5428 7948 3012 3009 
2827 130 305 140 326 5 2033 8351 5263 4504 3544 
2828 140 291 146 305 5 7903 2428 4127 3625 7301 
2829 146 291 158 305 5 757 8955 9697 622 8110 
2830 140 305 152 326 5 8899 7485 9588 7857 780 
2831 152 305 158 326 5 3928 1474 7172 6703 3912 
2832 158 249 163 266 4 8626 8772 9030 8837 
2833 163 249 172 266 5 4197 5528 8240 8561 2965 
2834 158 266 166 293 5 5981 3226 1734 5580 8184 
2835 166 266 172 293 5 5433 7359 4044 8731 4699 
2836 172 249 180 267 5 2220 2341 243 414 4691 
2837 180 249 191 267 5 2274 1223 7648 6412 5647 
2838 172 267 177 293 5 7754 9864 265 9144 448 
2839 177 267 191 293 5 7271 7590 4243 2003 1398 
2840 158 293 161 308 4 7028 4529 9732 2916 
2841 161 293 172 308 5 333 1182 7758 2322 4747 
2842 158 308 162 326 5 5093 1126 3907 9317 6863 
2843 162 308 172 326 5 445 4751 4201 9668 6020 
2844 172 293 182 310 5 7814 4388 3205 2552 3333 
2845 182 293 191 310 5 8469 8188 4713 5778 1278 
2846 172 310 181 326 5 6958 7245 9622 3867 5587 
2847 181 310 191 326 5 3996 2043 3498 806 2507 
2848 127 326 132 332 4 5983 1780 3214 1565 
2849 132 326 142 332 5 1304 7360 6235 1544 6443 
2850 127 332 132 351 5 6301 2577 3017 1851 7328 
2851 132 332 142 351 5 7874 421 9340 2826 320 
2852 142 326 153 337 5 2746 1293 4125 5784 2193 
2853 153 326 160 337 5 4000 4421 1699 9003 4659 
2854 142 337 152 351 5 2617 5066 1220 4157 8656 
2855 152 337 160 351 5 3568 920 474 6910 1338 
2856 127 351 137 362 4 9762 74 1458 6073 
2857 137 351 144 362 5 5878 8078 1196 3478 3472 
2858 127 362 132 381 5 6087 6821 5619 7931 2042 
2859 132 362 144 381 5 7776 7640 8806 1037 5211 
2860 144 351 149 362 5 4214 4816 6063 4565 9756 
2861 149 351 160 362 5 3621 4609 1437 4904 8239 
2862 144 362 151 381 5 2999 724 8216 8349 9187 
2863 151 362 160 381 5 1068 2162 2414 1732 7704 
2864 160 326 167 339 4 8628 5256 7145 3796 
2865 167 326 175 339 5 4045 9139 7058 2828 1822 
2866 160 339 165 351 5 4799 9559 4019 7357 7047 
2867 165 339 175 351 5 7482 3078 6276 5852 8639 
2868 175 326 183 339 5 42 6319 4829 7955 2375 
2869 183 326 191 339 5 6851 2410 2171 5738 8763 
2870 175 339 181 351 5 8014 767 9735 8789 8655 
2871 181 339 191 351 5 5967 740 3433 2286 2228 
2872 160 351 169 374 4 4889 1986 8630 1347 
2873 169 351 177 374 5 3942 434 6944 8726 4592 
2874 160 374 168 381 5 2550 7574 7685 6154 5737 
2875 168 374 177 381 5 6416 5142 3675 815 6379 
2876 177 351 185 364 5 8062 5993 4837 2253 5378 
2877 185 351 191 364 5 5477 7390 7099 9278 3266 
2878 177 364 180 381 5 7928 7927 7687 5269 9442 
2879 180 364 191 381 5 1880 7741 6332 8365 561 
2880 191 249 199 268 4 9792 8781 1131 7691 
2881 199 249 210 268 5 8160 3738 8383 9395 5129 
2882 191 268 199 296 5 9085 2597 3015 4542 5314 
2883 199 268 210 296 5 8510 5432 4612 5452 3132 
2884 210 249 222 264 5 7753 3088 9630 4104 6908 
2885 222 249 229 264 5 1963 6287 4012 3056 3982 
2886 210 264 219 296 5 9312 8644 4225 1603 2115 
2887 219 264 229 296 5 191 2820 660 5049 6039 
2888 191 296 199 312 4 1052 3574 3872 9201 
2889 199 296 206 312 5 2959 6016 8164 9521 8289 
2890 191 312 198 320 5 1340 7655 2554 7900 9418 
2891 198 312 206 320 5 5292 3391 7382 8998 9262 
2892 206 296 213 306 5 8850 2488 9925 7621 7515 
2893 213 296 229 306 5 9270 2984 2177 5691 7242 
2894 206 306 216 320 5 3090 4273 2131 603 4587 
2895 216 306 229 320 5 6442 96 2666 4152 5724 
2896 229 249 233 270 4 6415 1559 9882 937 
2897 233 249 243 270 5 118 2399 4304 1947 6785 
2898 229 270 239 282 5 8808 5125 7531 5039 9946 
2899 239 270 243 282 5 286 6906 8367 829 3599 
2900 243 249 250 273 5 2366 7259 6026 4085 8342 
2901 250 249 258 273 5 2200 2763 9075 7212 8370 
2902 243 273 251 282 5 2202 6432 139 6159 6688 
2903 251 273 258 282 5 6010 7921 1824 1029 6975 
2904 229 282 233 305 4 8323 7778 4974 2638 
2905 233 282 241 305 5 5894 797 7348 8284 425 
2906 229 305 231 320 5 9181 9128 7566 7887 7314 
2907 231 305 241 320 5 6093 6038 9260 7840 4603 
2908 241 282 247 301 5 6365 3509 8606 516 1395 
2909 247 282 258 301 5 3641 9168 5808 6745 1728 
2910 241 301 248 320 5 1214 4839 2514 6841 3321 
2911 248 301 258 320 5 3296 7820 2918 6187 1607 
2912 191 320 199 337 4 5063 8542 3322 5320 
2913 199 320 210 337 5 9135 5552 6883 4847 1270 
2914 191 337 198 347 5 56 1150 5220 2276 2975 
2915 198 337 210 347 5 5 596 9166 6351 5934 
2916 210 320 217 333 5 4600 1249 6669 4497 4649 
2917 217 320 224 333 5 6153 5700 7295 9039 2605 
2918 210 333 216 347 5 150 5047 2223 4391 2940 
2919 216 333 224 347 5 7918 5699 3217 7004 5880 
2920 191 347 197 367 4 3744 1958 8690 6681 
2921 197 347 205 367 5 8893 4002 8852 9332 4665 
2922 191 367 197 381 5 4268 7509 5861 8087 2275 
2923 197 367 205 381 5 4746 6140 906 3781 6431 
2924 205 347 216 364 5 9553 7167 4835 544 4260 
2925 216 347 224 364 5 4514 3465 9478 28 8607 
2926 205 364 213 381 5 4111 2001 6444 2775 4960 
2927 213 364 224 381 5 3026 6272 7708 6661 2049 
2928 224 320 231 333 4 2568 4499 2997 5820 
2929 231 320 237 333 5 3723 560 4031 5376 2390 
2930 224 333 230 344 5 6721 4983 2740 2612 7170 
2931 230 333 237 344 5 8131 9952 8428 5445 9389 
2932 237 320 249 330 5 7497 7943 6150 3126 5557 
2933 249 320 258 330 5 4646 6114 3400 991 8100 
2934 237 330 248 344 5 9822 7978 1260 3712 9975 
2935 248 330 258 344 5 3396 2939 1605 6726 1285 
2936 224 344 234 362 5 5893 5456 335 399 7724 
2937 234 344 241 362 5 1328 7999 2034 3548 4796 
2938 224 362 235 381 5 9044 149 8735 3995 334 
2939 235 362 241 381 5 691 566 7031 8992 2207 
2940 241 344 247 364 5 8001 1698 8571 800 32 
2941 247 344 258 364 5 8635 8609 5608 244 8840 
2942 241 364 248 381 5 4541 3340 6719 2633 1159 
2943 248 364 258 381 5 6581 1362 573 3201 9936 
2944 127 381 133 396 4 5457 3148 2190 5416 
2945 133 381 142 396 5 850 2013 121 1978 809 
2946 127 396 133 408 5 2067 3887 8764 8809 6454 
2947 133 396 142 408 5 36 3020 5769 4232 6592 
2948 142 381 150 394 5 2378 1705 6683 1267 7309 
2949 150 381 157 394 5 5525 7054 7742 3897 2373 
2950 142 394 151 408 5 5535 3985 1198 4806 3485 
2951 151 394 157 408 5 5829 3971 9225 3922 8573 
2952 127 408 133 421 4 1846 9770 9752 8445 
2953 133 408 145 421 5 5491 337 9861 206 3546 
2954 127 421 137 441 5 8061 8902 8432 5222 6594 
2955 137 421 145 441 5 594 6956 6174 5945 4786 
2956 145 408 147 418 5 2451 1625 9634 599 3549 
2957 147 408 157 418 5 8819 3892 7347 2037 7202 
2958 145 418 150 441 5 1176 9174 9162 202 9873 
2959 150 418 157 441 5 4015 1933 5042 8047 5711 
2960 157 381 164 400 4 2526 4478 4112 497 
2961 164 381 175 400 5 5425 6574 7565 531 5811 
2962 157 400 163 412 5 5440 7094 8823 5720 3542 
2963 163 400 175 412 5 3482 1937 1280 5938 5097 
2964 175 381 182 393 5 9661 4643 2459 7135 1714 
2965 182 381 191 393 5 128 2316 5316 9963 6251 
2966 175 393 182 412 5 4573 5823 3385 9829 222 
2967 182 393 191 412 5 1485 4530 5407 9137 9097 
2968 157 412 165 423 4 6685 7528 8780 2626 
2969 165 412 177 423 5 8617 6468 8392 9226 5642 
2970 157 423 168 441 5 2706 6009 116 7880 2368 
2971 168 423 177 441 5 1013 3776 7785 4247 2830 
2972 177 412 182 427 5 1942 7318 8982 3956 9730 
2973 182 412 191 427 5 3604 6559 5578 8143 9847 
2974 177 427 182 441 5 2225 6858 464 8914 369 
2975 182 427 191 441 5 5941 1377 5897 8552 5655 
2976 127 441 133 456 4 2269 8294 7890 4072 
2977 133 441 147 456 5 7090 4363 2752 8187 477 
2978 127 456 131 471 5 5348 9546 1505 9552 236 
2979 131 456 147 471 5 1871 4005 2104 2800 1301 
2980 147 441 150 455 5 3379 9650 1774 3234 2464 
2981 150 441 157 455 5 1033 887 2678 8778 3181 
2982 147 455 153 471 5 4821 5679 4237 8162 215 
2983 153 455 157 471 5 7821 7228 181 7320 2355 
2984 127 471 132 486 4 4154 3946 2719 9900 
2985 132 471 138 486 5 5309 1133 2401 5928 7383 
2986 127 486 131 512 5 2641 699 6725 9010 924 
2987 131 486 138 512 5 1181 1132 9037 7910 7725 
2988 138 471 148 492 5 877 7288 6308 7471 1496 
2989 148 471 157 492 5 6327 9122 4811 1610 3508 
2990 138 492 146 512 5 2542 7696 5011 4365 1199 
2991 146 492 157 512 5 1245 811 9911 342 2061 
2992 157 441 162 459 4 2911 5368 6279 2521 
2993 162 441 171 459 5 7495 7420 9186 1135 1442 
2994 157 459 167 470 5 8812 2324 5908 9035 4369 
2995 167 459 171 470 5 8094 3185 3451 316 99 
2996 171 441 178 457 5 2357 9486 5395 974 4583 
2997 178 441 191 457 5 1599 2584 470 3838 6772 
2998 171 457 179 470 5 5492 9707 3042 5791 15 
2999 179 457 191 470 5 3800 6242 266 7792 4508 
3000 157 470 163 481 4 2884 2765 2734 7712 
3001 163 470 176 481 5 6364 5510 8215 2398 7321 
3002 157 481 161 512 5 5423 9012 7848 7155 5891 
3003 161 481 176 512 5 4378 7760 5288 394 86 
3004 176 470 182 498 5 4240 9249 8181 6938 9806 
3005 182 470 191 498 5 5517 4446 5008 2109 5178 
3006 176 498 187 512 5 5300 4067 4673 5905 8063 
3007 187 498 191 512 5 8231 8674 8484 4343 4287 
3008 191 381 196 395 4 4064 9407 4463 3572 
3009 196 381 210 395 5 9749 2174 8898 7011 7220 
3010 191 395 200 411 5 5234 6456 3434 2615 4733 
3011 200 395 210 411 5 8530 7291 7319 7126 8220 
3012 210 381 217 391 5 34 7166 9694 3594 5826 
3013 217 381 224 391 5 7375 581 5514 6765 7453 
3014 210 391 214 411 5 5522 5605 3932 545 6971 
3015 214 391 224 411 5 9542 8133 5055 9577 9341 
3016 191 411 197 430 4 6052 8519 1562 4789 
3017 197 411 208 430 5 7234 2607 2147 3504 1726 
3018 191 430 203 446 5 9742 2386 5033 5393 6539 
3019 203 430 208 446 5 4637 6779 4065 9215 7816 
3020 208 411 217 423 5 4013 585 9950 311 5527 
3021 217 411 224 423 5 1227 422 2429 8066 3407 
3022 208 423 212 446 5 9284 4251 6934 8341 5242 
3023 212 423 224 446 5 7619 8945 4383 1072 2810 
3024 224 381 229 394 4 3397 6622 8290 6843 
3025 229 381 235 394 5 1546 9821 8506 5650 228 
3026 224 394 231 417 5 3885 8835 2358 4965 9884 
3027 231 394 235 417 5 2212 3256 7575 2591 3539 
3028 235 381 244 398 5 7869 5757 6695 7268 4289 
3029 244 381 258 398 5 2573 5247 8069 230 1848 
3030 235 398 246 417 5 9933 2493 7370 1486 4552 
3031 246 398 258 417 5 5630 9682 5777 2142 3950 
3032 224 417 228 426 4 2404 4968 9077 7059 
3033 228 417 241 426 5 9448 1809 9724 7879 1022 
3034 224 426 236 446 5 1557 9581 1929 2771 4556 
3035 236 426 241 446 5 7679 1776 3906 2505 711 
3036 241 417 251 430 5 6718 2004 1853 9248 6033 
3037 251 417 258 430 5 1983 9612 808 6837 2914 
3038 241 430 252 446 5 6117 6761 1575 2279 6406 
3039 252 430 258 446 5 7762 2682 3263 4143 1606 
3040 191 446 199 460 4 5658 9676 7121 2933 
3041 199 446 205 460 5 6405 1955 6877 5798 9060 
3042 191 460 197 482 5 1930 3716 6485 1470 6849 
3043 197 460 205 482 5 2571 9687 4750 3278 7221 
3044 205 446 211 462 5 6679 2226 192 2513 8679 
3045 211 446 224 462 5 7795 3831 8863 3410 9423 
3046 205 462 219 482 5 9221 7838 5703 7519 1711 
3047 219 462 224 482 5 3359 9924 5694 3473 5519 
3048 191 482 194 496 4 7338 1633 5729 9116 
3049 194 482 206 496 5 6326 1906 9479 3759 6324 
3050 191 496 199 512 5 6694 7645 6069 4173 6693 
3051 199 496 206 512 5 8685 6261 602 2052 4653 
3052 206 482 215 491 5 2819 8682 3255 3972 3762 
3053 215 482 224 491 5 7750 9506 8672 6227 1938 
3054 206 491 218 512 5 6968 2572 5351 420 5099 
3055 218 491 224 512 5 6522 2773 8424 8376 944 
3056 224 446 230 463 4 7745 8299 7469 9394 
3057 230 446 240 463 5 4461 9713 5361 9131 4408 
3058 224 463 232 479 5 7353 7195 8115 2017 2201 
3059 232 463 240 479 5 1635 4774 8452 5084 715 
3060 240 446 249 457 5 633 9686 6708 2704 9276 
3061 249 446 258 457 5 5186 8276 4626 4692 7882 
3062 240 457 246 479 5 2814 3629 9784 6473 6440 
3063 246 457 258 479 5 5387 7660 2670 1130 4855 
3064 224 479 231 494 5 5023 256 7860 7883 2232 
3065 231 479 238 494 5 5164 9855 9555 6788 9733 
3066 224 494 233 512 5 7278 1104 6424 8053 4233 
3067 233 494 238 512 5 2180 6800 6885 9603 7804 
3068 238 479 244 495 5 5484 3119 831 2967 3993 
3069 244 479 258 495 5 6844 3007 7850 1149 3352 
3070 238 495 242 512 5 5944 9853 8219 6987 5261 
3071 242 495 258 512 5 7676 1524 1746 2501 4614 
3072 258 0 263 9 4 370 8800 9067 3742 
3073 263 0 273 9 5 5888 2154 6503 645 2831 
3074 258 9 261 35 5 6964 1902 7797 7217 4097 
3075 261 9 273 35 5 2923 6040 6178 7489 9996 
3076 273 0 282 18 5 8948 2456 1837 8956 4543 
3077 282 0 286 18 5 5453 2913 6253 1236 526 
3078 273 18 276 35 5 3788 5002 5230 5847 4667 
3079 276 18 286 35 5 1833 5547 2798 4978 3083 
3080 258 35 265 44 4 1127 959 8307 6118 
3081 265 35 271 44 5 4850 7363 9886 7612 1676 
3082 258 44 261 65 5 143 7140 2594 9033 4815 
3083 261 44 271 65 5 5818 7656 8669 7012 1378 
3084 271 35 275 47 5 5843 5266 4568 7247 2395 
3085 275 35 286 47 5 9646 4212 3259 1406 586 
3086 271 47 277 65 5 5591 1815 9681 1627 3613 
3087 277 47 286 65 5 5793 9835 5895 2082 2387 
3088 286 0 292 14 4 7057 2338 5628 9999 
3089 292 0 299 14 5 6649 9013 3757 6614 7941 
3090 286 14 295 30 5 5216 6221 1529 6951 6872 
3091 295 14 299 30 5 132 6368 224 8951 7008 
3092 299 0 308 17 5 6768 5879 5419 6145 9190 
3093 308 0 319 17 5 4333 504 1385 2943 7598 
3094 299 17 306 30 5 9827 1050 8348 881 8889 
3095 306 17 319 30 5 2064 2596 2946 5725 88 
3096 286 30 291 37 4 5100 3643 8176 7290 
3097 291 30 299 37 5 8031 229 5014 2948 1523 
3098 286 37 292 65 5 144 5961 5244 5887 9064 
3099 292 37 299 65 5 4613 4641 4682 5336 1438 
3100 299 30 312 48 5 3654 3468 7808 6887 2870 
3101 312 30 319 48 5 2011 9277 4106 7427 5162 
3102 299 48 313 65 5 5438 6161 378 8590 5546 
3103 313 48 319 65 5 6067 4138 8153 9084 1998 
3104 258 65 260 76 4 8212 8413 4189 2382 
3105 260 65 268 76 5 168 8790 5013 9484 3164 
3106 258 76 262 97 5 2198 1179 9854 2924 7480 
3107 262 76 268 97 5 8537 6585 4084 3584 6092 
3108 268 65 282 79 5 2346 7466 7071 9972 1158 
3109 282 65 291 79 5 7488 8568 3841 3688 69 
3110 268 79 273 97 5 4113 185 576 3782 9768 
3111 273 79 291 97 5 1881 8295 4927 2973 1439 
3112 258 97 261 115 4 6720 8186 8874 9496 
3113 261 97 273 115 5 5942 4246 779 7079 8120 
3114 258 115 268 130 5 6930 587 8 7953 901 
3115 268 115 273 130 5 1758 783 4966 5795 9700 
3116 273 97 285 109 5 9161 460 8138 7806 8204 
3117 285 97 291 109 5 3908 3227 7944 91 6048 
3118 273 109 280 130 5 9902 1718 527 9233 601 
3119 280 109 291 130 5 6046 8327 9843 970 4551 
3120 291 65 293 82 4 9124 5285 5562 6199 
3121 293 65 306 82 5 9150 5451 1835 8410 3246 
3122 291 82 300 96 5 9199 7364 6612 8791 9958 
3123 300 82 306 96 5 6056 6759 1336 7199 616 
3124 306 65 313 77 5 5223 7193 6360 5430 306 
3125 313 65 319 77 5 7159 343 7920 9877 9917 
3126 306 77 310 96 5 6854 2548 7113 6366 1759 
3127 310 77 319 96 5 3409 9051 839 5386 392 
3128 291 96 297 114 4 1628 5530 4457 400 
3129 297 96 307 114 5 4954 6205 4447 7651 8415 
3130 291 114 299 130 5 1091 9142 8659 5065 3494 
3131 299 114 307 130 5 135 939 7129 4483 7976 
3132 307 96 312 113 5 9867 359 4762 4763 628 
3133 312 96 319 113 5 5922 9396 2065 5923 4899 
3134 307 113 314 130 5 6898 8827 3580 6 7475 
3135 314 113 319 130 5 1109 6978 218 2420 9967 
3136 319 0 328 10 4 8211 5643 4494 8700 
3137 328 0 336 10 5 7463 3777 9712 3835 2553 
3138 319 10 328 27 5 2050 6065 9637 5574 2195 
3139 328 10 336 27 5 7158 8618 2907 4728 8310 
3140 336 0 343 12 5 4931 747 9955 7280 6812 
3141 343 0 352 12 5 3324 2910 201 6116 455 
3142 336 12 342 27 5 6186 6300 7842 2702 8070 
3143 342 12 352 27 5 9443 461 7959 4831 1035 
3144 319 27 324 39 4 4877 7971 2168 528 
3145 324 27 337 39 5 7413 8242 2097 6448 9319 
3146 319 39 330 67 5 8727 7526 4428 7877 1364 
3147 330 39 337 67 5 1396 4519 2230 1996 8482 
3148 337 27 344 38 5 2027 4690 4547 2776 7723 
3149 344 27 352 38 5 6309 8180 4512 9560 7081 
3150 337 38 346 67 5 2809 4526 8285 4527 7486 
3151 346 38 352 67 5 2985 667 9625 6029 8125 
3152 352 0 359 11 4 9940 384 1828 6407 
3153 359 0 362 11 5 9417 9416 6384 7705 4745 
3154 352 11 357 28 5 5634 2835 562 5250 9561 
3155 357 11 362 28 5 6464 2173 6346 1513 694 
3156 362 0 366 11 5 2856 2443 7178 4042 7800 
3157 366 0 382 11 5 5566 2726 5715 6080 3916 
3158 362 11 368 28 5 200 5149 8487 2272 8613 
3159 368 11 382 28 5 3033 4068 2182 8646 8805 
3160 352 28 353 45 4 2504 3745 1425 8706 
3161 353 28 365 45 5 1141 4878 1296 1764 4500 
3162 352 45 358 67 5 1934 3488 87 6347 2481 
3163 358 45 365 67 5 3869 2793 9516 5819 5814 
3164 365 28 368 45 5 3882 2408 7521 7368 5677 
3165 368 28 382 45 5 7232 565 6677 4330 7803 
3166 365 45 373 67 5 992 4379 2155 5762 4848 
3167 373 45 382 67 5 8696 5323 5494 3030 366 
3168 319 67 327 80 4 2520 8042 7252 4898 
3169 327 67 333 80 5 3414 3505 2669 2628 9369 
3170 319 80 328 97 5 2660 7325 2000 7493 3043 
3171 328 80 333 97 5 5358 2137 234 1511 29 
3172 333 67 344 85 5 7241 3979 4032 326 1612 
3173 344 67 347 85 5 8168 3789 2516 6331 7722 
3174 333 85 340 97 5 2687 994 7557 7075 314 
3175 340 85 347 97 5 9569 2485 5073 7310 2695 
3176 319 97 324 109 4 6687 5171 8895 4171 
3177 324 97 331 109 5 2084 3905 2570 9195 1 
3178 319 109 322 130 5 3106 9328 5554 1203 1530 
3179 322 109 331 130 5 6624 1190 7502 6979 6505 
3180 331 97 341 117 5 7157 4802 8218 410 3815 
3181 341 97 347 117 5 5380 2113 9485 665 8786 
3182 331 117 339 130 5 8719 3587 7 6071 5041 
3183 339 117 347 130 5 3756 1014 1009 6541 8121 
3184 347 67 358 81 4 4315 3923 1537 4909 
3185 358 67 365 81 5 1816 9337 932 2964 3524 
3186 347 81 354 97 5 1889 9705 7161 9476 5959 
3187 354 81 365 97 5 5613 524 361 2606 40 
3188 365 67 373 76 5 188 3425 109 3236 7599 
3189 373 67 382 76 5 7033 6615 5466 5228 7902 
3190 365 76 373 97 5 4257 2054 4949 2312 2218 
3191 373 76 382 97 5 3983 8304 2356 1768 2846 
3192 347 97 356 119 5 233 2589 2469 7476 9298 
3193 356 97 360 119 5 1946 1315 5372 3463 7865 
3194 347 119 354 130 5 2833 7717 6143 2465 4374 
3195 354 119 360 130 5 2072 8338 4470 865 9616 
3196 360 97 370 111 5 5927 5659 3875 7713 9504 
3197 370 97 382 111 5 942 2749 4215 9459 7046 
3198 360 111 370 130 5 3449 666 500 7504 8886 
3199 370 111 382 130 5 5238 5741 5229 3758 2477 
3200 258 130 264 146 4 2161 6214 6916 948 
3201 264 130 271 146 5 66 3617 2008 3308 194 
3202 258 146 265 167 5 1890 4844 3637 6738 2560 
3203 265 146 271 167 5 5397 7561 9435 1595 6090 
3204 271 130 278 144 5 4801 7866 7559 4982 480 
3205 278 130 289 144 5 5965 3452 4339 6809 4734 
3206 271 144 276 167 5 8633 4248 722 5169 7417 
3207 276 144 289 167 5 3974 1541 551 6281 1701 
3208 258 167 265 177 4 2250 6568 7856 4395 
3209 265 167 270 177 5 7871 6495 597 8441 8401 
3210 258 177 262 194 5 8930 7962 9779 9919 1895 
3211 262 177 270 194 5 9268 7286 496 7991 8363 
3212 270 167 276 175 5 3150 2219 6543 248 4525 
3213 276 167 289 175 5 1202 6950 5202 9324 1966 
3214 270 175 281 194 5 3753 8359 9865 1704 6825 
3215 281 175 289 194 5 2893 852 6031 9380 3861 
3216 289 130 294 151 4 3955 8429 7503 195 
3217 294 130 305 151 5 9586 4175 1350 2971 7153 
3218 289 151 297 165 5 5682 1931 5131 2855 8864 
3219 297 151 305 165 5 6775 7659 7436 5672 8732 
3220 305 130 313 150 5 2547 4003 1348 8918 6925 
3221 313 130 319 150 5 7671 9624 6386 5886 4814 
3222 305 150 312 165 5 8565 9703 2442 5153 239 
3223 312 150 319 165 5 5083 44 432 8308 1852 
3224 289 165 298 180 4 9788 7775 8698 5931 
3225 298 165 303 180 5 5896 4022 278 3915 6878 
3226 289 180 300 194 5 1637 5388 6957 9487 6359 
3227 300 180 303 194 5 2905 4617 5481 5184 4705 
3228 303 165 311 180 5 9231 3095 3770 2968 1097 
3229 311 165 319 180 5 487 708 4710 985 1905 
3230 303 180 310 194 5 3651 5800 2529 3420 9654 
3231 310 180 319 194 5 5282 3704 8997 5422 7381 
3232 258 194 268 206 4 1060 8816 5806 4080 
3233 268 194 276 206 5 4808 3370 1461 7056 9985 
3234 258 206 266 226 5 1638 1286 6699 338 7156 
3235 266 206 276 226 5 6555 921 279 3590 9726 
3236 276 194 281 211 5 5012 9876 4777 3335 7105 
3237 281 194 292 211 5 2578 2222 5761 4589 6927 
3238 276 211 284 226 5 913 9649 884 1327 2872 
3239 284 211 292 226 5 8538 9494 1272 3768 5636 
3240 258 226 264 236 4 9635 9427 925 9419 
3241 264 226 272 236 5 1478 2422 2928 625 1827 
3242 258 236 264 256 5 8919 164 1520 5459 9898 
3243 264 236 272 256 5 540 9345 3647 5585 6728 
3244 272 226 288 239 5 2692 927 1374 535 5625 
3245 288 226 292 239 5 1913 1920 3857 893 9219 
3246 272 239 281 256 5 1379 7829 9055 4864 6657 
3247 281 239 292 256 5 1900 2348 416 5076 2753 
3248 292 194 296 206 4 3219 8528 8980 5524 
3249 296 194 302 206 5 3402 4561 9591 9194 5515 
3250 292 206 295 232 5 6538 3044 6162 824 8464 
3251 295 206 302 232 5 7118 1528 8230 5910 8340 
3252 302 194 308 216 5 7523 8596 6475 6237 297 
3253 308 194 319 216 5 4411 536 4994 7940 9193 
3254 302 216 309 232 5 3293 7936 377 8512 7668 
3255 309 216 319 232 5 728 7624 1195 7610 1200 
3256 292 232 298 241 4 5396 107 4038 8485 
3257 298 232 307 241 5 3022 8091 5824 1752 9515 
3258 292 241 300 256 5 3538 4498 8869 9469 1943 
3259 300 241 307 256 5 4236 1361 9503 5649 5187 
3260 307 232 311 244 5 20 9202 7456 4726 2397 
3261 311 232 319 244 5 4742 3586 5163 5709 9205 
3262 307 244 315 256 5 7552 1795 1578 2699 5690 
3263 315 244 319 256 5 6091 9786 7061 9212 6676 
3264 319 130 325 144 4 8666 8968 3146 3997 
3265 325 130 335 144 5 7986 3315 4448 1417 8737 
3266 319 144 325 162 5 4462 847 7138 1343 8652 
3267 325 144 335 162 5 473 3330 4869 8603 1939 
3268 335 130 342 148 5 4146 2214 9872 6631 1514 
3269 342 130 353 148 5 1876 8474 6982 6273 5145 
3270 335 148 344 162 5 4344 9598 6492 7204 8065 
3271 344 148 353 162 5 4162 4174 6027 7909 9318 
3272 319 162 329 178 4 8375 1112 1305 5188 
3273 329 162 343 178 5 3874 3138 4886 6479 4842 
3274 319 178 335 191 5 5673 6452 6769 2128 6831 
3275 335 178 343 191 5 2447 9175 5873 1821 9683 
3276 343 162 347 176 5 4654 4594 3804 2903 5214 
3277 347 162 353 176 5 7716 8799 9709 3730 9082 
3278 343 176 346 191 5 1403 2476 7334 367 9523 
3279 346 176 353 191 5 9982 6208 9473 1445 8632 
3280 353 130 361 146 4 3069 1617 4945 8263 
3281 361 130 368 146 5 7752 9229 7849 5900 8268 
3282 353 146 362 164 5 8362 6953 8345 6274 2789 
3283 362 146 368 164 5 1611 7025 9655 6333 5405 
3284 368 130 375 144 5 2095 4879 5381 4160 2369 
3285 375 130 382 144 5 4393 5436 5028 3501 5670 
3286 368 144 371 164 5 4100 507 8531 4957 5676 
3287 371 144 382 164 5 7577 1887 686 7429 7424 
3288 353 164 360 174 4 7498 9119 5719 1392 
3289 360 164 366 174 5 3394 2677 6948 1077 3380 
3290 353 174 362 191 5 3987 6604 6197 1489 589 
3291 362 174 366 191 5 9151 9928 5744 3289 2472 
3292 366 164 374 177 5 4513 6449 4896 2321 2659 
3293 374 164 382 177 5 3161 2332 6497 3910 1329 
3294 366 177 374 191 5 1620 8479 7768 6338 1896 
3295 374 177 382 191 5 6490 1143 5621 8953 964 
3296 319 191 328 205 4 8209 3920 1151 9942 
3297 328 191 334 205 5 4124 3820 6816 345 1229 
3298 319 205 326 224 5 9364 2371 5175 1585 989 
3299 326 205 334 224 5 8288 9314 7091 5987 6394 
3300 334 191 344 205 5 7899 9146 9014 2479 6400 
3301 344 191 350 205 5 4052 7141 8305 652 3280 
3302 334 205 340 224 5 5112 3715 2446 4597 3967 
3303 340 205 350 224 5 9899 4150 1689 9501 6051 
3304 319 224 321 236 4 3399 8515 2549 2767 
3305 321 224 332 236 5 7374 591 9178 6886 5136 
3306 319 236 323 256 5 2817 2365 4709 5476 2922 
3307 323 236 332 256 5 9990 6414 1481 7067 97 
3308 332 224 339 244 5 3064 9895 3694 2639 1345 
3309 339 224 350 244 5 7250 2433 759 9619 1772 
3310 332 244 337 256 5 2394 2840 607 9279 3162 
3311 337 244 350 256 5 4903 304 2647 9973 5825 
3312 350 191 359 203 4 5542 3415 2882 4537 
3313 359 191 368 203 5 1903 9613 2945 8740 101 
3314 350 203 360 219 5 539 5996 5863 9404 5370 
3315 360 203 368 219 5 4006 8513 7151 6120 8922 
3316 368 191 375 211 5 981 3778 6321 9803 4354 
3317 375 191 382 211 5 4329 918 8525 1608 4133 
3318 368 211 372 219 5 2302 5017 620 1298 818 
3319 372 211 382 219 5 7448 7021 8080 1719 3540 
3320 350 219 364 236 5 6730 5746 43 7238 5018 
3321 364 219 367 236 5 8123 5990 5091 9645 9019 
3322 350 236 358 256 5 6502 2148 6491 5352 8826 
3323 358 236 367 256 5 7367 4420 2614 5962 1036 
3324 367 219 373 242 5 3792 2751 8741 3853 2675 
3325 373 219 382 242 5 6991 2780 8660 6546 7484 
3326 367 242 375 256 5 3532 3813 4266 9744 5057 
3327 375 242 382 256 5 5056 3151 7148 3958 8358 
3328 382 0 384 16 4 8459 6871 3457 1897 
3329 384 0 394 16 5 8136 1137 3980 4180 3499 
3330 382 16 387 34 5 305 2993 5521 6348 7782 
3331 387 16 394 34 5 9177 232 613 9870 186 
3332 394 0 397 16 5 6620 2592 1413 8493 2842 
3333 397 0 408 16 5 501 5301 2323 8683 4972 
3334 394 16 400 34 5 6340 6700 3216 5201 8664 
3335 400 16 408 34 5 9905 4314 7579 190 789 
3336 382 34 386 54 4 2631 2565 8766 1096 
3337 386 34 391 54 5 76 6446 5558 3666 9240 
3338 382 54 385 67 5 8189 9620 3338 5054 9402 
3339 385 54 391 67 5 1393 2024 2007 752 6320 
3340 391 34 398 49 5 1672 2130 6131 9719 4131 
3341 398 34 408 49 5 3994 6466 1707 3531 9140 
3342 391 49 401 67 5 9327 2079 2263 7701 5449 
3343 401 49 408 67 5 8702 6896 6678 909 8661 
3344 408 0 417 12 4 2648 3031 1088 9362 
3345 417 0 423 12 5 2434 5688 9980 5197 557 
3346 408 12 417 26 5 4890 836 1366 4078 4675 
3347 417 12 423 26 5 251 8064 5735 6548 3692 
3348 423 0 435 11 5 9053 1201 8662 7096 3353 
3349 435 0 441 11 5 7445 2990 386 4089 3131 
3350 423 11 433 26 5 6493 5218 282 6430 3811 
3351 433 11 441 26 5 8440 274 4429 4122 4773 
3352 408 26 412 44 4 4275 3295 7974 2016 
3353 412 26 423 44 5 7592 9573 4361 4148 735 
3354 408 44 418 67 5 5200 6949 8755 4049 7873 
3355 418 44 423 67 5 8473 4657 8343 929 754 
3356 423 26 430 46 5 9321 4114 9663 2063 1043 
3357 430 26 441 46 5 899 4349 1735 2345 4009 
3358 423 46 435 67 5 8040 6099 9413 657 9767 
3359 435 46 441 67 5 7737 6306 8802 5603 268 
3360 382 67 391 81 4 8868 6933 9652 6435 
3361 391 67 398 81 5 9949 1433 8838 8448 4196 
3362 382 81 392 97 5 2620 1953 9673 1354 226 
3363 392 81 398 97 5 5379 5501 5040 4051 4923 
3364 398 67 408 80 5 8858 458 6673 9848 3634 
3365 408 67 412 80 5 2046 8885 250 3507 7222 
3366 398 80 403 97 5 7085 5991 2151 3028 9901 
3367 403 80 412 97 5 8337 1106 9464 9032 3466 
3368 382 97 386 116 4 5279 1034 7243 1170 
3369 386 97 392 116 5 6289 4139 4859 2424 5914 
3370 382 116 387 136 5 4771 2725 2839 1087 6049 
3371 387 116 392 136 5 4288 4326 6292 1359 2270 
3372 392 97 402 117 5 6966 5533 8946 1503 3250 
3373 402 97 412 117 5 7009 385 6018 795 1299 
3374 392 117 396 136 5 4400 4490 7409 6135 3221 
3375 396 117 412 136 5 4368 7027 5307 878 9639 
3376 412 67 414 86 4 7152 8833 7549 5988 
3377 414 67 423 86 5 4116 6668 8865 1264 4794 
3378 412 86 416 100 5 6599 3392 7862 588 398 
3379 416 86 423 100 5 1206 9558 6396 2974 7919 
3380 423 67 431 83 5 7812 210 6941 2862 4142 
3381 431 67 441 83 5 253 511 2881 9405 7326 
3382 423 83 428 100 5 6496 874 7867 969 3711 
3383 428 83 441 100 5 7930 1193 49 1771 5986 
3384 412 100 416 111 4 1156 1216 4518 8928 
3385 416 100 430 111 5 4027 4701 5315 7632 4658 
3386 412 111 417 136 5 3849 5374 7293 6284 435 
3387 417 111 430 136 5 3644 9734 4976 1493 5653 
3388 430 100 433 120 5 3640 7614 3312 9001 9111 
3389 433 100 441 120 5 9934 8999 9589 5209 2280 
3390 430 120 436 136 5 2163 6481 156 3006 1282 
3391 436 120 441 136 5 8041 9379 4207 7809 8576 
3392 441 0 446 19 4 4503 3606 2450 4140 
3393 446 0 455 19 5 1237 307 4473 1368 3794 
3394 441 19 446 36 5 727 1923 9265 9320 3139 
3395 446 19 455 36 5 3564 93 3522 1652 661 
3396 455 0 464 13 5 1688 9896 4540 1872 1154 
3397 464 0 476 13 5 6262 5191 1101 9021 5345 
3398 455 13 472 36 5 8050 4001 4689 7905 2851 
3399 472 13 476 36 5 8932 3705 1409 4256 428 
3400 441 36 450 51 4 2308 9339 7702 3327 
3401 450 36 454 51 5 1691 3700 8252 246 9292 
3402 441 51 448 70 5 1964 9117 1090 820 356 
3403 448 51 454 70 5 6860 6737 7273 5198 9667 
3404 454 36 465 53 5 521 5743 523 2623 9036 
3405 465 36 476 53 5 7088 8768 3013 6667 5089 
3406 454 53 468 70 5 5260 4130 949 8126 1639 
3407 468 53 476 70 5 3784 9653 7465 3570 1428 
3408 476 0 482 13 4 7786 8629 7896 3404 
3409 482 0 493 13 5 567 4396 22 140 283 
3410 476 13 490 34 5 7114 986 6260 8466 2336 
3411 490 13 493 34 5 7226 1427 7396 5064 1662 
3412 493 0 499 14 5 9259 1475 833 1767 7414 
3413 499 0 512 14 5 6609 5946 8587 1793 4389 
3414 493 14 501 34 5 9775 8029 7023 9721 5870 
3415 501 14 512 34 5 1153 6461 5122 3159 54 
3416 476 34 483 51 4 6550 7281 1450 2845 
3417 483 34 493 51 5 5399 7205 2983 6520 695 
3418 476 51 487 70 5 5536 3331 1581 6271 450 
3419 487 51 493 70 5 451 7766 3091 1859 6078 
3420 493 34 503 54 5 2475 59 5792 2236 7898 
3421 503 34 512 54 5 743 7542 9414 3437 4758 
3422 493 54 504 70 5 2655 3065 382 1024 4481 
3423 504 54 512 70 5 7082 9381 7352 5567 7332 
3424 441 70 447 79 4 6671 6922 3204 1790 
3425 447 70 457 79 5 3346 8586 2403 5523 9376 
3426 441 79 451 98 5 1709 6929 7638 9926 7391 
3427 451 79 457 98 5 5612 6750 5274 4569 6881 
3428 457 70 464 79 5 4648 940 9412 9923 1302 
3429 464 70 475 79 5 6509 429 2135 8579 8526 
3430 457 79 464 98 5 2936 9539 7049 761 9192 
3431 464 79 475 98 5 8058 9302 2611 1239 9781 
3432 441 98 449 117 4 7499 8082 7693 7397 
3433 449 98 459 117 5 3467 3530 6893 2021 125 
3434 441 117 447 136 5 3238 8637 260 8861 6530 
3435 447 117 459 136 5 7801 9040 9038 1991 5912 
3436 459 98 467 121 5 9492 9274 1107 8687 391 
3437 467 98 475 121 5 8521 9246 5365 6607 563 
3438 459 121 462 136 5 5488 3492 8322 8389 659 
3439 462 121 475 136 5 5160 7132 7355 1807 9006 
3440 475 70 481 86 4 9183 6674 7117 346 
3441 481 70 488 86 5 3628 300 6122 6441 173 
3442 475 86 481 104 5 5797 4253 4441 8142 4394 
3443 481 86 488 104 5 6112 8555 6654 6937 1770 
3444 488 70 496 87 5 1678 4440 671 6004 1882 
3445 496 70 512 87 5 9461 1065 9156 7133 4522 
3446 488 87 504 104 5 4724 7551 5360 9875 1697 
3447 504 87 512 104 5 3612 9002 6976 5257 1059 
3448 475 104 482 126 5 7895 6410 3601 4322 2471 
3449 482 104 492 126 5 1838 5907 7522 5687 7891 
3450 475 126 484 136 5 111 1873 8875 3382 2189 
3451 484 126 492 136 5 2249 6527 4697 3147 2604 
3452 492 104 501 119 5 4882 2237 407 9008 9819 
3453 501 104 512 119 5 7020 6109 9610 8975 717 
3454 492 119 498 136 5 8615 10 8224 57 2832 
3455 498 119 512 136 5 1602 7680 9943 331 3884 
3456 382 136 390 148 4 2714 6240 4953 1317 
3457 390 136 394 148 5 6752 7912 8113 6857 9550 
3458 382 148 387 165 5 152 6912 9618 8516 8052 
3459 387 148 394 165 5 4264 3934 8822 8171 171 
3460 394 136 402 147 5 6403 5143 6547 3475 45 
3461 402 136 417 147 5 9964 8882 1492 6709 7512 
3462 394 147 401 165 5 3823 33 1538 4824 9018 
3463 401 147 417 165 5 9763 9974 7441 2864 7859 
3464 382 165 389 189 4 2858 4184 8917 5710 
3465 389 165 398 189 5 272 4181 4876 7847 6370 
3466 382 189 389 202 5 2581 330 4285 9568 612 
3467 389 189 398 202 5 2755 2745 1779 3791 6525 
3468 398 165 410 182 5 3018 5212 212 8465 2791 
3469 410 165 417 182 5 9937 5468 7337 5221 575 
3470 398 182 407 202 5 9474 3611 7102 8227 7214 
3471 407 182 417 202 5 5354 1453 4700 1429 8990 
3472 417 136 421 163 4 1018 2681 4185 9769 
3473 421 136 433 163 5 7122 50 5641 6763 7030 
3474 417 163 425 175 5 3797 4277 411 81 6066 
3475 425 163 433 175 5 4694 8011 9607 2117 2770 
3476 433 136 437 149 5 3752 9237 9080 4622 1659 
3477 437 136 448 149 5 678 3376 8346 6106 9239 
3478 433 149 438 175 5 3520 7393 4348 2503 6472 
3479 438 149 448 175 5 6395 5906 8386 1300 9578 
3480 417 175 421 189 4 423 8249 734 6789 
3481 421 175 433 189 5 1990 4282 5909 1424 7317 
3482 417 189 424 202 5 9746 1977 5919 6165 284 
3483 424 189 433 202 5 4486 3566 4423 8888 1339 
3484 433 175 439 188 5 1999 1598 6717 6474 898 
3485 439 175 448 188 5 962 5668 4271 9466 8511 
3486 433 188 444 202 5 5044 4987 1246 5157 8060 
3487 444 188 448 202 5 7807 4914 7897 6361 1274 
3488 382 202 386 214 4 2744 3523 2716 2440 
3489 386 202 397 214 5 2431 5856 2091 389 9031 
3490 382 214 389 234 5 7554 9583 1651 3645 9420 
3491 389 214 397 234 5 3079 9520 4660 900 5115 
3492 397 202 406 212 5 1584 3571 4586 1358 6544 
3493 406 202 414 212 5 8202 4652 9184 308 5730 
3494 397 212 411 234 5 2774 1516 2865 324 6952 
3495 411 212 414 234 5 3428 3577 6212 9525 8684 
3496 382 234 387 245 4 3265 2118 1066 4203 
3497 387 234 396 245 5 4244 3235 6915 9074 5984 
3498 382 245 389 256 5 9757 2078 7426 832 211 
3499 389 245 396 256 5 6317 7608 3118 4706 6514 
3500 396 234 402 243 5 8232 7385 7534 3349 4868 
3501 402 234 414 243 5 5127 122 8913 1261 1650 
3502 396 243 409 256 5 7483 9330 1111 4316 6270 
3503 409 243 414 256 5 4382 6777 1240 9127 4805 
3504 414 202 419 211 4 2111 9310 3228 5401 
3505 419 202 428 211 5 9989 1042 2574 8825 9370 
3506 414 211 419 227 5 3036 1324 3133 3578 3550 
3507 419 211 428 227 5 8124 862 3440 1027 3329 
3508 428 202 437 212 5 3552 8643 9255 8271 9216 
3509 437 202 448 212 5 3405 5683 6515 4123 4041 
3510 428 212 442 227 5 5151 3929 6419 1583 582 
3511 442 212 448 227 5 2953 8507 6774 2901 4604 
3512 414 227 423 238 4 2256 2966 9257 8801 
3513 423 227 426 238 5 6911 4305 104 3117 2 
3514 414 238 420 256 5 8915 3419 83 1184 7749 
3515 420 238 426 256 5 5789 1210 8193 2650 6006 
3516 426 227 436 239 5 5871 4892 6330 7780 9930 
3517 436 227 448 239 5 9072 5226 4495 9143 1335 
3518 426 239 439 256 5 2731 4624 7540 4415 8903 
3519 439 239 448 256 5 2598 6813 8584 6873 3273 
3520 448 136 454 156 4 5833 2788 6856 9245 
3521 454 136 465 156 5 7395 4585 8619 4367 9303 
3522 448 156 461 167 5 4977 3886 3676 7371 6286 
3523 461 156 465 167 5 1002 5602 2426 4739 381 
3524 465 136 473 145 5 7112 2470 9120 5180 3207 
3525 473 136 478 145 5 3156 263 8106 7169 78 
3526 465 145 473 167 5 8600 6163 4340 2688 4293 
3527 473 145 478 167 5 8449 763 4298 4661 6136 
3528 448 167 456 180 4 835 2101 7678 9839 
3529 456 167 463 180 5 1720 7581 5150 5253 137 
3530 448 180 458 200 5 7472 8273 953 2492 3424 
3531 458 180 463 200 5 812 9230 7136 882 5283 
3532 463 167 470 185 5 9096 2909 8033 5302 1118 
3533 470 167 478 185 5 5403 8463 8111 5254 6151 
3534 463 185 473 200 5 6702 9426 2036 4464 6999 
3535 473 185 478 200 5 1563 8703 5088 5768 3680 
3536 478 136 487 153 4 987 77 8257 4730 
3537 487 136 496 153 5 1692 7406 3760 7376 2288 
3538 478 153 487 163 5 1225 9977 4935 8467 2240 
3539 487 153 496 163 5 5161 193 6741 3116 7442 
3540 496 136 503 145 5 5053 3681 3019 3683 6015 
3541 503 136 512 145 5 3527 8536 9823 1948 5443 
3542 496 145 504 163 5 9557 3780 5689 4775 9810 
3543 504 145 512 163 5 1053 3623 6771 3115 1981 
3544 478 163 482 186 4 3316 2238 2129 8155 
3545 482 163 489 186 5 3121 5926 503 3988 6554 
3546 478 186 484 200 5 6288 8611 9386 1251 9856 
3547 484 186 489 200 5 1289 4385 9813 4752 9409 
3548 489 163 503 182 5 5132 6487 4356 1472 9889 
3549 503 163 512 182 5 3731 1007 3209 3802 5408 
3550 489 182 501 200 5 130 8748 2941 5576 9132 
3551 501 182 512 200 5 6455 8451 6269 8924 9868 
3552 448 200 455 219 4 1976 1865 5259 8670 
3553 455 200 462 219 5 2781 19 5246 7606 8420 
3554 448 219 451 231 5 6097 9384 6504 9615 5958 
3555 451 219 462 231 5 2994 7443 3279 7836 5071 
3556 462 200 474 217 5 6388 973 9371 4749 954 
3557 474 200 479 217 5 9565 5526 9228 2409 3110 
3558 462 217 470 231 5 876 9078 7846 6558 6714 
3559 470 217 479 231 5 8396 6323 3303 7501 9368 
3560 448 231 455 244 4 746 2156 8165 5356 
3561 455 231 465 244 5 1094 1623 5661 5844 8616 
3562 448 244 451 256 5 2005 467 1169 5812 6638 
3563 451 244 465 256 5 525 9200 3168 5508 9294 
3564 465 231 473 243 5 7516 9359 2319 3682 7688 
3565 473 231 479 243 5 3970 1482 6663 7350 4134 
3566 465 243 473 256 5 3225 2579 7244 371 8905 
3567 473 243 479 256 5 8403 3665 1411 9424 8678 
3568 479 200 489 213 4 136 6996 2413 2217 
3569 489 200 499 213 5 7077 3661 4720 7322 5712 
3570 479 213 493 230 5 8175 7811 1056 3626 2603 
3571 493 213 499 230 5 2637 3537 2748 13 6043 
3572 499 200 505 217 5 7239 4836 4932 6833 7774 
3573 505 200 512 217 5 7207 2363 559 5363 4107 
3574 499 217 504 230 5 4194 5782 479 1731 4303 
3575 504 217 512 230 5 5239 7769 4296 6477 676 
3576 479 230 487 244 5 8444 9017 4627 3264 8625 
3577 487 230 495 244 5 9593 4245 176 4029 7586 
3578 479 244 490 256 5 9005 2653 7533 4566 4677 
3579 490 244 495 256 5 7994 931 1290 67 9693 
3580 495 230 502 244 5 6100 4426 570 8954 1355 
3581 502 230 512 244 5 8818 3895 8128 1960 4663 
3582 495 244 503 256 5 3847 4153 7311 3883 6637 
3583 503 244 512 256 5 6593 3206 1469 3251 3652 
3584 258 256 266 274 4 6578 648 6582 7635 
3585 266 256 277 274 5 313 975 1855 9522 6662 
3586 258 274 270 287 5 9299 8622 6211 2522 1008 
3587 270 274 277 287 5 95 4183 2406 3664 1221 
3588 277 256 282 274 5 7547 7858 2500 6408 339 
3589 282 256 286 274 5 4192 9295 6210 4770 8077 
3590 277 274 284 287 5 5140 7265 379 9927 4166 
3591 284 274 286 287 5 7954 9642 9280 6283 8104 
3592 258 287 263 304 4 9777 6705 5326 6939 
3593 263 287 271 304 5 8498 1706 1497 7180 6229 
3594 258 304 264 323 5 626 1275 4715 2299 3691 
3595 264 304 271 323 5 6147 1762 1085 5708 4520 
3596 271 287 279 305 5 8880 9535 9554 8030 885 
3597 279 287 286 305 5 2307 317 8148 2392 9431 
3598 271 305 279 323 5 9680 9807 6526 6398 393 
3599 279 305 286 323 5 2295 4718 8200 9493 3529 
3600 286 256 297 270 4 2927 3554 4398 5866 
3601 297 256 307 270 5 6098 7805 5600 98 2370 
3602 286 270 297 291 5 9490 8771 1213 7922 7587 
3603 297 270 307 291 5 6781 4136 1342 4915 3456 
3604 307 256 315 276 5 572 6127 6629 4063 935 
3605 315 256 321 276 5 9780 3196 7684 9024 4555 
3606 307 276 312 291 5 7277 1074 2077 8015 1402 
3607 312 276 321 291 5 2887 8782 3828 7115 7454 
3608 286 291 296 309 4 1122 6691 7508 3163 
3609 296 291 305 309 5 5400 4723 4071 3448 4167 
3610 286 309 295 323 5 2087 2448 2563 6184 6376 
3611 295 309 305 323 5 6457 4261 902 6234 1675 
3612 305 291 316 311 5 3514 8559 6053 9910 3618 
3613 316 291 321 311 5 7029 8213 8517 807 7757 
3614 305 311 314 323 5 1646 568 8636 1949 4424 
3615 314 311 321 323 5 9296 9743 9499 6766 8604 
3616 258 323 263 331 4 495 2383 3911 6083 
3617 263 323 274 331 5 2879 7934 1076 819 1157 
3618 258 331 264 352 5 5439 9725 5299 3454 687 
3619 264 331 274 352 5 6931 1506 5037 5589 8455 
3620 274 323 279 338 5 1191 5087 7813 5947 6557 
3621 279 323 285 338 5 6556 3027 6716 9599 8022 
3622 274 338 278 352 5 6786 8534 7915 7939 4280 
3623 278 338 285 352 5 1845 350 9741 9961 1046 
3624 258 352 262 371 4 2561 8205 7628 6533 
3625 262 352 268 371 5 2583 4452 124 9209 5586 
3626 258 371 263 382 5 856 4435 8057 7789 8969 
3627 263 371 268 382 5 1363 2545 3253 4838 1892 
3628 268 352 275 365 5 9089 7823 2962 7667 8839 
3629 275 352 285 365 5 3092 861 2912 5849 8966 
3630 268 365 277 382 5 9313 7256 6519 9167 6003 
3631 277 365 285 382 5 9838 269 6865 2199 2432 
3632 285 323 292 344 4 8912 1146 6974 3543 
3633 292 323 301 344 5 3403 3686 5265 8904 354 
3634 285 344 295 355 5 2380 6919 9675 4053 1116 
3635 295 344 301 355 5 1365 7817 2191 9939 2029 
3636 301 323 305 332 5 5592 5776 2070 7558 1128 
3637 305 323 321 332 5 6350 4455 1950 1744 3035 
3638 301 332 309 355 5 9832 9475 6943 8318 6855 
3639 309 332 321 355 5 7748 4090 5803 4906 6282 
3640 285 355 289 369 4 6209 6207 4819 1407 
3641 289 355 298 369 5 9543 1376 6711 1643 9684 
3642 285 369 291 382 5 8638 4515 5495 2857 8583 
3643 291 369 298 382 5 9172 2343 8460 2247 6523 
3644 298 355 311 366 5 6137 4375 1532 6058 207 
3645 311 355 321 366 5 4211 2352 6921 6119 3516 
3646 298 366 306 382 5 4645 2419 4939 2580 8217 
3647 306 366 321 382 5 7731 8734 1944 23 6770 
3648 321 256 330 267 4 9104 2197 598 1593 
3649 330 256 334 267 5 6904 7257 6806 402 2009 
3650 321 267 330 282 5 4511 8443 7864 5341 5270 
3651 330 267 334 282 5 606 3046 177 2494 7305 
3652 334 256 339 274 5 1441 9507 6791 7060 3298 
3653 339 256 348 274 5 3220 3947 4218 3476 2277 
3654 334 274 342 282 5 2739 5565 1163 8394 7841 
3655 342 274 348 282 5 1501 2674 8550 3105 8287 
3656 321 282 329 303 4 6255 8577 6713 4630 
3657 329 282 335 303 5 3687 804 2035 336 3921 
3658 321 303 327 319 5 4059 3269 976 8539 3283 
3659 327 303 335 319 5 7176 8995 1391 2012 5185 
3660 335 282 342 294 5 8723 3496 8319 8788 7276 
3661 342 282 348 294 5 1173 2849 1589 8471 8159 
3662 335 294 341 319 5 225 7313 8612 4576 7710 
3663 341 294 348 319 5 7622 8483 3122 5420 7839 
3664 348 256 353 269 4 7627 2138 1049 7143 
3665 353 256 360 269 5 2497 9657 2402 6830 9023 
3666 348 269 353 285 5 6994 5669 6228 8114 3845 
3667 353 269 360 285 5 684 4870 720 5156 7520 
3668 360 256 363 267 5 3607 2899 364 159 4884 
3669 363 256 383 267 5 2661 8749 756 6225 8248 
3670 360 267 367 285 5 9109 5009 8206 7892 8140 
3671 367 267 383 285 5 9983 4861 2689 894 3195 
3672 348 285 354 296 4 9633 8048 5058 3481 
3673 354 285 364 296 5 2894 9028 3930 642 1476 
3674 348 296 359 319 5 2877 930 2496 7935 5141 
3675 359 296 364 319 5 8312 5294 8971 459 3301 
3676 364 285 370 305 5 1841 380 7560 2051 4598 
3677 370 285 383 305 5 3990 5980 4901 9512 5665 
3678 364 305 371 319 5 9441 5999 5473 9467 8958 
3679 371 305 383 319 5 8657 6149 2761 1479 9034 
3680 321 319 327 333 4 7979 3367 8792 4731 
3681 327 319 337 333 5 1702 9365 870 9748 2252 
3682 321 333 331 354 5 8192 7589 7299 8508 2534 
3683 331 333 337 354 5 5577 8830 7674 4577 9154 
3684 337 319 343 334 5 3363 2028 1136 6764 9099 
3685 343 319 351 334 5 5287 2920 6790 9050 9134 
3686 337 334 343 354 5 5995 506 9390 2587 281 
3687 343 334 351 354 5 6684 5471 2937 5077 9357 
3688 321 354 323 365 4 8943 214 483 5120 
3689 323 354 335 365 5 4075 3222 5593 5021 5248 
3690 321 365 329 382 5 1349 6586 1674 3171 3528 
3691 329 365 335 382 5 2314 3240 39 4443 1353 
3692 335 354 339 369 5 6291 2760 1817 1572 3605 
3693 339 354 351 369 5 2519 7826 3708 9269 4050 
3694 335 369 338 382 5 968 353 4944 1510 8978 
3695 338 369 351 382 5 3309 1121 9126 6516 8548 
3696 351 319 358 335 4 110 532 2328 6517 
3697 358 319 367 335 5 6264 7783 9235 8243 1211 
3698 351 335 358 352 5 1737 7336 7726 3959 4841 
3699 358 335 367 352 5 6874 5158 8701 2867 4147 
3700 367 319 376 338 5 1604 9820 5482 4416 7173 
3701 376 319 383 338 5 9438 1694 3826 5429 5940 
3702 367 338 380 352 5 8157 3198 5616 8787 9953 
3703 380 338 383 352 5 3377 2811 5050 8330 1597 
3704 351 352 357 364 5 7772 9463 7546 8907 6011 
3705 357 352 363 364 5 8832 1380 7767 5413 8594 
3706 351 364 356 382 5 593 9079 9944 8203 68 
3707 356 364 363 382 5 1502 2158 3190 1961 7938 
3708 363 352 368 371 5 7539 1616 7765 4155 4496 
3709 368 352 383 371 5 9795 2991 3575 8446 7186 
3710 363 371 369 382 5 1303 7460 6254 9794 6902 
3711 369 371 383 382 5 9429 8017 1102 273 184 
3712 258 382 264 404 4 8074 6200 9224 7537 
3713 264 382 276 404 5 2480 4444 6675 6889 5733 
3714 258 404 266 420 5 1885 5275 9805 2705 5328 
3715 266 404 276 420 5 9660 3446 6190 7345 1092 
3716 276 382 280 395 5 2227 762 9969 5225 8556 
3717 280 382 288 395 5 3837 5170 4364 2531 8259 
3718 276 395 285 420 5 6426 6794 9816 2039 2602 
3719 285 395 288 420 5 2454 7634 3141 3710 9706 
3720 258 420 266 427 4 9817 5344 3211 3210 
3721 266 420 272 427 5 2632 1279 1992 8369 8037 
3722 258 427 261 450 5 2206 9069 6534 5626 8729 
3723 261 427 272 450 5 6218 3300 6798 5075 2642 
3724 272 420 280 434 5 732 8361 3909 6480 2696 
3725 280 420 288 434 5 1309 3314 6171 2824 2816 
3726 272 434 277 450 5 4145 4986 6797 7572 3317 
3727 277 434 288 450 5 7830 2634 8416 3243 2883 
3728 288 382 293 396 4 9347 6864 7637 3865 
3729 293 382 306 396 5 855 6068 1794 2233 5701 
3730 288 396 302 415 5 7564 8709 3387 4536 5758 
3731 302 396 306 415 5 3025 3174 8505 7853 5739 
3732 306 382 312 399 5 3260 5839 9133 3862 2326 
3733 312 382 321 399 5 6252 5685 3374 9897 1321 
3734 306 399 316 415 5 2108 1508 5583 9718 6155 
3735 316 399 321 415 5 6997 6345 1875 9282 579 
3736 288 415 293 434 4 3393 1509 1371 6397 
3737 293 415 302 434 5 6247 2518 6054 8901 5705 
3738 288 434 295 450 5 5192 3453 2643 6664 6698 
3739 295 434 302 450 5 7316 5029 7233 7287 8234 
3740 302 415 312 428 5 1649 1894 3805 2890 3868 
3741 312 415 321 428 5 5570 1967 7763 9570 8857 
3742 302 428 306 450 5 9378 3735 9951 6115 6470 
3743 306 428 321 450 5 9659 1408 2818 4417 5584 
3744 258 450 269 466 4 4094 2944 2961 4791 
3745 269 450 275 466 5 7230 8038 6617 3709 438 
3746 258 466 271 483 5 183 7078 9315 5918 6421 
3747 271 466 275 483 5 4445 3142 771 621 9027 
3748 275 450 284 459 5 154 2075 1870 6369 9306 
3749 284 450 292 459 5 255 1629 2576 7098 4092 
3750 275 459 280 483 5 7970 7982 7107 7197 291 
3751 280 459 292 483 5 4913 7190 9992 7084 4696 
3752 258 483 262 498 4 1804 1073 489 1344 
3753 262 483 271 498 5 2888 2836 5872 163 4177 
3754 258 498 263 512 5 9623 3803 4186 7386 5716 
3755 263 498 271 512 5 6690 3483 9978 6946 1814 
3756 271 483 285 494 5 5398 3798 6002 2415 9250 
3757 285 483 292 494 5 5540 3137 9125 9789 3598 
3758 271 494 277 512 5 8130 7404 484 4492 7092 
3759 277 494 292 512 5 4803 2686 2349 4454 6710 
3760 292 450 296 464 4 9086 2613 6202 426 
3761 296 450 302 464 5 3416 7037 629 4224 9766 
3762 292 464 295 479 5 8738 1877 5707 6354 7438 
3763 295 464 302 479 5 5461 7225 1586 355 2599 
3764 302 450 312 462 5 3152 5667 7164 1874 4833 
3765 312 450 321 462 5 6715 1531 3487 9210 4132 
3766 302 462 313 479 5 1387 2733 548 7947 6990 
3767 313 462 321 479 5 2701 5312 2289 9091 842 
3768 292 479 295 494 4 7379 4554 8718 8532 
3769 295 479 306 494 5 6670 8803 5278 5974 5561 
3770 292 494 298 512 5 8182 8298 2957 7904 3866 
3771 298 494 306 512 5 318 5638 7349 9403 8712 
3772 306 479 307 493 5 5321 3707 7388 5772 1230 
3773 307 479 321 493 5 2400 4258 9723 8988 3224 
3774 306 493 313 512 5 6413 3113 9220 8324 1078 
3775 313 493 321 512 5 9531 3445 4711 6349 103 
3776 321 382 325 393 4 2457 2208 8301 1311 
3777 325 382 335 393 5 1743 742 6535 8281 3160 
3778 321 393 330 406 5 4970 5462 5203 7496 1521 
3779 330 393 335 406 5 2340 4873 4137 1630 7402 
3780 335 382 343 393 5 6838 197 1667 8269 4028 
3781 343 382 349 393 5 3646 8520 7832 6970 8967 
3782 335 393 342 406 5 1483 3418 4489 5199 2517 
3783 342 393 349 406 5 1868 5233 8431 1922 6742 
3784 321 406 327 432 4 8325 1473 8794 9540 
3785 327 406 336 432 5 2335 3 8260 6644 7779 
3786 321 432 327 451 5 7580 9170 6981 4228 8225 
3787 327 432 336 451 5 2139 1919 6913 2825 6175 
3788 336 406 340 431 5 6134 3925 2551 5842 7973 
3789 340 406 349 431 5 3582 7736 980 7160 4812 
3790 336 431 347 451 5 649 8146 3068 2120 737 
3791 347 431 349 451 5 8407 8035 3672 7154 4820 
3792 349 382 355 399 4 6123 6589 5030 9348 
3793 355 382 364 399 5 1384 4681 9234 8680 3701 
3794 349 399 358 417 5 733 5026 3809 4685 9059 
3795 358 399 364 417 5 3720 2972 8478 672 7168 
3796 364 382 376 396 5 9121 7024 3953 310 4081 
3797 376 382 383 396 5 4332 3518 5571 8003 7602 
3798 364 396 371 417 5 7013 9830 3334 9061 3814 
3799 371 396 383 417 5 5176 7582 3358 2297 6268 
3800 349 417 352 437 4 1307 6108 707 2421 
3801 352 417 361 437 5 5082 6082 3443 3157 9883 
3802 349 437 356 451 5 7329 990 4342 816 8929 
3803 356 437 361 451 5 9852 7261 3355 3257 134 
3804 361 417 374 436 5 4362 2107 2452 1148 2868 
3805 374 417 383 436 5 1962 7177 8450 2478 4453 
3806 361 436 371 451 5 2537 8315 9544 7886 3287 
3807 371 436 383 451 5 9495 7956 1866 6659 390 
3808 321 451 325 461 4 1308 2787 5817 8172 
3809 325 451 336 461 5 2167 5555 5004 3294 3268 
3810 321 461 331 482 5 8334 1677 2532 530 5651 
3811 331 461 336 482 5 1418 8592 485 1058 3054 
3812 336 451 342 464 5 5165 9614 6499 8250 680 
3813 342 451 352 464 5 7870 5644 112 1197 5111 
3814 336 464 343 482 5 8851 710 2685 365 692 
3815 343 464 352 482 5 6903 7387 9356 8081 1187 
3816 321 482 328 495 4 2044 9400 4693 8190 
3817 328 482 338 495 5 4413 3493 3616 3277 6500 
3818 321 495 331 512 5 2895 8964 296 8743 2159 
3819 331 495 338 512 5 946 4798 4502 347 6191 
3820 338 482 342 493 5 1025 1917 9915 7052 8233 
3821 342 482 352 493 5 6337 6138 4895 3763 5664 
3822 338 493 347 512 5 9640 9564 1997 8762 7284 
3823 347 493 352 512 5 374 5117 1777 3486 3058 
3824 352 451 361 467 4 6342 5948 2902 6423 
3825 361 451 371 467 5 8380 739 5293 469 5702 
3826 352 467 363 485 5 476 8728 8214 7960 1369 
3827 363 467 371 485 5 7835 8602 1466 8514 123 
3828 371 451 380 465 5 9180 7700 6471 4054 3229 
3829 380 451 383 465 5 3940 4975 7868 630 7543 
3830 371 465 380 485 5 4129 9954 9765 9092 8283 
3831 380 465 383 485 5 6792 155 8251 9073 5101 
3832 352 485 354 495 5 1459 5726 1567 5166 5147 
3833 354 485 362 495 5 2462 844 8436 514 8957 
3834 352 495 356 512 5 519 9551 5306 5402 769 
3835 356 495 362 512 5 6085 8986 6508 1715 4407 
3836 362 485 365 498 5 7777 5137 9690 3696 6121 
3837 365 485 383 498 5 4532 6385 8597 1258 9533 
3838 362 498 367 512 5 5994 8000 8694 8742 7906 
3839 367 498 383 512 5 6836 3129 1661 1812 8581 
3840 383 256 385 264 4 5889 4929 7076 5989 
3841 385 256 397 264 5 5631 9283 8353 8201 5930 
3842 383 264 388 278 5 1010 549 1005 5662 8970 
3843 388 264 397 278 5 858 2564 6094 9338 4813 
3844 397 256 410 266 5 3588 5303 7894 8481 1288 
3845 410 256 416 266 5 3108 7444 8593 8246 3085 
3846 397 266 402 278 5 6890 6290 7003 8344 1763 
3847 402 266 416 278 5 6125 7101 4276 3822 9840 
3848 383 278 394 292 4 2105 7002 8624 5116 
3849 394 278 400 292 5 5637 8605 5350 9430 2417 
3850 383 292 392 315 5 9879 1038 2334 1820 7771 
3851 392 292 400 315 5 6518 6409 9648 2668 1867 
3852 400 278 406 285 5 2821 4783 8084 6215 2586 
3853 406 278 416 285 5 933 5606 2629 4888 2300 
3854 400 285 410 315 5 7872 2569 2482 1086 3981 
3855 410 285 416 315 5 4202 2627 4149 4580 6401 
3856 416 256 420 269 4 8309 7185 6577 3193 
3857 420 256 432 269 5 1266 1410 7398 7171 4874 
3858 416 269 429 279 5 3741 4722 7260 6380 3050 
3859 429 269 432 279 5 5135 5802 8761 2721 8892 
3860 432 256 440 270 5 8488 8385 5215 8068 9323 
3861 440 256 446 270 5 9751 9968 6817 4716 2435 
3862 432 270 437 279 5 9354 4785 2720 4249 9918 
3863 437 270 446 279 5 9185 3655 8845 8582 7524 
3864 416 279 425 290 4 5513 1498 6439 1673 
3865 425 279 434 290 5 4337 9785 7993 3721 2509 
3866 416 290 428 315 5 941 7601 1787 1778 8475 
3867 428 290 434 315 5 1375 5421 6302 4231 457 
3868 434 279 442 295 5 3765 5249 3406 3388 3631 
3869 442 279 446 295 5 9410 2784 643 4021 5595 
3870 434 295 442 315 5 3749 6630 8860 8097 7654 
3871 442 295 446 315 5 4469 4082 2885 6782 4269 
3872 383 315 389 329 4 8044 7720 713 7275 
3873 389 315 396 329 5 8545 3936 258 5648 8007 
3874 383 329 388 345 5 9331 3070 6172 6773 3431 
3875 388 329 396 345 5 1062 1177 4535 7538 7219 
3876 396 315 406 332 5 6840 9987 6139 8088 1215 
3877 406 315 414 332 5 9285 5144 7125 5173 889 
3878 396 332 401 345 5 2264 2427 3567 6489 8908 
3879 401 332 414 345 5 971 6783 9585 3460 869 
3880 383 345 390 357 4 2188 6096 9965 8412 
3881 390 345 402 357 5 1552 7399 221 396 1899 
3882 383 357 398 383 5 1310 8496 2103 6652 3101 
3883 398 357 402 383 5 7761 7647 1878 5929 9025 
3884 402 345 408 367 5 2391 2041 9016 1781 4964 
3885 408 345 414 367 5 6899 7179 6156 4738 9106 
3886 402 367 410 383 5 957 6089 2889 9580 9549 
3887 410 367 414 383 5 2265 247 180 3525 6146 
3888 414 315 421 327 4 1093 3890 7881 8366 
3889 421 315 429 327 5 9841 4793 4562 9758 9066 
3890 414 327 417 348 5 5426 1566 1687 1382 9773 
3891 417 327 429 348 5 1886 3038 7208 9545 6084 
3892 429 315 440 328 5 8569 6743 5291 6870 3839 
3893 440 315 446 328 5 8009 368 3097 8911 8072 
3894 429 328 437 348 5 9218 3055 9095 1189 3120 
3895 437 328 446 348 5 2863 6224 4292 5774 5827 
3896 414 348 421 359 4 3103 2827 352 2010 
3897 421 348 427 359 5 1119 8434 8194 5159 2160 
3898 414 359 420 383 5 6513 7330 3281 5475 6329 
3899 420 359 427 383 5 1333 5992 5728 8720 9243 
3900 427 348 433 368 5 4442 8653 3963 5424 4651 
3901 433 348 446 368 5 4936 7339 5205 8846 6564 
3902 427 368 437 383 5 2379 2058 4046 9665 5860 
3903 437 368 446 383 5 1168 9388 4545 1723 1569 
3904 446 256 448 267 4 4370 1843 1588 6001 
3905 448 256 458 267 5 8454 6992 7144 2405 5532 
3906 446 267 450 295 5 6128 979 6542 1488 8339 
3907 450 267 458 295 5 6133 868 9692 2779 0 
3908 458 256 467 274 5 4639 9920 1120 327 4290 
3909 467 256 476 274 5 7110 3603 9509 7698 3307 
3910 458 274 461 295 5 3938 1860 4047 5035 7963 
3911 461 274 476 295 5 5564 6632 1522 9071 6739 
3912 446 295 457 311 4 7246 8523 9081 1995 
3913 457 295 462 311 5 3830 8045 2515 231 1192 
3914 446 311 456 324 5 8226 5828 2640 1818 7843 
3915 456 311 462 324 5 1388 7283 2866 9689 2291 
3916 462 295 469 310 5 6562 5902 7796 4488 6055 
3917 469 295 476 310 5 8419 7006 3636 6820 5297 
3918 462 310 467 324 5 8588 2411 433 4918 9632 
3919 467 310 476 324 5 8965 3534 8388 7389 6314 
3920 476 256 482 276 4 9518 3785 4548 9644 
3921 482 256 493 276 5 5877 1893 6784 5747 131 
3922 476 276 484 294 5 3381 4334 3208 64 2133 
3923 484 276 493 294 5 5939 8332 834 3267 6086 
3924 493 256 503 274 5 9477 5598 6511 9425 4761 
3925 503 256 512 274 5 8867 2416 5092 9207 1166 
3926 493 274 503 294 5 6164 6891 9959 7714 1921 
3927 503 274 512 294 5 147 1452 8671 2970 9444 
3928 476 294 485 309 4 790 7478 5755 8499 
3929 485 294 493 309 5 9828 376 8621 1577 3600 
3930 476 309 482 324 5 8796 2989 2257 1811 3943 
3931 482 309 493 324 5 3286 7095 6640 8938 1656 
3932 493 294 500 308 5 5805 3927 7327 9149 6553 
3933 500 294 512 308 5 7616 3519 8774 8879 5327 
3934 493 308 500 324 5 3094 9158 2762 1292 8264 
3935 500 308 512 324 5 208 262 3999 3948 784 
3936 446 324 456 339 4 5177 4744 3975 6328 
3937 456 324 466 339 5 3372 1722 4405 6194 6985 
3938 446 339 450 349 5 4459 4891 5804 5573 965 
3939 450 339 466 349 5 1980 7045 1079 9662 8574 
3940 466 324 476 334 5 5000 7514 167 5663 6236 
3941 476 324 481 334 5 764 3275 1911 8397 5790 
3942 466 334 469 349 5 9960 614 745 9253 3786 
3943 469 334 481 349 5 2439 4010 14 2947 9130 
3944 446 349 454 367 4 8855 5179 9043 4827 
3945 454 349 467 367 5 3619 6799 1325 8940 8306 
3946 446 367 451 383 5 1914 8144 1142 9455 6437 
3947 451 367 467 383 5 1988 4662 5346 1390 5518 
3948 467 349 478 371 5 61 7709 1504 5745 9737 
3949 478 349 481 371 5 1849 5389 8524 1356 9584 
3950 467 371 475 383 5 1663 4401 8962 6561 3656 
3951 475 371 481 383 5 7163 5414 4679 3593 9529 
3952 481 324 485 335 4 2081 6753 3591 3040 
3953 485 324 494 335 5 617 3422 1098 2092 5680 
3954 481 335 485 350 5 3903 2461 2393 8648 2712 
3955 485 335 494 350 5 750 5367 1555 4117 4849 
3956 494 324 499 343 5 3924 7418 7174 4581 4120 
3957 499 324 512 343 5 8744 2110 689 7450 9991 
3958 494 343 503 350 5 5038 1449 7631 2540 6862 
3959 503 343 512 350 5 8456 5933 3417 6458 4033 
3960 481 350 485 368 5 2658 9428 4252 3898 7142 
3961 485 350 493 368 5 9480 4809 8092 2859 3495 
3962 481 368 484 383 5 9727 1075 2241 7946 3726 
3963 484 368 493 383 5 4885 3011 301 397 2730 
3964 493 350 501 360 5 7669 4311 490 5656 7987 
3965 501 350 512 360 5 6665 2904 5836 712 5325 
3966 493 360 499 383 5 6245 4921 7593 2601 4161 
3967 499 360 512 383 5 5020 6263 4984 5740 5434 
3968 383 383 389 402 4 6524 2490 4505 4425 
3969 389 383 398 402 5 153 2258 9223 1927 6528 
3970 383 402 387 418 5 1548 690 5015 3904 4377 
3971 387 402 398 418 5 8689 6267 4800 7491 4908 
3972 398 383 406 400 5 1332 9797 7401 120 1668 
3973 406 383 413 400 5 8005 2673 4926 2822 5815 
3974 398 400 405 418 5 2327 7134 8303 5788 8881 
3975 405 400 413 418 5 1320 6977 6573 2528 3992 
3976 383 418 392 428 4 4991 7146 3128 406 
3977 392 418 399 428 5 2562 373 6961 3354 4069 
3978 383 428 392 450 5 8300 7594 8981 2385 7527 
3979 392 428 399 450 5 9398 2747 3871 2086 5977 
3980 399 418 406 436 5 8654 669 7916 3840 4672 
3981 406 418 413 436 5 2325 7633 2076 1451 437 
3982 399 436 403 450 5 7583 5271 9451 6723 4674 
3983 403 436 413 450 5 5412 9729 1265 401 7044 
3984 413 383 420 395 4 5779 4980 6478 5034 
3985 420 383 427 395 5 6834 2850 7294 7734 3002 
3986 413 395 423 408 5 6076 4414 6689 4467 2684 
3987 423 395 427 408 5 6875 4209 9458 4578 6196 
3988 427 383 432 394 5 9793 3413 624 749 9671 
3989 432 383 443 394 5 4419 3772 2535 1745 2296 
3990 427 394 430 408 5 6955 2339 7487 1989 3585 
3991 430 394 443 408 5 6075 9571 1144 3241 219 
3992 413 408 421 431 4 9669 8730 2073 8941 
3993 421 408 429 431 5 4817 1908 5085 9947 8093 
3994 413 431 422 450 5 7014 4229 3063 2506 997 
3995 422 431 429 450 5 5343 8776 888 1269 5845 
3996 429 408 434 426 5 3223 2556 5183 1533 2559 
3997 434 408 443 426 5 5463 348 8320 4871 2783 
3998 429 426 436 450 5 456 2045 6107 4259 2829 
3999 436 426 443 450 5 8704 1436 9252 961 1003 
4000 383 450 388 460 4 4335 9107 8878 3429 
4001 388 450 398 460 5 8373 117 4989 6244 6639 
4002 383 460 394 471 5 3502 7818 658 1836 9437 
4003 394 460 398 471 5 8753 9908 6126 2248 8316 
4004 398 450 411 460 5 126 6316 4121 254 3962 
4005 411 450 416 460 5 9574 89 6655 82 5232 
4006 398 460 408 471 5 3722 7815 6567 5458 2555 
4007 408 460 416 471 5 7661 5146 1006 8286 38 
4008 383 471 391 488 4 8567 5364 639 7069 
4009 391 471 399 488 5 4725 3149 6666 2185 440 
4010 383 488 390 512 5 3408 7825 6901 3541 6818 
4011 390 488 399 512 5 4857 5859 405 627 8950 
4012 399 471 407 493 5 4599 240 5276 2908 5036 
4013 407 471 416 493 5 8278 6859 6947 48 3292 
4014 399 493 406 512 5 4695 3706 2930 7175 6646 
4015 406 493 416 512 5 1426 2315 415 5046 4135 
4016 416 450 424 465 4 5204 2782 7672 6438 
4017 424 450 428 465 5 2934 6608 6641 1021 3262 
4018 416 465 423 477 5 1854 1405 3669 6318 5194 
4019 423 465 428 477 5 7423 1443 1171 5454 3360 
4020 428 450 437 465 5 4988 3081 6101 5499 6249 
4021 437 450 443 465 5 848 1188 9147 31 8183 
4022 428 465 438 477 5 4199 7609 6180 8494 8265 
4023 438 465 443 477 5 1519 7182 3751 5490 4558 
4024 416 477 421 490 4 1057 2164 4546 590 
4025 421 477 428 490 5 8158 5355 148 8116 4579 
4026 416 490 423 512 5 755 9764 3829 2268 3459 
4027 423 490 428 512 5 2557 8501 189 4853 7603 
4028 428 477 435 493 5 1247 6748 5867 9740 5781 
4029 435 477 443 493 5 7605 3233 8828 9007 5353 
4030 428 493 437 512 5 5349 1972 7425 2988 2184 
4031 437 493 443 512 5 3347 6989 4998 8418 675 
4032 443 383 447 393 4 6634 2170 2871 3254 
4033 447 383 463 393 5 3622 9271 3173 9434 553 
4034 443 393 450 413 5 8715 6823 2541 5767 6152 
4035 450 393 463 413 5 1277 8859 1217 1194 2616 
4036 463 383 467 403 5 805 4655 6417 9739 1069 
4037 467 383 476 403 5 4412 9481 2707 6802 4151 
4038 463 403 468 413 5 4735 6239 4760 7373 5005 
4039 468 403 476 413 5 419 904 5881 3931 2144 
4040 443 413 449 434 4 7342 3357 4434 9457 
4041 449 413 458 434 5 4843 8952 1244 650 2304 
4042 443 434 451 445 5 446 4187 3918 6796 2298 
4043 451 434 458 445 5 3111 9351 5460 8102 1070 
4044 458 413 466 430 5 2737 4062 3880 5560 3053 
4045 466 413 476 430 5 2313 9141 8931 4670 1792 
4046 458 430 467 445 5 2759 3913 9608 2915 9114 
4047 467 430 476 445 5 1273 8134 2121 3592 1543 
4048 476 383 481 397 4 289 1556 6032 5706 
4049 481 383 491 397 5 5498 7223 7578 7304 3230 
4050 476 397 483 412 5 5273 5167 8560 7062 2015 
4051 483 397 491 412 5 1724 1015 8151 4856 7711 
4052 491 383 504 400 5 3864 5956 668 977 9083 
4053 504 383 512 400 5 6601 1526 9352 8127 8321 
4054 491 400 503 412 5 7324 9678 9385 3960 3667 
4055 503 400 512 412 5 9508 4141 5883 6344 3973 
4056 476 412 480 423 4 8974 488 9572 6822 
4057 480 412 492 423 5 2224 5666 810 1647 6588 
4058 476 423 479 445 5 7544 770 7109 4449 3685 
4059 479 423 492 445 5 9273 3080 7479 8710 9893 
4060 492 412 499 429 5 7670 1591 4274 4507 8563 
4061 499 412 512 429 5 3553 4210 1959 8578 2351 
4062 492 429 503 445 5 520 4635 4623 7664 7510 
4063 503 429 512 445 5 2949 7068 1383 6967 1291 
4064 443 445 454 467 4 7189 4128 2757 7083 
4065 454 445 461 467 5 2935 9566 3547 9179 1334 
4066 443 467 451 478 5 3423 1415 4753 7297 6636 
4067 451 467 461 478 5 453 2255 9236 9287 4769 
4068 461 445 473 457 5 172 3615 9363 7007 919 
4069 473 445 478 457 5 1464 813 3073 7333 2260 
4070 461 457 466 478 5 7470 7080 5272 2014 4951 
4071 466 457 478 478 5 4320 9602 1570 916 9696 
4072 443 478 448 494 4 2906 3112 1306 3411 
4073 448 478 463 494 5 4101 5786 6545 4227 3104 
4074 443 494 447 512 5 2098 5148 75 1535 2523 
4075 447 494 463 512 5 7555 5904 9826 3039 5280 
4076 463 478 470 492 5 2834 3888 4436 7695 9346 
4077 470 478 478 492 5 2100 2743 2886 7323 3679 
4078 463 492 468 512 5 7035 2672 372 8862 2952 
4079 468 492 478 512 5 5588 1400 6265 9433 41 
4080 478 445 489 458 4 8795 5152 2683 1680 
4081 489 445 496 458 5 7639 3806 823 3432 9307 
4082 478 458 483 475 5 4628 3282 5104 2239 1751 
4083 483 458 496 475 5 550 7665 9450 3231 9009 
4084 496 445 506 458 5 2977 9626 3337 5623 5635 
4085 506 445 512 458 5 8497 2083 4804 4596 5506 
4086 496 458 499 475 5 3362 6389 5406 7824 8163 
4087 499 458 512 475 5 4938 5810 1316 35 4193 
4088 478 475 487 494 5 6852 1208 9804 1594 3500 
4089 487 475 493 494 5 8745 242 4017 8688 4402 
4090 478 494 483 512 5 7932 7269 6566 4373 4727 
4091 483 494 493 512 5 2815 8228 2738 5505 5110 
4092 493 475 498 492 5 4845 6610 6183 6880 1547 
4093 498 475 512 492 5 3313 4008 7188 3733 79 
4094 493 492 501 512 5 9811 5854 7618 1574 5831 
4095 501 492 512 512 5 6422 9227 9627 1622 6404 
