84 44 36
86 18 94
8 52 15
91 2 97
75 56 94
19 82 57
23 10 103
15 29 9
2 17 29
74 92 101
93 43 67
101 87 101
34 42 90
1 5 5
30 74 10
55 5 45
62 61 25
69 22 47
30 27 43
8 8 11
40 93 11
11 17 38
0 100 83
23 25 44
0 16 16
2 33 7
9 8 3
73 7 88
10 28 13
71 23 47
35 47 35
104 4 7
1 81 19
2 9 53
13 92 17
37 76 56
5 78 7
101 23 69
87 20 81
84 69 23
23 84 6
82 49 25
2 53 94
75 74 11
4 73 96
104 103 72
103 7 47
13 81 87
101 103 89
20 9 73
27 63 6
14 6 28
21 14 12
104 71 10
50 94 8
12 50 89
1 102 21
0 15 36
69 44 31
24 55 43
56 33 66
47 24 81
13 54 37
63 56 79
18 39 51
3 62 97
101 29 92
54 85 45
58 103 12
76 64 1
60 32 49
81 21 19
59 0 11
87 21 33
6 32 65
13 26 36
3 20 78
45 18 35
29 5 81
12 80 12
36 65 100
31 2 55
36 8 56
104 88 40
22 58 38
104 65 42
94 76 77
0 88 97
58 7 22
101 69 97
23 33 10
3 92 21
27 13 37
39 100 0
95 10 22
89 27 87
82 20 3
86 4 13
19 72 38
86 100 90
93 28 10
61 15 96
11 69 48
32 86 73
6 61 51
85 19 71
73 26 14
30 23 83
77 101 80
3 9 2
6 66 30
39 84 16
90 16 7
1 4 75
4 65 28
17 51 55
74 16 68
18 53 82
45 41 101
82 0 19
7 79 35
97 62 27
8 92 61
82 18 82
88 23 75
66 84 92
101 104 70
5 76 88
84 50 79
80 97 25
59 13 29
19 42 16
12 13 0
17 0 98
99 80 18
74 21 94
6 14 100
29 3 52
9 102 15
3 93 65
29 58 92
40 11 27
71 1 76
6 14 61
10 51 14
96 63 3
64 31 68
89 47 13
58 41 23
92 37 66
23 83 8
81 6 23
82 86 10
95 9 83
35 88 84
48 53 27
3 71 67
59 19 66
53 17 52
68 92 84
98 21 26
102 18 50
13 8 18
12 19 24
104 35 67
9 3 63
21 11 20
23 45 95
2 70 2
26 38 57
90 39 1
20 102 92
75 56 89
34 33 98
18 89 96
100 102 18
78 71 51
71 20 11
6 91 9
27 61 70
84 1 15
39 50 90
8 6 63
102 47 17
64 82 23
33 1 12
9 25 91
37 57 17
8 17 94
33 36 48
2 93 19
102 40 100
22 8 33
16 9 7
88 13 95
36 78 7
98 19 11
17 4 87
88 74 17
34 91 78
55 16 45
26 70 44
11 30 48
18 0 64
3 16 74
19 85 74
0 17 12
101 18 91
20 71 28
70 23 17
1 20 56
101 18 61
83 52 6
75 34 101
20 65 16
71 19 15
75 97 75
72 25 32
5 15 14
65 26 87
18 18 6
33 89 20
10 2 85
64 19 41
63 1 34
0 78 66
77 93 3
83 2 3
7 71 75
80 103 103
7 18 7
40 13 10
12 99 39
1 16 90
40 36 102
87 2 40
3 45 15
10 20 14
35 39 82
11 12 3
36 78 10
94 71 65
64 5 29
3 22 28
7 53 25
64 9 92
54 17 10
100 14 18
72 50 59
5 22 69
80 16 22
99 13 46
35 13 15
20 56 103
89 12 52
17 92 16
63 3 51
93 103 12
12 80 99
26 79 3
7 93 53
83 1 8
104 2 61
91 5 67
44 22 48
32 37 10
80 99 17
9 76 96
38 22 22
14 7 70
45 24 38
62 47 67
98 27 13
52 19 58
56 79 101
95 9 33
17 96 62
53 19 6
83 9 15
90 78 21
12 10 69
104 2 5
100 13 62
60 14 40
47 94 17
9 18 39
51 65 60
52 20 56
75 54 58
51 22 47
53 5 82
2 76 4
22 30 35
40 25 100
4 97 36
74 14 97
60 34 17
102 79 69
0 6 36
93 26 33
15 90 48
18 44 3
10 14 97
7 9 44
0 45 101
16 8 40
9 35 6
6 89 22
45 21 62
92 22 61
20 72 14
23 11 7
86 14 6
21 43 72
95 8 5
7 14 88
11 10 29
20 10 12
72 34 53
21 80 21
52 25 27
95 12 82
37 6 70
29 57 60
103 80 28
100 92 82
3 16 16
49 37 19
13 86 13
50 92 27
13 14 11
3 78 34
65 71 77
31 48 102
42 63 8
104 16 63
4 82 42
6 99 21
8 35 92
49 39 62
38 26 73
78 59 6
60 0 61
32 80 2
19 22 13
70 45 68
19 26 16
12 8 15
58 14 12
57 45 41
1 41 32
0 49 34
25 19 80
58 45 49
46 102 31
4 99 24
17 9 27
80 3 13
9 69 18
42 31 6
75 75 87
22 54 84
44 76 21
73 18 23
44 65 93
16 87 7
35 14 22
76 29 93
99 19 7
90 33 8
5 1 81
7 2 43
3 40 29
41 28 31
4 79 3
41 57 47
10 57 9
34 78 61
74 56 98
30 65 44
85 28 67
29 23 18
87 30 21
22 27 44
69 15 21
14 82 7
13 39 82
25 3 31
65 84 10
56 45 103
92 14 99
48 25 28
1 6 89
45 60 22
37 103 57
101 11 70
13 95 14
6 0 83
47 7 25
41 47 17
41 10 59
15 10 24
3 14 20
16 26 23
17 8 13
37 3 6
18 26 39
21 7 95
17 18 48
64 20 70
81 103 15
55 18 74
45 90 44
25 89 3
63 27 18
35 78 51
104 86 81
62 16 73
87 4 56
67 86 81
94 61 18
59 49 7
65 23 20
11 35 99
7 91 24
78 7 38
101 94 12
60 7 101
7 59 84
88 0 9
103 93 65
46 22 77
58 43 11
104 40 70
1 65 88
90 16 17
10 103 17
67 91 39
95 70 52
43 12 22
84 46 11
84 38 5
94 28 15
40 16 19
17 15 62
68 88 0
28 39 56
15 78 16
31 52 2
23 5 15
103 3 91
75 37 16
12 66 68
41 32 88
101 10 49
81 48 81
0 46 101
70 15 48
83 58 19
25 81 45
12 55 67
9 72 12
48 22 87
22 71 10
0 97 66
3 8 60
54 46 101
93 22 75
86 4 23
80 64 104
50 68 28
63 12 72
92 5 67
61 85 13
53 54 12
16 3 56
16 24 9
67 57 75
69 53 83
48 85 20
71 5 43
9 0 102
78 8 34
40 54 91
26 15 2
5 24 48
34 13 70
48 87 7
35 86 91
103 1 19
43 9 56
74 49 81
73 30 74
63 20 101
27 59 9
30 90 10
19 14 31
80 4 11
12 90 73
45 48 77
50 46 21
79 17 85
2 23 96
3 41 12
20 78 61
38 6 16
49 98 12
9 30 6
1 14 3
60 80 83
20 31 16
77 11 24
53 35 10
73 65 16
23 55 40
6 73 1
52 55 9
45 89 103
18 6 104
0 90 20
25 20 75
5 23 17
34 16 60
12 1 40
63 7 39
51 94 67
88 69 15
0 102 74
49 6 21
98 17 13
3 46 13
30 14 24
93 5 73
33 14 37
8 66 17
43 86 68
27 21 38
34 18 47
67 64 49
28 64 45
22 65 12
4 28 24
59 72 7
104 101 90
25 19 0
73 74 66
86 52 16
23 22 16
83 28 74
15 80 23
21 9 21
61 24 45
17 22 7
3 94 80
61 23 29
60 36 52
5 45 53
54 0 33
69 4 17
32 63 48
73 24 31
38 62 45
62 91 74
28 34 19
104 36 98
34 10 23
36 40 44
36 8 7
79 17 40
77 10 17
9 14 96
16 52 0
92 40 15
93 54 12
99 60 49
73 58 5
18 103 20
92 81 19
70 90 58
15 2 9
42 7 56
93 61 72
98 78 77
6 93 49
23 83 88
65 98 53
88 16 97
90 83 38
11 7 25
8 4 39
77 9 104
9 71 29
102 79 100
89 86 99
26 74 6
68 1 31
94 82 100
23 15 86
31 5 45
9 9 17
54 86 59
58 93 40
49 102 49
14 67 18
98 23 65
20 15 3
17 83 33
22 59 29
14 15 79
21 55 1
78 51 12
97 11 13
20 4 63
1 7 42
51 94 67
20 98 76
20 10 30
4 70 40
39 79 14
75 19 52
0 28 45
62 13 55
26 6 92
77 94 81
45 73 16
95 12 1
35 73 45
89 5 66
24 7 93
11 61 96
53 0 0
21 37 9
51 65 11
56 93 23
76 19 32
59 76 97
19 18 29
43 21 99
63 80 20
74 19 20
51 102 0
63 11 0
67 88 34
20 87 77
25 28 32
15 46 59
55 86 9
85 65 26
30 45 57
78 7 6
8 52 38
102 1 76
17 81 33
34 66 98
16 3 62
5 18 69
93 22 29
23 94 2
2 67 7
44 5 68
9 3 2
68 1 52
10 48 98
48 0 10
66 5 65
60 51 54
40 48 1
87 15 9
9 80 23
89 12 95
63 19 22
20 93 95
98 7 99
32 28 36
14 91 31
33 19 68
49 9 5
50 47 16
46 75 43
13 60 28
93 12 72
100 4 21
3 57 27
56 52 23
10 94 31
23 25 74
87 104 63
12 73 63
101 17 2
31 28 3
37 98 57
85 5 7
19 11 84
4 42 13
48 96 92
35 66 14
12 7 58
58 5 95
66 89 44
19 4 22
22 30 44
67 66 104
73 16 63
97 26 50
43 4 37
59 21 81
19 16 98
16 43 13
5 18 20
8 31 22
7 63 36
12 46 1
6 35 40
8 15 39
38 45 27
2 103 33
29 7 21
67 75 83
32 11 4
7 43 38
75 15 69
91 89 97
83 89 66
1 40 87
56 98 62
36 0 65
89 17 102
4 0 15
21 32 5
18 64 0
6 84 27
3 85 3
15 37 17
2 4 42
99 71 2
67 0 94
15 85 104
48 40 86
22 23 6
99 94 45
45 103 90
84 82 43
88 20 18
93 15 26
29 11 2
41 22 83
102 73 20
65 20 99
39 84 52
22 65 80
82 5 20
83 55 59
81 15 79
36 38 49
10 79 1
73 5 63
15 43 38
49 93 94
83 81 64
47 14 66
3 64 64
17 61 89
30 85 2
6 89 77
95 2 66
40 64 81
93 34 92
82 60 49
25 67 77
24 7 35
44 91 12
36 9 16
62 22 42
46 9 24
48 27 22
1 27 28
22 97 11
66 17 16
14 42 39
2 99 14
2 98 62
102 7 45
95 53 12
32 26 44
33 6 75
69 33 72
102 72 32
27 35 17
85 32 58
6 37 2
21 8 21
5 54 44
34 26 85
2 72 52
13 68 0
10 40 28
52 11 12
7 42 5
33 12 0
23 9 78
85 34 18
59 82 5
72 2 9
73 71 48
77 87 7
18 2 2
76 79 11
14 100 73
37 67 55
87 53 92
78 43 0
20 79 11
49 14 29
81 16 14
20 33 90
8 103 62
2 7 68
55 1 11
104 65 44
27 7 46
48 79 75
75 82 35
0 43 82
42 8 83
88 16 32
13 81 24
14 37 103
66 0 5
42 78 28
7 3 74
48 4 28
54 12 100
79 23 1
25 20 7
76 88 88
48 51 86
11 99 54
23 37 20
93 18 101
22 10 64
42 16 5
35 74 15
100 99 83
89 78 90
22 25 11
2 16 20
90 68 21
61 11 68
98 60 85
0 14 22
30 21 36
21 97 35
93 32 86
19 42 92
38 63 8
19 86 12
4 83 76
6 6 7
92 78 48
88 104 18
97 72 23
103 9 8
2 6 64
63 30 73
13 30 20
56 88 98
21 86 6
13 23 81
10 70 11
29 49 2
89 58 76
100 51 76
67 61 37
68 63 18
7 54 35
12 13 45
53 7 4
18 4 2
62 13 14
75 53 66
18 84 4
55 18 87
96 90 35
79 3 2
20 4 26
52 12 16
69 32 50
93 67 36
70 21 20
14 45 76
10 22 75
61 97 2
26 11 0
0 23 11
19 42 85
54 33 5
88 93 57
41 28 68
96 76 4
14 31 31
104 87 5
16 68 65
30 75 36
64 90 0
99 5 103
58 74 21
90 41 18
14 18 59
18 52 36
83 4 8
20 68 81
19 55 13
57 88 28
23 88 1
56 98 8
51 89 43
10 97 55
32 80 10
10 7 11
103 53 6
84 22 41
81 39 60
63 69 0
46 43 78
92 75 81
98 53 94
55 13 66
15 59 6
23 34 51
17 39 13
0 0 104
28 13 20
7 22 21
7 26 55
93 15 29
17 17 40
21 101 5
70 10 32
84 75 4
60 12 52
90 19 79
31 21 89
80 37 4
76 47 77
66 22 21
67 36 35
21 28 29
32 45 76
70 102 14
48 2 26
57 16 20
8 11 54
0 88 56
34 104 94
93 14 84
37 36 84
16 22 99
0 15 28
79 54 1
33 6 83
30 7 2
30 5 90
90 70 47
70 96 79
51 10 46
18 9 91
15 59 4
78 73 96
13 89 39
59 97 76
9 49 66
93 11 24
17 63 13
67 37 83
19 3 28
17 11 31
30 13 47
92 13 94
46 22 1
61 50 51
13 22 71
51 27 90
83 49 29
61 98 38
4 96 78
96 68 69
97 98 69
80 3 67
12 99 58
38 13 88
3 87 42
4 94 11
58 101 80
16 62 6
27 45 14
62 3 20
2 102 79
81 86 80
18 40 85
49 1 19
77 104 9
43 55 17
96 7 10
68 24 11
78 71 98
91 17 84
15 91 90
19 88 90
12 76 57
29 98 3
72 94 104
9 53 98
51 60 102
7 38 8
58 19 15
46 21 12
12 91 60
94 104 2
61 20 12
23 36 33
19 80 72
43 15 3
0 69 74
14 72 22
3 39 54
25 77 99
19 46 64
87 90 56
21 58 19
57 63 3
25 25 64
7 83 5
23 14 57
52 23 10
29 13 2
102 18 65
18 1 70
41 23 35
95 84 51
1 89 41
78 32 27
10 22 12
96 80 89
60 90 31
100 51 23
80 31 95
45 17 42
85 52 20
22 62 10
20 14 50
41 60 48
94 65 99
24 46 8
81 5 71
6 64 0
5 88 38
35 46 62
31 86 8
15 16 27
18 10 18
27 21 10
91 73 89
0 3 20
11 21 21
52 61 72
22 18 52
15 10 51
60 24 30
8 17 98
5 11 39
8 9 41
95 64 14
53 32 12
2 98 15
63 45 52
67 37 18
17 0 82
20 61 9
11 19 4
22 12 13
25 61 73
66 16 15
75 77 76
5 78 20
22 21 25
12 6 63
21 51 23
7 3 94
13 16 0
40 13 12
41 8 68
55 2 8
0 100 2
27 54 63
75 16 54
15 29 96
84 59 76
37 21 74
2 70 100
17 68 13
43 65 23
17 22 21
69 58 13
64 88 70
41 15 46
15 22 45
20 99 62
31 33 44
2 91 35
48 0 100
6 90 22
60 100 50
5 80 98
101 99 93
17 53 35
33 29 85
17 23 10
0 26 27
22 48 30
74 93 14
70 48 27
14 26 66
35 53 23
103 45 35
10 16 4
26 53 17
76 36 94
64 48 75
81 82 5
52 44 70
15 75 2
14 53 1
56 0 20
76 16 7
9 87 85
104 89 47
70 22 5
13 22 79
38 13 55
91 70 53
36 17 104
103 76 92
82 91 58
39 39 103
14 48 80
35 35 53
12 40 74
73 49 4
5 3 57
29 1 75
35 21 38
9 56 3
1 14 37
4 83 37
2 14 20
93 16 29
2 30 20
9 42 87
54 63 24
14 49 14
95 49 5
50 61 57
14 14 18
92 22 13
39 8 78
4 97 17
17 14 101
44 34 16
8 7 70
90 29 80
37 100 3
25 81 12
78 9 52
96 36 17
47 6 3
20 27 56
47 34 11
21 3 54
87 28 3
95 94 35
12 74 45
15 64 91
23 7 20
56 12 79
52 17 27
23 78 62
59 18 57
2 0 39
87 18 25
90 10 93
51 55 17
100 38 46
61 57 76
8 18 9
6 100 1
76 16 57
33 6 32
11 17 10
12 9 86
6 28 19
10 62 36
35 53 14
5 53 2
42 30 5
15 68 80
88 57 88
19 7 33
11 68 95
9 68 26
12 28 36
15 60 23
63 33 15
11 40 15
83 45 27
12 104 103
13 53 88
7 39 3
71 61 26
56 29 72
20 87 6
55 74 0
14 36 87
19 58 39
91 102 50
51 16 52
15 85 46
51 5 87
55 23 10
78 2 29
7 32 13
93 80 73
18 102 99
11 1 63
67 76 1
41 79 14
1 15 19
103 21 71
5 24 57
29 10 36
41 42 16
70 23 55
16 43 34
64 35 0
94 10 29
13 7 48
44 103 16
26 5 56
15 37 15
104 102 8
84 49 85
72 14 46
8 20 10
22 35 89
61 98 32
61 10 58
25 24 69
12 88 4
19 33 70
12 8 80
1 1 5
16 59 71
10 35 20
29 36 94
19 52 88
1 91 18
32 41 64
51 83 100
0 39 16
0 23 29
103 52 9
74 55 100
19 34 93
98 6 5
35 21 96
57 1 81
3 60 33
32 20 68
87 2 66
87 35 11
85 13 28
103 4 64
86 19 74
88 43 35
102 7 11
37 25 41
61 41 46
7 19 10
37 75 17
2 3 8
19 2 0
8 76 10
64 50 12
87 34 9
8 25 26
11 50 27
104 101 44
37 13 59
72 18 4
3 19 82
22 71 2
15 91 79
50 13 55
64 9 1
60 21 8
71 55 37
27 38 82
48 45 71
59 46 81
1 0 67
18 0 62
55 38 23
34 89 22
11 23 36
3 7 10
57 88 27
79 54 77
1 44 17
4 17 20
16 81 21
32 47 98
19 80 8
2 21 59
6 10 16
25 22 52
98 26 87
54 71 40
85 5 62
55 18 65
17 1 10
15 15 11
22 37 45
87 5 103
32 8 12
19 47 10
14 60 6
62 31 22
88 85 70
21 58 43
9 53 3
24 80 46
23 66 73
11 42 65
65 59 104
14 17 5
61 91 41
7 84 14
51 6 52
35 76 10
74 21 86
55 6 104
8 94 73
10 102 94
9 12 29
16 51 74
1 31 30
28 17 7
43 28 16
94 22 37
69 8 87
21 12 43
60 9 34
1 54 75
10 100 4
36 11 8
49 23 65
26 47 5
21 78 1
25 47 15
15 67 54
63 38 83
25 79 63
83 10 74
77 4 3
5 11 83
41 34 98
15 0 14
89 65 77
16 12 25
40 80 46
2 9 19
13 52 11
4 48 21
38 20 1
57 19 102
101 12 54
95 100 94
16 47 97
19 82 96
19 13 29
53 90 2
9 2 12
57 18 72
8 77 98
77 101 92
41 11 3
54 31 69
88 7 4
102 60 82
88 18 22
39 25 93
34 28 5
8 100 13
3 71 43
22 8 10
60 75 75
0 14 51
30 26 40
21 66 82
18 10 4
71 95 29
39 6 66
64 93 14
92 10 56
72 18 23
46 1 19
27 60 91
79 2 24
104 84 20
81 5 89
21 17 47
83 32 21
97 61 96
77 38 10
22 3 75
11 26 69
92 67 20
89 17 8
38 16 8
44 15 19
29 16 64
73 13 13
13 85 70
13 45 22
34 5 75
49 0 31
95 41 100
9 13 94
2 89 12
19 48 67
1 89 17
85 23 18
2 38 30
3 41 36
65 89 17
9 24 12
59 57 100
94 47 56
19 14 66
57 33 1
50 47 18
84 37 84
0 5 24
62 34 50
20 43 85
36 20 94
81 53 13
55 53 18
36 41 4
38 79 23
5 7 99
79 14 37
7 75 99
19 55 98
75 22 23
25 103 82
58 54 79
60 82 21
47 15 4
74 66 74
13 45 57
12 45 3
74 71 42
10 13 88
94 9 18
47 19 3
87 34 11
0 75 51
19 37 94
62 78 22
92 48 51
10 35 79
23 72 71
44 101 82
21 48 6
87 12 61
6 48 53
68 14 100
11 22 5
48 29 88
15 98 104
68 2 44
26 41 88
26 2 59
62 76 2
11 0 13
26 43 34
14 4 11
15 30 80
51 41 12
45 80 1
20 11 3
33 72 88
8 3 35
21 93 24
55 18 88
27 0 14
23 14 61
21 23 34
51 21 27
37 55 104
49 92 16
18 3 86
83 83 51
74 101 89
60 23 83
0 60 46
0 7 20
6 98 99
69 97 18
9 11 67
101 37 50
61 62 4
44 32 52
1 59 30
13 18 26
54 64 62
63 32 46
14 85 7
98 38 4
17 12 70
48 96 76
41 86 9
83 103 23
8 2 8
5 37 73
77 1 102
30 29 65
6 47 95
13 91 55
51 74 14
30 17 20
87 22 104
26 40 103
64 21 1
72 23 85
3 45 75
96 23 45
68 45 22
13 88 14
23 4 98
22 12 23
34 17 79
18 58 22
15 28 0
102 52 77
34 37 93
30 39 59
4 89 21
5 82 16
18 10 8
56 92 19
26 26 36
95 27 26
91 22 100
43 30 3
25 97 2
29 11 11
66 42 69
91 55 41
37 10 5
39 36 7
33 40 71
75 8 82
1 82 87
79 15 70
9 42 18
16 57 75
67 82 63
53 49 48
9 48 10
55 15 11
6 82 97
33 3 6
80 17 27
53 39 99
21 29 95
87 15 71
52 30 49
61 49 77
48 59 49
54 6 97
21 21 58
19 88 57
103 41 25
95 63 0
81 54 20
9 17 40
44 17 70
98 19 28
3 33 78
78 55 20
88 1 17
7 103 60
11 15 0
20 83 66
31 2 22
46 103 87
9 98 9
49 64 94
1 33 8
68 19 8
19 51 37
34 90 76
84 100 64
25 31 43
17 4 24
100 88 29
17 58 28
68 45 7
37 1 86
48 49 90
73 9 93
36 34 83
81 72 54
93 12 28
48 18 64
55 22 16
77 18 51
64 14 72
30 53 19
97 48 19
4 3 104
69 50 27
15 76 39
17 70 31
13 45 7
2 26 4
0 18 10
30 15 12
19 60 53
1 39 7
9 65 70
67 73 73
44 36 74
38 25 8
0 62 60
24 100 28
20 24 101
27 78 81
74 36 100
57 11 66
0 7 61
9 70 14
60 66 100
41 73 15
90 11 75
39 34 56
61 22 0
19 15 11
44 6 89
0 61 6
94 23 54
16 0 97
3 104 0
84 99 4
93 82 96
82 23 97
73 2 48
62 6 88
5 42 2
74 40 4
13 87 22
80 76 2
72 0 3
49 29 17
32 23 82
38 16 101
88 0 60
39 102 103
43 66 66
29 12 90
10 9 38
69 88 5
88 3 15
2 58 101
30 0 57
67 16 65
33 43 14
91 5 44
4 76 42
27 17 50
6 29 80
101 17 82
8 5 46
55 26 27
99 39 25
64 85 19
45 81 84
51 41 79
73 17 79
67 63 0
23 44 8
60 30 12
16 92 100
3 34 103
96 100 35
33 5 76
80 61 2
38 21 45
37 35 37
39 80 21
34 17 94
28 91 28
94 44 7
73 36 29
41 58 5
22 79 50
54 27 17
62 101 31
29 86 5
92 13 104
95 88 97
104 36 33
67 50 49
18 6 29
3 98 65
18 62 96
29 13 63
18 54 27
104 18 11
86 58 12
9 103 102
20 6 48
79 11 61
79 44 0
12 49 49
103 7 21
80 10 22
24 21 19
75 90 54
2 104 36
9 80 71
11 27 24
12 82 51
96 14 20
51 2 22
73 4 6
85 91 44
16 39 53
21 16 99
44 9 5
89 38 35
101 46 20
13 9 65
14 16 44
71 103 69
103 104 45
81 17 9
49 75 23
68 85 22
57 48 40
7 18 11
17 86 67
81 94 3
88 11 13
99 86 63
64 73 101
57 27 80
18 97 19
16 17 64
90 14 95
17 30 101
49 16 46
94 103 55
33 54 99
52 71 8
62 83 2
30 104 104
72 40 16
11 22 69
88 92 47
4 20 73
27 3 38
21 26 72
8 77 58
4 9 4
51 7 54
94 23 9
48 16 44
53 52 32
81 88 42
100 35 98
14 8 23
3 65 38
9 6 7
101 74 22
12 54 14
15 39 7
87 25 12
43 34 14
8 16 90
87 47 78
47 17 95
13 97 49
3 94 58
18 5 50
11 35 6
4 8 81
0 19 18
74 88 62
76 61 80
81 95 8
48 87 30
38 2 12
30 68 68
6 81 89
10 6 98
13 19 83
58 5 59
58 22 83
9 92 13
54 2 65
15 34 5
15 14 18
76 55 15
56 78 76
54 63 18
77 48 29
9 13 0
42 19 38
4 14 12
55 66 20
43 12 15
13 102 83
68 23 7
44 13 96
44 0 49
5 24 47
83 48 6
27 31 91
8 53 23
82 73 24
5 78 79
9 63 63
7 61 98
34 80 22
6 73 15
4 67 101
86 85 75
23 91 53
26 28 59
99 93 32
18 92 13
8 8 18
88 60 55
34 100 99
69 43 7
42 102 7
94 92 20
32 69 63
104 5 86
5 8 21
71 96 89
3 43 50
12 40 33
1 52 4
63 5 40
49 70 43
94 102 0
87 98 38
11 104 59
37 7 83
30 95 56
68 97 25
21 14 61
1 90 70
50 60 39
51 3 28
36 12 1
72 88 63
24 22 7
82 59 83
7 2 22
75 96 27
66 50 46
22 72 13
82 25 76
9 4 55
37 102 14
2 96 79
1 56 62
72 7 102
103 4 39
95 91 15
55 2 90
5 4 18
95 8 29
6 12 89
63 8 11
94 1 22
17 1 1
20 57 44
41 54 68
27 5 49
3 30 31
64 92 40
9 4 23
55 87 58
103 32 3
25 31 51
85 73 12
71 15 3
14 3 96
12 11 19
22 65 26
57 98 31
67 69 90
22 63 23
77 28 1
86 90 86
8 85 91
56 11 57
21 102 16
3 50 76
72 93 74
0 77 62
49 5 41
13 76 23
41 43 49
74 87 85
89 42 21
8 21 15
6 14 79
21 35 5
34 40 1
91 56 11
75 19 13
77 62 27
6 79 12
101 51 7
42 0 100
35 69 88
2 6 83
103 5 12
80 96 22
82 86 104
31 29 41
3 45 78
4 1 57
68 15 72
13 37 20
27 79 28
43 91 49
19 5 45
87 74 7
97 96 19
55 24 17
50 5 1
21 8 78
69 95 1
20 34 5
14 23 26
29 41 45
28 21 23
69 56 16
76 73 18
61 8 23
68 5 6
13 103 75
101 20 25
50 62 6
0 57 64
22 65 71
67 102 71
49 99 23
40 89 59
79 44 93
67 23 52
99 60 30
104 0 22
58 54 94
50 56 31
45 58 97
54 21 21
83 54 19
6 24 20
18 90 36
8 8 21
32 71 79
91 14 89
61 3 81
68 12 99
49 34 14
14 13 79
54 73 9
40 17 70
22 2 86
66 50 59
26 85 18
30 104 66
38 47 101
70 69 20
22 12 36
98 95 14
30 70 21
81 79 11
83 32 9
81 98 25
102 22 19
19 16 32
24 35 66
8 7 94
104 82 82
0 11 42
15 68 41
44 95 8
37 51 32
33 59 88
5 7 6
21 44 34
39 15 33
0 66 78
27 1 72
56 71 4
44 92 20
99 40 9
72 104 90
103 74 50
46 100 58
81 24 18
31 1 85
51 2 8
7 5 100
73 76 65
40 7 30
14 68 10
19 76 52
23 14 67
66 66 7
48 29 11
88 93 7
60 46 27
25 16 74
65 20 31
67 44 15
81 49 50
10 11 25
92 70 92
36 24 83
47 21 4
25 96 4
23 72 25
5 6 0
38 69 10
83 92 5
2 51 21
51 70 11
71 40 86
5 76 59
36 18 52
1 100 14
49 90 16
15 2 35
34 6 8
51 63 29
7 3 16
77 18 24
90 15 2
40 19 71
58 2 13
12 21 72
35 104 80
104 8 58
40 14 72
93 76 55
2 3 78
4 59 6
25 63 93
93 88 8
86 30 1
42 23 13
16 76 33
102 90 26
97 101 84
87 87 5
19 53 7
7 15 71
56 30 10
93 2 32
11 7 40
53 17 83
35 72 0
98 94 20
76 95 86
103 57 22
68 18 19
86 13 15
64 46 96
21 79 16
18 57 50
76 74 35
31 7 57
7 1 10
45 85 68
5 10 3
71 4 98
74 46 12
55 100 43
91 46 8
86 6 22
49 72 12
28 63 10
15 17 95
16 59 99
64 88 41
3 53 63
46 76 65
46 31 1
93 2 93
26 18 21
98 11 69
9 36 24
51 52 15
21 21 5
103 71 20
20 11 16
66 84 32
53 68 15
90 3 94
58 91 10
84 19 89
25 46 40
11 14 48
104 84 93
14 55 37
79 88 92
70 14 5
46 28 12
95 11 87
23 85 43
11 23 39
56 1 67
88 17 6
45 21 2
5 78 7
42 40 73
18 45 5
44 11 38
72 102 63
9 5 91
98 48 3
75 5 19
38 7 93
59 76 7
2 103 72
27 18 8
57 65 32
68 75 28
44 54 79
2 27 10
35 49 24
5 40 44
21 71 15
90 27 23
8 10 17
94 4 55
30 33 69
66 17 48
43 55 11
22 40 44
20 48 0
95 1 9
94 89 6
85 60 85
47 33 72
10 27 55
17 59 14
35 78 17
68 74 60
80 17 44
53 57 9
0 82 56
20 65 44
43 11 100
13 78 18
17 14 3
2 18 79
69 97 23
78 39 2
99 9 83
79 69 4
97 29 29
6 33 25
16 47 12
65 22 32
49 80 99
15 83 17
21 69 89
1 46 1
9 55 17
102 66 1
3 75 21
30 59 74
99 22 49
51 13 43
40 51 11
41 73 59
86 29 15
27 29 30
19 23 55
98 83 96
8 44 1
20 69 35
7 11 18
84 58 13
2 71 88
104 62 3
39 43 30
64 55 0
0 65 45
7 97 5
77 39 26
63 75 43
16 16 14
43 21 87
10 5 58
40 50 75
77 23 45
81 12 92
4 53 15
23 81 93
1 73 20
81 24 91
25 79 76
53 9 42
72 5 45
50 21 35
18 9 87
77 17 80
101 19 58
57 102 78
1 101 42
15 70 61
102 100 6
31 64 18
30 63 80
36 87 18
64 72 54
28 43 7
9 17 20
0 98 89
99 47 7
95 92 27
78 84 32
6 65 59
34 88 59
53 45 52
41 99 0
80 80 91
100 43 80
19 103 103
100 92 54
51 86 5
21 2 101
26 31 36
63 72 6
23 42 44
31 63 31
19 93 28
73 85 24
21 6 87
9 91 17
97 9 72
104 4 72
66 6 5
46 50 30
35 61 3
52 63 39
5 40 72
44 10 88
59 5 7
16 41 23
79 71 20
32 38 4
0 2 14
21 42 21
14 99 63
85 2 27
28 1 59
5 20 54
10 44 42
65 89 75
23 4 86
78 4 103
24 35 86
53 13 3
69 32 74
82 77 62
35 21 0
94 71 21
41 25 48
12 34 73
63 44 49
65 76 65
11 81 98
14 21 7
33 73 50
27 14 23
26 6 78
50 50 11
60 18 104
10 10 34
5 5 2
22 66 95
47 6 72
14 12 0
93 69 21
100 85 90
8 58 10
9 78 53
80 38 13
17 11 7
75 63 17
23 7 95
64 57 53
18 19 70
13 38 89
61 60 99
79 77 94
37 59 84
103 55 5
20 32 60
39 66 51
86 37 61
28 22 90
42 22 6
87 50 28
72 2 7
6 104 85
18 33 87
78 86 23
98 32 44
22 75 95
95 102 91
1 89 25
41 74 68
79 69 68
15 7 74
76 103 89
67 58 52
14 67 24
47 38 22
30 78 103
75 74 56
24 89 8
86 68 5
5 49 94
3 79 66
78 1 40
28 73 21
1 57 1
100 43 67
70 55 15
89 3 30
21 16 60
30 54 16
47 55 49
91 58 84
20 1 32
89 61 60
26 58 50
16 101 87
53 87 79
30 1 80
104 101 2
48 23 66
25 1 16
38 95 27
4 0 49
14 97 16
101 56 70
3 101 18
9 5 38
9 93 66
17 92 85
57 30 22
103 94 18
95 80 24
36 100 101
13 90 93
35 44 71
54 41 90
27 74 101
9 9 0
59 0 83
5 90 101
2 79 17
20 6 102
99 61 10
19 11 95
0 61 61
37 93 99
91 8 2
26 25 43
17 26 69
102 66 22
96 10 91
75 52 99
1 12 12
51 102 50
13 47 13
65 62 101
103 98 63
28 43 14
102 12 56
1 85 94
89 27 67
0 11 2
66 87 5
25 38 18
37 63 39
11 92 72
12 65 64
63 39 94
22 98 28
20 97 31
20 13 12
33 8 60
70 62 36
40 58 0
16 102 4
66 46 23
66 83 14
64 7 38
86 104 72
62 6 85
12 36 98
9 81 98
80 81 76
26 14 41
100 51 66
0 60 5
34 76 25
60 1 37
22 38 20
88 98 3
85 94 96
0 86 52
59 73 60
44 68 51
62 0 11
48 49 81
7 98 85
2 88 73
8 45 12
64 15 95
55 10 62
91 99 38
101 11 91
98 5 37
1 65 13
13 6 23
18 36 42
32 36 8
29 22 95
11 15 14
59 69 51
7 3 18
6 36 14
28 76 16
29 98 22
71 51 100
57 23 1
1 51 1
24 66 9
91 55 37
78 95 37
5 21 67
65 103 54
4 92 93
96 39 44
74 102 40
10 9 54
10 17 13
99 52 18
35 3 2
20 38 77
68 91 78
15 26 15
91 74 82
8 62 74
80 34 17
95 57 13
52 38 6
50 20 92
60 27 73
50 15 10
69 42 6
64 14 44
56 20 78
8 54 18
73 16 81
21 100 79
22 91 28
104 77 15
67 69 26
60 9 17
63 70 56
5 2 29
4 14 55
33 18 63
63 79 15
70 104 6
84 104 7
45 7 20
36 11 16
64 76 10
5 58 4
84 28 41
11 89 54
23 18 94
0 56 97
23 20 0
49 10 45
64 14 99
8 72 47
44 49 23
55 52 35
17 16 22
13 47 13
11 92 30
39 16 86
6 80 52
59 92 53
95 65 44
57 81 47
50 0 26
90 13 17
0 69 17
10 6 8
95 65 53
21 14 69
85 20 59
30 1 94
31 3 45
87 6 20
52 98 76
104 51 2
34 58 69
26 3 15
79 1 44
50 65 16
18 1 16
89 56 36
23 51 33
64 48 58
15 7 2
80 31 69
59 53 36
11 19 11
3 41 96
11 24 31
38 7 2
9 10 98
19 95 21
67 16 84
90 74 18
60 3 13
10 21 85
50 42 12
11 0 74
53 14 48
19 90 68
71 36 62
6 9 3
45 27 90
26 28 22
58 49 52
70 10 78
21 83 20
81 4 0
8 50 103
14 30 89
6 69 41
31 97 62
25 92 0
80 91 23
78 99 21
48 58 15
0 19 79
77 79 11
61 78 24
72 92 78
75 36 92
13 74 29
5 88 0
23 74 37
9 8 27
6 23 84
2 35 90
49 4 8
27 99 6
23 82 40
73 97 85
62 65 15
88 30 29
28 0 12
29 21 69
19 85 11
101 50 46
23 35 16
46 16 87
72 10 19
26 36 7
93 2 53
20 59 100
88 61 6
45 5 13
52 81 51
101 7 27
54 3 8
54 18 14
74 86 18
98 44 76
42 0 48
36 56 82
0 21 12
14 54 91
36 76 84
72 51 68
85 87 68
8 5 40
71 50 23
37 51 74
9 47 94
71 20 12
46 1 66
89 62 9
38 42 41
19 40 16
42 45 3
65 3 15
66 10 14
32 14 88
101 27 84
71 44 23
21 39 50
19 4 17
17 3 103
5 20 52
0 26 8
35 33 4
1 61 20
89 46 37
14 8 60
2 101 13
83 47 17
67 81 52
80 1 91
28 88 78
13 39 57
5 15 49
47 48 77
52 86 12
69 101 38
2 96 16
97 16 33
22 82 50
6 90 3
104 13 52
4 33 92
63 29 35
66 23 8
12 86 89
7 52 14
92 59 19
9 76 9
90 13 23
22 40 0
62 0 2
40 102 72
80 71 30
89 83 4
77 98 18
78 10 56
8 6 0
23 7 102
21 97 55
14 58 17
62 89 7
9 88 10
54 70 20
13 62 6
86 43 67
95 65 48
19 14 104
38 18 88
13 6 12
85 50 12
22 72 12
96 13 88
3 17 73
54 94 21
28 12 49
1 37 75
46 41 49
53 20 61
5 99 14
68 67 52
15 3 62
68 10 0
56 55 25
9 10 91
14 37 64
86 20 18
2 11 1
21 7 75
37 16 18
12 25 13
12 68 87
99 97 31
3 13 8
94 9 16
85 98 86
7 11 93
39 13 9
11 14 81
15 20 45
37 50 38
102 55 4
47 5 3
31 93 5
11 27 98
47 89 58
47 25 94
67 56 102
84 29 6
18 12 18
22 78 13
9 1 3
48 15 1
88 42 60
98 6 13
19 30 102
8 3 60
7 16 78
11 100 81
70 15 77
51 43 91
19 41 16
6 9 25
66 81 25
58 85 26
76 4 6
66 0 52
18 19 24
66 2 80
59 87 100
103 42 57
1 40 93
92 45 27
80 39 8
14 54 2
54 23 5
21 103 75
62 92 8
76 20 6
13 102 12
4 8 22
51 74 36
6 5 74
13 18 17
76 13 21
59 58 12
76 1 92
31 3 29
39 35 74
68 2 45
40 7 45
62 80 21
87 22 4
98 104 53
88 2 20
17 45 2
67 42 75
65 64 11
42 92 104
22 28 99
3 100 7
9 42 78
39 3 8
13 73 55
8 3 77
26 13 104
82 28 34
89 86 20
36 104 59
20 58 7
81 21 65
78 98 5
44 6 51
17 97 28
91 82 88
57 4 22
18 33 49
46 86 50
35 88 75
16 44 28
81 10 22
62 90 7
50 31 8
96 48 15
37 16 3
22 21 44
47 0 92
68 18 49
21 58 27
28 21 57
70 96 21
65 67 24
86 2 8
30 7 81
44 28 70
2 31 29
54 69 22
97 50 42
13 11 90
100 21 1
9 92 34
81 7 24
41 25 48
60 7 18
45 99 91
66 21 11
5 35 86
3 81 32
42 75 14
17 10 21
104 48 89
39 95 90
15 22 7
83 18 101
92 40 60
56 99 100
0 83 75
60 101 91
74 100 64
16 86 55
13 10 72
1 12 2
7 12 1
19 6 2
49 58 20
104 47 3
79 5 86
102 18 2
51 63 16
17 19 0
73 11 10
81 21 1
44 101 9
9 89 26
74 4 4
65 12 38
15 89 11
94 56 32
84 73 77
6 13 75
64 25 15
8 102 4
36 52 79
23 9 45
17 13 68
8 31 23
74 82 78
57 34 82
25 8 65
87 90 14
34 19 90
58 38 77
14 83 12
5 76 69
7 9 43
20 65 11
47 63 16
38 83 2
26 15 90
100 7 50
77 66 23
5 88 22
101 23 42
14 56 11
18 2 8
17 21 12
12 87 84
23 26 77
60 61 12
39 93 86
8 40 12
1 93 61
47 55 64
69 5 17
12 52 23
54 19 7
18 86 33
4 16 50
7 54 92
102 6 17
96 33 48
47 47 65
15 68 19
14 6 1
94 92 21
50 15 11
46 25 12
55 25 8
2 8 68
6 75 93
55 17 74
76 52 95
12 26 0
60 8 75
72 19 32
54 48 57
37 39 21
60 70 89
26 59 31
19 42 93
54 76 53
22 3 16
43 34 53
37 18 100
39 16 7
57 89 2
19 8 91
36 9 9
1 80 38
61 22 3
74 1 68
55 0 39
15 55 64
94 38 101
53 48 7
61 96 72
58 74 9
84 13 20
86 95 1
102 54 77
7 55 33
0 0 9
47 73 97
75 81 52
36 62 80
63 16 7
87 46 89
77 75 103
18 8 29
12 38 88
83 55 60
69 8 43
79 103 22
5 88 22
8 89 63
55 101 15
32 97 87
35 101 101
4 74 82
24 72 23
4 5 86
6 70 19
0 20 27
51 50 11
87 89 33
23 5 73
45 89 8
89 5 94
42 1 77
89 93 21
101 47 5
6 1 93
12 76 7
1 5 2
68 5 82
74 1 8
9 85 59
8 76 3
18 35 56
41 5 23
41 67 4
17 65 13
17 35 18
32 47 1
15 88 98
90 84 42
16 88 28
46 11 24
72 88 20
23 10 26
23 46 60
4 74 3
15 97 22
61 52 77
0 19 42
34 38 30
6 21 88
84 35 20
6 17 8
17 16 49
62 34 6
7 15 43
23 1 21
43 19 98
8 28 84
15 99 45
93 94 67
62 10 29
80 9 101
74 11 23
86 54 11
56 99 51
0 0 21
0 76 50
86 95 74
39 49 9
58 83 5
15 67 42
19 92 90
91 13 17
0 11 11
0 43 35
79 67 19
50 18 21
8 17 104
84 11 17
66 79 22
4 64 33
48 47 0
85 3 73
93 35 29
68 88 28
51 22 24
1 6 56
11 91 19
8 12 51
75 32 54
10 17 35
81 81 26
97 19 3
9 104 4
88 12 38
41 95 8
92 17 15
17 98 67
77 13 92
67 75 22
45 33 23
20 90 32
63 69 68
9 84 24
74 37 3
51 14 53
18 99 88
97 87 73
22 84 74
77 75 10
46 38 102
49 48 1
93 19 74
18 4 98
81 39 19
85 99 79
23 64 0
21 24 70
6 48 12
19 10 72
59 87 69
86 72 93
31 15 53
87 44 19
86 55 58
34 83 38
38 76 20
49 104 78
75 42 80
9 37 65
94 39 6
27 42 26
52 99 87
20 68 61
39 37 96
58 81 2
101 16 85
2 3 56
16 21 81
97 39 8
17 50 9
103 100 99
75 79 83
42 9 97
49 104 34
69 82 9
83 33 97
30 39 33
93 75 49
12 20 81
69 53 36
59 27 30
47 10 68
4 85 13
47 5 62
43 42 76
6 71 95
102 39 15
5 28 58
4 0 1
95 97 60
62 8 58
21 98 16
4 28 22
77 84 0
61 20 76
39 19 15
41 8 33
18 98 53
73 95 27
80 62 20
48 38 28
11 90 30
47 101 42
7 28 5
37 17 98
89 45 33
14 14 104
27 52 56
65 88 79
14 7 7
11 43 90
52 12 96
48 97 61
80 59 51
79 55 56
19 0 36
23 13 16
45 63 16
79 101 15
83 88 65
12 90 21
35 55 23
22 64 21
99 97 97
13 77 102
85 78 44
100 7 66
8 52 85
3 103 5
102 51 38
78 50 15
11 103 32
64 80 20
93 74 102
39 86 30
8 53 89
5 29 67
95 66 14
86 103 79
1 2 37
64 96 68
42 25 100
1 59 70
71 56 85
70 82 6
11 64 20
12 77 16
44 21 49
103 87 41
98 1 3
23 69 2
21 12 56
93 32 17
68 5 4
23 98 50
38 75 90
6 57 86
30 3 22
71 77 0
45 14 6
58 9 28
16 71 5
44 35 1
48 1 13
17 20 15
0 98 104
48 98 70
3 97 49
74 65 8
16 96 31
83 14 34
69 72 9
101 59 72
76 2 5
74 32 76
15 23 6
97 17 89
87 22 15
54 83 10
79 18 93
30 30 100
80 93 72
18 2 57
56 8 14
94 52 104
66 15 41
31 65 29
8 4 43
28 5 49
54 38 19
65 27 77
87 47 36
43 58 3
86 4 36
52 11 5
75 22 41
99 77 72
11 67 85
66 56 5
23 94 66
6 66 68
76 101 13
9 11 72
12 6 58
78 38 18
73 19 12
2 82 54
79 96 101
25 84 20
98 100 18
40 93 21
98 100 15
40 86 59
81 95 67
91 78 21
9 52 30
5 21 35
33 10 104
93 102 1
9 70 8
50 88 60
1 27 16
4 99 94
66 28 57
53 4 35
44 104 69
7 48 85
21 69 20
22 51 28
26 66 15
8 72 8
7 70 6
61 57 99
55 103 10
75 50 22
92 14 96
98 78 57
4 63 9
90 103 23
20 70 49
68 86 12
79 74 70
19 8 28
86 40 92
10 14 20
20 5 33
4 1 21
38 6 63
55 7 97
2 12 18
59 73 50
1 77 0
18 65 94
22 60 23
3 97 8
6 100 79
38 72 93
18 41 69
20 71 29
8 89 22
94 17 60
44 61 14
63 54 22
94 50 5
61 24 38
18 70 76
45 72 81
81 22 16
19 10 79
55 89 72
31 16 34
56 95 81
36 54 7
89 42 79
20 34 96
17 0 58
62 12 3
18 14 56
87 31 34
69 28 17
86 15 100
14 31 13
94 94 55
31 37 2
1 100 62
42 65 0
0 17 100
49 77 93
10 9 4
27 98 50
84 27 93
47 70 19
22 45 0
18 75 4
11 36 25
0 33 78
37 89 12
48 8 9
36 94 61
51 74 49
9 11 30
70 35 70
100 1 52
8 52 93
22 8 10
35 10 15
20 37 87
49 40 70
95 15 29
77 10 9
9 25 72
75 28 77
71 3 21
97 26 3
21 74 27
7 17 80
32 21 12
38 18 14
2 78 34
73 3 56
6 0 69
102 33 25
3 46 63
38 40 4
47 16 25
40 97 13
64 81 22
84 8 9
40 14 28
66 68 32
67 13 100
64 95 79
65 52 100
30 42 65
12 74 78
2 99 79
81 12 64
6 100 10
90 100 1
24 42 68
9 45 63
47 87 24
28 59 83
70 64 5
5 100 3
8 37 0
40 39 76
41 65 87
33 24 60
77 54 70
83 40 16
102 92 27
17 30 70
16 15 17
36 1 22
37 71 2
22 4 7
93 38 65
23 7 99
4 68 2
11 69 17
9 95 87
20 83 50
42 87 45
86 86 52
60 30 4
63 50 75
36 102 15
47 69 2
57 77 96
22 40 95
68 92 80
7 0 5
20 77 37
98 97 29
63 87 81
21 22 19
19 43 3
9 95 99
23 70 5
96 32 36
12 102 8
54 32 55
10 43 72
104 65 66
94 79 16
16 61 17
96 64 0
1 1 94
11 44 94
9 80 57
81 20 1
4 23 95
3 9 30
67 41 99
17 23 12
65 0 51
104 92 11
14 101 104
55 32 75
92 22 25
2 58 6
81 36 82
10 86 87
57 0 88
10 64 26
8 21 104
13 85 20
46 70 58
22 89 96
98 0 60
4 6 36
16 52 2
18 104 65
95 99 4
17 11 93
19 66 17
7 100 30
30 90 37
25 49 72
53 17 19
10 1 18
29 73 77
0 95 20
94 23 74
69 20 16
80 4 102
29 8 50
29 5 82
7 31 67
42 8 34
59 12 78
19 25 28
82 21 70
82 14 75
104 13 54
11 91 16
86 23 88
54 37 51
14 85 101
67 62 83
0 7 79
4 53 28
61 15 86
19 15 20
1 5 28
47 54 92
2 68 7
48 83 30
0 23 30
65 100 36
24 87 63
79 6 15
0 24 26
23 7 5
76 90 50
31 64 37
50 21 96
19 97 45
33 58 41
40 4 15
4 50 20
103 16 76
40 57 12
84 0 100
13 8 32
40 102 93
35 64 49
63 21 104
37 66 12
17 13 95
8 75 75
16 7 22
24 0 5
99 14 27
13 8 60
95 13 27
50 17 22
93 87 17
62 30 57
10 36 7
51 92 101
12 95 1
78 26 30
90 40 26
13 49 29
93 82 95
47 99 85
4 16 39
22 104 95
76 36 93
42 26 33
45 94 68
9 47 10
61 94 16
8 67 3
85 90 71
16 3 101
16 45 20
16 99 102
104 7 10
33 63 30
25 12 79
40 94 17
61 36 9
85 81 33
99 81 32
4 5 12
57 18 94
22 38 97
69 89 88
86 60 84
7 57 39
77 88 23
100 21 32
66 7 29
43 101 77
18 85 94
100 51 55
7 85 11
19 91 51
89 61 70
3 50 44
94 5 31
70 47 15
55 84 24
30 64 62
20 46 91
56 81 62
16 72 88
15 19 20
3 79 96
11 39 83
28 27 0
28 7 45
5 32 104
24 49 30
18 27 53
19 46 40
0 18 74
55 16 42
95 19 80
9 13 99
73 7 60
23 10 61
9 7 18
59 67 89
98 12 18
6 17 27
80 66 55
53 35 9
94 18 78
104 63 81
33 24 33
8 69 41
6 97 11
80 61 27
21 21 72
62 59 41
42 55 11
57 9 8
16 70 82
65 47 86
14 40 22
17 95 99
0 16 91
7 18 25
15 66 82
11 14 2
58 24 49
61 86 84
83 22 30
41 89 40
0 65 83
9 70 9
80 31 1
93 47 60
76 3 80
48 23 17
23 12 83
21 8 86
44 10 86
10 6 89
103 5 28
83 85 77
96 35 51
15 8 102
78 36 65
37 78 74
52 20 3
93 103 103
22 66 56
37 52 16
10 10 21
76 67 78
85 78 80
7 73 9
47 41 59
91 12 7
21 65 23
22 62 93
66 17 39
15 79 39
34 12 8
42 87 52
103 87 61
55 15 20
59 13 69
15 17 31
95 8 10
73 42 26
33 49 23
87 3 17
77 103 89
55 29 94
11 6 65
22 20 71
77 4 19
12 19 36
74 54 81
81 4 2
81 1 39
5 27 77
47 90 46
18 70 4
85 92 7
55 89 2
50 96 63
3 76 15
46 29 22
65 56 95
73 8 16
82 0 17
17 64 30
16 60 71
26 85 12
80 11 22
7 87 6
22 29 0
84 53 68
35 8 1
86 66 65
23 4 65
61 17 56
21 91 81
60 5 27
30 1 69
35 38 29
82 78 39
56 14 38
102 5 32
4 38 26
27 13 17
60 1 82
3 6 50
2 9 4
0 9 97
5 44 92
90 44 50
78 3 30
7 103 75
7 13 82
40 28 95
7 41 40
50 8 76
23 71 82
11 82 21
71 97 3
101 8 19
10 46 100
16 4 93
25 6 52
30 33 85
8 8 94
83 77 26
49 44 16
35 12 92
7 20 0
22 23 11
66 47 74
26 95 16
3 42 14
23 73 19
7 19 31
16 2 5
6 102 18
95 89 100
21 78 14
4 93 5
9 5 101
59 28 47
22 7 79
4 23 100
30 14 48
79 65 7
68 72 91
38 83 84
5 45 73
71 49 15
12 2 5
16 72 94
0 93 102
13 58 62
37 93 84
82 3 46
57 86 102
54 89 92
72 12 27
48 69 17
83 40 11
85 87 44
10 5 21
35 17 86
91 53 19
22 104 22
15 59 22
20 12 3
86 66 104
82 44 31
50 25 53
93 49 71
101 82 36
9 99 20
78 70 43
86 46 2
16 45 79
29 93 18
96 101 5
40 22 65
9 75 69
79 43 66
49 84 86
85 59 70
95 48 90
26 9 16
32 7 56
21 15 38
26 63 6
20 19 92
99 4 70
53 98 45
32 75 90
96 80 10
80 11 87
6 91 69
21 61 87
46 20 76
40 8 99
30 14 13
78 95 3
55 5 38
9 16 35
45 10 101
34 48 45
4 83 39
66 8 17
18 45 70
1 8 76
30 43 12
60 67 12
5 24 48
8 53 47
89 97 102
91 14 31
4 55 85
48 4 1
101 20 46
14 63 16
90 54 34
84 85 1
60 14 4
102 12 70
23 12 38
103 58 64
50 9 38
11 33 10
60 74 51
63 16 49
36 100 59
100 17 13
86 35 14
15 100 94
98 52 89
98 64 32
0 7 73
19 2 10
2 35 46
91 86 23
40 7 22
44 30 51
65 10 58
20 54 21
86 101 86
42 13 9
4 14 59
15 29 68
31 78 94
8 52 4
12 67 5
58 47 5
72 21 96
70 29 11
16 29 18
96 75 37
59 46 27
39 8 60
2 103 4
14 90 83
17 4 90
61 64 37
11 76 38
55 22 0
89 7 101
8 19 75
5 20 2
22 16 98
58 21 26
103 72 28
27 79 75
11 8 97
32 34 102
70 22 60
21 62 22
16 4 88
62 101 76
31 17 65
71 21 48
7 14 36
44 60 72
13 28 65
27 26 8
63 58 23
85 66 54
13 80 7
19 98 50
22 71 66
40 60 36
75 35 26
42 1 25
57 58 8
5 2 19
43 40 97
4 46 15
5 41 6
20 10 96
66 80 11
10 28 30
31 31 15
11 16 64
43 56 13
89 4 47
32 5 16
53 34 29
81 1 95
101 50 21
53 59 36
96 86 23
31 18 16
53 14 99
49 28 18
8 12 90
16 53 14
59 72 29
32 15 95
86 96 92
4 51 6
16 81 80
49 48 100
22 24 104
12 21 75
83 89 3
40 42 87
12 15 41
15 6 22
87 6 69
28 15 13
92 7 13
42 33 78
95 6 14
9 26 4
21 100 76
51 62 17
102 23 15
96 11 96
49 53 85
89 85 18
42 60 23
31 78 41
75 14 58
80 84 32
62 86 32
59 73 6
73 58 3
71 11 29
37 28 24
91 44 64
33 69 88
38 58 1
32 72 65
40 0 35
13 5 9
7 70 53
74 52 56
8 86 64
75 7 24
66 82 0
9 31 19
27 88 40
68 87 14
92 60 9
102 47 80
6 21 64
99 13 34
54 13 49
3 41 57
85 27 80
13 53 19
27 4 17
84 24 75
68 61 100
73 6 11
60 16 41
33 72 12
12 31 45
95 33 3
3 12 50
42 2 78
22 16 104
18 82 23
38 31 29
81 90 17
43 95 50
74 74 104
86 19 35
25 50 8
86 55 48
97 102 55
4 13 12
14 72 13
17 96 7
20 62 6
51 39 93
16 103 86
16 92 37
17 81 17
9 31 47
38 41 85
23 49 12
75 66 13
37 91 3
60 50 9
18 5 53
85 15 14
75 70 32
78 54 41
43 47 15
58 19 93
104 56 22
22 89 72
0 12 12
64 36 55
10 22 84
10 89 57
79 82 61
36 30 60
38 5 70
63 57 25
90 91 99
1 100 18
87 45 64
43 15 96
39 12 48
93 12 90
60 21 28
20 25 46
22 4 72
58 71 8
44 99 9
72 84 61
64 90 20
2 0 49
47 17 11
78 12 46
18 22 93
22 40 12
47 37 96
16 81 92
0 5 63
62 54 7
45 51 8
95 21 59
25 9 2
101 82 88
17 25 20
92 8 6
10 38 20
79 24 0
17 54 61
77 73 29
6 13 46
1 31 37
5 21 8
4 11 42
38 82 70
19 19 59
37 49 47
53 75 12
48 74 15
13 7 13
25 99 37
14 4 34
36 69 20
61 96 83
18 77 100
68 32 76
50 61 64
38 12 36
50 6 19
65 52 83
6 77 3
29 19 50
16 17 57
89 46 81
6 35 6
69 37 14
97 38 102
66 59 68
20 18 3
62 2 58
34 73 17
55 0 32
81 7 96
74 91 3
55 76 59
66 20 22
14 3 14
103 21 49
54 37 20
94 6 46
4 20 3
43 1 5
93 19 58
26 61 84
30 2 25
86 47 21
50 53 9
84 2 104
20 72 33
70 60 21
18 48 97
102 92 11
33 30 21
1 11 104
88 1 87
56 55 0
84 45 19
10 54 8
37 91 16
69 82 33
56 66 73
11 101 74
35 29 76
5 41 12
48 27 12
64 16 8
2 80 92
15 6 10
21 94 17
3 104 16
2 57 83
99 6 6
81 3 6
65 53 20
87 22 22
23 19 40
84 9 98
1 31 67
61 82 36
40 75 2
19 38 80
101 6 23
52 60 5
82 46 90
73 23 19
67 67 11
15 32 96
21 66 77
4 21 38
17 66 11
73 33 18
0 78 41
2 18 19
75 35 3
60 98 94
71 43 69
100 77 1
51 26 98
33 45 0
0 6 18
53 104 41
16 59 8
68 98 54
15 7 63
29 104 73
38 85 11
42 24 29
22 29 22
14 6 50
46 31 17
94 16 2
98 53 49
33 28 24
38 9 37
41 34 14
79 21 48
16 35 32
40 20 50
88 13 4
62 74 8
2 0 21
13 12 72
69 69 93
37 48 59
1 0 35
75 97 88
15 2 94
22 75 57
57 59 47
96 1 23
79 18 83
81 35 6
93 22 5
3 27 78
58 63 12
11 7 103
88 20 16
71 68 27
15 44 26
8 1 42
96 20 31
52 0 11
80 9 64
70 72 79
47 3 69
28 95 50
44 22 19
61 21 57
3 61 13
2 16 12
8 89 71
0 3 94
17 103 19
79 91 7
14 1 65
91 18 50
100 90 31
82 23 87
55 33 103
9 35 38
34 12 99
5 102 44
17 65 11
40 4 82
100 29 2
84 13 60
89 7 20
18 95 6
85 87 71
74 0 2
93 104 55
88 17 60
12 94 91
7 77 20
79 21 21
71 36 61
83 50 34
22 87 44
62 74 26
69 6 63
57 84 48
103 14 83
30 61 6
5 92 81
2 25 22
3 6 72
3 104 21
55 104 45
4 20 0
45 24 13
19 37 44
86 88 66
99 1 31
2 21 83
14 7 23
80 4 51
28 11 31
6 68 49
0 95 67
9 22 88
94 82 68
103 12 2
44 89 103
1 71 16
42 17 31
18 104 22
19 79 31
61 7 83
98 48 5
15 6 22
49 0 96
98 42 27
69 79 7
59 54 37
94 15 87
90 91 0
7 81 56
64 37 12
7 6 1
84 6 18
20 6 16
74 18 36
20 48 68
4 72 76
11 13 3
62 20 38
82 42 42
41 71 60
101 41 72
89 92 1
43 85 8
51 7 10
59 12 98
2 12 20
17 22 77
80 104 13
12 20 94
20 10 84
42 14 11
36 77 52
42 4 2
25 3 9
30 31 7
60 70 7
29 20 44
7 33 61
74 18 9
17 40 7
14 10 14
6 56 14
36 73 4
91 0 70
2 7 22
5 79 39
17 23 43
44 104 69
12 63 10
22 4 23
28 30 8
70 27 97
100 71 5
90 89 37
69 39 81
30 15 5
99 12 17
69 73 60
80 60 19
31 6 5
5 16 0
27 5 19
72 87 98
24 68 55
65 86 104
92 0 8
78 57 98
66 5 16
9 30 81
76 11 14
42 72 81
45 56 44
37 13 79
55 21 37
69 9 14
35 11 1
14 22 55
1 20 12
77 5 36
32 69 19
51 23 24
6 9 49
7 41 92
3 40 34
82 51 7
5 12 6
51 6 68
81 6 82
12 23 9
4 61 46
44 16 27
63 66 9
8 7 10
22 15 46
9 14 81
5 27 88
55 2 49
44 59 29
65 49 35
91 57 6
29 66 19
80 36 66
2 96 4
10 34 44
7 45 33
12 30 0
0 82 99
69 99 39
25 3 18
38 101 4
97 27 37
103 19 20
100 11 104
91 53 49
88 31 35
77 92 71
9 66 11
24 21 29
30 11 7
100 66 38
61 42 51
21 26 13
56 55 78
69 46 22
93 97 26
43 55 11
38 98 80
36 57 14
82 34 59
55 19 50
104 27 34
30 65 4
60 57 38
22 73 79
54 22 17
10 86 72
44 68 56
18 64 6
8 18 62
47 25 52
44 25 58
16 8 61
5 41 33
95 4 9
67 57 17
80 50 92
39 20 40
31 80 103
73 70 85
26 40 42
57 8 1
103 77 20
18 98 37
28 83 53
22 14 26
86 75 35
38 87 3
71 55 71
12 9 25
87 11 92
0 67 50
74 40 51
75 79 99
59 22 46
65 37 10
26 37 26
94 49 46
0 19 52
5 94 81
101 102 16
2 66 37
100 61 30
58 42 15
68 62 21
0 68 12
9 11 73
95 5 23
92 75 45
99 12 99
6 50 7
54 23 60
36 22 102
17 22 81
23 16 81
58 79 13
69 19 29
46 82 30
57 36 94
19 18 46
14 13 87
26 45 84
48 71 22
15 53 15
49 28 48
79 64 10
83 56 9
8 7 1
81 1 99
20 83 63
40 73 18
10 2 8
14 63 77
27 27 80
64 7 14
94 44 41
6 1 38
94 80 42
43 7 21
19 98 104
7 94 58
29 87 85
9 9 99
6 52 79
98 2 48
72 51 93
19 85 103
75 15 21
14 30 99
6 32 59
97 93 62
88 64 4
11 100 25
94 65 21
14 1 90
74 16 31
68 68 6
8 65 45
21 17 10
32 34 75
83 18 15
53 54 15
75 22 3
104 57 47
1 44 94
19 23 66
70 85 23
8 21 70
26 23 5
97 11 8
68 4 69
49 81 20
35 41 19
43 19 54
49 92 13
58 48 10
39 18 92
67 15 2
79 63 48
45 41 34
28 11 25
3 5 94
67 44 0
13 19 6
27 82 16
4 82 64
15 90 43
61 35 9
2 85 5
16 78 95
0 95 4
5 5 6
61 51 11
9 92 27
5 84 88
80 71 8
31 59 17
21 54 71
7 2 9
100 29 16
30 17 81
15 59 20
86 11 92
87 2 15
2 4 8
31 24 71
39 59 48
3 6 53
101 40 8
8 14 79
24 2 93
21 66 87
40 1 18
80 8 1
66 68 2
8 78 64
47 17 67
68 23 27
75 29 59
6 13 94
73 4 84
46 80 80
33 33 52
72 11 8
62 23 93
8 43 33
7 84 37
77 58 21
45 8 1
76 71 47
6 95 10
49 28 83
88 21 10
2 49 99
97 38 83
44 64 20
21 52 16
17 24 40
26 2 63
56 23 101
16 11 19
84 21 0
28 51 13
40 19 101
1 9 13
26 7 6
88 57 0
33 26 27
3 7 14
88 47 19
75 101 72
8 74 3
18 5 70
37 99 79
26 81 69
43 66 34
10 30 68
60 12 79
12 3 20
100 20 21
13 100 17
88 19 34
63 51 18
17 32 67
75 13 52
20 94 102
7 49 44
37 46 65
14 60 60
88 8 70
72 103 31
28 23 52
93 13 96
17 94 35
93 20 17
58 93 31
53 78 40
91 91 5
73 25 56
33 101 37
19 87 17
22 43 44
5 10 95
0 66 11
7 62 8
82 14 2
91 15 77
39 84 98
98 11 49
0 29 56
36 100 0
5 91 75
3 87 60
45 30 1
19 12 29
101 44 4
58 38 88
19 75 84
27 80 8
48 40 12
19 73 8
99 47 32
5 86 19
67 95 9
6 85 14
27 2 13
25 13 44
56 69 92
7 98 14
49 51 28
8 66 63
17 82 26
15 5 62
64 0 103
14 44 71
58 98 47
60 75 90
68 43 10
3 41 71
15 38 52
53 85 95
85 103 36
6 0 100
81 73 104
57 22 82
42 75 21
0 53 61
14 89 75
42 80 49
101 83 71
42 1 67
56 58 17
3 3 4
27 12 1
1 3 29
75 11 77
84 3 86
65 15 2
88 20 3
53 101 65
55 1 24
69 2 82
4 64 69
5 66 22
42 89 103
69 81 63
97 102 6
12 98 10
30 29 25
92 96 88
17 55 92
28 14 7
15 104 12
61 12 1
86 6 12
5 43 64
91 2 50
46 69 97
102 13 2
28 26 11
94 90 89
24 102 60
39 75 68
86 13 31
9 54 47
93 84 22
7 10 58
84 85 95
57 74 98
84 60 101
57 8 82
15 93 85
1 4 14
67 84 36
14 15 64
104 75 84
3 48 60
45 2 74
47 58 15
95 6 103
19 6 45
33 19 13
57 12 8
36 38 51
65 24 12
99 35 73
77 101 95
18 40 14
8 6 99
26 2 84
60 23 14
4 8 51
23 65 88
16 39 76
34 8 21
61 12 13
56 51 0
15 8 20
24 29 70
95 59 52
8 98 15
94 91 87
57 26 36
10 19 49
51 2 88
86 38 35
17 11 6
52 96 54
33 88 14
13 7 66
20 16 32
70 10 20
77 12 19
21 74 91
57 67 98
52 23 94
48 82 51
5 41 22
89 93 21
63 22 36
98 15 59
57 10 30
46 94 63
56 28 2
33 25 37
79 21 9
9 43 41
15 53 34
33 10 83
15 78 28
27 2 76
30 9 5
11 40 81
98 8 4
2 85 91
2 63 9
24 6 10
53 12 8
51 17 20
76 48 24
7 65 28
19 13 82
17 48 6
86 9 63
96 16 17
14 24 87
46 83 9
80 99 52
12 91 16
42 93 65
72 21 28
70 24 91
40 86 82
102 12 44
19 102 66
9 38 98
29 44 52
83 71 89
14 37 38
60 17 64
63 11 96
56 72 101
22 10 104
79 17 26
96 77 15
3 27 30
92 70 18
31 72 23
69 84 6
73 0 91
26 53 64
25 21 18
95 104 46
0 5 52
62 36 99
71 92 47
28 50 63
23 30 19
9 20 38
12 47 57
87 60 16
78 21 98
57 97 31
53 102 9
103 7 85
43 1 19
95 49 95
53 67 47
50 29 93
41 82 5
47 25 0
100 57 26
0 47 93
96 0 42
17 56 11
38 90 21
14 98 4
18 20 75
15 75 7
68 38 92
11 25 49
38 51 9
45 29 5
47 88 98
15 60 78
42 57 75
86 23 66
4 67 1
27 42 21
21 22 97
22 69 71
2 5 5
46 5 74
100 94 86
54 62 13
83 26 63
0 73 65
31 63 91
76 93 101
73 66 73
7 12 6
30 4 31
10 84 80
10 14 44
6 35 23
53 63 53
67 27 8
11 72 43
93 32 76
66 7 71
24 75 8
28 80 53
28 100 69
4 44 28
66 76 14
21 13 89
2 49 72
0 44 9
80 23 27
14 56 93
41 2 49
76 11 20
5 75 77
103 54 14
25 1 20
36 66 84
47 33 49
14 10 55
47 70 21
38 58 65
53 16 8
17 31 61
100 21 4
50 9 71
15 84 59
48 94 3
17 70 8
14 77 29
80 74 49
64 23 10
43 8 35
16 13 42
36 61 79
70 10 23
6 6 57
83 28 103
66 8 78
99 28 21
64 15 66
15 63 71
16 14 27
21 0 0
55 14 13
84 3 8
30 6 46
49 22 84
34 2 8
13 47 63
51 76 12
55 87 11
7 36 71
44 14 4
93 18 30
41 96 43
47 36 20
29 5 76
101 51 41
63 11 48
2 7 9
58 33 21
78 74 64
61 55 91
104 37 58
53 79 76
41 99 57
37 53 25
77 98 12
64 86 21
22 7 79
56 100 99
22 82 69
37 6 85
15 67 12
100 38 38
46 46 41
89 65 72
7 79 20
82 100 18
71 72 22
8 80 31
0 51 22
9 7 30
20 61 5
14 1 96
16 4 22
41 54 5
15 78 71
94 58 78
99 71 37
21 88 37
13 52 89
59 9 62
25 51 30
9 27 38
66 28 61
11 15 48
40 20 36
25 79 3
22 17 86
25 14 10
99 19 32
35 78 85
73 12 13
5 64 10
79 22 76
102 95 10
4 20 74
46 83 17
59 20 23
2 2 0
15 61 84
42 46 88
39 20 11
4 67 102
13 1 20
9 45 21
76 51 12
20 85 18
59 21 41
64 1 80
23 75 14
91 8 21
5 8 69
11 36 38
10 66 22
39 82 72
9 87 17
38 46 0
7 16 78
92 104 33
54 8 57
7 44 19
15 61 82
50 9 49
19 20 28
18 47 62
25 41 70
24 64 19
17 18 5
53 4 69
53 91 1
5 38 94
58 23 85
41 67 99
5 5 7
25 34 14
55 7 29
60 103 41
10 96 85
5 34 97
57 95 61
0 99 9
49 15 18
45 16 101
103 29 7
5 43 6
87 17 12
46 87 22
83 42 5
39 76 29
58 103 62
22 7 100
51 67 8
29 60 77
89 48 8
2 8 80
10 5 18
41 50 73
29 18 34
22 104 101
97 43 19
7 27 8
44 12 32
4 16 13
12 100 18
101 32 89
66 74 13
39 75 69
49 89 98
5 99 42
86 71 23
10 51 102
9 55 5
48 22 35
22 3 5
102 6 21
4 41 10
5 2 53
84 26 42
3 73 69
19 34 6
30 75 0
23 76 49
83 95 54
102 17 50
19 57 82
72 10 90
9 3 17
22 7 16
79 14 18
81 74 82
52 93 66
38 85 103
25 1 50
23 99 53
94 33 21
74 43 66
77 11 23
98 5 26
9 1 44
31 9 2
17 1 55
83 89 61
2 17 98
9 82 80
72 71 83
51 73 68
20 17 5
9 26 62
1 40 94
2 76 23
8 95 41
0 4 64
94 39 85
75 73 16
90 30 50
20 85 100
23 77 93
91 19 8
46 54 19
56 51 11
72 11 70
42 35 7
37 22 11
15 44 14
6 2 57
93 60 100
97 71 5
96 59 12
5 12 98
77 39 6
93 23 86
10 25 69
6 6 1
104 21 95
98 7 91
18 22 13
93 84 0
12 84 100
27 22 6
22 85 14
99 2 66
65 13 69
46 45 14
90 80 65
52 52 47
80 56 19
78 4 1
72 16 17
18 95 14
46 6 5
58 103 23
23 93 82
27 41 4
88 83 102
80 31 70
15 54 7
92 96 56
4 18 21
94 90 32
101 79 1
1 6 102
26 41 7
61 25 4
100 12 18
80 92 74
19 37 22
51 21 68
74 7 24
46 9 40
102 10 6
46 72 64
22 4 18
83 47 56
11 57 3
28 30 103
16 0 76
69 27 64
9 34 18
33 68 101
0 14 17
79 28 6
99 94 67
62 6 92
75 53 42
82 45 8
58 87 75
10 93 1
2 42 17
49 75 46
72 34 82
10 79 101
18 95 74
34 98 49
81 12 22
75 28 23
30 28 54
69 1 23
8 100 0
73 18 7
71 16 82
64 23 20
16 98 4
7 31 18
65 102 35
79 50 12
2 84 86
37 16 0
89 82 45
18 3 59
95 7 8
0 55 8
25 62 57
55 39 23
8 8 19
7 96 0
97 90 56
94 82 88
1 41 4
69 64 68
87 17 75
14 16 32
9 64 91
79 31 46
46 86 16
6 9 75
59 82 74
17 46 18
39 99 71
48 71 39
73 9 40
41 15 15
39 21 80
23 99 34
87 16 23
65 80 0
27 10 86
91 39 98
61 21 50
15 54 1
101 58 10
58 22 14
34 73 59
58 78 14
57 101 97
102 0 13
54 2 29
103 17 13
87 61 62
81 12 4
34 46 13
5 37 62
12 14 53
32 70 16
54 3 83
82 17 65
19 50 14
73 63 99
19 91 53
40 15 29
85 92 93
6 66 31
10 65 0
43 13 91
24 47 10
11 82 101
22 20 82
29 7 52
102 11 81
16 90 66
10 61 14
24 75 50
15 95 71
77 27 80
2 3 77
41 30 27
89 83 46
96 11 12
66 10 79
83 20 87
18 97 97
27 88 59
27 46 29
6 0 2
99 33 25
21 75 46
6 33 89
18 59 0
88 101 98
27 13 7
90 61 64
42 76 99
81 1 40
4 88 14
7 55 45
29 62 44
17 95 29
62 27 23
75 79 3
8 94 91
14 41 38
2 13 35
96 63 4
58 27 31
80 34 15
94 82 19
21 5 90
16 96 3
95 2 21
46 19 55
10 73 91
39 71 8
67 12 39
91 6 62
30 13 87
56 65 88
12 11 66
26 31 39
33 14 2
71 21 17
77 14 48
56 55 80
58 47 102
2 84 38
92 51 21
8 7 10
52 25 55
47 61 55
17 4 89
54 31 82
39 68 63
40 99 82
1 18 63
20 8 48
45 55 16
68 40 22
80 97 76
53 100 52
0 82 76
22 44 99
18 49 55
61 94 51
101 25 9
54 96 29
32 14 81
58 23 46
58 75 84
10 2 48
46 28 90
25 34 56
32 66 45
8 79 28
14 31 44
82 51 7
5 72 0
90 86 76
34 0 86
59 12 73
14 81 4
97 48 55
27 57 55
81 47 11
40 2 21
90 81 33
74 53 30
14 22 88
55 38 20
37 22 62
28 36 87
3 2 24
88 20 81
33 2 41
13 6 94
31 100 17
59 16 99
93 0 47
39 33 7
36 73 78
25 88 55
17 100 0
57 19 88
14 82 65
21 13 63
22 13 76
2 95 0
76 72 20
73 5 71
36 56 9
78 4 26
2 80 82
97 10 49
13 89 4
101 35 21
24 62 103
85 15 8
32 9 44
46 60 95
4 55 16
85 5 44
6 6 1
5 83 96
68 21 69
83 32 34
70 82 35
11 21 8
27 2 64
56 102 3
25 18 61
26 45 88
42 10 65
0 101 35
64 95 30
7 44 0
100 51 12
50 23 71
92 49 34
9 62 100
21 46 6
15 80 41
40 0 35
80 22 84
50 68 4
54 37 15
29 7 0
3 39 33
22 62 64
68 77 92
89 22 43
6 29 12
59 45 68
54 102 43
56 21 8
31 63 20
50 82 1
7 104 79
52 64 74
77 14 10
28 36 45
11 75 25
89 70 99
48 21 14
53 63 90
56 64 0
37 102 76
92 3 20
80 98 8
21 99 64
101 61 37
18 94 31
58 59 12
78 2 65
38 17 100
15 9 103
93 69 104
6 87 11
79 76 86
68 43 43
6 0 18
9 10 28
17 92 77
86 71 8
16 47 80
44 9 94
57 61 4
38 5 0
85 1 94
17 20 2
8 78 68
97 0 87
87 19 4
10 95 4
30 3 101
16 72 78
23 23 103
53 47 23
1 11 23
103 29 100
56 44 101
69 64 10
9 14 3
86 12 34
101 61 34
12 14 12
53 4 40
101 5 16
63 77 13
14 42 68
17 18 6
39 7 82
68 6 17
17 17 5
96 27 80
0 26 81
73 23 16
3 4 9
18 20 27
58 5 102
79 84 22
28 92 3
78 22 1
83 11 84
6 53 15
16 25 53
74 42 4
0 21 68
8 96 46
68 24 66
2 22 18
80 53 18
66 70 100
14 2 14
95 4 6
31 77 5
1 56 85
5 91 43
98 88 6
59 72 60
21 11 97
62 75 17
0 76 22
72 90 95
50 91 28
22 82 90
100 88 90
2 40 85
15 84 76
40 25 52
10 74 55
75 91 28
1 8 0
64 35 95
72 90 3
18 7 12
90 83 8
12 84 96
73 3 5
98 75 9
82 89 48
62 12 48
57 54 15
37 8 71
58 19 47
45 16 11
81 15 68
19 102 16
78 71 88
2 2 36
3 67 9
10 69 38
18 27 18
23 6 64
52 5 77
41 15 5
49 1 55
7 101 103
75 90 49
10 81 62
87 9 30
23 16 70
88 59 45
36 95 103
92 12 55
13 10 76
10 100 16
90 18 18
50 44 24
79 64 104
15 18 75
11 51 17
13 41 0
23 1 5
12 101 45
34 17 34
0 60 92
5 5 64
19 67 45
70 7 33
13 14 51
50 94 77
80 24 82
26 10 22
50 64 73
58 31 1
52 48 102
59 55 102
37 22 87
2 57 14
103 25 95
23 20 17
61 79 65
54 24 46
92 78 56
100 0 19
6 61 19
58 5 97
18 4 77
78 14 42
40 62 57
8 59 75
49 70 30
8 100 1
89 16 93
42 28 80
41 62 12
31 15 96
37 74 18
53 91 40
6 101 15
17 7 35
13 75 36
11 32 79
74 54 22
34 17 7
77 68 7
61 10 44
14 18 27
94 9 36
23 87 40
68 1 80
21 3 20
85 73 9
26 89 50
54 45 74
15 27 68
69 2 41
29 21 11
83 54 3
33 19 91
61 56 44
17 53 3
9 17 8
4 100 9
39 21 96
18 5 53
18 97 89
54 16 83
77 14 20
88 93 14
91 95 63
4 15 80
44 20 37
101 36 25
4 81 21
33 83 25
8 78 84
70 91 33
2 84 71
51 71 74
4 28 79
99 29 55
4 54 85
40 69 60
62 91 7
91 102 15
46 24 53
11 77 11
92 92 66
22 2 6
70 99 52
0 4 60
88 40 17
79 9 54
2 19 51
83 2 18
70 100 23
98 36 58
7 31 7
20 14 103
72 85 14
103 51 5
52 100 45
54 9 5
66 42 99
51 16 50
34 5 74
46 78 12
99 9 35
23 33 69
32 98 74
99 38 55
20 41 104
68 2 32
67 21 9
62 17 31
94 68 3
26 65 3
34 25 86
13 92 61
19 65 75
103 3 0
86 63 35
62 49 15
2 89 89
3 50 98
85 50 54
79 26 99
58 32 32
3 34 7
104 101 33
1 2 39
93 22 16
25 15 16
42 23 13
10 39 89
88 49 90
92 50 7
97 42 20
22 36 56
48 55 50
9 6 1
41 22 30
1 22 6
73 1 49
12 82 65
14 13 3
53 29 32
86 47 92
3 8 40
17 6 0
94 18 34
38 79 28
1 76 3
64 53 0
59 90 96
2 4 8
17 102 2
93 19 51
16 98 74
76 92 0
2 76 22
79 42 20
13 23 15
13 72 38
66 8 58
16 85 44
15 14 9
22 92 19
84 21 87
3 51 8
92 49 51
80 15 2
77 76 23
60 49 21
62 63 54
16 3 18
33 13 60
22 57 15
26 18 25
31 9 10
14 74 7
3 97 21
45 44 92
47 13 23
100 47 51
17 23 41
97 23 2
19 97 103
13 90 99
22 0 18
59 14 13
34 34 65
15 8 75
2 84 20
19 52 103
49 8 81
22 10 21
98 97 5
75 74 90
7 81 25
102 74 44
21 21 5
2 27 12
67 6 21
10 66 18
62 3 102
66 44 97
40 82 21
56 0 60
31 8 5
63 30 103
51 4 33
66 28 14
9 45 55
22 13 0
38 14 57
89 17 103
94 61 85
95 14 100
69 4 67
13 1 65
20 15 56
67 48 25
22 93 53
82 13 4
20 24 85
47 43 4
10 34 61
9 103 1
10 72 49
40 80 21
31 19 5
25 77 33
20 10 70
63 45 23
31 38 20
37 81 69
98 9 16
77 40 8
99 52 64
9 39 6
0 7 15
82 65 15
43 47 8
33 12 9
92 73 71
21 3 33
42 2 69
43 52 23
51 45 9
60 26 11
62 98 30
103 8 42
63 85 85
90 67 62
69 75 81
20 77 80
15 93 76
8 15 29
90 16 92
83 39 12
6 4 48
10 104 0
21 80 7
0 35 68
93 22 4
78 85 84
33 5 77
62 6 55
62 89 27
104 99 1
21 66 67
58 15 0
64 3 1
70 14 91
67 79 32
100 23 81
23 19 15
98 3 11
21 3 20
22 88 96
9 2 4
9 7 3
73 82 20
57 74 54
38 85 20
25 70 52
9 9 46
2 5 2
58 70 15
7 32 97
31 1 54
24 43 62
53 1 28
81 99 12
22 39 97
3 101 7
89 17 21
23 16 93
29 52 55
78 90 0
85 18 19
33 93 21
77 7 102
73 10 67
51 63 54
1 10 94
78 7 80
4 51 27
71 84 22
97 51 77
93 8 101
80 100 15
51 7 45
9 75 0
18 24 11
4 67 17
39 13 98
23 56 100
92 62 89
80 75 0
66 52 13
4 78 61
40 61 66
5 63 82
79 8 45
1 51 13
13 45 95
60 2 10
7 41 50
61 20 9
20 48 33
50 31 21
7 32 100
14 24 2
21 90 90
94 68 23
73 37 82
69 20 19
9 9 49
41 59 19
15 41 66
45 24 36
70 70 48
73 39 78
93 16 6
92 52 66
49 74 64
22 39 18
5 30 23
93 92 22
86 93 69
60 99 49
0 67 96
12 15 14
98 58 101
23 23 4
93 9 100
55 12 73
23 8 11
85 100 45
63 50 5
31 28 68
4 16 4
23 0 32
91 11 68
29 12 58
23 7 37
80 9 51
6 46 21
30 81 15
21 9 94
28 22 54
21 7 15
2 40 70
28 59 4
33 69 51
28 29 98
8 6 9
100 55 6
17 92 17
1 83 24
69 11 74
1 32 76
64 35 87
32 16 67
0 31 64
2 94 56
23 11 52
72 3 38
39 10 50
47 79 34
47 95 50
75 6 46
4 75 13
41 11 3
13 11 52
30 39 65
22 63 28
18 19 14
66 15 17
74 50 90
41 27 12
3 11 29
55 13 77
38 83 49
6 0 52
4 17 70
10 77 95
11 75 96
30 57 57
18 15 31
62 66 33
101 11 16
55 41 81
42 79 61
15 82 12
48 45 79
60 63 6
1 77 72
16 2 1
1 0 102
42 54 27
85 82 98
39 7 23
35 64 53
40 14 9
37 17 89
94 45 7
92 81 59
98 101 75
51 59 26
90 13 46
2 41 77
1 56 29
14 3 98
62 72 6
59 80 33
99 93 64
94 43 15
49 68 81
81 15 14
69 92 2
104 35 18
42 19 97
41 11 59
93 87 16
102 53 93
48 91 11
38 91 60
9 30 12
14 101 54
10 50 55
90 2 1
77 54 20
88 98 65
59 40 2
61 37 20
58 61 48
42 92 64
0 16 101
18 12 24
47 71 22
5 11 6
18 87 10
7 10 24
17 27 53
37 22 102
16 27 7
44 18 43
34 13 1
20 7 4
96 60 9
12 27 32
2 53 6
18 84 57
19 36 25
30 44 73
13 95 15
23 59 22
61 87 17
14 71 7
73 51 52
76 24 58
14 17 16
21 49 1
21 32 10
7 6 62
92 41 82
12 8 59
11 20 53
80 19 82
93 42 39
98 97 33
24 12 14
87 57 65
95 94 17
11 85 31
39 13 0
84 65 75
22 53 31
43 34 77
18 64 3
83 16 57
52 10 37
74 49 20
16 64 42
9 59 19
40 81 46
50 90 57
101 79 77
91 57 5
42 91 12
0 15 28
57 43 4
53 100 5
20 52 2
75 2 57
49 77 5
64 19 10
0 0 93
12 45 9
21 25 49
85 66 24
93 27 23
89 61 20
38 4 76
14 24 16
37 15 25
69 21 38
44 60 4
17 52 15
19 41 4
12 2 4
95 13 52
45 90 98
24 9 18
70 42 40
13 64 97
39 77 8
100 2 17
92 23 92
52 62 12
16 24 12
14 13 0
14 59 81
83 82 83
35 20 24
94 69 66
25 54 99
21 63 64
53 18 3
19 87 86
2 87 7
62 10 45
52 41 74
41 39 42
51 4 57
19 27 5
78 45 91
70 8 98
5 95 7
74 33 54
94 57 16
11 22 65
73 7 77
34 25 67
79 31 12
0 70 25
79 25 93
101 88 17
39 46 39
58 87 66
8 13 24
91 50 68
84 88 20
13 14 27
67 9 65
17 29 13
6 75 38
71 16 22
87 19 5
81 81 14
0 21 20
41 82 82
14 29 73
35 90 79
10 6 63
3 25 18
22 76 93
9 61 95
84 55 76
18 6 7
47 16 16
82 35 70
8 13 44
11 3 84
34 20 1
23 44 10
14 85 51
18 0 15
2 86 2
70 83 41
86 86 29
35 26 103
66 50 64
8 59 61
9 32 97
6 6 70
68 96 93
7 10 15
13 6 96
6 88 17
57 5 91
15 22 20
21 30 101
10 49 73
17 14 17
99 51 48
21 26 10
60 2 52
18 41 82
49 22 10
51 79 66
97 10 4
43 80 23
3 56 28
73 58 13
52 30 92
13 96 15
101 37 44
103 39 4
64 8 41
19 101 44
47 75 62
55 45 81
7 88 80
81 13 69
87 20 4
11 90 59
7 98 91
12 22 75
53 91 59
13 94 76
15 99 51
4 22 99
25 22 103
83 11 42
31 23 19
98 93 78
84 10 104
33 33 15
23 83 90
20 4 19
68 42 80
50 7 5
82 41 6
78 2 19
17 19 49
84 72 35
11 8 88
35 13 20
4 6 18
100 101 74
35 5 5
23 33 12
44 34 82
59 80 86
74 29 34
12 0 20
92 6 1
87 21 70
8 72 22
60 1 45
12 59 3
20 17 94
49 33 42
14 41 18
18 100 81
26 20 45
71 71 92
9 103 24
24 96 66
29 15 14
10 71 41
40 4 66
91 91 0
37 86 99
66 65 42
98 0 23
62 48 39
16 8 33
101 60 95
23 5 12
78 87 5
96 7 3
99 12 16
39 6 21
84 11 94
104 36 32
27 37 87
11 14 15
74 71 26
67 18 47
56 16 12
22 43 56
2 78 58
34 15 2
69 12 6
30 19 90
90 72 81
53 90 59
58 40 75
12 34 45
47 90 10
27 30 3
80 57 31
35 9 2
47 25 78
79 22 85
52 44 56
18 19 19
12 59 18
43 75 12
12 16 44
75 90 14
62 61 25
56 58 3
98 82 10
36 67 57
57 95 8
90 5 15
87 7 64
37 92 67
52 50 62
102 41 20
93 66 1
45 22 36
18 6 13
71 20 80
7 0 29
8 67 48
16 14 37
61 65 15
57 99 10
91 49 2
99 102 72
23 22 59
49 67 26
59 20 78
80 52 2
27 75 1
19 104 97
81 62 20
36 48 7
74 68 42
85 40 6
93 49 6
78 17 36
49 97 25
21 42 31
89 21 17
62 8 91
90 67 7
64 14 87
45 13 89
5 2 24
25 13 29
0 3 101
22 3 69
97 2 90
97 97 72
47 41 31
30 4 46
79 7 27
22 25 75
61 67 52
32 45 5
23 87 23
14 94 83
41 66 23
13 1 9
20 86 96
65 4 66
13 6 22
37 88 32
88 34 24
13 28 49
19 18 3
3 3 24
59 60 46
97 45 69
51 47 11
22 29 57
15 72 62
6 18 23
81 104 28
22 6 83
23 39 49
27 2 93
44 96 97
57 15 14
41 15 70
79 9 94
77 15 68
55 13 64
23 12 16
3 97 40
12 87 33
41 23 62
8 1 74
18 83 101
22 67 96
71 15 42
20 14 30
30 8 9
70 1 20
19 62 43
85 25 81
16 65 62
16 36 66
96 2 100
4 41 15
19 31 15
62 10 46
89 22 6
99 5 94
22 40 66
68 103 62
17 28 31
6 25 41
58 66 15
11 17 10
53 82 17
23 71 40
54 86 73
79 73 68
86 24 98
65 4 7
44 79 3
43 44 8
13 51 36
82 80 53
54 14 17
17 61 21
31 8 16
78 4 20
94 56 88
89 52 13
6 5 10
90 23 53
101 96 55
103 92 87
47 57 16
103 9 48
4 21 0
39 54 83
98 69 86
66 11 80
16 47 22
15 102 8
72 18 30
37 77 31
17 48 9
51 26 20
13 82 22
11 98 22
22 20 4
15 74 84
51 28 13
50 4 75
92 88 15
99 37 30
2 49 5
42 44 82
18 10 38
80 8 87
36 9 12
9 75 3
54 36 45
16 90 89
11 44 83
18 20 104
2 59 36
15 9 9
59 94 102
16 90 11
21 13 0
28 54 59
15 13 91
53 70 0
32 92 25
81 63 15
17 25 91
20 20 36
43 51 100
22 83 15
5 102 5
1 73 34
14 25 88
80 28 67
21 14 13
42 37 47
103 19 50
4 16 39
2 82 15
8 90 34
67 103 71
40 46 103
96 97 19
58 54 69
103 13 7
48 39 76
6 52 57
93 100 0
89 99 19
86 57 14
55 68 72
32 16 104
32 74 45
63 4 74
35 32 28
78 26 1
98 30 4
20 4 68
77 4 59
84 17 93
82 16 0
62 21 76
66 43 7
31 23 59
45 65 89
31 44 68
5 10 37
18 22 31
6 60 60
29 52 13
77 74 23
23 21 7
70 8 88
53 14 18
55 49 27
8 3 52
1 45 97
59 21 103
50 49 17
43 43 4
17 55 29
85 17 92
54 6 73
101 80 100
81 56 83
20 40 84
7 14 57
45 0 8
47 76 7
19 10 2
17 45 14
104 15 104
96 57 29
70 33 7
29 97 28
34 60 103
12 14 12
10 96 43
82 24 15
72 87 99
59 3 29
49 92 33
39 8 61
15 73 2
20 0 22
24 69 6
19 58 18
63 63 102
5 94 67
52 75 65
10 88 35
28 0 74
43 95 11
6 49 49
45 4 12
64 33 3
82 101 23
5 21 19
80 69 6
93 3 0
30 31 98
4 102 81
12 46 76
53 60 94
51 23 12
33 53 95
15 95 13
101 44 6
23 8 8
12 51 25
7 95 87
87 7 100
60 28 50
68 89 80
13 20 91
15 31 21
47 9 15
86 59 37
78 9 66
5 6 47
12 77 86
5 9 21
77 103 74
1 77 31
1 67 17
59 85 10
97 59 22
87 88 49
22 41 92
7 33 8
3 83 87
33 20 11
19 10 62
61 15 37
90 54 91
56 33 11
11 19 20
23 32 60
23 102 46
59 38 12
21 87 78
73 15 75
93 93 58
29 44 48
16 17 76
36 5 16
30 87 89
70 14 85
76 70 17
2 4 84
27 62 10
9 90 5
41 91 73
54 7 99
29 5 96
77 13 6
42 96 67
9 1 2
48 33 93
85 61 58
52 20 102
89 16 3
80 77 1
20 75 59
38 53 19
15 27 40
76 39 47
3 21 76
31 61 0
37 20 16
99 6 70
94 83 71
1 15 62
90 37 2
2 39 34
32 28 85
22 30 14
37 71 101
71 14 81
69 103 64
1 58 96
6 8 58
64 20 17
94 23 26
78 33 23
10 12 56
98 5 95
75 14 47
86 71 22
22 78 2
68 45 83
62 12 24
34 60 12
7 13 52
99 6 5
27 18 79
98 9 17
36 45 34
101 17 89
0 97 3
91 16 64
16 50 4
62 4 66
76 10 1
26 80 90
98 42 16
15 88 81
55 10 27
84 88 65
83 17 84
7 103 3
47 51 8
23 20 19
14 7 69
0 25 11
89 21 16
15 90 86
40 59 0
39 48 8
56 82 72
64 73 31
3 42 79
60 28 37
11 6 10
9 99 86
31 20 68
27 100 78
57 104 49
40 9 0
14 17 99
10 20 53
13 1 0
26 5 104
97 50 39
54 59 85
54 79 24
22 15 64
24 10 22
86 15 93
53 80 30
11 88 45
71 98 79
23 0 40
100 81 47
36 31 18
6 2 50
51 83 29
29 37 13
56 69 91
85 63 43
9 55 0
11 63 16
13 32 18
1 1 103
40 67 68
82 91 31
12 17 15
13 43 80
103 82 84
76 95 65
79 12 23
42 99 32
75 89 24
21 9 49
89 77 17
22 7 55
29 62 83
71 3 18
12 16 2
13 12 1
43 64 50
92 16 9
12 98 96
41 42 52
2 90 94
91 15 56
20 10 34
54 23 22
66 39 7
56 51 87
70 7 41
5 44 88
68 23 102
59 82 30
104 72 4
45 38 67
67 9 100
40 92 41
102 22 6
40 69 60
88 7 2
95 35 82
34 32 42
12 32 41
25 32 7
20 19 90
10 7 32
4 16 60
71 0 89
92 21 29
28 94 17
68 72 49
90 11 12
46 79 21
37 28 85
35 70 4
30 35 6
51 5 95
91 11 40
102 83 56
24 22 60
71 97 78
55 10 54
9 37 64
67 64 3
3 86 103
4 30 78
21 21 72
74 15 61
4 10 26
6 50 102
97 21 87
47 12 24
79 67 16
0 48 15
66 15 42
79 8 93
75 96 11
31 77 73
52 73 103
37 30 66
30 35 3
65 66 11
0 28 50
44 46 39
19 98 13
12 5 11
32 26 16
74 101 65
41 47 49
3 40 36
51 19 93
54 70 9
38 33 54
0 63 1
8 94 41
52 6 84
48 7 22
85 28 4
38 26 86
19 29 40
11 53 89
79 84 36
82 51 74
8 57 1
4 52 60
80 34 51
2 20 18
1 27 24
94 33 75
79 58 1
21 15 9
84 1 52
40 2 73
15 5 47
75 66 28
62 50 20
16 85 82
36 23 97
20 80 22
79 48 13
10 62 63
20 103 35
93 64 51
25 57 22
6 73 82
88 40 61
74 19 65
44 78 6
1 46 3
63 43 72
9 44 94
9 44 2
1 75 87
31 4 52
9 18 48
36 92 74
9 52 6
37 31 22
55 28 76
97 9 9
4 55 39
36 89 79
87 44 37
66 46 10
20 22 57
45 22 81
9 42 25
95 54 68
66 4 1
36 31 64
18 82 102
11 26 4
6 20 15
49 96 80
55 34 17
102 3 22
4 70 33
7 19 89
22 91 37
42 1 7
2 42 16
99 98 86
14 12 28
103 69 51
27 1 104
12 100 9
48 22 77
73 21 54
42 0 68
23 8 0
7 5 84
35 1 6
53 35 83
88 21 97
91 73 26
29 3 8
71 93 64
43 56 29
13 77 74
57 11 29
70 26 36
41 71 13
15 74 38
81 57 97
37 84 12
67 95 83
52 50 33
41 65 104
69 96 2
63 64 43
31 27 64
69 70 36
66 35 6
8 2 86
77 49 18
91 21 0
50 12 3
13 29 56
35 82 90
9 85 75
66 89 102
39 81 44
17 3 92
12 103 18
18 55 103
4 94 77
46 88 57
38 0 70
18 61 82
44 49 71
60 9 4
18 26 82
19 17 92
40 87 22
8 23 22
95 63 6
44 103 93
67 91 28
84 67 21
51 57 93
16 15 9
98 46 49
35 19 69
85 35 43
19 21 3
17 0 35
37 2 10
0 8 72
80 14 5
46 14 12
10 62 58
100 12 50
78 91 65
32 65 9
34 7 19
54 95 72
50 33 64
68 93 43
20 43 3
100 0 23
66 47 62
44 94 6
7 104 20
33 19 55
80 7 32
4 82 16
18 45 28
79 68 80
15 56 25
52 7 80
43 39 86
18 25 100
4 55 94
10 11 13
97 76 2
29 82 78
79 18 46
7 67 0
58 19 11
77 33 6
2 80 57
16 44 85
63 8 67
29 83 62
37 76 39
21 83 93
78 15 21
7 31 10
4 102 6
18 29 28
12 82 4
38 48 7
30 47 87
91 7 19
86 36 95
23 69 21
34 59 83
102 16 2
73 29 11
72 67 79
16 81 79
5 76 11
38 34 72
78 68 14
40 77 69
86 16 51
102 50 90
26 41 85
87 101 6
76 47 38
104 89 5
63 71 51
74 33 83
55 88 34
31 32 72
50 54 65
89 15 83
101 38 3
103 48 38
62 78 0
14 82 38
91 29 14
102 3 67
11 17 23
43 93 5
13 10 22
14 4 48
35 17 6
25 88 59
10 67 74
15 55 92
13 30 8
64 45 16
103 52 91
95 10 39
40 37 99
68 20 91
76 17 23
44 17 78
27 19 29
19 41 89
70 53 1
103 21 26
75 45 3
29 67 0
93 43 8
14 65 12
10 22 11
41 92 14
12 91 56
96 65 0
2 101 58
9 20 76
9 38 20
59 86 100
5 26 19
65 79 22
19 61 97
32 98 10
16 44 5
63 77 2
52 63 97
23 12 38
66 1 86
19 37 57
84 63 45
12 54 48
80 15 5
101 73 77
75 0 8
12 5 15
6 82 101
42 15 90
17 91 61
91 79 26
102 8 9
47 3 83
35 38 12
94 19 80
48 60 56
7 33 45
19 14 28
80 17 43
15 21 20
102 51 7
20 71 46
11 83 53
85 26 31
46 2 21
104 23 73
104 43 20
75 58 75
45 6 55
92 30 53
2 74 43
29 86 101
6 13 13
18 4 78
30 80 23
74 18 15
1 83 68
8 29 26
63 36 1
11 25 76
16 19 54
76 15 64
30 57 33
74 6 8
44 52 59
74 42 85
7 19 77
84 69 81
71 73 33
46 82 61
20 53 99
68 12 57
21 17 78
37 31 10
7 99 41
74 74 41
0 4 43
89 90 24
21 31 54
21 36 1
6 42 83
18 19 38
43 11 56
24 66 1
46 83 40
93 74 37
74 66 55
26 29 28
66 68 95
16 32 21
42 2 54
57 47 94
49 44 8
44 63 53
40 59 90
22 79 14
31 52 98
13 23 20
60 71 44
34 87 39
20 17 85
8 90 8
60 34 80
37 66 23
40 18 7
4 26 3
81 7 100
3 49 28
25 24 79
43 64 86
63 19 5
74 73 36
79 68 46
10 52 4
76 29 32
18 94 55
11 70 90
5 12 41
23 22 10
79 14 65
3 44 75
22 40 31
98 3 81
65 91 68
97 23 43
71 63 30
8 3 84
10 1 72
5 15 59
12 64 20
35 85 50
64 67 6
2 73 58
25 27 47
23 39 52
14 3 4
65 13 22
7 44 16
46 5 88
25 1 100
0 101 16
56 4 63
52 71 6
10 0 50
24 1 20
10 89 75
28 29 54
85 36 38
72 1 42
38 60 64
12 0 20
5 53 7
92 51 11
26 94 44
15 13 10
4 14 54
22 5 56
14 14 9
19 4 61
31 6 41
85 26 44
98 36 76
89 3 4
49 93 33
7 63 58
33 10 6
20 23 5
17 87 52
95 78 0
30 13 12
10 30 79
49 56 20
7 68 19
99 39 85
21 1 27
79 78 7
31 92 92
96 104 67
53 23 59
104 21 58
9 102 69
2 62 16
25 16 18
51 31 46
96 20 99
89 71 21
1 18 61
20 12 9
97 41 5
26 44 59
44 0 103
52 76 17
21 27 52
4 36 10
27 7 20
51 84 5
90 11 81
14 60 0
74 90 20
51 5 34
92 80 29
86 15 33
28 25 24
59 63 78
54 16 17
3 7 68
56 64 21
68 39 10
78 57 78
53 74 42
8 47 95
16 25 22
29 8 42
18 21 17
69 45 92
16 1 87
26 32 31
80 17 11
34 100 23
85 7 9
55 28 41
88 8 19
77 2 50
58 26 39
58 97 46
23 40 82
3 35 39
93 18 45
89 10 44
28 55 87
28 79 13
23 88 0
27 13 31
17 10 23
51 5 8
3 31 88
16 7 1
104 97 19
21 12 59
33 15 9
61 80 24
19 83 76
10 45 47
73 11 83
10 14 11
87 23 23
4 26 72
94 11 8
79 7 94
103 18 14
7 8 8
82 88 21
2 47 20
103 5 38
45 83 81
76 77 24
92 17 23
12 44 60
16 26 57
82 26 44
90 52 62
35 66 11
60 102 10
56 49 10
55 27 55
80 100 4
70 6 20
30 23 83
54 58 65
0 1 22
88 7 45
16 19 25
14 10 20
22 21 17
13 2 37
50 16 16
19 104 7
18 81 54
48 86 0
98 48 34
6 22 18
78 2 45
22 73 82
45 75 70
42 13 72
45 45 0
21 61 7
13 76 46
6 5 1
10 14 32
55 31 49
99 90 6
86 8 68
35 66 45
32 22 21
83 96 78
40 19 103
57 24 1
43 62 33
6 28 92
0 102 35
1 14 101
12 41 46
30 27 92
18 50 8
2 63 49
59 103 4
21 37 14
7 3 66
38 64 61
1 80 23
68 8 17
99 57 12
104 21 15
19 1 38
43 67 72
54 75 31
13 85 64
4 100 57
65 3 50
46 29 24
63 1 82
47 40 44
65 2 57
69 42 2
24 15 29
92 89 23
87 54 15
18 15 73
100 13 58
12 16 82
0 21 16
47 22 4
22 52 51
47 1 12
17 15 83
73 35 97
23 41 28
89 60 31
60 20 90
54 18 13
31 32 69
37 103 5
23 13 23
46 64 94
31 23 85
34 23 102
12 85 1
1 19 15
29 50 104
66 8 29
7 70 99
73 98 81
34 59 100
38 45 81
45 74 22
33 79 8
17 46 16
0 80 21
5 101 9
6 68 29
89 92 63
10 88 16
12 39 89
56 15 9
49 103 97
6 31 34
73 67 18
69 41 29
29 11 61
61 23 10
93 35 26
66 103 69
13 55 62
3 10 87
49 33 22
5 87 2
104 13 18
60 51 28
57 10 22
72 2 19
74 0 47
19 73 6
0 13 62
69 40 7
54 60 25
55 74 9
101 68 75
104 55 18
73 104 94
26 64 6
98 87 18
44 45 36
82 25 6
13 86 65
37 2 73
1 14 97
32 11 20
20 104 2
23 43 35
34 54 61
87 45 37
34 2 60
69 12 55
80 93 20
102 19 36
36 48 52
15 15 6
60 14 65
10 54 80
34 81 72
46 26 46
7 37 82
23 59 89
50 73 30
98 0 22
95 66 10
37 53 12
12 55 41
35 3 15
57 17 13
50 21 7
15 42 27
26 76 17
100 100 16
3 93 52
78 45 91
23 43 8
71 70 7
4 82 17
27 70 9
27 1 15
15 69 82
59 16 102
47 93 68
100 53 91
69 5 76
40 78 79
16 75 103
6 13 7
4 12 33
2 94 83
10 68 21
76 69 78
16 3 74
15 1 18
99 55 42
64 2 91
1 2 3
3 85 51
17 0 6
73 77 70
3 85 96
98 51 17
55 50 0
96 73 10
30 98 8
65 85 18
89 28 15
51 4 104
58 54 19
93 99 29
70 41 9
68 74 31
77 57 34
7 6 61
13 69 58
7 1 6
55 88 17
17 4 45
1 14 45
33 76 33
91 65 89
92 0 3
62 50 91
7 74 82
42 45 36
1 72 5
0 90 65
12 104 19
22 22 62
33 23 68
89 67 80
70 41 5
9 43 10
2 86 54
46 87 66
25 38 53
28 16 47
10 54 63
85 13 52
101 20 70
46 41 26
65 72 75
22 74 67
104 44 73
46 45 1
74 1 57
13 83 5
62 77 88
5 22 71
3 21 12
20 7 10
8 23 100
40 83 3
6 12 83
39 96 39
19 40 57
5 102 6
14 79 4
0 1 87
1 88 43
18 74 79
13 81 25
16 40 36
4 43 22
18 35 28
51 86 16
64 54 27
26 96 65
14 16 18
5 41 2
22 4 90
57 21 16
19 4 45
18 28 15
65 97 18
41 95 63
64 20 91
8 55 81
22 74 12
20 61 12
99 47 5
21 67 89
25 16 28
79 39 97
20 45 88
11 69 36
95 86 26
8 75 12
47 9 67
70 11 33
90 48 5
76 46 32
18 102 2
45 94 19
66 82 6
84 8 90
55 0 12
68 14 61
77 0 51
5 79 21
50 8 53
10 41 51
95 98 84
75 9 86
84 8 12
52 60 1
3 91 88
84 90 14
21 96 104
102 58 19
99 28 64
2 64 40
2 13 3
74 53 70
32 57 70
12 70 95
14 65 15
20 76 13
9 25 57
32 77 8
15 8 4
19 18 70
12 95 102
2 8 8
86 9 39
90 16 96
57 99 95
16 47 39
98 11 56
10 62 94
21 10 97
46 101 46
7 51 41
78 97 72
22 11 88
2 69 6
7 69 19
52 97 25
98 6 89
63 99 13
53 18 44
23 70 62
43 20 31
4 45 16
50 16 12
104 2 33
2 75 40
5 94 54
49 76 80
0 17 101
28 6 0
0 63 10
93 11 68
8 4 38
37 18 35
63 75 28
58 90 98
62 74 6
86 50 57
78 93 75
8 4 15
14 84 35
7 14 55
46 12 103
59 19 6
21 87 23
64 57 104
45 100 80
104 39 11
84 7 30
19 65 64
19 13 79
19 68 91
35 9 78
7 73 68
38 27 68
94 13 6
74 17 82
1 62 13
5 98 28
99 67 86
74 44 3
99 14 21
26 3 0
53 18 46
15 15 72
35 102 2
78 22 64
1 11 1
86 15 58
73 74 96
18 53 82
18 89 100
21 68 15
58 87 4
18 102 96
13 39 40
67 28 23
71 25 16
7 18 9
6 46 3
48 3 42
19 16 53
5 12 80
3 2 32
9 59 64
37 8 19
13 50 69
100 87 102
25 58 74
15 28 23
5 51 95
103 71 8
92 19 98
34 46 21
55 51 103
61 36 53
32 13 78
9 70 75
79 67 91
1 13 85
42 0 100
37 94 101
60 87 97
67 96 28
84 71 89
18 15 47
81 68 83
82 8 101
26 47 22
82 16 8
64 27 96
65 6 32
66 12 59
22 18 48
97 24 100
17 11 87
102 10 52
14 7 91
8 23 5
68 47 18
83 84 61
84 18 56
10 10 70
84 13 24
26 40 51
87 61 102
13 14 29
11 5 23
98 22 19
77 14 3
1 60 1
55 50 17
22 41 43
38 62 68
48 70 22
45 21 4
28 72 94
16 16 24
2 38 84
99 31 24
26 43 59
64 61 0
0 84 63
3 9 42
96 17 15
16 83 13
84 33 92
93 102 85
4 14 77
89 53 11
18 56 5
31 11 58
25 42 6
14 95 77
90 37 61
9 69 9
51 61 85
90 53 87
72 35 16
82 89 87
68 34 11
58 6 59
7 41 82
39 85 26
56 72 96
25 90 48
89 18 97
50 20 90
3 23 50
9 61 82
62 98 14
6 5 30
28 34 52
5 26 30
70 53 7
13 29 20
9 46 104
89 70 35
1 94 55
1 2 33
34 40 47
5 29 0
43 90 68
1 43 53
94 58 12
28 95 64
28 95 27
63 91 75
18 58 7
29 22 21
77 91 57
43 82 91
16 72 26
11 97 29
10 91 0
64 56 51
87 23 99
6 8 29
13 90 9
22 68 67
41 50 61
29 5 51
8 9 14
22 34 26
65 84 8
92 100 8
44 16 29
14 66 51
29 61 10
99 29 66
22 4 84
16 74 13
45 64 77
0 102 71
43 65 33
3 96 13
2 6 48
78 16 9
91 96 50
42 0 25
2 24 3
3 30 15
97 9 74
14 101 32
80 78 100
21 32 4
9 11 8
63 76 60
12 12 40
17 24 14
86 1 103
16 1 96
18 27 44
75 87 102
25 100 27
12 82 59
27 7 89
9 28 69
50 61 19
58 7 21
29 63 17
40 40 1
32 48 1
22 10 60
35 12 14
2 1 18
33 10 69
76 26 57
52 46 11
28 100 21
34 58 13
101 98 25
60 21 61
84 21 17
17 16 1
68 20 5
9 18 95
74 5 102
0 33 0
89 55 22
36 85 58
61 94 15
1 4 9
90 1 10
85 100 14
32 37 4
101 37 30
2 6 62
65 73 42
16 26 76
18 5 34
70 68 21
2 75 68
78 18 62
96 48 102
79 34 90
79 29 83
73 101 38
5 10 79
22 2 86
98 82 30
2 6 65
12 19 50
8 22 7
46 66 29
6 10 11
49 87 10
32 44 50
64 19 38
92 18 20
40 8 100
26 80 71
102 57 99
19 72 19
69 86 85
19 98 7
20 92 58
71 11 77
90 76 69
21 50 21
88 102 89
93 10 19
80 93 9
16 5 48
78 11 60
56 49 8
45 22 1
30 86 15
22 7 78
91 69 32
31 39 89
10 69 67
6 101 77
14 38 5
17 6 55
95 103 58
82 82 82
16 5 21
7 60 47
2 12 12
56 80 8
28 97 24
21 102 37
24 104 68
84 8 10
56 73 47
28 57 96
64 26 56
58 29 77
2 11 27
71 0 102
13 1 17
72 3 80
65 84 34
15 2 30
94 28 8
74 100 87
63 53 96
11 92 28
21 13 100
102 97 20
47 0 70
44 61 12
100 87 81
59 63 69
12 75 58
41 84 72
99 76 78
16 8 0
63 76 23
22 22 9
8 81 1
41 17 101
87 104 89
4 53 16
17 37 56
14 46 5
36 81 7
15 1 66
52 5 73
29 9 30
12 13 99
24 75 8
81 102 58
71 99 91
67 10 16
43 50 37
15 8 90
34 58 43
25 97 1
10 2 36
19 50 11
35 31 13
34 65 78
6 35 18
8 82 77
13 54 31
27 51 22
92 62 69
51 74 92
101 66 94
22 87 65
65 76 7
21 81 59
0 82 71
98 4 57
101 3 33
73 4 8
43 4 61
36 60 100
73 8 91
16 33 70
51 27 96
1 86 89
65 47 29
32 16 1
78 76 86
17 66 4
95 38 38
25 37 23
1 23 19
47 30 9
90 64 68
7 23 54
50 17 11
101 55 32
13 87 66
95 20 5
73 5 66
3 5 79
64 0 85
16 7 6
27 88 48
101 9 18
8 88 69
20 16 59
31 24 32
33 18 13
24 12 37
14 23 21
22 76 90
86 88 36
65 90 94
15 48 93
61 79 4
5 68 74
19 50 35
84 10 1
89 12 52
32 74 2
101 79 71
4 101 5
7 84 22
60 19 24
47 9 42
70 7 23
34 5 45
35 8 38
66 48 1
58 49 53
89 64 40
74 100 11
8 2 0
86 38 55
90 10 6
21 26 43
18 8 61
13 48 1
32 83 84
94 101 45
19 1 100
1 5 24
13 42 37
25 61 62
100 90 94
60 62 75
5 13 88
102 22 93
7 33 77
40 3 7
18 6 72
48 8 91
64 2 18
19 50 67
56 24 26
89 39 65
8 94 32
7 17 73
6 8 94
71 52 4
27 64 87
62 30 74
6 33 54
48 56 89
42 100 80
23 28 23
89 2 10
54 31 36
100 98 34
21 13 75
22 48 53
50 6 24
75 20 37
23 23 22
59 2 37
2 2 76
52 101 10
98 87 19
21 8 22
6 84 8
18 74 23
54 7 63
19 6 9
21 6 0
79 20 99
32 11 15
15 84 72
4 96 42
80 8 39
10 83 3
5 52 86
8 12 61
42 92 32
21 6 84
63 24 58
66 48 58
72 79 55
99 83 92
98 13 57
14 55 78
80 104 4
36 12 14
82 22 56
71 69 79
5 69 88
104 28 23
80 93 51
66 2 1
44 76 53
7 69 43
8 52 40
21 95 21
37 71 9
66 97 55
39 40 66
16 5 57
9 67 11
36 56 52
14 49 15
58 29 2
45 4 98
1 49 0
45 44 44
30 104 59
21 47 32
2 94 8
101 102 85
33 75 64
82 91 45
13 67 15
32 12 50
68 49 23
29 21 19
17 36 0
5 73 5
32 86 30
67 79 10
5 97 45
83 1 23
16 70 69
14 26 88
24 62 26
21 48 36
70 84 7
19 13 23
18 7 34
24 51 48
1 83 44
90 73 31
28 83 77
23 18 39
81 39 6
18 81 48
86 64 95
22 70 96
55 63 18
28 50 60
4 63 41
69 32 61
62 14 15
22 90 2
96 98 78
104 0 27
88 20 21
15 44 43
48 7 37
29 51 5
95 72 1
88 78 28
15 17 102
13 28 69
12 54 44
7 70 57
102 80 15
57 90 83
81 84 42
2 25 30
4 19 10
82 70 60
73 16 11
2 6 3
78 90 19
49 3 66
15 80 12
11 60 62
16 96 74
80 22 63
32 96 96
70 69 20
80 41 51
24 83 55
52 66 95
24 40 78
84 35 8
10 20 13
48 99 87
44 66 15
40 53 11
104 17 44
70 51 14
15 101 9
17 43 11
56 11 2
1 34 83
85 2 58
59 8 73
41 92 67
38 3 104
41 65 16
8 4 36
11 14 34
15 86 103
43 23 23
96 88 3
101 9 70
59 14 26
88 64 36
23 42 14
101 82 17
64 7 8
13 2 14
1 8 78
4 70 63
7 49 12
21 92 64
41 58 47
89 4 0
78 18 58
9 9 9
69 9 20
85 18 19
25 89 45
70 5 16
8 28 1
37 103 1
43 18 97
23 3 9
71 0 66
17 19 1
41 10 66
21 17 20
2 67 14
69 0 2
8 41 66
7 62 39
22 70 72
9 22 21
14 79 85
9 7 32
23 83 60
8 91 1
0 87 23
68 22 102
79 4 15
11 21 44
47 43 84
70 8 33
5 19 26
103 81 22
58 46 12
91 45 44
86 32 19
12 40 39
52 69 15
0 82 7
45 82 97
19 84 23
92 55 15
57 47 88
80 92 72
99 75 25
14 16 94
18 57 17
86 12 61
38 7 62
41 84 95
14 93 4
97 2 94
80 70 53
92 57 4
16 28 37
59 68 1
9 30 73
36 22 95
76 73 1
96 53 1
7 7 84
53 37 64
11 19 39
35 31 87
53 8 64
49 23 11
66 23 94
101 1 31
101 39 63
19 97 84
6 12 104
59 82 73
3 85 89
9 28 30
80 56 78
74 53 79
49 78 23
78 13 20
93 72 21
59 70 16
1 86 104
37 93 20
0 14 95
81 67 74
95 15 77
35 81 80
0 23 22
9 92 39
73 74 75
6 16 40
4 46 60
28 98 21
2 10 3
36 75 5
10 15 21
11 86 55
5 13 4
76 0 94
15 26 79
31 38 102
66 50 16
16 29 58
39 20 41
59 89 41
0 83 40
27 32 11
34 52 23
40 96 63
38 9 15
4 17 3
49 32 6
8 10 40
5 77 57
14 40 66
25 90 67
1 24 84
44 101 21
63 27 95
5 20 64
11 16 35
16 70 16
28 15 27
76 19 28
41 5 88
4 58 35
11 80 55
65 30 90
0 6 69
96 49 80
25 56 69
54 40 32
1 45 28
12 64 67
22 53 59
86 3 41
6 28 102
57 13 30
87 21 51
73 34 5
62 37 59
50 26 0
19 32 57
26 78 17
16 10 12
85 95 4
20 28 49
88 99 41
12 54 59
2 26 22
76 72 8
19 96 51
48 86 19
35 6 102
63 12 69
22 97 98
8 3 47
60 72 28
93 104 91
72 96 99
43 15 22
0 76 3
75 75 14
0 78 21
23 46 0
99 64 9
45 10 2
89 55 15
83 100 15
10 12 33
75 5 1
92 97 25
51 51 22
73 37 71
76 41 103
79 38 18
18 72 30
3 22 98
3 48 7
2 2 18
70 89 75
13 69 8
42 42 77
20 63 72
70 45 0
40 60 100
13 20 12
3 79 11
30 94 101
80 1 93
2 14 74
77 66 54
83 102 17
60 104 52
74 9 87
65 25 20
25 14 12
9 63 66
33 21 53
45 53 12
77 3 5
99 46 15
102 8 66
22 96 26
61 40 34
4 2 21
53 33 21
4 50 88
61 7 4
19 76 13
40 53 10
53 45 51
50 91 58
37 15 48
45 40 94
53 41 12
52 65 21
26 27 21
31 81 69
74 76 89
9 80 78
12 16 49
2 103 74
8 15 68
62 9 9
80 103 50
24 36 51
67 13 4
86 75 57
76 18 87
5 7 15
25 68 73
90 27 54
89 29 10
77 71 86
9 47 85
104 32 55
89 25 103
8 99 17
4 18 60
16 31 14
86 100 65
65 20 98
74 8 70
71 90 18
44 72 80
3 104 27
22 83 36
29 8 12
55 35 100
28 0 82
54 71 26
77 19 39
8 91 35
4 4 104
67 58 12
23 19 42
26 21 60
4 81 87
63 38 103
33 88 32
23 93 26
30 76 76
81 34 10
66 5 24
36 99 77
9 97 9
19 56 89
63 39 17
90 7 71
7 20 104
20 11 85
74 38 76
40 4 50
24 47 11
2 15 5
0 53 0
101 4 44
95 1 16
1 18 2
1 71 102
19 41 16
14 47 16
38 40 45
50 95 9
1 13 8
17 69 5
89 49 22
17 23 77
90 52 88
17 95 30
9 45 21
0 89 28
22 25 77
2 87 27
82 66 16
15 10 78
54 85 4
1 49 27
20 86 21
12 44 12
70 82 93
53 23 2
33 6 0
95 12 96
75 13 17
20 26 19
50 73 6
76 95 14
10 94 1
8 46 22
9 16 4
79 5 12
82 6 42
64 7 26
103 7 8
82 13 90
75 11 13
23 13 84
27 44 26
7 65 18
47 95 73
46 51 73
99 6 69
91 8 64
57 77 25
31 25 20
59 34 12
26 35 61
6 70 17
48 58 15
12 12 103
53 92 13
55 39 23
102 12 43
92 18 21
90 90 67
36 83 83
33 1 88
62 24 6
49 71 60
36 5 102
86 4 76
35 18 27
10 58 20
5 23 2
100 17 16
1 11 6
54 61 1
83 18 37
43 29 8
46 82 91
18 82 28
56 98 35
50 3 16
83 56 92
79 67 24
51 92 35
39 70 2
76 88 94
79 1 13
18 65 10
79 66 7
18 66 76
5 57 78
43 5 8
103 75 76
7 4 90
88 92 76
102 0 1
18 61 68
86 28 18
55 55 69
20 7 44
65 1 27
11 49 101
33 35 14
16 47 95
4 38 86
40 9 17
67 5 91
73 72 27
97 15 76
8 18 89
91 10 15
36 74 8
79 12 11
55 35 88
50 72 31
21 14 20
3 10 36
28 97 92
19 19 63
57 63 54
58 14 31
21 0 91
2 44 77
15 96 1
83 22 10
0 11 18
86 1 91
76 91 3
103 22 1
4 73 16
72 48 45
14 19 11
9 35 0
17 0 85
54 76 51
5 23 53
64 103 80
41 65 20
19 63 52
100 94 31
36 19 14
18 70 1
15 51 79
47 61 9
76 80 74
20 23 48
50 3 68
91 18 7
19 67 104
14 23 73
50 68 81
55 74 16
63 50 90
19 1 18
53 66 40
22 17 44
75 82 55
6 17 80
18 76 42
18 75 94
4 87 27
19 19 14
35 103 98
71 36 16
67 72 19
2 103 16
86 98 76
25 13 75
89 32 104
93 54 4
53 47 93
25 88 99
9 15 38
98 68 33
4 57 5
66 31 6
73 21 98
37 92 51
89 70 11
97 38 28
78 0 28
41 10 103
12 23 50
47 32 18
87 67 99
4 76 46
27 47 19
10 63 66
102 12 88
100 0 49
48 21 75
36 71 87
11 8 20
26 8 91
21 85 12
88 56 78
102 28 49
26 90 14
62 22 17
27 7 46
85 34 30
74 73 38
7 0 69
68 84 31
15 70 29
87 62 21
59 75 73
101 30 75
89 78 53
99 29 11
1 5 34
64 1 3
6 20 16
89 101 23
59 9 100
71 7 64
23 49 15
61 4 18
38 50 87
77 1 70
100 7 9
62 64 88
1 4 92
11 73 77
16 11 38
48 77 29
81 72 8
37 23 47
87 15 29
49 28 53
97 49 53
18 35 92
22 58 15
63 28 61
48 33 65
85 93 30
23 23 64
43 99 33
13 16 2
99 81 29
23 7 85
21 33 93
58 88 47
45 91 43
40 1 62
50 62 26
1 46 63
73 48 102
61 63 55
23 1 20
6 48 31
44 83 94
25 8 3
84 51 88
12 80 21
33 1 64
55 38 33
44 50 36
0 54 91
65 36 63
101 83 15
7 33 22
71 2 4
70 33 16
49 29 69
26 21 73
8 11 1
28 6 77
10 19 2
85 33 53
55 95 28
61 70 10
9 68 11
83 8 79
40 46 33
93 74 3
40 48 4
44 7 15
53 44 17
22 15 35
18 1 85
85 94 37
76 103 10
15 12 102
79 97 26
0 17 37
14 2 4
18 27 19
75 23 77
86 74 11
51 37 39
4 65 23
64 12 62
21 3 49
101 34 20
12 5 3
14 4 8
1 2 7
19 77 28
23 15 79
16 70 19
103 5 6
15 66 35
25 90 23
51 29 26
20 17 78
44 17 81
70 53 21
2 100 89
21 99 41
75 23 91
15 74 23
90 82 52
8 23 11
61 21 20
79 36 18
76 104 13
82 88 10
10 88 74
17 18 63
28 7 77
10 9 64
19 49 39
72 24 45
52 11 94
5 71 29
16 17 23
52 84 63
94 81 71
89 95 11
18 85 24
78 32 73
7 53 30
2 65 83
89 96 92
12 80 81
26 7 21
6 35 23
59 39 11
18 27 0
98 72 4
22 7 57
44 90 89
45 103 32
88 69 10
33 60 94
19 16 73
15 49 63
18 12 100
54 98 102
78 94 1
12 87 11
20 41 15
18 104 13
11 82 8
22 17 21
64 16 50
72 24 67
68 13 9
22 81 8
65 46 17
26 42 19
25 17 9
11 59 63
102 47 18
37 101 4
9 74 31
99 9 103
52 33 96
7 5 44
75 78 43
1 18 11
3 28 52
54 28 47
45 16 71
10 100 72
42 19 80
50 20 19
99 23 20
13 102 62
28 5 34
15 4 95
85 22 16
68 35 20
0 87 22
82 100 40
56 19 47
7 6 8
22 2 103
4 6 18
73 14 8
57 23 101
71 22 31
39 17 30
45 47 73
7 5 20
59 33 41
77 12 4
103 16 42
21 91 6
1 4 16
18 23 63
11 71 87
29 15 30
14 50 97
23 25 43
77 61 83
8 74 21
34 101 40
95 91 66
36 6 9
63 25 88
40 32 34
11 31 81
100 62 15
28 38 20
14 22 35
28 4 7
5 57 9
103 79 0
0 64 82
12 18 3
10 22 37
17 5 17
42 16 29
38 13 15
0 38 17
43 13 66
72 99 40
41 3 47
1 12 98
3 12 23
2 100 33
99 104 7
79 62 53
30 26 31
19 90 73
19 36 92
73 56 76
93 36 20
86 12 35
56 18 79
2 0 89
61 1 9
93 67 14
23 72 16
8 17 32
24 9 8
17 56 46
6 90 51
100 0 40
2 61 92
88 18 17
18 82 79
10 20 65
0 17 15
23 68 97
47 14 83
47 91 30
2 73 21
46 53 2
22 17 78
99 51 85
81 101 19
94 61 52
22 28 16
68 8 82
5 70 19
22 11 78
49 97 67
91 21 73
4 14 34
29 84 0
2 28 68
63 63 42
17 22 88
0 104 65
90 89 51
44 43 10
13 3 92
47 30 37
88 47 1
84 70 43
34 75 3
27 29 6
60 43 42
11 20 102
81 83 2
62 85 33
44 4 17
39 57 68
20 12 64
71 97 45
89 17 49
15 46 22
42 34 96
47 85 71
12 2 1
4 14 20
103 58 31
19 5 67
2 66 88
9 11 19
103 101 37
60 38 87
1 90 0
72 60 58
12 3 9
3 79 9
56 50 23
22 6 99
39 59 8
56 88 41
91 81 88
68 25 94
91 11 0
21 100 13
87 97 44
6 1 45
19 23 36
60 11 56
11 36 23
2 31 14
16 23 17
60 29 6
45 68 91
87 95 72
48 10 33
103 36 78
31 74 2
15 14 97
72 45 50
93 10 55
9 45 51
76 95 18
13 28 16
17 46 3
11 70 19
91 99 86
101 14 61
4 51 56
99 92 30
47 39 76
45 54 65
71 8 24
52 76 76
103 93 50
94 23 43
66 12 12
17 38 24
7 30 30
0 23 12
69 12 16
11 65 16
20 88 70
79 8 59
17 75 49
16 67 78
57 65 23
89 7 1
24 32 17
44 38 11
67 17 17
77 76 94
66 87 54
16 78 48
22 6 48
16 17 102
40 0 39
70 29 18
12 8 47
17 5 35
99 20 54
22 42 87
6 91 15
0 4 60
26 26 102
15 37 77
1 20 60
72 68 6
47 64 20
7 57 104
75 23 50
83 69 58
8 92 80
88 17 26
80 74 3
15 73 86
20 62 103
13 1 17
87 51 10
69 13 73
19 12 96
103 64 63
64 9 40
25 24 13
16 0 9
45 73 15
76 101 24
7 69 31
8 103 19
54 29 85
85 51 97
18 43 59
12 94 23
8 99 3
73 21 29
39 78 88
32 66 55
82 50 59
12 18 14
4 63 86
71 13 97
35 19 72
90 22 23
15 65 76
13 24 70
90 30 75
16 14 97
22 100 17
34 59 27
99 54 57
76 66 18
13 39 37
4 1 18
85 65 11
36 14 3
15 5 70
11 8 66
41 12 29
87 46 99
102 89 55
67 26 5
11 22 19
39 5 47
58 55 1
44 48 15
81 41 91
64 53 45
61 11 44
14 60 66
89 32 90
31 6 42
104 17 62
5 32 77
83 44 26
31 7 29
49 100 9
7 57 14
38 72 9
54 77 26
81 0 53
53 93 74
38 20 2
15 74 8
34 10 53
7 12 62
5 30 8
97 46 69
53 100 14
46 56 28
22 0 32
9 61 98
51 73 5
47 56 17
78 32 90
33 11 7
20 68 7
68 18 53
85 65 0
89 21 100
39 10 50
21 96 67
88 74 101
42 25 14
95 10 79
81 0 84
69 68 52
30 22 17
18 81 95
25 15 51
90 33 5
38 20 54
65 56 25
37 13 103
46 18 70
61 44 18
1 21 10
19 72 52
9 22 70
50 28 77
35 40 55
83 31 25
49 101 75
19 59 104
16 67 49
88 54 56
17 104 19
50 39 2
17 14 77
73 17 14
34 67 68
25 33 19
16 83 68
94 12 18
61 84 40
9 70 4
10 35 11
22 42 71
99 12 2
48 30 54
73 97 19
82 54 94
3 35 37
65 90 103
43 30 84
5 3 25
58 31 24
97 44 2
51 23 54
7 78 70
20 21 36
39 44 56
60 41 93
78 83 20
5 48 37
54 41 56
45 3 49
57 57 5
9 34 34
90 101 84
23 88 52
24 70 71
40 71 46
10 0 87
53 12 60
9 98 81
41 39 42
75 69 15
3 42 10
7 2 56
8 20 10
14 15 21
63 8 50
90 6 64
2 63 78
13 82 58
22 87 49
57 2 94
52 25 23
91 19 17
82 3 12
27 13 11
27 62 55
5 67 59
19 74 22
59 77 52
7 14 21
27 73 65
20 34 16
45 3 54
15 39 6
15 103 60
68 66 88
71 20 15
56 65 3
62 8 45
10 79 39
1 13 46
9 98 45
20 66 17
49 48 95
8 65 2
34 49 30
22 59 35
64 0 23
19 26 79
30 53 84
30 19 20
25 16 90
5 40 68
18 15 39
62 82 38
0 19 87
38 28 11
8 9 18
20 22 43
10 14 42
102 32 40
62 95 2
59 67 17
10 26 49
79 81 28
51 70 103
25 84 61
37 63 17
4 92 19
50 72 1
9 71 70
18 67 69
38 0 80
91 20 18
22 21 63
12 36 47
102 66 50
17 70 10
60 21 102
37 33 33
60 17 9
34 3 103
10 28 85
89 0 92
31 11 58
104 3 58
90 40 12
82 3 20
94 102 2
65 49 22
89 53 7
5 94 1
55 16 102
15 14 0
86 15 85
11 31 56
30 88 14
11 62 21
20 11 31
20 5 0
104 90 71
90 19 87
1 62 69
67 66 26
22 94 79
7 9 88
23 10 0
27 2 21
98 35 65
35 96 52
45 85 11
14 95 63
104 6 12
5 28 22
28 22 6
40 32 44
9 68 4
16 6 104
22 28 103
40 4 12
99 23 14
87 78 10
16 93 82
57 31 53
84 22 93
13 72 99
95 104 42
73 21 101
3 91 100
78 9 1
49 4 80
45 54 72
89 77 29
18 39 73
6 74 61
28 6 11
15 17 34
86 46 66
16 8 97
4 32 93
25 34 18
71 64 86
34 24 24
61 56 50
13 70 77
3 12 77
31 34 22
97 35 99
52 83 98
85 101 92
15 47 51
30 10 3
96 19 0
12 3 91
71 15 67
2 16 8
45 3 36
74 1 88
53 65 35
82 59 57
26 68 88
40 25 102
81 4 92
2 82 6
31 86 82
90 96 45
50 25 95
32 18 17
66 22 74
22 48 1
4 80 78
69 27 82
8 58 61
63 26 92
52 60 89
84 63 43
75 13 12
18 26 39
42 4 35
26 21 75
14 19 99
51 89 52
0 24 50
12 98 101
71 87 16
5 7 13
22 43 44
40 89 29
71 80 19
42 5 89
65 29 25
1 22 2
62 65 50
30 15 11
19 51 6
68 14 68
6 56 19
71 4 51
26 81 10
35 8 22
48 87 57
67 0 43
12 104 16
69 70 94
14 81 16
6 48 42
3 1 20
18 44 31
15 0 42
23 59 40
8 10 51
16 90 5
20 102 2
2 49 29
31 95 3
79 13 2
84 5 10
20 23 2
69 45 1
68 103 12
49 44 77
40 20 23
14 60 14
82 48 11
4 18 63
28 29 87
77 100 93
102 14 84
48 31 66
83 9 41
80 100 0
25 54 20
75 23 44
21 60 23
13 0 22
27 67 93
58 33 41
72 16 67
33 10 53
97 60 79
46 58 28
64 57 23
83 9 2
40 7 26
56 59 22
88 15 57
62 29 0
19 74 100
87 53 48
35 93 13
1 17 15
65 21 78
83 89 73
13 72 54
20 51 76
2 5 18
19 5 56
1 45 15
17 3 24
88 0 50
20 9 89
25 83 62
40 30 6
11 86 46
16 5 18
21 22 8
1 24 3
100 47 43
16 86 104
9 95 103
65 60 16
40 38 101
69 34 6
65 30 10
19 21 20
36 0 21
18 1 67
77 9 14
8 54 8
12 52 17
81 62 94
4 98 15
19 98 1
79 31 94
38 49 40
2 3 73
16 36 83
5 30 51
68 21 13
58 84 67
21 40 23
35 20 27
16 3 40
33 71 63
85 72 83
58 8 2
2 8 17
3 16 9
96 10 100
60 31 11
75 70 38
47 55 6
64 23 86
1 47 0
101 93 98
9 15 12
35 95 60
9 50 29
13 87 19
8 1 35
97 63 32
21 23 40
10 1 48
11 19 87
1 3 64
6 27 61
8 57 34
67 33 17
21 101 31
69 30 36
4 52 17
90 15 95
100 73 30
5 24 37
56 16 42
12 2 54
69 30 86
84 58 68
4 73 29
9 42 91
103 45 55
0 103 44
19 22 45
36 36 93
43 19 52
36 31 32
86 23 8
1 14 26
11 22 50
45 44 12
16 10 45
37 49 30
59 22 24
14 73 8
64 89 8
73 5 11
49 51 98
88 3 75
96 7 31
18 20 79
101 45 3
31 8 103
20 72 14
91 6 64
78 4 44
79 1 33
92 73 57
16 49 98
40 2 85
24 11 3
102 76 95
20 22 16
23 23 96
92 31 16
93 11 0
51 6 4
79 12 101
35 75 64
1 104 4
0 7 59
8 86 53
30 91 71
80 99 82
38 78 103
6 6 76
100 65 19
20 81 55
66 92 12
84 81 73
8 50 84
20 1 17
53 31 27
104 101 20
21 36 66
34 61 63
60 60 0
11 18 46
33 12 100
2 2 19
76 16 61
71 41 20
90 40 23
41 35 99
10 8 22
19 75 4
13 104 7
16 58 37
51 44 21
68 86 24
12 3 71
64 12 16
62 22 88
48 60 73
7 66 76
103 17 10
33 55 83
99 64 37
73 92 33
52 65 1
62 36 60
64 34 93
73 8 8
71 92 16
42 103 8
6 12 0
100 76 49
87 50 13
66 21 28
98 10 11
90 73 7
73 88 27
46 40 23
1 100 8
86 67 77
73 40 78
46 1 77
12 96 95
8 41 21
44 31 30
62 23 44
49 30 18
22 3 16
32 15 66
77 104 22
81 95 44
81 10 91
20 78 34
15 22 74
19 65 2
11 63 68
94 6 87
9 69 89
83 30 34
10 23 50
56 61 53
7 39 11
23 88 80
31 52 16
34 44 54
99 5 6
6 77 5
77 90 23
13 48 52
51 66 102
49 76 18
71 21 19
0 20 104
100 31 21
71 72 17
58 102 94
89 87 19
89 68 0
51 51 46
97 3 16
18 66 23
12 89 96
66 30 52
11 60 61
20 4 13
9 99 5
60 101 17
20 51 11
2 58 87
69 10 81
72 15 12
15 19 13
9 9 16
54 12 32
86 6 1
50 74 35
96 4 20
9 82 82
1 66 1
15 69 6
56 74 39
103 63 62
17 30 9
36 90 58
56 37 3
79 1 77
94 12 98
69 60 80
3 94 20
91 3 1
46 95 86
11 16 83
18 20 27
6 5 36
46 13 62
15 60 101
6 37 87
5 2 53
20 72 93
82 55 22
83 7 94
61 64 25
0 99 70
85 27 82
2 76 92
18 41 92
92 13 85
20 10 19
80 80 14
51 35 58
19 21 25
29 8 102
102 73 94
10 7 20
11 17 5
47 0 10
103 75 40
4 61 85
84 82 21
36 98 57
72 79 15
85 12 87
26 83 76
78 70 27
46 40 0
12 57 39
12 79 16
94 75 19
70 6 39
14 92 43
100 65 18
29 7 20
18 54 18
93 19 22
101 9 74
13 101 17
37 44 25
32 42 26
71 61 19
14 31 97
85 10 23
33 62 79
36 73 54
39 40 25
1 66 77
34 10 37
92 1 9
21 17 84
6 7 67
6 8 48
40 37 56
13 39 71
17 78 59
100 98 45
36 63 18
30 103 76
76 2 7
21 22 85
19 50 53
73 16 98
90 80 83
38 7 13
42 27 11
96 83 53
82 87 16
60 22 9
17 26 17
12 101 59
67 70 7
8 12 36
17 104 52
45 45 60
88 28 96
20 57 1
23 82 90
9 4 6
13 37 101
65 19 28
77 72 22
94 6 79
71 23 37
85 5 14
45 2 10
60 100 78
101 80 28
42 44 23
91 46 57
56 50 6
95 95 11
16 21 76
28 1 21
27 29 14
9 54 16
57 25 104
6 11 49
91 13 87
56 61 27
70 20 25
19 22 6
84 17 58
99 33 11
9 17 101
84 84 8
45 34 7
23 32 7
65 5 10
102 15 70
23 60 87
87 23 18
9 96 34
26 103 82
8 60 3
23 35 91
56 12 28
0 25 96
16 96 69
61 58 60
75 102 5
45 43 8
93 37 23
10 11 14
15 38 80
88 22 2
22 28 97
52 39 68
96 55 26
61 13 52
102 58 81
21 58 68
52 104 44
87 28 53
68 14 91
76 36 21
3 78 65
51 54 5
6 13 21
24 21 56
1 32 96
13 95 57
81 50 10
39 1 36
5 7 76
55 52 10
78 41 16
42 3 16
71 29 12
61 1 58
13 61 2
66 22 52
73 4 66
17 1 19
92 7 48
18 4 19
15 12 30
64 104 49
91 42 29
86 61 26
16 9 24
11 79 0
13 4 10
38 103 94
37 73 86
75 20 65
13 22 37
18 82 100
95 16 84
13 36 79
48 27 5
2 3 32
8 87 2
17 44 12
20 16 18
15 72 80
14 87 68
53 31 68
9 63 62
21 10 11
75 44 54
3 0 15
72 7 35
4 76 1
23 8 44
80 57 43
16 42 5
20 99 15
35 43 54
102 78 15
77 20 22
95 22 39
75 3 89
81 62 4
21 39 35
48 8 102
39 4 68
4 59 89
92 67 9
3 12 100
76 39 1
58 3 15
45 93 83
74 19 93
61 17 91
61 1 10
59 95 103
48 18 16
71 3 79
60 7 63
2 75 0
43 30 82
28 18 9
26 69 101
68 51 60
36 102 84
65 82 59
67 9 12
100 104 94
95 36 97
62 23 22
34 31 43
10 20 21
48 2 34
63 96 68
21 47 57
84 9 12
29 93 27
82 25 39
21 13 2
53 61 47
80 11 9
68 0 45
14 78 45
19 80 60
13 11 5
25 34 77
75 89 54
70 25 4
61 98 34
2 14 18
64 81 13
27 7 24
2 40 8
79 17 99
41 5 4
2 20 90
5 15 103
1 10 61
5 19 77
1 15 9
89 77 13
40 84 5
77 69 7
2 18 60
15 18 45
1 34 8
81 9 79
5 93 22
84 31 1
24 59 1
11 5 77
19 18 6
64 95 74
12 33 14
63 13 86
39 93 83
6 0 82
34 79 70
92 89 104
98 13 13
12 20 97
4 48 2
37 52 28
46 65 15
101 20 29
1 4 58
39 36 69
91 13 20
22 77 12
12 26 27
6 4 11
56 22 103
15 21 4
27 0 95
20 96 13
65 40 84
89 9 12
92 18 27
66 14 95
70 70 57
20 68 20
14 38 91
3 36 27
16 40 28
86 96 17
80 91 68
88 23 0
5 28 8
5 12 5
39 97 7
23 5 89
51 21 59
1 20 12
47 65 8
5 3 52
7 50 45
54 104 49
26 27 92
61 102 30
7 101 23
35 12 3
61 0 18
21 21 7
7 95 5
94 17 59
