14 56 68 58 66 66
48 13 5 2 20 36
38 9 71 45 61 20
45 7 46 71 31 3
1 41 25 14 24 21
3 2 54 1 36 34
9 15 14 55 22 66
35 30 42 53 37 68
50 72 52 9 8 30
51 46 58 33 5 8
35 38 4 67 55 70
29 36 20 39 32 59
65 13 23 32 14 10
40 42 39 52 20 18
0 64 65 32 40 8
56 45 72 71 61 44
36 43 28 18 2 29
6 72 14 49 6 33
41 55 9 1 42 71
7 35 59 47 52 59
59 26 33 19 51 19
31 11 60 28 21 30
71 59 3 29 52 54
24 57 4 53 32 13
41 68 14 8 47 61
42 47 5 64 4 21
24 69 31 22 63 33
15 16 54 41 8 13
4 11 45 5 3 61
23 53 2 8 67 19
11 72 14 19 7 59
28 56 50 50 31 34
0 67 35 47 33 32
21 3 70 21 44 68
35 41 39 26 31 26
37 35 30 1 26 28
44 3 54 64 72 47
53 56 21 67 71 24
3 19 38 54 66 72
57 72 35 21 51 26
11 34 58 73 11 35
26 35 59 5 34 13
63 27 43 30 1 37
69 51 41 33 53 17
4 11 50 4 64 24
11 7 27 56 49 45
37 23 6 55 48 40
14 50 25 8 4 24
50 25 28 40 13 4
56 48 57 66 60 38
66 23 24 19 2 26
1 32 8 62 3 0
37 53 3 67 55 43
45 30 33 20 29 47
3 31 62 14 68 37
60 24 8 52 1 36
24 47 62 59 49 45
43 1 30 61 18 56
27 64 10 5 0 40
49 28 32 17 25 57
50 2 45 50 13 4
37 44 70 68 63 44
63 71 57 6 71 41
51 6 60 2 52 13
60 68 7 8 4 10
40 15 4 30 65 57
35 71 6 26 23 15
70 73 54 35 18 63
67 3 43 55 4 56
68 53 11 46 71 63
60 30 45 37 64 60
6 1 54 70 20 33
33 12 55 40 66 64
27 8 50 41 17 37
72 72 53 51 60 20
53 40 50 28 29 25
22 65 22 48 10 2
18 0 57 3 23 27
37 24 6 42 39 44
37 55 20 0 18 24
40 46 19 11 66 54
15 4 45 52 12 27
45 60 29 28 61 72
22 51 29 14 51 24
60 73 35 13 73 57
42 11 10 49 13 51
71 17 51 26 49 7
52 11 13 8 17 42
50 67 37 3 34 15
28 5 41 64 39 57
41 72 28 26 62 27
53 73 17 28 61 55
10 16 68 48 26 63
34 31 27 29 67 73
58 20 24 48 65 67
23 55 44 37 60 34
65 67 16 0 21 28
49 13 35 55 8 67
21 1 27 23 26 39
58 70 52 11 48 58
30 31 72 51 12 15
70 27 11 11 13 24
5 20 71 40 32 58
53 17 36 26 28 13
29 73 33 29 19 53
23 8 13 38 18 19
11 17 28 65 0 38
36 23 70 42 1 72
25 59 9 0 50 12
57 62 53 35 34 13
4 49 53 43 62 51
10 65 22 47 15 28
63 40 10 62 69 27
13 53 39 62 51 0
69 0 61 29 46 60
55 0 57 46 5 55
61 59 22 58 48 19
7 30 5 21 33 10
1 4 43 56 6 64
39 0 14 58 19 41
1 24 24 39 16 9
47 51 22 16 23 30
73 55 22 31 41 72
36 19 50 39 7 30
4 64 10 1 53 35
29 10 61 28 5 32
11 56 44 66 38 73
4 53 0 50 55 5
38 59 14 36 47 65
26 53 40 36 48 23
4 5 21 17 66 15
48 4 19 36 22 20
62 6 32 3 15 20
36 27 21 13 14 51
20 56 15 67 27 68
17 4 41 67 29 60
59 60 15 9 20 60
2 1 54 11 42 40
35 24 54 21 42 49
49 1 17 24 15 68
39 46 29 59 19 15
33 63 2 64 52 0
26 10 42 62 59 17
20 11 46 22 45 6
71 6 3 39 72 49
3 10 41 12 61 55
26 28 35 13 71 5
53 19 51 50 26 39
39 35 29 9 64 33
29 45 32 46 57 8
35 9 36 2 55 11
54 70 38 30 54 0
8 2 39 4 62 30
25 45 6 71 39 46
58 7 43 24 55 16
40 7 59 65 54 61
21 42 53 25 14 43
40 40 28 19 16 28
31 51 28 20 57 42
35 42 59 12 16 14
27 54 16 31 54 40
54 63 7 18 70 36
1 2 48 31 56 52
63 35 66 32 68 16
28 11 13 57 8 56
71 7 47 64 7 60
55 59 0 47 15 44
67 34 73 68 27 57
49 28 63 40 67 8
39 33 57 59 50 4
39 45 44 30 22 31
40 19 42 59 60 20
73 40 1 4 51 50
54 53 64 54 72 39
46 58 73 73 49 32
16 33 28 22 14 33
61 12 65 25 45 36
17 72 14 20 20 13
64 51 56 5 42 21
52 43 1 40 25 59
19 72 4 39 5 49
57 26 61 4 23 1
4 29 5 35 32 26
4 15 61 53 19 43
60 37 37 3 30 22
28 39 19 46 14 37
70 50 44 37 42 22
21 42 6 8 39 62
39 59 8 60 9 34
37 11 68 29 56 23
69 56 61 70 36 3
2 35 53 50 48 30
47 16 50 40 34 8
17 23 14 12 72 36
31 58 20 33 14 35
44 52 3 72 23 64
49 48 46 37 47 53
3 63 4 43 29 50
49 32 67 23 32 1
28 44 48 42 29 45
2 60 8 51 63 65
51 63 30 45 73 55
73 24 25 58 31 25
30 59 40 25 69 16
26 1 12 21 50 9
65 9 24 22 31 35
73 56 63 9 20 47
46 41 46 55 16 56
7 43 3 13 28 40
51 44 43 43 66 28
29 9 57 4 47 13
62 60 6 11 49 19
69 6 14 11 36 42
12 69 62 45 11 1
10 0 60 49 9 20
61 53 48 8 51 24
15 63 28 9 11 41
14 46 59 45 32 28
28 64 25 50 31 37
51 52 35 17 30 57
71 52 27 58 27 25
29 59 25 57 1 22
25 21 72 19 70 23
62 31 29 69 47 29
41 8 47 31 17 57
72 16 34 37 56 7
68 33 3 2 26 50
26 49 37 14 64 21
29 31 55 67 24 58
28 38 45 15 21 52
11 60 7 62 2 70
3 24 4 42 22 71
39 24 52 18 7 27
13 6 1 63 48 39
42 66 8 46 27 34
28 56 23 57 42 5
52 19 2 57 18 64
23 30 21 27 39 38
35 70 63 19 0 31
45 40 53 11 32 10
22 64 43 59 41 19
48 39 7 39 2 29
55 32 47 61 10 39
29 58 43 36 27 51
28 67 45 23 16 51
17 8 25 14 50 63
64 43 58 62 10 52
32 47 61 47 47 67
14 2 5 25 64 1
71 14 57 16 11 64
18 29 7 24 27 39
50 35 45 18 13 0
71 59 19 16 57 50
24 35 35 17 66 13
33 10 61 8 37 48
12 26 33 27 53 15
60 46 54 49 12 43
15 26 62 54 14 25
38 36 28 3 41 46
12 18 10 7 64 22
20 50 30 1 37 25
28 65 44 30 65 29
4 46 52 68 65 50
32 42 59 55 20 49
70 46 49 50 42 61
52 51 58 7 0 66
15 34 6 62 8 43
0 5 19 46 28 23
72 10 21 38 42 73
31 24 28 49 31 52
47 30 31 53 32 26
3 36 57 10 63 14
61 62 26 16 42 72
58 59 34 30 27 46
48 55 10 44 35 54
16 34 13 73 71 7
40 7 48 21 18 38
12 8 48 35 25 10
65 8 46 42 21 48
22 66 40 32 23 41
38 57 68 22 7 61
53 0 10 4 24 37
61 16 55 38 0 19
59 48 39 56 33 49
41 40 37 48 53 34
28 9 54 72 45 45
8 69 40 30 5 41
11 25 10 38 57 31
55 37 67 55 9 8
42 7 6 6 56 4
33 49 70 60 61 31
70 34 51 21 19 70
63 1 26 52 28 66
69 61 37 27 21 4
20 51 23 29 53 5
3 12 3 11 60 41
0 61 73 20 27 58
43 24 7 64 26 73
27 60 30 29 32 10
37 12 33 20 70 6
73 51 49 18 41 43
53 40 35 48 47 51
38 47 6 45 15 29
6 31 19 50 8 22
52 58 2 12 56 2
24 27 9 26 35 5
3 49 23 13 23 57
42 58 48 24 21 62
48 20 24 27 26 43
30 9 24 39 26 20
61 14 12 55 13 50
44 20 4 59 31 49
15 41 14 42 19 7
67 44 13 53 24 23
57 61 30 65 43 27
7 47 12 46 13 38
35 72 9 60 58 59
22 60 32 24 70 48
41 42 3 29 12 60
17 67 13 13 45 69
44 11 30 21 22 35
56 42 49 14 43 52
32 40 44 40 33 52
1 41 73 25 53 22
62 26 56 44 55 69
48 72 58 5 4 66
16 17 18 13 39 39
69 27 6 56 15 69
2 33 26 45 53 7
12 68 67 38 42 31
26 40 58 21 56 22
24 46 70 7 47 49
7 70 33 2 20 21
34 26 28 61 52 52
35 66 55 50 37 9
9 13 49 17 54 62
23 9 64 12 8 56
6 38 21 60 55 11
15 0 17 40 24 61
35 18 69 36 30 1
51 35 5 71 19 72
32 53 67 11 46 32
5 18 29 60 61 52
40 20 0 68 48 2
49 30 26 44 58 23
46 22 24 67 47 53
33 21 66 16 35 32
7 34 27 33 29 27
26 70 1 42 28 9
2 14 54 59 28 14
15 11 37 30 46 56
29 21 32 56 2 55
46 19 11 32 47 25
34 47 53 1 12 35
34 4 42 68 21 17
52 29 65 59 0 29
61 37 37 24 59 34
36 57 38 67 39 8
1 26 68 9 18 51
63 52 25 62 12 59
59 13 4 23 39 51
49 10 5 13 40 12
17 68 8 57 46 31
11 11 16 26 57 51
49 27 17 50 63 18
37 61 51 11 10 9
4 28 62 32 45 1
46 20 56 15 40 9
49 4 34 67 45 53
47 50 2 58 51 20
66 54 15 8 59 62
26 59 17 29 38 17
20 31 51 29 18 16
54 6 0 61 5 54
4 3 37 69 30 54
20 58 49 15 54 22
19 12 44 45 43 38
58 6 68 29 39 7
39 28 58 48 69 22
20 49 4 25 9 0
30 46 45 21 48 44
61 69 56 42 24 50
37 10 15 34 6 45
64 13 4 57 31 24
4 55 59 66 14 48
29 55 46 34 7 61
70 33 21 69 19 55
26 0 32 20 58 1
44 17 60 10 42 15
32 52 56 22 64 4
11 27 15 15 69 24
28 36 57 39 2 40
23 0 46 10 30 3
12 54 44 1 59 47
25 30 55 61 68 33
29 26 10 18 42 68
7 63 51 30 25 10
7 14 47 13 11 34
62 66 28 41 42 10
22 62 42 1 25 12
51 57 24 34 23 43
63 60 39 59 29 66
17 44 70 27 6 53
54 45 51 34 57 48
17 24 14 67 36 73
36 44 20 63 5 66
43 57 37 60 0 47
20 9 66 61 11 14
26 56 46 17 40 69
3 19 58 23 37 70
41 31 27 41 53 22
23 21 36 46 6 11
13 38 0 32 53 51
61 28 1 48 18 52
13 46 10 18 32 6
0 24 48 2 21 39
59 11 57 48 70 43
45 54 6 32 46 37
68 30 56 63 43 55
25 3 15 21 9 17
67 57 6 53 0 20
44 56 44 23 2 27
20 54 18 10 16 72
25 9 19 54 54 24
13 36 61 25 3 24
5 18 41 14 15 9
19 40 19 57 24 35
64 45 43 48 3 45
10 4 65 61 26 10
45 70 25 2 27 6
6 70 40 66 55 50
59 63 2 21 29 20
19 47 40 37 73 22
6 0 73 21 47 68
70 69 0 57 51 5
68 29 2 46 15 56
69 36 0 23 50 57
44 0 55 27 11 5
32 16 44 0 21 67
21 36 73 50 36 28
37 16 18 54 69 17
30 18 0 51 5 53
25 15 2 13 50 33
52 25 55 43 62 25
34 39 9 16 22 31
17 10 66 43 51 14
38 3 15 8 24 54
65 6 39 53 26 13
72 62 54 2 69 4
35 68 4 64 21 42
4 5 63 5 3 7
32 41 36 28 28 13
33 55 40 53 43 55
7 39 17 56 60 44
17 30 42 61 22 20
49 30 39 49 49 16
17 5 29 5 64 70
27 72 57 59 40 32
44 66 31 12 25 21
2 12 1 43 49 69
53 24 61 53 32 11
52 55 52 9 50 61
51 35 35 26 3 1
42 43 7 13 40 6
69 15 13 67 40 68
5 62 18 38 36 25
4 42 60 29 14 48
66 58 11 51 31 44
40 62 22 19 15 0
11 4 34 56 11 61
18 30 2 70 8 60
23 18 34 16 47 52
28 27 66 58 14 47
30 46 40 73 24 28
4 50 58 73 37 21
7 70 32 41 15 48
13 54 55 67 16 42
42 66 36 65 22 70
67 11 32 2 50 14
69 0 32 50 46 37
70 69 19 3 55 55
62 54 29 14 14 53
1 50 15 10 39 40
25 53 12 33 56 36
65 0 64 24 8 46
8 16 48 22 66 3
15 43 0 52 41 9
17 27 72 72 4 44
17 51 55 1 58 70
54 52 48 49 22 43
22 2 46 43 37 31
13 43 6 4 14 59
41 43 54 38 21 52
26 57 41 53 18 55
15 5 44 35 45 24
59 48 19 55 35 33
25 28 49 0 48 57
59 51 14 67 8 47
53 13 12 43 1 53
59 55 38 34 23 22
62 36 11 8 55 22
56 20 32 37 19 54
62 22 55 49 69 41
36 66 20 56 61 42
13 64 47 23 44 12
22 22 61 73 10 41
52 26 22 50 18 51
27 6 33 18 73 72
30 36 36 55 72 57
11 47 49 3 43 46
30 42 30 26 16 48
47 22 54 41 59 8
32 69 55 17 46 36
60 70 37 41 50 47
68 28 44 29 30 51
26 3 29 38 43 31
34 0 53 20 41 28
59 1 44 41 51 31
65 21 35 13 17 58
49 59 36 7 15 20
24 30 59 67 54 24
25 61 64 26 30 21
58 22 54 59 46 19
72 63 33 49 31 50
30 5 10 25 56 71
10 36 62 4 72 3
4 7 66 68 48 54
14 17 60 25 41 16
17 48 59 61 61 52
53 2 31 20 51 35
16 67 17 62 13 34
11 28 28 56 15 58
43 51 63 17 63 70
51 28 12 62 57 51
52 49 69 52 59 71
40 13 32 54 52 55
17 35 1 29 56 21
14 32 53 22 13 63
36 63 43 12 5 7
34 33 19 41 22 35
1 42 9 45 63 72
43 58 26 24 50 20
43 65 10 34 38 37
46 46 25 62 41 14
55 29 26 0 13 1
68 49 44 22 67 54
6 69 10 65 2 42
0 26 34 46 69 44
42 28 58 65 64 37
14 67 61 5 57 30
42 9 3 24 48 72
52 51 0 45 39 1
45 14 9 36 8 1
52 20 38 53 36 32
25 32 66 16 17 50
12 35 72 0 3 3
50 14 21 33 35 57
34 37 22 24 55 15
12 16 14 58 60 0
61 73 0 66 56 33
7 30 22 5 34 46
67 12 36 61 38 41
59 29 72 36 49 43
15 2 52 10 25 59
11 31 34 28 20 66
35 23 27 71 40 0
59 16 4 52 39 11
3 26 56 49 61 34
14 2 15 24 4 40
35 63 48 9 44 55
23 49 42 28 46 72
15 51 38 6 19 5
50 50 21 56 5 7
58 28 35 18 55 41
28 61 38 49 13 61
14 41 45 12 54 70
70 39 55 67 57 47
48 42 70 14 32 1
57 70 46 18 40 26
29 48 0 15 45 35
44 72 0 5 64 64
24 59 5 36 65 23
14 7 56 67 53 51
7 3 49 7 17 50
69 44 45 26 72 5
39 29 68 8 47 25
63 39 18 45 43 61
1 5 37 29 19 15
40 14 36 38 34 52
0 49 19 5 46 19
51 61 3 35 69 64
71 17 57 13 58 16
62 3 69 15 24 1
43 59 49 39 21 57
53 2 16 43 62 3
0 5 48 63 43 73
7 32 50 36 14 26
34 2 25 64 66 1
36 25 26 23 27 20
62 68 58 37 30 40
62 39 26 34 68 19
61 9 73 10 72 56
65 59 42 66 62 52
73 68 22 17 40 22
50 18 57 20 19 42
38 63 41 27 47 70
9 59 37 61 6 5
61 53 50 48 49 61
61 25 11 33 18 18
4 61 7 52 54 24
29 2 5 48 25 64
7 6 5 4 17 69
17 48 34 62 38 41
11 55 50 8 2 38
14 45 56 45 27 24
33 26 1 27 59 14
36 38 60 61 57 6
33 51 21 44 69 53
51 23 36 72 8 12
60 53 24 25 38 5
1 26 73 43 1 48
67 41 36 42 13 27
27 37 47 2 41 72
23 27 32 8 54 28
71 57 49 4 41 67
34 65 43 7 20 41
32 44 18 30 29 38
31 34 52 15 50 44
8 73 4 48 22 56
14 62 29 43 34 70
18 21 66 41 5 14
52 55 60 26 72 68
24 15 28 3 67 42
32 16 12 10 42 1
55 29 39 57 9 40
42 28 54 9 66 60
72 41 2 17 32 73
52 66 51 9 49 46
67 22 56 21 8 8
66 58 24 6 20 8
12 0 25 33 8 3
61 33 10 28 73 14
38 11 10 5 12 33
64 45 3 16 12 54
33 16 38 5 0 43
34 15 52 26 46 38
68 12 44 7 35 42
69 61 6 61 20 6
4 65 50 32 12 11
56 49 27 40 51 54
25 7 7 44 2 8
52 24 29 37 48 11
24 25 54 11 10 51
24 36 28 68 48 16
51 36 53 60 46 54
1 52 68 3 19 70
5 30 66 13 69 21
6 28 0 26 12 13
37 48 73 53 4 21
25 59 66 59 11 47
26 31 47 30 28 54
41 15 49 30 51 27
33 30 42 33 58 59
51 20 38 28 56 56
72 20 47 6 59 67
38 53 11 63 46 20
66 34 24 53 22 55
51 30 64 26 49 20
18 28 17 33 23 57
39 51 44 34 70 66
20 40 22 60 25 64
44 28 37 5 46 45
21 50 31 38 22 62
4 13 42 0 33 50
42 17 63 26 9 58
30 31 1 34 25 24
67 67 14 25 37 22
43 4 32 23 28 12
39 11 49 5 69 21
29 16 69 38 46 73
0 60 13 11 31 9
5 5 54 40 39 44
24 60 2 30 60 43
32 13 63 16 53 9
14 48 11 42 23 58
43 18 55 25 33 58
22 48 47 22 60 7
6 31 4 24 48 20
43 73 30 24 22 16
66 44 21 14 10 13
56 1 53 2 27 57
27 61 46 62 20 55
10 12 44 42 57 36
57 1 0 30 67 17
21 69 73 48 1 18
26 21 47 6 13 39
0 26 58 16 40 17
43 57 8 62 49 67
10 45 54 40 12 50
2 1 54 28 41 50
18 67 28 62 42 20
14 14 13 54 4 71
38 37 9 24 6 59
18 3 69 1 40 52
59 8 73 10 2 17
27 12 54 15 42 34
58 28 39 28 27 2
25 59 59 58 56 24
29 31 12 55 27 27
68 10 61 20 65 69
16 5 21 73 19 28
12 31 20 53 23 47
60 8 55 68 59 26
43 21 68 25 13 64
9 59 26 67 43 3
30 48 73 47 13 46
14 32 19 54 8 59
18 64 36 16 47 0
47 37 18 68 38 24
30 28 64 55 9 25
37 38 19 32 19 12
32 32 10 47 35 35
35 60 16 64 2 39
55 28 63 19 39 28
9 44 73 19 67 41
37 48 20 27 10 32
64 64 59 29 30 18
63 52 55 23 59 36
45 10 36 57 49 7
50 58 0 1 36 28
42 40 29 63 51 57
25 0 48 57 34 73
40 7 64 32 13 62
11 58 12 0 23 26
16 26 28 73 60 1
34 14 61 17 5 53
59 73 11 50 0 52
26 30 45 38 53 71
55 34 59 44 12 31
50 33 56 40 59 67
47 18 70 46 63 56
73 36 0 70 28 8
24 51 49 29 10 57
62 45 70 9 35 15
38 15 21 15 73 54
55 64 73 25 49 23
22 58 21 6 35 40
2 68 33 21 2 27
56 54 5 8 8 44
17 14 52 8 6 37
55 71 9 73 51 44
6 14 51 9 45 38
16 23 56 21 44 1
1 41 53 49 46 15
4 4 28 0 30 16
10 28 50 68 69 34
45 38 17 55 48 64
29 60 37 45 0 66
60 10 59 0 45 36
69 34 1 63 72 5
0 23 61 8 2 52
52 34 58 25 29 32
25 43 5 23 54 12
13 50 24 30 35 7
8 0 34 49 41 28
25 43 61 73 13 61
47 32 7 40 38 52
60 70 56 25 41 59
42 4 34 33 6 25
26 43 66 19 71 61
18 71 41 38 50 8
43 49 13 51 36 25
51 0 34 28 30 66
18 5 68 22 40 1
32 44 22 41 46 58
73 65 34 33 27 32
37 44 21 67 19 28
51 13 34 49 45 29
51 9 47 12 33 53
26 33 15 12 61 18
49 31 47 62 10 6
35 36 2 32 24 49
70 51 40 30 25 65
60 13 26 44 69 43
25 20 60 9 28 8
62 73 64 49 68 54
10 45 12 31 29 1
72 29 56 60 42 4
61 51 3 73 40 25
33 11 39 23 51 15
55 67 23 58 61 42
70 19 5 59 3 18
40 0 2 17 54 28
54 2 28 21 37 60
52 31 15 36 51 12
33 70 27 35 61 20
56 3 35 50 5 13
33 35 51 40 64 21
32 50 49 8 34 41
18 65 54 22 0 32
20 55 8 4 51 7
4 36 38 61 29 12
15 30 2 56 68 27
67 18 37 31 0 64
54 34 11 8 15 55
52 37 36 66 3 24
61 7 5 58 20 49
70 19 13 23 68 40
31 21 59 54 36 71
30 4 2 33 30 48
22 28 53 17 46 15
51 44 8 41 67 10
65 26 7 21 64 55
60 36 66 64 57 61
21 19 26 39 49 48
30 56 58 44 19 54
38 60 3 24 38 44
31 53 61 69 26 57
54 55 5 22 42 9
1 60 45 39 29 24
53 46 57 14 30 39
61 5 26 53 19 64
27 66 33 50 46 70
6 64 73 54 48 15
36 19 4 54 18 14
19 70 35 34 64 55
45 26 2 26 56 12
69 62 68 44 9 9
29 27 6 55 46 34
39 39 2 18 26 14
73 8 39 2 48 53
55 11 2 41 14 61
45 68 8 21 3 35
2 54 34 30 59 0
1 3 70 3 70 35
45 4 46 68 26 7
26 56 39 44 21 63
38 0 70 45 12 48
46 72 4 53 67 72
13 32 28 58 28 8
51 3 2 16 53 41
56 29 73 7 36 17
48 18 7 50 65 12
31 41 1 24 2 38
27 10 31 58 29 53
68 62 53 16 10 21
17 69 3 58 14 29
15 10 58 24 65 6
33 7 32 59 59 63
4 43 47 50 20 72
48 12 30 22 44 28
55 14 23 3 20 24
14 10 24 33 29 2
56 12 25 14 39 58
49 34 60 47 8 54
39 16 60 45 31 27
57 66 9 2 19 40
45 60 1 22 48 9
23 66 28 8 2 69
28 11 31 52 52 24
50 17 55 50 13 58
16 6 1 50 30 43
9 51 30 70 57 29
64 41 12 25 11 46
4 19 40 42 27 52
63 57 61 6 55 56
53 65 39 10 4 10
15 17 1 12 7 6
55 27 62 58 72 49
56 19 59 37 54 3
6 43 10 61 46 34
46 50 67 50 9 61
47 46 38 8 31 5
17 14 34 5 58 72
51 50 60 58 22 48
43 51 32 7 39 1
6 10 52 46 35 38
23 44 37 73 37 6
51 19 72 24 65 3
14 53 32 73 62 31
12 36 17 67 65 61
25 21 13 70 11 2
37 49 55 34 38 57
66 46 35 11 32 31
21 37 15 42 50 2
51 21 18 36 39 23
10 15 15 50 62 4
11 73 69 38 34 62
14 60 60 28 51 17
15 54 10 19 20 10
11 27 2 36 57 53
17 5 48 28 33 40
2 54 72 37 11 28
7 27 65 35 64 47
41 50 51 45 21 9
42 49 28 49 18 23
0 40 30 52 35 7
0 39 41 19 3 24
71 64 31 63 12 41
20 30 29 21 39 6
45 19 32 51 35 7
27 44 13 15 45 52
60 6 3 14 60 51
30 60 60 6 46 39
56 7 21 5 50 22
24 44 25 29 68 32
65 59 46 31 6 55
32 36 69 62 7 70
0 52 4 15 0 47
11 50 53 5 26 4
30 29 22 60 8 50
3 11 36 58 13 40
12 59 47 2 72 26
70 60 17 49 67 27
19 65 10 30 30 33
54 1 61 64 13 26
60 39 22 59 35 32
23 8 29 20 15 41
23 44 39 27 65 12
1 43 36 2 70 18
24 42 34 41 36 35
18 0 44 44 61 43
36 6 41 40 48 17
10 44 72 42 30 67
2 35 31 63 10 31
50 37 42 32 21 64
36 36 7 30 60 27
58 59 19 61 55 49
10 6 15 31 55 39
63 52 9 65 36 61
0 6 52 50 58 30
60 33 29 50 58 0
37 46 46 29 61 58
70 44 72 50 32 34
25 46 29 19 27 34
51 63 17 17 35 25
32 35 41 62 14 36
57 2 44 26 42 35
39 55 33 14 27 36
49 5 17 41 11 5
23 35 48 24 31 41
7 24 50 41 61 57
65 71 14 54 47 13
3 0 6 4 47 16
26 3 40 56 55 13
16 26 37 64 56 58
53 3 7 23 42 17
15 19 0 49 59 61
48 26 67 19 26 7
8 9 27 3 10 17
62 68 31 45 4 35
54 36 42 1 28 48
17 67 70 41 53 41
73 6 51 43 44 14
45 5 13 13 43 24
22 44 41 24 72 12
8 42 64 60 6 36
10 64 48 33 12 73
44 15 69 48 24 9
63 60 4 11 34 10
50 45 36 4 0 19
50 54 49 71 54 37
69 7 32 71 67 24
2 41 8 46 16 32
30 53 12 5 4 5
13 5 12 7 24 65
9 23 17 27 72 35
69 42 17 51 31 62
16 27 26 39 43 8
42 25 69 15 5 61
54 43 24 5 22 56
60 17 6 58 53 29
56 24 58 63 20 23
41 72 42 3 10 1
24 27 61 0 45 71
28 28 5 56 28 40
46 8 41 44 27 43
56 54 34 73 62 2
35 9 12 46 42 5
55 53 42 15 31 69
5 49 60 73 6 15
10 2 50 73 51 3
22 42 4 13 16 32
54 68 56 40 61 44
60 16 28 50 40 35
2 20 58 70 27 57
61 17 66 44 33 35
47 24 47 60 24 5
10 42 51 70 40 30
2 21 1 52 63 49
73 46 71 35 4 9
1 45 36 42 64 43
35 55 44 60 38 6
59 41 25 2 9 18
54 46 30 52 70 32
42 54 51 70 1 4
59 64 10 72 39 50
35 37 59 24 67 43
8 28 48 57 45 45
53 64 24 65 61 52
67 4 4 19 40 49
48 34 24 71 33 43
67 0 2 4 49 21
46 56 65 71 54 55
51 44 33 68 22 3
24 35 11 71 30 39
50 17 58 41 34 65
37 39 1 29 58 58
25 38 49 60 71 18
47 22 73 12 29 25
19 58 52 6 47 47
56 54 69 24 41 18
1 50 27 2 33 39
68 72 53 15 28 24
7 32 38 2 19 24
4 68 20 27 57 52
27 11 16 3 48 41
64 33 25 30 59 40
26 65 21 60 12 67
51 25 17 2 46 3
25 28 16 37 72 34
40 35 27 59 16 73
60 33 5 9 57 14
18 17 19 29 47 7
60 8 9 31 62 57
15 52 21 32 45 43
54 56 38 65 15 33
58 43 1 18 36 1
32 27 12 7 28 52
12 5 18 38 28 65
58 46 17 21 46 22
54 54 49 32 28 7
14 31 49 23 34 27
4 72 9 20 11 13
35 7 67 50 13 15
4 41 45 4 36 54
61 50 32 46 27 31
3 25 27 71 49 56
43 9 22 45 68 59
27 66 18 47 47 37
69 0 29 68 2 30
34 2 23 21 3 25
52 21 19 38 62 27
36 0 6 11 29 64
26 72 16 29 1 56
3 64 8 34 31 38
5 52 73 1 49 60
21 2 7 69 11 32
1 48 10 61 60 24
23 3 36 20 73 20
32 29 48 28 29 49
50 24 40 65 8 7
39 0 71 41 14 69
17 54 71 47 31 62
4 57 32 27 66 10
49 38 65 60 8 54
59 20 16 36 47 66
50 17 47 12 8 65
14 11 29 11 60 13
56 44 39 56 0 50
28 16 12 21 34 64
27 49 3 62 29 20
57 59 57 17 48 34
4 32 38 28 4 10
20 48 49 1 38 55
67 38 8 44 13 26
47 47 32 36 4 12
31 10 31 57 1 27
7 27 69 47 27 72
34 68 59 38 33 29
21 18 47 23 66 23
45 17 49 71 32 1
38 17 25 37 20 14
26 57 48 24 40 6
4 35 30 61 15 68
30 41 5 61 47 13
29 47 9 4 70 36
33 33 8 61 21 55
55 7 53 10 50 16
56 3 56 23 30 40
36 7 45 15 4 73
60 17 40 2 40 56
45 11 31 22 63 24
54 65 15 58 12 39
62 3 12 28 53 43
22 10 22 62 31 62
50 41 16 44 54 47
69 53 23 39 14 34
39 46 44 7 48 11
11 48 28 55 64 52
62 31 12 8 24 36
11 55 41 2 40 65
28 52 64 63 39 35
38 9 42 21 30 31
9 18 12 47 36 68
59 35 45 69 8 37
59 46 34 52 8 5
20 26 58 55 71 40
1 34 10 60 62 11
69 53 71 46 18 61
28 73 57 50 51 38
37 56 52 30 56 2
8 19 35 34 5 4
21 30 26 15 5 36
46 72 70 0 44 43
7 47 41 12 17 23
31 22 20 5 52 9
35 18 68 5 47 16
36 17 58 43 29 51
40 57 2 13 63 50
64 69 49 54 9 44
68 21 34 54 23 4
69 71 24 26 46 57
38 39 25 37 46 19
23 52 14 36 10 61
52 66 47 2 48 9
3 4 44 35 24 14
6 21 37 0 26 60
15 38 63 14 23 19
2 54 70 58 40 31
21 55 27 41 63 8
53 36 53 71 47 31
26 59 53 29 23 69
21 4 57 34 31 9
25 42 66 34 12 32
10 14 4 2 54 35
61 36 63 22 17 19
69 65 24 8 23 32
51 66 47 53 13 19
37 64 52 10 65 5
59 6 19 49 61 60
10 7 29 14 59 4
16 51 55 55 26 28
4 11 1 13 1 40
41 59 0 21 59 22
56 46 19 41 40 64
19 27 40 11 32 13
9 71 30 29 21 31
46 43 36 3 3 68
48 0 49 2 19 56
58 59 41 0 69 46
33 0 47 19 57 19
23 41 22 2 22 43
63 22 15 44 66 40
22 20 4 30 60 57
43 47 7 37 18 47
14 53 40 17 69 21
28 25 10 38 14 42
55 5 63 61 56 14
39 43 46 48 18 37
22 14 32 20 54 15
42 50 53 41 1 17
46 20 28 58 57 67
16 11 63 4 46 36
59 68 26 71 4 28
23 52 17 39 60 10
19 57 28 8 9 41
55 47 52 49 46 70
42 10 0 21 2 43
39 47 13 48 0 40
6 57 51 53 65 73
65 48 20 31 22 0
13 60 52 13 24 1
13 73 15 33 53 25
31 12 54 61 59 9
3 52 25 43 22 39
45 11 19 40 50 58
0 52 67 11 12 16
8 2 4 10 54 17
21 54 19 65 49 59
43 25 30 68 26 17
32 3 56 1 11 53
61 33 50 3 21 50
44 59 29 41 16 7
66 51 40 63 32 65
55 10 66 43 38 25
14 51 40 36 63 34
22 42 55 40 18 13
14 45 5 36 5 18
10 21 19 51 25 65
34 42 10 49 44 36
38 21 54 46 0 10
36 57 41 46 73 29
54 54 22 17 30 22
11 60 22 13 42 1
13 49 31 43 20 45
3 28 72 20 30 15
36 24 57 43 9 33
46 54 46 27 73 30
14 32 8 55 0 40
42 0 59 57 44 31
59 5 21 19 28 5
27 67 9 11 29 28
12 49 12 14 19 1
17 36 10 32 52 32
65 24 43 62 16 52
33 15 56 2 22 69
41 25 45 26 11 24
23 23 39 47 53 18
73 37 40 12 60 20
0 24 7 50 70 46
37 20 72 55 29 63
57 15 54 24 18 45
53 1 31 20 23 63
26 24 35 4 20 27
41 42 27 59 44 53
51 63 1 23 38 27
26 61 67 50 35 35
49 36 44 44 26 53
52 22 34 59 55 51
17 10 16 2 24 43
10 20 66 53 67 18
50 49 13 17 21 10
27 5 0 58 43 49
41 34 16 28 12 55
4 5 52 34 3 30
37 14 21 1 8 32
6 32 39 50 10 63
49 47 21 0 18 43
20 73 54 44 54 51
71 11 13 1 25 1
42 63 33 28 53 70
67 48 18 52 55 49
60 52 52 5 56 3
33 0 6 7 30 72
32 56 22 54 31 34
45 44 9 39 57 37
38 54 21 71 55 46
19 30 27 25 13 39
56 43 50 8 5 43
41 51 5 33 51 5
32 17 65 6 35 4
64 58 63 27 61 27
56 72 41 34 42 26
35 1 12 53 21 28
41 25 68 10 7 18
47 5 42 69 50 60
44 51 12 49 29 41
4 31 57 40 29 2
68 23 16 10 14 31
58 61 36 40 56 57
28 28 64 10 15 40
51 40 45 32 39 0
51 52 1 58 19 13
51 16 48 3 15 4
9 45 0 19 63 53
71 27 9 52 32 62
54 36 3 51 52 59
36 5 51 22 16 52
10 61 20 2 52 55
39 50 19 6 36 53
38 68 21 57 60 26
50 29 63 40 14 49
60 25 1 47 45 45
67 26 19 18 31 21
65 60 5 66 65 15
58 29 46 38 59 8
5 23 23 3 58 12
20 19 14 27 29 42
31 40 1 58 28 68
30 60 56 53 66 31
54 14 30 31 11 12
33 15 28 46 4 47
45 48 1 69 1 61
25 18 53 22 19 4
60 5 13 12 32 4
17 10 1 45 34 5
58 46 37 37 8 36
57 10 67 51 64 13
35 16 46 67 38 56
7 22 3 20 42 27
19 7 2 40 73 60
21 40 4 35 12 50
67 35 40 60 51 29
57 70 11 7 71 54
14 11 53 58 60 33
49 19 45 10 27 7
62 56 27 71 4 73
43 38 31 18 42 23
40 32 20 20 37 61
57 68 11 49 16 18
16 1 2 54 51 48
11 19 53 18 52 59
7 68 8 35 35 10
57 31 26 20 4 53
55 44 59 41 4 69
16 43 21 58 55 54
72 5 34 24 47 20
18 44 4 32 51 42
35 58 28 44 48 24
37 16 29 10 38 19
29 30 46 4 42 64
25 65 0 59 45 0
29 37 39 60 44 0
28 3 43 29 54 43
46 19 6 58 56 54
18 16 47 34 55 58
65 14 55 58 59 4
67 26 20 40 10 45
32 6 29 49 35 8
61 10 7 5 35 56
50 55 5 21 19 71
5 24 45 48 10 68
22 20 1 38 2 49
4 13 47 33 29 49
68 21 14 54 22 12
63 14 55 41 27 61
21 48 67 7 10 58
65 51 28 45 43 18
60 3 48 4 39 21
58 8 49 8 56 12
48 3 59 3 69 44
68 53 12 21 37 10
8 33 58 3 35 57
34 29 42 35 73 12
68 10 4 4 36 46
53 48 64 72 52 42
10 38 45 54 63 44
45 67 70 43 41 9
3 0 45 25 10 39
34 14 30 44 5 14
42 14 54 43 73 52
4 20 11 23 43 53
22 0 39 32 31 52
56 17 27 31 52 45
24 51 14 62 1 26
44 39 23 45 58 46
57 9 22 63 52 19
47 1 66 18 8 8
63 44 25 30 31 2
11 28 62 4 2 49
69 35 46 1 19 66
45 43 54 66 28 19
63 59 50 58 34 24
31 10 0 36 30 53
40 40 10 34 42 36
41 30 21 9 2 31
30 4 27 50 52 70
54 46 27 29 73 6
56 11 12 7 19 5
22 1 20 26 8 73
23 2 64 50 4 16
18 59 21 70 63 31
53 58 41 41 0 9
31 32 42 57 33 11
72 40 70 18 62 50
58 4 14 29 59 45
38 47 31 12 55 65
2 43 67 46 67 17
24 26 4 6 51 7
41 29 10 19 44 60
4 39 46 9 64 25
61 3 2 45 27 42
55 70 45 37 34 18
51 27 19 43 63 53
41 16 43 72 48 36
36 57 51 12 73 19
59 11 6 61 67 5
56 27 69 5 57 63
40 63 11 42 24 34
61 56 44 60 3 60
33 40 4 66 9 55
41 10 65 5 46 5
24 8 18 53 23 9
17 61 44 1 31 60
51 60 61 52 10 39
36 41 14 12 54 33
49 16 26 46 72 10
15 14 0 51 22 42
45 35 35 64 25 11
17 26 39 11 28 13
73 20 42 21 32 22
45 34 57 44 39 5
32 63 40 49 69 34
47 56 23 38 28 69
51 68 9 73 6 52
44 61 62 42 5 26
21 17 47 73 69 61
20 43 14 64 29 28
63 28 17 24 31 62
56 36 56 57 37 46
32 37 32 2 7 59
30 25 1 72 29 59
25 1 60 15 39 68
25 55 40 34 16 19
3 14 1 30 54 3
39 5 36 21 49 34
19 8 66 4 44 40
33 6 42 6 15 9
53 64 20 2 11 32
61 40 7 55 41 6
55 49 48 30 60 36
2 0 4 60 4 32
53 22 32 43 39 7
39 7 33 6 62 24
52 29 17 13 28 58
24 49 73 9 64 60
5 9 3 50 48 57
65 43 32 29 28 11
32 13 42 6 51 37
18 66 51 50 20 6
1 28 56 58 12 33
7 44 55 31 10 31
73 30 36 31 14 47
27 14 50 52 9 48
66 31 27 33 52 60
19 58 39 41 10 19
21 47 59 7 17 5
51 37 13 14 28 44
37 11 8 38 32 23
27 65 51 59 3 0
45 20 12 15 61 37
68 51 54 1 8 35
21 71 1 59 7 37
20 52 55 8 70 21
44 61 10 15 48 61
21 24 25 39 16 70
44 62 51 3 46 68
44 25 9 55 60 35
46 44 52 3 32 12
57 16 52 33 22 48
9 5 60 52 53 30
34 46 57 23 14 70
71 67 24 24 28 29
65 57 56 19 48 21
34 27 10 52 62 37
66 16 70 12 49 41
61 35 54 50 1 0
59 15 3 3 18 28
57 42 49 31 21 63
22 16 7 32 16 40
51 52 10 36 25 47
42 31 1 28 41 50
46 57 30 30 54 64
29 9 37 47 20 27
47 42 22 70 50 28
13 34 35 70 24 16
47 60 66 33 7 40
29 69 4 21 71 16
11 54 9 9 50 8
68 61 55 54 26 7
47 2 3 71 14 15
56 40 43 9 54 39
44 0 73 32 14 40
73 38 63 14 9 34
26 16 4 39 53 66
43 38 15 40 33 27
52 15 59 66 48 7
32 15 64 14 2 16
27 66 38 63 29 2
32 17 22 9 41 18
62 11 0 66 38 2
0 49 8 33 32 69
48 36 54 38 61 21
38 17 59 53 3 3
52 44 25 71 34 16
50 9 44 10 42 54
5 44 33 10 43 11
50 27 65 40 52 52
57 0 6 37 51 16
25 8 19 31 9 18
56 33 25 53 35 69
28 45 6 9 22 72
23 7 15 6 20 62
21 46 54 17 23 17
49 55 59 52 70 37
56 47 8 12 9 49
61 11 50 65 33 72
11 34 52 59 0 55
7 39 53 37 49 37
49 54 8 4 40 46
27 33 48 9 38 22
42 29 0 27 2 38
7 51 43 40 15 33
16 7 8 33 37 52
46 71 18 58 62 1
32 18 20 12 3 6
61 42 70 14 56 1
29 71 52 2 43 36
53 50 61 31 24 3
31 62 20 73 2 52
68 61 16 36 23 6
72 30 54 4 62 20
17 50 2 32 27 69
0 6 57 0 35 69
14 34 24 42 49 64
44 10 52 71 39 18
45 53 64 69 6 2
72 34 58 3 6 42
30 65 18 10 23 35
10 13 26 50 71 7
30 18 31 43 39 49
65 11 0 11 23 13
56 7 60 24 34 13
72 71 61 49 6 59
28 17 21 22 18 41
40 10 39 35 27 12
18 51 16 48 2 39
72 61 11 45 41 64
57 8 72 25 70 9
19 5 53 69 42 26
7 2 8 36 32 29
34 26 12 70 13 56
47 35 38 18 72 39
59 32 43 48 24 41
50 57 68 2 59 34
59 2 60 52 65 26
4 57 10 12 63 49
71 60 50 34 48 53
3 38 5 57 11 66
36 60 4 31 55 5
55 24 73 0 0 16
45 36 10 27 3 43
44 0 73 57 5 8
26 56 29 29 22 5
50 31 73 62 20 46
60 52 15 1 35 57
40 14 32 47 39 60
11 72 0 30 58 40
40 31 63 35 48 54
34 48 28 30 59 32
48 42 14 49 53 1
14 5 23 46 61 55
36 61 54 14 52 39
61 24 23 9 33 70
35 23 7 61 64 24
44 13 13 30 66 51
29 63 43 15 14 43
57 6 27 8 4 9
6 23 39 19 26 30
36 42 45 39 29 70
69 33 49 7 16 9
21 21 5 34 72 41
26 0 0 1 6 31
51 2 27 27 37 36
8 22 17 25 26 63
32 47 3 2 41 71
41 48 8 41 63 34
33 37 37 71 49 4
43 20 59 12 40 44
9 51 1 35 51 1
25 35 15 5 9 13
40 24 3 58 47 16
64 45 23 35 24 51
24 51 4 20 50 42
20 56 9 31 47 14
3 44 48 29 50 31
2 47 61 53 12 23
6 38 68 27 51 62
72 12 8 15 51 13
9 62 55 8 31 26
21 58 43 47 61 14
41 67 4 36 16 5
15 13 65 68 18 31
14 19 29 36 21 21
21 18 54 21 64 69
61 47 16 0 22 19
32 54 47 62 60 25
31 48 63 46 42 23
5 18 43 20 9 33
46 26 8 48 43 23
6 34 20 61 5 60
44 5 3 58 49 45
61 45 68 47 54 22
19 70 45 11 25 40
45 52 38 50 35 51
16 64 42 23 35 0
5 13 4 4 26 35
42 51 15 37 51 45
62 21 4 71 55 34
32 15 21 31 73 73
42 2 10 32 46 24
24 59 17 39 28 47
46 51 61 32 36 51
51 70 40 73 66 1
69 69 66 41 45 0
7 66 14 26 27 14
21 45 56 25 72 27
8 46 73 61 49 6
18 4 34 17 31 7
2 25 68 36 3 44
23 19 23 53 58 25
26 70 38 43 14 67
69 51 5 17 62 9
61 59 39 10 49 18
41 30 57 34 70 27
56 5 22 17 40 17
13 51 37 60 8 61
52 52 12 61 12 21
41 27 57 65 59 2
8 50 6 6 41 6
11 63 57 8 28 27
18 69 38 37 36 60
54 19 37 67 34 42
58 69 56 20 59 43
19 9 53 56 8 55
59 58 42 30 18 23
50 59 2 65 13 30
47 12 18 19 1 24
36 45 53 61 42 18
26 8 7 71 18 17
61 9 64 17 23 1
32 43 1 64 29 61
48 32 52 65 13 57
64 44 46 31 42 39
30 3 31 8 62 50
54 12 52 9 60 73
24 28 0 29 60 8
30 21 1 61 50 19
59 3 29 60 12 5
40 4 70 58 15 48
49 4 42 24 18 22
45 18 16 50 5 3
67 10 29 21 53 12
47 73 57 55 38 27
28 10 29 72 51 33
17 42 39 3 53 15
63 1 13 27 17 70
21 4 33 32 47 49
54 69 73 4 36 31
50 18 37 3 37 36
4 11 33 6 72 45
16 7 44 38 67 13
47 16 7 10 36 29
51 66 54 0 47 42
46 15 43 57 14 62
72 52 21 39 40 38
12 50 52 8 53 47
11 7 72 21 44 71
48 40 13 55 55 0
62 21 12 65 50 48
35 31 21 49 51 23
7 22 15 65 73 26
12 20 42 47 55 59
35 10 14 42 45 37
7 61 2 0 35 11
20 65 60 22 3 0
22 30 57 31 50 51
53 37 67 23 23 51
20 59 50 17 29 16
48 60 1 38 8 28
17 62 4 45 35 42
14 45 49 28 29 56
9 2 1 6 72 12
7 59 0 49 6 14
42 34 38 37 26 47
71 18 34 42 25 7
36 41 55 7 63 6
68 20 67 66 23 7
46 48 1 15 43 60
17 6 53 56 2 54
56 32 32 13 46 1
9 26 22 50 6 68
57 55 31 36 58 6
22 23 7 23 67 20
2 31 43 30 9 2
28 37 67 73 50 63
4 44 55 63 8 27
40 61 59 29 46 71
55 34 23 52 19 39
5 26 43 23 21 27
18 16 53 15 45 28
50 16 73 67 16 16
32 20 12 70 14 51
69 0 69 66 70 49
72 55 39 18 46 54
47 16 20 60 50 12
70 52 15 55 70 25
15 45 55 10 9 4
18 20 6 20 47 68
2 12 13 35 70 23
46 45 2 3 14 45
47 48 23 34 5 28
14 63 18 42 43 24
29 5 19 4 63 32
8 53 61 33 1 40
33 46 54 64 32 18
63 22 68 64 56 39
8 72 69 30 73 4
59 16 11 33 53 35
11 37 42 18 30 36
40 48 21 41 22 59
53 32 37 3 32 33
45 28 58 60 40 28
44 43 28 18 8 38
51 10 25 1 18 63
61 40 52 18 51 53
31 50 18 35 36 54
23 47 49 15 72 8
56 18 34 47 72 39
24 73 0 49 20 59
65 51 16 25 40 58
56 27 71 37 59 36
8 20 59 56 34 64
69 72 48 19 30 37
4 7 59 21 61 44
71 53 43 25 11 63
62 36 38 51 39 28
36 34 64 45 27 54
63 56 54 36 44 8
68 65 52 18 27 13
25 60 21 17 56 8
19 53 69 14 49 50
11 49 71 73 25 50
48 55 7 48 56 41
14 11 36 25 60 2
52 34 33 17 44 19
23 44 25 24 58 5
7 33 0 2 20 56
56 28 72 61 3 45
45 29 49 10 45 68
49 39 22 46 45 0
34 24 57 44 29 64
9 12 46 18 20 21
55 27 48 44 69 53
32 20 20 46 2 35
40 41 21 37 67 48
20 30 2 33 54 49
28 54 15 19 51 12
26 67 58 6 43 13
71 10 22 2 71 64
10 12 34 54 46 71
35 1 71 23 55 63
23 15 38 42 29 17
49 48 30 10 60 14
22 41 65 6 18 18
33 47 6 61 38 6
42 67 22 36 50 72
32 18 56 68 29 33
44 17 72 0 9 26
49 65 35 41 50 48
40 49 51 19 30 37
23 22 23 47 10 44
55 40 72 29 56 17
52 52 27 22 67 0
34 39 45 41 30 35
22 28 19 40 63 15
38 8 49 14 41 68
38 63 31 72 40 25
8 29 21 16 27 23
7 0 61 18 57 13
68 44 25 16 12 17
10 51 59 16 62 70
16 69 14 32 50 63
12 13 46 42 12 42
31 56 29 42 58 10
72 47 13 5 3 69
11 12 44 20 59 8
64 35 28 44 56 44
34 8 45 34 61 30
39 27 49 8 0 4
56 4 24 14 39 15
36 37 60 55 20 14
13 71 22 28 73 59
49 22 30 5 37 21
2 25 28 47 69 39
19 26 45 16 40 58
18 41 23 28 22 43
16 64 1 15 27 50
50 26 70 44 20 46
16 32 30 38 33 9
21 53 8 37 47 11
69 7 4 49 36 16
66 66 24 10 0 44
67 51 2 2 29 17
10 45 70 35 69 34
30 44 18 38 45 60
27 26 42 41 50 51
22 17 9 16 7 55
39 65 36 56 30 29
35 49 58 7 11 18
25 14 33 67 3 37
3 62 3 18 0 40
16 53 25 13 17 72
17 10 24 21 45 5
25 70 21 50 10 12
16 23 6 20 10 20
26 31 60 70 65 50
2 35 44 24 61 43
5 34 25 29 15 44
59 12 15 50 24 28
11 0 2 39 37 23
57 0 20 53 26 38
41 21 56 14 51 11
0 52 58 3 66 44
69 51 72 42 19 53
49 42 35 0 67 49
53 12 2 56 16 57
48 28 2 45 40 73
69 4 25 4 57 23
32 3 16 14 15 5
36 54 71 41 5 68
28 66 50 63 27 45
31 69 17 12 3 47
60 29 73 52 48 48
73 0 12 25 29 13
44 60 21 43 71 0
34 50 71 68 64 16
13 2 50 33 35 31
11 23 32 7 18 20
40 73 24 59 40 52
44 37 33 51 53 1
14 37 15 19 34 0
11 38 49 39 66 4
40 9 66 33 53 21
22 28 2 6 59 11
7 66 45 67 62 33
71 66 13 69 49 15
59 71 14 14 16 52
66 50 29 9 27 7
70 40 59 31 32 37
46 4 55 21 20 5
27 21 38 9 59 43
61 49 29 20 2 40
48 60 31 25 9 38
18 62 5 29 9 11
28 60 38 17 44 55
11 70 68 3 36 1
31 11 9 54 63 1
43 40 23 38 27 51
9 6 72 59 42 39
73 14 49 32 40 52
69 34 51 60 43 44
53 22 24 35 63 1
28 35 59 43 20 18
35 39 68 34 50 63
2 51 4 43 38 31
17 33 25 35 12 30
13 48 65 7 71 37
37 32 48 41 63 6
32 33 2 13 56 17
52 63 4 25 1 40
5 2 12 37 45 0
21 26 25 31 44 63
20 63 70 2 42 63
26 26 29 0 15 27
9 69 46 30 44 60
20 67 63 2 37 68
31 15 40 17 18 54
36 56 72 36 28 44
64 56 12 5 43 68
1 51 68 30 24 57
39 53 30 48 65 51
28 2 47 41 7 45
66 43 60 59 42 65
7 65 73 40 66 5
28 36 47 6 16 38
28 19 27 8 6 52
5 69 8 67 30 64
34 43 65 66 51 32
20 26 18 18 45 16
33 52 52 27 5 62
52 12 14 11 14 9
30 12 17 14 61 46
16 46 49 19 66 61
13 34 61 36 43 56
40 58 49 7 64 36
57 43 16 30 59 55
2 22 45 42 55 27
24 62 51 50 55 1
0 18 9 5 32 11
1 18 27 36 52 45
35 30 39 59 12 58
50 58 9 49 5 40
8 14 40 57 70 24
32 33 4 45 45 3
52 45 33 62 47 43
35 3 15 28 64 57
20 37 24 24 21 71
73 60 42 13 1 28
38 60 58 0 14 67
23 9 28 10 53 11
32 44 64 15 9 58
21 47 60 19 25 61
6 20 51 35 6 16
9 49 19 45 56 22
9 31 17 18 60 35
43 66 1 6 15 58
17 36 22 24 58 4
61 21 46 54 42 14
32 7 29 37 54 32
53 9 12 53 29 52
16 53 66 18 73 34
17 49 41 9 9 53
64 18 27 28 53 38
14 36 47 69 55 59
48 29 67 27 50 59
36 23 73 42 38 57
14 56 11 31 48 56
61 20 31 24 3 10
55 56 51 43 40 23
64 18 57 24 23 46
49 38 22 49 3 16
11 26 58 18 58 52
13 35 39 23 26 29
2 30 0 14 50 6
10 34 72 3 2 35
47 24 10 49 8 21
28 15 60 41 30 31
66 66 33 64 56 1
18 27 59 28 46 47
24 71 25 12 1 55
38 52 29 2 24 65
56 59 28 71 59 2
58 28 60 43 52 10
63 63 61 59 43 54
13 33 4 19 30 45
55 16 73 64 24 56
61 70 2 29 19 42
2 16 67 4 69 61
43 20 49 63 13 3
43 34 4 47 68 15
24 19 52 68 36 38
55 50 65 24 52 26
32 33 2 12 62 15
33 71 64 39 72 10
72 53 49 12 1 3
20 15 19 24 48 54
24 62 68 12 17 45
0 23 31 18 19 63
26 69 12 37 11 47
49 35 10 63 4 3
32 69 40 1 57 11
73 28 7 50 28 11
18 41 5 29 60 20
68 41 40 51 48 9
2 36 29 55 45 54
9 35 59 0 17 23
3 47 11 12 24 0
27 22 51 64 53 69
17 19 38 67 32 70
40 26 57 10 4 58
42 30 64 56 38 40
33 15 33 65 15 21
5 28 29 37 2 16
25 67 59 61 8 8
69 59 5 37 35 30
63 41 8 55 39 46
10 31 0 56 15 6
59 0 25 22 35 19
14 18 23 69 45 34
26 50 18 0 13 46
5 59 38 46 1 26
59 7 10 3 9 61
7 39 52 15 4 15
47 49 46 40 43 59
1 50 34 2 5 68
42 64 38 16 24 27
58 63 28 42 33 30
40 20 32 28 24 9
7 25 29 29 37 59
37 8 42 39 38 42
14 8 7 32 40 73
57 57 50 6 59 6
12 18 34 47 71 37
58 49 55 23 51 36
69 41 46 59 9 7
42 49 60 55 2 46
35 3 22 58 7 30
32 44 3 26 34 58
48 34 70 64 54 59
56 70 61 12 0 70
12 38 29 1 73 37
55 21 70 24 32 24
63 11 65 38 40 51
18 47 72 31 50 45
0 8 20 61 46 1
25 36 15 54 37 32
62 22 41 47 71 12
30 52 65 65 6 37
66 17 56 6 51 3
23 64 63 61 44 35
44 53 6 16 31 51
46 5 57 3 57 9
24 60 53 64 57 1
37 2 21 56 50 70
23 28 44 72 17 59
56 62 8 50 62 39
16 6 50 41 9 7
27 13 53 55 19 5
39 17 8 9 2 27
20 53 46 37 38 51
3 71 54 15 33 55
19 18 45 18 7 0
13 71 54 5 35 21
50 61 40 49 68 24
2 1 35 18 7 52
55 29 67 35 22 52
39 33 47 37 13 34
51 28 50 27 51 32
52 54 8 32 32 21
59 49 1 5 53 34
45 51 72 3 15 61
51 23 12 46 8 42
57 71 24 54 23 61
37 57 14 50 67 20
61 53 33 70 6 31
15 22 26 39 59 66
45 4 66 38 17 20
5 8 63 14 22 21