84 44 36 35
86 32 3 12
22 52 29 72
0 2 6 8
75 56 3 85
19 82 57 77
23 10 12 62
15 29 23 68
2 17 29 1
74 1 10 5
2 43 67 62
10 87 10 72
34 42 90 65
1 19 5 50
30 74 24 36
55 19 45 31
62 61 25 48
69 36 47 7
30 27 43 18
22 22 11 11
40 2 25 73
25 17 38 24
14 9 83 89
37 25 44 46
0 16 30 30
2 33 7 3
9 8 17 14
73 7 88 77
24 28 27 66
71 23 47 37
35 47 35 11
13 18 21 19
15 81 33 47
2 23 53 35
13 1 31 84
37 76 56 6
5 78 21 1
10 23 69 20
87 20 81 11
84 69 23 23
37 84 20 18
82 49 25 34
2 53 3 33
75 74 11 75
4 73 5 0
13 12 72 24
12 7 47 18
27 81 87 7
10 12 89 0
34 23 73 36
27 63 6 49
14 20 28 13
21 14 12 61
13 71 10 53
50 3 22 52
26 50 89 26
1 11 21 24
0 15 36 66
69 44 31 2
24 55 43 31
56 33 66 64
47 24 81 83
13 54 37 49
63 56 79 2
18 39 51 48
3 62 6 27
10 29 1 63
54 85 45 1
58 12 12 2
76 64 1 13
60 32 49 40
81 21 33 72
59 0 25 1
87 21 33 86
20 32 65 23
13 26 36 79
3 20 78 3
45 32 35 33
29 5 81 39
12 80 12 46
36 65 9 19
31 2 55 7
36 22 56 3
13 88 40 37
36 58 38 18
13 65 42 25
3 76 77 89
14 88 6 2
58 7 22 1
10 69 6 15
23 33 10 72
17 1 35 25
27 13 37 43
39 9 14 8
4 10 36 61
89 27 87 62
82 34 3 56
86 4 13 58
33 72 38 19
86 9 90 4
2 28 10 54
61 29 5 31
25 69 48 22
32 86 73 67
20 61 51 38
85 19 71 5
73 26 28 58
30 37 83 20
77 10 80 29
17 23 16 84
20 66 30 66
39 84 30 81
90 16 7 20
15 18 75 47
4 65 28 4
17 51 55 75
74 30 68 27
32 53 82 85
45 41 10 21
82 14 19 34
21 79 35 10
6 62 27 18
8 1 61 60
82 18 82 36
88 37 75 21
66 84 1 35
10 13 70 16
19 76 88 22
84 50 79 79
80 6 25 20
59 13 29 56
19 42 16 35
12 27 14 81
31 14 7 79
8 80 32 20
74 35 3 90
20 14 9 19
29 17 52 25
9 11 29 5
17 2 65 3
29 58 1 67
40 11 27 34
71 1 76 54
20 14 61 9
10 51 28 76
5 63 17 9
64 31 68 14
89 47 27 23
58 41 23 58
1 37 66 52
37 83 22 21
81 6 23 39
82 86 24 76
4 9 83 64
35 88 84 7
48 53 27 9
3 71 67 28
59 19 66 38
53 31 52 12
68 1 84 41
7 21 26 2
11 32 50 2
13 22 32 55
26 19 24 73
13 35 67 12
9 17 63 21
21 11 20 26
23 45 4 38
16 70 16 15
26 38 57 16
90 39 1 27
20 11 1 7
75 56 89 8
34 33 7 10
18 89 5 47
9 11 32 40
78 71 51 64
71 34 11 24
20 0 9 11
27 61 70 5
84 1 15 28
39 50 90 37
22 6 63 15
11 47 31 7
64 82 23 51
33 15 26 52
23 25 0 62
37 57 17 32
22 17 3 33
33 36 48 74
16 2 33 19
11 40 9 36
36 22 33 2
16 23 7 18
88 13 4 24
36 78 7 10
7 33 11 37
17 18 87 37
88 74 17 19
34 0 78 16
55 30 45 28
26 70 44 32
25 30 48 43
32 0 64 36
17 16 74 42
33 85 74 10
0 17 12 12
10 18 0 56
20 71 28 59
70 23 17 23
1 20 56 13
10 18 61 34
83 52 6 65
75 34 10 39
20 65 16 80
71 19 29 45
75 6 75 29
72 25 32 65
5 15 14 17
65 26 87 6
32 18 6 81
33 89 20 21
10 2 85 66
64 33 41 24
63 1 34 34
14 78 66 80
77 2 3 34
83 16 3 89
7 71 75 3
80 12 12 65
21 32 7 70
40 13 10 12
12 8 39 61
15 16 90 88
40 36 11 48
87 16 40 15
17 45 29 13
24 34 28 58
35 39 82 9
25 26 17 67
36 78 10 87
3 71 65 33
64 19 29 88
3 36 28 27
21 53 25 41
64 23 1 34
54 31 10 79
9 28 32 64
72 50 59 29
19 36 69 11
80 30 36 14
8 27 46 7
35 27 29 57
20 56 12 31
89 12 52 44
17 1 30 18
63 17 51 76
2 12 12 3
26 80 8 21
26 79 3 48
7 2 53 34
83 15 8 40
13 16 61 33
0 5 67 25
44 22 48 17
32 37 10 40
80 8 31 1
9 76 5 81
38 22 22 53
14 21 70 18
45 24 38 34
62 47 67 6
7 27 13 7
52 33 58 89
56 79 10 33
4 23 33 20
17 5 62 74
53 19 20 56
83 23 15 21
90 78 21 15
12 24 69 25
13 2 5 61
9 27 62 28
60 14 40 7
47 3 31 1
23 32 39 11
51 65 60 89
52 20 56 12
75 54 58 38
51 36 47 3
53 5 82 36
2 76 18 22
22 30 35 88
40 25 9 32
4 6 36 21
74 28 6 44
60 34 31 49
11 79 69 24
0 6 36 68
2 26 33 26
29 90 48 66
32 44 3 4
24 28 6 32
7 9 44 25
14 45 10 34
16 22 40 36
23 35 20 19
20 89 36 19
45 35 62 73
1 36 61 29
20 72 28 23
37 11 21 41
86 14 20 13
35 43 72 47
4 8 19 7
7 14 88 54
11 24 29 11
34 10 12 15
72 34 53 24
35 80 21 36
52 25 27 67
4 12 82 22
37 20 70 27
29 57 60 29
12 80 28 83
9 1 82 48
17 30 30 82
49 37 19 6
13 86 13 69
50 1 27 12
13 28 11 52
3 78 34 7
65 71 77 31
31 48 11 8
42 63 8 62
13 16 63 19
4 82 42 24
6 8 21 2
22 35 1 7
49 39 62 63
38 26 73 15
78 59 20 60
60 14 61 24
32 80 16 18
19 22 27 21
70 45 68 1
33 26 30 18
12 8 29 1
58 28 12 31
57 45 41 31
15 41 32 78
14 49 34 29
25 33 80 14
58 45 49 13
46 11 31 20
18 8 24 13
17 9 27 30
80 3 27 47
23 69 18 82
42 31 20 2
75 75 87 0
36 54 84 56
44 76 35 5
73 32 23 17
44 65 2 16
16 87 7 77
35 14 36 27
76 29 2 19
8 33 7 27
90 33 8 21
19 15 81 57
21 2 43 50
17 40 29 67
41 28 31 0
18 79 3 33
41 57 47 53
10 57 23 1
34 78 61 63
74 56 7 2
30 65 44 31
85 28 67 2
29 23 32 52
87 30 21 67
22 27 44 55
69 15 35 12
14 82 21 89
13 39 82 10
25 17 31 6
65 84 10 32
56 45 12 25
1 14 8 33
48 25 28 36
1 6 89 58
45 60 36 84
37 12 57 34
10 25 70 34
27 4 14 66
20 0 83 35
47 21 25 50
41 47 17 26
41 10 59 59
15 10 24 65
3 28 20 22
30 26 23 6
31 22 27 90
37 17 6 32
18 26 39 60
35 21 4 1
17 18 48 35
64 20 70 28
81 12 15 5
55 32 74 25
45 90 44 54
25 89 17 90
63 27 18 3
35 78 51 88
13 86 81 23
62 16 73 3
87 4 56 11
67 86 81 20
3 61 32 25
59 49 7 72
65 37 20 27
11 35 8 23
7 0 24 2
78 7 38 19
10 3 12 18
60 21 10 29
21 59 84 76
88 0 23 74
12 2 65 86
46 36 77 83
58 43 25 73
13 40 70 54
1 65 88 31
90 30 31 63
24 12 17 1
67 0 39 19
4 70 52 53
43 12 36 48
84 46 25 27
84 38 5 30
3 28 29 42
40 30 19 8
17 15 62 2
68 88 14 70
28 39 56 37
15 78 30 75
31 52 2 52
23 19 15 26
12 3 0 65
75 37 30 37
12 66 68 80
41 32 88 2
10 10 49 13
81 48 81 17
0 46 10 74
70 29 48 20
83 58 19 39
25 81 45 72
12 55 67 85
23 72 12 49
48 22 87 5
22 71 10 52
14 6 66 69
3 22 60 25
54 46 10 25
2 22 75 77
86 18 37 64
80 64 13 21
50 68 28 77
63 26 72 38
1 19 67 28
61 85 13 2
53 54 12 35
16 3 56 8
16 24 23 33
67 57 75 42
69 53 83 24
48 85 34 35
71 5 43 34
9 0 11 88
78 22 34 32
40 54 0 68
26 29 16 42
19 24 48 20
34 13 70 9
48 87 7 26
35 86 0 27
12 15 33 30
43 23 56 26
74 49 81 0
73 30 74 30
63 34 10 8
27 59 23 33
30 90 10 4
33 14 31 18
80 18 11 56
12 90 73 33
45 48 77 19
50 46 21 16
79 31 85 46
2 37 5 37
17 41 26 80
34 78 61 40
38 6 16 60
49 7 26 47
23 30 20 77
1 28 3 4
60 80 83 46
34 31 16 50
77 11 24 25
53 35 24 29
73 65 16 27
37 55 40 22
20 73 1 89
52 55 23 14
45 89 12 4
18 6 13 8
14 90 34 30
25 20 75 14
19 23 17 53
34 16 60 77
26 15 40 27
63 7 39 60
51 3 67 30
88 69 15 6
14 11 74 24
49 6 21 36
7 17 27 16
17 46 13 76
30 14 24 28
2 19 73 18
33 14 37 14
22 66 17 9
43 86 68 35
27 21 38 7
34 18 47 90
67 64 49 55
28 64 45 85
22 65 26 56
4 28 24 2
59 72 7 7
13 10 90 51
25 33 14 36
73 74 66 7
86 52 16 64
23 22 30 29
83 28 74 73
29 80 23 0
35 9 21 8
61 24 45 77
17 36 21 6
17 3 80 12
61 37 29 68
60 36 52 86
5 45 53 71
54 0 33 1
69 18 17 9
32 63 48 90
73 24 31 89
38 62 45 28
62 0 74 78
28 34 19 32
13 36 7 74
34 10 37 9
36 40 44 58
36 8 21 17
79 17 40 17
77 10 31 5
9 28 5 89
16 52 0 50
1 40 15 34
2 54 12 30
8 60 49 7
73 58 19 0
18 12 20 65
1 81 19 35
70 90 58 8
29 16 23 49
42 7 56 4
2 61 72 7
7 78 77 7
6 2 49 77
37 83 88 53
65 7 53 20
88 30 6 7
90 83 38 23
11 7 25 38
8 4 39 25
77 9 13 50
23 71 29 12
11 79 9 17
89 86 8 42
26 74 20 10
68 1 31 72
3 82 9 23
37 15 86 57
31 19 45 35
23 9 17 35
54 86 59 7
58 2 40 25
49 11 49 43
14 67 18 13
7 37 65 80
20 29 3 4
17 83 33 23
36 59 29 14
14 15 79 21
35 55 1 71
78 51 26 67
6 25 13 40
20 18 63 46
15 21 42 14
51 3 67 55
20 7 76 78
34 24 30 16
18 70 40 11
39 79 28 69
75 19 52 32
0 28 45 43
62 13 55 43
26 20 1 40
77 3 81 52
45 73 30 37
4 26 15 15
35 73 45 18
89 19 66 33
24 21 2 12
11 61 5 15
53 0 14 20
35 37 23 45
51 65 11 31
56 2 23 45
76 33 32 78
59 76 6 50
19 18 29 5
43 21 8 40
63 80 20 11
74 19 20 28
51 11 14 9
63 25 14 36
67 88 34 11
20 87 77 35
25 28 32 26
29 46 59 15
55 86 9 61
85 65 26 77
30 45 57 1
78 21 20 1
22 52 38 10
11 1 76 19
17 81 33 90
34 66 7 31
16 17 62 36
5 18 69 47
2 36 29 37
37 3 16 82
2 67 7 40
44 5 68 71
23 17 2 18
68 1 52 80
24 48 7 17
48 0 10 2
66 5 65 35
60 51 54 32
40 48 15 26
87 29 23 21
9 80 23 73
89 12 4 20
63 19 22 36
34 2 4 7
7 21 8 66
32 28 36 75
28 0 31 31
33 19 68 44
49 9 5 5
50 47 30 45
46 75 43 29
13 60 28 52
2 26 72 69
9 18 21 34
3 57 27 85
56 52 37 41
24 3 31 53
37 25 74 15
87 13 63 44
26 73 63 8
10 31 2 4
31 28 17 33
37 7 57 82
85 19 21 4
19 11 84 29
18 42 13 9
48 5 1 13
35 66 14 27
26 21 58 88
58 5 4 25
66 89 44 49
19 4 22 14
36 30 44 47
67 66 13 23
73 30 63 19
6 26 50 1
43 4 37 7
59 35 81 38
19 30 7 28
30 43 13 80
19 18 34 18
22 31 22 40
7 63 36 5
26 46 15 22
6 35 40 19
8 29 39 81
38 45 27 53
2 12 33 89
29 21 21 12
67 75 83 18
32 11 4 31
7 43 38 28
75 29 69 32
0 89 6 31
83 89 66 65
1 40 87 43
56 7 62 74
36 14 65 50
89 31 11 67
18 14 15 75
21 32 5 43
18 64 14 90
20 84 27 29
3 85 17 26
29 37 17 48
2 4 42 22
8 71 16 19
67 0 3 72
15 85 13 31
48 40 86 3
36 23 20 42
8 3 45 9
45 12 90 45
84 82 43 23
88 34 18 14
2 15 26 17
29 11 2 69
41 36 83 1
11 73 34 68
65 20 8 29
39 84 52 5
36 65 80 12
82 5 34 67
83 55 59 79
81 29 79 33
36 38 49 34
10 79 1 40
73 5 63 47
15 43 38 69
49 2 3 45
83 81 64 37
47 28 66 60
17 64 64 14
31 61 89 30
30 85 2 13
20 89 77 70
4 16 66 3
40 64 81 36
2 34 1 17
82 60 49 24
25 67 77 4
24 7 35 28
44 0 12 54
36 23 30 36
62 36 42 71
46 23 24 47
48 27 36 7
1 27 28 14
22 6 11 62
66 17 16 20
14 42 39 3
16 8 14 77
16 7 62 53
11 21 45 56
4 53 26 63
32 26 44 33
33 20 75 66
69 33 72 65
11 72 32 17
27 35 31 0
85 32 58 6
6 37 16 31
35 8 21 25
5 54 44 69
34 26 85 82
16 72 52 87
27 68 0 5
24 40 28 33
52 11 12 87
21 42 5 37
33 12 14 1
23 23 78 50
85 34 32 83
59 82 5 62
72 16 23 11
73 71 48 22
77 87 7 83
18 16 2 27
76 79 25 28
28 9 73 57
37 67 55 33
87 53 1 20
78 43 14 14
20 79 25 67
49 14 29 2
81 16 28 59
34 33 90 34
8 12 62 75
16 21 68 30
55 1 25 6
13 65 44 15
27 7 46 11
48 79 75 6
75 82 35 34
0 43 82 8
42 22 83 7
88 30 32 66
13 81 24 29
28 37 12 41
66 14 19 31
42 78 28 17
21 3 74 6
48 18 28 1
54 26 9 30
79 37 1 16
25 34 7 56
76 88 88 11
48 51 86 17
11 8 54 22
37 37 34 23
2 18 10 61
22 10 64 30
42 30 19 58
35 74 29 1
9 8 83 14
89 78 90 32
36 25 25 25
16 30 34 6
90 68 21 42
61 25 68 50
7 60 85 30
0 28 36 81
30 35 36 66
21 6 35 52
2 32 86 24
19 42 1 21
38 63 8 35
33 86 12 11
18 83 76 13
6 20 21 21
1 78 48 28
88 13 18 29
6 72 37 75
12 23 8 58
16 6 64 55
63 30 73 55
27 30 34 38
56 88 7 63
35 86 20 59
13 23 81 48
10 70 25 16
29 49 16 37
89 58 76 32
9 51 76 5
67 61 37 36
68 63 32 66
7 54 35 10
12 13 45 53
53 7 18 14
32 4 16 33
62 27 28 73
75 53 66 12
32 84 18 21
55 32 87 43
5 90 35 11
79 17 16 2
34 4 26 40
52 26 30 30
69 32 50 72
2 67 36 54
70 21 20 14
14 45 76 79
24 36 75 7
61 6 16 33
26 25 14 22
14 37 25 37
33 42 85 73
54 33 5 0
88 2 57 44
41 28 68 5
5 76 18 35
14 31 31 41
13 87 19 33
16 68 65 27
30 75 36 65
64 90 14 25
8 5 12 21
58 74 35 6
90 41 18 77
28 32 59 44
32 52 36 88
83 4 22 22
34 68 81 68
19 55 27 78
57 88 28 9
23 88 15 52
56 7 8 49
51 89 43 54
10 6 55 81
32 80 10 90
10 7 25 67
12 53 20 33
84 22 41 90
81 39 60 7
63 69 0 13
46 43 78 1
1 75 81 11
7 53 3 1
55 27 66 15
15 59 6 78
37 34 51 6
17 39 27 22
14 0 13 18
28 13 34 62
21 36 35 3
21 26 55 20
2 29 29 83
31 17 40 7
35 10 5 45
70 10 32 13
84 75 18 42
60 26 52 32
90 19 79 44
31 21 89 17
80 37 4 10
76 47 77 32
66 22 21 56
67 36 35 34
35 28 29 5
32 45 76 12
70 11 14 20
48 16 26 8
57 30 20 69
22 11 54 88
0 88 56 89
34 13 3 28
2 28 84 12
37 36 84 35
16 36 8 18
14 15 28 10
79 54 15 68
33 6 83 24
30 7 2 65
30 19 90 26
90 70 47 35
70 5 79 28
51 24 46 39
18 23 0 68
29 59 4 5
78 73 5 44
13 89 39 27
59 6 76 60
23 49 66 72
2 11 24 72
31 63 27 12
67 37 83 49
19 17 28 23
31 11 31 6
30 13 47 77
1 13 3 37
46 36 15 18
61 50 51 16
13 36 71 56
51 27 90 47
83 49 29 7
61 7 38 29
18 5 78 57
5 68 69 78
6 7 69 82
80 3 67 76
26 8 58 12
38 27 88 70
3 87 42 5
4 3 25 9
58 10 80 12
30 62 6 44
27 45 28 29
62 3 34 53
16 11 79 68
81 86 80 25
32 40 85 28
49 1 19 26
77 13 9 84
43 55 17 57
5 21 10 76
68 24 11 22
78 71 7 2
0 31 84 44
15 0 90 35
19 88 90 28
12 76 57 87
29 7 17 17
72 3 13 9
23 53 7 63
51 60 11 44
21 38 8 27
58 19 15 79
46 35 12 71
12 0 60 56
3 13 2 68
61 34 12 15
37 36 33 26
33 80 72 34
43 15 3 14
14 69 74 72
28 72 36 24
17 39 54 19
25 77 8 47
33 46 64 11
87 90 56 35
35 58 19 65
57 63 17 25
25 25 64 20
21 83 5 21
23 28 57 62
52 23 24 24
29 27 16 3
11 32 65 21
18 1 70 9
41 37 35 89
4 84 51 9
15 89 41 23
78 32 27 18
10 36 12 25
5 80 89 70
60 90 31 8
9 51 23 19
80 31 4 1
45 31 42 75
85 52 34 37
22 62 10 85
20 14 50 24
41 60 48 71
3 65 8 7
24 46 22 15
81 5 71 6
6 64 14 39
19 88 38 73
35 46 62 12
31 86 8 40
29 30 27 53
32 24 18 16
27 35 24 19
0 73 89 21
14 17 34 72
11 35 35 70
52 61 72 73
22 32 52 85
15 10 51 87
60 24 30 62
8 31 7 4
5 11 39 37
22 23 41 39
4 64 28 25
53 32 12 8
2 7 29 79
63 45 52 29
67 37 18 16
17 0 82 15
20 61 23 82
25 33 18 36
22 12 13 83
25 61 73 25
66 30 29 11
75 77 76 59
19 78 20 53
36 21 25 88
12 6 63 19
21 51 23 20
7 3 3 11
13 16 0 2
40 27 26 57
41 8 68 4
55 16 22 69
0 9 16 2
27 54 63 6
75 16 54 22
29 29 5 22
84 59 76 3
37 21 74 1
2 70 9 16
17 68 27 16
43 65 37 7
31 22 35 66
69 58 27 9
64 88 70 13
41 15 46 0
15 36 45 76
34 8 62 13
31 33 44 14
2 0 35 86
48 0 9 28
6 90 36 77
60 9 50 36
19 80 7 36
10 8 2 6
31 53 35 14
33 29 85 51
17 37 24 36
0 26 27 43
36 48 30 78
74 2 28 2
70 48 27 39
14 26 66 89
35 53 37 70
12 45 35 73
10 30 18 61
26 53 31 2
76 36 3 70
64 48 75 56
81 82 5 17
52 44 70 64
29 75 2 4
28 53 15 33
56 0 20 37
76 30 7 62
9 87 85 26
13 89 47 87
70 36 19 42
13 36 79 53
38 13 55 5
0 70 53 26
36 31 13 89
12 76 1 79
82 0 58 24
39 39 12 23
14 48 80 53
35 35 53 82
12 40 74 39
73 49 18 32
5 17 57 79
29 15 75 83
35 21 38 8
9 56 3 3
15 28 37 15
4 83 37 12
16 14 20 73
2 30 29 42
16 30 34 86
23 42 87 28
54 63 24 60
14 49 28 2
4 49 5 37
50 61 57 15
28 14 18 84
1 22 27 87
39 22 78 14
4 6 31 60
17 14 10 48
44 34 16 34
8 7 70 22
90 29 80 80
37 9 17 59
25 81 12 24
78 9 52 36
5 36 17 20
47 20 17 35
20 27 56 64
47 34 25 43
21 17 54 33
87 28 17 55
4 3 35 30
26 74 45 65
15 64 0 26
37 7 20 79
56 26 79 81
52 31 27 21
23 78 62 2
59 32 57 8
2 0 39 84
87 32 25 12
90 24 2 66
51 55 17 32
9 38 46 8
61 57 76 16
22 32 23 86
20 9 15 37
76 16 57 13
33 20 32 81
25 31 10 41
26 9 86 7
6 28 19 29
24 62 36 8
35 53 28 5
5 53 16 3
42 30 5 68
29 68 80 22
88 57 88 67
33 21 33 37
11 68 4 5
23 68 26 37
12 28 36 32
15 60 37 57
63 33 29 27
11 40 15 55
83 45 27 15
12 13 12 38
27 53 88 23
21 39 3 23
71 61 26 55
56 29 72 7
20 87 6 28
55 74 14 73
14 36 87 56
33 58 39 68
0 11 50 34
51 16 52 57
29 85 46 17
51 19 87 89
55 23 24 34
78 2 29 14
21 32 27 31
2 80 73 41
18 11 8 56
25 15 63 17
67 76 15 4
41 79 14 16
15 29 19 25
12 21 71 27
19 24 57 47
29 10 36 83
41 42 16 40
70 37 55 35
30 43 34 33
64 35 14 11
3 24 29 78
13 21 48 23
44 12 30 17
26 19 56 21
15 37 15 30
13 11 22 21
84 49 85 71
72 28 46 27
8 34 10 87
36 35 89 26
61 7 32 7
61 10 58 41
25 24 69 41
12 88 4 39
33 33 70 25
12 22 80 56
1 1 5 2
16 59 71 42
24 35 20 9
29 36 3 18
19 52 88 11
1 0 32 70
32 41 64 67
51 83 9 69
14 39 30 3
14 37 29 10
12 52 23 88
74 55 9 3
33 34 2 55
7 20 5 31
35 21 5 82
57 1 81 28
3 60 33 14
32 34 68 12
87 2 66 55
87 35 25 84
85 13 28 5
12 4 64 7
86 19 74 53
88 43 35 7
11 21 25 20
37 25 41 88
61 41 46 10
7 33 24 89
37 75 31 3
2 3 8 10
33 16 14 1
8 76 24 1
64 50 26 20
87 34 9 5
8 25 26 52
25 50 27 56
13 10 44 21
37 27 59 56
72 32 18 32
3 33 82 62
36 71 16 37
29 0 79 72
50 13 55 53
64 9 15 76
60 35 8 57
71 55 37 13
27 38 82 63
48 45 71 2
59 46 81 13
15 14 67 25
32 0 62 43
55 38 23 4
34 89 36 15
11 37 36 32
17 21 24 90
57 88 27 2
79 54 77 46
15 44 31 48
18 31 34 28
30 81 35 35
32 47 7 71
19 80 22 8
16 21 59 5
6 10 16 56
25 22 52 79
7 26 87 8
54 71 40 68
85 5 62 7
55 18 65 59
17 1 24 24
29 15 11 65
22 37 45 82
87 19 12 51
32 8 12 60
19 47 10 13
28 60 6 5
62 31 36 75
88 85 70 17
21 58 43 23
23 53 3 60
24 80 46 14
23 66 73 11
25 42 65 28
65 59 13 81
14 31 5 10
61 0 41 10
7 84 28 38
51 6 52 46
35 76 10 23
74 21 86 50
55 6 13 41
8 3 73 90
24 11 3 28
23 26 29 79
30 51 74 82
15 31 30 42
28 31 21 42
43 28 30 82
3 22 37 35
69 22 87 53
21 26 43 68
60 9 34 44
15 54 75 51
10 9 18 61
36 11 22 17
49 37 65 38
26 47 19 66
21 78 15 83
25 47 15 37
29 67 54 73
63 38 83 76
25 79 63 11
83 24 74 34
77 4 17 0
5 11 83 0
41 34 7 48
15 14 14 75
89 65 77 90
16 12 25 59
40 80 46 53
16 9 19 81
13 52 25 42
4 48 35 33
38 20 1 20
57 33 11 74
10 26 54 59
4 9 3 49
16 47 6 2
19 82 5 15
19 13 29 53
53 90 16 30
23 2 26 14
57 32 72 46
8 77 7 9
77 10 1 1
41 11 17 11
54 31 69 2
88 21 18 0
11 60 82 61
88 18 36 13
39 25 2 64
34 28 5 74
22 9 13 20
3 71 43 18
22 22 10 88
60 75 75 71
14 14 51 85
30 26 40 81
35 66 82 6
32 24 4 37
71 4 29 2
39 6 66 33
64 2 28 38
1 10 56 83
72 32 23 8
46 1 19 30
27 60 0 36
79 16 24 30
13 84 34 30
81 5 89 71
21 17 47 72
83 32 35 14
6 61 5 64
77 38 10 3
22 3 75 72
25 26 69 77
1 67 34 20
89 17 22 81
38 16 8 6
44 29 33 4
29 16 64 38
73 27 13 88
13 85 70 36
13 45 22 78
34 5 75 56
49 0 31 17
4 41 9 12
23 13 3 79
2 89 26 35
19 48 67 44
15 89 17 79
85 37 18 26
2 38 30 63
3 41 36 28
65 89 17 73
9 24 12 72
59 57 9 22
3 47 56 29
19 14 66 18
57 33 15 13
50 47 32 1
84 37 84 81
14 19 24 41
62 34 50 3
20 43 85 43
36 20 3 77
81 53 13 78
55 53 32 19
36 41 18 19
38 79 37 90
5 21 8 52
79 28 37 67
7 75 8 30
33 55 7 15
75 22 37 37
25 12 82 39
58 54 79 16
60 82 35 65
47 15 4 3
74 66 74 14
13 45 57 75
12 45 3 62
74 71 42 11
10 13 88 54
3 9 18 41
47 19 3 86
87 34 11 15
0 75 51 30
33 37 3 8
62 78 22 8
1 48 51 40
24 35 79 44
23 72 71 66
44 10 82 5
21 48 6 8
87 26 61 30
20 48 53 30
68 14 9 43
25 36 5 67
48 29 88 33
15 7 13 28
68 2 44 89
26 41 88 10
26 2 59 45
62 76 16 77
25 0 27 56
26 43 34 36
28 4 11 17
29 30 80 35
51 41 26 25
45 80 15 25
34 25 17 17
33 72 88 23
22 3 35 24
35 2 24 69
55 18 88 79
27 14 28 13
23 28 61 1
21 23 34 81
51 21 27 81
37 55 13 27
49 1 16 3
32 17 86 22
83 83 51 5
74 10 89 33
60 23 83 33
14 60 46 32
0 21 20 33
6 7 8 12
69 6 18 18
9 11 67 49
10 37 50 23
61 62 4 17
44 32 52 16
1 59 30 16
27 18 26 46
54 64 62 52
63 32 46 18
14 85 7 31
7 38 4 52
17 26 70 46
48 5 76 33
41 86 23 43
83 12 37 80
22 16 22 7
19 37 73 14
77 15 11 65
30 29 65 46
20 47 4 14
13 0 55 29
51 74 14 66
30 31 20 23
87 36 13 78
26 40 12 14
64 21 15 21
72 37 85 83
17 45 75 11
5 37 45 58
68 45 22 42
13 88 14 52
23 4 7 8
36 26 37 7
34 31 79 7
18 58 36 61
15 28 14 51
11 52 77 16
34 37 2 71
30 39 59 67
18 89 21 34
19 82 30 1
18 24 22 12
56 1 19 32
26 26 36 17
4 27 26 50
0 36 9 4
43 30 3 90
25 6 2 87
29 11 25 19
66 42 69 73
0 55 41 10
37 24 19 73
39 36 7 37
33 40 71 89
75 22 82 79
15 82 87 2
79 15 70 9
9 42 18 17
16 57 75 29
67 82 63 7
53 49 48 48
9 48 24 2
55 29 11 79
20 82 6 76
33 17 6 21
80 17 27 74
53 39 8 69
21 29 4 2
87 15 71 71
52 30 49 57
61 49 77 5
48 59 49 0
54 6 6 27
35 21 58 61
33 88 57 21
12 41 25 13
4 63 0 6
81 54 34 81
23 17 40 11
44 17 70 1
7 19 28 54
3 33 78 16
78 55 34 72
88 15 17 9
21 12 60 4
25 15 0 5
34 83 66 50
31 16 22 62
46 12 87 30
9 7 23 35
49 64 3 10
15 33 8 0
68 33 22 15
19 51 37 33
34 90 76 21
84 9 64 28
25 31 43 6
31 4 24 50
9 88 29 30
17 58 28 74
68 45 21 2
37 15 86 35
48 49 90 37
73 9 2 45
36 34 83 20
81 72 54 31
2 12 28 34
48 32 64 45
55 36 30 75
77 32 51 32
64 28 72 80
30 53 19 18
6 48 19 26
4 3 13 56
69 50 27 61
29 76 39 87
17 70 31 2
27 45 7 72
2 26 4 73
0 32 10 17
30 15 26 60
33 60 53 25
15 39 7 24
23 65 70 5
67 73 73 38
44 36 74 51
38 25 22 33
0 62 60 65
24 9 28 89
34 24 10 26
27 78 81 37
74 36 9 37
57 11 66 55
0 21 61 64
9 70 28 31
60 66 9 89
41 73 29 29
90 11 75 24
39 34 56 27
61 22 14 20
33 15 25 4
44 6 89 52
14 61 6 10
3 23 54 37
30 14 6 20
17 13 0 21
84 8 4 27
2 82 5 6
82 23 6 17
73 16 48 3
62 6 88 20
5 42 16 13
74 40 18 9
27 87 36 28
80 76 16 20
72 0 17 46
49 29 17 17
32 23 82 4
38 16 10 29
88 14 60 5
39 11 12 20
43 66 66 28
29 12 90 33
10 9 38 73
69 88 5 17
88 3 29 76
16 58 10 11
30 14 57 82
67 30 65 59
33 43 28 13
0 5 44 26
18 76 42 17
27 17 50 69
6 29 80 58
10 31 82 1
8 19 46 57
55 26 27 23
8 39 25 18
64 85 19 56
45 81 84 0
51 41 79 36
73 17 79 62
67 63 0 0
23 44 22 74
60 30 26 22
30 1 9 63
3 34 12 70
5 9 35 13
33 19 76 89
80 61 2 70
38 21 45 15
37 35 37 19
39 80 21 64
34 31 3 74
28 0 28 45
3 44 21 90
73 36 29 37
41 58 19 25
22 79 50 51
54 27 31 4
62 10 31 67
29 86 19 19
1 27 13 31
4 88 6 45
13 36 33 38
67 50 49 27
32 6 29 1
3 7 65 6
18 62 5 50
29 27 63 30
18 54 27 15
13 32 25 11
86 58 12 77
9 12 11 15
20 20 48 39
79 11 61 24
79 44 14 11
26 49 49 52
12 7 21 73
80 10 36 10
24 35 19 45
75 90 54 24
2 13 36 59
9 80 71 12
11 27 24 34
26 82 51 59
5 14 20 69
51 16 36 16
73 18 20 8
85 0 44 18
16 39 53 1
35 30 8 86
44 23 5 53
89 38 35 42
10 46 20 23
27 9 65 35
28 16 44 88
71 12 69 66
12 13 45 6
81 31 23 23
49 75 23 64
68 85 22 55
57 48 40 48
7 18 11 32
17 86 67 58
81 3 17 2
88 25 27 11
8 86 63 34
64 73 10 13
57 27 80 44
32 6 33 14
30 31 64 68
90 28 4 2
17 30 10 74
49 30 46 25
3 12 55 73
33 54 8 56
52 71 22 28
62 83 16 2
30 13 13 68
72 40 30 35
25 36 69 34
88 1 47 70
18 20 73 43
27 17 38 31
35 26 72 50
8 77 58 14
4 9 18 77
51 7 54 12
3 37 9 7
48 30 44 81
53 52 32 34
81 88 42 0
9 35 7 5
28 8 37 45
3 65 38 55
9 20 7 73
10 74 36 75
26 54 14 2
15 39 7 1
87 25 26 60
43 34 28 7
8 30 90 35
87 47 78 43
47 17 4 15
13 6 49 10
3 3 58 15
18 19 50 6
11 35 20 30
4 8 81 72
0 19 18 43
74 88 62 49
76 61 80 11
81 4 22 85
48 87 30 31
38 2 12 9
30 68 68 71
20 81 89 72
10 6 7 58
13 33 83 83
58 19 59 6
58 36 83 74
9 1 27 17
54 2 65 7
15 34 5 44
15 14 18 28
76 55 29 75
56 78 76 13
54 63 18 22
77 48 29 1
23 27 0 4
42 33 38 18
18 14 26 58
55 66 20 6
43 26 15 6
27 11 83 37
68 23 7 12
44 13 5 37
44 14 49 40
19 24 47 5
83 48 6 23
27 31 0 31
22 53 37 46
82 73 24 3
19 78 79 31
23 63 63 70
7 61 7 8
34 80 22 3
20 73 29 19
18 67 10 35
86 85 75 9
23 0 53 60
26 28 59 62
8 2 32 69
32 1 13 17
8 8 32 30
88 60 55 36
34 9 8 19
69 43 21 51
42 11 21 14
3 1 20 34
32 69 63 23
13 5 86 1
5 22 35 10
71 5 89 61
17 43 50 24
12 40 33 14
15 52 4 64
63 19 40 48
49 70 43 78
3 11 14 67
87 7 38 46
25 13 59 12
37 7 83 36
30 4 56 39
68 6 25 54
21 14 61 59
15 90 70 20
50 60 39 29
51 17 28 85
36 26 15 6
72 88 63 31
24 36 7 43
82 59 83 29
7 2 22 26
75 5 27 89
66 50 46 7
36 72 13 11
82 25 76 26
9 18 55 44
37 11 14 54
16 5 79 89
15 56 62 88
72 7 11 79
12 18 39 20
4 0 29 33
55 16 90 19
5 18 32 40
4 22 29 4
20 26 89 30
63 8 11 33
3 1 22 13
17 1 1 68
34 57 44 3
41 54 68 4
27 5 49 38
3 30 31 42
64 1 40 30
23 4 23 66
55 87 58 2
12 32 17 45
25 31 51 22
85 73 26 54
71 29 17 31
28 3 5 15
12 25 33 48
22 65 26 53
57 7 31 8
67 69 90 40
36 63 37 81
77 28 1 2
86 90 86 3
8 85 0 15
56 25 57 79
21 11 30 17
3 50 76 40
72 2 74 57
14 77 62 50
49 19 41 58
27 76 23 27
41 43 49 7
74 87 85 5
89 42 35 0
8 21 29 23
20 14 79 22
35 35 19 30
34 40 15 61
0 56 11 41
75 33 27 58
77 62 27 62
20 79 26 26
10 51 21 12
42 14 9 29
35 69 88 35
2 20 83 13
12 5 26 60
80 5 22 19
82 86 13 13
31 29 41 4
3 45 78 48
4 1 57 17
68 15 72 55
13 37 20 54
27 79 28 57
43 0 49 27
19 5 45 67
87 74 7 73
6 5 19 39
55 24 17 17
50 19 15 8
35 22 78 55
69 4 1 33
34 34 19 24
28 37 26 26
29 41 45 1
28 35 23 56
69 56 16 7
76 73 32 68
61 22 37 23
68 5 6 75
13 12 75 39
10 34 25 66
50 62 6 38
0 57 64 25
36 65 71 6
67 11 71 25
49 8 23 52
40 89 59 4
79 44 2 6
67 23 52 5
8 60 30 75
13 0 22 58
58 54 3 20
50 56 31 30
45 58 6 64
54 35 35 53
83 54 33 13
6 24 34 64
18 90 36 73
8 8 21 53
32 71 79 38
0 14 89 71
61 3 81 26
68 26 8 69
49 34 28 75
14 27 79 17
54 73 9 27
40 17 70 79
36 16 86 17
66 50 59 2
26 85 32 84
30 13 66 11
38 47 10 33
70 69 34 6
36 12 36 43
7 4 14 82
30 70 21 30
81 79 11 11
83 32 23 48
81 7 25 48
11 22 19 34
33 16 32 42
24 35 66 6
22 21 3 36
13 82 82 10
14 11 42 41
29 68 41 33
44 4 8 87
37 51 32 46
33 59 88 81
5 21 6 36
35 44 34 47
39 15 33 35
0 66 78 16
27 1 72 28
56 71 4 4
44 1 34 4
8 40 23 70
72 13 90 73
12 74 50 87
46 9 58 24
81 24 18 7
31 15 85 44
51 2 22 10
21 5 9 70
73 76 65 23
40 7 30 56
28 68 10 44
19 76 52 3
23 28 67 27
66 66 7 71
48 29 25 69
88 2 21 45
60 46 27 14
25 30 74 24
65 34 31 54
67 44 15 49
81 49 50 14
10 25 25 20
1 70 1 0
36 24 83 13
47 35 18 45
25 5 4 43
23 72 25 27
19 6 0 89
38 69 24 77
83 1 5 69
16 51 35 79
51 70 11 34
71 40 86 17
5 76 59 61
36 32 52 86
15 9 14 20
49 90 16 23
15 16 35 16
34 6 8 28
51 63 29 45
7 3 16 33
77 18 24 67
90 29 2 0
40 19 71 86
58 2 13 19
12 21 72 36
35 13 80 80
13 22 58 22
40 14 72 80
2 76 55 27
16 3 78 60
4 59 6 10
25 63 2 71
2 88 22 6
86 30 1 13
42 23 27 50
30 76 33 19
11 90 26 25
6 10 84 27
87 87 19 16
19 53 21 54
21 29 71 37
56 30 24 69
2 2 32 7
25 7 40 76
53 17 83 16
35 72 0 81
7 3 20 49
76 4 86 43
12 57 22 49
68 32 19 89
86 27 15 85
64 46 5 9
21 79 16 8
18 57 50 17
76 74 35 17
31 21 57 57
7 1 10 19
45 85 68 37
19 24 17 30
71 18 7 1
74 46 26 30
55 9 43 34
0 46 8 22
86 20 36 85
49 72 12 6
28 63 24 38
29 31 4 68
30 59 8 7
64 88 41 68
3 53 63 76
46 76 65 31
46 31 1 32
2 2 2 48
26 18 35 78
7 25 69 8
23 36 24 88
51 52 15 16
35 35 5 37
12 71 34 6
34 11 16 2
66 84 32 19
53 68 29 52
90 17 3 82
58 0 24 23
84 19 89 15
25 46 40 4
25 28 48 45
13 84 2 21
14 55 37 1
79 88 1 30
70 14 5 18
46 28 12 35
4 25 87 67
23 85 43 21
11 37 39 82
56 15 67 38
88 31 6 75
45 35 2 15
5 78 7 13
42 40 73 18
32 45 5 27
44 25 38 43
72 11 63 82
23 5 0 13
7 48 17 34
75 5 33 68
38 7 2 40
59 76 7 58
2 12 72 30
27 32 22 81
57 65 32 34
68 75 28 5
44 54 79 49
2 27 10 13
35 49 24 10
19 40 44 83
35 71 29 20
90 27 23 49
22 10 31 1
3 18 55 85
30 33 69 8
66 31 48 62
43 55 11 31
22 40 44 25
20 48 0 36
4 1 9 21
3 89 20 34
85 60 85 6
47 33 72 21
10 27 55 78
31 59 14 16
35 78 17 65
68 74 60 24
80 31 44 61
53 57 9 5
0 82 56 3
34 65 44 27
43 25 9 83
13 78 32 62
17 14 17 89
2 18 79 88
69 6 23 23
78 39 2 9
8 9 83 20
79 69 4 71
6 29 29 13
20 33 25 47
16 47 12 34
65 36 32 85
49 80 8 82
29 83 31 7
35 69 89 36
15 46 1 32
9 55 17 67
11 66 15 50
17 75 21 10
30 59 74 37
8 36 49 3
51 27 43 1
40 51 25 19
41 73 59 64
86 29 15 60
27 29 30 23
19 23 55 39
7 83 5 71
8 44 1 7
20 69 35 75
21 11 18 35
84 58 27 42
16 71 88 11
13 62 3 36
39 43 30 61
64 55 0 3
14 65 45 59
21 6 5 22
77 39 26 89
63 75 43 74
30 30 14 48
43 21 87 82
10 19 58 4
40 50 75 57
77 23 45 84
81 12 1 32
4 53 29 40
37 81 2 32
15 73 20 23
81 24 0 2
25 79 76 44
53 23 42 31
72 19 45 44
50 35 35 6
18 23 87 11
77 17 80 29
10 19 58 90
57 11 78 8
15 10 42 29
15 70 61 69
11 9 6 26
31 64 18 40
30 63 80 36
36 87 32 53
64 72 54 83
28 43 7 63
9 31 20 4
14 7 89 16
8 47 7 6
4 1 27 12
78 84 32 13
20 65 59 6
34 88 59 45
53 45 52 58
41 8 14 76
80 80 0 63
9 43 80 32
19 12 12 80
9 1 54 84
51 86 5 12
35 2 10 19
26 31 36 32
63 72 6 14
23 42 44 17
31 63 31 83
33 2 28 2
73 85 24 90
35 20 87 85
23 0 31 62
6 23 72 50
13 18 72 9
66 6 19 34
46 50 30 68
35 61 17 60
52 63 39 82
5 40 72 74
44 24 88 14
59 5 7 30
16 41 37 51
79 71 20 3
32 38 4 80
0 16 14 81
21 42 35 0
28 8 63 27
85 2 27 33
28 15 59 49
5 34 54 77
10 44 42 25
65 89 75 6
37 4 86 57
78 18 12 30
24 35 86 49
53 27 17 80
69 32 74 68
82 77 62 17
35 21 14 90
3 71 35 17
41 25 48 21
26 34 73 12
63 44 49 15
65 76 65 43
25 81 7 19
14 21 21 87
33 73 50 14
27 28 23 65
26 6 78 5
50 50 11 25
60 32 13 80
10 24 34 35
19 5 2 84
36 66 4 27
47 6 72 20
14 26 14 67
2 69 21 84
9 85 90 2
8 58 24 9
23 78 53 23
80 38 27 0
17 25 7 48
75 63 17 66
37 21 4 72
64 57 53 14
18 33 70 8
13 38 89 6
61 60 8 0
79 77 3 17
37 59 84 47
12 55 5 0
20 32 60 1
39 66 51 3
86 37 61 6
28 36 90 53
42 22 6 22
87 50 28 6
72 16 7 11
6 13 85 52
18 33 87 33
78 86 23 31
7 32 44 70
36 75 4 83
4 11 0 86
1 89 25 41
41 74 68 15
79 69 68 32
29 7 74 4
76 12 89 28
67 58 52 79
14 67 24 66
47 38 36 72
30 78 12 40
75 74 56 52
24 89 8 23
86 68 5 13
5 49 3 53
3 79 66 30
78 15 40 83
28 73 35 20
15 57 15 26
9 43 67 73
70 55 15 19
89 3 30 3
21 30 60 80
30 54 30 25
47 55 49 87
0 58 84 73
20 1 32 3
89 61 60 9
26 58 50 78
30 10 87 79
53 87 79 0
30 1 80 13
13 10 16 37
48 23 66 10
25 15 16 23
38 4 27 43
4 14 49 45
28 6 30 6
10 56 70 15
3 10 18 37
9 5 38 16
23 2 66 59
31 1 85 22
57 30 36 37
12 3 32 48
4 80 24 13
36 9 10 9
27 90 2 16
35 44 71 36
54 41 90 23
27 74 10 32
9 9 14 19
59 14 83 75
19 90 10 36
2 79 17 6
20 20 11 38
8 61 24 59
33 25 4 38
0 61 61 87
37 2 8 16
0 8 2 58
26 25 43 66
31 26 69 32
11 66 22 31
5 10 0 19
75 52 8 31
1 26 26 79
51 11 50 72
27 47 13 41
65 62 10 50
12 7 63 28
28 43 28 82
11 26 56 80
15 85 3 68
89 27 67 15
14 25 16 54
66 87 5 43
25 38 18 36
37 63 39 73
11 1 72 74
12 65 64 84
63 39 3 1
36 7 28 87
20 6 31 26
20 13 12 7
33 8 60 13
70 62 36 86
40 58 14 29
16 11 4 16
66 46 23 27
66 83 14 24
64 21 38 40
86 13 72 19
62 20 85 13
12 36 7 4
23 81 7 71
80 81 76 58
26 14 41 31
9 51 66 62
14 60 5 42
34 76 25 0
60 15 37 77
36 38 34 84
88 7 3 3
85 3 5 29
14 86 52 6
59 73 60 35
44 68 51 13
62 14 25 72
48 49 81 13
21 7 85 65
2 88 73 3
8 45 26 78
64 29 4 48
55 10 62 31
0 8 38 73
10 11 0 36
7 5 37 54
1 65 13 26
13 20 23 15
32 36 42 87
32 36 22 26
29 36 4 11
11 15 14 64
59 69 51 31
21 17 18 5
20 36 28 12
28 76 16 55
29 7 36 22
71 51 9 0
57 23 1 66
15 51 15 25
24 66 9 75
0 55 37 13
78 4 37 79
5 21 67 72
65 12 54 52
18 1 2 7
5 39 44 25
74 11 40 17
10 9 54 62
24 31 13 34
8 52 18 24
35 17 16 17
20 38 77 41
68 0 78 27
29 26 29 30
0 74 82 41
8 62 74 25
80 34 17 72
4 57 13 35
52 38 6 64
50 20 1 25
60 27 73 11
50 15 24 80
69 42 6 37
64 28 44 28
56 34 78 6
8 54 18 2
73 30 81 27
21 9 79 20
36 0 28 34
13 77 15 11
67 69 26 65
60 9 17 20
63 70 56 17
19 2 29 4
4 28 55 2
33 32 63 42
63 79 15 56
70 13 6 13
84 13 21 33
45 21 34 22
36 25 30 24
64 76 24 34
5 58 4 84
84 28 41 25
11 89 54 10
23 18 3 14
0 56 6 78
37 20 14 55
49 10 45 49
64 14 8 34
22 72 47 18
44 49 37 41
55 52 35 11
17 16 22 19
13 47 13 4
25 1 30 76
39 30 86 12
20 80 52 11
59 1 53 50
4 65 44 64
57 81 47 47
50 0 26 17
90 27 17 66
0 69 31 53
24 20 8 14
4 65 53 12
35 28 69 53
85 34 59 21
30 1 3 44
31 17 45 9
87 6 20 2
52 7 76 89
13 51 16 17
34 58 69 20
26 3 29 5
79 15 44 20
50 65 30 86
18 15 16 5
89 56 36 10
37 51 33 33
64 48 58 21
15 7 16 77
80 31 69 35
59 53 36 64
11 33 25 6
3 41 5 32
11 24 31 33
38 21 16 10
23 24 7 31
33 4 35 29
67 16 84 37
90 74 18 6
60 3 27 2
24 21 85 60
50 42 12 12
25 0 74 27
53 28 48 19
19 90 68 23
71 36 62 9
6 9 17 7
45 27 90 34
26 28 22 30
58 49 52 70
70 24 78 32
35 83 34 71
81 4 14 20
8 50 12 67
14 30 89 20
6 69 41 56
31 6 62 40
25 1 14 82
80 0 23 3
78 8 21 1
48 58 15 5
14 33 79 19
77 79 25 36
61 78 24 82
72 1 78 14
75 36 1 12
13 74 29 5
19 88 0 59
37 74 37 81
9 8 27 27
6 37 84 11
16 35 90 36
49 4 22 17
27 8 20 39
23 82 40 21
73 6 85 13
62 65 15 1
88 30 29 2
28 0 26 26
29 21 69 51
19 85 11 12
10 50 46 30
23 35 30 3
46 30 87 37
72 10 33 40
26 36 7 20
2 2 53 28
34 59 9 20
88 61 6 37
45 19 13 68
52 81 51 24
10 21 27 16
54 3 8 26
54 32 14 5
74 86 18 58
7 44 76 67
42 0 48 86
36 56 82 26
14 21 26 12
28 54 0 21
36 76 84 8
72 51 68 50
85 87 68 15
22 5 40 78
71 50 23 11
37 51 74 16
23 47 3 14
71 20 26 37
46 1 66 89
89 62 23 38
38 42 41 67
19 40 30 7
42 45 3 54
65 17 29 10
66 24 14 20
32 28 88 22
10 27 84 12
71 44 37 5
21 39 50 56
19 4 17 29
31 3 12 54
5 34 52 14
0 26 22 68
35 33 18 45
1 61 20 75
89 46 37 2
28 8 60 3
2 10 27 24
83 47 17 85
67 81 52 54
80 15 0 34
28 88 78 48
13 39 57 70
19 15 49 11
47 48 77 14
52 86 26 86
69 10 38 78
16 5 16 8
6 16 33 13
36 82 50 87
6 90 3 37
13 27 52 66
18 33 1 28
63 29 35 72
66 37 8 7
26 86 89 48
7 52 14 26
1 59 33 22
23 76 23 2
90 13 37 9
22 40 0 74
62 0 16 26
40 11 72 81
80 71 30 17
89 83 18 60
77 7 32 29
78 24 56 4
22 6 14 70
37 21 11 19
35 6 55 12
28 58 17 33
62 89 7 33
9 88 10 51
54 70 34 15
27 62 20 5
86 43 67 28
4 65 48 82
33 28 13 32
38 32 88 51
13 6 26 0
85 50 12 1
36 72 12 0
5 13 88 31
3 31 73 39
54 3 21 42
28 12 49 9
1 37 75 55
46 41 49 77
53 34 61 4
5 8 14 27
68 67 52 23
15 3 62 61
68 24 14 29
56 55 25 3
9 24 0 47
14 37 64 87
86 20 32 15
16 25 15 1
35 7 75 15
37 16 18 52
26 25 13 54
26 68 87 18
8 6 31 5
3 13 8 63
3 9 30 65
85 7 86 88
7 25 2 24
39 13 23 30
11 14 81 87
15 20 45 11
37 50 38 48
11 55 4 19
47 5 17 2
31 2 5 8
25 27 7 21
47 89 58 41
47 25 3 71
67 56 11 76
84 29 6 1
32 26 18 58
22 78 13 6
9 15 3 2
48 15 15 65
88 42 60 42
7 20 27 11
33 30 11 28
22 3 60 78
7 30 78 83
25 9 81 18
70 29 77 86
51 43 0 56
19 41 16 5
6 9 25 23
66 81 25 22
58 85 26 4
76 4 6 7
66 14 52 27
32 19 24 63
66 16 80 60
59 87 9 84
12 42 57 29
1 40 2 41
1 45 27 32
80 39 22 30
14 54 16 28
54 37 19 24
35 12 75 18
62 1 8 23
76 20 6 11
13 11 12 81
18 22 22 67
51 74 36 24
20 5 74 47
27 32 31 7
76 13 35 7
59 58 12 14
76 1 1 13
31 17 29 18
39 35 74 0
68 2 45 53
40 21 45 27
62 80 21 18
87 36 18 71
7 13 53 34
88 2 34 5
17 45 16 90
67 42 75 62
65 64 11 12
42 1 13 39
22 28 8 22
3 9 7 15
23 42 78 57
39 3 22 77
13 73 55 38
22 3 77 67
26 27 13 2
82 28 34 13
89 86 20 4
36 13 59 74
34 58 21 19
81 21 65 66
78 7 19 49
44 6 51 49
17 6 28 13
0 82 88 88
57 4 22 2
18 33 49 20
46 86 50 36
35 88 75 39
16 44 28 59
81 10 36 39
62 90 21 51
50 31 8 13
5 48 29 54
37 30 17 7
36 21 44 55
47 0 1 35
68 18 49 75
21 58 27 61
28 21 57 33
70 5 21 70
65 67 24 51
86 16 8 13
30 21 81 82
44 28 70 36
2 31 29 20
54 69 22 21
6 50 42 36
27 11 90 30
9 35 15 66
23 1 34 82
81 7 24 87
41 25 48 87
60 21 18 9
45 8 0 6
66 21 25 18
19 35 86 18
17 81 32 55
42 75 14 30
31 10 21 47
13 48 89 32
39 4 90 77
15 22 21 8
83 18 10 61
1 40 60 30
56 8 9 24
14 83 75 43
60 10 0 22
74 9 64 27
16 86 55 33
27 24 72 45
1 12 2 6
21 26 1 46
19 6 2 10
49 58 34 21
13 47 3 67
79 19 86 2
11 18 2 50
51 63 16 78
31 33 14 86
73 11 10 89
81 35 15 89
44 10 23 35
9 89 26 6
74 18 4 70
65 12 38 15
15 89 11 58
3 56 32 29
84 73 77 18
6 27 75 13
64 25 15 12
8 11 18 24
36 52 79 4
23 9 45 87
17 13 68 42
8 31 37 52
74 82 78 60
57 34 82 22
25 22 65 8
87 90 28 47
34 19 90 54
58 38 77 12
14 83 12 26
19 76 69 49
7 23 43 60
34 65 25 16
47 63 30 7
38 83 2 10
26 29 90 16
9 7 50 14
77 66 23 0
5 88 22 38
10 37 42 32
28 56 25 26
32 16 22 58
17 21 12 65
12 87 84 2
23 26 77 85
60 61 26 20
39 2 86 49
22 40 26 67
15 2 61 90
47 55 64 64
69 19 17 34
12 52 23 19
54 33 21 40
32 86 33 64
4 16 50 79
7 54 1 40
11 20 31 29
5 33 48 23
47 47 65 65
29 68 19 42
14 20 15 26
3 1 21 65
50 15 11 90
46 25 12 24
55 25 8 33
2 22 68 37
20 75 2 44
55 31 74 17
76 52 4 55
12 26 14 31
60 22 75 36
72 19 32 66
54 48 57 77
37 39 35 5
60 70 89 56
26 59 31 50
19 42 2 39
54 76 53 29
36 17 16 85
43 34 53 17
37 32 9 27
39 16 21 84
57 89 2 0
33 22 0 30
36 23 9 43
15 80 38 20
61 22 17 7
74 15 68 49
55 0 39 24
29 55 64 42
3 38 10 25
53 48 7 82
61 5 72 79
58 74 23 33
84 13 34 14
86 4 15 55
11 54 77 15
7 55 33 88
14 0 9 32
47 73 6 20
75 81 52 21
36 62 80 33
63 16 21 52
87 46 89 22
77 75 12 62
32 22 29 55
12 38 88 66
83 55 60 32
69 22 43 35
79 12 36 62
5 88 22 24
8 89 63 34
55 10 15 26
32 6 87 54
35 10 10 14
18 74 82 11
24 72 37 10
4 5 86 62
20 70 33 73
0 20 27 48
51 50 25 25
87 89 33 72
23 19 73 28
45 89 8 67
89 19 3 86
42 15 77 33
89 2 21 8
10 47 5 36
20 15 2 63
12 76 21 31
15 5 2 36
68 19 82 4
74 15 8 33
23 85 59 35
8 76 17 80
32 35 56 55
41 19 37 56
41 67 18 20
17 65 27 38
31 35 32 3
32 47 1 26
29 88 7 70
90 84 42 47
30 88 28 31
46 11 24 10
72 88 20 35
23 10 26 38
23 46 60 86
4 74 17 33
15 6 36 65
61 52 77 28
0 19 42 40
34 38 30 59
6 21 88 1
84 35 20 8
20 31 8 22
31 16 49 23
62 34 20 7
21 15 43 87
37 1 35 8
43 33 7 30
22 28 84 58
15 8 45 77
2 3 67 25
62 24 29 82
80 9 10 44
74 25 37 46
86 54 11 61
56 8 51 74
0 14 21 15
14 76 50 52
86 4 74 54
39 49 23 78
58 83 5 2
15 67 42 32
33 1 90 36
0 27 31 32
0 11 11 86
14 43 35 44
79 67 19 22
50 32 21 47
22 17 13 37
84 25 17 9
66 79 22 26
4 64 33 30
48 47 14 86
85 3 73 3
2 35 29 15
68 88 28 8
51 36 24 70
1 20 56 63
25 0 19 5
8 12 51 10
75 32 54 30
24 17 35 46
81 81 26 34
6 19 3 64
9 13 4 73
88 26 38 49
41 4 8 19
1 31 29 28
17 7 67 32
77 27 1 21
67 75 36 31
45 33 23 28
34 90 32 17
63 69 68 4
23 84 24 31
74 37 17 37
51 14 53 43
32 8 88 84
6 87 73 60
36 84 74 10
77 75 24 80
46 38 11 42
49 48 1 22
2 33 74 64
18 18 7 21
81 39 19 4
85 8 79 86
37 64 14 18
35 24 70 9
20 48 26 81
19 10 72 31
59 87 69 52
86 72 2 85
31 29 53 5
87 44 33 82
86 55 58 13
34 83 38 48
38 76 20 2
49 13 78 0
75 42 80 30
9 37 65 63
3 39 6 30
27 42 26 37
52 8 87 31
20 68 61 6
39 37 5 59
58 81 16 28
10 30 85 46
2 17 56 19
16 21 81 4
6 39 22 9
17 50 9 28
12 9 8 65
75 79 83 54
42 9 6 34
49 13 34 36
69 82 9 54
83 33 6 10
30 39 33 20
2 75 49 17
26 34 81 76
69 53 36 33
59 27 30 27
47 24 68 76
18 85 13 23
47 5 62 14
43 42 76 4
6 71 4 29
11 39 15 23
19 28 58 40
4 0 15 12
4 6 60 85
62 8 58 35
21 7 30 89
4 28 36 49
77 84 14 24
61 20 76 71
39 33 29 58
41 22 33 36
18 7 53 18
73 4 27 86
80 62 20 28
48 38 28 9
25 90 30 35
47 10 42 36
7 28 19 26
37 17 7 65
89 45 33 59
28 28 13 16
27 52 56 24
65 88 79 63
28 21 21 10
11 43 90 37
52 12 5 71
48 6 61 23
80 59 51 4
79 55 56 85
33 0 36 27
23 27 16 27
45 63 30 8
79 10 15 59
83 88 65 48
12 90 35 30
35 55 37 68
36 64 21 26
8 6 6 22
27 77 11 10
85 78 44 17
9 7 66 69
22 52 85 30
17 12 5 41
11 51 38 30
78 50 29 36
25 12 32 5
64 80 20 10
2 74 11 78
39 86 30 12
8 53 89 12
19 29 67 51
4 66 14 73
86 12 79 77
15 16 37 58
64 5 68 31
42 25 9 59
1 59 70 24
71 56 85 29
70 82 6 21
11 64 20 17
12 77 16 47
44 35 49 28
12 87 41 13
7 1 17 1
37 69 2 74
21 12 56 0
2 32 17 3
68 5 4 6
23 7 50 56
38 75 90 4
20 57 86 38
30 3 36 13
71 77 14 71
45 14 6 24
58 23 28 79
30 71 5 37
44 35 1 12
48 15 13 10
31 34 15 63
14 7 13 29
48 7 70 43
3 6 49 8
74 65 22 29
30 5 31 21
83 28 34 66
69 72 9 14
10 59 72 80
76 2 5 64
74 32 76 70
15 23 20 35
6 17 89 1
87 36 29 75
54 83 10 23
79 18 2 71
30 30 9 19
80 2 72 11
18 2 57 8
56 8 14 33
3 52 13 83
66 29 41 59
31 65 29 47
22 18 43 34
28 19 49 22
54 38 33 19
65 27 77 89
87 47 36 28
43 58 17 56
86 4 36 35
52 25 19 25
75 22 41 34
8 77 72 53
11 67 85 58
66 56 5 36
37 3 66 77
20 66 68 1
76 10 27 12
9 11 72 8
26 20 58 85
78 38 18 25
73 19 12 49
2 82 54 9
79 5 10 1
25 84 20 13
7 9 18 82
40 2 21 31
7 9 29 26
40 86 59 33
81 4 67 24
0 78 21 41
23 52 30 23
5 35 35 39
33 24 13 14
2 11 1 44
9 70 22 10
50 88 60 28
15 27 30 15
4 8 3 30
66 28 57 11
53 18 35 4
44 13 69 1
7 48 85 36
35 69 34 3
22 51 28 73
26 66 15 31
22 72 8 48
21 70 6 28
61 57 8 6
55 12 24 34
75 50 22 19
1 14 5 23
7 78 57 16
18 63 23 6
90 12 23 31
20 70 49 2
68 86 12 80
79 74 70 2
19 8 28 85
86 40 1 15
24 14 20 0
34 19 33 35
18 1 21 20
38 6 63 34
55 21 6 72
2 26 32 55
59 73 50 11
15 77 14 22
32 65 3 29
36 60 23 29
3 6 22 55
20 9 79 32
38 72 2 25
32 41 69 12
20 71 29 10
22 89 36 39
3 17 60 59
44 61 28 28
63 54 22 34
3 50 19 47
61 24 38 18
18 70 76 66
45 72 81 42
81 22 16 17
33 10 79 78
55 89 72 6
31 30 34 4
56 4 81 30
36 54 21 1
89 42 79 4
20 34 5 8
31 14 58 16
62 12 17 21
18 28 56 36
87 31 34 37
69 28 31 9
86 29 9 44
14 31 13 63
3 3 55 37
31 37 2 46
15 9 62 43
42 65 14 57
14 17 9 15
49 77 2 24
24 9 4 90
27 7 50 4
84 27 2 20
47 70 19 5
36 45 14 85
32 75 18 44
25 36 25 26
0 33 78 64
37 89 26 20
48 8 23 12
36 3 61 46
51 74 49 90
9 25 30 16
70 35 70 2
9 1 52 47
8 52 2 28
22 22 10 86
35 24 15 32
20 37 87 23
49 40 70 43
4 15 29 82
77 24 9 56
23 25 72 59
75 28 77 1
71 3 35 89
6 26 3 7
21 74 27 2
7 17 80 62
32 35 26 2
38 32 28 24
2 78 34 21
73 17 56 26
6 14 69 19
11 33 25 77
3 46 63 5
38 40 18 84
47 16 25 79
40 6 27 34
64 81 36 16
84 8 9 28
40 14 28 49
66 68 32 40
67 27 9 73
64 4 79 39
65 52 9 59
30 42 65 14
12 74 78 56
16 8 79 2
81 12 64 22
6 9 10 85
90 9 15 21
24 42 68 61
9 45 63 32
47 87 24 34
28 59 83 41
70 64 5 11
19 9 17 74
22 37 0 67
40 39 76 13
41 65 87 68
33 24 60 38
77 54 70 78
83 40 30 3
11 1 27 6
17 30 70 18
30 29 31 7
36 15 22 80
37 71 16 67
36 4 7 30
2 38 65 15
23 7 8 22
18 68 16 52
25 69 31 10
9 4 87 28
20 83 50 73
42 87 45 70
86 86 52 88
60 30 4 8
63 50 75 17
36 11 29 10
47 69 2 25
57 77 5 77
22 40 4 9
68 1 80 1
7 14 5 57
34 77 37 11
7 6 29 27
63 87 81 63
21 36 33 15
19 43 17 25
23 4 8 8
37 70 19 35
5 32 36 16
26 11 8 24
54 32 55 19
10 43 72 14
13 65 66 23
3 79 30 0
30 61 31 83
5 64 0 27
1 1 3 65
25 44 3 58
9 80 57 9
81 34 1 26
18 37 4 3
17 9 30 29
67 41 8 21
31 23 26 78
65 14 51 18
13 1 25 58
28 10 13 4
55 32 75 6
1 36 25 16
16 58 20 73
81 36 82 32
24 86 87 86
57 0 88 64
10 64 26 58
8 35 13 53
13 85 34 73
46 70 58 58
36 89 5 23
7 14 60 14
4 20 36 53
16 52 2 16
18 13 65 66
4 8 18 19
17 25 2 66
33 66 31 19
21 9 30 89
30 90 37 22
25 49 72 70
53 17 19 53
24 1 32 81
29 73 77 74
0 4 34 7
3 23 74 3
69 20 16 19
80 18 11 33
29 22 50 26
29 5 82 26
7 31 67 10
42 22 34 44
59 12 78 23
19 25 28 64
82 21 70 0
82 14 75 17
13 13 54 14
25 0 30 32
86 23 88 41
54 37 51 23
28 85 10 55
67 62 83 65
0 21 79 66
4 53 28 22
61 29 86 51
19 15 20 51
1 5 28 81
47 54 1 8
16 68 7 1
48 83 30 36
0 37 30 83
65 9 36 41
24 87 63 56
79 6 29 24
14 24 26 9
37 7 5 20
76 90 50 63
31 64 37 67
50 35 5 85
33 6 45 14
33 58 41 13
40 18 15 35
18 50 20 86
12 30 76 22
40 57 12 14
84 14 9 48
13 8 32 56
40 11 2 6
35 64 49 2
63 35 13 44
37 66 26 33
31 13 4 22
8 75 75 6
30 21 36 21
24 14 5 6
8 28 27 85
13 8 60 60
4 27 27 24
50 17 36 27
2 87 17 14
62 30 57 1
24 36 7 22
51 1 10 47
12 4 15 10
78 26 30 62
90 40 26 28
13 49 29 12
2 82 4 23
47 8 85 37
4 16 39 33
22 13 4 14
76 36 2 23
42 26 33 69
45 3 68 70
9 47 24 13
61 3 30 83
22 67 3 20
85 90 71 29
30 3 10 22
16 45 34 11
30 8 11 34
13 21 10 38
33 63 30 6
25 26 79 67
40 3 31 15
61 36 23 64
85 81 33 87
8 81 32 18
4 5 12 50
57 18 3 4
22 38 6 12
69 89 88 34
86 60 84 8
7 57 39 74
77 88 23 12
9 35 32 60
66 21 29 4
43 10 77 30
18 85 3 5
9 51 55 87
21 85 25 35
19 0 51 34
89 61 70 15
17 50 44 78
3 5 31 34
70 47 15 24
55 84 24 9
30 64 62 28
20 46 0 16
56 81 62 3
16 72 88 73
29 19 20 12
17 79 5 14
25 39 83 14
28 27 14 32
28 7 45 25
19 32 13 67
24 49 30 56
18 27 53 50
19 46 40 31
0 18 74 6
55 30 42 29
4 19 80 63
9 13 8 89
73 7 60 86
37 24 61 45
23 21 32 58
59 67 89 88
7 26 18 47
20 17 27 22
80 66 55 69
53 35 9 41
3 32 78 20
13 63 81 60
33 24 33 65
22 69 41 78
6 6 25 37
80 61 27 28
35 21 72 7
62 59 41 88
42 55 25 80
57 23 8 30
30 70 82 60
65 47 86 48
28 40 22 27
31 4 8 50
0 16 0 32
7 18 25 78
15 66 82 43
11 28 2 58
58 24 49 33
61 86 84 4
83 36 30 11
41 89 40 9
14 65 83 0
23 70 9 43
80 31 1 61
2 47 60 36
76 17 80 22
48 37 31 29
37 26 83 23
21 22 86 16
44 10 86 78
24 20 89 77
12 19 28 34
83 85 77 28
5 35 51 51
29 8 11 65
78 36 65 77
37 78 74 28
52 20 3 15
2 12 12 31
22 66 56 58
37 52 30 89
24 24 35 68
76 67 78 40
85 78 80 21
7 73 9 26
47 41 59 3
0 26 7 19
35 65 37 16
22 62 2 63
66 31 39 46
29 79 39 63
34 26 8 25
42 87 52 80
12 87 61 25
55 29 20 1
59 13 69 37
29 31 31 80
4 22 10 35
73 42 26 53
33 49 23 2
87 3 17 36
77 12 89 5
55 29 3 32
25 6 65 37
22 34 71 85
77 18 19 6
26 19 36 81
74 54 81 65
81 4 16 72
81 15 39 37
5 27 77 22
47 90 46 40
18 70 4 44
85 1 21 88
55 89 16 50
50 5 63 12
17 76 29 72
46 29 22 0
65 56 4 83
73 8 16 85
82 14 31 0
17 64 30 15
30 60 71 79
26 85 12 34
80 25 36 67
7 87 20 63
36 29 0 35
84 53 68 32
35 8 15 25
86 66 65 8
37 18 65 34
61 17 56 37
35 0 81 89
60 5 27 49
30 15 69 33
35 38 29 79
82 78 39 34
56 28 38 57
11 5 32 21
4 38 26 64
27 13 31 23
60 15 82 38
3 20 50 46
16 9 18 26
14 23 6 2
19 44 1 50
90 44 50 41
78 3 30 55
7 12 75 39
21 27 82 24
40 28 4 20
21 41 40 28
50 22 76 85
23 71 82 9
11 82 35 26
71 6 17 86
10 8 33 20
24 46 9 8
16 4 2 35
25 6 52 47
30 33 85 18
22 8 3 34
83 77 26 35
49 44 16 32
35 12 1 46
7 34 14 55
22 37 11 54
66 47 74 17
26 4 16 32
3 42 28 28
23 73 19 65
21 33 31 20
30 2 5 26
6 11 32 40
4 89 9 84
21 78 28 78
4 2 5 24
9 19 10 10
59 28 47 58
36 21 79 14
18 23 9 2
30 14 48 12
79 65 7 89
68 72 0 1
38 83 84 84
5 45 73 39
71 49 29 80
12 2 19 5
16 72 3 21
14 2 11 81
13 58 62 0
37 2 84 71
82 3 46 23
57 86 11 30
54 89 1 37
72 12 27 1
48 69 17 13
83 40 25 6
85 87 44 22
10 5 35 16
35 31 86 79
0 53 19 23
36 13 22 62
15 59 36 56
34 12 17 0
86 66 13 13
82 44 31 27
50 25 53 48
2 49 71 25
10 82 36 2
9 8 34 30
78 70 43 22
86 46 16 0
30 45 79 71
29 2 18 32
5 10 19 19
40 36 65 66
23 75 69 56
79 43 66 13
49 84 86 14
85 59 70 66
4 48 90 25
26 9 16 29
32 21 56 37
21 15 38 8
26 63 6 54
20 19 1 27
8 4 70 8
53 7 45 33
32 75 90 24
5 80 24 48
80 25 87 61
6 0 69 52
35 61 87 89
46 34 76 71
40 22 8 29
30 14 13 1
78 4 17 74
55 19 38 3
23 16 35 15
45 10 10 33
34 48 45 16
18 83 39 22
66 22 31 23
32 45 70 37
15 8 76 24
30 43 26 20
60 67 12 35
19 24 48 13
22 53 47 8
89 6 11 18
0 28 31 22
18 55 85 49
48 4 1 36
10 20 46 44
14 63 16 16
90 54 34 43
84 85 1 75
60 14 18 24
11 26 70 31
23 12 38 53
12 58 64 8
50 9 38 83
11 33 24 48
60 74 51 20
63 16 49 46
36 9 59 27
9 31 13 35
86 35 14 8
15 9 3 4
7 52 89 8
7 64 32 28
14 7 73 31
33 2 10 77
2 35 46 20
0 86 23 9
40 21 36 22
44 30 51 71
65 10 58 9
34 54 21 71
86 10 86 14
42 13 9 15
4 28 59 7
29 29 68 34
31 78 3 23
22 52 4 73
12 67 5 37
58 47 5 34
72 21 5 8
70 29 25 24
30 29 18 74
5 75 37 75
59 46 27 69
39 22 60 34
16 12 18 58
14 90 83 4
17 18 90 16
61 64 37 34
25 76 38 27
55 22 0 68
89 21 10 0
8 33 75 55
19 34 2 14
22 30 7 4
58 35 26 7
12 72 28 30
27 79 75 22
25 8 6 69
32 34 11 27
70 36 60 3
35 62 36 14
16 18 88 40
62 10 76 20
31 17 65 86
71 35 48 31
21 28 36 66
44 60 72 22
13 28 65 83
27 26 22 38
63 58 23 57
85 66 54 67
27 80 21 12
19 7 50 52
36 71 66 30
40 60 36 71
75 35 26 33
42 1 25 4
57 58 8 40
19 2 19 65
43 40 6 6
18 46 15 35
5 41 20 3
20 10 5 22
66 80 11 0
10 28 30 34
31 31 29 11
25 16 64 4
43 56 27 79
89 4 47 5
32 19 30 11
53 34 29 5
81 1 4 19
10 50 35 40
53 59 36 39
5 86 37 62
31 32 16 4
53 28 8 68
49 28 18 52
22 26 90 13
16 53 28 26
59 72 29 65
32 15 4 11
86 5 1 39
18 51 20 57
16 81 80 29
49 48 9 55
36 24 13 87
26 21 75 40
83 89 3 31
40 42 87 3
12 29 41 84
15 20 22 24
87 6 69 7
28 29 13 68
1 21 27 58
42 33 78 58
4 20 28 27
9 26 4 52
21 9 76 62
51 62 17 88
11 37 15 7
5 25 5 30
49 53 85 34
89 85 32 54
42 60 37 27
31 78 41 10
75 14 58 14
80 84 32 31
62 86 32 19
59 73 20 87
73 58 3 30
71 11 29 43
37 28 24 89
0 44 64 68
33 69 88 17
38 58 1 36
32 72 65 66
40 14 35 36
27 5 9 63
7 70 53 85
74 52 56 61
22 86 64 77
75 7 24 36
66 82 0 0
23 31 33 61
27 88 40 20
68 87 28 19
1 60 23 62
11 47 80 9
6 21 64 46
8 13 34 71
54 13 49 45
3 41 57 26
85 27 80 22
13 53 33 8
27 18 17 66
84 24 75 19
68 61 9 76
73 20 25 83
60 16 41 76
33 72 12 72
26 31 45 2
4 33 3 73
17 26 50 29
42 2 78 63
36 16 13 31
18 82 23 5
38 31 29 66
81 90 17 44
43 4 50 3
74 74 13 34
86 19 35 10
25 50 8 82
86 55 48 37
6 11 55 2
4 13 12 23
28 72 27 64
31 5 7 7
34 62 20 9
51 39 2 24
30 12 86 29
30 1 37 11
31 81 17 63
9 31 47 69
38 41 85 62
37 49 12 34
75 66 27 16
37 0 3 70
60 50 23 46
32 19 53 80
85 15 28 35
75 70 32 67
78 54 41 23
43 47 15 2
58 19 2 22
13 56 36 35
22 89 72 1
14 12 12 21
64 36 55 23
10 36 84 1
10 89 57 46
79 82 61 4
36 30 60 21
38 5 70 90
63 57 25 32
90 0 8 46
15 9 32 37
87 45 64 9
43 29 5 62
39 12 48 21
2 26 90 25
60 35 28 16
