32
32 0 0 0 0 0 0 2 2 3 4 2 15 54 0 1 2 432 433 434 9 10 11 119 118 117 541 542 540 29 28 27 443 442 441 108 109 110 569 568 567 135 136 137 459 460 461 549 550 551 140 139 138 113 112 111 570 571 572 30 31 32 437 436 435 5 4 3 
33 0 0 0 0 2 0 2 2 3 4 15 15 54 12 13 543 544 545 14 122 121 120 446 445 444 462 463 464 552 553 554 557 556 555 467 466 465 143 142 141 573 574 575 116 115 114 447 448 449 33 34 35 440 548 547 123 124 125 17 16 15 546 439 438 8 7 6 
34 0 0 0 4 0 0 2 2 3 15 2 15 54 155 587 586 154 153 126 578 577 576 585 47 46 479 478 477 38 37 36 144 145 146 127 128 450 45 18 19 20 452 451 560 559 558 470 469 468 471 472 473 561 562 563 149 148 147 39 40 41 480 481 482 579 580 581 
35 0 0 0 4 2 0 2 2 3 15 15 15 54 590 589 588 158 157 156 50 49 48 21 22 23 129 130 131 455 454 453 564 474 475 134 133 132 456 457 458 26 25 24 565 566 483 476 152 151 150 42 43 484 485 161 51 52 53 44 582 583 159 160 584 591 592 593 
36 0 0 3 0 0 0 2 2 15 4 2 15 54 189 190 191 162 163 164 497 496 495 81 605 604 603 54 55 56 623 622 173 172 171 595 596 594 488 487 486 513 514 515 82 83 621 63 64 65 518 517 516 489 599 598 597 490 491 624 625 626 167 166 165 194 193 192 
37 0 0 3 0 2 0 2 2 15 4 15 15 54 500 499 498 57 58 59 608 607 606 176 175 174 84 85 86 66 67 68 71 70 69 89 88 87 521 520 519 492 493 494 602 601 600 177 178 627 628 629 62 61 60 609 610 611 179 197 196 195 170 169 168 501 502 503 
38 0 0 3 4 0 0 2 2 15 15 2 15 54 198 199 200 533 532 531 506 505 504 522 641 640 207 101 100 99 632 631 630 523 524 612 613 614 208 209 182 181 180 639 74 73 72 92 91 90 93 94 95 75 76 77 527 526 525 633 634 635 102 103 104 203 202 201 
39 0 0 3 4 2 0 2 2 15 15 15 15 54 509 508 507 644 536 535 534 643 642 210 211 212 615 616 617 185 184 183 96 97 98 530 620 619 618 186 187 188 214 213 78 79 105 529 528 636 637 638 106 107 537 645 646 647 80 206 205 204 538 539 215 510 511 512 
40 0 2 0 0 0 0 2 15 3 4 2 15 54 324 351 352 353 325 326 648 659 658 657 216 217 218 757 758 784 225 226 227 335 334 333 785 245 244 650 649 756 675 676 677 243 783 767 765 766 680 679 678 651 652 246 247 248 653 221 220 219 356 329 328 327 355 354 
41 0 2 0 0 2 0 2 15 3 4 15 15 54 662 661 660 759 760 761 228 229 230 338 337 336 786 787 788 768 769 770 773 772 771 791 790 789 683 682 681 654 655 656 249 250 251 339 340 341 233 232 231 764 763 762 224 223 222 359 358 357 332 331 330 663 664 665 
42 0 2 0 4 0 0 2 15 3 15 2 15 54 360 361 362 695 694 693 668 667 666 684 252 253 254 803 802 801 234 235 236 685 686 263 262 261 369 370 371 344 343 342 776 775 774 794 793 792 795 796 797 777 778 779 689 688 687 257 256 255 804 805 806 365 364 363 
43 0 2 0 4 2 0 2 15 3 15 15 15 54 671 670 669 698 697 696 237 238 239 372 373 266 265 264 374 347 346 345 798 799 800 782 780 781 348 349 350 377 376 375 269 267 268 692 691 690 242 241 240 807 808 809 260 259 258 368 367 366 699 700 701 672 673 674 
44 0 2 3 0 0 0 2 15 15 4 2 15 54 270 271 272 378 702 703 279 280 281 810 811 812 704 379 380 819 820 821 713 712 711 297 298 299 839 838 837 407 731 730 729 387 388 389 406 405 410 409 408 732 733 734 840 841 842 815 814 707 706 705 813 275 274 273 
45 0 2 3 0 2 0 2 15 15 4 15 15 54 282 283 381 382 383 284 822 823 824 716 715 714 300 301 302 390 391 392 395 394 393 305 304 303 413 412 411 843 844 845 735 736 710 717 718 719 827 826 825 737 386 385 818 817 816 287 286 285 384 709 708 278 277 276 
46 0 2 3 4 0 0 2 15 15 15 2 15 54 720 857 856 425 424 317 848 847 846 414 738 739 740 316 315 423 855 828 829 415 416 749 748 747 830 288 289 290 722 721 398 397 396 308 307 306 309 310 311 399 400 401 419 418 417 743 742 741 849 318 319 320 850 851 
47 0 2 3 4 2 0 2 15 15 15 15 15 54 860 859 858 831 428 427 426 832 833 291 292 293 752 751 750 725 724 723 296 312 313 402 403 404 726 727 323 728 295 294 753 754 755 314 422 421 836 835 834 321 322 429 420 746 745 744 852 853 430 431 854 861 862 863 
48 2 0 0 0 0 0 15 2 3 4 2 15 54 864 865 866 1296 1297 1298 873 874 875 983 982 981 1405 1406 1404 893 892 891 1307 1306 1305 972 973 974 1433 1432 1431 999 1000 1001 1323 1324 1325 1413 1414 1415 1004 1003 1002 977 976 975 1434 1435 1436 894 895 896 1301 1300 1299 869 868 867 
49 2 0 0 0 2 0 15 2 3 4 15 15 54 876 877 1407 1408 1409 878 986 985 984 1310 1309 1308 1326 1327 1328 1416 1417 1418 1421 1420 1419 1331 1330 1329 1007 1006 1005 1437 1438 1439 980 979 978 1311 1312 1313 897 898 899 1304 1412 1411 987 988 989 881 880 879 1410 1303 1302 872 871 870 
50 2 0 0 4 0 0 15 2 3 15 2 15 54 1019 1451 1450 1018 1017 990 1442 1441 1440 1449 911 910 1343 1342 1341 902 901 900 1008 1009 1010 991 992 1314 909 882 883 884 1316 1315 1424 1423 1422 1334 1333 1332 1335 1336 1337 1425 1426 1427 1013 1012 1011 903 904 905 1344 1345 1346 1443 1444 1445 
51 2 0 0 4 2 0 15 2 3 15 15 15 54 1454 1453 1452 1022 1021 1020 914 913 912 885 886 887 993 994 995 1319 1318 1317 1428 1338 1339 998 997 996 1320 1321 1322 890 889 888 1429 1430 1347 1340 1016 1015 1014 906 907 1348 1349 1025 915 916 917 908 1446 1447 1023 1024 1448 1455 1456 1457 
52 2 0 3 0 0 0 15 2 15 4 2 15 54 1053 1054 1055 1026 1027 1028 1361 1360 1359 945 1469 1468 1467 918 919 920 1487 1486 1037 1036 1035 1459 1460 1458 1352 1351 1350 1377 1378 1379 946 947 1485 927 928 929 1382 1381 1380 1353 1463 1462 1461 1354 1355 1488 1489 1490 1031 1030 1029 1058 1057 1056 
53 2 0 3 0 2 0 15 2 15 4 15 15 54 1364 1363 1362 921 922 923 1472 1471 1470 1040 1039 1038 948 949 950 930 931 932 935 934 933 953 952 951 1385 1384 1383 1356 1357 1358 1466 1465 1464 1041 1042 1491 1492 1493 926 925 924 1473 1474 1475 1043 1061 1060 1059 1034 1033 1032 1365 1366 1367 
54 2 0 3 4 0 0 15 2 15 15 2 15 54 1062 1063 1064 1397 1396 1395 1370 1369 1368 1386 1505 1504 1071 965 964 963 1496 1495 1494 1387 1388 1476 1477 1478 1072 1073 1046 1045 1044 1503 938 937 936 956 955 954 957 958 959 939 940 941 1391 1390 1389 1497 1498 1499 966 967 968 1067 1066 1065 
55 2 0 3 4 2 0 15 2 15 15 15 15 54 1373 1372 1371 1508 1400 1399 1398 1507 1506 1074 1075 1076 1479 1480 1481 1049 1048 1047 960 961 962 1394 1484 1483 1482 1050 1051 1052 1078 1077 942 943 969 1393 1392 1500 1501 1502 970 971 1401 1509 1510 1511 944 1070 1069 1068 1402 1403 1079 1374 1375 1376 
56 2 2 0 0 0 0 15 15 3 4 2 15 54 1188 1215 1216 1217 1189 1190 1512 1523 1522 1521 1080 1081 1082 1621 1622 1648 1089 1090 1091 1199 1198 1197 1649 1109 1108 1514 1513 1620 1539 1540 1541 1107 1647 1631 1629 1630 1544 1543 1542 1515 1516 1110 1111 1112 1517 1085 1084 1083 1220 1193 1192 1191 1219 1218 
57 2 2 0 0 2 0 15 15 3 4 15 15 54 1526 1525 1524 1623 1624 1625 1092 1093 1094 1202 1201 1200 1650 1651 1652 1632 1633 1634 1637 1636 1635 1655 1654 1653 1547 1546 1545 1518 1519 1520 1113 1114 1115 1203 1204 1205 1097 1096 1095 1628 1627 1626 1088 1087 1086 1223 1222 1221 1196 1195 1194 1527 1528 1529 
58 2 2 0 4 0 0 15 15 3 15 2 15 54 1224 1225 1226 1559 1558 1557 1532 1531 1530 1548 1116 1117 1118 1667 1666 1665 1098 1099 1100 1549 1550 1127 1126 1125 1233 1234 1235 1208 1207 1206 1640 1639 1638 1658 1657 1656 1659 1660 1661 1641 1642 1643 1553 1552 1551 1121 1120 1119 1668 1669 1670 1229 1228 1227 
59 2 2 0 4 2 0 15 15 3 15 15 15 54 1535 1534 1533 1562 1561 1560 1101 1102 1103 1236 1237 1130 1129 1128 1238 1211 1210 1209 1662 1663 1664 1646 1644 1645 1212 1213 1214 1241 1240 1239 1133 1131 1132 1556 1555 1554 1106 1105 1104 1671 1672 1673 1124 1123 1122 1232 1231 1230 1563 1564 1565 1536 1537 1538 
60 2 2 3 0 0 0 15 15 15 4 2 15 54 1134 1135 1136 1242 1566 1567 1143 1144 1145 1674 1675 1676 1568 1243 1244 1683 1684 1685 1577 1576 1575 1161 1162 1163 1703 1702 1701 1271 1595 1594 1593 1251 1252 1253 1270 1269 1274 1273 1272 1596 1597 1598 1704 1705 1706 1679 1678 1571 1570 1569 1677 1139 1138 1137 
61 2 2 3 0 2 0 15 15 15 4 15 15 54 1146 1147 1245 1246 1247 1148 1686 1687 1688 1580 1579 1578 1164 1165 1166 1254 1255 1256 1259 1258 1257 1169 1168 1167 1277 1276 1275 1707 1708 1709 1599 1600 1574 1581 1582 1583 1691 1690 1689 1601 1250 1249 1682 1681 1680 1151 1150 1149 1248 1573 1572 1142 1141 1140 
62 2 2 3 4 0 0 15 15 15 15 2 15 54 1584 1721 1720 1289 1288 1181 1712 1711 1710 1278 1602 1603 1604 1180 1179 1287 1719 1692 1693 1279 1280 1613 1612 1611 1694 1152 1153 1154 1586 1585 1262 1261 1260 1172 1171 1170 1173 1174 1175 1263 1264 1265 1283 1282 1281 1607 1606 1605 1713 1182 1183 1184 1714 1715 
63 2 2 3 4 2 0 15 15 15 15 15 15 54 1724 1723 1722 1695 1292 1291 1290 1696 1697 1155 1156 1157 1616 1615 1614 1589 1588 1587 1160 1176 1177 1266 1267 1268 1590 1591 1187 1592 1159 1158 1617 1618 1619 1178 1286 1285 1700 1699 1698 1185 1186 1293 1284 1610 1609 1608 1716 1717 1294 1295 1718 1725 1726 1727 
